
ONU ID 	|  PLR(%) | Delay(ms) | Throughput(Mbps) | Granted Throughput(Mbps) | Total Load (Mbps) 

  ID |  PLR(%) |  D  | Thr |  Gates  |  Load  | PLR-EF | D-EF | ThrEF | LoadEF | PLR-AF | D-AF | ThrAF | LoadAF | PLR-BE | D-BE | ThrBE | LoadBE | PLR-FA | D-FA | ThrFA | LoadFA | DTFA |  PLR-FB | D-FB | ThrFB | LoadFB | DTFB | 
   1 |  1,44 | 205,496 | 756,11 | 767,16 | 760,43 |  0,00 | 1,397 | 44,35 | 44,35 |  0,00 | 4,818 | 350,40 | 350,40 |  3,20 | 720,097 | 334,07 | 345,11 |  0,00 | 295,864 | 27,29 | 27,29 | 610,800 |   NaN | NaN | 0,00 | 0,00 | NaN
   2 |  1,36 | 177,058 | 752,93 | 763,29 | 757,32 |  0,00 | 1,409 | 44,35 | 44,35 |  0,00 | 2,079 | 348,05 | 348,05 |  3,01 | 581,773 | 333,24 | 343,60 |  0,00 | 1184,791 | 27,29 | 27,29 | 2388,535 |   NaN | NaN | 0,00 | 0,00 | NaN
   3 |  0,85 | 175,623 | 751,92 | 758,37 | 756,24 |  0,00 | 1,346 | 44,35 | 44,35 |  0,00 | 1,834 | 342,67 | 342,67 |  1,87 | 572,109 | 337,61 | 344,06 |  0,00 | 1113,475 | 27,29 | 27,29 | 2246,234 |   NaN | NaN | 0,00 | 0,00 | NaN
   4 |  1,33 | 194,225 | 756,54 | 766,70 | 760,90 |  0,00 | 1,351 | 44,35 | 44,35 |  0,00 | 10,385 | 349,35 | 349,35 |  2,94 | 675,806 | 335,55 | 345,71 |  0,00 | 186,131 | 27,29 | 27,29 | 391,490 |   NaN | NaN | 0,00 | 0,00 | NaN
   5 |  0,58 | 154,995 | 751,93 | 756,31 | 756,25 |  0,00 | 1,377 | 44,35 | 44,35 |  0,00 | 1,884 | 343,10 | 343,10 |  1,28 | 477,707 | 337,19 | 341,57 |  0,00 | 1617,569 | 27,29 | 27,29 | 3254,220 |   NaN | NaN | 0,00 | 0,00 | NaN
   6 |  0,95 | 188,968 | 755,06 | 762,28 | 759,37 |  0,00 | 1,325 | 44,35 | 44,35 |  0,00 | 1,815 | 346,08 | 346,08 |  2,10 | 612,515 | 337,33 | 344,55 |  0,00 | 1329,166 | 27,29 | 27,29 | 2677,357 |   NaN | NaN | 0,00 | 0,00 | NaN
   7 |  0,94 | 177,722 | 754,95 | 762,10 | 759,27 |  0,00 | 1,344 | 44,35 | 44,35 |  0,00 | 2,193 | 344,27 | 344,27 |  2,07 | 603,547 | 339,04 | 346,18 |  0,00 | 522,717 | 27,29 | 27,29 | 1064,568 |   NaN | NaN | 0,00 | 0,00 | NaN
   8 |  1,60 | 188,506 | 754,62 | 766,88 | 758,96 |  0,00 | 1,394 | 44,35 | 44,35 |  0,00 | 2,132 | 346,87 | 346,87 |  3,52 | 616,242 | 336,12 | 348,37 |  0,00 | 1239,171 | 27,29 | 27,29 | 2497,478 |   NaN | NaN | 0,00 | 0,00 | NaN
   9 |  1,25 | 181,989 | 752,59 | 762,12 | 756,90 |  0,00 | 1,334 | 44,35 | 44,35 |  0,00 | 2,193 | 344,51 | 344,51 |  2,75 | 609,598 | 336,44 | 345,97 |  0,00 | 813,455 | 27,29 | 27,29 | 1646,037 |   NaN | NaN | 0,00 | 0,00 | NaN
  10 |  0,90 | 178,904 | 755,52 | 762,40 | 759,85 |  0,00 | 1,395 | 44,35 | 44,35 |  0,00 | 4,664 | 347,45 | 347,45 |  2,00 | 620,773 | 336,43 | 343,31 |  0,00 | 271,360 | 27,29 | 27,29 | 561,864 |   NaN | NaN | 0,00 | 0,00 | NaN
  11 |  1,13 | 159,654 | 753,15 | 761,74 | 757,46 |  0,00 | 1,334 | 44,35 | 44,35 |  0,00 | 1,507 | 344,28 | 344,28 |  2,49 | 466,133 | 337,22 | 345,82 |  0,00 | 2294,844 | 27,29 | 27,29 | 4608,791 |   NaN | NaN | 0,00 | 0,00 | NaN
  12 |  1,22 | 165,173 | 753,22 | 762,56 | 757,56 |  0,00 | 1,397 | 44,35 | 44,35 |  0,00 | 1,784 | 344,34 | 344,34 |  2,69 | 524,126 | 337,24 | 346,58 |  0,00 | 1393,665 | 27,29 | 27,29 | 2806,415 |   NaN | NaN | 0,00 | 0,00 | NaN
  13 |  0,52 | 146,313 | 749,75 | 753,67 | 754,08 |  0,00 | 1,361 | 44,35 | 44,35 |  0,00 | 1,741 | 342,93 | 342,93 |  1,16 | 467,623 | 335,18 | 339,10 |  0,00 | 1180,788 | 27,29 | 27,29 | 2380,590 |   NaN | NaN | 0,00 | 0,00 | NaN
  14 |  1,75 | 190,146 | 753,03 | 766,45 | 757,38 |  0,00 | 1,402 | 44,35 | 44,35 |  0,00 | 1,571 | 347,10 | 347,10 |  3,86 | 608,470 | 334,29 | 347,72 |  0,00 | 1621,476 | 27,29 | 27,29 | 3261,934 |   NaN | NaN | 0,00 | 0,00 | NaN
  15 |  0,76 | 171,396 | 754,95 | 760,73 | 759,30 |  0,00 | 1,396 | 44,35 | 44,35 |  0,00 | 2,979 | 340,47 | 340,47 |  1,66 | 573,076 | 342,84 | 348,61 |  0,00 | 542,353 | 27,29 | 27,29 | 1103,921 |   NaN | NaN | 0,00 | 0,00 | NaN
  16 |  1,59 | 221,304 | 757,47 | 769,70 | 761,80 |  0,00 | 1,388 | 44,35 | 44,35 |  0,00 | 2,022 | 347,61 | 347,61 |  3,49 | 742,279 | 338,22 | 350,45 |  0,00 | 972,188 | 27,29 | 27,29 | 1963,408 |   NaN | NaN | 0,00 | 0,00 | NaN
  17 |  1,07 | 186,184 | 754,43 | 762,60 | 758,79 |  0,00 | 1,401 | 44,35 | 44,35 |  0,00 | 1,660 | 346,68 | 346,68 |  2,37 | 622,333 | 336,11 | 344,28 |  0,00 | 917,858 | 27,29 | 27,29 | 1854,889 |   NaN | NaN | 0,00 | 0,00 | NaN
  18 |  0,89 | 169,973 | 752,73 | 759,50 | 757,04 |  0,00 | 1,377 | 44,35 | 44,35 |  0,00 | 1,610 | 345,00 | 345,00 |  1,98 | 496,380 | 336,08 | 342,86 |  0,00 | 2475,445 | 27,29 | 27,29 | 4970,002 |   NaN | NaN | 0,00 | 0,00 | NaN
  19 |  0,48 | 136,216 | 751,68 | 755,34 | 756,02 |  0,00 | 1,368 | 44,35 | 44,35 |  0,00 | 1,948 | 339,85 | 339,85 |  1,06 | 391,747 | 340,19 | 343,85 |  0,00 | 1979,785 | 27,29 | 27,29 | 3978,484 |   NaN | NaN | 0,00 | 0,00 | NaN
  20 |  0,40 | 137,979 | 751,03 | 754,02 | 755,35 |  0,00 | 1,364 | 44,35 | 44,35 |  0,00 | 1,965 | 344,04 | 344,04 |  0,88 | 388,223 | 335,35 | 338,33 |  0,00 | 2332,468 | 27,29 | 27,29 | 4684,258 |   NaN | NaN | 0,00 | 0,00 | NaN
  21 |  0,52 | 140,989 | 748,26 | 752,16 | 752,58 |  0,00 | 1,368 | 44,35 | 44,35 |  0,00 | 2,479 | 342,14 | 342,14 |  1,15 | 481,589 | 334,49 | 338,38 |  0,00 | 406,519 | 27,29 | 27,29 | 832,262 |   NaN | NaN | 0,00 | 0,00 | NaN
  22 |  1,17 | 203,229 | 756,30 | 765,27 | 760,67 |  0,00 | 1,407 | 44,35 | 44,35 |  0,00 | 1,729 | 350,14 | 350,14 |  2,61 | 653,014 | 334,52 | 343,49 |  0,00 | 1710,600 | 27,29 | 27,29 | 3440,245 |   NaN | NaN | 0,00 | 0,00 | NaN
  23 |  1,18 | 174,188 | 755,12 | 764,15 | 759,46 |  0,00 | 1,389 | 44,35 | 44,35 |  0,00 | 1,738 | 346,31 | 346,31 |  2,61 | 523,614 | 337,17 | 346,20 |  0,00 | 2181,321 | 27,29 | 27,29 | 4381,642 |   NaN | NaN | 0,00 | 0,00 | NaN
  24 |  1,52 | 195,395 | 756,88 | 768,57 | 761,22 |  0,00 | 1,351 | 44,35 | 44,35 |  0,00 | 1,768 | 348,35 | 348,35 |  3,35 | 642,875 | 336,89 | 348,58 |  0,00 | 1196,713 | 27,29 | 27,29 | 2412,543 |   NaN | NaN | 0,00 | 0,00 | NaN
  25 |  1,19 | 177,954 | 755,64 | 764,71 | 760,02 |  0,00 | 1,408 | 44,35 | 44,35 |  0,00 | 1,840 | 342,56 | 342,56 |  2,59 | 596,556 | 341,45 | 350,52 |  0,00 | 621,214 | 27,29 | 27,29 | 1261,560 |   NaN | NaN | 0,00 | 0,00 | NaN
  26 |  0,42 | 151,465 | 756,07 | 759,27 | 760,42 |  0,00 | 1,404 | 44,35 | 44,35 |  0,00 | 2,256 | 344,89 | 344,89 |  0,93 | 511,044 | 339,54 | 342,74 |  0,00 | 499,903 | 27,29 | 27,29 | 1018,988 |   NaN | NaN | 0,00 | 0,00 | NaN
  27 |  0,89 | 152,801 | 751,49 | 758,20 | 755,80 |  0,00 | 1,331 | 44,35 | 44,35 |  0,00 | 1,507 | 345,51 | 345,51 |  1,97 | 435,739 | 334,34 | 341,05 |  0,00 | 2503,705 | 27,29 | 27,29 | 5026,400 |   NaN | NaN | 0,00 | 0,00 | NaN
  28 |  0,74 | 143,719 | 750,32 | 755,93 | 754,66 |  0,00 | 1,397 | 44,35 | 44,35 |  0,00 | 1,826 | 343,87 | 343,87 |  1,65 | 415,744 | 334,81 | 340,42 |  0,00 | 2182,015 | 27,29 | 27,29 | 4383,047 |   NaN | NaN | 0,00 | 0,00 | NaN
  29 |  1,23 | 166,535 | 752,25 | 761,64 | 756,58 |  0,00 | 1,377 | 44,35 | 44,35 |  0,00 | 1,723 | 343,43 | 343,43 |  2,71 | 491,303 | 337,18 | 346,56 |  0,00 | 2265,058 | 27,29 | 27,29 | 4549,219 |   NaN | NaN | 0,00 | 0,00 | NaN
  30 |  1,00 | 152,074 | 752,20 | 759,82 | 756,57 |  0,00 | 1,407 | 44,35 | 44,35 |  0,00 | 1,568 | 343,07 | 343,07 |  2,21 | 433,541 | 337,49 | 345,11 |  0,00 | 2405,099 | 27,29 | 27,29 | 4829,179 |   NaN | NaN | 0,00 | 0,00 | NaN
  31 |  0,57 | 173,692 | 755,97 | 760,30 | 760,29 |  0,00 | 1,374 | 44,35 | 44,35 |  0,00 | 1,594 | 344,99 | 344,99 |  1,26 | 519,276 | 339,34 | 343,67 |  0,00 | 2177,607 | 27,29 | 27,29 | 4374,214 |   NaN | NaN | 0,00 | 0,00 | NaN
  32 |  1,48 | 179,430 | 753,36 | 764,67 | 757,67 |  0,00 | 1,330 | 44,35 | 44,35 |  0,00 | 1,854 | 345,57 | 345,57 |  3,25 | 537,674 | 336,15 | 347,46 |  0,00 | 2302,691 | 27,29 | 27,29 | 4624,492 |   NaN | NaN | 0,00 | 0,00 | NaN
  33 |  0,64 | 154,179 | 753,80 | 758,68 | 758,12 |  0,00 | 1,396 | 44,35 | 44,35 |  0,00 | 1,817 | 342,55 | 342,55 |  1,42 | 440,429 | 339,60 | 344,48 |  0,00 | 2366,193 | 27,29 | 27,29 | 4751,421 |   NaN | NaN | 0,00 | 0,00 | NaN
  34 |  1,14 | 161,153 | 752,72 | 761,42 | 757,04 |  0,00 | 1,387 | 44,35 | 44,35 |  0,00 | 1,538 | 344,52 | 344,52 |  2,52 | 459,778 | 336,56 | 345,26 |  0,00 | 2581,690 | 27,29 | 27,29 | 5182,995 |   NaN | NaN | 0,00 | 0,00 | NaN
  35 |  1,17 | 175,546 | 756,53 | 765,50 | 760,84 |  0,00 | 1,336 | 44,35 | 44,35 |  0,00 | 1,371 | 347,05 | 347,05 |  2,59 | 507,870 | 337,84 | 346,81 |  0,00 | 2662,911 | 27,29 | 27,29 | 5344,007 |   NaN | NaN | 0,00 | 0,00 | NaN
  36 |  1,03 | 167,313 | 751,62 | 759,45 | 755,96 |  0,00 | 1,389 | 44,35 | 44,35 |  0,00 | 1,478 | 342,75 | 342,75 |  2,27 | 482,146 | 337,24 | 345,06 |  0,00 | 2539,052 | 27,29 | 27,29 | 5097,346 |   NaN | NaN | 0,00 | 0,00 | NaN
  37 |  1,38 | 185,119 | 755,77 | 766,31 | 760,10 |  0,00 | 1,372 | 44,35 | 44,35 |  0,00 | 1,737 | 349,09 | 349,09 |  3,05 | 561,011 | 335,04 | 345,58 |  0,00 | 2308,846 | 27,29 | 27,29 | 4636,780 |   NaN | NaN | 0,00 | 0,00 | NaN
  38 |  1,51 | 192,266 | 756,68 | 768,27 | 760,99 |  0,00 | 1,363 | 44,35 | 44,35 |  0,00 | 1,623 | 348,41 | 348,41 |  3,33 | 579,184 | 336,62 | 348,21 |  0,00 | 2429,855 | 27,29 | 27,29 | 4878,777 |   NaN | NaN | 0,00 | 0,00 | NaN
  39 |  0,78 | 146,555 | 749,45 | 755,36 | 753,84 |  0,00 | 1,407 | 44,35 | 44,35 |  0,00 | 1,878 | 344,08 | 344,08 |  1,74 | 419,084 | 333,72 | 339,64 |  0,00 | 2357,920 | 27,29 | 27,29 | 4735,014 |   NaN | NaN | 0,00 | 0,00 | NaN
  40 |  0,44 | 144,906 | 748,20 | 751,48 | 752,58 |  0,00 | 1,407 | 44,35 | 44,35 |  0,00 | 1,692 | 342,64 | 342,64 |  0,97 | 406,713 | 333,92 | 337,20 |  0,00 | 2493,987 | 27,29 | 27,29 | 5007,055 |   NaN | NaN | 0,00 | 0,00 | NaN
  41 |  1,73 | 186,100 | 752,80 | 766,06 | 757,13 |  0,00 | 1,390 | 44,35 | 44,35 |  0,00 | 1,681 | 345,07 | 345,07 |  3,79 | 564,617 | 336,09 | 349,35 |  0,00 | 2225,760 | 27,29 | 27,29 | 4470,512 |   NaN | NaN | 0,00 | 0,00 | NaN
  42 |  1,39 | 176,529 | 752,92 | 763,51 | 757,23 |  0,00 | 1,336 | 44,35 | 44,35 |  0,00 | 1,779 | 344,97 | 344,97 |  3,05 | 528,393 | 336,31 | 346,89 |  0,00 | 2266,113 | 27,29 | 27,29 | 4551,211 |   NaN | NaN | 0,00 | 0,00 | NaN
  43 |  1,94 | 186,390 | 753,23 | 768,13 | 757,60 |  0,00 | 1,414 | 44,35 | 44,35 |  0,00 | 1,895 | 349,42 | 349,42 |  4,29 | 566,719 | 332,17 | 347,07 |  0,00 | 2353,302 | 27,29 | 27,29 | 4725,647 |   NaN | NaN | 0,00 | 0,00 | NaN
  44 |  0,94 | 176,024 | 756,45 | 763,67 | 760,76 |  0,00 | 1,326 | 44,35 | 44,35 |  0,00 | 1,607 | 345,32 | 345,32 |  2,08 | 525,992 | 339,49 | 346,71 |  0,00 | 2212,752 | 27,29 | 27,29 | 4444,482 |   NaN | NaN | 0,00 | 0,00 | NaN
  45 |  1,35 | 170,456 | 752,18 | 762,47 | 756,56 |  0,00 | 1,410 | 44,35 | 44,35 |  0,00 | 1,749 | 348,09 | 348,09 |  3,00 | 512,698 | 332,45 | 342,73 |  0,00 | 2255,371 | 27,29 | 27,29 | 4529,688 |   NaN | NaN | 0,00 | 0,00 | NaN
  46 |  1,19 | 171,922 | 753,18 | 762,28 | 757,49 |  0,00 | 1,350 | 44,35 | 44,35 |  0,00 | 1,529 | 344,54 | 344,54 |  2,63 | 508,382 | 337,00 | 346,10 |  0,00 | 2336,403 | 27,29 | 27,29 | 4692,042 |   NaN | NaN | 0,00 | 0,00 | NaN
  47 |  1,31 | 177,727 | 752,28 | 762,30 | 756,60 |  0,00 | 1,347 | 44,35 | 44,35 |  0,00 | 1,812 | 348,19 | 348,19 |  2,92 | 543,053 | 332,44 | 342,46 |  0,00 | 2159,574 | 27,29 | 27,29 | 4338,173 |   NaN | NaN | 0,00 | 0,00 | NaN
  48 |  0,79 | 158,588 | 753,56 | 759,58 | 757,89 |  0,00 | 1,377 | 44,35 | 44,35 |  0,00 | 1,696 | 344,34 | 344,34 |  1,75 | 465,851 | 337,58 | 343,60 |  0,00 | 2203,462 | 27,29 | 27,29 | 4425,791 |   NaN | NaN | 0,00 | 0,00 | NaN
  49 |  1,03 | 170,693 | 751,93 | 759,74 | 756,25 |  0,00 | 1,389 | 44,35 | 44,35 |  0,00 | 1,882 | 345,01 | 345,01 |  2,28 | 513,374 | 335,27 | 343,09 |  0,00 | 2155,564 | 27,29 | 27,29 | 4330,222 |   NaN | NaN | 0,00 | 0,00 | NaN
  50 |  1,14 | 179,751 | 755,62 | 764,36 | 759,95 |  0,00 | 1,344 | 44,35 | 44,35 |  0,00 | 1,849 | 348,63 | 348,63 |  2,54 | 539,281 | 335,35 | 344,09 |  0,00 | 2349,439 | 27,29 | 27,29 | 4717,927 |   NaN | NaN | 0,00 | 0,00 | NaN
  51 |  1,13 | 172,003 | 755,11 | 763,74 | 759,42 |  0,00 | 1,342 | 44,35 | 44,35 |  0,00 | 1,475 | 344,67 | 344,67 |  2,49 | 511,619 | 338,80 | 347,43 |  0,00 | 2223,650 | 27,29 | 27,29 | 4466,315 |   NaN | NaN | 0,00 | 0,00 | NaN
  52 |  0,71 | 157,877 | 751,25 | 756,62 | 755,56 |  0,00 | 1,368 | 44,35 | 44,35 |  0,00 | 2,010 | 340,43 | 340,43 |  1,56 | 457,927 | 339,18 | 344,55 |  0,00 | 2241,615 | 27,29 | 27,29 | 4502,270 |   NaN | NaN | 0,00 | 0,00 | NaN
  53 |  1,23 | 180,546 | 755,19 | 764,61 | 759,50 |  0,00 | 1,355 | 44,35 | 44,35 |  0,00 | 1,756 | 347,08 | 347,08 |  2,72 | 541,883 | 336,46 | 345,88 |  0,00 | 2310,593 | 27,29 | 27,29 | 4640,224 |   NaN | NaN | 0,00 | 0,00 | NaN
  54 |  0,67 | 158,072 | 753,56 | 758,63 | 757,88 |  0,00 | 1,358 | 44,35 | 44,35 |  0,00 | 1,662 | 345,65 | 345,65 |  1,49 | 463,372 | 336,27 | 341,35 |  0,00 | 2258,881 | 27,29 | 27,29 | 4536,768 |   NaN | NaN | 0,00 | 0,00 | NaN
  55 |  1,19 | 169,366 | 752,07 | 761,14 | 756,40 |  0,00 | 1,343 | 44,35 | 44,35 |  0,00 | 1,528 | 344,62 | 344,62 |  2,63 | 496,763 | 335,81 | 344,88 |  0,00 | 2423,018 | 27,29 | 27,29 | 4865,190 |   NaN | NaN | 0,00 | 0,00 | NaN
  56 |  0,76 | 163,984 | 752,83 | 758,62 | 757,16 |  0,00 | 1,349 | 44,35 | 44,35 |  0,00 | 1,669 | 342,32 | 342,32 |  1,68 | 482,839 | 338,87 | 344,66 |  0,00 | 2202,152 | 27,29 | 27,29 | 4423,262 |   NaN | NaN | 0,00 | 0,00 | NaN
  57 |  1,20 | 175,190 | 754,03 | 763,21 | 758,35 |  0,00 | 1,346 | 44,35 | 44,35 |  0,00 | 1,668 | 344,98 | 344,98 |  2,65 | 526,630 | 337,41 | 346,59 |  0,00 | 2175,191 | 27,29 | 27,29 | 4369,495 |   NaN | NaN | 0,00 | 0,00 | NaN
  58 |  0,64 | 167,631 | 757,16 | 762,05 | 761,49 |  0,00 | 1,374 | 44,35 | 44,35 |  0,00 | 1,755 | 344,12 | 344,12 |  1,41 | 494,808 | 341,40 | 346,29 |  0,00 | 2186,349 | 27,29 | 27,29 | 4391,637 |   NaN | NaN | 0,00 | 0,00 | NaN
  59 |  1,44 | 178,250 | 755,39 | 766,45 | 759,73 |  0,00 | 1,394 | 44,35 | 44,35 |  0,00 | 1,497 | 345,68 | 345,68 |  3,17 | 520,581 | 338,07 | 349,12 |  0,00 | 2565,154 | 27,29 | 27,29 | 5149,833 |   NaN | NaN | 0,00 | 0,00 | NaN
  60 |  0,95 | 168,486 | 753,78 | 761,03 | 758,10 |  0,00 | 1,328 | 44,35 | 44,35 |  0,00 | 1,690 | 344,92 | 344,92 |  2,10 | 500,873 | 337,22 | 344,46 |  0,00 | 2222,170 | 27,29 | 27,29 | 4463,408 |   NaN | NaN | 0,00 | 0,00 | NaN
  61 |  1,11 | 168,443 | 756,57 | 765,03 | 760,88 |  0,00 | 1,351 | 44,35 | 44,35 |  0,00 | 1,760 | 345,81 | 345,81 |  2,43 | 495,064 | 339,12 | 347,58 |  0,00 | 2321,681 | 27,29 | 27,29 | 4662,548 |   NaN | NaN | 0,00 | 0,00 | NaN
  62 |  1,12 | 178,667 | 756,01 | 764,59 | 760,39 |  0,00 | 1,412 | 44,35 | 44,35 |  0,00 | 1,527 | 346,80 | 346,80 |  2,48 | 538,171 | 337,57 | 346,14 |  0,00 | 2210,244 | 27,29 | 27,29 | 4439,345 |   NaN | NaN | 0,00 | 0,00 | NaN
  63 |  1,23 | 170,469 | 753,49 | 762,88 | 757,81 |  0,00 | 1,368 | 44,35 | 44,35 |  0,00 | 1,589 | 346,00 | 346,00 |  2,72 | 501,849 | 335,85 | 345,24 |  0,00 | 2406,223 | 27,29 | 27,29 | 4831,581 |   NaN | NaN | 0,00 | 0,00 | NaN
  64 |  0,75 | 161,503 | 751,65 | 757,37 | 756,05 |  0,00 | 1,411 | 44,35 | 44,35 |  0,00 | 1,659 | 341,06 | 341,06 |  1,66 | 470,832 | 338,95 | 344,66 |  0,00 | 2260,390 | 27,29 | 27,29 | 4539,804 |   NaN | NaN | 0,00 | 0,00 | NaN

= = = = = = = = = = = = AVERAGE RESULTS system = = = = = = = = = = = =
meanPLR_system | 1,062092 
meanDelay_system | 171,421828 
meanLoad_system | 761,767466 
meanTHR_system | 753,664378 
meanGate_system | 757,996948 

meanPLR_EF_system | 0,000000 
meanPLR_AF_system | 0,000000 
meanPLR_BE_system | 2,345053 
meanPLR_FLA_system | 0,000000 
meanPLR_FLB_system | NaN 

meanTHR_EF_system | 44,352002 
meanTHR_AF_system | 345,230065 
meanTHR_BE_system | 336,793758 
meanTHR_FLA_system | 27,671629 
meanTHR_FLB_system | 0,000000 

meanLoad_EF_system | 44,352002 
meanLoad_AF_system | 345,230065 
meanLoad_BE_system | 344,896846 
meanLoad_FLA_system | 27,671629 
meanLoad_FLB_system | 0,000000 

meanDELAY_EF_system | 1,372528 
meanDELAY_AF_system | 2,008184 
meanDELAY_BE_system | 527,192466 
meanDELAY_FLA_system | 1859,414334 
meanDELAY_FLB_system | NaN 
meanDELAY_CompleteFLA_system | 3737,903659 
meanDELAY_CompleteFLB_system | NaN 

= = = = = = = = = = = = AVERAGE RESULTS = = = = = = = = = = = =
Packet Loss Ratio: 01,06 (%)
PROCESSED PACKAGES: 2615535457 
DISCARTED PACKAGES: 17506155 
TOTAL PACKAGES: 2633041612 
AVERAGE DELAY: 32331,71 (ms) 
AVERAGE THROUGHPUT: 753,66 (Mbps) 
GRANTED THROUGHPUT: 48511,80 (Mbps) By 64 ONUs
EFFECTIVE THROUGHPUT: 48234,52 (Mbps) By 64 ONUs
TOTAL LOAD: 48753,12 (Mbps) By 64 ONUs
ON Arrival THROUGHPUT: 0,00 (Mbps) By 64 ONUs
FINISHTIMEFL: 213,706251 
FINISHTIME: 216,706251 


fileName | IPACT_LEAKYBUCKET_5_28_92_0 
