
ONU ID 	|  PLR(%) | Delay(ms) | Throughput(Mbps) | Granted Throughput(Mbps) | Total Load (Mbps) 

  ID |  PLR(%) |  D  | Thr |  Gates  |  Load  | PLR-EF | D-EF | ThrEF | LoadEF | PLR-AF | D-AF | ThrAF | LoadAF | PLR-BE | D-BE | ThrBE | LoadBE | PLR-FA | D-FA | ThrFA | LoadFA | DTFA |  PLR-FB | D-FB | ThrFB | LoadFB | DTFB | 
   1 |  6,84 | 292,156 | 754,26 | 809,68 | 758,92 |  0,00 | 1,408 | 44,35 | 44,35 |  0,00 | 23,179 | 364,81 | 364,81 | 15,58 | 1118,479 | 300,27 | 355,69 |  0,00 | 139,074 | 44,83 | 44,83 | 298,393 |   NaN | NaN | 0,00 | 0,00 | NaN
   2 |  7,25 | 290,719 | 754,01 | 812,98 | 758,71 |  0,00 | 1,420 | 44,35 | 44,35 |  0,00 | 21,248 | 364,04 | 364,04 | 16,39 | 1113,076 | 300,79 | 359,77 |  0,00 | 139,075 | 44,83 | 44,83 | 298,354 |   NaN | NaN | 0,00 | 0,00 | NaN
   3 |  6,36 | 277,282 | 754,98 | 806,28 | 759,62 |  0,00 | 1,356 | 44,35 | 44,35 |  0,00 | 21,774 | 360,02 | 360,02 | 14,37 | 1043,251 | 305,77 | 357,08 |  0,00 | 139,021 | 44,83 | 44,83 | 298,328 |   NaN | NaN | 0,00 | 0,00 | NaN
   4 |  7,37 | 294,874 | 754,77 | 814,82 | 759,41 |  0,00 | 1,362 | 44,35 | 44,35 |  0,00 | 22,909 | 365,49 | 365,49 | 16,68 | 1130,851 | 300,09 | 360,15 |  0,00 | 139,066 | 44,83 | 44,83 | 298,372 |   NaN | NaN | 0,00 | 0,00 | NaN
   5 |  6,61 | 278,041 | 753,95 | 807,28 | 758,60 |  0,00 | 1,387 | 44,35 | 44,35 |  0,00 | 23,358 | 358,76 | 358,76 | 14,84 | 1042,366 | 306,02 | 359,35 |  0,00 | 139,071 | 44,83 | 44,83 | 298,250 |   NaN | NaN | 0,00 | 0,00 | NaN
   6 |  7,24 | 290,673 | 754,63 | 813,55 | 759,26 |  0,00 | 1,335 | 44,35 | 44,35 |  0,00 | 21,000 | 363,84 | 363,84 | 16,34 | 1110,936 | 301,61 | 360,52 |  0,00 | 139,088 | 44,83 | 44,83 | 298,380 |   NaN | NaN | 0,00 | 0,00 | NaN
   7 |  6,82 | 284,265 | 754,93 | 810,20 | 759,57 |  0,00 | 1,354 | 44,35 | 44,35 |  0,00 | 22,017 | 361,80 | 361,80 | 15,38 | 1076,512 | 303,96 | 359,22 |  0,00 | 139,043 | 44,83 | 44,83 | 298,322 |   NaN | NaN | 0,00 | 0,00 | NaN
   8 |  6,84 | 294,456 | 754,88 | 810,29 | 759,55 |  0,00 | 1,404 | 44,35 | 44,35 |  0,00 | 21,541 | 358,64 | 358,64 | 15,29 | 1105,466 | 307,06 | 362,48 |  0,00 | 139,048 | 44,83 | 44,83 | 298,296 |   NaN | NaN | 0,00 | 0,00 | NaN
   9 |  7,17 | 288,096 | 754,64 | 812,97 | 759,28 |  0,00 | 1,344 | 44,35 | 44,35 |  0,00 | 21,957 | 362,70 | 362,70 | 16,15 | 1095,324 | 302,76 | 361,09 |  0,00 | 138,916 | 44,83 | 44,83 | 298,168 |   NaN | NaN | 0,00 | 0,00 | NaN
  10 |  6,61 | 285,340 | 755,35 | 808,80 | 759,99 |  0,00 | 1,405 | 44,35 | 44,35 |  0,00 | 22,620 | 360,52 | 360,52 | 14,89 | 1074,376 | 305,64 | 359,09 |  0,00 | 139,138 | 44,83 | 44,83 | 298,430 |   NaN | NaN | 0,00 | 0,00 | NaN
  11 |  6,58 | 285,520 | 753,39 | 806,45 | 758,03 |  0,00 | 1,345 | 44,35 | 44,35 |  0,00 | 21,298 | 355,81 | 355,81 | 14,68 | 1065,719 | 308,40 | 361,47 |  0,00 | 138,968 | 44,83 | 44,83 | 298,239 |   NaN | NaN | 0,00 | 0,00 | NaN
  12 |  6,76 | 290,081 | 754,41 | 809,15 | 759,07 |  0,00 | 1,407 | 44,35 | 44,35 |  0,00 | 20,820 | 359,86 | 359,86 | 15,20 | 1095,199 | 305,37 | 360,11 |  0,00 | 139,018 | 44,83 | 44,83 | 298,294 |   NaN | NaN | 0,00 | 0,00 | NaN
  13 |  6,02 | 271,660 | 753,92 | 802,22 | 758,57 |  0,00 | 1,372 | 44,35 | 44,35 |  0,00 | 23,280 | 357,93 | 357,93 | 13,60 | 1015,570 | 306,81 | 355,11 |  0,00 | 139,097 | 44,83 | 44,83 | 298,395 |   NaN | NaN | 0,00 | 0,00 | NaN
  14 |  7,09 | 285,326 | 754,14 | 811,68 | 758,81 |  0,00 | 1,413 | 44,35 | 44,35 |  0,00 | 24,093 | 361,15 | 361,15 | 15,92 | 1077,876 | 303,80 | 361,34 |  0,00 | 139,044 | 44,83 | 44,83 | 298,280 |   NaN | NaN | 0,00 | 0,00 | NaN
  15 |  6,60 | 285,851 | 753,40 | 806,68 | 758,05 |  0,00 | 1,407 | 44,35 | 44,35 |  0,00 | 23,414 | 355,23 | 355,23 | 14,71 | 1062,121 | 308,99 | 362,27 |  0,00 | 139,009 | 44,83 | 44,83 | 298,293 |   NaN | NaN | 0,00 | 0,00 | NaN
  16 |  7,95 | 296,735 | 754,16 | 819,29 | 758,81 |  0,00 | 1,398 | 44,35 | 44,35 |  0,00 | 20,402 | 362,06 | 362,06 | 17,70 | 1130,226 | 302,92 | 368,05 |  0,00 | 139,063 | 44,83 | 44,83 | 298,365 |   NaN | NaN | 0,00 | 0,00 | NaN
  17 |  7,18 | 290,366 | 753,96 | 812,24 | 758,63 |  0,00 | 1,411 | 44,35 | 44,35 |  0,00 | 20,363 | 362,71 | 362,71 | 16,17 | 1107,809 | 302,07 | 360,36 |  0,00 | 139,085 | 44,83 | 44,83 | 298,392 |   NaN | NaN | 0,00 | 0,00 | NaN
  18 |  6,49 | 286,469 | 753,85 | 806,16 | 758,50 |  0,00 | 1,388 | 44,35 | 44,35 |  0,00 | 21,539 | 357,25 | 357,25 | 14,54 | 1072,812 | 307,42 | 359,73 |  0,00 | 138,958 | 44,83 | 44,83 | 298,131 |   NaN | NaN | 0,00 | 0,00 | NaN
  19 |  5,72 | 284,160 | 754,68 | 800,49 | 759,34 |  0,00 | 1,379 | 44,35 | 44,35 |  0,00 | 19,578 | 354,16 | 354,16 | 12,83 | 1053,670 | 311,34 | 357,14 |  0,00 | 138,968 | 44,83 | 44,83 | 298,193 |   NaN | NaN | 0,00 | 0,00 | NaN
  20 |  6,32 | 288,364 | 754,00 | 804,89 | 758,65 |  0,00 | 1,374 | 44,35 | 44,35 |  0,00 | 24,250 | 360,88 | 360,88 | 14,34 | 1088,964 | 303,95 | 354,83 |  0,00 | 138,966 | 44,83 | 44,83 | 298,184 |   NaN | NaN | 0,00 | 0,00 | NaN
  21 |  5,38 | 268,919 | 754,33 | 797,23 | 758,96 |  0,00 | 1,378 | 44,35 | 44,35 |  0,00 | 20,259 | 355,28 | 355,28 | 12,16 | 998,870 | 309,86 | 352,77 |  0,00 | 139,026 | 44,83 | 44,83 | 298,319 |   NaN | NaN | 0,00 | 0,00 | NaN
  22 |  7,56 | 295,980 | 754,59 | 816,31 | 759,28 |  0,00 | 1,417 | 44,35 | 44,35 |  0,00 | 23,591 | 367,79 | 367,79 | 17,18 | 1143,177 | 297,62 | 359,34 |  0,00 | 139,000 | 44,83 | 44,83 | 298,239 |   NaN | NaN | 0,00 | 0,00 | NaN
  23 |  6,91 | 292,734 | 753,99 | 809,93 | 758,65 |  0,00 | 1,399 | 44,35 | 44,35 |  0,00 | 23,017 | 360,54 | 360,54 | 15,53 | 1106,285 | 304,27 | 360,22 |  0,00 | 139,136 | 44,83 | 44,83 | 298,414 |   NaN | NaN | 0,00 | 0,00 | NaN
  24 |  7,01 | 286,622 | 754,94 | 811,85 | 759,59 |  0,00 | 1,361 | 44,35 | 44,35 |  0,00 | 22,947 | 359,59 | 359,59 | 15,67 | 1076,771 | 306,17 | 363,08 |  0,00 | 139,071 | 44,83 | 44,83 | 298,370 |   NaN | NaN | 0,00 | 0,00 | NaN
  25 |  7,54 | 295,219 | 754,05 | 815,54 | 758,73 |  0,00 | 1,418 | 44,35 | 44,35 |  0,00 | 23,796 | 358,62 | 358,62 | 16,72 | 1108,222 | 306,25 | 367,74 |  0,00 | 139,112 | 44,83 | 44,83 | 298,393 |   NaN | NaN | 0,00 | 0,00 | NaN
  26 |  6,49 | 285,903 | 754,57 | 806,98 | 759,25 |  0,00 | 1,415 | 44,35 | 44,35 |  0,00 | 23,504 | 359,78 | 359,78 | 14,64 | 1074,872 | 305,61 | 358,02 |  0,00 | 139,153 | 44,83 | 44,83 | 298,411 |   NaN | NaN | 0,00 | 0,00 | NaN
  27 |  6,28 | 287,034 | 754,78 | 805,36 | 759,41 |  0,00 | 1,341 | 44,35 | 44,35 |  0,00 | 23,810 | 361,26 | 361,26 | 14,25 | 1083,365 | 304,34 | 354,92 |  0,00 | 138,990 | 44,83 | 44,83 | 298,137 |   NaN | NaN | 0,00 | 0,00 | NaN
  28 |  6,00 | 284,184 | 754,20 | 802,31 | 758,87 |  0,00 | 1,408 | 44,35 | 44,35 |  0,00 | 23,597 | 360,08 | 360,08 | 13,63 | 1070,463 | 304,94 | 353,05 |  0,00 | 139,103 | 44,83 | 44,83 | 298,376 |   NaN | NaN | 0,00 | 0,00 | NaN
  29 |  7,30 | 289,516 | 754,45 | 813,86 | 759,09 |  0,00 | 1,387 | 44,35 | 44,35 |  0,00 | 22,774 | 361,90 | 361,90 | 16,38 | 1097,235 | 303,37 | 362,78 |  0,00 | 139,049 | 44,83 | 44,83 | 298,337 |   NaN | NaN | 0,00 | 0,00 | NaN
  30 |  6,40 | 285,345 | 754,19 | 805,76 | 758,87 |  0,00 | 1,417 | 44,35 | 44,35 |  0,00 | 23,857 | 356,91 | 356,91 | 14,34 | 1063,679 | 308,10 | 359,67 |  0,00 | 138,988 | 44,83 | 44,83 | 298,206 |   NaN | NaN | 0,00 | 0,00 | NaN
  31 |  6,36 | 288,197 | 754,34 | 805,59 | 758,98 |  0,00 | 1,384 | 44,35 | 44,35 |  0,00 | 24,949 | 361,15 | 361,15 | 14,43 | 1087,310 | 304,01 | 355,26 |  0,00 | 139,051 | 44,83 | 44,83 | 298,313 |   NaN | NaN | 0,00 | 0,00 | NaN
  32 |  7,02 | 289,802 | 754,36 | 811,32 | 759,01 |  0,00 | 1,341 | 44,35 | 44,35 |  0,00 | 23,355 | 360,69 | 360,69 | 15,76 | 1093,974 | 304,49 | 361,45 |  0,00 | 139,004 | 44,83 | 44,83 | 298,233 |   NaN | NaN | 0,00 | 0,00 | NaN
  33 |  6,38 | 287,483 | 755,06 | 806,48 | 759,71 |  0,00 | 1,406 | 44,35 | 44,35 |  0,00 | 22,240 | 358,78 | 358,78 | 14,34 | 1077,774 | 307,10 | 358,52 |  0,00 | 138,966 | 44,83 | 44,83 | 298,219 |   NaN | NaN | 0,00 | 0,00 | NaN
  34 |  6,39 | 289,997 | 753,82 | 805,27 | 758,46 |  0,00 | 1,397 | 44,35 | 44,35 |  0,00 | 21,604 | 359,49 | 359,49 | 14,43 | 1094,305 | 305,15 | 356,59 |  0,00 | 138,787 | 44,83 | 44,83 | 297,918 |   NaN | NaN | 0,00 | 0,00 | NaN
  35 |  7,43 | 292,647 | 753,87 | 814,39 | 758,49 |  0,00 | 1,346 | 44,35 | 44,35 |  0,00 | 20,852 | 363,07 | 363,07 | 16,71 | 1117,768 | 301,62 | 362,14 |  0,00 | 138,591 | 44,83 | 44,83 | 297,638 |   NaN | NaN | 0,00 | 0,00 | NaN
  36 |  6,40 | 289,508 | 755,01 | 806,67 | 759,67 |  0,00 | 1,399 | 44,35 | 44,35 |  0,00 | 23,274 | 355,63 | 355,63 | 14,27 | 1074,078 | 310,20 | 361,85 |  0,00 | 138,910 | 44,83 | 44,83 | 298,066 |   NaN | NaN | 0,00 | 0,00 | NaN
  37 |  7,48 | 295,408 | 755,20 | 816,26 | 759,84 |  0,00 | 1,382 | 44,35 | 44,35 |  0,00 | 22,564 | 366,02 | 366,02 | 16,91 | 1134,179 | 300,00 | 361,06 |  0,00 | 138,918 | 44,83 | 44,83 | 298,187 |   NaN | NaN | 0,00 | 0,00 | NaN
  38 |  7,16 | 290,411 | 754,72 | 812,94 | 759,37 |  0,00 | 1,374 | 44,35 | 44,35 |  0,00 | 23,683 | 362,61 | 362,61 | 16,12 | 1102,065 | 302,94 | 361,15 |  0,00 | 138,926 | 44,83 | 44,83 | 298,119 |   NaN | NaN | 0,00 | 0,00 | NaN
  39 |  5,45 | 275,807 | 753,05 | 796,48 | 757,72 |  0,00 | 1,417 | 44,35 | 44,35 |  0,00 | 22,013 | 354,91 | 354,91 | 12,32 | 1025,109 | 308,96 | 352,38 |  0,00 | 139,028 | 44,83 | 44,83 | 298,261 |   NaN | NaN | 0,00 | 0,00 | NaN
  40 |  5,84 | 278,453 | 753,74 | 800,46 | 758,41 |  0,00 | 1,417 | 44,35 | 44,35 |  0,00 | 20,662 | 358,62 | 358,62 | 13,25 | 1047,318 | 305,94 | 352,66 |  0,00 | 139,006 | 44,83 | 44,83 | 298,182 |   NaN | NaN | 0,00 | 0,00 | NaN
  41 |  7,31 | 289,538 | 753,42 | 812,80 | 758,07 |  0,00 | 1,400 | 44,35 | 44,35 |  0,00 | 22,915 | 357,03 | 357,03 | 16,20 | 1083,382 | 307,20 | 366,58 |  0,00 | 139,083 | 44,83 | 44,83 | 298,379 |   NaN | NaN | 0,00 | 0,00 | NaN
  42 |  7,49 | 288,729 | 754,93 | 816,02 | 759,58 |  0,00 | 1,346 | 44,35 | 44,35 |  0,00 | 21,053 | 363,61 | 363,61 | 16,82 | 1101,510 | 302,15 | 363,23 |  0,00 | 138,978 | 44,83 | 44,83 | 298,259 |   NaN | NaN | 0,00 | 0,00 | NaN
  43 |  7,78 | 291,864 | 754,94 | 818,65 | 759,62 |  0,00 | 1,424 | 44,35 | 44,35 |  0,00 | 24,981 | 365,81 | 365,81 | 17,52 | 1116,432 | 299,95 | 363,66 |  0,00 | 138,983 | 44,83 | 44,83 | 298,179 |   NaN | NaN | 0,00 | 0,00 | NaN
  44 |  7,11 | 295,391 | 754,59 | 812,39 | 759,21 |  0,00 | 1,336 | 44,35 | 44,35 |  0,00 | 24,042 | 359,23 | 359,23 | 15,88 | 1109,593 | 306,18 | 363,98 |  0,00 | 139,007 | 44,83 | 44,83 | 298,287 |   NaN | NaN | 0,00 | 0,00 | NaN
  45 |  6,40 | 289,507 | 754,82 | 806,46 | 759,50 |  0,00 | 1,421 | 44,35 | 44,35 |  0,00 | 21,418 | 363,08 | 363,08 | 14,58 | 1102,489 | 302,56 | 354,19 |  0,00 | 139,077 | 44,83 | 44,83 | 298,361 |   NaN | NaN | 0,00 | 0,00 | NaN
  46 |  6,77 | 283,728 | 754,56 | 809,39 | 759,22 |  0,00 | 1,360 | 44,35 | 44,35 |  0,00 | 20,988 | 358,13 | 358,13 | 15,14 | 1063,717 | 307,25 | 362,08 |  0,00 | 138,925 | 44,83 | 44,83 | 298,139 |   NaN | NaN | 0,00 | 0,00 | NaN
  47 |  6,48 | 282,306 | 754,53 | 806,78 | 759,17 |  0,00 | 1,358 | 44,35 | 44,35 |  0,00 | 22,642 | 359,97 | 359,97 | 14,61 | 1062,855 | 305,38 | 357,63 |  0,00 | 139,048 | 44,83 | 44,83 | 298,318 |   NaN | NaN | 0,00 | 0,00 | NaN
  48 |  6,41 | 282,204 | 753,03 | 804,57 | 757,70 |  0,00 | 1,387 | 44,35 | 44,35 |  0,00 | 23,018 | 357,81 | 357,81 | 14,41 | 1058,358 | 306,04 | 357,59 |  0,00 | 139,007 | 44,83 | 44,83 | 298,277 |   NaN | NaN | 0,00 | 0,00 | NaN
  49 |  6,52 | 287,314 | 754,09 | 806,69 | 758,75 |  0,00 | 1,400 | 44,35 | 44,35 |  0,00 | 21,083 | 359,86 | 359,86 | 14,71 | 1084,694 | 305,05 | 357,66 |  0,00 | 139,105 | 44,83 | 44,83 | 298,355 |   NaN | NaN | 0,00 | 0,00 | NaN
  50 |  7,00 | 291,020 | 754,57 | 811,40 | 759,22 |  0,00 | 1,354 | 44,35 | 44,35 |  0,00 | 22,648 | 363,02 | 363,02 | 15,82 | 1107,469 | 302,37 | 359,20 |  0,00 | 138,903 | 44,83 | 44,83 | 298,113 |   NaN | NaN | 0,00 | 0,00 | NaN
  51 |  6,74 | 288,148 | 754,59 | 809,14 | 759,24 |  0,00 | 1,352 | 44,35 | 44,35 |  0,00 | 21,210 | 358,99 | 358,99 | 15,11 | 1083,654 | 306,42 | 360,97 |  0,00 | 139,006 | 44,83 | 44,83 | 298,300 |   NaN | NaN | 0,00 | 0,00 | NaN
  52 |  6,96 | 297,862 | 753,70 | 810,05 | 758,35 |  0,00 | 1,378 | 44,35 | 44,35 |  0,00 | 21,479 | 356,39 | 356,39 | 15,46 | 1114,305 | 308,13 | 364,48 |  0,00 | 139,002 | 44,83 | 44,83 | 298,281 |   NaN | NaN | 0,00 | 0,00 | NaN
  53 |  6,98 | 288,248 | 754,59 | 811,18 | 759,25 |  0,00 | 1,366 | 44,35 | 44,35 |  0,00 | 23,314 | 362,63 | 362,63 | 15,75 | 1094,085 | 302,78 | 359,37 |  0,00 | 138,988 | 44,83 | 44,83 | 298,236 |   NaN | NaN | 0,00 | 0,00 | NaN
  54 |  5,89 | 277,757 | 755,03 | 802,28 | 759,67 |  0,00 | 1,368 | 44,35 | 44,35 |  0,00 | 22,946 | 359,37 | 359,37 | 13,36 | 1041,381 | 306,48 | 353,74 |  0,00 | 139,039 | 44,83 | 44,83 | 298,300 |   NaN | NaN | 0,00 | 0,00 | NaN
  55 |  6,21 | 285,543 | 755,13 | 805,17 | 759,79 |  0,00 | 1,353 | 44,35 | 44,35 |  0,00 | 20,205 | 356,63 | 356,63 | 13,92 | 1065,447 | 309,32 | 359,35 |  0,00 | 138,878 | 44,83 | 44,83 | 298,046 |   NaN | NaN | 0,00 | 0,00 | NaN
  56 |  6,15 | 285,089 | 754,86 | 804,33 | 759,51 |  0,00 | 1,359 | 44,35 | 44,35 |  0,00 | 25,119 | 357,86 | 357,86 | 13,85 | 1062,469 | 307,82 | 357,29 |  0,00 | 139,023 | 44,83 | 44,83 | 298,307 |   NaN | NaN | 0,00 | 0,00 | NaN
  57 |  6,53 | 275,547 | 754,59 | 807,33 | 759,24 |  0,00 | 1,356 | 44,35 | 44,35 |  0,00 | 21,904 | 358,26 | 358,26 | 14,66 | 1031,422 | 307,15 | 359,89 |  0,00 | 138,986 | 44,83 | 44,83 | 298,264 |   NaN | NaN | 0,00 | 0,00 | NaN
  58 |  6,74 | 291,419 | 754,80 | 809,32 | 759,46 |  0,00 | 1,385 | 44,35 | 44,35 |  0,00 | 20,616 | 360,31 | 360,31 | 15,15 | 1100,688 | 305,31 | 359,83 |  0,00 | 139,031 | 44,83 | 44,83 | 298,292 |   NaN | NaN | 0,00 | 0,00 | NaN
  59 |  7,23 | 287,276 | 755,20 | 814,06 | 759,83 |  0,00 | 1,404 | 44,35 | 44,35 |  0,00 | 23,144 | 358,85 | 358,85 | 16,08 | 1075,606 | 307,17 | 366,03 |  0,00 | 138,896 | 44,83 | 44,83 | 298,029 |   NaN | NaN | 0,00 | 0,00 | NaN
  60 |  6,66 | 290,162 | 753,26 | 807,04 | 757,91 |  0,00 | 1,339 | 44,35 | 44,35 |  0,00 | 21,873 | 359,16 | 359,16 | 14,99 | 1094,715 | 304,93 | 358,70 |  0,00 | 139,076 | 44,83 | 44,83 | 298,367 |   NaN | NaN | 0,00 | 0,00 | NaN
  61 |  7,28 | 293,205 | 754,65 | 813,92 | 759,30 |  0,00 | 1,361 | 44,35 | 44,35 |  0,00 | 21,899 | 361,84 | 361,84 | 16,33 | 1112,493 | 303,63 | 362,90 |  0,00 | 139,007 | 44,83 | 44,83 | 298,257 |   NaN | NaN | 0,00 | 0,00 | NaN
  62 |  7,27 | 286,677 | 754,34 | 813,51 | 759,02 |  0,00 | 1,423 | 44,35 | 44,35 |  0,00 | 25,489 | 361,87 | 361,87 | 16,32 | 1083,348 | 303,29 | 362,46 |  0,00 | 139,166 | 44,83 | 44,83 | 298,458 |   NaN | NaN | 0,00 | 0,00 | NaN
  63 |  6,84 | 290,011 | 754,75 | 810,18 | 759,40 |  0,00 | 1,378 | 44,35 | 44,35 |  0,00 | 21,371 | 362,07 | 362,07 | 15,44 | 1101,157 | 303,50 | 358,92 |  0,00 | 138,968 | 44,83 | 44,83 | 298,190 |   NaN | NaN | 0,00 | 0,00 | NaN
  64 |  6,01 | 282,897 | 754,48 | 802,73 | 759,15 |  0,00 | 1,421 | 44,35 | 44,35 |  0,00 | 23,965 | 357,45 | 357,45 | 13,55 | 1054,994 | 307,85 | 356,10 |  0,00 | 139,026 | 44,83 | 44,83 | 298,306 |   NaN | NaN | 0,00 | 0,00 | NaN

= = = = = = = = = = = = AVERAGE RESULTS system = = = = = = = = = = = =
meanPLR_system | 6,740584 
meanDelay_system | 287,360046 
meanLoad_system | 808,944671 
meanTHR_system | 754,390796 
meanGate_system | 759,044877 

meanPLR_EF_system | 0,000000 
meanPLR_AF_system | 0,000000 
meanPLR_BE_system | 15,161004 
meanPLR_FLA_system | 0,000000 
meanPLR_FLB_system | NaN 

meanTHR_EF_system | 44,352002 
meanTHR_AF_system | 360,150162 
meanTHR_BE_system | 305,060761 
meanTHR_FLA_system | 45,635053 
meanTHR_FLB_system | 0,000000 

meanLoad_EF_system | 44,352002 
meanLoad_AF_system | 360,150162 
meanLoad_BE_system | 359,614636 
meanLoad_FLA_system | 45,635053 
meanLoad_FLB_system | 0,000000 

meanDELAY_EF_system | 1,382779 
meanDELAY_AF_system | 22,442370 
meanDELAY_BE_system | 1083,807598 
meanDELAY_FLA_system | 139,011588 
meanDELAY_FLB_system | NaN 
meanDELAY_CompleteFLA_system | 298,260881 
meanDELAY_CompleteFLB_system | NaN 

= = = = = = = = = = = = AVERAGE RESULTS = = = = = = = = = = = =
Packet Loss Ratio: 06,74 (%)
PROCESSED PACKAGES: 2034777852 
DISCARTED PACKAGES: 92419160 
TOTAL PACKAGES: 2127197012 
AVERAGE DELAY: 53866,14 (ms) 
AVERAGE THROUGHPUT: 754,39 (Mbps) 
GRANTED THROUGHPUT: 48578,87 (Mbps) By 64 ONUs
EFFECTIVE THROUGHPUT: 48281,01 (Mbps) By 64 ONUs
TOTAL LOAD: 51772,46 (Mbps) By 64 ONUs
ON Arrival THROUGHPUT: 0,00 (Mbps) By 64 ONUs
FINISHTIMEFL: 166,608767 
FINISHTIME: 169,608767 


fileName | IPACT_STRICTPRIORITY_3_36_96_0 
