
ONU ID 	|  PLR(%) | Delay(ms) | Throughput(Mbps) | Granted Throughput(Mbps) | Total Load (Mbps) 

  ID |  PLR(%) |  D  | Thr |  Gates  |  Load  | PLR-EF | D-EF | ThrEF | LoadEF | PLR-AF | D-AF | ThrAF | LoadAF | PLR-BE | D-BE | ThrBE | LoadBE | PLR-FA | D-FA | ThrFA | LoadFA | DTFA |  PLR-FB | D-FB | ThrFB | LoadFB | DTFB | 
   1 |  0,00 | 0,641 | 639,67 | 639,67 | 669,89 |  0,00 | 0,250 | 44,35 | 44,35 |  0,00 | 0,488 | 286,11 | 286,11 |  0,00 | 0,628 | 280,67 | 280,67 |  0,00 | 16,838 | 28,54 | 28,54 | 55,940 |   NaN | NaN | 0,00 | 0,00 | NaN
   2 |  0,00 | 0,913 | 638,14 | 638,14 | 671,84 |  0,00 | 0,262 | 44,35 | 44,35 |  0,00 | 0,688 | 284,98 | 284,98 |  0,00 | 0,924 | 280,27 | 280,27 |  0,00 | 26,642 | 28,54 | 28,54 | 75,205 |   NaN | NaN | 0,00 | 0,00 | NaN
   3 |  0,00 | 0,639 | 632,17 | 632,17 | 660,35 |  0,00 | 0,199 | 44,35 | 44,35 |  0,00 | 0,426 | 278,91 | 278,91 |  0,00 | 0,681 | 280,37 | 280,37 |  0,00 | 18,435 | 28,54 | 28,54 | 57,599 |   NaN | NaN | 0,00 | 0,00 | NaN
   4 |  0,00 | 0,613 | 638,80 | 638,80 | 667,01 |  0,00 | 0,204 | 44,35 | 44,35 |  0,00 | 0,456 | 284,46 | 284,46 |  0,00 | 0,647 | 281,45 | 281,45 |  0,00 | 16,516 | 28,54 | 28,54 | 54,406 |   NaN | NaN | 0,00 | 0,00 | NaN
   5 |  0,00 | 0,613 | 632,50 | 632,50 | 660,89 |  0,00 | 0,230 | 44,35 | 44,35 |  0,00 | 0,446 | 280,73 | 280,73 |  0,00 | 0,617 | 278,87 | 278,87 |  0,00 | 16,433 | 28,54 | 28,54 | 54,281 |   NaN | NaN | 0,00 | 0,00 | NaN
   6 |  0,00 | 0,619 | 637,53 | 637,53 | 665,70 |  0,00 | 0,178 | 44,35 | 44,35 |  0,00 | 0,411 | 283,46 | 283,46 |  0,00 | 0,688 | 281,18 | 281,18 |  0,00 | 17,921 | 28,54 | 28,54 | 57,068 |   NaN | NaN | 0,00 | 0,00 | NaN
   7 |  0,00 | 0,707 | 635,68 | 635,68 | 663,81 |  0,00 | 0,197 | 44,35 | 44,35 |  0,00 | 0,480 | 281,11 | 281,11 |  0,00 | 0,791 | 281,67 | 281,67 |  0,00 | 20,315 | 28,54 | 28,54 | 62,401 |   NaN | NaN | 0,00 | 0,00 | NaN
   8 |  0,00 | 0,651 | 640,28 | 640,28 | 669,92 |  0,00 | 0,247 | 44,35 | 44,35 |  0,00 | 0,475 | 283,04 | 283,04 |  0,00 | 0,649 | 284,34 | 284,34 |  0,00 | 17,468 | 28,54 | 28,54 | 55,950 |   NaN | NaN | 0,00 | 0,00 | NaN
   9 |  0,00 | 0,605 | 637,00 | 637,00 | 665,23 |  0,00 | 0,186 | 44,35 | 44,35 |  0,00 | 0,429 | 281,67 | 281,67 |  0,00 | 0,663 | 282,44 | 282,44 |  0,00 | 16,696 | 28,54 | 28,54 | 54,668 |   NaN | NaN | 0,00 | 0,00 | NaN
  10 |  0,00 | 0,686 | 635,41 | 635,41 | 665,09 |  0,00 | 0,247 | 44,35 | 44,35 |  0,00 | 0,509 | 282,46 | 282,46 |  0,00 | 0,640 | 280,05 | 280,05 |  0,00 | 19,427 | 28,54 | 28,54 | 57,905 |   NaN | NaN | 0,00 | 0,00 | NaN
  11 |  0,00 | 3,458 | 634,71 | 634,71 | 662,81 |  0,00 | 0,187 | 44,35 | 44,35 |  0,00 | 2,860 | 280,52 | 280,52 |  0,00 | 6,376 | 281,30 | 281,30 |  0,00 | 69,273 | 28,54 | 28,54 | 163,429 |   NaN | NaN | 0,00 | 0,00 | NaN
  12 |  0,00 | 0,614 | 636,72 | 636,72 | 666,84 |  0,00 | 0,249 | 44,35 | 44,35 |  0,00 | 0,452 | 281,50 | 281,50 |  0,00 | 0,578 | 282,32 | 282,32 |  0,00 | 16,407 | 28,54 | 28,54 | 54,295 |   NaN | NaN | 0,00 | 0,00 | NaN
  13 |  0,00 | 0,904 | 628,33 | 628,33 | 656,42 |  0,00 | 0,214 | 44,35 | 44,35 |  0,00 | 0,648 | 279,71 | 279,71 |  0,00 | 0,967 | 275,73 | 275,73 |  0,00 | 27,477 | 28,54 | 28,54 | 76,708 |   NaN | NaN | 0,00 | 0,00 | NaN
  14 |  0,00 | 0,635 | 638,99 | 638,99 | 670,46 |  0,00 | 0,255 | 44,35 | 44,35 |  0,00 | 0,467 | 282,20 | 282,20 |  0,00 | 0,567 | 283,89 | 283,89 |  0,00 | 17,728 | 28,54 | 28,54 | 54,920 |   NaN | NaN | 0,00 | 0,00 | NaN
  15 |  0,00 | 0,635 | 634,86 | 634,86 | 664,99 |  0,00 | 0,249 | 44,35 | 44,35 |  0,00 | 0,484 | 277,80 | 277,80 |  0,00 | 0,597 | 284,16 | 284,16 |  0,00 | 16,942 | 28,54 | 28,54 | 55,773 |   NaN | NaN | 0,00 | 0,00 | NaN
  16 |  0,00 | 0,620 | 642,71 | 642,71 | 671,60 |  0,00 | 0,241 | 44,35 | 44,35 |  0,00 | 0,467 | 283,35 | 283,35 |  0,00 | 0,604 | 286,47 | 286,47 |  0,00 | 16,385 | 28,54 | 28,54 | 54,429 |   NaN | NaN | 0,00 | 0,00 | NaN
  17 |  0,00 | 0,637 | 636,82 | 636,82 | 667,84 |  0,00 | 0,253 | 44,35 | 44,35 |  0,00 | 0,491 | 283,20 | 283,20 |  0,00 | 0,600 | 280,73 | 280,73 |  0,00 | 16,851 | 28,54 | 28,54 | 54,730 |   NaN | NaN | 0,00 | 0,00 | NaN
  18 |  0,00 | 0,940 | 633,09 | 633,09 | 661,39 |  0,00 | 0,230 | 44,35 | 44,35 |  0,00 | 0,667 | 280,81 | 280,81 |  0,00 | 0,990 | 279,39 | 279,39 |  0,00 | 28,732 | 28,54 | 28,54 | 74,182 |   NaN | NaN | 0,00 | 0,00 | NaN
  19 |  0,00 | 0,843 | 629,44 | 629,44 | 657,67 |  0,00 | 0,221 | 44,35 | 44,35 |  0,00 | 0,646 | 277,64 | 277,64 |  0,00 | 0,765 | 278,90 | 278,90 |  0,00 | 26,557 | 28,54 | 28,54 | 67,741 |   NaN | NaN | 0,00 | 0,00 | NaN
  20 |  0,00 | 2,406 | 629,19 | 629,19 | 657,31 |  0,00 | 0,216 | 44,35 | 44,35 |  0,00 | 2,087 | 280,66 | 280,66 |  0,00 | 3,836 | 275,64 | 275,64 |  0,00 | 55,212 | 28,54 | 28,54 | 139,439 |   NaN | NaN | 0,00 | 0,00 | NaN
  21 |  0,00 | 0,627 | 627,86 | 627,86 | 656,11 |  0,00 | 0,221 | 44,35 | 44,35 |  0,00 | 0,451 | 278,63 | 278,63 |  0,00 | 0,648 | 276,33 | 276,33 |  0,00 | 16,950 | 28,54 | 28,54 | 55,178 |   NaN | NaN | 0,00 | 0,00 | NaN
  22 |  0,00 | 0,620 | 638,96 | 638,96 | 671,87 |  0,00 | 0,260 | 44,35 | 44,35 |  0,00 | 0,465 | 286,19 | 286,19 |  0,00 | 0,557 | 279,88 | 279,88 |  0,00 | 16,736 | 28,54 | 28,54 | 54,552 |   NaN | NaN | 0,00 | 0,00 | NaN
  23 |  0,00 | 4,953 | 636,93 | 636,93 | 665,86 |  0,00 | 0,242 | 44,35 | 44,35 |  0,00 | 4,954 | 282,43 | 282,43 |  0,00 | 8,469 | 281,61 | 281,61 |  0,00 | 96,444 | 28,54 | 28,54 | 212,628 |   NaN | NaN | 0,00 | 0,00 | NaN
  24 |  0,00 | 0,889 | 639,99 | 639,99 | 668,10 |  0,00 | 0,203 | 44,35 | 44,35 |  0,00 | 0,671 | 282,62 | 282,62 |  0,00 | 0,935 | 284,47 | 284,47 |  0,00 | 26,925 | 28,54 | 28,54 | 76,018 |   NaN | NaN | 0,00 | 0,00 | NaN
  25 |  0,00 | 0,632 | 637,50 | 637,50 | 670,91 |  0,00 | 0,261 | 44,35 | 44,35 |  0,00 | 0,486 | 278,81 | 278,81 |  0,00 | 0,595 | 285,79 | 285,79 |  0,00 | 16,385 | 28,54 | 28,54 | 54,072 |   NaN | NaN | 0,00 | 0,00 | NaN
  26 |  0,00 | 0,772 | 633,73 | 633,73 | 665,79 |  0,00 | 0,257 | 44,35 | 44,35 |  0,00 | 0,547 | 281,28 | 281,28 |  0,00 | 0,723 | 279,56 | 279,56 |  0,00 | 22,985 | 28,54 | 28,54 | 65,106 |   NaN | NaN | 0,00 | 0,00 | NaN
  27 |  0,00 | 0,749 | 632,78 | 632,78 | 660,89 |  0,00 | 0,183 | 44,35 | 44,35 |  0,00 | 0,528 | 282,20 | 282,20 |  0,00 | 0,890 | 277,68 | 277,68 |  0,00 | 21,093 | 28,54 | 28,54 | 66,819 |   NaN | NaN | 0,00 | 0,00 | NaN
  28 |  0,00 | 4,456 | 629,98 | 629,98 | 660,16 |  0,00 | 0,250 | 44,35 | 44,35 |  0,00 | 4,324 | 280,48 | 280,48 |  0,00 | 7,332 | 276,60 | 276,60 |  0,00 | 94,419 | 28,54 | 28,54 | 209,219 |   NaN | NaN | 0,00 | 0,00 | NaN
  29 |  0,00 | 3,919 | 635,90 | 635,90 | 664,11 |  0,00 | 0,229 | 44,35 | 44,35 |  0,00 | 3,224 | 279,96 | 279,96 |  0,00 | 7,320 | 283,05 | 283,05 |  0,00 | 76,063 | 28,54 | 28,54 | 180,171 |   NaN | NaN | 0,00 | 0,00 | NaN
  30 |  0,00 | 1,027 | 633,86 | 633,86 | 666,75 |  0,00 | 0,260 | 44,35 | 44,35 |  0,00 | 0,804 | 280,13 | 280,13 |  0,00 | 0,943 | 280,84 | 280,84 |  0,00 | 32,242 | 28,54 | 28,54 | 82,279 |   NaN | NaN | 0,00 | 0,00 | NaN
  31 |  0,00 | 4,734 | 633,50 | 633,50 | 661,80 |  0,00 | 0,226 | 44,35 | 44,35 |  0,00 | 4,514 | 281,62 | 281,62 |  0,00 | 8,109 | 278,99 | 278,99 |  0,00 | 96,785 | 28,54 | 28,54 | 212,804 |   NaN | NaN | 0,00 | 0,00 | NaN
  32 |  0,00 | 3,257 | 637,37 | 637,37 | 665,46 |  0,00 | 0,183 | 44,35 | 44,35 |  0,00 | 2,520 | 281,66 | 281,66 |  0,00 | 6,080 | 282,82 | 282,82 |  0,00 | 66,573 | 28,54 | 28,54 | 159,059 |   NaN | NaN | 0,00 | 0,00 | NaN
  33 |  0,00 | 1,499 | 632,44 | 632,44 | 662,13 |  0,00 | 0,248 | 44,35 | 44,35 |  0,00 | 1,177 | 279,48 | 279,48 |  0,00 | 2,097 | 280,06 | 280,06 |  0,00 | 38,040 | 28,54 | 28,54 | 105,288 |   NaN | NaN | 0,00 | 0,00 | NaN
  34 |  0,00 | 0,684 | 634,89 | 634,89 | 663,65 |  0,00 | 0,240 | 44,35 | 44,35 |  0,00 | 0,511 | 280,31 | 280,31 |  0,00 | 0,709 | 281,69 | 281,69 |  0,00 | 18,218 | 28,54 | 28,54 | 60,021 |   NaN | NaN | 0,00 | 0,00 | NaN
  35 |  0,00 | 0,613 | 637,69 | 637,69 | 665,90 |  0,00 | 0,189 | 44,35 | 44,35 |  0,00 | 0,435 | 282,90 | 282,90 |  0,00 | 0,668 | 281,89 | 281,89 |  0,00 | 17,018 | 28,54 | 28,54 | 55,215 |   NaN | NaN | 0,00 | 0,00 | NaN
  36 |  0,00 | 0,684 | 633,03 | 633,03 | 662,05 |  0,00 | 0,242 | 44,35 | 44,35 |  0,00 | 0,513 | 279,14 | 279,14 |  0,00 | 0,652 | 280,99 | 280,99 |  0,00 | 19,168 | 28,54 | 28,54 | 58,630 |   NaN | NaN | 0,00 | 0,00 | NaN
  37 |  0,00 | 3,352 | 639,69 | 639,69 | 667,84 |  0,00 | 0,225 | 44,35 | 44,35 |  0,00 | 2,504 | 285,00 | 285,00 |  0,00 | 6,428 | 281,80 | 281,80 |  0,00 | 66,200 | 28,54 | 28,54 | 157,581 |   NaN | NaN | 0,00 | 0,00 | NaN
  38 |  0,00 | 0,917 | 640,19 | 640,19 | 668,36 |  0,00 | 0,216 | 44,35 | 44,35 |  0,00 | 0,712 | 283,38 | 283,38 |  0,00 | 1,052 | 283,91 | 283,91 |  0,00 | 25,567 | 28,54 | 28,54 | 75,964 |   NaN | NaN | 0,00 | 0,00 | NaN
  39 |  0,00 | 1,656 | 628,88 | 628,88 | 661,66 |  0,00 | 0,259 | 44,35 | 44,35 |  0,00 | 1,413 | 279,38 | 279,38 |  0,00 | 2,169 | 276,61 | 276,61 |  0,00 | 43,238 | 28,54 | 28,54 | 115,414 |   NaN | NaN | 0,00 | 0,00 | NaN
  40 |  0,00 | 0,876 | 628,78 | 628,78 | 661,65 |  0,00 | 0,259 | 44,35 | 44,35 |  0,00 | 0,678 | 280,25 | 280,25 |  0,00 | 0,901 | 275,64 | 275,64 |  0,00 | 24,604 | 28,54 | 28,54 | 72,957 |   NaN | NaN | 0,00 | 0,00 | NaN
  41 |  0,00 | 4,661 | 640,15 | 640,15 | 669,19 |  0,00 | 0,242 | 44,35 | 44,35 |  0,00 | 4,453 | 281,50 | 281,50 |  0,00 | 8,293 | 285,76 | 285,76 |  0,00 | 87,137 | 28,54 | 28,54 | 201,234 |   NaN | NaN | 0,00 | 0,00 | NaN
  42 |  0,00 | 4,239 | 638,34 | 638,34 | 666,37 |  0,00 | 0,188 | 44,35 | 44,35 |  0,00 | 3,509 | 282,39 | 282,39 |  0,00 | 8,337 | 283,05 | 283,05 |  0,00 | 76,181 | 28,54 | 28,54 | 180,353 |   NaN | NaN | 0,00 | 0,00 | NaN
  43 |  0,00 | 1,881 | 641,16 | 641,16 | 673,57 |  0,00 | 0,267 | 44,35 | 44,35 |  0,00 | 1,549 | 284,77 | 284,77 |  0,00 | 2,806 | 283,49 | 283,49 |  0,00 | 44,556 | 28,54 | 28,54 | 118,240 |   NaN | NaN | 0,00 | 0,00 | NaN
  44 |  0,00 | 4,754 | 637,52 | 637,52 | 665,60 |  0,00 | 0,179 | 44,35 | 44,35 |  0,00 | 4,405 | 281,79 | 281,79 |  0,00 | 8,600 | 282,84 | 282,84 |  0,00 | 91,756 | 28,54 | 28,54 | 208,103 |   NaN | NaN | 0,00 | 0,00 | NaN
  45 |  0,00 | 4,116 | 636,10 | 636,10 | 670,19 |  0,00 | 0,263 | 44,35 | 44,35 |  0,00 | 3,363 | 283,97 | 283,97 |  0,00 | 7,755 | 279,24 | 279,24 |  0,00 | 79,424 | 28,54 | 28,54 | 185,896 |   NaN | NaN | 0,00 | 0,00 | NaN
  46 |  0,00 | 2,443 | 635,49 | 635,49 | 663,55 |  0,00 | 0,202 | 44,35 | 44,35 |  0,00 | 1,993 | 280,95 | 280,95 |  0,00 | 4,099 | 281,65 | 281,65 |  0,00 | 54,580 | 28,54 | 28,54 | 138,671 |   NaN | NaN | 0,00 | 0,00 | NaN
  47 |  0,00 | 4,598 | 635,01 | 635,01 | 663,14 |  0,00 | 0,200 | 44,35 | 44,35 |  0,00 | 4,376 | 283,10 | 283,10 |  0,00 | 7,771 | 279,02 | 279,02 |  0,00 | 96,718 | 28,54 | 28,54 | 210,374 |   NaN | NaN | 0,00 | 0,00 | NaN
  48 |  0,00 | 4,765 | 633,36 | 633,36 | 661,68 |  0,00 | 0,230 | 44,35 | 44,35 |  0,00 | 4,104 | 280,17 | 280,17 |  0,00 | 8,965 | 280,29 | 280,29 |  0,00 | 90,267 | 28,54 | 28,54 | 204,418 |   NaN | NaN | 0,00 | 0,00 | NaN
  49 |  0,00 | 4,431 | 634,32 | 634,32 | 663,30 |  0,00 | 0,242 | 44,35 | 44,35 |  0,00 | 4,264 | 282,33 | 282,33 |  0,00 | 7,211 | 279,09 | 279,09 |  0,00 | 95,806 | 28,54 | 28,54 | 208,299 |   NaN | NaN | 0,00 | 0,00 | NaN
  50 |  0,00 | 1,786 | 636,78 | 636,78 | 664,81 |  0,00 | 0,196 | 44,35 | 44,35 |  0,00 | 1,460 | 283,99 | 283,99 |  0,00 | 2,720 | 279,89 | 279,89 |  0,00 | 43,598 | 28,54 | 28,54 | 115,892 |   NaN | NaN | 0,00 | 0,00 | NaN
  51 |  0,00 | 4,837 | 636,58 | 636,58 | 664,66 |  0,00 | 0,194 | 44,35 | 44,35 |  0,00 | 4,256 | 280,49 | 280,49 |  0,00 | 9,205 | 283,20 | 283,20 |  0,00 | 88,534 | 28,54 | 28,54 | 203,605 |   NaN | NaN | 0,00 | 0,00 | NaN
  52 |  0,00 | 5,092 | 632,10 | 632,10 | 660,22 |  0,00 | 0,221 | 44,35 | 44,35 |  0,00 | 4,451 | 277,85 | 277,85 |  0,00 | 10,263 | 281,36 | 281,36 |  0,00 | 82,978 | 28,54 | 28,54 | 194,548 |   NaN | NaN | 0,00 | 0,00 | NaN
  53 |  0,00 | 3,119 | 637,03 | 637,03 | 665,14 |  0,00 | 0,208 | 44,35 | 44,35 |  0,00 | 2,426 | 282,35 | 282,35 |  0,00 | 5,690 | 281,79 | 281,79 |  0,00 | 65,142 | 28,54 | 28,54 | 156,732 |   NaN | NaN | 0,00 | 0,00 | NaN
  54 |  0,00 | 4,540 | 632,60 | 632,60 | 660,68 |  0,00 | 0,210 | 44,35 | 44,35 |  0,00 | 3,767 | 281,55 | 281,55 |  0,00 | 9,102 | 278,16 | 278,16 |  0,00 | 79,296 | 28,54 | 28,54 | 185,863 |   NaN | NaN | 0,00 | 0,00 | NaN
  55 |  0,00 | 1,019 | 634,42 | 634,42 | 662,55 |  0,00 | 0,196 | 44,35 | 44,35 |  0,00 | 0,789 | 280,11 | 280,11 |  0,00 | 1,330 | 281,42 | 281,42 |  0,00 | 26,943 | 28,54 | 28,54 | 79,018 |   NaN | NaN | 0,00 | 0,00 | NaN
  56 |  0,00 | 5,093 | 633,07 | 633,07 | 661,20 |  0,00 | 0,201 | 44,35 | 44,35 |  0,00 | 4,438 | 279,29 | 279,29 |  0,00 | 10,055 | 280,89 | 280,89 |  0,00 | 88,038 | 28,54 | 28,54 | 201,575 |   NaN | NaN | 0,00 | 0,00 | NaN
  57 |  0,00 | 4,594 | 635,93 | 635,93 | 664,08 |  0,00 | 0,198 | 44,35 | 44,35 |  0,00 | 4,631 | 281,10 | 281,10 |  0,00 | 7,470 | 281,94 | 281,94 |  0,00 | 96,775 | 28,54 | 28,54 | 212,688 |   NaN | NaN | 0,00 | 0,00 | NaN
  58 |  0,00 | 4,914 | 635,43 | 635,43 | 663,71 |  0,00 | 0,227 | 44,35 | 44,35 |  0,00 | 4,312 | 280,70 | 280,70 |  0,00 | 9,030 | 281,83 | 281,83 |  0,00 | 95,572 | 28,54 | 28,54 | 212,293 |   NaN | NaN | 0,00 | 0,00 | NaN
  59 |  0,00 | 0,778 | 639,61 | 639,61 | 669,15 |  0,00 | 0,246 | 44,35 | 44,35 |  0,00 | 0,571 | 281,96 | 281,96 |  0,00 | 0,765 | 284,76 | 284,76 |  0,00 | 22,615 | 28,54 | 28,54 | 64,647 |   NaN | NaN | 0,00 | 0,00 | NaN
  60 |  0,00 | 4,699 | 635,29 | 635,29 | 663,38 |  0,00 | 0,181 | 44,35 | 44,35 |  0,00 | 4,099 | 281,60 | 281,60 |  0,00 | 8,953 | 280,80 | 280,80 |  0,00 | 87,451 | 28,54 | 28,54 | 201,346 |   NaN | NaN | 0,00 | 0,00 | NaN
  61 |  0,00 | 2,709 | 637,60 | 637,60 | 665,71 |  0,00 | 0,203 | 44,35 | 44,35 |  0,00 | 2,236 | 281,98 | 281,98 |  0,00 | 4,556 | 282,73 | 282,73 |  0,00 | 60,487 | 28,54 | 28,54 | 147,273 |   NaN | NaN | 0,00 | 0,00 | NaN
  62 |  0,00 | 4,506 | 637,76 | 637,76 | 672,58 |  0,00 | 0,265 | 44,35 | 44,35 |  0,00 | 4,201 | 282,81 | 282,81 |  0,00 | 7,733 | 282,06 | 282,06 |  0,00 | 91,306 | 28,54 | 28,54 | 207,126 |   NaN | NaN | 0,00 | 0,00 | NaN
  63 |  0,00 | 1,025 | 637,40 | 637,40 | 665,57 |  0,00 | 0,220 | 44,35 | 44,35 |  0,00 | 0,706 | 282,97 | 282,97 |  0,00 | 1,095 | 281,53 | 281,53 |  0,00 | 32,499 | 28,54 | 28,54 | 82,765 |   NaN | NaN | 0,00 | 0,00 | NaN
  64 |  0,00 | 4,588 | 631,28 | 631,28 | 665,68 |  0,00 | 0,264 | 44,35 | 44,35 |  0,00 | 3,842 | 278,29 | 278,29 |  0,00 | 9,103 | 280,09 | 280,09 |  0,00 | 78,768 | 28,54 | 28,54 | 185,173 |   NaN | NaN | 0,00 | 0,00 | NaN

= = = = = = = = = = = = AVERAGE RESULTS system = = = = = = = = = = = =
meanPLR_system | 0,000000 
meanDelay_system | 2,257502 
meanLoad_system | 635,473947 
meanTHR_system | 635,473947 
meanGate_system | 664,903069 

meanPLR_EF_system | 0,000000 
meanPLR_AF_system | 0,000000 
meanPLR_BE_system | 0,000000 
meanPLR_FLA_system | 0,000000 
meanPLR_FLB_system | NaN 

meanTHR_EF_system | 44,352001 
meanTHR_AF_system | 281,534031 
meanTHR_BE_system | 281,045751 
meanTHR_FLA_system | 28,961515 
meanTHR_FLB_system | 0,000000 

meanLoad_EF_system | 44,352001 
meanLoad_AF_system | 281,534031 
meanLoad_BE_system | 281,045751 
meanLoad_FLA_system | 28,961515 
meanLoad_FLB_system | 0,000000 

meanDELAY_EF_system | 0,225149 
meanDELAY_AF_system | 1,932986 
meanDELAY_BE_system | 3,765512 
meanDELAY_FLA_system | 47,974006 
meanDELAY_FLB_system | NaN 
meanDELAY_CompleteFLA_system | 119,002774 
meanDELAY_CompleteFLB_system | NaN 

= = = = = = = = = = = = AVERAGE RESULTS = = = = = = = = = = = =
Packet Loss Ratio: 00,00 (%)
PROCESSED PACKAGES: 2253207859 
DISCARTED PACKAGES: 0 
TOTAL PACKAGES: 2253207859 
AVERAGE DELAY: 383,54 (ms) 
AVERAGE THROUGHPUT: 635,47 (Mbps) 
GRANTED THROUGHPUT: 42553,80 (Mbps) By 64 ONUs
EFFECTIVE THROUGHPUT: 40670,33 (Mbps) By 64 ONUs
TOTAL LOAD: 40670,33 (Mbps) By 64 ONUs
ON Arrival THROUGHPUT: 0,00 (Mbps) By 64 ONUs
FINISHTIMEFL: 204,188214 
FINISHTIME: 207,188214 


fileName | IPACT_STRICTPRIORITY_5_28_75_0 
