
ONU ID 	|  PLR(%) | Delay(ms) | Throughput(Mbps) | Granted Throughput(Mbps) | Total Load (Mbps) 

  ID |  PLR(%) |  D  | Thr |  Gates  |  Load  | PLR-EF | D-EF | ThrEF | LoadEF | PLR-AF | D-AF | ThrAF | LoadAF | PLR-BE | D-BE | ThrBE | LoadBE | PLR-FA | D-FA | ThrFA | LoadFA | DTFA |  PLR-FB | D-FB | ThrFB | LoadFB | DTFB | 
   1 |  7,02 | 289,373 | 754,56 | 811,54 | 759,39 |  0,00 | 1,406 | 44,35 | 44,35 |  0,00 | 28,429 | 358,87 | 358,87 | 16,46 | 1131,489 | 289,19 | 346,17 |  0,00 | 139,853 | 62,15 | 62,15 | 308,279 |   NaN | NaN | 0,00 | 0,00 | NaN
   2 |  7,16 | 276,064 | 753,71 | 811,79 | 758,12 |  0,00 | 1,418 | 44,35 | 44,35 |  0,00 | 14,583 | 352,76 | 352,76 | 16,48 | 1060,689 | 294,44 | 352,53 |  0,00 | 259,914 | 62,15 | 62,15 | 799,065 |   NaN | NaN | 0,00 | 0,00 | NaN
   3 |  7,08 | 279,879 | 755,09 | 812,64 | 759,49 |  0,00 | 1,354 | 44,35 | 44,35 |  0,00 | 15,304 | 353,76 | 353,76 | 16,33 | 1077,635 | 294,83 | 352,38 |  0,00 | 238,075 | 62,15 | 62,15 | 732,321 |   NaN | NaN | 0,00 | 0,00 | NaN
   4 |  7,89 | 287,571 | 754,66 | 819,34 | 759,44 |  0,00 | 1,360 | 44,35 | 44,35 |  0,00 | 32,180 | 359,86 | 359,86 | 18,32 | 1122,896 | 288,30 | 352,98 |  0,00 | 139,325 | 62,15 | 62,15 | 302,390 |   NaN | NaN | 0,00 | 0,00 | NaN
   5 |  6,82 | 265,602 | 753,24 | 808,36 | 757,55 |  0,00 | 1,386 | 44,35 | 44,35 |  0,00 | 5,983 | 351,52 | 351,52 | 15,73 | 1011,464 | 295,21 | 350,34 |  0,00 | 390,175 | 62,15 | 62,15 | 1195,962 |   NaN | NaN | 0,00 | 0,00 | NaN
   6 |  7,67 | 277,993 | 755,56 | 818,35 | 759,88 |  0,00 | 1,334 | 44,35 | 44,35 |  0,00 | 10,643 | 357,10 | 357,10 | 17,70 | 1079,439 | 291,96 | 354,74 |  0,00 | 301,022 | 62,15 | 62,15 | 928,675 |   NaN | NaN | 0,00 | 0,00 | NaN
   7 |  7,19 | 286,371 | 754,30 | 812,71 | 759,04 |  0,00 | 1,353 | 44,35 | 44,35 |  0,00 | 28,053 | 353,94 | 353,94 | 16,58 | 1101,667 | 293,86 | 352,27 |  0,00 | 147,093 | 62,15 | 62,15 | 367,674 |   NaN | NaN | 0,00 | 0,00 | NaN
   8 |  7,41 | 287,716 | 754,73 | 815,16 | 759,11 |  0,00 | 1,403 | 44,35 | 44,35 |  0,00 | 13,891 | 351,74 | 351,74 | 16,93 | 1101,576 | 296,49 | 356,92 |  0,00 | 261,957 | 62,15 | 62,15 | 809,537 |   NaN | NaN | 0,00 | 0,00 | NaN
   9 |  7,49 | 289,304 | 755,15 | 816,26 | 759,73 |  0,00 | 1,342 | 44,35 | 44,35 |  0,00 | 26,751 | 357,44 | 357,44 | 17,35 | 1122,503 | 291,21 | 352,32 |  0,00 | 171,057 | 62,15 | 62,15 | 494,853 |   NaN | NaN | 0,00 | 0,00 | NaN
  10 |  7,13 | 283,422 | 754,92 | 812,88 | 759,74 |  0,00 | 1,403 | 44,35 | 44,35 |  0,00 | 29,323 | 353,96 | 353,96 | 16,45 | 1087,379 | 294,46 | 352,42 |  0,00 | 139,333 | 62,15 | 62,15 | 305,840 |   NaN | NaN | 0,00 | 0,00 | NaN
  11 |  6,52 | 272,271 | 753,95 | 806,50 | 758,28 |  0,00 | 1,343 | 44,35 | 44,35 |  0,00 | 2,370 | 346,00 | 346,00 | 14,84 | 1004,580 | 301,44 | 354,00 |  0,00 | 550,085 | 62,15 | 62,15 | 1675,858 |   NaN | NaN | 0,00 | 0,00 | NaN
  12 |  7,09 | 283,725 | 754,85 | 812,42 | 759,19 |  0,00 | 1,405 | 44,35 | 44,35 |  0,00 | 11,336 | 353,96 | 353,96 | 16,36 | 1092,018 | 294,39 | 351,96 |  0,00 | 302,002 | 62,15 | 62,15 | 930,883 |   NaN | NaN | 0,00 | 0,00 | NaN
  13 |  5,91 | 271,677 | 755,00 | 802,45 | 759,36 |  0,00 | 1,370 | 44,35 | 44,35 |  0,00 | 11,478 | 348,27 | 348,27 | 13,65 | 1028,392 | 300,23 | 347,67 |  0,00 | 260,127 | 62,15 | 62,15 | 802,996 |   NaN | NaN | 0,00 | 0,00 | NaN
  14 |  7,53 | 271,645 | 754,26 | 815,70 | 758,62 |  0,00 | 1,411 | 44,35 | 44,35 |  0,00 | 4,191 | 354,46 | 354,46 | 17,32 | 1045,697 | 293,30 | 354,74 |  0,00 | 387,691 | 62,15 | 62,15 | 1188,373 |   NaN | NaN | 0,00 | 0,00 | NaN
  15 |  6,75 | 280,110 | 753,66 | 808,20 | 758,37 |  0,00 | 1,405 | 44,35 | 44,35 |  0,00 | 24,925 | 348,39 | 348,39 | 15,44 | 1061,561 | 298,77 | 353,31 |  0,00 | 155,631 | 62,15 | 62,15 | 397,493 |   NaN | NaN | 0,00 | 0,00 | NaN
  16 |  7,68 | 286,074 | 753,78 | 816,50 | 758,29 |  0,00 | 1,396 | 44,35 | 44,35 |  0,00 | 17,709 | 352,51 | 352,51 | 17,55 | 1101,944 | 294,77 | 357,49 |  0,00 | 208,771 | 62,15 | 62,15 | 616,212 |   NaN | NaN | 0,00 | 0,00 | NaN
  17 |  7,61 | 288,968 | 752,83 | 814,85 | 757,44 |  0,00 | 1,409 | 44,35 | 44,35 |  0,00 | 19,661 | 353,80 | 353,80 | 17,49 | 1120,742 | 292,52 | 354,55 |  0,00 | 188,409 | 62,15 | 62,15 | 542,169 |   NaN | NaN | 0,00 | 0,00 | NaN
  18 |  7,14 | 278,247 | 754,47 | 812,48 | 758,78 |  0,00 | 1,386 | 44,35 | 44,35 |  0,00 | 2,497 | 351,32 | 351,32 | 16,36 | 1040,955 | 296,65 | 354,65 |  0,00 | 585,131 | 62,15 | 62,15 | 1781,078 |   NaN | NaN | 0,00 | 0,00 | NaN
  19 |  6,18 | 267,471 | 754,62 | 804,34 | 758,93 |  0,00 | 1,377 | 44,35 | 44,35 |  0,00 | 4,945 | 347,45 | 347,45 | 14,19 | 994,882 | 300,67 | 350,39 |  0,00 | 463,779 | 62,15 | 62,15 | 1416,747 |   NaN | NaN | 0,00 | 0,00 | NaN
  20 |  6,43 | 270,988 | 755,76 | 807,69 | 760,08 |  0,00 | 1,372 | 44,35 | 44,35 |  0,00 | 2,044 | 354,87 | 354,87 | 14,99 | 1023,296 | 294,39 | 346,32 |  0,00 | 564,897 | 62,15 | 62,15 | 1720,267 |   NaN | NaN | 0,00 | 0,00 | NaN
  21 |  5,98 | 273,292 | 752,57 | 800,42 | 757,35 |  0,00 | 1,377 | 44,35 | 44,35 |  0,00 | 30,386 | 347,41 | 347,41 | 13,81 | 1028,992 | 298,66 | 346,51 |  0,00 | 141,708 | 62,15 | 62,15 | 331,181 |   NaN | NaN | 0,00 | 0,00 | NaN
  22 |  7,91 | 285,701 | 755,12 | 819,95 | 759,49 |  0,00 | 1,416 | 44,35 | 44,35 |  0,00 | 5,099 | 361,79 | 361,79 | 18,44 | 1126,217 | 286,83 | 351,66 |  0,00 | 393,492 | 62,15 | 62,15 | 1206,152 |   NaN | NaN | 0,00 | 0,00 | NaN
  23 |  7,47 | 283,214 | 754,35 | 815,23 | 758,69 |  0,00 | 1,398 | 44,35 | 44,35 |  0,00 | 2,517 | 356,28 | 356,28 | 17,27 | 1084,679 | 291,57 | 352,45 |  0,00 | 531,795 | 62,15 | 62,15 | 1620,877 |   NaN | NaN | 0,00 | 0,00 | NaN
  24 |  7,08 | 277,885 | 755,34 | 812,89 | 759,72 |  0,00 | 1,359 | 44,35 | 44,35 |  0,00 | 13,892 | 352,61 | 352,61 | 16,27 | 1065,443 | 296,22 | 353,78 |  0,00 | 248,573 | 62,15 | 62,15 | 764,542 |   NaN | NaN | 0,00 | 0,00 | NaN
  25 |  8,07 | 292,392 | 754,50 | 820,69 | 759,20 |  0,00 | 1,417 | 44,35 | 44,35 |  0,00 | 28,738 | 352,52 | 352,52 | 18,30 | 1117,485 | 295,47 | 361,67 |  0,00 | 157,537 | 62,15 | 62,15 | 414,636 |   NaN | NaN | 0,00 | 0,00 | NaN
  26 |  6,77 | 277,658 | 754,86 | 809,71 | 759,55 |  0,00 | 1,413 | 44,35 | 44,35 |  0,00 | 32,374 | 351,45 | 351,45 | 15,59 | 1050,369 | 296,90 | 351,75 |  0,00 | 153,350 | 62,15 | 62,15 | 404,123 |   NaN | NaN | 0,00 | 0,00 | NaN
  27 |  6,61 | 271,890 | 755,51 | 809,00 | 759,82 |  0,00 | 1,339 | 44,35 | 44,35 |  0,00 | 2,341 | 353,04 | 353,04 | 15,31 | 1015,996 | 295,97 | 349,46 |  0,00 | 611,781 | 62,15 | 62,15 | 1861,146 |   NaN | NaN | 0,00 | 0,00 | NaN
  28 |  6,37 | 285,600 | 754,05 | 805,32 | 758,39 |  0,00 | 1,406 | 44,35 | 44,35 |  0,00 | 3,633 | 352,55 | 352,55 | 14,81 | 1081,883 | 295,00 | 346,27 |  0,00 | 516,768 | 62,15 | 62,15 | 1575,851 |   NaN | NaN | 0,00 | 0,00 | NaN
  29 |  7,58 | 277,271 | 755,39 | 817,34 | 759,72 |  0,00 | 1,385 | 44,35 | 44,35 |  0,00 | 2,439 | 355,80 | 355,80 | 17,45 | 1052,942 | 293,09 | 355,03 |  0,00 | 558,357 | 62,15 | 62,15 | 1700,907 |   NaN | NaN | 0,00 | 0,00 | NaN
  30 |  6,48 | 272,347 | 755,18 | 807,50 | 759,54 |  0,00 | 1,416 | 44,35 | 44,35 |  0,00 | 2,263 | 350,17 | 350,17 | 14,91 | 1013,180 | 298,51 | 350,83 |  0,00 | 574,024 | 62,15 | 62,15 | 1747,796 |   NaN | NaN | 0,00 | 0,00 | NaN
  31 |  6,67 | 275,812 | 755,44 | 809,40 | 759,78 |  0,00 | 1,383 | 44,35 | 44,35 |  0,00 | 2,699 | 351,29 | 351,29 | 15,35 | 1036,745 | 297,65 | 351,61 |  0,00 | 510,427 | 62,15 | 62,15 | 1556,932 |   NaN | NaN | 0,00 | 0,00 | NaN
  32 |  6,79 | 279,057 | 755,36 | 810,35 | 759,69 |  0,00 | 1,339 | 44,35 | 44,35 |  0,00 | 3,126 | 351,71 | 351,71 | 15,62 | 1046,793 | 297,15 | 352,14 |  0,00 | 543,540 | 62,15 | 62,15 | 1656,331 |   NaN | NaN | 0,00 | 0,00 | NaN
  33 |  6,27 | 265,109 | 755,62 | 806,20 | 759,95 |  0,00 | 1,404 | 44,35 | 44,35 |  0,00 | 2,726 | 348,63 | 348,63 | 14,41 | 979,869 | 300,49 | 351,07 |  0,00 | 553,838 | 62,15 | 62,15 | 1687,111 |   NaN | NaN | 0,00 | 0,00 | NaN
  34 |  6,13 | 269,148 | 755,62 | 804,99 | 759,95 |  0,00 | 1,396 | 44,35 | 44,35 |  0,00 | 2,224 | 351,84 | 351,84 | 14,24 | 999,289 | 297,28 | 346,65 |  0,00 | 626,403 | 62,15 | 62,15 | 1905,277 |   NaN | NaN | 0,00 | 0,00 | NaN
  35 |  7,40 | 274,789 | 755,33 | 815,68 | 759,65 |  0,00 | 1,345 | 44,35 | 44,35 |  0,00 | 1,759 | 354,07 | 354,07 | 17,00 | 1030,802 | 294,76 | 355,11 |  0,00 | 624,444 | 62,15 | 62,15 | 1901,895 |   NaN | NaN | 0,00 | 0,00 | NaN
  36 |  6,28 | 266,955 | 755,59 | 806,22 | 759,90 |  0,00 | 1,398 | 44,35 | 44,35 |  0,00 | 2,582 | 346,76 | 346,76 | 14,35 | 973,028 | 302,32 | 352,96 |  0,00 | 629,468 | 62,15 | 62,15 | 1914,129 |   NaN | NaN | 0,00 | 0,00 | NaN
  37 |  7,65 | 282,108 | 755,10 | 817,65 | 759,43 |  0,00 | 1,381 | 44,35 | 44,35 |  0,00 | 3,252 | 358,63 | 358,63 | 17,74 | 1083,552 | 289,97 | 352,51 |  0,00 | 551,698 | 62,15 | 62,15 | 1680,731 |   NaN | NaN | 0,00 | 0,00 | NaN
  38 |  6,93 | 274,539 | 755,18 | 811,44 | 759,50 |  0,00 | 1,372 | 44,35 | 44,35 |  0,00 | 3,009 | 353,34 | 353,34 | 16,00 | 1030,772 | 295,33 | 351,60 |  0,00 | 582,406 | 62,15 | 62,15 | 1772,908 |   NaN | NaN | 0,00 | 0,00 | NaN
  39 |  5,96 | 269,162 | 753,97 | 801,72 | 758,32 |  0,00 | 1,415 | 44,35 | 44,35 |  0,00 | 3,492 | 348,69 | 348,69 | 13,78 | 997,373 | 298,78 | 346,52 |  0,00 | 568,821 | 62,15 | 62,15 | 1732,215 |   NaN | NaN | 0,00 | 0,00 | NaN
  40 |  5,96 | 261,114 | 753,90 | 801,64 | 758,23 |  0,00 | 1,415 | 44,35 | 44,35 |  0,00 | 3,348 | 348,62 | 348,62 | 13,78 | 964,041 | 298,78 | 346,52 |  0,00 | 587,756 | 62,15 | 62,15 | 1788,977 |   NaN | NaN | 0,00 | 0,00 | NaN
  41 |  7,41 | 272,725 | 754,12 | 814,44 | 758,47 |  0,00 | 1,398 | 44,35 | 44,35 |  0,00 | 3,638 | 350,62 | 350,62 | 16,88 | 1022,957 | 297,00 | 357,32 |  0,00 | 520,100 | 62,15 | 62,15 | 1585,943 |   NaN | NaN | 0,00 | 0,00 | NaN
  42 |  7,53 | 278,647 | 755,33 | 816,85 | 759,64 |  0,00 | 1,344 | 44,35 | 44,35 |  0,00 | 2,326 | 355,36 | 355,36 | 17,33 | 1058,570 | 293,47 | 354,99 |  0,00 | 549,606 | 62,15 | 62,15 | 1674,298 |   NaN | NaN | 0,00 | 0,00 | NaN
  43 |  7,57 | 273,650 | 754,96 | 816,80 | 759,30 |  0,00 | 1,423 | 44,35 | 44,35 |  0,00 | 2,694 | 355,04 | 355,04 | 17,41 | 1036,756 | 293,42 | 355,26 |  0,00 | 556,858 | 62,15 | 62,15 | 1696,440 |   NaN | NaN | 0,00 | 0,00 | NaN
  44 |  7,68 | 283,206 | 755,32 | 818,14 | 759,62 |  0,00 | 1,335 | 44,35 | 44,35 |  0,00 | 2,425 | 352,98 | 352,98 | 17,51 | 1070,303 | 295,84 | 358,65 |  0,00 | 529,691 | 62,15 | 62,15 | 1614,565 |   NaN | NaN | 0,00 | 0,00 | NaN
  45 |  7,17 | 275,589 | 755,13 | 813,46 | 759,48 |  0,00 | 1,419 | 44,35 | 44,35 |  0,00 | 2,997 | 358,02 | 358,02 | 16,72 | 1059,591 | 290,61 | 348,94 |  0,00 | 507,615 | 62,15 | 62,15 | 1548,433 |   NaN | NaN | 0,00 | 0,00 | NaN
  46 |  6,84 | 271,509 | 755,12 | 810,56 | 759,42 |  0,00 | 1,358 | 44,35 | 44,35 |  0,00 | 2,477 | 348,50 | 348,50 | 15,59 | 1007,883 | 300,12 | 355,56 |  0,00 | 539,932 | 62,15 | 62,15 | 1645,469 |   NaN | NaN | 0,00 | 0,00 | NaN
  47 |  6,32 | 272,980 | 755,39 | 806,34 | 759,72 |  0,00 | 1,356 | 44,35 | 44,35 |  0,00 | 3,807 | 352,63 | 352,63 | 14,67 | 1029,107 | 296,26 | 347,21 |  0,00 | 506,220 | 62,15 | 62,15 | 1544,259 |   NaN | NaN | 0,00 | 0,00 | NaN
  48 |  6,45 | 271,485 | 753,79 | 805,76 | 758,12 |  0,00 | 1,386 | 44,35 | 44,35 |  0,00 | 3,480 | 349,95 | 349,95 | 14,88 | 1015,504 | 297,34 | 349,31 |  0,00 | 530,642 | 62,15 | 62,15 | 1617,403 |   NaN | NaN | 0,00 | 0,00 | NaN
  49 |  6,27 | 272,278 | 754,68 | 805,15 | 759,01 |  0,00 | 1,398 | 44,35 | 44,35 |  0,00 | 3,606 | 350,91 | 350,91 | 14,51 | 1019,551 | 297,27 | 347,74 |  0,00 | 531,616 | 62,15 | 62,15 | 1620,352 |   NaN | NaN | 0,00 | 0,00 | NaN
  50 |  6,85 | 264,982 | 754,42 | 809,87 | 758,73 |  0,00 | 1,352 | 44,35 | 44,35 |  0,00 | 2,437 | 353,11 | 353,11 | 15,83 | 995,506 | 294,81 | 350,26 |  0,00 | 569,898 | 62,15 | 62,15 | 1735,390 |   NaN | NaN | 0,00 | 0,00 | NaN
  51 |  6,96 | 268,301 | 755,01 | 811,50 | 759,33 |  0,00 | 1,350 | 44,35 | 44,35 |  0,00 | 2,521 | 351,73 | 351,73 | 15,99 | 1006,893 | 296,77 | 353,27 |  0,00 | 530,764 | 62,15 | 62,15 | 1617,758 |   NaN | NaN | 0,00 | 0,00 | NaN
  52 |  6,79 | 277,091 | 755,27 | 810,29 | 759,61 |  0,00 | 1,377 | 44,35 | 44,35 |  0,00 | 2,087 | 347,41 | 347,41 | 15,44 | 1026,203 | 301,36 | 356,39 |  0,00 | 537,711 | 62,15 | 62,15 | 1638,887 |   NaN | NaN | 0,00 | 0,00 | NaN
  53 |  6,94 | 279,161 | 755,07 | 811,35 | 759,39 |  0,00 | 1,364 | 44,35 | 44,35 |  0,00 | 3,200 | 352,74 | 352,74 | 15,98 | 1051,285 | 295,83 | 352,11 |  0,00 | 547,795 | 62,15 | 62,15 | 1669,197 |   NaN | NaN | 0,00 | 0,00 | NaN
  54 |  6,19 | 268,668 | 755,13 | 804,98 | 759,47 |  0,00 | 1,366 | 44,35 | 44,35 |  0,00 | 3,360 | 351,33 | 351,33 | 14,36 | 1003,827 | 297,30 | 347,15 |  0,00 | 549,405 | 62,15 | 62,15 | 1674,028 |   NaN | NaN | 0,00 | 0,00 | NaN
  55 |  6,83 | 275,125 | 754,95 | 810,33 | 759,26 |  0,00 | 1,352 | 44,35 | 44,35 |  0,00 | 2,355 | 350,61 | 350,61 | 15,68 | 1025,747 | 297,85 | 353,22 |  0,00 | 579,529 | 62,15 | 62,15 | 1764,445 |   NaN | NaN | 0,00 | 0,00 | NaN
  56 |  6,08 | 269,807 | 755,48 | 804,37 | 759,80 |  0,00 | 1,357 | 44,35 | 44,35 |  0,00 | 3,082 | 350,04 | 350,04 | 14,06 | 1005,084 | 298,94 | 347,84 |  0,00 | 536,388 | 62,15 | 62,15 | 1634,593 |   NaN | NaN | 0,00 | 0,00 | NaN
  57 |  6,75 | 263,783 | 755,07 | 809,77 | 759,41 |  0,00 | 1,354 | 44,35 | 44,35 |  0,00 | 3,900 | 350,65 | 350,65 | 15,51 | 985,473 | 297,92 | 352,62 |  0,00 | 513,563 | 62,15 | 62,15 | 1566,232 |   NaN | NaN | 0,00 | 0,00 | NaN
  58 |  6,90 | 280,267 | 755,75 | 811,80 | 760,08 |  0,00 | 1,383 | 44,35 | 44,35 |  0,00 | 3,129 | 355,45 | 355,45 | 16,02 | 1065,692 | 293,80 | 349,85 |  0,00 | 524,437 | 62,15 | 62,15 | 1598,918 |   NaN | NaN | 0,00 | 0,00 | NaN
  59 |  7,37 | 274,288 | 755,09 | 815,15 | 759,39 |  0,00 | 1,402 | 44,35 | 44,35 |  0,00 | 2,973 | 351,08 | 351,08 | 16,80 | 1016,079 | 297,50 | 357,56 |  0,00 | 638,134 | 62,15 | 62,15 | 1939,946 |   NaN | NaN | 0,00 | 0,00 | NaN
  60 |  7,20 | 280,594 | 753,98 | 812,47 | 758,29 |  0,00 | 1,337 | 44,35 | 44,35 |  0,00 | 2,468 | 353,41 | 353,41 | 16,59 | 1066,398 | 294,07 | 352,56 |  0,00 | 519,664 | 62,15 | 62,15 | 1584,612 |   NaN | NaN | 0,00 | 0,00 | NaN
  61 |  7,41 | 276,087 | 755,60 | 816,10 | 759,90 |  0,00 | 1,359 | 44,35 | 44,35 |  0,00 | 3,556 | 354,42 | 354,42 | 17,03 | 1040,107 | 294,68 | 355,18 |  0,00 | 569,643 | 62,15 | 62,15 | 1734,662 |   NaN | NaN | 0,00 | 0,00 | NaN
  62 |  7,31 | 271,980 | 753,80 | 813,24 | 758,16 |  0,00 | 1,421 | 44,35 | 44,35 |  0,00 | 3,700 | 351,54 | 351,54 | 16,73 | 1022,633 | 295,76 | 355,19 |  0,00 | 530,822 | 62,15 | 62,15 | 1618,020 |   NaN | NaN | 0,00 | 0,00 | NaN
  63 |  7,23 | 276,153 | 753,18 | 811,87 | 757,49 |  0,00 | 1,376 | 44,35 | 44,35 |  0,00 | 2,569 | 355,49 | 355,49 | 16,78 | 1051,127 | 291,18 | 349,88 |  0,00 | 578,300 | 62,15 | 62,15 | 1760,640 |   NaN | NaN | 0,00 | 0,00 | NaN
  64 |  5,96 | 266,049 | 755,84 | 803,75 | 760,20 |  0,00 | 1,420 | 44,35 | 44,35 |  0,00 | 2,562 | 350,13 | 350,13 | 13,80 | 988,522 | 299,21 | 347,12 |  0,00 | 549,100 | 62,15 | 62,15 | 1673,073 |   NaN | NaN | 0,00 | 0,00 | NaN

= = = = = = = = = = = = AVERAGE RESULTS system = = = = = = = = = = = =
meanPLR_system | 6,938333 
meanDelay_system | 276,154980 
meanLoad_system | 811,060191 
meanTHR_system | 754,758941 
meanGate_system | 759,156834 

meanPLR_EF_system | 0,000000 
meanPLR_AF_system | 0,000000 
meanPLR_BE_system | 15,984904 
meanPLR_FLA_system | 0,000000 
meanPLR_FLB_system | NaN 

meanTHR_EF_system | 44,352003 
meanTHR_AF_system | 352,537321 
meanTHR_BE_system | 295,720571 
meanTHR_FLA_system | 63,551628 
meanTHR_FLB_system | 0,000000 

meanLoad_EF_system | 44,352003 
meanLoad_AF_system | 352,537321 
meanLoad_BE_system | 352,021821 
meanLoad_FLA_system | 63,551628 
meanLoad_FLB_system | 0,000000 

meanDELAY_EF_system | 1,381151 
meanDELAY_AF_system | 8,274130 
meanDELAY_BE_system | 1044,703983 
meanDELAY_FLA_system | 446,374146 
meanDELAY_FLB_system | NaN 
meanDELAY_CompleteFLA_system | 1348,405564 
meanDELAY_CompleteFLB_system | NaN 

= = = = = = = = = = = = AVERAGE RESULTS = = = = = = = = = = = =
Packet Loss Ratio: 06,94 (%)
PROCESSED PACKAGES: 1620081667 
DISCARTED PACKAGES: 76519055 
TOTAL PACKAGES: 1696600722 
AVERAGE DELAY: 51426,82 (ms) 
AVERAGE THROUGHPUT: 754,76 (Mbps) 
GRANTED THROUGHPUT: 48586,04 (Mbps) By 64 ONUs
EFFECTIVE THROUGHPUT: 48304,57 (Mbps) By 64 ONUs
TOTAL LOAD: 51907,85 (Mbps) By 64 ONUs
ON Arrival THROUGHPUT: 0,00 (Mbps) By 64 ONUs
FINISHTIMEFL: 132,931291 
FINISHTIME: 135,931291 


fileName | IPACT_LBVARIBLETOKENSBYCYCLE_2_40_94_0 
