
ONU ID 	|  PLR(%) | Delay(ms) | Throughput(Mbps) | Granted Throughput(Mbps) | Total Load (Mbps) 

  ID |  PLR(%) |  D  | Thr |  Gates  |  Load  | PLR-EF | D-EF | ThrEF | LoadEF | PLR-AF | D-AF | ThrAF | LoadAF | PLR-BE | D-BE | ThrBE | LoadBE | PLR-FA | D-FA | ThrFA | LoadFA | DTFA |  PLR-FB | D-FB | ThrFB | LoadFB | DTFB | 
   1 |  7,08 | 298,169 | 754,68 | 812,21 | 758,95 |  0,00 | 1,409 | 44,35 | 44,35 |  0,00 | 5,767 | 373,18 | 373,18 | 15,66 | 1132,112 | 309,89 | 367,41 |  0,00 | 300,051 | 27,26 | 27,26 | 619,313 |   NaN | NaN | 0,00 | 0,00 | NaN
   2 |  6,68 | 274,782 | 754,44 | 808,49 | 758,72 |  0,00 | 1,421 | 44,35 | 44,35 |  0,00 | 2,259 | 370,83 | 370,83 | 14,77 | 997,223 | 311,99 | 366,04 |  0,00 | 1189,021 | 27,26 | 27,26 | 2397,096 |   NaN | NaN | 0,00 | 0,00 | NaN
   3 |  6,00 | 269,492 | 754,84 | 803,00 | 759,09 |  0,00 | 1,358 | 44,35 | 44,35 |  0,00 | 1,974 | 365,01 | 365,01 | 13,15 | 962,093 | 318,21 | 366,38 |  0,00 | 1117,769 | 27,26 | 27,26 | 2254,583 |   NaN | NaN | 0,00 | 0,00 | NaN
   4 |  7,04 | 296,150 | 754,79 | 811,96 | 759,09 |  0,00 | 1,363 | 44,35 | 44,35 |  0,00 | 10,931 | 372,17 | 372,17 | 15,53 | 1119,392 | 311,00 | 368,17 |  0,00 | 189,245 | 27,26 | 27,26 | 397,631 |   NaN | NaN | 0,00 | 0,00 | NaN
   5 |  5,82 | 263,865 | 754,35 | 800,97 | 758,61 |  0,00 | 1,389 | 44,35 | 44,35 |  0,00 | 2,085 | 365,46 | 365,46 | 12,81 | 919,951 | 317,28 | 363,89 |  0,00 | 1621,862 | 27,26 | 27,26 | 3262,711 |   NaN | NaN | 0,00 | 0,00 | NaN
   6 |  6,60 | 279,219 | 754,34 | 807,64 | 758,59 |  0,00 | 1,337 | 44,35 | 44,35 |  0,00 | 2,009 | 368,95 | 368,95 | 14,52 | 1002,303 | 313,78 | 367,08 |  0,00 | 1333,478 | 27,26 | 27,26 | 2685,965 |   NaN | NaN | 0,00 | 0,00 | NaN
   7 |  6,46 | 287,264 | 755,07 | 807,17 | 759,32 |  0,00 | 1,356 | 44,35 | 44,35 |  0,00 | 2,720 | 366,76 | 366,76 | 14,13 | 1060,320 | 316,69 | 368,79 |  0,00 | 526,947 | 27,26 | 27,26 | 1072,960 |   NaN | NaN | 0,00 | 0,00 | NaN
   8 |  7,05 | 285,078 | 754,69 | 811,93 | 758,95 |  0,00 | 1,406 | 44,35 | 44,35 |  0,00 | 2,319 | 369,26 | 369,26 | 15,43 | 1028,541 | 313,81 | 371,05 |  0,00 | 1243,454 | 27,26 | 27,26 | 2505,924 |   NaN | NaN | 0,00 | 0,00 | NaN
   9 |  6,56 | 281,527 | 754,27 | 807,19 | 758,52 |  0,00 | 1,345 | 44,35 | 44,35 |  0,00 | 2,553 | 367,08 | 367,08 | 14,36 | 1028,233 | 315,57 | 368,49 |  0,00 | 817,765 | 27,26 | 27,26 | 1654,566 |   NaN | NaN | 0,00 | 0,00 | NaN
  10 |  6,44 | 284,627 | 755,35 | 807,32 | 759,61 |  0,00 | 1,406 | 44,35 | 44,35 |  0,00 | 5,948 | 370,04 | 370,04 | 14,21 | 1068,195 | 313,69 | 365,66 |  0,00 | 275,415 | 27,26 | 27,26 | 570,105 |   NaN | NaN | 0,00 | 0,00 | NaN
  11 |  6,58 | 268,925 | 753,93 | 807,06 | 758,19 |  0,00 | 1,346 | 44,35 | 44,35 |  0,00 | 1,604 | 366,83 | 366,83 | 14,41 | 913,890 | 315,48 | 368,61 |  0,00 | 2299,313 | 27,26 | 27,26 | 4617,713 |   NaN | NaN | 0,00 | 0,00 | NaN
  12 |  6,50 | 281,314 | 755,18 | 807,69 | 759,44 |  0,00 | 1,408 | 44,35 | 44,35 |  0,00 | 1,945 | 366,87 | 366,87 | 14,22 | 998,772 | 316,69 | 369,21 |  0,00 | 1398,048 | 27,26 | 27,26 | 2815,256 |   NaN | NaN | 0,00 | 0,00 | NaN
  13 |  5,44 | 271,580 | 754,71 | 798,15 | 758,97 |  0,00 | 1,373 | 44,35 | 44,35 |  0,00 | 1,850 | 365,43 | 365,43 | 12,03 | 968,372 | 317,66 | 361,10 |  0,00 | 1185,017 | 27,26 | 27,26 | 2389,193 |   NaN | NaN | 0,00 | 0,00 | NaN
  14 |  7,17 | 276,953 | 753,61 | 811,82 | 757,88 |  0,00 | 1,414 | 44,35 | 44,35 |  0,00 | 1,631 | 369,82 | 369,82 | 15,72 | 984,691 | 312,18 | 370,39 |  0,00 | 1625,794 | 27,26 | 27,26 | 3270,631 |   NaN | NaN | 0,00 | 0,00 | NaN
  15 |  6,53 | 285,993 | 752,89 | 805,46 | 757,15 |  0,00 | 1,408 | 44,35 | 44,35 |  0,00 | 3,315 | 362,70 | 362,70 | 14,16 | 1045,659 | 318,58 | 371,15 |  0,00 | 546,439 | 27,26 | 27,26 | 1111,948 |   NaN | NaN | 0,00 | 0,00 | NaN
  16 |  7,49 | 289,990 | 754,19 | 815,24 | 758,44 |  0,00 | 1,400 | 44,35 | 44,35 |  0,00 | 2,349 | 370,39 | 370,39 | 16,36 | 1064,290 | 312,18 | 373,23 |  0,00 | 976,443 | 27,26 | 27,26 | 1971,949 |   NaN | NaN | 0,00 | 0,00 | NaN
  17 |  6,61 | 285,280 | 754,13 | 807,50 | 758,40 |  0,00 | 1,412 | 44,35 | 44,35 |  0,00 | 1,852 | 369,21 | 369,21 | 14,56 | 1045,985 | 313,30 | 366,68 |  0,00 | 922,150 | 27,26 | 27,26 | 1863,406 |   NaN | NaN | 0,00 | 0,00 | NaN
  18 |  6,21 | 267,575 | 754,00 | 803,90 | 758,25 |  0,00 | 1,389 | 44,35 | 44,35 |  0,00 | 1,760 | 367,19 | 367,19 | 13,67 | 900,838 | 315,19 | 365,10 |  0,00 | 2480,476 | 27,26 | 27,26 | 4979,736 |   NaN | NaN | 0,00 | 0,00 | NaN
  19 |  5,58 | 271,604 | 755,06 | 799,65 | 759,31 |  0,00 | 1,380 | 44,35 | 44,35 |  0,00 | 2,145 | 361,85 | 361,85 | 12,18 | 920,846 | 321,60 | 366,19 |  0,00 | 1984,132 | 27,26 | 27,26 | 3987,306 |   NaN | NaN | 0,00 | 0,00 | NaN
  20 |  5,46 | 263,178 | 754,88 | 798,46 | 759,14 |  0,00 | 1,376 | 44,35 | 44,35 |  0,00 | 2,140 | 366,42 | 366,42 | 12,09 | 886,650 | 316,85 | 360,42 |  0,00 | 2337,102 | 27,26 | 27,26 | 4693,210 |   NaN | NaN | 0,00 | 0,00 | NaN
  21 |  5,27 | 272,994 | 754,57 | 796,54 | 758,83 |  0,00 | 1,380 | 44,35 | 44,35 |  0,00 | 2,875 | 364,39 | 364,39 | 11,64 | 1005,112 | 318,57 | 360,54 |  0,00 | 410,810 | 27,26 | 27,26 | 840,799 |   NaN | NaN | 0,00 | 0,00 | NaN
  22 |  6,92 | 282,833 | 754,30 | 810,39 | 758,59 |  0,00 | 1,419 | 44,35 | 44,35 |  0,00 | 1,813 | 373,00 | 373,00 | 15,33 | 1011,622 | 309,69 | 365,77 |  0,00 | 1714,887 | 27,26 | 27,26 | 3448,827 |   NaN | NaN | 0,00 | 0,00 | NaN
  23 |  6,74 | 272,817 | 754,59 | 809,15 | 758,86 |  0,00 | 1,401 | 44,35 | 44,35 |  0,00 | 1,912 | 368,93 | 368,93 | 14,80 | 937,988 | 314,05 | 368,60 |  0,00 | 2185,648 | 27,26 | 27,26 | 4390,440 |   NaN | NaN | 0,00 | 0,00 | NaN
  24 |  7,28 | 284,808 | 754,76 | 813,99 | 759,01 |  0,00 | 1,362 | 44,35 | 44,35 |  0,00 | 1,907 | 370,97 | 370,97 | 15,95 | 1035,470 | 312,17 | 371,40 |  0,00 | 1200,928 | 27,26 | 27,26 | 2420,916 |   NaN | NaN | 0,00 | 0,00 | NaN
  25 |  6,83 | 291,240 | 754,29 | 809,61 | 758,57 |  0,00 | 1,420 | 44,35 | 44,35 |  0,00 | 2,028 | 364,76 | 364,76 | 14,82 | 1066,604 | 317,92 | 373,24 |  0,00 | 625,486 | 27,26 | 27,26 | 1270,086 |   NaN | NaN | 0,00 | 0,00 | NaN
  26 |  6,10 | 285,407 | 755,18 | 804,25 | 759,45 |  0,00 | 1,416 | 44,35 | 44,35 |  0,00 | 2,673 | 367,49 | 367,49 | 13,44 | 1056,423 | 316,07 | 365,14 |  0,00 | 504,160 | 27,26 | 27,26 | 1027,473 |   NaN | NaN | 0,00 | 0,00 | NaN
  27 |  6,05 | 261,409 | 754,27 | 802,86 | 758,52 |  0,00 | 1,343 | 44,35 | 44,35 |  0,00 | 1,651 | 367,95 | 367,95 | 13,37 | 877,887 | 314,70 | 363,29 |  0,00 | 2508,839 | 27,26 | 27,26 | 5036,670 |   NaN | NaN | 0,00 | 0,00 | NaN
  28 |  5,73 | 266,746 | 754,67 | 800,55 | 758,95 |  0,00 | 1,409 | 44,35 | 44,35 |  0,00 | 1,964 | 366,36 | 366,36 | 12,65 | 907,351 | 316,69 | 362,57 |  0,00 | 2186,404 | 27,26 | 27,26 | 4391,786 |   NaN | NaN | 0,00 | 0,00 | NaN
  29 |  6,51 | 267,407 | 754,26 | 806,77 | 758,52 |  0,00 | 1,388 | 44,35 | 44,35 |  0,00 | 1,788 | 365,90 | 365,90 | 14,22 | 905,415 | 316,74 | 369,25 |  0,00 | 2269,464 | 27,26 | 27,26 | 4557,936 |   NaN | NaN | 0,00 | 0,00 | NaN
  30 |  6,22 | 265,542 | 754,65 | 804,73 | 758,93 |  0,00 | 1,419 | 44,35 | 44,35 |  0,00 | 1,687 | 365,48 | 365,48 | 13,62 | 890,447 | 317,55 | 367,63 |  0,00 | 2409,863 | 27,26 | 27,26 | 4838,795 |   NaN | NaN | 0,00 | 0,00 | NaN
  31 |  6,20 | 271,013 | 755,11 | 805,02 | 759,36 |  0,00 | 1,386 | 44,35 | 44,35 |  0,00 | 1,666 | 367,48 | 367,48 | 13,64 | 926,171 | 316,02 | 365,93 |  0,00 | 2181,953 | 27,26 | 27,26 | 4382,956 |   NaN | NaN | 0,00 | 0,00 | NaN
  32 |  6,70 | 273,803 | 755,44 | 809,71 | 759,68 |  0,00 | 1,342 | 44,35 | 44,35 |  0,00 | 2,054 | 368,08 | 368,08 | 14,67 | 931,899 | 315,75 | 370,01 |  0,00 | 2307,202 | 27,26 | 27,26 | 4633,518 |   NaN | NaN | 0,00 | 0,00 | NaN
  33 |  6,03 | 264,170 | 755,12 | 803,55 | 759,39 |  0,00 | 1,407 | 44,35 | 44,35 |  0,00 | 1,936 | 364,97 | 364,97 | 13,20 | 884,294 | 318,53 | 366,97 |  0,00 | 2370,761 | 27,26 | 27,26 | 4760,436 |   NaN | NaN | 0,00 | 0,00 | NaN
  34 |  6,42 | 268,648 | 754,33 | 806,04 | 758,59 |  0,00 | 1,399 | 44,35 | 44,35 |  0,00 | 1,739 | 366,90 | 366,90 | 14,07 | 898,526 | 315,81 | 367,52 |  0,00 | 2587,934 | 27,26 | 27,26 | 5194,825 |   NaN | NaN | 0,00 | 0,00 | NaN
  35 |  6,89 | 271,466 | 755,20 | 811,06 | 759,46 |  0,00 | 1,348 | 44,35 | 44,35 |  0,00 | 1,478 | 369,75 | 369,75 | 15,11 | 912,217 | 313,84 | 369,70 |  0,00 | 2669,086 | 27,26 | 27,26 | 5357,112 |   NaN | NaN | 0,00 | 0,00 | NaN
  36 |  6,09 | 261,285 | 755,03 | 803,99 | 759,29 |  0,00 | 1,401 | 44,35 | 44,35 |  0,00 | 1,567 | 365,15 | 365,15 | 13,33 | 866,463 | 318,27 | 367,23 |  0,00 | 2544,615 | 27,26 | 27,26 | 5108,221 |   NaN | NaN | 0,00 | 0,00 | NaN
  37 |  7,00 | 275,453 | 754,89 | 811,67 | 759,14 |  0,00 | 1,384 | 44,35 | 44,35 |  0,00 | 1,896 | 372,06 | 372,06 | 15,43 | 950,956 | 311,21 | 367,99 |  0,00 | 2313,349 | 27,26 | 27,26 | 4645,675 |   NaN | NaN | 0,00 | 0,00 | NaN
  38 |  7,26 | 275,285 | 754,71 | 813,81 | 758,97 |  0,00 | 1,375 | 44,35 | 44,35 |  0,00 | 1,784 | 371,04 | 371,04 | 15,92 | 942,225 | 312,06 | 371,16 |  0,00 | 2434,665 | 27,26 | 27,26 | 4888,383 |   NaN | NaN | 0,00 | 0,00 | NaN
  39 |  5,64 | 260,803 | 754,83 | 799,98 | 759,11 |  0,00 | 1,419 | 44,35 | 44,35 |  0,00 | 2,035 | 366,60 | 366,60 | 12,48 | 876,825 | 316,61 | 361,77 |  0,00 | 2362,559 | 27,26 | 27,26 | 4744,128 |   NaN | NaN | 0,00 | 0,00 | NaN
  40 |  5,33 | 258,511 | 753,33 | 795,77 | 757,59 |  0,00 | 1,419 | 44,35 | 44,35 |  0,00 | 1,894 | 365,04 | 365,04 | 11,82 | 860,695 | 316,68 | 359,12 |  0,00 | 2499,102 | 27,26 | 27,26 | 5017,119 |   NaN | NaN | 0,00 | 0,00 | NaN
  41 |  7,03 | 271,513 | 754,34 | 811,38 | 758,60 |  0,00 | 1,402 | 44,35 | 44,35 |  0,00 | 1,747 | 367,66 | 367,66 | 15,33 | 927,678 | 315,06 | 372,10 |  0,00 | 2230,123 | 27,26 | 27,26 | 4479,182 |   NaN | NaN | 0,00 | 0,00 | NaN
  42 |  6,67 | 268,704 | 754,43 | 808,39 | 758,69 |  0,00 | 1,347 | 44,35 | 44,35 |  0,00 | 1,922 | 367,29 | 367,29 | 14,60 | 913,881 | 315,53 | 369,49 |  0,00 | 2270,512 | 27,26 | 27,26 | 4559,898 |   NaN | NaN | 0,00 | 0,00 | NaN
  43 |  7,26 | 275,008 | 754,48 | 813,57 | 758,76 |  0,00 | 1,426 | 44,35 | 44,35 |  0,00 | 2,060 | 372,24 | 372,24 | 15,98 | 948,152 | 310,63 | 369,72 |  0,00 | 2357,955 | 27,26 | 27,26 | 4735,038 |   NaN | NaN | 0,00 | 0,00 | NaN
  44 |  6,75 | 275,977 | 754,28 | 808,85 | 758,53 |  0,00 | 1,338 | 44,35 | 44,35 |  0,00 | 1,684 | 367,96 | 367,96 | 14,78 | 946,582 | 314,70 | 369,28 |  0,00 | 2217,112 | 27,26 | 27,26 | 4453,244 |   NaN | NaN | 0,00 | 0,00 | NaN
  45 |  6,64 | 267,447 | 754,02 | 807,61 | 758,29 |  0,00 | 1,422 | 44,35 | 44,35 |  0,00 | 1,937 | 371,03 | 371,03 | 14,68 | 921,159 | 311,38 | 364,97 |  0,00 | 2259,743 | 27,26 | 27,26 | 4538,553 |   NaN | NaN | 0,00 | 0,00 | NaN
  46 |  6,59 | 263,070 | 754,01 | 807,21 | 758,27 |  0,00 | 1,362 | 44,35 | 44,35 |  0,00 | 1,662 | 366,92 | 366,92 | 14,43 | 889,535 | 315,47 | 368,68 |  0,00 | 2340,979 | 27,26 | 27,26 | 4701,025 |   NaN | NaN | 0,00 | 0,00 | NaN
  47 |  6,54 | 275,795 | 754,30 | 807,12 | 758,56 |  0,00 | 1,359 | 44,35 | 44,35 |  0,00 | 1,948 | 370,70 | 370,70 | 14,48 | 956,496 | 311,98 | 364,80 |  0,00 | 2163,953 | 27,26 | 27,26 | 4346,727 |   NaN | NaN | 0,00 | 0,00 | NaN
  48 |  6,26 | 265,470 | 754,00 | 804,39 | 758,26 |  0,00 | 1,389 | 44,35 | 44,35 |  0,00 | 1,803 | 366,86 | 366,86 | 13,77 | 904,301 | 315,52 | 365,91 |  0,00 | 2207,847 | 27,26 | 27,26 | 4434,481 |   NaN | NaN | 0,00 | 0,00 | NaN
  49 |  6,28 | 272,731 | 754,09 | 804,62 | 758,34 |  0,00 | 1,401 | 44,35 | 44,35 |  0,00 | 2,049 | 367,57 | 367,57 | 13,83 | 935,704 | 314,90 | 365,43 |  0,00 | 2159,927 | 27,26 | 27,26 | 4338,825 |   NaN | NaN | 0,00 | 0,00 | NaN
  50 |  6,71 | 269,350 | 754,98 | 809,30 | 759,23 |  0,00 | 1,356 | 44,35 | 44,35 |  0,00 | 2,049 | 371,36 | 371,36 | 14,83 | 923,084 | 312,00 | 366,33 |  0,00 | 2354,070 | 27,26 | 27,26 | 4727,244 |   NaN | NaN | 0,00 | 0,00 | NaN
  51 |  6,72 | 272,832 | 754,53 | 808,89 | 758,78 |  0,00 | 1,354 | 44,35 | 44,35 |  0,00 | 1,544 | 366,95 | 366,95 | 14,68 | 930,741 | 315,96 | 370,32 |  0,00 | 2228,027 | 27,26 | 27,26 | 4474,890 |   NaN | NaN | 0,00 | 0,00 | NaN
  52 |  5,83 | 265,239 | 754,79 | 801,52 | 759,04 |  0,00 | 1,380 | 44,35 | 44,35 |  0,00 | 2,194 | 362,75 | 362,75 | 12,73 | 888,153 | 320,42 | 367,16 |  0,00 | 2245,956 | 27,26 | 27,26 | 4510,901 |   NaN | NaN | 0,00 | 0,00 | NaN
  53 |  6,79 | 274,714 | 754,49 | 809,42 | 758,75 |  0,00 | 1,367 | 44,35 | 44,35 |  0,00 | 1,852 | 369,54 | 369,54 | 14,92 | 941,358 | 313,34 | 368,27 |  0,00 | 2315,059 | 27,26 | 27,26 | 4649,184 |   NaN | NaN | 0,00 | 0,00 | NaN
  54 |  6,03 | 266,620 | 755,04 | 803,46 | 759,29 |  0,00 | 1,370 | 44,35 | 44,35 |  0,00 | 1,817 | 368,08 | 368,08 | 13,31 | 907,727 | 315,35 | 363,76 |  0,00 | 2263,279 | 27,26 | 27,26 | 4545,443 |   NaN | NaN | 0,00 | 0,00 | NaN
  55 |  6,36 | 271,636 | 754,88 | 806,15 | 759,14 |  0,00 | 1,355 | 44,35 | 44,35 |  0,00 | 1,670 | 367,13 | 367,13 | 13,95 | 917,108 | 316,13 | 367,40 |  0,00 | 2427,901 | 27,26 | 27,26 | 4874,629 |   NaN | NaN | 0,00 | 0,00 | NaN
  56 |  6,05 | 272,462 | 754,75 | 803,38 | 759,02 |  0,00 | 1,360 | 44,35 | 44,35 |  0,00 | 1,761 | 364,71 | 364,71 | 13,25 | 923,215 | 318,42 | 367,05 |  0,00 | 2206,509 | 27,26 | 27,26 | 4431,815 |   NaN | NaN | 0,00 | 0,00 | NaN
  57 |  6,63 | 258,196 | 754,82 | 808,40 | 759,08 |  0,00 | 1,358 | 44,35 | 44,35 |  0,00 | 1,774 | 367,64 | 367,64 | 14,51 | 878,678 | 315,56 | 369,15 |  0,00 | 2179,584 | 27,26 | 27,26 | 4378,257 |   NaN | NaN | 0,00 | 0,00 | NaN
  58 |  6,46 | 268,166 | 755,17 | 807,37 | 759,43 |  0,00 | 1,386 | 44,35 | 44,35 |  0,00 | 1,833 | 366,80 | 366,80 | 14,15 | 912,849 | 316,76 | 368,95 |  0,00 | 2190,723 | 27,26 | 27,26 | 4400,437 |   NaN | NaN | 0,00 | 0,00 | NaN
  59 |  7,03 | 271,167 | 754,81 | 811,85 | 759,06 |  0,00 | 1,405 | 44,35 | 44,35 |  0,00 | 1,756 | 368,22 | 368,22 | 15,33 | 911,650 | 314,98 | 372,01 |  0,00 | 2571,547 | 27,26 | 27,26 | 5161,907 |   NaN | NaN | 0,00 | 0,00 | NaN
  60 |  6,44 | 268,822 | 754,18 | 806,13 | 758,44 |  0,00 | 1,340 | 44,35 | 44,35 |  0,00 | 1,808 | 367,33 | 367,33 | 14,15 | 917,357 | 315,24 | 367,18 |  0,00 | 2226,509 | 27,26 | 27,26 | 4471,868 |   NaN | NaN | 0,00 | 0,00 | NaN
  61 |  6,80 | 266,389 | 755,06 | 810,16 | 759,31 |  0,00 | 1,363 | 44,35 | 44,35 |  0,00 | 1,939 | 368,47 | 368,47 | 14,89 | 904,585 | 314,97 | 370,07 |  0,00 | 2326,240 | 27,26 | 27,26 | 4671,527 |   NaN | NaN | 0,00 | 0,00 | NaN
  62 |  6,83 | 274,768 | 754,54 | 809,87 | 758,83 |  0,00 | 1,424 | 44,35 | 44,35 |  0,00 | 1,588 | 369,43 | 369,43 | 15,00 | 946,142 | 313,49 | 368,82 |  0,00 | 2214,587 | 27,26 | 27,26 | 4448,045 |   NaN | NaN | 0,00 | 0,00 | NaN
  63 |  6,60 | 265,856 | 754,76 | 808,11 | 759,02 |  0,00 | 1,379 | 44,35 | 44,35 |  0,00 | 1,685 | 368,57 | 368,57 | 14,50 | 899,789 | 314,58 | 367,93 |  0,00 | 2410,961 | 27,26 | 27,26 | 4840,825 |   NaN | NaN | 0,00 | 0,00 | NaN
  64 |  5,87 | 262,944 | 755,14 | 802,24 | 759,43 |  0,00 | 1,423 | 44,35 | 44,35 |  0,00 | 1,733 | 363,49 | 363,49 | 12,83 | 880,450 | 320,03 | 367,13 |  0,00 | 2264,755 | 27,26 | 27,26 | 4548,471 |   NaN | NaN | 0,00 | 0,00 | NaN

= = = = = = = = = = = = AVERAGE RESULTS system = = = = = = = = = = = =
meanPLR_system | 6,463917 
meanDelay_system | 273,110713 
meanLoad_system | 806,744715 
meanTHR_system | 754,575641 
meanGate_system | 758,837483 

meanPLR_EF_system | 0,000000 
meanPLR_AF_system | 0,000000 
meanPLR_BE_system | 14,193567 
meanPLR_FLA_system | 0,000000 
meanPLR_FLB_system | NaN 

meanTHR_EF_system | 44,352001 
meanTHR_AF_system | 367,757228 
meanTHR_BE_system | 315,202258 
meanTHR_FLA_system | 27,646540 
meanTHR_FLB_system | 0,000000 

meanLoad_EF_system | 44,352001 
meanLoad_AF_system | 367,757228 
meanLoad_BE_system | 367,371332 
meanLoad_FLA_system | 27,646540 
meanLoad_FLB_system | 0,000000 

meanDELAY_EF_system | 1,384380 
meanDELAY_AF_system | 2,208048 
meanDELAY_BE_system | 950,301852 
meanDELAY_FLA_system | 1863,929560 
meanDELAY_FLB_system | NaN 
meanDELAY_CompleteFLA_system | 3746,870716 
meanDELAY_CompleteFLB_system | NaN 

= = = = = = = = = = = = AVERAGE RESULTS = = = = = = = = = = = =
Packet Loss Ratio: 06,47 (%)
PROCESSED PACKAGES: 2620586660 
DISCARTED PACKAGES: 112883334 
TOTAL PACKAGES: 2733469994 
AVERAGE DELAY: 51558,16 (ms) 
AVERAGE THROUGHPUT: 754,58 (Mbps) 
GRANTED THROUGHPUT: 48565,60 (Mbps) By 64 ONUs
EFFECTIVE THROUGHPUT: 48292,84 (Mbps) By 64 ONUs
TOTAL LOAD: 51631,66 (Mbps) By 64 ONUs
ON Arrival THROUGHPUT: 0,00 (Mbps) By 64 ONUs
FINISHTIMEFL: 213,900183 
FINISHTIME: 216,900183 


fileName | IPACT_LEAKYBUCKET_5_28_98_0 
