
ONU ID 	|  PLR(%) | Delay(ms) | Throughput(Mbps) | Granted Throughput(Mbps) | Total Load (Mbps) 

  ID |  PLR(%) |  D  | Thr |  Gates  |  Load  | PLR-EF | D-EF | ThrEF | LoadEF | PLR-AF | D-AF | ThrAF | LoadAF | PLR-BE | D-BE | ThrBE | LoadBE | PLR-FA | D-FA | ThrFA | LoadFA | DTFA |  PLR-FB | D-FB | ThrFB | LoadFB | DTFB | 
   1 |  0,00 | 21,665 | 659,30 | 659,30 | 682,32 |  0,00 | 0,497 | 44,35 | 44,35 |  0,00 | 18,030 | 248,43 | 248,43 |  0,00 | 37,912 | 241,09 | 241,09 |  0,00 | 136,788 | 125,43 | 125,43 | 291,010 |   NaN | NaN | 0,00 | 0,00 | NaN
   2 |  0,00 | 22,306 | 657,98 | 657,98 | 683,97 |  0,00 | 0,509 | 44,35 | 44,35 |  0,00 | 0,677 | 243,46 | 243,46 |  0,00 | 10,644 | 244,74 | 244,74 |  0,00 | 309,462 | 125,43 | 125,43 | 638,600 |   NaN | NaN | 0,00 | 0,00 | NaN
   3 |  0,00 | 21,205 | 661,49 | 661,49 | 682,76 |  0,00 | 0,446 | 44,35 | 44,35 |  0,00 | 0,712 | 246,62 | 246,62 |  0,00 | 9,438 | 245,10 | 245,10 |  0,00 | 297,782 | 125,43 | 125,43 | 615,136 |   NaN | NaN | 0,00 | 0,00 | NaN
   4 |  0,00 | 20,265 | 662,16 | 662,16 | 683,21 |  0,00 | 0,451 | 44,35 | 44,35 |  0,00 | 24,563 | 249,71 | 249,71 |  0,00 | 29,270 | 242,67 | 242,67 |  0,00 | 121,441 | 125,43 | 125,43 | 256,116 |   NaN | NaN | 0,00 | 0,00 | NaN
   5 |  0,00 | 26,796 | 655,35 | 655,35 | 676,85 |  0,00 | 0,477 | 44,35 | 44,35 |  0,00 | 0,781 | 243,65 | 243,65 |  0,00 | 5,747 | 241,92 | 241,92 |  0,00 | 397,939 | 125,43 | 125,43 | 816,108 |   NaN | NaN | 0,00 | 0,00 | NaN
   6 |  0,00 | 22,926 | 661,07 | 661,07 | 682,10 |  0,00 | 0,426 | 44,35 | 44,35 |  0,00 | 0,742 | 246,81 | 246,81 |  0,00 | 6,208 | 244,48 | 244,48 |  0,00 | 337,057 | 125,43 | 125,43 | 694,027 |   NaN | NaN | 0,00 | 0,00 | NaN
   7 |  0,00 | 21,237 | 657,62 | 657,62 | 678,77 |  0,00 | 0,444 | 44,35 | 44,35 |  0,00 | 5,759 | 245,10 | 245,10 |  0,00 | 36,686 | 242,74 | 242,74 |  0,00 | 179,470 | 125,43 | 125,43 | 378,234 |   NaN | NaN | 0,00 | 0,00 | NaN
   8 |  0,00 | 21,933 | 661,98 | 661,98 | 684,71 |  0,00 | 0,494 | 44,35 | 44,35 |  0,00 | 0,663 | 244,70 | 244,70 |  0,00 | 6,554 | 247,51 | 247,51 |  0,00 | 319,757 | 125,43 | 125,43 | 659,181 |   NaN | NaN | 0,00 | 0,00 | NaN
   9 |  0,00 | 19,764 | 658,46 | 658,46 | 679,64 |  0,00 | 0,434 | 44,35 | 44,35 |  0,00 | 0,858 | 245,74 | 245,74 |  0,00 | 19,480 | 242,94 | 242,94 |  0,00 | 237,100 | 125,43 | 125,43 | 493,644 |   NaN | NaN | 0,00 | 0,00 | NaN
  10 |  0,00 | 21,665 | 657,58 | 657,58 | 680,23 |  0,00 | 0,495 | 44,35 | 44,35 |  0,00 | 19,309 | 245,32 | 245,32 |  0,00 | 37,498 | 242,47 | 242,47 |  0,00 | 133,094 | 125,43 | 125,43 | 283,082 |   NaN | NaN | 0,00 | 0,00 | NaN
  11 |  0,00 | 33,977 | 652,39 | 652,39 | 673,62 |  0,00 | 0,434 | 44,35 | 44,35 |  0,00 | 0,653 | 239,24 | 239,24 |  0,00 | 1,719 | 243,36 | 243,36 |  0,00 | 525,873 | 125,43 | 125,43 | 1072,354 |   NaN | NaN | 0,00 | 0,00 | NaN
  12 |  0,00 | 23,680 | 659,80 | 659,80 | 682,93 |  0,00 | 0,497 | 44,35 | 44,35 |  0,00 | 0,650 | 244,97 | 244,97 |  0,00 | 5,927 | 245,05 | 245,05 |  0,00 | 349,509 | 125,43 | 125,43 | 718,947 |   NaN | NaN | 0,00 | 0,00 | NaN
  13 |  0,00 | 21,681 | 651,80 | 651,80 | 673,11 |  0,00 | 0,461 | 44,35 | 44,35 |  0,00 | 0,762 | 239,77 | 239,77 |  0,00 | 7,402 | 242,24 | 242,24 |  0,00 | 309,807 | 125,43 | 125,43 | 639,415 |   NaN | NaN | 0,00 | 0,00 | NaN
  14 |  0,00 | 26,160 | 661,75 | 661,75 | 686,00 |  0,00 | 0,502 | 44,35 | 44,35 |  0,00 | 0,759 | 246,66 | 246,66 |  0,00 | 4,815 | 245,31 | 245,31 |  0,00 | 393,336 | 125,43 | 125,43 | 806,833 |   NaN | NaN | 0,00 | 0,00 | NaN
  15 |  0,00 | 20,720 | 655,60 | 655,60 | 678,58 |  0,00 | 0,496 | 44,35 | 44,35 |  0,00 | 4,734 | 240,88 | 240,88 |  0,00 | 33,770 | 244,93 | 244,93 |  0,00 | 183,834 | 125,43 | 125,43 | 387,117 |   NaN | NaN | 0,00 | 0,00 | NaN
  16 |  0,00 | 19,947 | 662,71 | 662,71 | 684,74 |  0,00 | 0,488 | 44,35 | 44,35 |  0,00 | 0,716 | 244,59 | 244,59 |  0,00 | 12,262 | 248,34 | 248,34 |  0,00 | 266,707 | 125,43 | 125,43 | 552,908 |   NaN | NaN | 0,00 | 0,00 | NaN
  17 |  0,00 | 20,200 | 658,86 | 658,86 | 682,66 |  0,00 | 0,500 | 44,35 | 44,35 |  0,00 | 0,844 | 244,50 | 244,50 |  0,00 | 15,844 | 244,58 | 244,58 |  0,00 | 256,561 | 125,43 | 125,43 | 532,600 |   NaN | NaN | 0,00 | 0,00 | NaN
  18 |  0,00 | 36,065 | 657,39 | 657,39 | 678,82 |  0,00 | 0,477 | 44,35 | 44,35 |  0,00 | 0,515 | 242,72 | 242,72 |  0,00 | 2,146 | 244,89 | 244,89 |  0,00 | 560,216 | 125,43 | 125,43 | 1141,317 |   NaN | NaN | 0,00 | 0,00 | NaN
  19 |  0,00 | 30,286 | 652,98 | 652,98 | 674,31 |  0,00 | 0,468 | 44,35 | 44,35 |  0,00 | 0,797 | 239,83 | 239,83 |  0,00 | 2,575 | 243,38 | 243,38 |  0,00 | 463,803 | 125,43 | 125,43 | 948,037 |   NaN | NaN | 0,00 | 0,00 | NaN
  20 |  0,00 | 34,781 | 653,77 | 653,77 | 675,03 |  0,00 | 0,464 | 44,35 | 44,35 |  0,00 | 0,840 | 243,52 | 243,52 |  0,00 | 2,960 | 240,47 | 240,47 |  0,00 | 533,994 | 125,43 | 125,43 | 1088,686 |   NaN | NaN | 0,00 | 0,00 | NaN
  21 |  0,00 | 21,981 | 650,99 | 650,99 | 672,22 |  0,00 | 0,468 | 44,35 | 44,35 |  0,00 | 11,391 | 241,67 | 241,67 |  0,00 | 40,590 | 239,54 | 239,54 |  0,00 | 156,471 | 125,43 | 125,43 | 331,838 |   NaN | NaN | 0,00 | 0,00 | NaN
  22 |  0,00 | 27,384 | 661,42 | 661,42 | 686,74 |  0,00 | 0,507 | 44,35 | 44,35 |  0,00 | 0,777 | 249,97 | 249,97 |  0,00 | 5,411 | 241,67 | 241,67 |  0,00 | 410,739 | 125,43 | 125,43 | 841,661 |   NaN | NaN | 0,00 | 0,00 | NaN
  23 |  0,00 | 32,664 | 660,69 | 660,69 | 682,83 |  0,00 | 0,489 | 44,35 | 44,35 |  0,00 | 0,846 | 246,34 | 246,34 |  0,00 | 3,334 | 244,57 | 244,57 |  0,00 | 501,987 | 125,43 | 125,43 | 1024,318 |   NaN | NaN | 0,00 | 0,00 | NaN
  24 |  0,00 | 21,772 | 658,08 | 658,08 | 679,35 |  0,00 | 0,451 | 44,35 | 44,35 |  0,00 | 0,726 | 244,44 | 244,44 |  0,00 | 8,355 | 243,86 | 243,86 |  0,00 | 309,730 | 125,43 | 125,43 | 639,103 |   NaN | NaN | 0,00 | 0,00 | NaN
  25 |  0,00 | 20,277 | 665,95 | 665,95 | 691,27 |  0,00 | 0,508 | 44,35 | 44,35 |  0,00 | 2,702 | 244,12 | 244,12 |  0,00 | 29,680 | 252,05 | 252,05 |  0,00 | 198,925 | 125,43 | 125,43 | 417,267 |   NaN | NaN | 0,00 | 0,00 | NaN
  26 |  0,00 | 21,585 | 656,30 | 656,30 | 680,78 |  0,00 | 0,504 | 44,35 | 44,35 |  0,00 | 5,160 | 242,43 | 242,43 |  0,00 | 39,419 | 244,09 | 244,09 |  0,00 | 175,761 | 125,43 | 125,43 | 370,647 |   NaN | NaN | 0,00 | 0,00 | NaN
  27 |  0,00 | 36,351 | 652,54 | 652,54 | 673,66 |  0,00 | 0,431 | 44,35 | 44,35 |  0,00 | 0,463 | 243,87 | 243,87 |  0,00 | 1,409 | 238,89 | 238,89 |  0,00 | 565,457 | 125,43 | 125,43 | 1151,692 |   NaN | NaN | 0,00 | 0,00 | NaN
  28 |  0,00 | 32,684 | 654,17 | 654,17 | 677,44 |  0,00 | 0,497 | 44,35 | 44,35 |  0,00 | 0,804 | 243,73 | 243,73 |  0,00 | 2,144 | 240,66 | 240,66 |  0,00 | 503,765 | 125,43 | 125,43 | 1027,954 |   NaN | NaN | 0,00 | 0,00 | NaN
  29 |  0,00 | 33,544 | 658,67 | 658,67 | 680,12 |  0,00 | 0,477 | 44,35 | 44,35 |  0,00 | 0,830 | 245,46 | 245,46 |  0,00 | 2,154 | 243,43 | 243,43 |  0,00 | 519,574 | 125,43 | 125,43 | 1059,649 |   NaN | NaN | 0,00 | 0,00 | NaN
  30 |  0,00 | 35,440 | 650,74 | 650,74 | 676,15 |  0,00 | 0,507 | 44,35 | 44,35 |  0,00 | 0,715 | 240,43 | 240,43 |  0,00 | 1,856 | 240,53 | 240,53 |  0,00 | 546,959 | 125,43 | 125,43 | 1114,747 |   NaN | NaN | 0,00 | 0,00 | NaN
  31 |  0,00 | 32,707 | 655,28 | 655,28 | 676,72 |  0,00 | 0,474 | 44,35 | 44,35 |  0,00 | 0,833 | 243,03 | 243,03 |  0,00 | 2,842 | 242,47 | 242,47 |  0,00 | 502,077 | 125,43 | 125,43 | 1024,514 |   NaN | NaN | 0,00 | 0,00 | NaN
  32 |  0,00 | 34,190 | 654,13 | 654,13 | 675,30 |  0,00 | 0,431 | 44,35 | 44,35 |  0,00 | 0,833 | 241,43 | 241,43 |  0,00 | 2,332 | 242,92 | 242,92 |  0,00 | 527,234 | 125,43 | 125,43 | 1074,971 |   NaN | NaN | 0,00 | 0,00 | NaN
  33 |  0,00 | 34,803 | 654,54 | 654,54 | 677,55 |  0,00 | 0,496 | 44,35 | 44,35 |  0,00 | 0,668 | 240,33 | 240,33 |  0,00 | 1,946 | 244,43 | 244,43 |  0,00 | 538,615 | 125,43 | 125,43 | 1097,758 |   NaN | NaN | 0,00 | 0,00 | NaN
  34 |  0,00 | 37,498 | 650,81 | 650,81 | 672,78 |  0,00 | 0,487 | 44,35 | 44,35 |  0,00 | 0,514 | 243,05 | 243,05 |  0,00 | 1,591 | 237,98 | 237,98 |  0,00 | 581,297 | 125,43 | 125,43 | 1183,389 |   NaN | NaN | 0,00 | 0,00 | NaN
  35 |  0,00 | 37,956 | 660,16 | 660,16 | 681,38 |  0,00 | 0,436 | 44,35 | 44,35 |  0,00 | 0,450 | 245,54 | 245,54 |  0,00 | 1,084 | 244,84 | 244,84 |  0,00 | 596,327 | 125,43 | 125,43 | 1213,244 |   NaN | NaN | 0,00 | 0,00 | NaN
  36 |  0,00 | 36,699 | 653,32 | 653,32 | 675,55 |  0,00 | 0,489 | 44,35 | 44,35 |  0,00 | 0,538 | 239,20 | 239,20 |  0,00 | 1,229 | 244,35 | 244,35 |  0,00 | 571,227 | 125,43 | 125,43 | 1163,269 |   NaN | NaN | 0,00 | 0,00 | NaN
  37 |  0,00 | 34,053 | 662,12 | 662,12 | 683,46 |  0,00 | 0,472 | 44,35 | 44,35 |  0,00 | 0,790 | 248,33 | 248,33 |  0,00 | 2,826 | 244,01 | 244,01 |  0,00 | 527,131 | 125,43 | 125,43 | 1074,862 |   NaN | NaN | 0,00 | 0,00 | NaN
  38 |  0,00 | 35,686 | 655,42 | 655,42 | 676,70 |  0,00 | 0,464 | 44,35 | 44,35 |  0,00 | 0,798 | 243,78 | 243,78 |  0,00 | 2,343 | 241,86 | 241,86 |  0,00 | 551,522 | 125,43 | 125,43 | 1123,835 |   NaN | NaN | 0,00 | 0,00 | NaN
  39 |  0,00 | 34,778 | 652,00 | 652,00 | 677,38 |  0,00 | 0,507 | 44,35 | 44,35 |  0,00 | 0,721 | 242,45 | 242,45 |  0,00 | 1,938 | 239,77 | 239,77 |  0,00 | 536,801 | 125,43 | 125,43 | 1094,381 |   NaN | NaN | 0,00 | 0,00 | NaN
  40 |  0,00 | 36,274 | 653,64 | 653,64 | 678,99 |  0,00 | 0,507 | 44,35 | 44,35 |  0,00 | 0,575 | 242,21 | 242,21 |  0,00 | 1,330 | 241,64 | 241,64 |  0,00 | 564,017 | 125,43 | 125,43 | 1148,898 |   NaN | NaN | 0,00 | 0,00 | NaN
  41 |  0,00 | 33,023 | 661,33 | 661,33 | 683,61 |  0,00 | 0,490 | 44,35 | 44,35 |  0,00 | 0,755 | 243,94 | 243,94 |  0,00 | 2,495 | 247,61 | 247,61 |  0,00 | 511,445 | 125,43 | 125,43 | 1043,311 |   NaN | NaN | 0,00 | 0,00 | NaN
  42 |  0,00 | 33,705 | 660,13 | 660,13 | 681,36 |  0,00 | 0,436 | 44,35 | 44,35 |  0,00 | 0,740 | 244,04 | 244,04 |  0,00 | 3,218 | 246,31 | 246,31 |  0,00 | 519,478 | 125,43 | 125,43 | 1059,438 |   NaN | NaN | 0,00 | 0,00 | NaN
  43 |  0,00 | 34,618 | 660,46 | 660,46 | 685,21 |  0,00 | 0,514 | 44,35 | 44,35 |  0,00 | 0,746 | 243,96 | 243,96 |  0,00 | 2,357 | 246,72 | 246,72 |  0,00 | 536,784 | 125,43 | 125,43 | 1094,318 |   NaN | NaN | 0,00 | 0,00 | NaN
  44 |  0,00 | 32,713 | 662,38 | 662,38 | 683,44 |  0,00 | 0,427 | 44,35 | 44,35 |  0,00 | 0,683 | 244,92 | 244,92 |  0,00 | 2,288 | 247,68 | 247,68 |  0,00 | 508,398 | 125,43 | 125,43 | 1037,225 |   NaN | NaN | 0,00 | 0,00 | NaN
  45 |  0,00 | 33,441 | 660,80 | 660,80 | 687,03 |  0,00 | 0,511 | 44,35 | 44,35 |  0,00 | 1,007 | 249,87 | 249,87 |  0,00 | 2,173 | 241,15 | 241,15 |  0,00 | 517,975 | 125,43 | 125,43 | 1056,325 |   NaN | NaN | 0,00 | 0,00 | NaN
  46 |  0,00 | 34,560 | 655,15 | 655,15 | 676,38 |  0,00 | 0,450 | 44,35 | 44,35 |  0,00 | 0,760 | 240,22 | 240,22 |  0,00 | 2,248 | 245,16 | 245,16 |  0,00 | 534,010 | 125,43 | 125,43 | 1088,702 |   NaN | NaN | 0,00 | 0,00 | NaN
  47 |  0,00 | 32,449 | 650,33 | 650,33 | 671,55 |  0,00 | 0,448 | 44,35 | 44,35 |  0,00 | 0,541 | 242,71 | 242,71 |  0,00 | 2,294 | 237,84 | 237,84 |  0,00 | 499,020 | 125,43 | 125,43 | 1018,478 |   NaN | NaN | 0,00 | 0,00 | NaN
  48 |  0,00 | 32,964 | 652,67 | 652,67 | 674,18 |  0,00 | 0,477 | 44,35 | 44,35 |  0,00 | 0,701 | 241,05 | 241,05 |  0,00 | 2,038 | 241,84 | 241,84 |  0,00 | 508,391 | 125,43 | 125,43 | 1037,146 |   NaN | NaN | 0,00 | 0,00 | NaN
  49 |  0,00 | 32,521 | 650,91 | 650,91 | 673,14 |  0,00 | 0,490 | 44,35 | 44,35 |  0,00 | 0,753 | 240,33 | 240,33 |  0,00 | 2,389 | 240,81 | 240,81 |  0,00 | 498,942 | 125,43 | 125,43 | 1018,334 |   NaN | NaN | 0,00 | 0,00 | NaN
  50 |  0,00 | 34,849 | 654,74 | 654,74 | 675,97 |  0,00 | 0,444 | 44,35 | 44,35 |  0,00 | 0,761 | 244,33 | 244,33 |  0,00 | 2,621 | 240,63 | 240,63 |  0,00 | 537,164 | 125,43 | 125,43 | 1094,864 |   NaN | NaN | 0,00 | 0,00 | NaN
  51 |  0,00 | 33,310 | 653,57 | 653,57 | 674,84 |  0,00 | 0,442 | 44,35 | 44,35 |  0,00 | 0,778 | 241,04 | 241,04 |  0,00 | 2,584 | 242,75 | 242,75 |  0,00 | 512,203 | 125,43 | 125,43 | 1044,836 |   NaN | NaN | 0,00 | 0,00 | NaN
  52 |  0,00 | 33,537 | 655,58 | 655,58 | 676,93 |  0,00 | 0,468 | 44,35 | 44,35 |  0,00 | 0,786 | 240,27 | 240,27 |  0,00 | 2,932 | 245,52 | 245,52 |  0,00 | 515,219 | 125,43 | 125,43 | 1050,911 |   NaN | NaN | 0,00 | 0,00 | NaN
  53 |  0,00 | 34,083 | 657,68 | 657,68 | 678,93 |  0,00 | 0,455 | 44,35 | 44,35 |  0,00 | 0,641 | 242,89 | 242,89 |  0,00 | 2,007 | 245,02 | 245,02 |  0,00 | 529,003 | 125,43 | 125,43 | 1078,605 |   NaN | NaN | 0,00 | 0,00 | NaN
  54 |  0,00 | 33,848 | 651,37 | 651,37 | 672,63 |  0,00 | 0,458 | 44,35 | 44,35 |  0,00 | 0,775 | 243,46 | 243,46 |  0,00 | 3,055 | 238,13 | 238,13 |  0,00 | 518,065 | 125,43 | 125,43 | 1056,605 |   NaN | NaN | 0,00 | 0,00 | NaN
  55 |  0,00 | 35,566 | 655,03 | 655,03 | 676,30 |  0,00 | 0,443 | 44,35 | 44,35 |  0,00 | 0,653 | 241,57 | 241,57 |  0,00 | 2,055 | 243,68 | 243,68 |  0,00 | 551,146 | 125,43 | 125,43 | 1123,274 |   NaN | NaN | 0,00 | 0,00 | NaN
  56 |  0,00 | 33,100 | 652,51 | 652,51 | 673,74 |  0,00 | 0,449 | 44,35 | 44,35 |  0,00 | 0,793 | 242,95 | 242,95 |  0,00 | 2,244 | 239,78 | 239,78 |  0,00 | 509,634 | 125,43 | 125,43 | 1039,696 |   NaN | NaN | 0,00 | 0,00 | NaN
  57 |  0,00 | 32,675 | 654,45 | 654,45 | 675,71 |  0,00 | 0,446 | 44,35 | 44,35 |  0,00 | 0,722 | 241,37 | 241,37 |  0,00 | 2,775 | 243,30 | 243,30 |  0,00 | 502,057 | 125,43 | 125,43 | 1024,535 |   NaN | NaN | 0,00 | 0,00 | NaN
  58 |  0,00 | 32,789 | 657,04 | 657,04 | 678,45 |  0,00 | 0,475 | 44,35 | 44,35 |  0,00 | 0,845 | 243,86 | 243,86 |  0,00 | 2,983 | 243,40 | 243,40 |  0,00 | 503,671 | 125,43 | 125,43 | 1027,728 |   NaN | NaN | 0,00 | 0,00 | NaN
  59 |  0,00 | 37,024 | 660,23 | 660,23 | 682,96 |  0,00 | 0,494 | 44,35 | 44,35 |  0,00 | 0,555 | 242,53 | 242,53 |  0,00 | 1,853 | 247,92 | 247,92 |  0,00 | 577,720 | 125,43 | 125,43 | 1176,290 |   NaN | NaN | 0,00 | 0,00 | NaN
  60 |  0,00 | 33,079 | 656,34 | 656,34 | 677,42 |  0,00 | 0,429 | 44,35 | 44,35 |  0,00 | 0,801 | 244,10 | 244,10 |  0,00 | 2,208 | 242,45 | 242,45 |  0,00 | 511,332 | 125,43 | 125,43 | 1043,062 |   NaN | NaN | 0,00 | 0,00 | NaN
  61 |  0,00 | 34,453 | 660,17 | 660,17 | 681,42 |  0,00 | 0,451 | 44,35 | 44,35 |  0,00 | 0,758 | 245,37 | 245,37 |  0,00 | 3,284 | 245,03 | 245,03 |  0,00 | 531,129 | 125,43 | 125,43 | 1082,977 |   NaN | NaN | 0,00 | 0,00 | NaN
  62 |  0,00 | 33,040 | 657,29 | 657,29 | 684,08 |  0,00 | 0,513 | 44,35 | 44,35 |  0,00 | 0,875 | 243,11 | 243,11 |  0,00 | 2,747 | 244,41 | 244,41 |  0,00 | 508,252 | 125,43 | 125,43 | 1036,860 |   NaN | NaN | 0,00 | 0,00 | NaN
  63 |  0,00 | 35,135 | 658,69 | 658,69 | 680,02 |  0,00 | 0,468 | 44,35 | 44,35 |  0,00 | 0,606 | 246,12 | 246,12 |  0,00 | 1,858 | 242,79 | 242,79 |  0,00 | 546,867 | 125,43 | 125,43 | 1114,686 |   NaN | NaN | 0,00 | 0,00 | NaN
  64 |  0,00 | 33,775 | 651,77 | 651,77 | 678,33 |  0,00 | 0,511 | 44,35 | 44,35 |  0,00 | 0,704 | 242,48 | 242,48 |  0,00 | 2,752 | 239,51 | 239,51 |  0,00 | 517,928 | 125,43 | 125,43 | 1056,374 |   NaN | NaN | 0,00 | 0,00 | NaN

= = = = = = = = = = = = AVERAGE RESULTS system = = = = = = = = = = = =
meanPLR_system | 0,000000 
meanDelay_system | 30,247576 
meanLoad_system | 656,744303 
meanTHR_system | 656,744303 
meanGate_system | 679,131186 

meanPLR_EF_system | 0,000000 
meanPLR_AF_system | 0,000000 
meanPLR_BE_system | 0,000000 
meanPLR_FLA_system | 0,000000 
meanPLR_FLB_system | NaN 

meanTHR_EF_system | 44,352002 
meanTHR_AF_system | 243,664462 
meanTHR_BE_system | 243,300602 
meanTHR_FLA_system | 128,801916 
meanTHR_FLB_system | 0,000000 

meanLoad_EF_system | 44,352002 
meanLoad_AF_system | 243,664462 
meanLoad_BE_system | 243,300602 
meanLoad_FLA_system | 128,801916 
meanLoad_FLB_system | 0,000000 

meanDELAY_EF_system | 0,472626 
meanDELAY_AF_system | 2,066237 
meanDELAY_BE_system | 7,845737 
meanDELAY_FLA_system | 440,702781 
meanDELAY_FLB_system | NaN 
meanDELAY_CompleteFLA_system | 901,498877 
meanDELAY_CompleteFLB_system | NaN 

= = = = = = = = = = = = AVERAGE RESULTS = = = = = = = = = = = =
Packet Loss Ratio: 00,00 (%)
PROCESSED PACKAGES: 1217362706 
DISCARTED PACKAGES: 0 
TOTAL PACKAGES: 1217362706 
AVERAGE DELAY: 5023,50 (ms) 
AVERAGE THROUGHPUT: 656,74 (Mbps) 
GRANTED THROUGHPUT: 43464,40 (Mbps) By 64 ONUs
EFFECTIVE THROUGHPUT: 42031,64 (Mbps) By 64 ONUs
TOTAL LOAD: 42031,64 (Mbps) By 64 ONUs
ON Arrival THROUGHPUT: 0,00 (Mbps) By 64 ONUs
FINISHTIMEFL: 111,501447 
FINISHTIME: 114,501447 


fileName | IPACT_LEAKYBUCKET_1_68_65_0 
