
ONU ID 	|  PLR(%) | Delay(ms) | Throughput(Mbps) | Granted Throughput(Mbps) | Total Load (Mbps) 

  ID |  PLR(%) |  D  | Thr |  Gates  |  Load  | PLR-EF | D-EF | ThrEF | LoadEF | PLR-AF | D-AF | ThrAF | LoadAF | PLR-BE | D-BE | ThrBE | LoadBE | PLR-FA | D-FA | ThrFA | LoadFA | DTFA |  PLR-FB | D-FB | ThrFB | LoadFB | DTFB | 
   1 |  4,97 | 275,027 | 755,11 | 794,61 | 759,39 |  0,00 | 1,407 | 44,35 | 44,35 |  0,00 | 10,505 | 357,65 | 357,65 | 11,35 | 1032,428 | 308,56 | 348,06 |  0,00 | 221,446 | 44,54 | 44,54 | 461,986 |   NaN | NaN | 0,00 | 0,00 | NaN
   2 |  5,43 | 267,445 | 753,87 | 797,17 | 758,21 |  0,00 | 1,419 | 44,35 | 44,35 |  0,00 | 2,984 | 356,22 | 356,22 | 12,30 | 968,186 | 308,76 | 352,05 |  0,00 | 766,907 | 44,54 | 44,54 | 1552,892 |   NaN | NaN | 0,00 | 0,00 | NaN
   3 |  4,62 | 247,779 | 754,98 | 791,55 | 759,29 |  0,00 | 1,355 | 44,35 | 44,35 |  0,00 | 1,791 | 352,84 | 352,84 | 10,45 | 884,335 | 313,25 | 349,82 |  0,00 | 735,140 | 44,54 | 44,54 | 1489,398 |   NaN | NaN | 0,00 | 0,00 | NaN
   4 |  5,60 | 284,878 | 755,08 | 799,84 | 759,45 |  0,00 | 1,361 | 44,35 | 44,35 |  0,00 | 21,926 | 358,49 | 358,49 | 12,70 | 1065,065 | 307,69 | 352,45 |  0,00 | 156,348 | 44,54 | 44,54 | 331,814 |   NaN | NaN | 0,00 | 0,00 | NaN
   5 |  4,78 | 253,053 | 754,75 | 792,60 | 759,04 |  0,00 | 1,386 | 44,35 | 44,35 |  0,00 | 1,933 | 351,63 | 351,63 | 10,75 | 878,281 | 314,22 | 352,08 |  0,00 | 1037,805 | 44,54 | 44,54 | 2094,803 |   NaN | NaN | 0,00 | 0,00 | NaN
   6 |  5,45 | 265,325 | 754,44 | 797,96 | 758,72 |  0,00 | 1,335 | 44,35 | 44,35 |  0,00 | 2,106 | 356,17 | 356,17 | 12,33 | 953,385 | 309,37 | 352,89 |  0,00 | 850,418 | 44,54 | 44,54 | 1719,868 |   NaN | NaN | 0,00 | 0,00 | NaN
   7 |  5,00 | 261,969 | 755,01 | 794,73 | 759,29 |  0,00 | 1,353 | 44,35 | 44,35 |  0,00 | 3,931 | 353,92 | 353,92 | 11,29 | 967,182 | 312,20 | 351,92 |  0,00 | 369,297 | 44,54 | 44,54 | 757,677 |   NaN | NaN | 0,00 | 0,00 | NaN
   8 |  5,07 | 267,228 | 755,29 | 795,60 | 759,60 |  0,00 | 1,404 | 44,35 | 44,35 |  0,00 | 2,088 | 351,29 | 351,29 | 11,34 | 947,887 | 315,10 | 355,41 |  0,00 | 798,419 | 44,54 | 44,54 | 1615,840 |   NaN | NaN | 0,00 | 0,00 | NaN
   9 |  5,34 | 267,799 | 755,07 | 797,66 | 759,37 |  0,00 | 1,343 | 44,35 | 44,35 |  0,00 | 2,307 | 355,13 | 355,13 | 12,04 | 981,370 | 311,04 | 353,63 |  0,00 | 541,776 | 44,54 | 44,54 | 1102,739 |   NaN | NaN | 0,00 | 0,00 | NaN
  10 |  4,86 | 270,926 | 754,86 | 793,45 | 759,18 |  0,00 | 1,404 | 44,35 | 44,35 |  0,00 | 12,978 | 353,05 | 353,05 | 10,98 | 1000,834 | 312,92 | 351,51 |  0,00 | 203,723 | 44,54 | 44,54 | 426,621 |   NaN | NaN | 0,00 | 0,00 | NaN
  11 |  4,74 | 246,701 | 753,28 | 790,79 | 757,58 |  0,00 | 1,344 | 44,35 | 44,35 |  0,00 | 1,910 | 348,17 | 348,17 | 10,61 | 818,506 | 316,21 | 353,72 |  0,00 | 1434,791 | 44,54 | 44,54 | 2888,697 |   NaN | NaN | 0,00 | 0,00 | NaN
  12 |  4,93 | 262,220 | 755,19 | 794,32 | 759,50 |  0,00 | 1,406 | 44,35 | 44,35 |  0,00 | 2,001 | 352,67 | 352,67 | 11,09 | 926,531 | 313,63 | 352,76 |  0,00 | 888,667 | 44,54 | 44,54 | 1796,372 |   NaN | NaN | 0,00 | 0,00 | NaN
  13 |  4,18 | 243,654 | 754,06 | 786,93 | 758,37 |  0,00 | 1,371 | 44,35 | 44,35 |  0,00 | 2,092 | 350,38 | 350,38 |  9,45 | 860,888 | 314,79 | 347,66 |  0,00 | 768,606 | 44,54 | 44,54 | 1556,417 |   NaN | NaN | 0,00 | 0,00 | NaN
  14 |  5,40 | 255,935 | 753,30 | 796,30 | 757,62 |  0,00 | 1,412 | 44,35 | 44,35 |  0,00 | 2,140 | 353,67 | 353,67 | 12,16 | 898,980 | 310,73 | 353,73 |  0,00 | 1023,355 | 44,54 | 44,54 | 2065,792 |   NaN | NaN | 0,00 | 0,00 | NaN
  15 |  4,82 | 268,364 | 753,15 | 791,25 | 757,45 |  0,00 | 1,406 | 44,35 | 44,35 |  0,00 | 4,176 | 347,45 | 347,45 | 10,74 | 974,656 | 316,81 | 354,91 |  0,00 | 376,167 | 44,54 | 44,54 | 771,565 |   NaN | NaN | 0,00 | 0,00 | NaN
  16 |  6,18 | 279,676 | 754,10 | 803,74 | 758,40 |  0,00 | 1,397 | 44,35 | 44,35 |  0,00 | 2,498 | 354,53 | 354,53 | 13,78 | 1019,911 | 310,67 | 360,31 |  0,00 | 634,004 | 44,54 | 44,54 | 1287,062 |   NaN | NaN | 0,00 | 0,00 | NaN
  17 |  5,39 | 267,597 | 753,99 | 796,92 | 758,31 |  0,00 | 1,410 | 44,35 | 44,35 |  0,00 | 2,111 | 355,04 | 355,04 | 12,16 | 978,163 | 310,06 | 352,98 |  0,00 | 606,012 | 44,54 | 44,54 | 1231,077 |   NaN | NaN | 0,00 | 0,00 | NaN
  18 |  4,67 | 239,944 | 754,12 | 791,04 | 758,42 |  0,00 | 1,387 | 44,35 | 44,35 |  0,00 | 2,220 | 350,15 | 350,15 | 10,49 | 787,936 | 315,07 | 352,00 |  0,00 | 1543,234 | 44,54 | 44,54 | 3105,603 |   NaN | NaN | 0,00 | 0,00 | NaN
  19 |  3,89 | 245,648 | 754,39 | 784,94 | 758,70 |  0,00 | 1,378 | 44,35 | 44,35 |  0,00 | 2,320 | 346,68 | 346,68 |  8,74 | 822,116 | 318,82 | 349,37 |  0,00 | 1243,794 | 44,54 | 44,54 | 2506,665 |   NaN | NaN | 0,00 | 0,00 | NaN
  20 |  4,48 | 251,317 | 754,48 | 789,86 | 758,78 |  0,00 | 1,373 | 44,35 | 44,35 |  0,00 | 1,702 | 353,75 | 353,75 | 10,19 | 846,615 | 311,83 | 347,21 |  0,00 | 1458,805 | 44,54 | 44,54 | 2936,792 |   NaN | NaN | 0,00 | 0,00 | NaN
  21 |  3,61 | 247,714 | 754,35 | 782,63 | 758,64 |  0,00 | 1,378 | 44,35 | 44,35 |  0,00 | 5,664 | 348,00 | 348,00 |  8,18 | 900,742 | 317,46 | 345,73 |  0,00 | 292,262 | 44,54 | 44,54 | 603,752 |   NaN | NaN | 0,00 | 0,00 | NaN
  22 |  5,74 | 265,125 | 755,04 | 800,98 | 759,37 |  0,00 | 1,416 | 44,35 | 44,35 |  0,00 | 2,289 | 360,13 | 360,13 | 13,05 | 945,799 | 306,01 | 351,95 |  0,00 | 1076,571 | 44,54 | 44,54 | 2172,227 |   NaN | NaN | 0,00 | 0,00 | NaN
  23 |  5,07 | 255,207 | 754,71 | 795,03 | 759,02 |  0,00 | 1,399 | 44,35 | 44,35 |  0,00 | 2,196 | 353,14 | 353,14 | 11,42 | 866,675 | 312,67 | 352,99 |  0,00 | 1356,854 | 44,54 | 44,54 | 2732,664 |   NaN | NaN | 0,00 | 0,00 | NaN
  24 |  5,21 | 261,407 | 755,37 | 796,85 | 759,67 |  0,00 | 1,360 | 44,35 | 44,35 |  0,00 | 1,782 | 352,37 | 352,37 | 11,67 | 931,536 | 314,11 | 355,59 |  0,00 | 768,509 | 44,54 | 44,54 | 1556,146 |   NaN | NaN | 0,00 | 0,00 | NaN
  25 |  5,69 | 275,872 | 754,82 | 800,37 | 759,15 |  0,00 | 1,417 | 44,35 | 44,35 |  0,00 | 3,009 | 351,55 | 351,55 | 12,65 | 1009,337 | 314,38 | 359,92 |  0,00 | 426,507 | 44,54 | 44,54 | 872,300 |   NaN | NaN | 0,00 | 0,00 | NaN
  26 |  4,61 | 270,003 | 754,46 | 790,95 | 758,78 |  0,00 | 1,414 | 44,35 | 44,35 |  0,00 | 3,584 | 351,63 | 351,63 | 10,41 | 992,825 | 313,94 | 350,43 |  0,00 | 355,890 | 44,54 | 44,54 | 730,948 |   NaN | NaN | 0,00 | 0,00 | NaN
  27 |  4,50 | 245,514 | 754,83 | 790,39 | 759,11 |  0,00 | 1,340 | 44,35 | 44,35 |  0,00 | 1,788 | 353,63 | 353,63 | 10,22 | 816,278 | 312,30 | 347,87 |  0,00 | 1557,340 | 44,54 | 44,54 | 3133,708 |   NaN | NaN | 0,00 | 0,00 | NaN
  28 |  4,17 | 246,749 | 753,71 | 786,54 | 758,02 |  0,00 | 1,407 | 44,35 | 44,35 |  0,00 | 2,114 | 352,13 | 352,13 |  9,50 | 833,180 | 312,68 | 345,51 |  0,00 | 1363,391 | 44,54 | 44,54 | 2745,710 |   NaN | NaN | 0,00 | 0,00 | NaN
  29 |  5,53 | 256,491 | 754,28 | 798,44 | 758,59 |  0,00 | 1,386 | 44,35 | 44,35 |  0,00 | 1,979 | 354,43 | 354,43 | 12,43 | 871,682 | 310,96 | 355,11 |  0,00 | 1414,669 | 44,54 | 44,54 | 2848,435 |   NaN | NaN | 0,00 | 0,00 | NaN
  30 |  4,55 | 245,104 | 754,56 | 790,51 | 758,89 |  0,00 | 1,416 | 44,35 | 44,35 |  0,00 | 2,369 | 349,51 | 349,51 | 10,21 | 808,580 | 316,16 | 352,10 |  0,00 | 1495,471 | 44,54 | 44,54 | 3010,085 |   NaN | NaN | 0,00 | 0,00 | NaN
  31 |  4,58 | 246,728 | 754,49 | 790,67 | 758,80 |  0,00 | 1,383 | 44,35 | 44,35 |  0,00 | 1,746 | 353,31 | 353,31 | 10,38 | 835,569 | 312,29 | 348,47 |  0,00 | 1360,988 | 44,54 | 44,54 | 2740,926 |   NaN | NaN | 0,00 | 0,00 | NaN
  32 |  5,17 | 250,213 | 754,89 | 796,09 | 759,19 |  0,00 | 1,340 | 44,35 | 44,35 |  0,00 | 2,356 | 353,02 | 353,02 | 11,63 | 840,445 | 312,98 | 354,18 |  0,00 | 1438,795 | 44,54 | 44,54 | 2896,718 |   NaN | NaN | 0,00 | 0,00 | NaN
  33 |  4,59 | 243,897 | 754,28 | 790,55 | 758,58 |  0,00 | 1,405 | 44,35 | 44,35 |  0,00 | 2,174 | 350,94 | 350,94 | 10,34 | 809,735 | 314,44 | 350,71 |  0,00 | 1473,614 | 44,54 | 44,54 | 2966,322 |   NaN | NaN | 0,00 | 0,00 | NaN
  34 |  4,57 | 246,227 | 754,35 | 790,46 | 758,64 |  0,00 | 1,396 | 44,35 | 44,35 |  0,00 | 2,023 | 352,36 | 352,36 | 10,34 | 812,630 | 313,10 | 349,21 |  0,00 | 1604,423 | 44,54 | 44,54 | 3227,966 |   NaN | NaN | 0,00 | 0,00 | NaN
  35 |  5,62 | 254,399 | 754,58 | 799,49 | 758,87 |  0,00 | 1,346 | 44,35 | 44,35 |  0,00 | 1,936 | 355,39 | 355,39 | 12,64 | 847,599 | 310,30 | 355,21 |  0,00 | 1655,788 | 44,54 | 44,54 | 3330,703 |   NaN | NaN | 0,00 | 0,00 | NaN
  36 |  4,59 | 244,120 | 755,49 | 791,84 | 759,80 |  0,00 | 1,399 | 44,35 | 44,35 |  0,00 | 2,135 | 348,45 | 348,45 | 10,25 | 794,414 | 318,15 | 354,50 |  0,00 | 1576,758 | 44,54 | 44,54 | 3172,532 |   NaN | NaN | 0,00 | 0,00 | NaN
  37 |  5,67 | 261,962 | 755,47 | 800,90 | 759,77 |  0,00 | 1,382 | 44,35 | 44,35 |  0,00 | 2,343 | 358,51 | 358,51 | 12,85 | 899,707 | 308,06 | 353,50 |  0,00 | 1440,127 | 44,54 | 44,54 | 2899,420 |   NaN | NaN | 0,00 | 0,00 | NaN
  38 |  5,35 | 252,427 | 754,57 | 797,25 | 758,85 |  0,00 | 1,373 | 44,35 | 44,35 |  0,00 | 1,656 | 354,94 | 354,94 | 12,08 | 849,966 | 310,74 | 353,42 |  0,00 | 1513,289 | 44,54 | 44,54 | 3045,698 |   NaN | NaN | 0,00 | 0,00 | NaN
  39 |  3,56 | 236,624 | 753,81 | 781,61 | 758,13 |  0,00 | 1,416 | 44,35 | 44,35 |  0,00 | 1,725 | 347,66 | 347,66 |  8,06 | 775,817 | 317,25 | 345,06 |  0,00 | 1468,176 | 44,54 | 44,54 | 2955,595 |   NaN | NaN | 0,00 | 0,00 | NaN
  40 |  4,05 | 236,521 | 754,34 | 786,17 | 758,65 |  0,00 | 1,416 | 44,35 | 44,35 |  0,00 | 1,951 | 351,51 | 351,51 |  9,20 | 777,803 | 313,94 | 345,76 |  0,00 | 1550,432 | 44,54 | 44,54 | 3119,879 |   NaN | NaN | 0,00 | 0,00 | NaN
  41 |  5,44 | 254,324 | 754,61 | 798,04 | 758,93 |  0,00 | 1,399 | 44,35 | 44,35 |  0,00 | 2,099 | 349,66 | 349,66 | 12,08 | 851,450 | 316,05 | 359,49 |  0,00 | 1390,452 | 44,54 | 44,54 | 2800,021 |   NaN | NaN | 0,00 | 0,00 | NaN
  42 |  5,69 | 253,561 | 754,65 | 800,19 | 758,94 |  0,00 | 1,345 | 44,35 | 44,35 |  0,00 | 1,752 | 355,89 | 355,89 | 12,81 | 864,126 | 309,87 | 355,41 |  0,00 | 1414,912 | 44,54 | 44,54 | 2848,890 |   NaN | NaN | 0,00 | 0,00 | NaN
  43 |  6,04 | 253,436 | 755,16 | 803,73 | 759,48 |  0,00 | 1,424 | 44,35 | 44,35 |  0,00 | 1,596 | 358,57 | 358,57 | 13,63 | 866,477 | 307,70 | 356,27 |  0,00 | 1463,677 | 44,54 | 44,54 | 2946,471 |   NaN | NaN | 0,00 | 0,00 | NaN
  44 |  5,31 | 259,766 | 754,80 | 797,16 | 759,10 |  0,00 | 1,336 | 44,35 | 44,35 |  0,00 | 1,876 | 351,63 | 351,63 | 11,88 | 878,218 | 314,27 | 356,64 |  0,00 | 1380,951 | 44,54 | 44,54 | 2780,999 |   NaN | NaN | 0,00 | 0,00 | NaN
  45 |  4,58 | 248,466 | 755,31 | 791,59 | 759,64 |  0,00 | 1,420 | 44,35 | 44,35 |  0,00 | 2,058 | 356,16 | 356,16 | 10,47 | 843,848 | 310,25 | 346,53 |  0,00 | 1408,816 | 44,54 | 44,54 | 2836,725 |   NaN | NaN | 0,00 | 0,00 | NaN
  46 |  4,97 | 244,600 | 754,54 | 793,97 | 758,84 |  0,00 | 1,359 | 44,35 | 44,35 |  0,00 | 1,661 | 350,58 | 350,58 | 11,12 | 812,794 | 315,07 | 354,50 |  0,00 | 1460,668 | 44,54 | 44,54 | 2940,380 |   NaN | NaN | 0,00 | 0,00 | NaN
  47 |  4,70 | 245,674 | 754,68 | 791,91 | 758,98 |  0,00 | 1,357 | 44,35 | 44,35 |  0,00 | 1,821 | 352,88 | 352,88 | 10,63 | 830,778 | 312,91 | 350,13 |  0,00 | 1348,737 | 44,54 | 44,54 | 2716,538 |   NaN | NaN | 0,00 | 0,00 | NaN
  48 |  4,64 | 244,992 | 753,16 | 789,79 | 757,46 |  0,00 | 1,387 | 44,35 | 44,35 |  0,00 | 2,072 | 350,37 | 350,37 | 10,45 | 821,536 | 313,89 | 350,52 |  0,00 | 1381,443 | 44,54 | 44,54 | 2781,896 |   NaN | NaN | 0,00 | 0,00 | NaN
  49 |  4,67 | 249,586 | 754,50 | 791,43 | 758,82 |  0,00 | 1,399 | 44,35 | 44,35 |  0,00 | 1,939 | 352,29 | 352,29 | 10,54 | 843,919 | 313,31 | 350,24 |  0,00 | 1351,653 | 44,54 | 44,54 | 2722,213 |   NaN | NaN | 0,00 | 0,00 | NaN
  50 |  5,16 | 253,635 | 754,92 | 795,96 | 759,21 |  0,00 | 1,353 | 44,35 | 44,35 |  0,00 | 1,787 | 355,37 | 355,37 | 11,67 | 858,177 | 310,65 | 351,70 |  0,00 | 1470,079 | 44,54 | 44,54 | 2959,338 |   NaN | NaN | 0,00 | 0,00 | NaN
  51 |  4,97 | 253,147 | 754,24 | 793,64 | 758,54 |  0,00 | 1,351 | 44,35 | 44,35 |  0,00 | 1,816 | 351,22 | 351,22 | 11,15 | 852,757 | 314,12 | 353,53 |  0,00 | 1385,726 | 44,54 | 44,54 | 2790,495 |   NaN | NaN | 0,00 | 0,00 | NaN
  52 |  5,12 | 261,211 | 754,31 | 795,01 | 758,60 |  0,00 | 1,378 | 44,35 | 44,35 |  0,00 | 1,919 | 349,11 | 349,11 | 11,40 | 876,141 | 316,30 | 357,01 |  0,00 | 1398,880 | 44,54 | 44,54 | 2816,973 |   NaN | NaN | 0,00 | 0,00 | NaN
  53 |  5,16 | 252,510 | 754,73 | 795,79 | 759,05 |  0,00 | 1,365 | 44,35 | 44,35 |  0,00 | 1,714 | 355,16 | 355,16 | 11,67 | 855,764 | 310,68 | 351,74 |  0,00 | 1445,069 | 44,54 | 44,54 | 2909,202 |   NaN | NaN | 0,00 | 0,00 | NaN
  54 |  4,07 | 240,879 | 755,33 | 787,34 | 759,63 |  0,00 | 1,367 | 44,35 | 44,35 |  0,00 | 2,352 | 351,93 | 351,93 |  9,24 | 803,942 | 314,50 | 346,51 |  0,00 | 1406,595 | 44,54 | 44,54 | 2832,338 |   NaN | NaN | 0,00 | 0,00 | NaN
  55 |  4,44 | 250,379 | 754,81 | 789,87 | 759,10 |  0,00 | 1,352 | 44,35 | 44,35 |  0,00 | 1,853 | 349,29 | 349,29 |  9,97 | 826,637 | 316,62 | 351,68 |  0,00 | 1514,118 | 44,54 | 44,54 | 3047,429 |   NaN | NaN | 0,00 | 0,00 | NaN
  56 |  4,30 | 242,234 | 754,90 | 788,78 | 759,19 |  0,00 | 1,358 | 44,35 | 44,35 |  0,00 | 1,756 | 350,20 | 350,20 |  9,69 | 807,858 | 315,80 | 349,68 |  0,00 | 1383,045 | 44,54 | 44,54 | 2785,201 |   NaN | NaN | 0,00 | 0,00 | NaN
  57 |  4,74 | 242,005 | 754,53 | 792,07 | 758,85 |  0,00 | 1,355 | 44,35 | 44,35 |  0,00 | 2,064 | 350,86 | 350,86 | 10,65 | 810,360 | 314,77 | 352,31 |  0,00 | 1361,751 | 44,54 | 44,54 | 2742,584 |   NaN | NaN | 0,00 | 0,00 | NaN
  58 |  5,01 | 254,855 | 754,73 | 794,56 | 759,03 |  0,00 | 1,384 | 44,35 | 44,35 |  0,00 | 2,099 | 352,78 | 352,78 | 11,29 | 863,366 | 313,05 | 352,88 |  0,00 | 1366,059 | 44,54 | 44,54 | 2751,260 |   NaN | NaN | 0,00 | 0,00 | NaN
  59 |  5,47 | 245,081 | 755,63 | 799,38 | 759,93 |  0,00 | 1,403 | 44,35 | 44,35 |  0,00 | 1,701 | 351,72 | 351,72 | 12,19 | 804,916 | 315,02 | 358,77 |  0,00 | 1599,436 | 44,54 | 44,54 | 3217,876 |   NaN | NaN | 0,00 | 0,00 | NaN
  60 |  4,85 | 250,910 | 753,90 | 792,33 | 758,18 |  0,00 | 1,338 | 44,35 | 44,35 |  0,00 | 1,647 | 352,00 | 352,00 | 10,94 | 846,854 | 313,00 | 351,44 |  0,00 | 1391,912 | 44,54 | 44,54 | 2802,898 |   NaN | NaN | 0,00 | 0,00 | NaN
  61 |  5,41 | 261,842 | 755,45 | 798,68 | 759,75 |  0,00 | 1,360 | 44,35 | 44,35 |  0,00 | 1,823 | 354,96 | 354,96 | 12,18 | 888,590 | 311,59 | 354,82 |  0,00 | 1451,076 | 44,54 | 44,54 | 2921,338 |   NaN | NaN | 0,00 | 0,00 | NaN
  62 |  5,53 | 248,974 | 753,93 | 798,03 | 758,28 |  0,00 | 1,422 | 44,35 | 44,35 |  0,00 | 1,827 | 354,44 | 354,44 | 12,43 | 846,148 | 310,60 | 354,70 |  0,00 | 1381,504 | 44,54 | 44,54 | 2782,051 |   NaN | NaN | 0,00 | 0,00 | NaN
  63 |  5,04 | 246,729 | 754,87 | 794,93 | 759,16 |  0,00 | 1,377 | 44,35 | 44,35 |  0,00 | 2,207 | 354,59 | 354,59 | 11,40 | 827,216 | 311,39 | 351,45 |  0,00 | 1498,411 | 44,54 | 44,54 | 3015,956 |   NaN | NaN | 0,00 | 0,00 | NaN
  64 |  4,17 | 240,533 | 754,92 | 787,80 | 759,25 |  0,00 | 1,421 | 44,35 | 44,35 |  0,00 | 1,905 | 350,17 | 350,17 |  9,43 | 799,263 | 315,85 | 348,73 |  0,00 | 1407,362 | 44,54 | 44,54 | 2833,750 |   NaN | NaN | 0,00 | 0,00 | NaN

= = = = = = = = = = = = AVERAGE RESULTS system = = = = = = = = = = = =
meanPLR_system | 4,932475 
meanDelay_system | 254,126842 
meanLoad_system | 793,764611 
meanTHR_system | 754,586131 
meanGate_system | 758,893197 

meanPLR_EF_system | 0,000000 
meanPLR_AF_system | 0,000000 
meanPLR_BE_system | 11,115719 
meanPLR_FLA_system | 0,000000 
meanPLR_FLB_system | NaN 

meanTHR_EF_system | 44,352003 
meanTHR_AF_system | 352,707911 
meanTHR_BE_system | 312,982915 
meanTHR_FLA_system | 45,340176 
meanTHR_FLB_system | 0,000000 

meanLoad_EF_system | 44,352003 
meanLoad_AF_system | 352,707911 
meanLoad_BE_system | 352,161396 
meanLoad_FLA_system | 45,340176 
meanLoad_FLB_system | 0,000000 

meanDELAY_EF_system | 1,382038 
meanDELAY_AF_system | 2,779404 
meanDELAY_BE_system | 875,229795 
meanDELAY_FLA_system | 1170,482784 
meanDELAY_FLB_system | NaN 
meanDELAY_CompleteFLA_system | 2360,066176 
meanDELAY_CompleteFLB_system | NaN 

= = = = = = = = = = = = AVERAGE RESULTS = = = = = = = = = = = =
Packet Loss Ratio: 04,94 (%)
PROCESSED PACKAGES: 2048169542 
DISCARTED PACKAGES: 66803997 
TOTAL PACKAGES: 2114973539 
AVERAGE DELAY: 47645,70 (ms) 
AVERAGE THROUGHPUT: 754,59 (Mbps) 
GRANTED THROUGHPUT: 48569,16 (Mbps) By 64 ONUs
EFFECTIVE THROUGHPUT: 48293,51 (Mbps) By 64 ONUs
TOTAL LOAD: 50800,94 (Mbps) By 64 ONUs
ON Arrival THROUGHPUT: 0,00 (Mbps) By 64 ONUs
FINISHTIMEFL: 167,692335 
FINISHTIME: 170,692335 


fileName | IPACT_LEAKYBUCKET_3_36_94_0 
