
ONU ID 	|  PLR(%) | Delay(ms) | Throughput(Mbps) | Granted Throughput(Mbps) | Total Load (Mbps) 

  ID |  PLR(%) |  D  | Thr |  Gates  |  Load  | PLR-EF | D-EF | ThrEF | LoadEF | PLR-AF | D-AF | ThrAF | LoadAF | PLR-BE | D-BE | ThrBE | LoadBE | PLR-FA | D-FA | ThrFA | LoadFA | DTFA |  PLR-FB | D-FB | ThrFB | LoadFB | DTFB | 
   1 |  5,00 | 273,819 | 754,20 | 793,91 | 758,52 |  0,00 | 1,405 | 44,35 | 44,35 |  0,00 | 11,754 | 350,43 | 350,43 | 11,74 | 1044,200 | 298,56 | 338,27 |  0,00 | 245,226 | 60,86 | 60,86 | 510,520 |   NaN | NaN | 0,00 | 0,00 | NaN
   2 |  5,29 | 252,115 | 753,65 | 795,73 | 758,04 |  0,00 | 1,417 | 44,35 | 44,35 |  0,00 | 2,209 | 345,87 | 345,87 | 12,21 | 916,574 | 302,57 | 344,65 |  0,00 | 614,886 | 60,86 | 60,86 | 1249,824 |   NaN | NaN | 0,00 | 0,00 | NaN
   3 |  5,20 | 250,944 | 752,88 | 794,17 | 757,21 |  0,00 | 1,354 | 44,35 | 44,35 |  0,00 | 2,986 | 344,50 | 344,50 | 11,99 | 911,601 | 303,17 | 344,46 |  0,00 | 588,695 | 60,86 | 60,86 | 1197,492 |   NaN | NaN | 0,00 | 0,00 | NaN
   4 |  6,10 | 275,254 | 754,55 | 803,56 | 759,02 |  0,00 | 1,359 | 44,35 | 44,35 |  0,00 | 19,290 | 352,44 | 352,44 | 14,17 | 1052,710 | 296,90 | 345,91 |  0,00 | 192,846 | 60,86 | 60,86 | 405,769 |   NaN | NaN | 0,00 | 0,00 | NaN
   5 |  4,84 | 247,142 | 754,23 | 792,59 | 758,56 |  0,00 | 1,385 | 44,35 | 44,35 |  0,00 | 2,595 | 344,28 | 344,28 | 11,18 | 871,456 | 304,73 | 343,10 |  0,00 | 796,459 | 60,86 | 60,86 | 1613,080 |   NaN | NaN | 0,00 | 0,00 | NaN
   6 |  5,84 | 257,502 | 752,96 | 799,65 | 757,29 |  0,00 | 1,333 | 44,35 | 44,35 |  0,00 | 2,141 | 348,55 | 348,55 | 13,50 | 941,167 | 299,20 | 345,89 |  0,00 | 674,298 | 60,86 | 60,86 | 1368,677 |   NaN | NaN | 0,00 | 0,00 | NaN
   7 |  5,20 | 268,074 | 754,88 | 796,31 | 759,21 |  0,00 | 1,352 | 44,35 | 44,35 |  0,00 | 5,909 | 347,15 | 347,15 | 12,05 | 1004,709 | 302,52 | 343,95 |  0,00 | 347,045 | 60,86 | 60,86 | 714,364 |   NaN | NaN | 0,00 | 0,00 | NaN
   8 |  5,53 | 261,376 | 753,25 | 797,32 | 757,61 |  0,00 | 1,402 | 44,35 | 44,35 |  0,00 | 2,636 | 343,67 | 343,67 | 12,65 | 944,309 | 304,37 | 348,44 |  0,00 | 633,046 | 60,86 | 60,86 | 1286,307 |   NaN | NaN | 0,00 | 0,00 | NaN
   9 |  5,63 | 264,769 | 754,09 | 799,05 | 758,41 |  0,00 | 1,342 | 44,35 | 44,35 |  0,00 | 3,959 | 349,43 | 349,43 | 13,05 | 990,678 | 299,45 | 344,41 |  0,00 | 463,151 | 60,86 | 60,86 | 946,379 |   NaN | NaN | 0,00 | 0,00 | NaN
  10 |  5,16 | 267,164 | 755,43 | 796,53 | 759,81 |  0,00 | 1,403 | 44,35 | 44,35 |  0,00 | 11,956 | 346,04 | 346,04 | 11,90 | 1001,914 | 304,18 | 345,28 |  0,00 | 225,427 | 60,86 | 60,86 | 470,901 |   NaN | NaN | 0,00 | 0,00 | NaN
  11 |  4,65 | 243,861 | 753,39 | 790,14 | 757,73 |  0,00 | 1,342 | 44,35 | 44,35 |  0,00 | 1,969 | 338,47 | 338,47 | 10,61 | 817,219 | 309,71 | 346,46 |  0,00 | 1063,742 | 60,86 | 60,86 | 2147,839 |   NaN | NaN | 0,00 | 0,00 | NaN
  12 |  5,14 | 259,059 | 754,01 | 794,89 | 758,37 |  0,00 | 1,405 | 44,35 | 44,35 |  0,00 | 3,260 | 345,40 | 345,40 | 11,88 | 931,472 | 303,40 | 344,28 |  0,00 | 696,856 | 60,86 | 60,86 | 1413,767 |   NaN | NaN | 0,00 | 0,00 | NaN
  13 |  4,10 | 240,171 | 753,76 | 785,95 | 758,09 |  0,00 | 1,369 | 44,35 | 44,35 |  0,00 | 2,192 | 341,03 | 341,03 |  9,48 | 856,758 | 307,52 | 339,71 |  0,00 | 609,310 | 60,86 | 60,86 | 1238,696 |   NaN | NaN | 0,00 | 0,00 | NaN
  14 |  5,80 | 256,031 | 752,04 | 798,35 | 756,40 |  0,00 | 1,410 | 44,35 | 44,35 |  0,00 | 1,772 | 346,55 | 346,55 | 13,36 | 918,881 | 300,28 | 346,59 |  0,00 | 788,450 | 60,86 | 60,86 | 1597,034 |   NaN | NaN | 0,00 | 0,00 | NaN
  15 |  4,94 | 267,644 | 753,39 | 792,52 | 757,72 |  0,00 | 1,404 | 44,35 | 44,35 |  0,00 | 5,853 | 341,60 | 341,60 | 11,32 | 988,842 | 306,58 | 345,71 |  0,00 | 343,623 | 60,86 | 60,86 | 707,341 |   NaN | NaN | 0,00 | 0,00 | NaN
  16 |  5,83 | 272,371 | 754,99 | 801,72 | 759,33 |  0,00 | 1,396 | 44,35 | 44,35 |  0,00 | 2,842 | 345,79 | 345,79 | 13,32 | 1001,640 | 303,99 | 350,72 |  0,00 | 521,162 | 60,86 | 60,86 | 1062,405 |   NaN | NaN | 0,00 | 0,00 | NaN
  17 |  5,70 | 268,159 | 754,59 | 800,19 | 758,96 |  0,00 | 1,409 | 44,35 | 44,35 |  0,00 | 2,799 | 347,32 | 347,32 | 13,12 | 992,817 | 302,06 | 347,65 |  0,00 | 506,201 | 60,86 | 60,86 | 1032,515 |   NaN | NaN | 0,00 | 0,00 | NaN
  18 |  5,32 | 250,784 | 751,39 | 793,63 | 755,71 |  0,00 | 1,385 | 44,35 | 44,35 |  0,00 | 1,983 | 343,00 | 343,00 | 12,23 | 852,665 | 303,17 | 345,41 |  0,00 | 1133,721 | 60,86 | 60,86 | 2287,855 |   NaN | NaN | 0,00 | 0,00 | NaN
  19 |  4,26 | 244,419 | 754,80 | 788,35 | 759,13 |  0,00 | 1,376 | 44,35 | 44,35 |  0,00 | 2,380 | 339,78 | 339,78 |  9,77 | 833,936 | 309,80 | 343,36 |  0,00 | 928,480 | 60,86 | 60,86 | 1877,030 |   NaN | NaN | 0,00 | 0,00 | NaN
  20 |  4,58 | 239,507 | 754,37 | 790,54 | 758,69 |  0,00 | 1,372 | 44,35 | 44,35 |  0,00 | 1,584 | 346,79 | 346,79 | 10,68 | 819,718 | 302,37 | 338,54 |  0,00 | 1078,183 | 60,86 | 60,86 | 2176,797 |   NaN | NaN | 0,00 | 0,00 | NaN
  21 |  3,98 | 249,242 | 752,22 | 783,43 | 756,55 |  0,00 | 1,376 | 44,35 | 44,35 |  0,00 | 9,016 | 339,75 | 339,75 |  9,22 | 917,411 | 307,26 | 338,47 |  0,00 | 285,197 | 60,86 | 60,86 | 590,582 |   NaN | NaN | 0,00 | 0,00 | NaN
  22 |  6,07 | 265,156 | 754,61 | 803,36 | 759,01 |  0,00 | 1,415 | 44,35 | 44,35 |  0,00 | 2,020 | 354,11 | 354,11 | 14,17 | 969,718 | 295,28 | 344,04 |  0,00 | 822,322 | 60,86 | 60,86 | 1664,831 |   NaN | NaN | 0,00 | 0,00 | NaN
  23 |  5,58 | 257,720 | 753,86 | 798,39 | 758,22 |  0,00 | 1,397 | 44,35 | 44,35 |  0,00 | 1,839 | 348,52 | 348,52 | 12,92 | 904,542 | 300,13 | 344,66 |  0,00 | 1007,754 | 60,86 | 60,86 | 2035,823 |   NaN | NaN | 0,00 | 0,00 | NaN
  24 |  5,19 | 260,419 | 754,37 | 795,65 | 758,69 |  0,00 | 1,359 | 44,35 | 44,35 |  0,00 | 2,506 | 344,33 | 344,33 | 11,93 | 942,855 | 304,83 | 346,10 |  0,00 | 608,231 | 60,86 | 60,86 | 1236,527 |   NaN | NaN | 0,00 | 0,00 | NaN
  25 |  6,24 | 274,632 | 752,92 | 803,06 | 757,28 |  0,00 | 1,416 | 44,35 | 44,35 |  0,00 | 4,412 | 344,99 | 344,99 | 14,21 | 1026,167 | 302,72 | 352,85 |  0,00 | 377,285 | 60,86 | 60,86 | 774,754 |   NaN | NaN | 0,00 | 0,00 | NaN
  26 |  4,85 | 268,874 | 754,31 | 792,78 | 758,67 |  0,00 | 1,412 | 44,35 | 44,35 |  0,00 | 6,087 | 343,55 | 343,55 | 11,18 | 998,334 | 305,55 | 344,02 |  0,00 | 334,414 | 60,86 | 60,86 | 688,884 |   NaN | NaN | 0,00 | 0,00 | NaN
  27 |  4,86 | 237,942 | 753,38 | 791,84 | 757,68 |  0,00 | 1,339 | 44,35 | 44,35 |  0,00 | 1,890 | 345,37 | 345,37 | 11,27 | 804,057 | 302,80 | 341,25 |  0,00 | 1145,934 | 60,86 | 60,86 | 2312,073 |   NaN | NaN | 0,00 | 0,00 | NaN
  28 |  4,49 | 249,712 | 753,67 | 789,10 | 758,03 |  0,00 | 1,405 | 44,35 | 44,35 |  0,00 | 2,650 | 345,18 | 345,18 | 10,46 | 862,152 | 303,28 | 338,71 |  0,00 | 1012,916 | 60,86 | 60,86 | 2046,045 |   NaN | NaN | 0,00 | 0,00 | NaN
  29 |  5,78 | 251,232 | 753,74 | 799,98 | 758,08 |  0,00 | 1,385 | 44,35 | 44,35 |  0,00 | 1,944 | 347,27 | 347,27 | 13,31 | 870,733 | 301,25 | 347,49 |  0,00 | 1052,088 | 60,86 | 60,86 | 2124,415 |   NaN | NaN | 0,00 | 0,00 | NaN
  30 |  4,66 | 246,579 | 754,64 | 791,51 | 759,01 |  0,00 | 1,415 | 44,35 | 44,35 |  0,00 | 1,960 | 342,49 | 342,49 | 10,72 | 832,093 | 306,94 | 343,80 |  0,00 | 1102,262 | 60,86 | 60,86 | 2224,766 |   NaN | NaN | 0,00 | 0,00 | NaN
  31 |  4,82 | 243,918 | 755,95 | 794,24 | 760,29 |  0,00 | 1,382 | 44,35 | 44,35 |  0,00 | 1,892 | 344,54 | 344,54 | 11,12 | 834,686 | 306,19 | 344,48 |  0,00 | 1008,696 | 60,86 | 60,86 | 2037,604 |   NaN | NaN | 0,00 | 0,00 | NaN
  32 |  4,98 | 251,332 | 755,64 | 795,26 | 759,99 |  0,00 | 1,338 | 44,35 | 44,35 |  0,00 | 2,443 | 344,90 | 344,90 | 11,48 | 858,521 | 305,53 | 345,15 |  0,00 | 1066,490 | 60,86 | 60,86 | 2153,349 |   NaN | NaN | 0,00 | 0,00 | NaN
  33 |  4,53 | 236,965 | 754,10 | 789,91 | 758,46 |  0,00 | 1,404 | 44,35 | 44,35 |  0,00 | 1,809 | 341,56 | 341,56 | 10,44 | 794,937 | 307,32 | 343,14 |  0,00 | 1090,066 | 60,86 | 60,86 | 2200,286 |   NaN | NaN | 0,00 | 0,00 | NaN
  34 |  4,22 | 240,647 | 755,42 | 788,73 | 759,74 |  0,00 | 1,395 | 44,35 | 44,35 |  0,00 | 1,951 | 344,35 | 344,35 |  9,82 | 804,604 | 305,86 | 339,17 |  0,00 | 1177,548 | 60,86 | 60,86 | 2375,678 |   NaN | NaN | 0,00 | 0,00 | NaN
  35 |  5,60 | 252,041 | 755,93 | 800,81 | 760,25 |  0,00 | 1,344 | 44,35 | 44,35 |  0,00 | 1,466 | 347,38 | 347,38 | 12,89 | 853,516 | 303,34 | 348,22 |  0,00 | 1210,059 | 60,86 | 60,86 | 2441,059 |   NaN | NaN | 0,00 | 0,00 | NaN
  36 |  4,49 | 238,283 | 754,80 | 790,31 | 759,16 |  0,00 | 1,397 | 44,35 | 44,35 |  0,00 | 2,137 | 339,08 | 339,08 | 10,26 | 784,933 | 310,51 | 346,02 |  0,00 | 1158,581 | 60,86 | 60,86 | 2337,329 |   NaN | NaN | 0,00 | 0,00 | NaN
  37 |  5,75 | 253,948 | 755,62 | 801,74 | 759,96 |  0,00 | 1,380 | 44,35 | 44,35 |  0,00 | 2,237 | 351,17 | 351,17 | 13,35 | 887,391 | 299,24 | 345,36 |  0,00 | 1063,195 | 60,86 | 60,86 | 2146,707 |   NaN | NaN | 0,00 | 0,00 | NaN
  38 |  5,23 | 252,825 | 754,52 | 796,18 | 758,85 |  0,00 | 1,371 | 44,35 | 44,35 |  0,00 | 2,190 | 346,48 | 346,48 | 12,09 | 865,790 | 302,83 | 344,48 |  0,00 | 1115,601 | 60,86 | 60,86 | 2251,631 |   NaN | NaN | 0,00 | 0,00 | NaN
  39 |  3,98 | 241,294 | 753,03 | 784,27 | 757,40 |  0,00 | 1,415 | 44,35 | 44,35 |  0,00 | 2,398 | 340,15 | 340,15 |  9,22 | 810,106 | 307,67 | 338,92 |  0,00 | 1081,560 | 60,86 | 60,86 | 2183,529 |   NaN | NaN | 0,00 | 0,00 | NaN
  40 |  3,97 | 235,233 | 753,67 | 784,84 | 758,03 |  0,00 | 1,415 | 44,35 | 44,35 |  0,00 | 2,287 | 341,29 | 341,29 |  9,21 | 782,408 | 307,16 | 338,33 |  0,00 | 1142,466 | 60,86 | 60,86 | 2305,185 |   NaN | NaN | 0,00 | 0,00 | NaN
  41 |  5,54 | 256,307 | 753,27 | 797,45 | 757,61 |  0,00 | 1,398 | 44,35 | 44,35 |  0,00 | 2,326 | 342,92 | 342,92 | 12,65 | 880,260 | 305,14 | 349,31 |  0,00 | 1032,239 | 60,86 | 60,86 | 2084,747 |   NaN | NaN | 0,00 | 0,00 | NaN
  42 |  5,71 | 256,955 | 755,74 | 801,47 | 760,08 |  0,00 | 1,344 | 44,35 | 44,35 |  0,00 | 2,161 | 348,36 | 348,36 | 13,14 | 892,475 | 302,17 | 347,89 |  0,00 | 1046,001 | 60,86 | 60,86 | 2112,215 |   NaN | NaN | 0,00 | 0,00 | NaN
  43 |  5,69 | 245,617 | 754,94 | 800,47 | 759,30 |  0,00 | 1,422 | 44,35 | 44,35 |  0,00 | 2,184 | 347,61 | 347,61 | 13,10 | 843,148 | 302,11 | 347,65 |  0,00 | 1084,435 | 60,86 | 60,86 | 2189,224 |   NaN | NaN | 0,00 | 0,00 | NaN
  44 |  5,81 | 262,644 | 754,96 | 801,57 | 759,27 |  0,00 | 1,334 | 44,35 | 44,35 |  0,00 | 1,782 | 345,47 | 345,47 | 13,28 | 910,431 | 304,27 | 350,89 |  0,00 | 1025,947 | 60,86 | 60,86 | 2072,137 |   NaN | NaN | 0,00 | 0,00 | NaN
  45 |  5,29 | 249,843 | 753,80 | 795,89 | 758,18 |  0,00 | 1,418 | 44,35 | 44,35 |  0,00 | 2,119 | 349,70 | 349,70 | 12,34 | 873,043 | 298,89 | 340,97 |  0,00 | 1040,359 | 60,86 | 60,86 | 2100,965 |   NaN | NaN | 0,00 | 0,00 | NaN
  46 |  5,04 | 241,438 | 754,99 | 795,06 | 759,32 |  0,00 | 1,358 | 44,35 | 44,35 |  0,00 | 1,725 | 341,83 | 341,83 | 11,51 | 812,583 | 307,95 | 348,01 |  0,00 | 1079,070 | 60,86 | 60,86 | 2178,483 |   NaN | NaN | 0,00 | 0,00 | NaN
  47 |  4,61 | 248,116 | 755,41 | 791,95 | 759,74 |  0,00 | 1,355 | 44,35 | 44,35 |  0,00 | 1,929 | 345,39 | 345,39 | 10,71 | 854,512 | 304,80 | 341,35 |  0,00 | 1009,118 | 60,86 | 60,86 | 2038,464 |   NaN | NaN | 0,00 | 0,00 | NaN
  48 |  4,68 | 241,021 | 753,14 | 790,15 | 757,48 |  0,00 | 1,385 | 44,35 | 44,35 |  0,00 | 2,015 | 342,60 | 342,60 | 10,81 | 821,848 | 305,33 | 342,34 |  0,00 | 1025,560 | 60,86 | 60,86 | 2071,261 |   NaN | NaN | 0,00 | 0,00 | NaN
  49 |  4,45 | 245,595 | 754,54 | 789,66 | 758,89 |  0,00 | 1,397 | 44,35 | 44,35 |  0,00 | 2,485 | 343,48 | 343,48 | 10,30 | 841,012 | 305,85 | 340,96 |  0,00 | 1005,310 | 60,86 | 60,86 | 2030,944 |   NaN | NaN | 0,00 | 0,00 | NaN
  50 |  5,01 | 244,654 | 753,44 | 793,14 | 757,75 |  0,00 | 1,352 | 44,35 | 44,35 |  0,00 | 1,902 | 345,58 | 345,58 | 11,60 | 837,165 | 302,65 | 342,35 |  0,00 | 1086,104 | 60,86 | 60,86 | 2192,449 |   NaN | NaN | 0,00 | 0,00 | NaN
  51 |  5,28 | 249,475 | 754,76 | 796,87 | 759,09 |  0,00 | 1,350 | 44,35 | 44,35 |  0,00 | 1,730 | 345,08 | 345,08 | 12,15 | 857,565 | 304,46 | 346,58 |  0,00 | 1031,400 | 60,86 | 60,86 | 2083,105 |   NaN | NaN | 0,00 | 0,00 | NaN
  52 |  4,99 | 247,239 | 755,03 | 794,67 | 759,37 |  0,00 | 1,376 | 44,35 | 44,35 |  0,00 | 1,799 | 340,45 | 340,45 | 11,36 | 834,701 | 309,37 | 349,01 |  0,00 | 1040,886 | 60,86 | 60,86 | 2101,948 |   NaN | NaN | 0,00 | 0,00 | NaN
  53 |  5,15 | 254,700 | 754,47 | 795,47 | 758,80 |  0,00 | 1,363 | 44,35 | 44,35 |  0,00 | 2,447 | 345,47 | 345,47 | 11,89 | 875,625 | 303,79 | 344,79 |  0,00 | 1064,828 | 60,86 | 60,86 | 2149,868 |   NaN | NaN | 0,00 | 0,00 | NaN
  54 |  4,39 | 246,430 | 755,08 | 789,79 | 759,43 |  0,00 | 1,366 | 44,35 | 44,35 |  0,00 | 2,566 | 344,79 | 344,79 | 10,21 | 842,660 | 305,09 | 339,79 |  0,00 | 1041,208 | 60,86 | 60,86 | 2102,788 |   NaN | NaN | 0,00 | 0,00 | NaN
  55 |  4,90 | 246,626 | 753,22 | 792,04 | 757,54 |  0,00 | 1,351 | 44,35 | 44,35 |  0,00 | 1,979 | 342,72 | 342,72 | 11,28 | 834,792 | 305,29 | 344,11 |  0,00 | 1111,854 | 60,86 | 60,86 | 2243,884 |   NaN | NaN | 0,00 | 0,00 | NaN
  56 |  4,28 | 245,146 | 755,46 | 789,24 | 759,82 |  0,00 | 1,357 | 44,35 | 44,35 |  0,00 | 2,174 | 342,41 | 342,41 |  9,89 | 832,288 | 307,84 | 341,62 |  0,00 | 1028,182 | 60,86 | 60,86 | 2076,447 |   NaN | NaN | 0,00 | 0,00 | NaN
  57 |  4,96 | 235,750 | 752,90 | 792,20 | 757,24 |  0,00 | 1,354 | 44,35 | 44,35 |  0,00 | 2,957 | 342,36 | 342,36 | 11,40 | 801,370 | 305,34 | 344,63 |  0,00 | 1013,714 | 60,86 | 60,86 | 2047,508 |   NaN | NaN | 0,00 | 0,00 | NaN
  58 |  5,18 | 254,211 | 755,45 | 796,74 | 759,80 |  0,00 | 1,382 | 44,35 | 44,35 |  0,00 | 1,987 | 347,28 | 347,28 | 11,99 | 883,131 | 302,96 | 344,25 |  0,00 | 1011,388 | 60,86 | 60,86 | 2042,988 |   NaN | NaN | 0,00 | 0,00 | NaN
  59 |  5,48 | 250,518 | 755,97 | 799,85 | 760,32 |  0,00 | 1,401 | 44,35 | 44,35 |  0,00 | 1,912 | 343,56 | 343,56 | 12,50 | 840,249 | 307,20 | 351,07 |  0,00 | 1173,465 | 60,86 | 60,86 | 2367,136 |   NaN | NaN | 0,00 | 0,00 | NaN
  60 |  5,30 | 247,342 | 753,07 | 795,22 | 757,38 |  0,00 | 1,336 | 44,35 | 44,35 |  0,00 | 1,892 | 345,46 | 345,46 | 12,23 | 853,879 | 302,40 | 344,54 |  0,00 | 1032,110 | 60,86 | 60,86 | 2084,606 |   NaN | NaN | 0,00 | 0,00 | NaN
  61 |  5,56 | 250,185 | 754,72 | 799,15 | 759,05 |  0,00 | 1,359 | 44,35 | 44,35 |  0,00 | 2,193 | 347,11 | 347,11 | 12,81 | 862,240 | 302,40 | 346,83 |  0,00 | 1068,207 | 60,86 | 60,86 | 2156,744 |   NaN | NaN | 0,00 | 0,00 | NaN
  62 |  5,44 | 255,423 | 752,91 | 796,21 | 757,30 |  0,00 | 1,420 | 44,35 | 44,35 |  0,00 | 2,533 | 343,75 | 343,75 | 12,47 | 880,468 | 303,95 | 347,25 |  0,00 | 1025,008 | 60,86 | 60,86 | 2070,302 |   NaN | NaN | 0,00 | 0,00 | NaN
  63 |  5,29 | 250,552 | 753,76 | 795,87 | 758,09 |  0,00 | 1,376 | 44,35 | 44,35 |  0,00 | 2,330 | 347,68 | 347,68 | 12,28 | 862,792 | 300,86 | 342,98 |  0,00 | 1105,063 | 60,86 | 60,86 | 2230,436 |   NaN | NaN | 0,00 | 0,00 | NaN
  64 |  4,10 | 229,841 | 755,23 | 787,54 | 759,60 |  0,00 | 1,419 | 44,35 | 44,35 |  0,00 | 2,027 | 342,26 | 342,26 |  9,50 | 771,923 | 307,75 | 340,06 |  0,00 | 1042,071 | 60,86 | 60,86 | 2104,399 |   NaN | NaN | 0,00 | 0,00 | NaN

= = = = = = = = = = = = AVERAGE RESULTS system = = = = = = = = = = = =
meanPLR_system | 5,086439 
meanDelay_system | 251,934169 
meanLoad_system | 794,658209 
meanTHR_system | 754,211596 
meanGate_system | 758,556449 

meanPLR_EF_system | 0,000000 
meanPLR_AF_system | 0,000000 
meanPLR_BE_system | 11,732273 
meanPLR_FLA_system | 0,000000 
meanPLR_FLB_system | NaN 

meanTHR_EF_system | 44,352003 
meanTHR_AF_system | 344,967297 
meanTHR_BE_system | 304,032565 
meanTHR_FLA_system | 62,204092 
meanTHR_FLB_system | 0,000000 

meanLoad_EF_system | 44,352003 
meanLoad_AF_system | 344,967297 
meanLoad_BE_system | 344,479178 
meanLoad_FLA_system | 62,204092 
meanLoad_FLB_system | 0,000000 

meanDELAY_EF_system | 1,380516 
meanDELAY_AF_system | 3,099310 
meanDELAY_BE_system | 882,787144 
meanDELAY_FLA_system | 883,390597 
meanDELAY_FLB_system | NaN 
meanDELAY_CompleteFLA_system | 1787,010932 
meanDELAY_CompleteFLB_system | NaN 

= = = = = = = = = = = = AVERAGE RESULTS = = = = = = = = = = = =
Packet Loss Ratio: 05,09 (%)
PROCESSED PACKAGES: 1654375429 
DISCARTED PACKAGES: 56129302 
TOTAL PACKAGES: 1710504731 
AVERAGE DELAY: 46915,68 (ms) 
AVERAGE THROUGHPUT: 754,21 (Mbps) 
GRANTED THROUGHPUT: 48547,61 (Mbps) By 64 ONUs
EFFECTIVE THROUGHPUT: 48269,54 (Mbps) By 64 ONUs
TOTAL LOAD: 50858,13 (Mbps) By 64 ONUs
ON Arrival THROUGHPUT: 0,00 (Mbps) By 64 ONUs
FINISHTIMEFL: 135,811000 
FINISHTIME: 138,811000 


fileName | IPACT_LBCONSTANTTOKENSBYCYCLE_2_40_92_0 
