
ONU ID 	|  PLR(%) | Delay(ms) | Throughput(Mbps) | Granted Throughput(Mbps) | Total Load (Mbps) 

  ID |  PLR(%) |  D  | Thr |  Gates  |  Load  | PLR-EF | D-EF | ThrEF | LoadEF | PLR-AF | D-AF | ThrAF | LoadAF | PLR-BE | D-BE | ThrBE | LoadBE | PLR-FA | D-FA | ThrFA | LoadFA | DTFA |  PLR-FB | D-FB | ThrFB | LoadFB | DTFB | 
   1 |  0,00 | 4,147 | 674,81 | 674,81 | 694,42 |  0,00 | 0,656 | 44,35 | 44,35 |  0,00 | 0,647 | 249,05 | 249,05 |  0,00 | 3,858 | 240,27 | 240,27 |  0,00 | 40,214 | 141,14 | 141,14 | 91,451 |   NaN | NaN | 0,00 | 0,00 | NaN
   2 |  0,00 | 16,298 | 675,35 | 675,35 | 697,27 |  0,00 | 0,668 | 44,35 | 44,35 |  0,00 | 0,667 | 245,00 | 245,00 |  0,00 | 28,504 | 244,86 | 244,86 |  0,00 | 132,774 | 141,14 | 141,14 | 253,157 |   NaN | NaN | 0,00 | 0,00 | NaN
   3 |  0,00 | 14,980 | 677,57 | 677,57 | 695,59 |  0,00 | 0,605 | 44,35 | 44,35 |  0,00 | 0,603 | 247,52 | 247,52 |  0,00 | 24,814 | 244,56 | 244,56 |  0,00 | 127,189 | 141,14 | 141,14 | 242,226 |   NaN | NaN | 0,00 | 0,00 | NaN
   4 |  0,00 | 3,042 | 678,38 | 678,38 | 696,30 |  0,00 | 0,611 | 44,35 | 44,35 |  0,00 | 0,603 | 250,61 | 250,61 |  0,00 | 2,518 | 242,28 | 242,28 |  0,00 | 29,265 | 141,14 | 141,14 | 68,739 |   NaN | NaN | 0,00 | 0,00 | NaN
   5 |  0,00 | 23,865 | 669,84 | 669,84 | 688,18 |  0,00 | 0,635 | 44,35 | 44,35 |  0,00 | 0,628 | 242,92 | 242,92 |  0,00 | 52,832 | 241,43 | 241,43 |  0,00 | 162,264 | 141,14 | 141,14 | 328,652 |   NaN | NaN | 0,00 | 0,00 | NaN
   6 |  0,00 | 18,636 | 677,06 | 677,06 | 694,79 |  0,00 | 0,585 | 44,35 | 44,35 |  0,00 | 0,602 | 247,32 | 247,32 |  0,00 | 35,002 | 244,25 | 244,25 |  0,00 | 146,357 | 141,14 | 141,14 | 280,682 |   NaN | NaN | 0,00 | 0,00 | NaN
   7 |  0,00 | 6,572 | 672,85 | 672,85 | 690,83 |  0,00 | 0,603 | 44,35 | 44,35 |  0,00 | 0,627 | 246,11 | 246,11 |  0,00 | 8,049 | 241,25 | 241,25 |  0,00 | 61,540 | 141,14 | 141,14 | 130,242 |   NaN | NaN | 0,00 | 0,00 | NaN
   8 |  0,00 | 17,075 | 676,67 | 676,67 | 696,13 |  0,00 | 0,653 | 44,35 | 44,35 |  0,00 | 0,658 | 243,21 | 243,21 |  0,00 | 29,915 | 247,97 | 247,97 |  0,00 | 138,445 | 141,14 | 141,14 | 263,830 |   NaN | NaN | 0,00 | 0,00 | NaN
   9 |  0,00 | 9,781 | 677,16 | 677,16 | 695,09 |  0,00 | 0,593 | 44,35 | 44,35 |  0,00 | 0,589 | 246,58 | 246,58 |  0,00 | 13,332 | 245,09 | 245,09 |  0,00 | 90,306 | 141,14 | 141,14 | 183,446 |   NaN | NaN | 0,00 | 0,00 | NaN
  10 |  0,00 | 3,976 | 670,31 | 670,31 | 689,65 |  0,00 | 0,654 | 44,35 | 44,35 |  0,00 | 0,656 | 243,93 | 243,93 |  0,00 | 3,665 | 240,90 | 240,90 |  0,00 | 38,150 | 141,14 | 141,14 | 87,385 |   NaN | NaN | 0,00 | 0,00 | NaN
  11 |  0,00 | 25,953 | 668,35 | 668,35 | 686,40 |  0,00 | 0,593 | 44,35 | 44,35 |  0,00 | 0,602 | 238,07 | 238,07 |  0,00 | 65,022 | 244,79 | 244,79 |  0,00 | 149,634 | 141,14 | 141,14 | 334,304 |   NaN | NaN | 0,00 | 0,00 | NaN
  12 |  0,00 | 19,295 | 675,84 | 675,84 | 695,52 |  0,00 | 0,655 | 44,35 | 44,35 |  0,00 | 0,650 | 245,15 | 245,15 |  0,00 | 36,619 | 245,20 | 245,20 |  0,00 | 149,108 | 141,14 | 141,14 | 289,463 |   NaN | NaN | 0,00 | 0,00 | NaN
  13 |  0,00 | 16,438 | 670,92 | 670,92 | 689,08 |  0,00 | 0,620 | 44,35 | 44,35 |  0,00 | 0,627 | 241,94 | 241,94 |  0,00 | 28,653 | 243,48 | 243,48 |  0,00 | 134,313 | 141,14 | 141,14 | 255,979 |   NaN | NaN | 0,00 | 0,00 | NaN
  14 |  0,00 | 22,445 | 676,15 | 676,15 | 696,66 |  0,00 | 0,661 | 44,35 | 44,35 |  0,00 | 0,650 | 245,40 | 245,40 |  0,00 | 47,205 | 245,26 | 245,26 |  0,00 | 159,521 | 141,14 | 141,14 | 323,434 |   NaN | NaN | 0,00 | 0,00 | NaN
  15 |  0,00 | 6,777 | 670,42 | 670,42 | 690,16 |  0,00 | 0,655 | 44,35 | 44,35 |  0,00 | 0,660 | 239,70 | 239,70 |  0,00 | 8,075 | 245,23 | 245,23 |  0,00 | 63,335 | 141,14 | 141,14 | 133,745 |   NaN | NaN | 0,00 | 0,00 | NaN
  16 |  0,00 | 12,542 | 677,05 | 677,05 | 695,79 |  0,00 | 0,646 | 44,35 | 44,35 |  0,00 | 0,641 | 243,02 | 243,02 |  0,00 | 19,606 | 248,54 | 248,54 |  0,00 | 107,799 | 141,14 | 141,14 | 211,807 |   NaN | NaN | 0,00 | 0,00 | NaN
  17 |  0,00 | 12,037 | 673,97 | 673,97 | 694,32 |  0,00 | 0,659 | 44,35 | 44,35 |  0,00 | 0,665 | 243,18 | 243,18 |  0,00 | 19,025 | 245,30 | 245,30 |  0,00 | 102,684 | 141,14 | 141,14 | 203,155 |   NaN | NaN | 0,00 | 0,00 | NaN
  18 |  0,00 | 11,725 | 671,23 | 671,23 | 689,51 |  0,00 | 0,636 | 44,35 | 44,35 |  0,00 | 0,621 | 241,90 | 241,90 |  0,00 | 28,068 | 243,84 | 243,84 |  0,00 | 69,051 | 141,14 | 141,14 | 211,371 |   NaN | NaN | 0,00 | 0,00 | NaN
  19 |  0,00 | 26,462 | 668,03 | 668,03 | 686,24 |  0,00 | 0,627 | 44,35 | 44,35 |  0,00 | 0,612 | 239,35 | 239,35 |  0,00 | 63,867 | 243,18 | 243,18 |  0,00 | 161,599 | 141,14 | 141,14 | 339,281 |   NaN | NaN | 0,00 | 0,00 | NaN
  20 |  0,00 | 24,469 | 670,89 | 670,89 | 689,04 |  0,00 | 0,622 | 44,35 | 44,35 |  0,00 | 0,622 | 244,91 | 244,91 |  0,00 | 63,760 | 240,49 | 240,49 |  0,00 | 136,915 | 141,14 | 141,14 | 318,626 |   NaN | NaN | 0,00 | 0,00 | NaN
  21 |  0,00 | 5,160 | 666,71 | 666,71 | 684,76 |  0,00 | 0,627 | 44,35 | 44,35 |  0,00 | 0,615 | 242,03 | 242,03 |  0,00 | 5,525 | 239,19 | 239,19 |  0,00 | 49,214 | 141,14 | 141,14 | 110,019 |   NaN | NaN | 0,00 | 0,00 | NaN
  22 |  0,00 | 24,281 | 674,92 | 674,92 | 696,37 |  0,00 | 0,665 | 44,35 | 44,35 |  0,00 | 0,667 | 248,31 | 248,31 |  0,00 | 53,893 | 241,12 | 241,12 |  0,00 | 166,307 | 141,14 | 141,14 | 337,868 |   NaN | NaN | 0,00 | 0,00 | NaN
  23 |  0,00 | 27,794 | 676,21 | 676,21 | 695,25 |  0,00 | 0,647 | 44,35 | 44,35 |  0,00 | 0,657 | 245,33 | 245,33 |  0,00 | 67,659 | 245,39 | 245,39 |  0,00 | 168,835 | 141,14 | 141,14 | 355,484 |   NaN | NaN | 0,00 | 0,00 | NaN
  24 |  0,00 | 16,436 | 673,45 | 673,45 | 691,52 |  0,00 | 0,609 | 44,35 | 44,35 |  0,00 | 0,606 | 244,53 | 244,53 |  0,00 | 28,952 | 243,43 | 243,43 |  0,00 | 133,971 | 141,14 | 141,14 | 254,966 |   NaN | NaN | 0,00 | 0,00 | NaN
  25 |  0,00 | 7,609 | 678,31 | 678,31 | 700,06 |  0,00 | 0,667 | 44,35 | 44,35 |  0,00 | 0,672 | 241,78 | 241,78 |  0,00 | 9,618 | 251,04 | 251,04 |  0,00 | 70,017 | 141,14 | 141,14 | 145,796 |   NaN | NaN | 0,00 | 0,00 | NaN
  26 |  0,00 | 6,292 | 671,95 | 671,95 | 692,88 |  0,00 | 0,663 | 44,35 | 44,35 |  0,00 | 0,657 | 243,32 | 243,32 |  0,00 | 7,042 | 243,13 | 243,13 |  0,00 | 60,066 | 141,14 | 141,14 | 128,123 |   NaN | NaN | 0,00 | 0,00 | NaN
  27 |  0,00 | 9,393 | 669,14 | 669,14 | 686,99 |  0,00 | 0,590 | 44,35 | 44,35 |  0,00 | 0,569 | 241,56 | 241,56 |  0,00 | 22,167 | 242,08 | 242,08 |  0,00 | 55,822 | 141,14 | 141,14 | 184,273 |   NaN | NaN | 0,00 | 0,00 | NaN
  28 |  0,00 | 27,513 | 671,23 | 671,23 | 691,01 |  0,00 | 0,656 | 44,35 | 44,35 |  0,00 | 0,654 | 245,00 | 245,00 |  0,00 | 68,670 | 240,74 | 240,74 |  0,00 | 163,885 | 141,14 | 141,14 | 348,346 |   NaN | NaN | 0,00 | 0,00 | NaN
  29 |  0,00 | 27,243 | 674,46 | 674,46 | 692,82 |  0,00 | 0,635 | 44,35 | 44,35 |  0,00 | 0,630 | 246,07 | 246,07 |  0,00 | 69,359 | 242,90 | 242,90 |  0,00 | 157,251 | 141,14 | 141,14 | 341,782 |   NaN | NaN | 0,00 | 0,00 | NaN
  30 |  0,00 | 18,318 | 664,96 | 664,96 | 686,26 |  0,00 | 0,665 | 44,35 | 44,35 |  0,00 | 0,638 | 239,98 | 239,98 |  0,00 | 44,877 | 239,49 | 239,49 |  0,00 | 108,889 | 141,14 | 141,14 | 278,664 |   NaN | NaN | 0,00 | 0,00 | NaN
  31 |  0,00 | 28,797 | 671,94 | 671,94 | 690,28 |  0,00 | 0,632 | 44,35 | 44,35 |  0,00 | 0,640 | 243,75 | 243,75 |  0,00 | 72,456 | 242,70 | 242,70 |  0,00 | 168,672 | 141,14 | 141,14 | 354,140 |   NaN | NaN | 0,00 | 0,00 | NaN
  32 |  0,00 | 25,418 | 667,27 | 667,27 | 685,18 |  0,00 | 0,589 | 44,35 | 44,35 |  0,00 | 0,578 | 240,38 | 240,38 |  0,00 | 64,786 | 241,40 | 241,40 |  0,00 | 145,476 | 141,14 | 141,14 | 327,564 |   NaN | NaN | 0,00 | 0,00 | NaN
  33 |  0,00 | 21,981 | 668,25 | 668,25 | 687,80 |  0,00 | 0,654 | 44,35 | 44,35 |  0,00 | 0,645 | 239,85 | 239,85 |  0,00 | 54,437 | 242,90 | 242,90 |  0,00 | 128,650 | 141,14 | 141,14 | 306,395 |   NaN | NaN | 0,00 | 0,00 | NaN
  34 |  0,00 | 2,800 | 669,55 | 669,55 | 688,15 |  0,00 | 0,646 | 44,35 | 44,35 |  0,00 | 0,639 | 246,15 | 246,15 |  0,00 | 3,516 | 237,91 | 237,91 |  0,00 | 22,125 | 141,14 | 141,14 | 78,439 |   NaN | NaN | 0,00 | 0,00 | NaN
  35 |  0,00 | 1,480 | 676,87 | 676,87 | 694,71 |  0,00 | 0,595 | 44,35 | 44,35 |  0,00 | 0,589 | 245,81 | 245,81 |  0,00 | 1,520 | 245,57 | 245,57 |  0,00 | 10,233 | 141,14 | 141,14 | 44,555 |   NaN | NaN | 0,00 | 0,00 | NaN
  36 |  0,00 | 5,751 | 668,82 | 668,82 | 687,63 |  0,00 | 0,648 | 44,35 | 44,35 |  0,00 | 0,635 | 239,20 | 239,20 |  0,00 | 11,435 | 244,12 | 244,12 |  0,00 | 37,935 | 141,14 | 141,14 | 130,212 |   NaN | NaN | 0,00 | 0,00 | NaN
  37 |  0,00 | 26,048 | 675,38 | 675,38 | 693,60 |  0,00 | 0,631 | 44,35 | 44,35 |  0,00 | 0,623 | 247,27 | 247,27 |  0,00 | 65,645 | 242,62 | 242,62 |  0,00 | 152,893 | 141,14 | 141,14 | 338,408 |   NaN | NaN | 0,00 | 0,00 | NaN
  38 |  0,00 | 17,364 | 669,75 | 669,75 | 687,83 |  0,00 | 0,622 | 44,35 | 44,35 |  0,00 | 0,613 | 243,66 | 243,66 |  0,00 | 44,870 | 240,61 | 240,61 |  0,00 | 96,252 | 141,14 | 141,14 | 261,878 |   NaN | NaN | 0,00 | 0,00 | NaN
  39 |  0,00 | 23,416 | 666,40 | 666,40 | 687,76 |  0,00 | 0,665 | 44,35 | 44,35 |  0,00 | 0,664 | 240,86 | 240,86 |  0,00 | 59,592 | 240,05 | 240,05 |  0,00 | 133,805 | 141,14 | 141,14 | 313,803 |   NaN | NaN | 0,00 | 0,00 | NaN
  40 |  0,00 | 10,365 | 670,14 | 670,14 | 691,53 |  0,00 | 0,665 | 44,35 | 44,35 |  0,00 | 0,673 | 242,36 | 242,36 |  0,00 | 25,189 | 242,30 | 242,30 |  0,00 | 59,087 | 141,14 | 141,14 | 191,068 |   NaN | NaN | 0,00 | 0,00 | NaN
  41 |  0,00 | 28,837 | 678,89 | 678,89 | 697,92 |  0,00 | 0,648 | 44,35 | 44,35 |  0,00 | 0,646 | 245,69 | 245,69 |  0,00 | 72,560 | 247,70 | 247,70 |  0,00 | 166,486 | 141,14 | 141,14 | 354,980 |   NaN | NaN | 0,00 | 0,00 | NaN
  42 |  0,00 | 28,782 | 674,79 | 674,79 | 692,81 |  0,00 | 0,594 | 44,35 | 44,35 |  0,00 | 0,603 | 243,42 | 243,42 |  0,00 | 75,200 | 245,89 | 245,89 |  0,00 | 157,843 | 141,14 | 141,14 | 344,395 |   NaN | NaN | 0,00 | 0,00 | NaN
  43 |  0,00 | 22,315 | 673,20 | 673,20 | 694,14 |  0,00 | 0,672 | 44,35 | 44,35 |  0,00 | 0,680 | 243,21 | 243,21 |  0,00 | 54,317 | 244,50 | 244,50 |  0,00 | 133,851 | 141,14 | 141,14 | 314,678 |   NaN | NaN | 0,00 | 0,00 | NaN
  44 |  0,00 | 27,110 | 675,91 | 675,91 | 693,70 |  0,00 | 0,585 | 44,35 | 44,35 |  0,00 | 0,573 | 243,80 | 243,80 |  0,00 | 67,404 | 246,62 | 246,62 |  0,00 | 159,442 | 141,14 | 141,14 | 340,810 |   NaN | NaN | 0,00 | 0,00 | NaN
  45 |  0,00 | 27,941 | 675,60 | 675,60 | 697,73 |  0,00 | 0,669 | 44,35 | 44,35 |  0,00 | 0,669 | 248,54 | 248,54 |  0,00 | 70,978 | 241,57 | 241,57 |  0,00 | 163,239 | 141,14 | 141,14 | 348,488 |   NaN | NaN | 0,00 | 0,00 | NaN
  46 |  0,00 | 24,929 | 668,57 | 668,57 | 686,74 |  0,00 | 0,608 | 44,35 | 44,35 |  0,00 | 0,620 | 238,96 | 238,96 |  0,00 | 64,265 | 244,12 | 244,12 |  0,00 | 138,054 | 141,14 | 141,14 | 320,691 |   NaN | NaN | 0,00 | 0,00 | NaN
  47 |  0,00 | 26,926 | 667,26 | 667,26 | 685,46 |  0,00 | 0,606 | 44,35 | 44,35 |  0,00 | 0,605 | 242,69 | 242,69 |  0,00 | 65,468 | 239,09 | 239,09 |  0,00 | 166,378 | 141,14 | 141,14 | 350,203 |   NaN | NaN | 0,00 | 0,00 | NaN
  48 |  0,00 | 26,359 | 665,98 | 665,98 | 684,34 |  0,00 | 0,635 | 44,35 | 44,35 |  0,00 | 0,633 | 239,77 | 239,77 |  0,00 | 64,575 | 240,72 | 240,72 |  0,00 | 159,101 | 141,14 | 141,14 | 342,585 |   NaN | NaN | 0,00 | 0,00 | NaN
  49 |  0,00 | 28,229 | 667,72 | 667,72 | 686,71 |  0,00 | 0,648 | 44,35 | 44,35 |  0,00 | 0,651 | 241,30 | 241,30 |  0,00 | 71,919 | 240,93 | 240,93 |  0,00 | 162,194 | 141,14 | 141,14 | 346,242 |   NaN | NaN | 0,00 | 0,00 | NaN
  50 |  0,00 | 22,767 | 668,53 | 668,53 | 686,55 |  0,00 | 0,602 | 44,35 | 44,35 |  0,00 | 0,594 | 244,31 | 244,31 |  0,00 | 58,150 | 238,73 | 238,73 |  0,00 | 131,545 | 141,14 | 141,14 | 310,287 |   NaN | NaN | 0,00 | 0,00 | NaN
  51 |  0,00 | 25,787 | 669,24 | 669,24 | 687,34 |  0,00 | 0,600 | 44,35 | 44,35 |  0,00 | 0,597 | 241,39 | 241,39 |  0,00 | 61,993 | 242,35 | 242,35 |  0,00 | 159,459 | 141,14 | 141,14 | 342,657 |   NaN | NaN | 0,00 | 0,00 | NaN
  52 |  0,00 | 26,448 | 671,74 | 671,74 | 690,01 |  0,00 | 0,626 | 44,35 | 44,35 |  0,00 | 0,624 | 240,26 | 240,26 |  0,00 | 64,466 | 245,99 | 245,99 |  0,00 | 158,399 | 141,14 | 141,14 | 339,558 |   NaN | NaN | 0,00 | 0,00 | NaN
  53 |  0,00 | 25,494 | 675,28 | 675,28 | 693,40 |  0,00 | 0,614 | 44,35 | 44,35 |  0,00 | 0,611 | 243,96 | 243,96 |  0,00 | 64,564 | 245,83 | 245,83 |  0,00 | 145,860 | 141,14 | 141,14 | 330,704 |   NaN | NaN | 0,00 | 0,00 | NaN
  54 |  0,00 | 26,104 | 665,41 | 665,41 | 683,55 |  0,00 | 0,616 | 44,35 | 44,35 |  0,00 | 0,606 | 241,96 | 241,96 |  0,00 | 64,760 | 237,97 | 237,97 |  0,00 | 157,229 | 141,14 | 141,14 | 336,955 |   NaN | NaN | 0,00 | 0,00 | NaN
  55 |  0,00 | 17,619 | 671,40 | 671,40 | 689,45 |  0,00 | 0,601 | 44,35 | 44,35 |  0,00 | 0,597 | 241,42 | 241,42 |  0,00 | 44,941 | 244,49 | 244,49 |  0,00 | 97,919 | 141,14 | 141,14 | 265,731 |   NaN | NaN | 0,00 | 0,00 | NaN
  56 |  0,00 | 27,199 | 669,47 | 669,47 | 687,58 |  0,00 | 0,607 | 44,35 | 44,35 |  0,00 | 0,602 | 243,96 | 243,96 |  0,00 | 66,722 | 240,02 | 240,02 |  0,00 | 166,222 | 141,14 | 141,14 | 350,211 |   NaN | NaN | 0,00 | 0,00 | NaN
  57 |  0,00 | 27,399 | 670,08 | 670,08 | 688,16 |  0,00 | 0,604 | 44,35 | 44,35 |  0,00 | 0,587 | 241,19 | 241,19 |  0,00 | 67,864 | 243,40 | 243,40 |  0,00 | 162,614 | 141,14 | 141,14 | 343,628 |   NaN | NaN | 0,00 | 0,00 | NaN
  58 |  0,00 | 28,200 | 674,20 | 674,20 | 692,49 |  0,00 | 0,633 | 44,35 | 44,35 |  0,00 | 0,640 | 244,30 | 244,30 |  0,00 | 69,896 | 244,41 | 244,41 |  0,00 | 167,664 | 141,14 | 141,14 | 353,554 |   NaN | NaN | 0,00 | 0,00 | NaN
  59 |  0,00 | 3,410 | 671,35 | 671,35 | 690,60 |  0,00 | 0,652 | 44,35 | 44,35 |  0,00 | 0,651 | 242,20 | 242,20 |  0,00 | 4,538 | 243,66 | 243,66 |  0,00 | 27,225 | 141,14 | 141,14 | 93,165 |   NaN | NaN | 0,00 | 0,00 | NaN
  60 |  0,00 | 27,615 | 671,93 | 671,93 | 689,81 |  0,00 | 0,587 | 44,35 | 44,35 |  0,00 | 0,591 | 244,16 | 244,16 |  0,00 | 68,652 | 242,27 | 242,27 |  0,00 | 164,965 | 141,14 | 141,14 | 353,765 |   NaN | NaN | 0,00 | 0,00 | NaN
  61 |  0,00 | 23,911 | 673,69 | 673,69 | 691,81 |  0,00 | 0,609 | 44,35 | 44,35 |  0,00 | 0,606 | 244,75 | 244,75 |  0,00 | 59,416 | 243,45 | 243,45 |  0,00 | 141,626 | 141,14 | 141,14 | 322,507 |   NaN | NaN | 0,00 | 0,00 | NaN
  62 |  0,00 | 27,496 | 672,52 | 672,52 | 695,03 |  0,00 | 0,671 | 44,35 | 44,35 |  0,00 | 0,675 | 243,12 | 243,12 |  0,00 | 67,026 | 243,91 | 243,91 |  0,00 | 166,471 | 141,14 | 141,14 | 351,578 |   NaN | NaN | 0,00 | 0,00 | NaN
  63 |  0,00 | 20,134 | 676,40 | 676,40 | 694,47 |  0,00 | 0,626 | 44,35 | 44,35 |  0,00 | 0,616 | 246,33 | 246,33 |  0,00 | 51,991 | 244,58 | 244,58 |  0,00 | 111,645 | 141,14 | 141,14 | 287,130 |   NaN | NaN | 0,00 | 0,00 | NaN
  64 |  0,00 | 28,072 | 669,53 | 669,53 | 691,84 |  0,00 | 0,669 | 44,35 | 44,35 |  0,00 | 0,676 | 244,70 | 244,70 |  0,00 | 72,446 | 239,33 | 239,33 |  0,00 | 160,272 | 141,14 | 141,14 | 349,451 |   NaN | NaN | 0,00 | 0,00 | NaN

= = = = = = = = = = = = AVERAGE RESULTS system = = = = = = = = = = = =
meanPLR_system | 0,000000 
meanDelay_system | 19,204007 
meanLoad_system | 672,144691 
meanTHR_system | 672,144691 
meanGate_system | 691,171422 

meanPLR_EF_system | 0,000000 
meanPLR_AF_system | 0,000000 
meanPLR_BE_system | 0,000000 
meanPLR_FLA_system | 0,000000 
meanPLR_FLB_system | NaN 

meanTHR_EF_system | 44,352003 
meanTHR_AF_system | 243,553798 
meanTHR_BE_system | 243,099888 
meanTHR_FLA_system | 145,426552 
meanTHR_FLB_system | 0,000000 

meanLoad_EF_system | 44,352003 
meanLoad_AF_system | 243,553798 
meanLoad_BE_system | 243,099888 
meanLoad_FLA_system | 145,426552 
meanLoad_FLB_system | 0,000000 

meanDELAY_EF_system | 0,631163 
meanDELAY_AF_system | 0,628909 
meanDELAY_BE_system | 44,651681 
meanDELAY_FLA_system | 122,117918 
meanDELAY_FLB_system | NaN 
meanDELAY_CompleteFLA_system | 268,386048 
meanDELAY_CompleteFLB_system | NaN 

= = = = = = = = = = = = AVERAGE RESULTS = = = = = = = = = = = =
Packet Loss Ratio: 00,00 (%)
PROCESSED PACKAGES: 1090051457 
DISCARTED PACKAGES: 0 
TOTAL PACKAGES: 1090051457 
AVERAGE DELAY: 3213,77 (ms) 
AVERAGE THROUGHPUT: 672,14 (Mbps) 
GRANTED THROUGHPUT: 44234,97 (Mbps) By 64 ONUs
EFFECTIVE THROUGHPUT: 43017,26 (Mbps) By 64 ONUs
TOTAL LOAD: 43017,26 (Mbps) By 64 ONUs
ON Arrival THROUGHPUT: 0,00 (Mbps) By 64 ONUs
FINISHTIMEFL: 98,755006 
FINISHTIME: 101,755006 


fileName | IPACT_STRICTPRIORITYFIRSTAF_1_68_65_0 
