
ONU ID 	|  PLR(%) | Delay(ms) | Throughput(Mbps) | Granted Throughput(Mbps) | Total Load (Mbps) 

  ID |  PLR(%) |  D  | Thr |  Gates  |  Load  | PLR-EF | D-EF | ThrEF | LoadEF | PLR-AF | D-AF | ThrAF | LoadAF | PLR-BE | D-BE | ThrBE | LoadBE | PLR-FA | D-FA | ThrFA | LoadFA | DTFA |  PLR-FB | D-FB | ThrFB | LoadFB | DTFB | 
   1 |  0,00 | 4,604 | 712,93 | 712,93 | 726,58 |  0,00 | 0,755 | 44,35 | 44,35 |  0,00 | 3,530 | 306,45 | 306,45 |  0,00 | 6,853 | 295,32 | 295,32 |  0,00 | 49,903 | 66,81 | 66,81 | 116,663 |   NaN | NaN | 0,00 | 0,00 | NaN
   2 |  0,00 | 17,704 | 712,40 | 712,40 | 727,57 |  0,00 | 0,766 | 44,35 | 44,35 |  0,00 | 14,980 | 299,47 | 299,47 |  0,00 | 37,682 | 301,77 | 301,77 |  0,00 | 111,659 | 66,81 | 66,81 | 239,013 |   NaN | NaN | 0,00 | 0,00 | NaN
   3 |  0,00 | 16,708 | 714,01 | 714,01 | 726,95 |  0,00 | 0,703 | 44,35 | 44,35 |  0,00 | 15,257 | 302,10 | 302,10 |  0,00 | 34,154 | 300,75 | 300,75 |  0,00 | 108,730 | 66,81 | 66,81 | 232,753 |   NaN | NaN | 0,00 | 0,00 | NaN
   4 |  0,00 | 3,765 | 715,88 | 715,88 | 728,83 |  0,00 | 0,709 | 44,35 | 44,35 |  0,00 | 2,462 | 304,87 | 304,87 |  0,00 | 5,845 | 299,86 | 299,86 |  0,00 | 40,848 | 66,81 | 66,81 | 96,573 |   NaN | NaN | 0,00 | 0,00 | NaN
   5 |  0,00 | 24,590 | 709,03 | 709,03 | 721,78 |  0,00 | 0,734 | 44,35 | 44,35 |  0,00 | 20,248 | 300,16 | 300,16 |  0,00 | 57,748 | 297,71 | 297,71 |  0,00 | 122,312 | 66,81 | 66,81 | 263,851 |   NaN | NaN | 0,00 | 0,00 | NaN
   6 |  0,00 | 18,722 | 716,64 | 716,64 | 729,46 |  0,00 | 0,682 | 44,35 | 44,35 |  0,00 | 14,878 | 303,69 | 303,69 |  0,00 | 41,255 | 301,79 | 301,79 |  0,00 | 116,517 | 66,81 | 66,81 | 250,233 |   NaN | NaN | 0,00 | 0,00 | NaN
   7 |  0,00 | 6,440 | 711,48 | 711,48 | 724,44 |  0,00 | 0,701 | 44,35 | 44,35 |  0,00 | 5,048 | 301,49 | 301,49 |  0,00 | 10,832 | 298,83 | 298,83 |  0,00 | 62,894 | 66,81 | 66,81 | 142,084 |   NaN | NaN | 0,00 | 0,00 | NaN
   8 |  0,00 | 19,095 | 715,23 | 715,23 | 728,64 |  0,00 | 0,751 | 44,35 | 44,35 |  0,00 | 16,930 | 300,12 | 300,12 |  0,00 | 40,613 | 303,96 | 303,96 |  0,00 | 113,918 | 66,81 | 66,81 | 244,121 |   NaN | NaN | 0,00 | 0,00 | NaN
   9 |  0,00 | 10,358 | 714,15 | 714,15 | 727,09 |  0,00 | 0,691 | 44,35 | 44,35 |  0,00 | 9,051 | 303,46 | 303,46 |  0,00 | 18,663 | 299,53 | 299,53 |  0,00 | 88,900 | 66,81 | 66,81 | 189,662 |   NaN | NaN | 0,00 | 0,00 | NaN
  10 |  0,00 | 4,378 | 711,39 | 711,39 | 724,75 |  0,00 | 0,752 | 44,35 | 44,35 |  0,00 | 3,309 | 300,37 | 300,37 |  0,00 | 6,365 | 299,86 | 299,86 |  0,00 | 48,234 | 66,81 | 66,81 | 113,623 |   NaN | NaN | 0,00 | 0,00 | NaN
  11 |  0,00 | 29,341 | 704,91 | 704,91 | 717,69 |  0,00 | 0,691 | 44,35 | 44,35 |  0,00 | 18,963 | 293,70 | 293,70 |  0,00 | 77,833 | 300,06 | 300,06 |  0,00 | 112,512 | 66,81 | 66,81 | 253,494 |   NaN | NaN | 0,00 | 0,00 | NaN
  12 |  0,00 | 21,308 | 712,79 | 712,79 | 726,29 |  0,00 | 0,754 | 44,35 | 44,35 |  0,00 | 17,905 | 300,83 | 300,83 |  0,00 | 47,785 | 300,80 | 300,80 |  0,00 | 117,903 | 66,81 | 66,81 | 253,369 |   NaN | NaN | 0,00 | 0,00 | NaN
  13 |  0,00 | 16,528 | 703,75 | 703,75 | 716,68 |  0,00 | 0,718 | 44,35 | 44,35 |  0,00 | 14,227 | 296,21 | 296,21 |  0,00 | 34,411 | 296,38 | 296,38 |  0,00 | 111,092 | 66,81 | 66,81 | 237,773 |   NaN | NaN | 0,00 | 0,00 | NaN
  14 |  0,00 | 23,035 | 714,10 | 714,10 | 727,94 |  0,00 | 0,760 | 44,35 | 44,35 |  0,00 | 16,287 | 302,36 | 302,36 |  0,00 | 55,518 | 300,59 | 300,59 |  0,00 | 122,144 | 66,81 | 66,81 | 263,331 |   NaN | NaN | 0,00 | 0,00 | NaN
  15 |  0,00 | 6,376 | 709,46 | 709,46 | 723,06 |  0,00 | 0,754 | 44,35 | 44,35 |  0,00 | 5,230 | 296,07 | 296,07 |  0,00 | 10,211 | 302,23 | 302,23 |  0,00 | 63,231 | 66,81 | 66,81 | 142,934 |   NaN | NaN | 0,00 | 0,00 | NaN
  16 |  0,00 | 12,335 | 716,26 | 716,26 | 729,49 |  0,00 | 0,745 | 44,35 | 44,35 |  0,00 | 10,402 | 300,45 | 300,45 |  0,00 | 23,266 | 304,65 | 304,65 |  0,00 | 99,691 | 66,81 | 66,81 | 213,950 |   NaN | NaN | 0,00 | 0,00 | NaN
  17 |  0,00 | 12,505 | 714,11 | 714,11 | 728,18 |  0,00 | 0,758 | 44,35 | 44,35 |  0,00 | 11,092 | 300,50 | 300,50 |  0,00 | 23,667 | 302,46 | 302,46 |  0,00 | 96,353 | 66,81 | 66,81 | 207,014 |   NaN | NaN | 0,00 | 0,00 | NaN
  18 |  0,00 | 14,597 | 710,80 | 710,80 | 723,87 |  0,00 | 0,734 | 44,35 | 44,35 |  0,00 | 8,253 | 299,09 | 299,09 |  0,00 | 37,830 | 300,55 | 300,55 |  0,00 | 68,400 | 66,81 | 66,81 | 173,725 |   NaN | NaN | 0,00 | 0,00 | NaN
  19 |  0,00 | 26,953 | 706,04 | 706,04 | 718,70 |  0,00 | 0,725 | 44,35 | 44,35 |  0,00 | 18,813 | 295,94 | 295,94 |  0,00 | 67,769 | 298,95 | 298,95 |  0,00 | 123,891 | 66,81 | 66,81 | 267,719 |   NaN | NaN | 0,00 | 0,00 | NaN
  20 |  0,00 | 26,688 | 707,49 | 707,49 | 720,34 |  0,00 | 0,721 | 44,35 | 44,35 |  0,00 | 17,301 | 301,09 | 301,09 |  0,00 | 71,038 | 295,25 | 295,25 |  0,00 | 106,565 | 66,81 | 66,81 | 244,876 |   NaN | NaN | 0,00 | 0,00 | NaN
  21 |  0,00 | 5,285 | 703,24 | 703,24 | 716,21 |  0,00 | 0,726 | 44,35 | 44,35 |  0,00 | 4,310 | 296,58 | 296,58 |  0,00 | 8,229 | 295,50 | 295,50 |  0,00 | 53,756 | 66,81 | 66,81 | 125,482 |   NaN | NaN | 0,00 | 0,00 | NaN
  22 |  0,00 | 26,199 | 718,32 | 718,32 | 732,74 |  0,00 | 0,764 | 44,35 | 44,35 |  0,00 | 19,297 | 308,37 | 308,37 |  0,00 | 64,794 | 298,80 | 298,80 |  0,00 | 122,806 | 66,81 | 66,81 | 265,155 |   NaN | NaN | 0,00 | 0,00 | NaN
  23 |  0,00 | 35,424 | 714,89 | 714,89 | 727,80 |  0,00 | 0,746 | 44,35 | 44,35 |  0,00 | 21,383 | 303,13 | 303,13 |  0,00 | 97,436 | 300,60 | 300,60 |  0,00 | 122,823 | 66,81 | 66,81 | 266,963 |   NaN | NaN | 0,00 | 0,00 | NaN
  24 |  0,00 | 16,340 | 712,00 | 712,00 | 724,95 |  0,00 | 0,708 | 44,35 | 44,35 |  0,00 | 13,328 | 299,40 | 299,40 |  0,00 | 34,341 | 301,45 | 301,45 |  0,00 | 111,115 | 66,81 | 66,81 | 237,822 |   NaN | NaN | 0,00 | 0,00 | NaN
  25 |  0,00 | 7,225 | 720,88 | 720,88 | 735,92 |  0,00 | 0,765 | 44,35 | 44,35 |  0,00 | 5,194 | 300,73 | 300,73 |  0,00 | 12,843 | 309,00 | 309,00 |  0,00 | 67,396 | 66,81 | 66,81 | 150,535 |   NaN | NaN | 0,00 | 0,00 | NaN
  26 |  0,00 | 6,000 | 709,70 | 709,70 | 724,20 |  0,00 | 0,762 | 44,35 | 44,35 |  0,00 | 5,205 | 298,99 | 298,99 |  0,00 | 8,901 | 299,55 | 299,55 |  0,00 | 62,707 | 66,81 | 66,81 | 141,141 |   NaN | NaN | 0,00 | 0,00 | NaN
  27 |  0,00 | 12,929 | 706,88 | 706,88 | 719,87 |  0,00 | 0,688 | 44,35 | 44,35 |  0,00 | 7,073 | 300,06 | 300,06 |  0,00 | 34,076 | 295,67 | 295,67 |  0,00 | 60,267 | 66,81 | 66,81 | 154,611 |   NaN | NaN | 0,00 | 0,00 | NaN
  28 |  0,00 | 29,701 | 705,09 | 705,09 | 718,47 |  0,00 | 0,754 | 44,35 | 44,35 |  0,00 | 19,842 | 299,86 | 299,86 |  0,00 | 78,149 | 294,08 | 294,08 |  0,00 | 122,953 | 66,81 | 66,81 | 267,007 |   NaN | NaN | 0,00 | 0,00 | NaN
  29 |  0,00 | 33,076 | 715,09 | 715,09 | 727,87 |  0,00 | 0,734 | 44,35 | 44,35 |  0,00 | 20,803 | 302,70 | 302,70 |  0,00 | 89,817 | 301,23 | 301,23 |  0,00 | 116,171 | 66,81 | 66,81 | 258,402 |   NaN | NaN | 0,00 | 0,00 | NaN
  30 |  0,00 | 22,072 | 708,22 | 708,22 | 722,92 |  0,00 | 0,764 | 44,35 | 44,35 |  0,00 | 12,554 | 298,36 | 298,36 |  0,00 | 59,329 | 298,70 | 298,70 |  0,00 | 91,423 | 66,81 | 66,81 | 220,109 |   NaN | NaN | 0,00 | 0,00 | NaN
  31 |  0,00 | 30,432 | 708,48 | 708,48 | 721,13 |  0,00 | 0,731 | 44,35 | 44,35 |  0,00 | 20,922 | 298,06 | 298,06 |  0,00 | 78,986 | 299,26 | 299,26 |  0,00 | 122,948 | 66,81 | 66,81 | 267,215 |   NaN | NaN | 0,00 | 0,00 | NaN
  32 |  0,00 | 29,546 | 708,80 | 708,80 | 721,60 |  0,00 | 0,687 | 44,35 | 44,35 |  0,00 | 17,851 | 297,94 | 297,94 |  0,00 | 80,049 | 299,70 | 299,70 |  0,00 | 111,263 | 66,81 | 66,81 | 251,898 |   NaN | NaN | 0,00 | 0,00 | NaN
  33 |  0,00 | 26,748 | 707,38 | 707,38 | 720,83 |  0,00 | 0,753 | 44,35 | 44,35 |  0,00 | 15,384 | 296,36 | 296,36 |  0,00 | 73,018 | 299,87 | 299,87 |  0,00 | 100,182 | 66,81 | 66,81 | 235,600 |   NaN | NaN | 0,00 | 0,00 | NaN
  34 |  0,00 | 4,326 | 703,25 | 703,25 | 716,34 |  0,00 | 0,744 | 44,35 | 44,35 |  0,00 | 2,914 | 299,10 | 299,10 |  0,00 | 7,844 | 293,00 | 293,00 |  0,00 | 38,122 | 66,81 | 66,81 | 104,243 |   NaN | NaN | 0,00 | 0,00 | NaN
  35 |  0,00 | 2,332 | 713,46 | 713,46 | 726,55 |  0,00 | 0,693 | 44,35 | 44,35 |  0,00 | 1,631 | 301,60 | 301,60 |  0,00 | 3,234 | 300,70 | 300,70 |  0,00 | 23,960 | 66,81 | 66,81 | 70,812 |   NaN | NaN | 0,00 | 0,00 | NaN
  36 |  0,00 | 8,322 | 705,91 | 705,91 | 719,16 |  0,00 | 0,746 | 44,35 | 44,35 |  0,00 | 5,220 | 294,89 | 294,89 |  0,00 | 19,182 | 299,86 | 299,86 |  0,00 | 50,052 | 66,81 | 66,81 | 132,434 |   NaN | NaN | 0,00 | 0,00 | NaN
  37 |  0,00 | 28,820 | 716,40 | 716,40 | 729,21 |  0,00 | 0,729 | 44,35 | 44,35 |  0,00 | 18,163 | 304,47 | 304,47 |  0,00 | 76,779 | 300,77 | 300,77 |  0,00 | 113,134 | 66,81 | 66,81 | 254,493 |   NaN | NaN | 0,00 | 0,00 | NaN
  38 |  0,00 | 16,423 | 709,73 | 709,73 | 722,70 |  0,00 | 0,721 | 44,35 | 44,35 |  0,00 | 10,479 | 300,86 | 300,86 |  0,00 | 41,195 | 297,72 | 297,72 |  0,00 | 82,175 | 66,81 | 66,81 | 202,239 |   NaN | NaN | 0,00 | 0,00 | NaN
  39 |  0,00 | 23,967 | 704,93 | 704,93 | 719,57 |  0,00 | 0,764 | 44,35 | 44,35 |  0,00 | 16,670 | 297,42 | 297,42 |  0,00 | 61,221 | 296,35 | 296,35 |  0,00 | 104,008 | 66,81 | 66,81 | 240,805 |   NaN | NaN | 0,00 | 0,00 | NaN
  40 |  0,00 | 13,007 | 703,63 | 703,63 | 718,47 |  0,00 | 0,764 | 44,35 | 44,35 |  0,00 | 7,366 | 297,15 | 297,15 |  0,00 | 33,606 | 295,33 | 295,33 |  0,00 | 62,840 | 66,81 | 66,81 | 160,382 |   NaN | NaN | 0,00 | 0,00 | NaN
  41 |  0,00 | 30,065 | 713,30 | 713,30 | 726,30 |  0,00 | 0,747 | 44,35 | 44,35 |  0,00 | 17,709 | 298,73 | 298,73 |  0,00 | 80,379 | 303,42 | 303,42 |  0,00 | 120,609 | 66,81 | 66,81 | 264,247 |   NaN | NaN | 0,00 | 0,00 | NaN
  42 |  0,00 | 31,522 | 715,31 | 715,31 | 728,05 |  0,00 | 0,693 | 44,35 | 44,35 |  0,00 | 19,383 | 301,20 | 301,20 |  0,00 | 84,799 | 302,95 | 302,95 |  0,00 | 118,035 | 66,81 | 66,81 | 261,039 |   NaN | NaN | 0,00 | 0,00 | NaN
  43 |  0,00 | 28,013 | 715,34 | 715,34 | 729,90 |  0,00 | 0,771 | 44,35 | 44,35 |  0,00 | 17,944 | 301,72 | 301,72 |  0,00 | 74,712 | 302,46 | 302,46 |  0,00 | 102,837 | 66,81 | 66,81 | 239,137 |   NaN | NaN | 0,00 | 0,00 | NaN
  44 |  0,00 | 31,542 | 716,98 | 716,98 | 729,63 |  0,00 | 0,683 | 44,35 | 44,35 |  0,00 | 20,057 | 300,74 | 300,74 |  0,00 | 83,429 | 305,09 | 305,09 |  0,00 | 121,647 | 66,81 | 66,81 | 265,404 |   NaN | NaN | 0,00 | 0,00 | NaN
  45 |  0,00 | 31,296 | 714,78 | 714,78 | 729,79 |  0,00 | 0,767 | 44,35 | 44,35 |  0,00 | 19,863 | 306,28 | 306,28 |  0,00 | 84,361 | 297,34 | 297,34 |  0,00 | 119,181 | 66,81 | 66,81 | 262,484 |   NaN | NaN | 0,00 | 0,00 | NaN
  46 |  0,00 | 28,664 | 709,42 | 709,42 | 722,24 |  0,00 | 0,707 | 44,35 | 44,35 |  0,00 | 17,369 | 295,84 | 295,84 |  0,00 | 77,283 | 302,42 | 302,42 |  0,00 | 105,948 | 66,81 | 66,81 | 244,232 |   NaN | NaN | 0,00 | 0,00 | NaN
  47 |  0,00 | 30,551 | 705,98 | 705,98 | 718,63 |  0,00 | 0,704 | 44,35 | 44,35 |  0,00 | 21,268 | 300,09 | 300,09 |  0,00 | 79,986 | 294,73 | 294,73 |  0,00 | 122,746 | 66,81 | 66,81 | 266,811 |   NaN | NaN | 0,00 | 0,00 | NaN
  48 |  0,00 | 29,299 | 705,82 | 705,82 | 718,53 |  0,00 | 0,734 | 44,35 | 44,35 |  0,00 | 19,325 | 296,63 | 296,63 |  0,00 | 76,576 | 298,03 | 298,03 |  0,00 | 121,691 | 66,81 | 66,81 | 265,477 |   NaN | NaN | 0,00 | 0,00 | NaN
  49 |  0,00 | 30,235 | 704,99 | 704,99 | 717,90 |  0,00 | 0,746 | 44,35 | 44,35 |  0,00 | 19,039 | 297,32 | 297,32 |  0,00 | 80,526 | 296,52 | 296,52 |  0,00 | 123,063 | 66,81 | 66,81 | 267,259 |   NaN | NaN | 0,00 | 0,00 | NaN
  50 |  0,00 | 26,284 | 709,64 | 709,64 | 722,49 |  0,00 | 0,701 | 44,35 | 44,35 |  0,00 | 16,794 | 301,39 | 301,39 |  0,00 | 70,278 | 297,09 | 297,09 |  0,00 | 102,238 | 66,81 | 66,81 | 238,403 |   NaN | NaN | 0,00 | 0,00 | NaN
  51 |  0,00 | 27,640 | 709,06 | 709,06 | 721,71 |  0,00 | 0,699 | 44,35 | 44,35 |  0,00 | 17,903 | 297,56 | 297,56 |  0,00 | 71,536 | 300,34 | 300,34 |  0,00 | 120,628 | 66,81 | 66,81 | 264,298 |   NaN | NaN | 0,00 | 0,00 | NaN
  52 |  0,00 | 31,682 | 709,43 | 709,43 | 722,15 |  0,00 | 0,725 | 44,35 | 44,35 |  0,00 | 19,941 | 295,66 | 295,66 |  0,00 | 84,476 | 302,62 | 302,62 |  0,00 | 119,244 | 66,81 | 66,81 | 262,543 |   NaN | NaN | 0,00 | 0,00 | NaN
  53 |  0,00 | 28,497 | 711,29 | 711,29 | 724,05 |  0,00 | 0,712 | 44,35 | 44,35 |  0,00 | 19,026 | 300,09 | 300,09 |  0,00 | 74,796 | 300,03 | 300,03 |  0,00 | 112,109 | 66,81 | 66,81 | 253,065 |   NaN | NaN | 0,00 | 0,00 | NaN
  54 |  0,00 | 31,015 | 704,46 | 704,46 | 717,18 |  0,00 | 0,715 | 44,35 | 44,35 |  0,00 | 20,301 | 299,48 | 299,48 |  0,00 | 83,347 | 293,83 | 293,83 |  0,00 | 118,736 | 66,81 | 66,81 | 261,850 |   NaN | NaN | 0,00 | 0,00 | NaN
  55 |  0,00 | 18,657 | 710,68 | 710,68 | 723,63 |  0,00 | 0,700 | 44,35 | 44,35 |  0,00 | 10,941 | 298,78 | 298,78 |  0,00 | 48,680 | 300,75 | 300,75 |  0,00 | 84,523 | 66,81 | 66,81 | 206,955 |   NaN | NaN | 0,00 | 0,00 | NaN
  56 |  0,00 | 30,943 | 703,34 | 703,34 | 716,01 |  0,00 | 0,706 | 44,35 | 44,35 |  0,00 | 20,326 | 297,34 | 297,34 |  0,00 | 82,488 | 294,85 | 294,85 |  0,00 | 121,322 | 66,81 | 66,81 | 265,033 |   NaN | NaN | 0,00 | 0,00 | NaN
  57 |  0,00 | 33,566 | 709,28 | 709,28 | 721,92 |  0,00 | 0,703 | 44,35 | 44,35 |  0,00 | 20,690 | 298,19 | 298,19 |  0,00 | 91,076 | 299,93 | 299,93 |  0,00 | 122,868 | 66,81 | 66,81 | 266,899 |   NaN | NaN | 0,00 | 0,00 | NaN
  58 |  0,00 | 31,208 | 710,31 | 710,31 | 723,01 |  0,00 | 0,731 | 44,35 | 44,35 |  0,00 | 19,546 | 300,86 | 300,86 |  0,00 | 83,609 | 298,29 | 298,29 |  0,00 | 122,883 | 66,81 | 66,81 | 266,834 |   NaN | NaN | 0,00 | 0,00 | NaN
  59 |  0,00 | 5,803 | 713,95 | 713,95 | 727,34 |  0,00 | 0,751 | 44,35 | 44,35 |  0,00 | 4,112 | 298,73 | 298,73 |  0,00 | 11,592 | 304,06 | 304,06 |  0,00 | 42,247 | 66,81 | 66,81 | 114,072 |   NaN | NaN | 0,00 | 0,00 | NaN
  60 |  0,00 | 30,680 | 711,77 | 711,77 | 724,44 |  0,00 | 0,685 | 44,35 | 44,35 |  0,00 | 19,037 | 300,58 | 300,58 |  0,00 | 82,137 | 300,04 | 300,04 |  0,00 | 120,588 | 66,81 | 66,81 | 264,183 |   NaN | NaN | 0,00 | 0,00 | NaN
  61 |  0,00 | 31,070 | 715,75 | 715,75 | 728,57 |  0,00 | 0,708 | 44,35 | 44,35 |  0,00 | 17,338 | 302,15 | 302,15 |  0,00 | 86,115 | 302,45 | 302,45 |  0,00 | 110,645 | 66,81 | 66,81 | 250,933 |   NaN | NaN | 0,00 | 0,00 | NaN
  62 |  0,00 | 32,294 | 712,84 | 712,84 | 728,15 |  0,00 | 0,769 | 44,35 | 44,35 |  0,00 | 20,484 | 299,27 | 299,27 |  0,00 | 86,065 | 302,41 | 302,41 |  0,00 | 121,887 | 66,81 | 66,81 | 265,785 |   NaN | NaN | 0,00 | 0,00 | NaN
  63 |  0,00 | 25,375 | 714,06 | 714,06 | 727,00 |  0,00 | 0,725 | 44,35 | 44,35 |  0,00 | 13,377 | 303,57 | 303,57 |  0,00 | 71,528 | 299,33 | 299,33 |  0,00 | 88,930 | 66,81 | 66,81 | 216,017 |   NaN | NaN | 0,00 | 0,00 | NaN
  64 |  0,00 | 29,247 | 703,35 | 703,35 | 718,56 |  0,00 | 0,768 | 44,35 | 44,35 |  0,00 | 19,460 | 297,44 | 297,44 |  0,00 | 77,114 | 294,75 | 294,75 |  0,00 | 118,579 | 66,81 | 66,81 | 261,592 |   NaN | NaN | 0,00 | 0,00 | NaN

= = = = = = = = = = = = AVERAGE RESULTS system = = = = = = = = = = = =
meanPLR_system | 0,000000 
meanDelay_system | 21,552390 
meanLoad_system | 710,629650 
meanTHR_system | 710,629650 
meanGate_system | 723,937189 

meanPLR_EF_system | 0,000000 
meanPLR_AF_system | 0,000000 
meanPLR_BE_system | 0,000000 
meanPLR_FLA_system | 0,000000 
meanPLR_FLB_system | NaN 

meanTHR_EF_system | 44,352005 
meanTHR_AF_system | 299,907190 
meanTHR_BE_system | 299,564475 
meanTHR_FLA_system | 68,429380 
meanTHR_FLB_system | 0,000000 

meanLoad_EF_system | 44,352005 
meanLoad_AF_system | 299,907190 
meanLoad_BE_system | 299,564475 
meanLoad_FLA_system | 68,429380 
meanLoad_FLB_system | 0,000000 

meanDELAY_EF_system | 0,729612 
meanDELAY_AF_system | 14,390499 
meanDELAY_BE_system | 54,675842 
meanDELAY_FLA_system | 98,577882 
meanDELAY_FLB_system | NaN 
meanDELAY_CompleteFLA_system | 221,072834 
meanDELAY_CompleteFLB_system | NaN 

= = = = = = = = = = = = AVERAGE RESULTS = = = = = = = = = = = =
Packet Loss Ratio: 00,00 (%)
PROCESSED PACKAGES: 1447908457 
DISCARTED PACKAGES: 0 
TOTAL PACKAGES: 1447908457 
AVERAGE DELAY: 3855,33 (ms) 
AVERAGE THROUGHPUT: 710,63 (Mbps) 
GRANTED THROUGHPUT: 46331,98 (Mbps) By 64 ONUs
EFFECTIVE THROUGHPUT: 45480,30 (Mbps) By 64 ONUs
TOTAL LOAD: 45480,30 (Mbps) By 64 ONUs
ON Arrival THROUGHPUT: 0,00 (Mbps) By 64 ONUs
FINISHTIMEFL: 123,455744 
FINISHTIME: 126,455744 


fileName | IPACT_STRICTPRIORITY_2_40_80_0 
