
ONU ID 	|  PLR(%) | Delay(ms) | Throughput(Mbps) | Granted Throughput(Mbps) | Total Load (Mbps) 

  ID |  PLR(%) |  D  | Thr |  Gates  |  Load  | PLR-EF | D-EF | ThrEF | LoadEF | PLR-AF | D-AF | ThrAF | LoadAF | PLR-BE | D-BE | ThrBE | LoadBE | PLR-FA | D-FA | ThrFA | LoadFA | DTFA |  PLR-FB | D-FB | ThrFB | LoadFB | DTFB | 
   1 |  0,00 | 32,175 | 741,43 | 741,43 | 748,49 |  0,00 | 1,130 | 44,35 | 44,35 |  0,00 | 1,137 | 324,07 | 324,07 |  0,00 | 94,456 | 313,34 | 313,34 |  0,00 | 228,171 | 59,66 | 59,66 | 468,294 |   NaN | NaN | 0,00 | 0,00 | NaN
   2 |  0,00 | 40,875 | 742,35 | 742,35 | 749,90 |  0,00 | 1,141 | 44,35 | 44,35 |  0,00 | 1,133 | 319,67 | 319,67 |  0,00 | 123,675 | 318,67 | 318,67 |  0,00 | 241,613 | 59,66 | 59,66 | 486,139 |   NaN | NaN | 0,00 | 0,00 | NaN
   3 |  0,00 | 48,924 | 739,75 | 739,75 | 746,54 |  0,00 | 1,078 | 44,35 | 44,35 |  0,00 | 1,078 | 318,27 | 318,27 |  0,00 | 152,878 | 317,46 | 317,46 |  0,00 | 249,918 | 59,66 | 59,66 | 515,695 |   NaN | NaN | 0,00 | 0,00 | NaN
   4 |  0,00 | 30,325 | 748,49 | 748,49 | 755,25 |  0,00 | 1,084 | 44,35 | 44,35 |  0,00 | 1,083 | 324,89 | 324,89 |  0,00 | 87,576 | 319,58 | 319,58 |  0,00 | 218,308 | 59,66 | 59,66 | 438,059 |   NaN | NaN | 0,00 | 0,00 | NaN
   5 |  0,00 | 47,450 | 741,06 | 741,06 | 747,87 |  0,00 | 1,109 | 44,35 | 44,35 |  0,00 | 1,105 | 318,56 | 318,56 |  0,00 | 148,364 | 318,48 | 318,48 |  0,00 | 236,951 | 59,66 | 59,66 | 487,864 |   NaN | NaN | 0,00 | 0,00 | NaN
   6 |  0,00 | 42,374 | 744,90 | 744,90 | 751,67 |  0,00 | 1,057 | 44,35 | 44,35 |  0,00 | 1,046 | 321,39 | 321,39 |  0,00 | 130,333 | 319,50 | 319,50 |  0,00 | 232,399 | 59,66 | 59,66 | 479,600 |   NaN | NaN | 0,00 | 0,00 | NaN
   7 |  0,00 | 36,519 | 742,35 | 742,35 | 749,10 |  0,00 | 1,076 | 44,35 | 44,35 |  0,00 | 1,081 | 320,91 | 320,91 |  0,00 | 109,248 | 317,42 | 317,42 |  0,00 | 231,069 | 59,66 | 59,66 | 464,674 |   NaN | NaN | 0,00 | 0,00 | NaN
   8 |  0,00 | 45,071 | 744,07 | 744,07 | 751,02 |  0,00 | 1,126 | 44,35 | 44,35 |  0,00 | 1,129 | 317,37 | 317,37 |  0,00 | 138,495 | 322,68 | 322,68 |  0,00 | 233,597 | 59,66 | 59,66 | 480,325 |   NaN | NaN | 0,00 | 0,00 | NaN
   9 |  0,00 | 42,776 | 746,00 | 746,00 | 752,80 |  0,00 | 1,066 | 44,35 | 44,35 |  0,00 | 1,060 | 323,37 | 323,37 |  0,00 | 131,881 | 318,61 | 318,61 |  0,00 | 236,625 | 59,66 | 59,66 | 488,499 |   NaN | NaN | 0,00 | 0,00 | NaN
  10 |  0,00 | 33,194 | 741,34 | 741,34 | 748,30 |  0,00 | 1,127 | 44,35 | 44,35 |  0,00 | 1,122 | 319,27 | 319,27 |  0,00 | 96,996 | 318,06 | 318,06 |  0,00 | 226,479 | 59,66 | 59,66 | 464,518 |   NaN | NaN | 0,00 | 0,00 | NaN
  11 |  0,00 | 42,521 | 737,10 | 737,10 | 743,88 |  0,00 | 1,066 | 44,35 | 44,35 |  0,00 | 1,066 | 312,76 | 312,76 |  0,00 | 131,625 | 320,33 | 320,33 |  0,00 | 210,612 | 59,66 | 59,66 | 453,037 |   NaN | NaN | 0,00 | 0,00 | NaN
  12 |  0,00 | 48,895 | 741,27 | 741,27 | 748,29 |  0,00 | 1,129 | 44,35 | 44,35 |  0,00 | 1,130 | 318,41 | 318,41 |  0,00 | 152,596 | 318,84 | 318,84 |  0,00 | 245,961 | 59,66 | 59,66 | 501,725 |   NaN | NaN | 0,00 | 0,00 | NaN
  13 |  0,00 | 44,643 | 733,87 | 733,87 | 740,66 |  0,00 | 1,093 | 44,35 | 44,35 |  0,00 | 1,092 | 315,93 | 315,93 |  0,00 | 138,636 | 313,92 | 313,92 |  0,00 | 240,691 | 59,66 | 59,66 | 507,293 |   NaN | NaN | 0,00 | 0,00 | NaN
  14 |  0,00 | 47,023 | 745,14 | 745,14 | 752,32 |  0,00 | 1,134 | 44,35 | 44,35 |  0,00 | 1,131 | 319,75 | 319,75 |  0,00 | 145,997 | 321,37 | 321,37 |  0,00 | 237,021 | 59,66 | 59,66 | 485,161 |   NaN | NaN | 0,00 | 0,00 | NaN
  15 |  0,00 | 37,207 | 739,59 | 739,59 | 746,61 |  0,00 | 1,129 | 44,35 | 44,35 |  0,00 | 1,129 | 315,67 | 315,67 |  0,00 | 110,128 | 319,90 | 319,90 |  0,00 | 234,977 | 59,66 | 59,66 | 481,903 |   NaN | NaN | 0,00 | 0,00 | NaN
  16 |  0,00 | 41,839 | 746,98 | 746,98 | 753,82 |  0,00 | 1,120 | 44,35 | 44,35 |  0,00 | 1,102 | 319,33 | 319,33 |  0,00 | 126,207 | 323,64 | 323,64 |  0,00 | 238,886 | 59,66 | 59,66 | 487,403 |   NaN | NaN | 0,00 | 0,00 | NaN
  17 |  0,00 | 47,835 | 747,24 | 747,24 | 754,36 |  0,00 | 1,133 | 44,35 | 44,35 |  0,00 | 1,130 | 321,87 | 321,87 |  0,00 | 149,150 | 321,35 | 321,35 |  0,00 | 238,081 | 59,66 | 59,66 | 493,275 |   NaN | NaN | 0,00 | 0,00 | NaN
  18 |  0,00 | 33,756 | 740,52 | 740,52 | 747,30 |  0,00 | 1,109 | 44,35 | 44,35 |  0,00 | 1,107 | 317,06 | 317,06 |  0,00 | 106,250 | 319,45 | 319,45 |  0,00 | 149,625 | 59,66 | 59,66 | 368,195 |   NaN | NaN | 0,00 | 0,00 | NaN
  19 |  0,00 | 44,665 | 735,56 | 735,56 | 742,35 |  0,00 | 1,100 | 44,35 | 44,35 |  0,00 | 1,095 | 314,63 | 314,63 |  0,00 | 138,228 | 316,92 | 316,92 |  0,00 | 234,754 | 59,66 | 59,66 | 486,495 |   NaN | NaN | 0,00 | 0,00 | NaN
  20 |  0,00 | 42,561 | 737,31 | 737,31 | 744,10 |  0,00 | 1,096 | 44,35 | 44,35 |  0,00 | 1,089 | 320,28 | 320,28 |  0,00 | 135,019 | 313,01 | 313,01 |  0,00 | 208,295 | 59,66 | 59,66 | 451,983 |   NaN | NaN | 0,00 | 0,00 | NaN
  21 |  0,00 | 33,863 | 729,88 | 729,88 | 736,66 |  0,00 | 1,100 | 44,35 | 44,35 |  0,00 | 1,097 | 313,54 | 313,54 |  0,00 | 99,788 | 312,33 | 312,33 |  0,00 | 229,763 | 59,66 | 59,66 | 472,129 |   NaN | NaN | 0,00 | 0,00 | NaN
  22 |  0,00 | 50,501 | 748,22 | 748,22 | 755,62 |  0,00 | 1,139 | 44,35 | 44,35 |  0,00 | 1,129 | 327,09 | 327,09 |  0,00 | 160,524 | 317,11 | 317,11 |  0,00 | 245,031 | 59,66 | 59,66 | 502,038 |   NaN | NaN | 0,00 | 0,00 | NaN
  23 |  0,00 | 49,016 | 743,73 | 743,73 | 750,59 |  0,00 | 1,121 | 44,35 | 44,35 |  0,00 | 1,114 | 321,69 | 321,69 |  0,00 | 154,207 | 318,03 | 318,03 |  0,00 | 242,269 | 59,66 | 59,66 | 505,307 |   NaN | NaN | 0,00 | 0,00 | NaN
  24 |  0,00 | 44,542 | 741,70 | 741,70 | 748,51 |  0,00 | 1,083 | 44,35 | 44,35 |  0,00 | 1,080 | 317,96 | 317,96 |  0,00 | 136,959 | 319,73 | 319,73 |  0,00 | 240,222 | 59,66 | 59,66 | 487,525 |   NaN | NaN | 0,00 | 0,00 | NaN
  25 |  0,00 | 39,290 | 748,85 | 748,85 | 756,34 |  0,00 | 1,140 | 44,35 | 44,35 |  0,00 | 1,136 | 319,19 | 319,19 |  0,00 | 116,300 | 325,65 | 325,65 |  0,00 | 239,725 | 59,66 | 59,66 | 485,264 |   NaN | NaN | 0,00 | 0,00 | NaN
  26 |  0,00 | 33,438 | 739,88 | 739,88 | 747,19 |  0,00 | 1,136 | 44,35 | 44,35 |  0,00 | 1,133 | 317,72 | 317,72 |  0,00 | 96,585 | 318,15 | 318,15 |  0,00 | 237,551 | 59,66 | 59,66 | 477,522 |   NaN | NaN | 0,00 | 0,00 | NaN
  27 |  0,00 | 25,373 | 739,12 | 739,12 | 745,87 |  0,00 | 1,063 | 44,35 | 44,35 |  0,00 | 1,061 | 319,05 | 319,05 |  0,00 | 78,089 | 316,05 | 316,05 |  0,00 | 131,441 | 59,66 | 59,66 | 328,470 |   NaN | NaN | 0,00 | 0,00 | NaN
  28 |  0,00 | 46,942 | 736,09 | 736,09 | 743,11 |  0,00 | 1,130 | 44,35 | 44,35 |  0,00 | 1,126 | 318,68 | 318,68 |  0,00 | 147,912 | 313,40 | 313,40 |  0,00 | 238,055 | 59,66 | 59,66 | 488,104 |   NaN | NaN | 0,00 | 0,00 | NaN
  29 |  0,00 | 51,134 | 745,97 | 745,97 | 752,77 |  0,00 | 1,109 | 44,35 | 44,35 |  0,00 | 1,108 | 320,96 | 320,96 |  0,00 | 161,231 | 320,99 | 320,99 |  0,00 | 238,853 | 59,66 | 59,66 | 503,936 |   NaN | NaN | 0,00 | 0,00 | NaN
  30 |  0,00 | 38,720 | 737,36 | 737,36 | 744,77 |  0,00 | 1,139 | 44,35 | 44,35 |  0,00 | 1,138 | 316,29 | 316,29 |  0,00 | 121,255 | 317,05 | 317,05 |  0,00 | 186,025 | 59,66 | 59,66 | 420,719 |   NaN | NaN | 0,00 | 0,00 | NaN
  31 |  0,00 | 50,193 | 739,50 | 739,50 | 746,29 |  0,00 | 1,106 | 44,35 | 44,35 |  0,00 | 1,109 | 318,17 | 318,17 |  0,00 | 158,549 | 317,31 | 317,31 |  0,00 | 239,103 | 59,66 | 59,66 | 495,008 |   NaN | NaN | 0,00 | 0,00 | NaN
  32 |  0,00 | 49,672 | 741,06 | 741,06 | 747,83 |  0,00 | 1,062 | 44,35 | 44,35 |  0,00 | 1,055 | 318,12 | 318,12 |  0,00 | 157,747 | 318,93 | 318,93 |  0,00 | 223,763 | 59,66 | 59,66 | 475,678 |   NaN | NaN | 0,00 | 0,00 | NaN
  33 |  0,00 | 41,660 | 736,76 | 736,76 | 743,70 |  0,00 | 1,128 | 44,35 | 44,35 |  0,00 | 1,115 | 315,69 | 315,69 |  0,00 | 130,000 | 317,06 | 317,06 |  0,00 | 206,812 | 59,66 | 59,66 | 455,489 |   NaN | NaN | 0,00 | 0,00 | NaN
  34 |  0,00 | 13,593 | 735,12 | 735,12 | 741,91 |  0,00 | 1,119 | 44,35 | 44,35 |  0,00 | 1,117 | 317,33 | 317,33 |  0,00 | 38,666 | 313,78 | 313,78 |  0,00 | 88,812 | 59,66 | 59,66 | 230,174 |   NaN | NaN | 0,00 | 0,00 | NaN
  35 |  0,00 | 7,593 | 746,24 | 746,24 | 752,92 |  0,00 | 1,068 | 44,35 | 44,35 |  0,00 | 1,057 | 320,52 | 320,52 |  0,00 | 19,999 | 321,70 | 321,70 |  0,00 | 51,651 | 59,66 | 59,66 | 139,176 |   NaN | NaN | 0,00 | 0,00 | NaN
  36 |  0,00 | 23,477 | 737,49 | 737,49 | 744,34 |  0,00 | 1,121 | 44,35 | 44,35 |  0,00 | 1,113 | 312,93 | 312,93 |  0,00 | 70,615 | 320,54 | 320,54 |  0,00 | 123,348 | 59,66 | 59,66 | 309,027 |   NaN | NaN | 0,00 | 0,00 | NaN
  37 |  0,00 | 49,451 | 747,00 | 747,00 | 753,78 |  0,00 | 1,105 | 44,35 | 44,35 |  0,00 | 1,101 | 324,34 | 324,34 |  0,00 | 157,225 | 318,64 | 318,64 |  0,00 | 230,669 | 59,66 | 59,66 | 489,687 |   NaN | NaN | 0,00 | 0,00 | NaN
  38 |  0,00 | 34,880 | 743,87 | 743,87 | 750,63 |  0,00 | 1,096 | 44,35 | 44,35 |  0,00 | 1,095 | 320,41 | 320,41 |  0,00 | 108,498 | 319,45 | 319,45 |  0,00 | 171,915 | 59,66 | 59,66 | 400,706 |   NaN | NaN | 0,00 | 0,00 | NaN
  39 |  0,00 | 37,689 | 731,24 | 731,24 | 738,65 |  0,00 | 1,139 | 44,35 | 44,35 |  0,00 | 1,135 | 313,29 | 313,29 |  0,00 | 116,787 | 313,93 | 313,93 |  0,00 | 197,020 | 59,66 | 59,66 | 435,024 |   NaN | NaN | 0,00 | 0,00 | NaN
  40 |  0,00 | 25,899 | 733,11 | 733,11 | 740,52 |  0,00 | 1,139 | 44,35 | 44,35 |  0,00 | 1,127 | 316,92 | 316,92 |  0,00 | 79,315 | 312,17 | 312,17 |  0,00 | 141,549 | 59,66 | 59,66 | 353,231 |   NaN | NaN | 0,00 | 0,00 | NaN
  41 |  0,00 | 47,452 | 743,21 | 743,21 | 750,11 |  0,00 | 1,122 | 44,35 | 44,35 |  0,00 | 1,123 | 315,78 | 315,78 |  0,00 | 146,379 | 323,41 | 323,41 |  0,00 | 237,266 | 59,66 | 59,66 | 493,991 |   NaN | NaN | 0,00 | 0,00 | NaN
  42 |  0,00 | 53,367 | 746,56 | 746,56 | 753,34 |  0,00 | 1,068 | 44,35 | 44,35 |  0,00 | 1,072 | 321,22 | 321,22 |  0,00 | 170,383 | 321,32 | 321,32 |  0,00 | 229,422 | 59,66 | 59,66 | 492,796 |   NaN | NaN | 0,00 | 0,00 | NaN
  43 |  0,00 | 50,316 | 746,61 | 746,61 | 753,99 |  0,00 | 1,146 | 44,35 | 44,35 |  0,00 | 1,145 | 320,50 | 320,50 |  0,00 | 161,033 | 322,09 | 322,09 |  0,00 | 205,499 | 59,66 | 59,66 | 457,787 |   NaN | NaN | 0,00 | 0,00 | NaN
  44 |  0,00 | 51,040 | 746,34 | 746,34 | 753,09 |  0,00 | 1,058 | 44,35 | 44,35 |  0,00 | 1,059 | 318,66 | 318,66 |  0,00 | 159,872 | 323,67 | 323,67 |  0,00 | 237,681 | 59,66 | 59,66 | 487,743 |   NaN | NaN | 0,00 | 0,00 | NaN
  45 |  0,00 | 46,091 | 743,04 | 743,04 | 750,62 |  0,00 | 1,143 | 44,35 | 44,35 |  0,00 | 1,139 | 323,39 | 323,39 |  0,00 | 145,819 | 315,64 | 315,64 |  0,00 | 227,151 | 59,66 | 59,66 | 475,673 |   NaN | NaN | 0,00 | 0,00 | NaN
  46 |  0,00 | 45,493 | 742,00 | 742,00 | 748,81 |  0,00 | 1,082 | 44,35 | 44,35 |  0,00 | 1,083 | 316,75 | 316,75 |  0,00 | 142,600 | 321,24 | 321,24 |  0,00 | 211,740 | 59,66 | 59,66 | 459,943 |   NaN | NaN | 0,00 | 0,00 | NaN
  47 |  0,00 | 45,748 | 738,85 | 738,85 | 745,65 |  0,00 | 1,079 | 44,35 | 44,35 |  0,00 | 1,072 | 318,89 | 318,89 |  0,00 | 142,676 | 315,94 | 315,94 |  0,00 | 240,229 | 59,66 | 59,66 | 484,754 |   NaN | NaN | 0,00 | 0,00 | NaN
  48 |  0,00 | 46,561 | 738,00 | 738,00 | 744,78 |  0,00 | 1,109 | 44,35 | 44,35 |  0,00 | 1,101 | 317,96 | 317,96 |  0,00 | 145,913 | 316,03 | 316,03 |  0,00 | 235,194 | 59,66 | 59,66 | 489,425 |   NaN | NaN | 0,00 | 0,00 | NaN
  49 |  0,00 | 51,064 | 737,11 | 737,11 | 743,99 |  0,00 | 1,122 | 44,35 | 44,35 |  0,00 | 1,120 | 317,56 | 317,56 |  0,00 | 160,627 | 315,54 | 315,54 |  0,00 | 255,712 | 59,66 | 59,66 | 517,344 |   NaN | NaN | 0,00 | 0,00 | NaN
  50 |  0,00 | 41,313 | 740,13 | 740,13 | 746,90 |  0,00 | 1,076 | 44,35 | 44,35 |  0,00 | 1,079 | 318,81 | 318,81 |  0,00 | 130,536 | 317,31 | 317,31 |  0,00 | 193,143 | 59,66 | 59,66 | 438,579 |   NaN | NaN | 0,00 | 0,00 | NaN
  51 |  0,00 | 40,874 | 742,63 | 742,63 | 749,44 |  0,00 | 1,074 | 44,35 | 44,35 |  0,00 | 1,068 | 318,71 | 318,71 |  0,00 | 124,997 | 319,91 | 319,91 |  0,00 | 225,154 | 59,66 | 59,66 | 470,266 |   NaN | NaN | 0,00 | 0,00 | NaN
  52 |  0,00 | 43,576 | 741,98 | 741,98 | 748,76 |  0,00 | 1,100 | 44,35 | 44,35 |  0,00 | 1,092 | 315,02 | 315,02 |  0,00 | 133,720 | 322,94 | 322,94 |  0,00 | 223,233 | 59,66 | 59,66 | 464,798 |   NaN | NaN | 0,00 | 0,00 | NaN
  53 |  0,00 | 48,144 | 742,78 | 742,78 | 749,58 |  0,00 | 1,087 | 44,35 | 44,35 |  0,00 | 1,082 | 320,45 | 320,45 |  0,00 | 152,431 | 318,31 | 318,31 |  0,00 | 225,340 | 59,66 | 59,66 | 484,171 |   NaN | NaN | 0,00 | 0,00 | NaN
  54 |  0,00 | 45,096 | 736,02 | 736,02 | 742,85 |  0,00 | 1,090 | 44,35 | 44,35 |  0,00 | 1,090 | 318,38 | 318,38 |  0,00 | 141,019 | 313,63 | 313,63 |  0,00 | 238,242 | 59,66 | 59,66 | 504,293 |   NaN | NaN | 0,00 | 0,00 | NaN
  55 |  0,00 | 37,162 | 738,06 | 738,06 | 744,86 |  0,00 | 1,075 | 44,35 | 44,35 |  0,00 | 1,071 | 316,18 | 316,18 |  0,00 | 116,286 | 317,87 | 317,87 |  0,00 | 177,807 | 59,66 | 59,66 | 415,769 |   NaN | NaN | 0,00 | 0,00 | NaN
  56 |  0,00 | 43,690 | 734,97 | 734,97 | 741,75 |  0,00 | 1,081 | 44,35 | 44,35 |  0,00 | 1,082 | 315,79 | 315,79 |  0,00 | 135,618 | 315,17 | 315,17 |  0,00 | 232,452 | 59,66 | 59,66 | 475,469 |   NaN | NaN | 0,00 | 0,00 | NaN
  57 |  0,00 | 48,289 | 738,69 | 738,69 | 745,48 |  0,00 | 1,078 | 44,35 | 44,35 |  0,00 | 1,075 | 316,22 | 316,22 |  0,00 | 150,841 | 318,46 | 318,46 |  0,00 | 240,388 | 59,66 | 59,66 | 495,307 |   NaN | NaN | 0,00 | 0,00 | NaN
  58 |  0,00 | 50,843 | 743,11 | 743,11 | 749,94 |  0,00 | 1,107 | 44,35 | 44,35 |  0,00 | 1,107 | 321,08 | 321,08 |  0,00 | 160,552 | 318,01 | 318,01 |  0,00 | 245,755 | 59,66 | 59,66 | 508,371 |   NaN | NaN | 0,00 | 0,00 | NaN
  59 |  0,00 | 18,342 | 746,06 | 746,06 | 752,96 |  0,00 | 1,126 | 44,35 | 44,35 |  0,00 | 1,124 | 317,48 | 317,48 |  0,00 | 54,173 | 324,57 | 324,57 |  0,00 | 97,903 | 59,66 | 59,66 | 248,003 |   NaN | NaN | 0,00 | 0,00 | NaN
  60 |  0,00 | 45,839 | 742,05 | 742,05 | 748,84 |  0,00 | 1,061 | 44,35 | 44,35 |  0,00 | 1,066 | 319,95 | 319,95 |  0,00 | 142,202 | 318,09 | 318,09 |  0,00 | 243,748 | 59,66 | 59,66 | 501,974 |   NaN | NaN | 0,00 | 0,00 | NaN
  61 |  0,00 | 45,777 | 745,42 | 745,42 | 752,20 |  0,00 | 1,083 | 44,35 | 44,35 |  0,00 | 1,079 | 321,65 | 321,65 |  0,00 | 145,070 | 319,76 | 319,76 |  0,00 | 208,958 | 59,66 | 59,66 | 457,644 |   NaN | NaN | 0,00 | 0,00 | NaN
  62 |  0,00 | 42,365 | 742,43 | 742,43 | 750,12 |  0,00 | 1,144 | 44,35 | 44,35 |  0,00 | 1,131 | 317,93 | 317,93 |  0,00 | 128,883 | 320,48 | 320,48 |  0,00 | 237,438 | 59,66 | 59,66 | 483,028 |   NaN | NaN | 0,00 | 0,00 | NaN
  63 |  0,00 | 44,421 | 741,03 | 741,03 | 747,82 |  0,00 | 1,100 | 44,35 | 44,35 |  0,00 | 1,100 | 320,27 | 320,27 |  0,00 | 142,061 | 316,75 | 316,75 |  0,00 | 196,105 | 59,66 | 59,66 | 446,513 |   NaN | NaN | 0,00 | 0,00 | NaN
  64 |  0,00 | 45,253 | 734,97 | 734,97 | 742,61 |  0,00 | 1,143 | 44,35 | 44,35 |  0,00 | 1,142 | 315,95 | 315,95 |  0,00 | 142,502 | 315,00 | 315,00 |  0,00 | 220,940 | 59,66 | 59,66 | 466,640 |   NaN | NaN | 0,00 | 0,00 | NaN

= = = = = = = = = = = = AVERAGE RESULTS system = = = = = = = = = = = =
meanPLR_system | 0,000000 
meanDelay_system | 41,494817 
meanLoad_system | 741,102212 
meanTHR_system | 741,102212 
meanGate_system | 748,048647 

meanPLR_EF_system | 0,000000 
meanPLR_AF_system | 0,000000 
meanPLR_BE_system | 0,000000 
meanPLR_FLA_system | 0,000000 
meanPLR_FLB_system | NaN 

meanTHR_EF_system | 44,352001 
meanTHR_AF_system | 318,717494 
meanTHR_BE_system | 318,369463 
meanTHR_FLA_system | 60,954715 
meanTHR_FLB_system | 0,000000 

meanLoad_EF_system | 44,352001 
meanLoad_AF_system | 318,717494 
meanLoad_BE_system | 318,369463 
meanLoad_FLA_system | 60,954715 
meanLoad_FLB_system | 0,000000 

meanDELAY_EF_system | 1,104674 
meanDELAY_AF_system | 1,101457 
meanDELAY_BE_system | 128,659110 
meanDELAY_FLA_system | 215,064200 
meanDELAY_FLB_system | NaN 
meanDELAY_CompleteFLA_system | 455,697364 
meanDELAY_CompleteFLB_system | NaN 

= = = = = = = = = = = = AVERAGE RESULTS = = = = = = = = = = = =
Packet Loss Ratio: 00,00 (%)
PROCESSED PACKAGES: 1669389883 
DISCARTED PACKAGES: 0 
TOTAL PACKAGES: 1669389883 
AVERAGE DELAY: 7645,06 (ms) 
AVERAGE THROUGHPUT: 741,10 (Mbps) 
GRANTED THROUGHPUT: 47875,11 (Mbps) By 64 ONUs
EFFECTIVE THROUGHPUT: 47430,54 (Mbps) By 64 ONUs
TOTAL LOAD: 47430,54 (Mbps) By 64 ONUs
ON Arrival THROUGHPUT: 0,00 (Mbps) By 64 ONUs
FINISHTIMEFL: 138,594693 
FINISHTIME: 141,594693 


fileName | IPACT_STRICTPRIORITYFIRSTAF_2_40_85_0 
