
ONU ID 	|  PLR(%) | Delay(ms) | Throughput(Mbps) | Granted Throughput(Mbps) | Total Load (Mbps) 

  ID |  PLR(%) |  D  | Thr |  Gates  |  Load  | PLR-EF | D-EF | ThrEF | LoadEF | PLR-AF | D-AF | ThrAF | LoadAF | PLR-BE | D-BE | ThrBE | LoadBE | PLR-FA | D-FA | ThrFA | LoadFA | DTFA |  PLR-FB | D-FB | ThrFB | LoadFB | DTFB | 
   1 |  0,00 | 1,738 | 541,32 | 541,32 | 583,91 |  0,00 | 0,132 | 44,35 | 44,35 |  0,00 | 0,457 | 228,15 | 228,15 |  0,00 | 0,552 | 221,70 | 221,70 |  0,00 | 56,335 | 47,12 | 47,12 | 134,368 |   NaN | NaN | 0,00 | 0,00 | NaN
   2 |  0,00 | 16,378 | 542,97 | 542,97 | 590,45 |  0,00 | 0,144 | 44,35 | 44,35 |  0,00 | 0,152 | 226,71 | 226,71 |  0,00 | 0,213 | 224,80 | 224,80 |  0,00 | 636,296 | 47,12 | 47,12 | 1292,918 |   NaN | NaN | 0,00 | 0,00 | NaN
   3 |  0,00 | 15,591 | 538,75 | 538,75 | 577,02 |  0,00 | 0,080 | 44,35 | 44,35 |  0,00 | 0,086 | 224,69 | 224,69 |  0,00 | 0,277 | 222,60 | 222,60 |  0,00 | 604,253 | 47,12 | 47,12 | 1228,896 |   NaN | NaN | 0,00 | 0,00 | NaN
   4 |  0,00 | 0,792 | 544,91 | 544,91 | 583,37 |  0,00 | 0,086 | 44,35 | 44,35 |  0,00 | 0,479 | 228,75 | 228,75 |  0,00 | 0,674 | 224,69 | 224,69 |  0,00 | 18,966 | 47,12 | 47,12 | 56,768 |   NaN | NaN | 0,00 | 0,00 | NaN
   5 |  0,00 | 23,320 | 540,45 | 540,45 | 579,37 |  0,00 | 0,111 | 44,35 | 44,35 |  0,00 | 0,117 | 224,68 | 224,68 |  0,00 | 0,242 | 224,31 | 224,31 |  0,00 | 907,007 | 47,12 | 47,12 | 1834,495 |   NaN | NaN | 0,00 | 0,00 | NaN
   6 |  0,00 | 18,424 | 544,81 | 544,81 | 582,34 |  0,00 | 0,062 | 44,35 | 44,35 |  0,00 | 0,069 | 227,66 | 227,66 |  0,00 | 0,302 | 225,68 | 225,68 |  0,00 | 719,548 | 47,12 | 47,12 | 1459,493 |   NaN | NaN | 0,00 | 0,00 | NaN
   7 |  0,00 | 6,213 | 541,22 | 541,22 | 579,46 |  0,00 | 0,078 | 44,35 | 44,35 |  0,00 | 0,085 | 225,43 | 225,43 |  0,00 | 0,279 | 224,32 | 224,32 |  0,00 | 238,457 | 47,12 | 47,12 | 497,291 |   NaN | NaN | 0,00 | 0,00 | NaN
   8 |  0,00 | 17,180 | 541,99 | 541,99 | 583,64 |  0,00 | 0,128 | 44,35 | 44,35 |  0,00 | 0,134 | 224,18 | 224,18 |  0,00 | 0,220 | 226,34 | 226,34 |  0,00 | 667,529 | 47,12 | 47,12 | 1355,541 |   NaN | NaN | 0,00 | 0,00 | NaN
   9 |  0,00 | 10,584 | 543,84 | 543,84 | 581,95 |  0,00 | 0,068 | 44,35 | 44,35 |  0,00 | 0,074 | 227,28 | 227,28 |  0,00 | 0,293 | 225,08 | 225,08 |  0,00 | 410,898 | 47,12 | 47,12 | 842,223 |   NaN | NaN | 0,00 | 0,00 | NaN
  10 |  0,00 | 1,123 | 540,58 | 540,58 | 582,52 |  0,00 | 0,129 | 44,35 | 44,35 |  0,00 | 0,517 | 224,79 | 224,79 |  0,00 | 0,676 | 224,32 | 224,32 |  0,00 | 30,653 | 47,12 | 47,12 | 80,284 |   NaN | NaN | 0,00 | 0,00 | NaN
  11 |  0,00 | 33,526 | 539,84 | 539,84 | 577,98 |  0,00 | 0,069 | 44,35 | 44,35 |  0,00 | 0,142 | 222,77 | 222,77 |  0,00 | 0,354 | 225,60 | 225,60 |  0,00 | 1305,076 | 47,12 | 47,12 | 2630,756 |   NaN | NaN | 0,00 | 0,00 | NaN
  12 |  0,00 | 19,521 | 540,09 | 540,09 | 582,51 |  0,00 | 0,131 | 44,35 | 44,35 |  0,00 | 0,135 | 223,82 | 223,82 |  0,00 | 0,219 | 224,81 | 224,81 |  0,00 | 757,790 | 47,12 | 47,12 | 1535,932 |   NaN | NaN | 0,00 | 0,00 | NaN
  13 |  0,00 | 16,489 | 537,37 | 537,37 | 575,73 |  0,00 | 0,096 | 44,35 | 44,35 |  0,00 | 0,107 | 223,46 | 223,46 |  0,00 | 0,259 | 222,44 | 222,44 |  0,00 | 637,936 | 47,12 | 47,12 | 1296,300 |   NaN | NaN | 0,00 | 0,00 | NaN
  14 |  0,00 | 22,906 | 543,00 | 543,00 | 587,40 |  0,00 | 0,137 | 44,35 | 44,35 |  0,00 | 0,142 | 225,28 | 225,28 |  0,00 | 0,215 | 226,25 | 226,25 |  0,00 | 892,610 | 47,12 | 47,12 | 1805,566 |   NaN | NaN | 0,00 | 0,00 | NaN
  15 |  0,00 | 6,420 | 540,20 | 540,20 | 582,55 |  0,00 | 0,131 | 44,35 | 44,35 |  0,00 | 0,136 | 221,98 | 221,98 |  0,00 | 0,217 | 226,75 | 226,75 |  0,00 | 245,316 | 47,12 | 47,12 | 511,059 |   NaN | NaN | 0,00 | 0,00 | NaN
  16 |  0,00 | 12,911 | 547,35 | 547,35 | 587,50 |  0,00 | 0,122 | 44,35 | 44,35 |  0,00 | 0,128 | 226,04 | 226,04 |  0,00 | 0,227 | 229,84 | 229,84 |  0,00 | 503,101 | 47,12 | 47,12 | 1026,644 |   NaN | NaN | 0,00 | 0,00 | NaN
  17 |  0,00 | 12,253 | 543,84 | 543,84 | 587,47 |  0,00 | 0,135 | 44,35 | 44,35 |  0,00 | 0,139 | 226,61 | 226,61 |  0,00 | 0,215 | 225,77 | 225,77 |  0,00 | 475,119 | 47,12 | 47,12 | 970,581 |   NaN | NaN | 0,00 | 0,00 | NaN
  18 |  0,00 | 36,286 | 539,48 | 539,48 | 578,38 |  0,00 | 0,112 | 44,35 | 44,35 |  0,00 | 0,128 | 223,04 | 223,04 |  0,00 | 0,240 | 224,98 | 224,98 |  0,00 | 1412,827 | 47,12 | 47,12 | 2845,916 |   NaN | NaN | 0,00 | 0,00 | NaN
  19 |  0,00 | 28,698 | 536,28 | 536,28 | 574,81 |  0,00 | 0,103 | 44,35 | 44,35 |  0,00 | 0,109 | 221,88 | 221,88 |  0,00 | 0,247 | 222,93 | 222,93 |  0,00 | 1112,902 | 47,12 | 47,12 | 2246,123 |   NaN | NaN | 0,00 | 0,00 | NaN
  20 |  0,00 | 34,151 | 539,03 | 539,03 | 577,40 |  0,00 | 0,098 | 44,35 | 44,35 |  0,00 | 0,117 | 225,89 | 225,89 |  0,00 | 0,304 | 221,67 | 221,67 |  0,00 | 1328,684 | 47,12 | 47,12 | 2677,928 |   NaN | NaN | 0,00 | 0,00 | NaN
  21 |  0,00 | 4,231 | 533,79 | 533,79 | 572,28 |  0,00 | 0,103 | 44,35 | 44,35 |  0,00 | 0,152 | 221,28 | 221,28 |  0,00 | 0,318 | 221,04 | 221,04 |  0,00 | 158,192 | 47,12 | 47,12 | 336,905 |   NaN | NaN | 0,00 | 0,00 | NaN
  22 |  0,00 | 24,194 | 545,56 | 545,56 | 591,74 |  0,00 | 0,141 | 44,35 | 44,35 |  0,00 | 0,147 | 230,25 | 230,25 |  0,00 | 0,209 | 223,85 | 223,85 |  0,00 | 945,704 | 47,12 | 47,12 | 1911,809 |   NaN | NaN | 0,00 | 0,00 | NaN
  23 |  0,00 | 31,517 | 542,06 | 542,06 | 582,43 |  0,00 | 0,123 | 44,35 | 44,35 |  0,00 | 0,255 | 225,62 | 225,62 |  0,00 | 0,297 | 224,98 | 224,98 |  0,00 | 1227,834 | 47,12 | 47,12 | 2475,821 |   NaN | NaN | 0,00 | 0,00 | NaN
  24 |  0,00 | 16,403 | 542,10 | 542,10 | 580,38 |  0,00 | 0,085 | 44,35 | 44,35 |  0,00 | 0,091 | 224,74 | 224,74 |  0,00 | 0,280 | 225,90 | 225,90 |  0,00 | 637,829 | 47,12 | 47,12 | 1296,092 |   NaN | NaN | 0,00 | 0,00 | NaN
  25 |  0,00 | 7,670 | 545,81 | 545,81 | 592,65 |  0,00 | 0,142 | 44,35 | 44,35 |  0,00 | 0,146 | 225,15 | 225,15 |  0,00 | 0,207 | 229,19 | 229,19 |  0,00 | 295,665 | 47,12 | 47,12 | 611,732 |   NaN | NaN | 0,00 | 0,00 | NaN
  26 |  0,00 | 5,906 | 539,89 | 539,89 | 585,06 |  0,00 | 0,139 | 44,35 | 44,35 |  0,00 | 0,142 | 225,11 | 225,11 |  0,00 | 0,210 | 223,31 | 223,31 |  0,00 | 225,031 | 47,12 | 47,12 | 470,476 |   NaN | NaN | 0,00 | 0,00 | NaN
  27 |  0,00 | 36,670 | 538,18 | 538,18 | 576,18 |  0,00 | 0,066 | 44,35 | 44,35 |  0,00 | 0,072 | 224,89 | 224,89 |  0,00 | 0,300 | 221,82 | 221,82 |  0,00 | 1426,848 | 47,12 | 47,12 | 2874,093 |   NaN | NaN | 0,00 | 0,00 | NaN
  28 |  0,00 | 31,882 | 537,22 | 537,22 | 579,80 |  0,00 | 0,132 | 44,35 | 44,35 |  0,00 | 0,311 | 224,40 | 224,40 |  0,00 | 0,395 | 221,36 | 221,36 |  0,00 | 1234,368 | 47,12 | 47,12 | 2489,064 |   NaN | NaN | 0,00 | 0,00 | NaN
  29 |  0,00 | 32,909 | 544,03 | 544,03 | 582,83 |  0,00 | 0,111 | 44,35 | 44,35 |  0,00 | 0,194 | 225,96 | 225,96 |  0,00 | 0,348 | 226,60 | 226,60 |  0,00 | 1285,241 | 47,12 | 47,12 | 2591,200 |   NaN | NaN | 0,00 | 0,00 | NaN
  30 |  0,00 | 35,110 | 538,57 | 538,57 | 584,98 |  0,00 | 0,141 | 44,35 | 44,35 |  0,00 | 0,156 | 222,67 | 222,67 |  0,00 | 0,214 | 224,43 | 224,43 |  0,00 | 1365,065 | 47,12 | 47,12 | 2750,408 |   NaN | NaN | 0,00 | 0,00 | NaN
  31 |  0,00 | 31,682 | 540,01 | 540,01 | 578,62 |  0,00 | 0,108 | 44,35 | 44,35 |  0,00 | 0,184 | 226,20 | 226,20 |  0,00 | 0,381 | 222,34 | 222,34 |  0,00 | 1231,990 | 47,12 | 47,12 | 2484,213 |   NaN | NaN | 0,00 | 0,00 | NaN
  32 |  0,00 | 33,506 | 543,32 | 543,32 | 581,32 |  0,00 | 0,065 | 44,35 | 44,35 |  0,00 | 0,109 | 225,84 | 225,84 |  0,00 | 0,392 | 226,01 | 226,01 |  0,00 | 1309,046 | 47,12 | 47,12 | 2638,669 |   NaN | NaN | 0,00 | 0,00 | NaN
  33 |  0,00 | 34,561 | 539,73 | 539,73 | 581,75 |  0,00 | 0,130 | 44,35 | 44,35 |  0,00 | 0,195 | 224,23 | 224,23 |  0,00 | 0,342 | 224,03 | 224,03 |  0,00 | 1343,941 | 47,12 | 47,12 | 2708,436 |   NaN | NaN | 0,00 | 0,00 | NaN
  34 |  0,00 | 37,880 | 538,61 | 538,61 | 578,61 |  0,00 | 0,121 | 44,35 | 44,35 |  0,00 | 0,127 | 224,16 | 224,16 |  0,00 | 0,233 | 222,98 | 222,98 |  0,00 | 1473,855 | 47,12 | 47,12 | 2968,127 |   NaN | NaN | 0,00 | 0,00 | NaN
  35 |  0,00 | 38,930 | 544,68 | 544,68 | 582,85 |  0,00 | 0,070 | 44,35 | 44,35 |  0,00 | 0,079 | 226,92 | 226,92 |  0,00 | 0,286 | 226,29 | 226,29 |  0,00 | 1525,414 | 47,12 | 47,12 | 3071,203 |   NaN | NaN | 0,00 | 0,00 | NaN
  36 |  0,00 | 37,133 | 539,69 | 539,69 | 580,20 |  0,00 | 0,124 | 44,35 | 44,35 |  0,00 | 0,133 | 221,94 | 221,94 |  0,00 | 0,227 | 226,28 | 226,28 |  0,00 | 1446,173 | 47,12 | 47,12 | 2912,623 |   NaN | NaN | 0,00 | 0,00 | NaN
  37 |  0,00 | 33,497 | 544,93 | 544,93 | 583,56 |  0,00 | 0,106 | 44,35 | 44,35 |  0,00 | 0,165 | 227,80 | 227,80 |  0,00 | 0,299 | 225,66 | 225,66 |  0,00 | 1310,368 | 47,12 | 47,12 | 2641,316 |   NaN | NaN | 0,00 | 0,00 | NaN
  38 |  0,00 | 35,342 | 544,13 | 544,13 | 582,54 |  0,00 | 0,098 | 44,35 | 44,35 |  0,00 | 0,104 | 227,25 | 227,25 |  0,00 | 0,257 | 225,41 | 225,41 |  0,00 | 1382,785 | 47,12 | 47,12 | 2785,999 |   NaN | NaN | 0,00 | 0,00 | NaN
  39 |  0,00 | 34,558 | 534,57 | 534,57 | 580,83 |  0,00 | 0,141 | 44,35 | 44,35 |  0,00 | 0,156 | 222,36 | 222,36 |  0,00 | 0,229 | 220,74 | 220,74 |  0,00 | 1337,876 | 47,12 | 47,12 | 2696,458 |   NaN | NaN | 0,00 | 0,00 | NaN
  40 |  0,00 | 36,597 | 536,41 | 536,41 | 582,65 |  0,00 | 0,141 | 44,35 | 44,35 |  0,00 | 0,157 | 224,24 | 224,24 |  0,00 | 0,218 | 220,71 | 220,71 |  0,00 | 1419,952 | 47,12 | 47,12 | 2860,292 |   NaN | NaN | 0,00 | 0,00 | NaN
  41 |  0,00 | 32,336 | 544,76 | 544,76 | 585,42 |  0,00 | 0,124 | 44,35 | 44,35 |  0,00 | 0,285 | 223,65 | 223,65 |  0,00 | 0,485 | 229,65 | 229,65 |  0,00 | 1261,325 | 47,12 | 47,12 | 2543,119 |   NaN | NaN | 0,00 | 0,00 | NaN
  42 |  0,00 | 32,807 | 546,19 | 546,19 | 584,39 |  0,00 | 0,070 | 44,35 | 44,35 |  0,00 | 0,143 | 227,17 | 227,17 |  0,00 | 0,358 | 227,55 | 227,55 |  0,00 | 1285,392 | 47,12 | 47,12 | 2591,361 |   NaN | NaN | 0,00 | 0,00 | NaN
  43 |  0,00 | 34,015 | 546,75 | 546,75 | 591,53 |  0,00 | 0,148 | 44,35 | 44,35 |  0,00 | 0,154 | 228,07 | 228,07 |  0,00 | 0,216 | 227,21 | 227,21 |  0,00 | 1333,337 | 47,12 | 47,12 | 2687,251 |   NaN | NaN | 0,00 | 0,00 | NaN
  44 |  0,00 | 32,048 | 544,27 | 544,27 | 581,87 |  0,00 | 0,063 | 44,35 | 44,35 |  0,00 | 0,130 | 225,30 | 225,30 |  0,00 | 0,508 | 227,50 | 227,50 |  0,00 | 1251,880 | 47,12 | 47,12 | 2524,164 |   NaN | NaN | 0,00 | 0,00 | NaN
  45 |  0,00 | 32,912 | 540,20 | 540,20 | 588,21 |  0,00 | 0,145 | 44,35 | 44,35 |  0,00 | 0,230 | 227,32 | 227,32 |  0,00 | 0,350 | 221,41 | 221,41 |  0,00 | 1279,411 | 47,12 | 47,12 | 2579,556 |   NaN | NaN | 0,00 | 0,00 | NaN
  46 |  0,00 | 34,122 | 541,04 | 541,04 | 579,30 |  0,00 | 0,084 | 44,35 | 44,35 |  0,00 | 0,113 | 223,18 | 223,18 |  0,00 | 0,300 | 226,40 | 226,40 |  0,00 | 1330,574 | 47,12 | 47,12 | 2681,764 |   NaN | NaN | 0,00 | 0,00 | NaN
  47 |  0,00 | 31,392 | 539,30 | 539,30 | 577,59 |  0,00 | 0,082 | 44,35 | 44,35 |  0,00 | 0,175 | 224,30 | 224,30 |  0,00 | 0,436 | 223,53 | 223,53 |  0,00 | 1219,728 | 47,12 | 47,12 | 2459,598 |   NaN | NaN | 0,00 | 0,00 | NaN
  48 |  0,00 | 32,246 | 539,21 | 539,21 | 578,12 |  0,00 | 0,111 | 44,35 | 44,35 |  0,00 | 0,239 | 224,22 | 224,22 |  0,00 | 0,370 | 223,52 | 223,52 |  0,00 | 1252,436 | 47,12 | 47,12 | 2525,063 |   NaN | NaN | 0,00 | 0,00 | NaN
  49 |  0,00 | 31,476 | 539,06 | 539,06 | 579,58 |  0,00 | 0,124 | 44,35 | 44,35 |  0,00 | 0,203 | 224,38 | 224,38 |  0,00 | 0,340 | 223,22 | 223,22 |  0,00 | 1222,563 | 47,12 | 47,12 | 2465,117 |   NaN | NaN | 0,00 | 0,00 | NaN
  50 |  0,00 | 34,325 | 541,78 | 541,78 | 580,02 |  0,00 | 0,078 | 44,35 | 44,35 |  0,00 | 0,096 | 225,86 | 225,86 |  0,00 | 0,296 | 224,45 | 224,45 |  0,00 | 1339,713 | 47,12 | 47,12 | 2699,986 |   NaN | NaN | 0,00 | 0,00 | NaN
  51 |  0,00 | 32,239 | 541,65 | 541,65 | 579,90 |  0,00 | 0,076 | 44,35 | 44,35 |  0,00 | 0,153 | 223,94 | 223,94 |  0,00 | 0,404 | 226,24 | 226,24 |  0,00 | 1256,549 | 47,12 | 47,12 | 2533,662 |   NaN | NaN | 0,00 | 0,00 | NaN
  52 |  0,00 | 32,599 | 541,91 | 541,91 | 580,40 |  0,00 | 0,102 | 44,35 | 44,35 |  0,00 | 0,174 | 222,25 | 222,25 |  0,00 | 0,457 | 228,20 | 228,20 |  0,00 | 1269,586 | 47,12 | 47,12 | 2559,856 |   NaN | NaN | 0,00 | 0,00 | NaN
  53 |  0,00 | 33,709 | 541,86 | 541,86 | 580,18 |  0,00 | 0,090 | 44,35 | 44,35 |  0,00 | 0,114 | 226,22 | 226,22 |  0,00 | 0,296 | 224,18 | 224,18 |  0,00 | 1315,238 | 47,12 | 47,12 | 2651,084 |   NaN | NaN | 0,00 | 0,00 | NaN
  54 |  0,00 | 32,902 | 538,02 | 538,02 | 576,33 |  0,00 | 0,092 | 44,35 | 44,35 |  0,00 | 0,196 | 224,87 | 224,87 |  0,00 | 0,371 | 221,69 | 221,69 |  0,00 | 1277,192 | 47,12 | 47,12 | 2575,063 |   NaN | NaN | 0,00 | 0,00 | NaN
  55 |  0,00 | 35,582 | 537,78 | 537,78 | 575,98 |  0,00 | 0,077 | 44,35 | 44,35 |  0,00 | 0,088 | 222,37 | 222,37 |  0,00 | 0,288 | 223,94 | 223,94 |  0,00 | 1383,558 | 47,12 | 47,12 | 2787,509 |   NaN | NaN | 0,00 | 0,00 | NaN
  56 |  0,00 | 32,351 | 536,99 | 536,99 | 575,21 |  0,00 | 0,083 | 44,35 | 44,35 |  0,00 | 0,158 | 223,10 | 223,10 |  0,00 | 0,508 | 222,43 | 222,43 |  0,00 | 1253,914 | 47,12 | 47,12 | 2528,324 |   NaN | NaN | 0,00 | 0,00 | NaN
  57 |  0,00 | 31,702 | 539,66 | 539,66 | 577,90 |  0,00 | 0,080 | 44,35 | 44,35 |  0,00 | 0,216 | 223,40 | 223,40 |  0,00 | 0,364 | 224,79 | 224,79 |  0,00 | 1232,727 | 47,12 | 47,12 | 2485,580 |   NaN | NaN | 0,00 | 0,00 | NaN
  58 |  0,00 | 31,735 | 542,34 | 542,34 | 581,04 |  0,00 | 0,109 | 44,35 | 44,35 |  0,00 | 0,204 | 226,24 | 226,24 |  0,00 | 0,351 | 224,63 | 224,63 |  0,00 | 1237,031 | 47,12 | 47,12 | 2494,386 |   NaN | NaN | 0,00 | 0,00 | NaN
  59 |  0,00 | 37,522 | 544,74 | 544,74 | 586,27 |  0,00 | 0,128 | 44,35 | 44,35 |  0,00 | 0,132 | 224,01 | 224,01 |  0,00 | 0,223 | 229,27 | 229,27 |  0,00 | 1468,930 | 47,12 | 47,12 | 2958,130 |   NaN | NaN | 0,00 | 0,00 | NaN
  60 |  0,00 | 32,401 | 540,72 | 540,72 | 578,57 |  0,00 | 0,064 | 44,35 | 44,35 |  0,00 | 0,102 | 225,09 | 225,09 |  0,00 | 0,358 | 224,16 | 224,16 |  0,00 | 1262,758 | 47,12 | 47,12 | 2546,052 |   NaN | NaN | 0,00 | 0,00 | NaN
  61 |  0,00 | 33,779 | 544,33 | 544,33 | 582,62 |  0,00 | 0,085 | 44,35 | 44,35 |  0,00 | 0,110 | 226,12 | 226,12 |  0,00 | 0,325 | 226,74 | 226,74 |  0,00 | 1321,237 | 47,12 | 47,12 | 2663,017 |   NaN | NaN | 0,00 | 0,00 | NaN
  62 |  0,00 | 32,119 | 543,66 | 543,66 | 592,49 |  0,00 | 0,147 | 44,35 | 44,35 |  0,00 | 0,256 | 225,44 | 225,44 |  0,00 | 0,339 | 226,75 | 226,75 |  0,00 | 1252,412 | 47,12 | 47,12 | 2525,289 |   NaN | NaN | 0,00 | 0,00 | NaN
  63 |  0,00 | 35,069 | 541,27 | 541,27 | 579,73 |  0,00 | 0,102 | 44,35 | 44,35 |  0,00 | 0,114 | 226,00 | 226,00 |  0,00 | 0,262 | 223,81 | 223,81 |  0,00 | 1367,999 | 47,12 | 47,12 | 2756,268 |   NaN | NaN | 0,00 | 0,00 | NaN
  64 |  0,00 | 32,970 | 537,12 | 537,12 | 585,50 |  0,00 | 0,145 | 44,35 | 44,35 |  0,00 | 0,211 | 222,79 | 222,79 |  0,00 | 0,323 | 222,85 | 222,85 |  0,00 | 1277,979 | 47,12 | 47,12 | 2576,537 |   NaN | NaN | 0,00 | 0,00 | NaN

= = = = = = = = = = = = AVERAGE RESULTS system = = = = = = = = = = = =
meanPLR_system | 0,000000 
meanDelay_system | 26,703761 
meanLoad_system | 541,175121 
meanTHR_system | 541,175121 
meanGate_system | 581,799927 

meanPLR_EF_system | 0,000000 
meanPLR_AF_system | 0,000000 
meanPLR_BE_system | 0,000000 
meanPLR_FLA_system | 0,000000 
meanPLR_FLB_system | NaN 

meanTHR_EF_system | 44,352002 
meanTHR_AF_system | 224,989986 
meanTHR_BE_system | 224,717909 
meanTHR_FLA_system | 48,007701 
meanTHR_FLB_system | 0,000000 

meanLoad_EF_system | 44,352002 
meanLoad_AF_system | 224,989986 
meanLoad_BE_system | 224,717909 
meanLoad_FLA_system | 48,007701 
meanLoad_FLB_system | 0,000000 

meanDELAY_EF_system | 0,107005 
meanDELAY_AF_system | 0,164421 
meanDELAY_BE_system | 0,318621 
meanDELAY_FLA_system | 1039,030440 
meanDELAY_FLB_system | NaN 
meanDELAY_CompleteFLA_system | 2098,464856 
meanDELAY_CompleteFLB_system | NaN 

= = = = = = = = = = = = AVERAGE RESULTS = = = = = = = = = = = =
Packet Loss Ratio: 00,00 (%)
PROCESSED PACKAGES: 1587882937 
DISCARTED PACKAGES: 0 
TOTAL PACKAGES: 1587882937 
AVERAGE DELAY: 4105,04 (ms) 
AVERAGE THROUGHPUT: 541,18 (Mbps) 
GRANTED THROUGHPUT: 37235,20 (Mbps) By 64 ONUs
EFFECTIVE THROUGHPUT: 34635,21 (Mbps) By 64 ONUs
TOTAL LOAD: 34635,21 (Mbps) By 64 ONUs
ON Arrival THROUGHPUT: 0,00 (Mbps) By 64 ONUs
FINISHTIMEFL: 158,374590 
FINISHTIME: 161,374590 


fileName | IPACT_LEAKYBUCKET_3_36_60_0 
