
ONU ID 	|  PLR(%) | Delay(ms) | Throughput(Mbps) | Granted Throughput(Mbps) | Total Load (Mbps) 

  ID |  PLR(%) |  D  | Thr |  Gates  |  Load  | PLR-EF | D-EF | ThrEF | LoadEF | PLR-AF | D-AF | ThrAF | LoadAF | PLR-BE | D-BE | ThrBE | LoadBE | PLR-FA | D-FA | ThrFA | LoadFA | DTFA |  PLR-FB | D-FB | ThrFB | LoadFB | DTFB | 
   1 |  7,35 | 296,135 | 755,07 | 814,96 | 759,45 |  0,00 | 1,551 | 44,35 | 44,35 |  0,00 | 1,418 | 373,07 | 373,07 | 16,41 | 1142,182 | 305,08 | 364,97 |  0,00 | 299,007 | 32,57 | 32,57 | 624,238 |   NaN | NaN | 0,00 | 0,00 | NaN
   2 |  7,47 | 292,585 | 753,98 | 814,83 | 758,39 |  0,00 | 1,668 | 44,35 | 44,35 |  0,00 | 1,451 | 371,78 | 371,78 | 16,62 | 1126,176 | 305,27 | 366,12 |  0,00 | 299,265 | 32,57 | 32,57 | 606,361 |   NaN | NaN | 0,00 | 0,00 | NaN
   3 |  6,54 | 281,340 | 755,24 | 808,13 | 759,63 |  0,00 | 1,378 | 44,35 | 44,35 |  0,00 | 1,366 | 364,60 | 364,60 | 14,43 | 1055,572 | 313,72 | 366,61 |  0,00 | 290,240 | 32,57 | 32,57 | 599,164 |   NaN | NaN | 0,00 | 0,00 | NaN
   4 |  7,45 | 295,205 | 754,58 | 815,33 | 758,98 |  0,00 | 1,568 | 44,35 | 44,35 |  0,00 | 1,377 | 370,77 | 370,77 | 16,52 | 1130,541 | 306,89 | 367,64 |  0,00 | 312,971 | 32,57 | 32,57 | 648,089 |   NaN | NaN | 0,00 | 0,00 | NaN
   5 |  6,63 | 284,711 | 754,43 | 808,03 | 758,81 |  0,00 | 1,578 | 44,35 | 44,35 |  0,00 | 1,403 | 366,75 | 366,75 | 14,71 | 1075,876 | 310,76 | 364,36 |  0,00 | 315,201 | 32,57 | 32,57 | 626,376 |   NaN | NaN | 0,00 | 0,00 | NaN
   6 |  7,43 | 290,418 | 754,61 | 815,15 | 759,00 |  0,00 | 1,450 | 44,35 | 44,35 |  0,00 | 1,348 | 370,66 | 370,66 | 16,47 | 1111,933 | 307,02 | 367,57 |  0,00 | 310,796 | 32,57 | 32,57 | 643,747 |   NaN | NaN | 0,00 | 0,00 | NaN
   7 |  7,05 | 291,620 | 755,00 | 812,29 | 759,40 |  0,00 | 1,421 | 44,35 | 44,35 |  0,00 | 1,364 | 367,79 | 367,79 | 15,59 | 1105,427 | 310,28 | 367,57 |  0,00 | 308,306 | 32,57 | 32,57 | 630,787 |   NaN | NaN | 0,00 | 0,00 | NaN
   8 |  7,45 | 297,296 | 755,07 | 815,87 | 759,47 |  0,00 | 1,432 | 44,35 | 44,35 |  0,00 | 1,415 | 368,24 | 368,24 | 16,40 | 1129,053 | 309,91 | 370,71 |  0,00 | 300,082 | 32,57 | 32,57 | 618,665 |   NaN | NaN | 0,00 | 0,00 | NaN
   9 |  7,61 | 293,802 | 754,71 | 816,90 | 759,10 |  0,00 | 1,626 | 44,35 | 44,35 |  0,00 | 1,358 | 369,53 | 369,53 | 16,79 | 1120,121 | 308,25 | 370,44 |  0,00 | 310,865 | 32,57 | 32,57 | 625,569 |   NaN | NaN | 0,00 | 0,00 | NaN
  10 |  6,95 | 287,214 | 755,42 | 811,81 | 759,83 |  0,00 | 1,480 | 44,35 | 44,35 |  0,00 | 1,415 | 367,82 | 367,82 | 15,36 | 1086,717 | 310,68 | 367,07 |  0,00 | 315,541 | 32,57 | 32,57 | 634,084 |   NaN | NaN | 0,00 | 0,00 | NaN
  11 |  7,00 | 295,358 | 754,10 | 810,90 | 758,48 |  0,00 | 1,513 | 44,35 | 44,35 |  0,00 | 1,355 | 365,79 | 365,79 | 15,43 | 1115,517 | 311,39 | 368,19 |  0,00 | 301,476 | 32,57 | 32,57 | 592,868 |   NaN | NaN | 0,00 | 0,00 | NaN
  12 |  7,28 | 293,263 | 754,42 | 813,68 | 758,82 |  0,00 | 1,518 | 44,35 | 44,35 |  0,00 | 1,418 | 367,11 | 367,11 | 16,03 | 1109,736 | 310,38 | 369,64 |  0,00 | 319,495 | 32,57 | 32,57 | 628,220 |   NaN | NaN | 0,00 | 0,00 | NaN
  13 |  6,10 | 278,200 | 754,15 | 803,16 | 758,56 |  0,00 | 1,453 | 44,35 | 44,35 |  0,00 | 1,384 | 365,91 | 365,91 | 13,60 | 1048,479 | 311,32 | 360,33 |  0,00 | 323,421 | 32,57 | 32,57 | 656,664 |   NaN | NaN | 0,00 | 0,00 | NaN
  14 |  7,50 | 289,325 | 754,12 | 815,27 | 758,51 |  0,00 | 1,489 | 44,35 | 44,35 |  0,00 | 1,423 | 367,64 | 367,64 | 16,50 | 1097,262 | 309,56 | 370,71 |  0,00 | 321,130 | 32,57 | 32,57 | 638,978 |   NaN | NaN | 0,00 | 0,00 | NaN
  15 |  7,04 | 291,615 | 753,83 | 810,89 | 758,20 |  0,00 | 1,652 | 44,35 | 44,35 |  0,00 | 1,426 | 363,41 | 363,41 | 15,40 | 1093,462 | 313,49 | 370,56 |  0,00 | 288,562 | 32,57 | 32,57 | 602,893 |   NaN | NaN | 0,00 | 0,00 | NaN
  16 |  8,08 | 302,661 | 753,64 | 819,92 | 758,06 |  0,00 | 1,607 | 44,35 | 44,35 |  0,00 | 1,420 | 368,94 | 368,94 | 17,72 | 1155,367 | 307,77 | 374,05 |  0,00 | 308,031 | 32,57 | 32,57 | 621,003 |   NaN | NaN | 0,00 | 0,00 | NaN
  17 |  7,49 | 292,780 | 754,47 | 815,57 | 758,91 |  0,00 | 1,468 | 44,35 | 44,35 |  0,00 | 1,421 | 371,18 | 371,18 | 16,63 | 1121,686 | 306,36 | 367,46 |  0,00 | 340,444 | 32,57 | 32,57 | 684,422 |   NaN | NaN | 0,00 | 0,00 | NaN
  18 |  6,69 | 300,026 | 754,34 | 808,45 | 758,74 |  0,00 | 1,498 | 44,35 | 44,35 |  0,00 | 1,401 | 366,03 | 366,03 | 14,80 | 1132,607 | 311,39 | 365,50 |  0,00 | 316,663 | 32,57 | 32,57 | 631,445 |   NaN | NaN | 0,00 | 0,00 | NaN
  19 |  6,03 | 292,151 | 754,90 | 803,34 | 759,30 |  0,00 | 1,474 | 44,35 | 44,35 |  0,00 | 1,388 | 361,75 | 361,75 | 13,28 | 1084,965 | 316,22 | 364,66 |  0,00 | 338,537 | 32,57 | 32,57 | 651,526 |   NaN | NaN | 0,00 | 0,00 | NaN
  20 |  6,10 | 285,050 | 754,47 | 803,50 | 758,87 |  0,00 | 1,417 | 44,35 | 44,35 |  0,00 | 1,385 | 366,99 | 366,99 | 13,64 | 1078,570 | 310,56 | 359,59 |  0,00 | 313,571 | 32,57 | 32,57 | 647,166 |   NaN | NaN | 0,00 | 0,00 | NaN
  21 |  6,06 | 277,126 | 754,23 | 802,91 | 758,64 |  0,00 | 1,409 | 44,35 | 44,35 |  0,00 | 1,388 | 363,99 | 363,99 | 13,45 | 1039,117 | 313,31 | 361,99 |  0,00 | 303,866 | 32,57 | 32,57 | 627,796 |   NaN | NaN | 0,00 | 0,00 | NaN
  22 |  7,68 | 298,431 | 754,81 | 817,64 | 759,25 |  0,00 | 1,533 | 44,35 | 44,35 |  0,00 | 1,440 | 374,63 | 374,63 | 17,16 | 1155,874 | 303,26 | 366,08 |  0,00 | 329,870 | 32,57 | 32,57 | 679,453 |   NaN | NaN | 0,00 | 0,00 | NaN
  23 |  7,12 | 297,459 | 755,04 | 812,89 | 759,45 |  0,00 | 1,658 | 44,35 | 44,35 |  0,00 | 1,414 | 368,93 | 368,93 | 15,76 | 1131,307 | 309,19 | 367,04 |  0,00 | 311,073 | 32,57 | 32,57 | 630,094 |   NaN | NaN | 0,00 | 0,00 | NaN
  24 |  7,80 | 294,174 | 754,91 | 818,82 | 759,35 |  0,00 | 1,428 | 44,35 | 44,35 |  0,00 | 1,371 | 369,65 | 369,65 | 17,17 | 1121,334 | 308,34 | 372,24 |  0,00 | 322,561 | 32,57 | 32,57 | 652,924 |   NaN | NaN | 0,00 | 0,00 | NaN
  25 |  7,44 | 294,676 | 753,76 | 814,37 | 758,19 |  0,00 | 1,456 | 44,35 | 44,35 |  0,00 | 1,429 | 364,96 | 364,96 | 16,27 | 1110,890 | 311,88 | 372,48 |  0,00 | 294,599 | 32,57 | 32,57 | 613,783 |   NaN | NaN | 0,00 | 0,00 | NaN
  26 |  6,63 | 285,155 | 754,96 | 808,60 | 759,40 |  0,00 | 1,489 | 44,35 | 44,35 |  0,00 | 1,424 | 366,59 | 366,59 | 14,69 | 1075,264 | 311,45 | 365,09 |  0,00 | 324,722 | 32,57 | 32,57 | 645,103 |   NaN | NaN | 0,00 | 0,00 | NaN
  27 |  6,86 | 284,841 | 754,07 | 809,60 | 758,46 |  0,00 | 1,507 | 44,35 | 44,35 |  0,00 | 1,361 | 369,12 | 369,12 | 15,28 | 1085,566 | 308,03 | 363,56 |  0,00 | 320,160 | 32,57 | 32,57 | 643,739 |   NaN | NaN | 0,00 | 0,00 | NaN
  28 |  6,10 | 288,495 | 754,65 | 803,66 | 759,06 |  0,00 | 1,466 | 44,35 | 44,35 |  0,00 | 1,419 | 366,92 | 366,92 | 13,62 | 1090,251 | 310,81 | 359,83 |  0,00 | 327,669 | 32,57 | 32,57 | 656,373 |   NaN | NaN | 0,00 | 0,00 | NaN
  29 |  7,14 | 292,197 | 754,87 | 812,95 | 759,27 |  0,00 | 1,420 | 44,35 | 44,35 |  0,00 | 1,398 | 366,99 | 366,99 | 15,74 | 1105,511 | 310,96 | 369,03 |  0,00 | 295,183 | 32,57 | 32,57 | 597,205 |   NaN | NaN | 0,00 | 0,00 | NaN
  30 |  6,84 | 292,816 | 754,27 | 809,62 | 758,69 |  0,00 | 1,478 | 44,35 | 44,35 |  0,00 | 1,428 | 366,13 | 366,13 | 15,10 | 1106,053 | 311,22 | 366,57 |  0,00 | 303,973 | 32,57 | 32,57 | 613,069 |   NaN | NaN | 0,00 | 0,00 | NaN
  31 |  6,74 | 291,565 | 754,18 | 808,65 | 758,59 |  0,00 | 1,434 | 44,35 | 44,35 |  0,00 | 1,395 | 368,01 | 368,01 | 14,98 | 1108,827 | 309,25 | 363,71 |  0,00 | 295,499 | 32,57 | 32,57 | 604,271 |   NaN | NaN | 0,00 | 0,00 | NaN
  32 |  7,29 | 296,739 | 754,59 | 813,96 | 758,98 |  0,00 | 1,830 | 44,35 | 44,35 |  0,00 | 1,416 | 368,11 | 368,11 | 16,09 | 1125,380 | 309,55 | 368,92 |  0,00 | 334,258 | 32,57 | 32,57 | 659,017 |   NaN | NaN | 0,00 | 0,00 | NaN
  33 |  6,55 | 286,729 | 755,24 | 808,17 | 759,63 |  0,00 | 1,525 | 44,35 | 44,35 |  0,00 | 1,416 | 365,12 | 365,12 | 14,46 | 1075,939 | 313,20 | 366,13 |  0,00 | 318,412 | 32,57 | 32,57 | 628,419 |   NaN | NaN | 0,00 | 0,00 | NaN
  34 |  6,82 | 295,025 | 755,00 | 810,23 | 759,40 |  0,00 | 1,459 | 44,35 | 44,35 |  0,00 | 1,407 | 365,65 | 365,65 | 15,02 | 1110,301 | 312,43 | 367,66 |  0,00 | 316,699 | 32,57 | 32,57 | 631,459 |   NaN | NaN | 0,00 | 0,00 | NaN
  35 |  7,40 | 297,962 | 755,13 | 815,46 | 759,52 |  0,00 | 1,383 | 44,35 | 44,35 |  0,00 | 1,355 | 369,75 | 369,75 | 16,36 | 1136,566 | 308,46 | 368,79 |  0,00 | 308,717 | 32,57 | 32,57 | 646,009 |   NaN | NaN | 0,00 | 0,00 | NaN
  36 |  6,62 | 286,376 | 753,81 | 807,29 | 758,20 |  0,00 | 1,433 | 44,35 | 44,35 |  0,00 | 1,409 | 363,53 | 363,53 | 14,58 | 1074,647 | 313,35 | 366,84 |  0,00 | 283,949 | 32,57 | 32,57 | 585,515 |   NaN | NaN | 0,00 | 0,00 | NaN
  37 |  7,67 | 298,397 | 755,22 | 817,93 | 759,64 |  0,00 | 1,481 | 44,35 | 44,35 |  0,00 | 1,398 | 373,25 | 373,25 | 17,05 | 1148,787 | 305,05 | 367,76 |  0,00 | 342,976 | 32,57 | 32,57 | 700,804 |   NaN | NaN | 0,00 | 0,00 | NaN
  38 |  7,74 | 295,896 | 754,33 | 817,65 | 758,73 |  0,00 | 1,439 | 44,35 | 44,35 |  0,00 | 1,387 | 370,43 | 370,43 | 17,10 | 1132,682 | 306,98 | 370,30 |  0,00 | 318,440 | 32,57 | 32,57 | 635,546 |   NaN | NaN | 0,00 | 0,00 | NaN
  39 |  5,87 | 283,332 | 754,77 | 801,85 | 759,21 |  0,00 | 1,477 | 44,35 | 44,35 |  0,00 | 1,429 | 364,92 | 364,92 | 13,08 | 1063,456 | 312,93 | 360,01 |  0,00 | 317,129 | 32,57 | 32,57 | 646,691 |   NaN | NaN | 0,00 | 0,00 | NaN
  40 |  5,97 | 285,285 | 754,86 | 802,82 | 759,28 |  0,00 | 1,506 | 44,35 | 44,35 |  0,00 | 1,429 | 366,16 | 366,16 | 13,33 | 1074,953 | 311,77 | 359,74 |  0,00 | 315,736 | 32,57 | 32,57 | 643,244 |   NaN | NaN | 0,00 | 0,00 | NaN
  41 |  7,49 | 293,875 | 754,54 | 815,64 | 758,94 |  0,00 | 1,478 | 44,35 | 44,35 |  0,00 | 1,414 | 365,40 | 365,40 | 16,37 | 1105,271 | 312,21 | 373,32 |  0,00 | 327,537 | 32,57 | 32,57 | 640,520 |   NaN | NaN | 0,00 | 0,00 | NaN
  42 |  7,43 | 291,579 | 754,84 | 815,40 | 759,25 |  0,00 | 1,669 | 44,35 | 44,35 |  0,00 | 1,393 | 368,71 | 368,71 | 16,38 | 1106,835 | 309,21 | 369,77 |  0,00 | 333,699 | 32,57 | 32,57 | 657,526 |   NaN | NaN | 0,00 | 0,00 | NaN
  43 |  8,20 | 300,168 | 753,92 | 821,27 | 758,32 |  0,00 | 1,568 | 44,35 | 44,35 |  0,00 | 1,437 | 372,95 | 372,95 | 18,13 | 1160,451 | 304,05 | 371,39 |  0,00 | 298,582 | 32,57 | 32,57 | 612,871 |   NaN | NaN | 0,00 | 0,00 | NaN
  44 |  7,44 | 302,026 | 754,40 | 815,04 | 758,78 |  0,00 | 1,392 | 44,35 | 44,35 |  0,00 | 1,346 | 367,33 | 367,33 | 16,36 | 1145,516 | 310,14 | 370,79 |  0,00 | 304,521 | 32,57 | 32,57 | 640,859 |   NaN | NaN | 0,00 | 0,00 | NaN
  45 |  6,92 | 297,148 | 754,63 | 810,73 | 759,05 |  0,00 | 1,670 | 44,35 | 44,35 |  0,00 | 1,431 | 371,10 | 371,10 | 15,47 | 1139,452 | 306,60 | 362,71 |  0,00 | 303,499 | 32,57 | 32,57 | 617,890 |   NaN | NaN | 0,00 | 0,00 | NaN
  46 |  7,02 | 290,824 | 753,58 | 810,50 | 757,96 |  0,00 | 1,646 | 44,35 | 44,35 |  0,00 | 1,383 | 365,72 | 365,72 | 15,47 | 1097,889 | 310,94 | 367,86 |  0,00 | 316,479 | 32,57 | 32,57 | 646,925 |   NaN | NaN | 0,00 | 0,00 | NaN
  47 |  7,03 | 294,313 | 754,51 | 811,54 | 758,91 |  0,00 | 1,412 | 44,35 | 44,35 |  0,00 | 1,367 | 369,74 | 369,74 | 15,63 | 1124,930 | 307,85 | 364,88 |  0,00 | 297,139 | 32,57 | 32,57 | 589,316 |   NaN | NaN | 0,00 | 0,00 | NaN
  48 |  6,94 | 292,817 | 753,92 | 810,10 | 758,31 |  0,00 | 1,479 | 44,35 | 44,35 |  0,00 | 1,409 | 366,88 | 366,88 | 15,34 | 1111,205 | 310,11 | 366,29 |  0,00 | 275,651 | 32,57 | 32,57 | 562,443 |   NaN | NaN | 0,00 | 0,00 | NaN
  49 |  6,70 | 289,115 | 754,57 | 808,72 | 758,97 |  0,00 | 1,734 | 44,35 | 44,35 |  0,00 | 1,416 | 368,04 | 368,04 | 14,89 | 1098,051 | 309,61 | 363,76 |  0,00 | 293,410 | 32,57 | 32,57 | 610,256 |   NaN | NaN | 0,00 | 0,00 | NaN
  50 |  7,15 | 295,929 | 754,95 | 813,11 | 759,32 |  0,00 | 1,564 | 44,35 | 44,35 |  0,00 | 1,366 | 370,26 | 370,26 | 15,89 | 1131,131 | 307,77 | 365,92 |  0,00 | 300,712 | 32,57 | 32,57 | 614,728 |   NaN | NaN | 0,00 | 0,00 | NaN
  51 |  7,08 | 288,184 | 754,24 | 811,73 | 758,64 |  0,00 | 1,406 | 44,35 | 44,35 |  0,00 | 1,362 | 367,05 | 367,05 | 15,63 | 1090,845 | 310,26 | 367,76 |  0,00 | 320,046 | 32,57 | 32,57 | 628,882 |   NaN | NaN | 0,00 | 0,00 | NaN
  52 |  6,67 | 289,425 | 754,72 | 808,68 | 759,12 |  0,00 | 1,535 | 44,35 | 44,35 |  0,00 | 1,398 | 362,24 | 362,24 | 14,60 | 1078,163 | 315,56 | 369,52 |  0,00 | 306,340 | 32,57 | 32,57 | 622,465 |   NaN | NaN | 0,00 | 0,00 | NaN
  53 |  7,27 | 300,366 | 754,71 | 813,86 | 759,10 |  0,00 | 1,419 | 44,35 | 44,35 |  0,00 | 1,376 | 369,29 | 369,29 | 16,09 | 1145,621 | 308,50 | 367,65 |  0,00 | 302,749 | 32,57 | 32,57 | 617,066 |   NaN | NaN | 0,00 | 0,00 | NaN
  54 |  6,40 | 287,982 | 754,90 | 806,53 | 759,27 |  0,00 | 1,856 | 44,35 | 44,35 |  0,00 | 1,407 | 366,90 | 366,90 | 14,24 | 1088,162 | 311,08 | 362,71 |  0,00 | 305,159 | 32,57 | 32,57 | 621,403 |   NaN | NaN | 0,00 | 0,00 | NaN
  55 |  6,68 | 296,706 | 754,82 | 808,88 | 759,22 |  0,00 | 1,379 | 44,35 | 44,35 |  0,00 | 1,363 | 364,68 | 364,68 | 14,72 | 1114,915 | 313,22 | 367,28 |  0,00 | 304,709 | 32,57 | 32,57 | 613,910 |   NaN | NaN | 0,00 | 0,00 | NaN
  56 |  6,55 | 287,372 | 754,61 | 807,49 | 759,00 |  0,00 | 1,609 | 44,35 | 44,35 |  0,00 | 1,379 | 364,67 | 364,67 | 14,45 | 1079,274 | 313,01 | 365,90 |  0,00 | 301,852 | 32,57 | 32,57 | 615,958 |   NaN | NaN | 0,00 | 0,00 | NaN
  57 |  7,07 | 281,492 | 754,21 | 811,62 | 758,62 |  0,00 | 1,477 | 44,35 | 44,35 |  0,00 | 1,366 | 366,74 | 366,74 | 15,60 | 1062,031 | 310,54 | 367,96 |  0,00 | 355,047 | 32,57 | 32,57 | 685,349 |   NaN | NaN | 0,00 | 0,00 | NaN
  58 |  7,04 | 293,126 | 755,16 | 812,38 | 759,57 |  0,00 | 1,422 | 44,35 | 44,35 |  0,00 | 1,395 | 367,22 | 367,22 | 15,54 | 1107,686 | 311,02 | 368,23 |  0,00 | 328,048 | 32,57 | 32,57 | 643,684 |   NaN | NaN | 0,00 | 0,00 | NaN
  59 |  7,56 | 295,207 | 755,06 | 816,85 | 759,47 |  0,00 | 1,558 | 44,35 | 44,35 |  0,00 | 1,414 | 367,75 | 367,75 | 16,60 | 1119,958 | 310,38 | 372,17 |  0,00 | 284,407 | 32,57 | 32,57 | 581,245 |   NaN | NaN | 0,00 | 0,00 | NaN
  60 |  7,15 | 294,927 | 753,70 | 811,76 | 758,10 |  0,00 | 1,403 | 44,35 | 44,35 |  0,00 | 1,350 | 368,41 | 368,41 | 15,85 | 1122,744 | 308,37 | 366,43 |  0,00 | 331,141 | 32,57 | 32,57 | 657,244 |   NaN | NaN | 0,00 | 0,00 | NaN
  61 |  7,48 | 295,308 | 754,37 | 815,33 | 758,76 |  0,00 | 1,705 | 44,35 | 44,35 |  0,00 | 1,400 | 368,87 | 368,87 | 16,50 | 1123,105 | 308,58 | 369,53 |  0,00 | 331,933 | 32,57 | 32,57 | 660,593 |   NaN | NaN | 0,00 | 0,00 | NaN
  62 |  7,40 | 290,341 | 754,47 | 814,73 | 758,91 |  0,00 | 1,482 | 44,35 | 44,35 |  0,00 | 1,435 | 369,19 | 369,19 | 16,35 | 1106,111 | 308,36 | 368,61 |  0,00 | 321,471 | 32,57 | 32,57 | 639,813 |   NaN | NaN | 0,00 | 0,00 | NaN
  63 |  7,22 | 289,886 | 754,01 | 812,65 | 758,40 |  0,00 | 1,399 | 44,35 | 44,35 |  0,00 | 1,388 | 369,10 | 369,10 | 15,99 | 1106,134 | 307,99 | 366,62 |  0,00 | 301,688 | 32,57 | 32,57 | 618,123 |   NaN | NaN | 0,00 | 0,00 | NaN
  64 |  6,37 | 283,180 | 754,27 | 805,59 | 758,69 |  0,00 | 1,482 | 44,35 | 44,35 |  0,00 | 1,432 | 364,34 | 364,34 | 14,08 | 1062,879 | 313,01 | 364,33 |  0,00 | 303,731 | 32,57 | 32,57 | 599,530 |   NaN | NaN | 0,00 | 0,00 | NaN

= = = = = = = = = = = = AVERAGE RESULTS system = = = = = = = = = = = =
meanPLR_system | 7,029521 
meanDelay_system | 291,792596 
meanLoad_system | 811,612309 
meanTHR_system | 754,536399 
meanGate_system | 758,939174 

meanPLR_EF_system | 0,000000 
meanPLR_AF_system | 0,000000 
meanPLR_BE_system | 15,543460 
meanPLR_FLA_system | 0,000000 
meanPLR_FLB_system | NaN 

meanTHR_EF_system | 44,352003 
meanTHR_AF_system | 367,674557 
meanTHR_BE_system | 309,938645 
meanTHR_FLA_system | 33,081374 
meanTHR_FLB_system | 0,000000 

meanLoad_EF_system | 44,352003 
meanLoad_AF_system | 367,674557 
meanLoad_BE_system | 367,014555 
meanLoad_FLA_system | 33,081374 
meanLoad_FLB_system | 0,000000 

meanDELAY_EF_system | 1,512418 
meanDELAY_AF_system | 1,398082 
meanDELAY_BE_system | 1106,598649 
meanDELAY_FLA_system | 312,010014 
meanDELAY_FLB_system | NaN 
meanDELAY_CompleteFLA_system | 630,490300 
meanDELAY_CompleteFLB_system | NaN 

= = = = = = = = = = = = AVERAGE RESULTS = = = = = = = = = = = =
Packet Loss Ratio: 07,03 (%)
PROCESSED PACKAGES: 2345372526 
DISCARTED PACKAGES: 110801358 
TOTAL PACKAGES: 2456173884 
AVERAGE DELAY: 54969,90 (ms) 
AVERAGE THROUGHPUT: 754,54 (Mbps) 
GRANTED THROUGHPUT: 48572,11 (Mbps) By 64 ONUs
EFFECTIVE THROUGHPUT: 48290,33 (Mbps) By 64 ONUs
TOTAL LOAD: 51943,19 (Mbps) By 64 ONUs
ON Arrival THROUGHPUT: 0,00 (Mbps) By 64 ONUs
FINISHTIMEFL: 191,527716 
FINISHTIME: 194,527716 


fileName | IPACT_STRICTPRIORITYFIRSTAF_4_30_98_0 
