
ONU ID 	|  PLR(%) | Delay(ms) | Throughput(Mbps) | Granted Throughput(Mbps) | Total Load (Mbps) 

  ID |  PLR(%) |  D  | Thr |  Gates  |  Load  | PLR-EF | D-EF | ThrEF | LoadEF | PLR-AF | D-AF | ThrAF | LoadAF | PLR-BE | D-BE | ThrBE | LoadBE | PLR-FA | D-FA | ThrFA | LoadFA | DTFA |  PLR-FB | D-FB | ThrFB | LoadFB | DTFB | 
   1 |  0,00 | 31,915 | 734,69 | 734,69 | 743,48 |  0,00 | 1,045 | 44,35 | 44,35 |  0,00 | 31,479 | 286,71 | 286,71 |  0,00 | 66,602 | 278,20 | 278,20 |  0,00 | 122,742 | 125,43 | 125,43 | 261,214 |   NaN | NaN | 0,00 | 0,00 | NaN
   2 |  0,00 | 52,783 | 733,18 | 733,18 | 742,53 |  0,00 | 1,057 | 44,35 | 44,35 |  0,00 | 42,992 | 280,95 | 280,95 |  0,00 | 137,231 | 282,45 | 282,45 |  0,00 | 127,733 | 125,43 | 125,43 | 274,875 |   NaN | NaN | 0,00 | 0,00 | NaN
   3 |  0,00 | 46,412 | 737,17 | 737,17 | 745,26 |  0,00 | 0,993 | 44,35 | 44,35 |  0,00 | 38,614 | 284,59 | 284,59 |  0,00 | 116,158 | 282,79 | 282,79 |  0,00 | 127,583 | 125,43 | 125,43 | 274,617 |   NaN | NaN | 0,00 | 0,00 | NaN
   4 |  0,00 | 30,846 | 737,84 | 737,84 | 746,25 |  0,00 | 0,999 | 44,35 | 44,35 |  0,00 | 30,246 | 288,12 | 288,12 |  0,00 | 63,870 | 279,94 | 279,94 |  0,00 | 120,672 | 125,43 | 125,43 | 256,111 |   NaN | NaN | 0,00 | 0,00 | NaN
   5 |  0,00 | 51,032 | 730,07 | 730,07 | 738,20 |  0,00 | 1,024 | 44,35 | 44,35 |  0,00 | 37,738 | 281,01 | 281,01 |  0,00 | 137,131 | 279,27 | 279,27 |  0,00 | 124,999 | 125,43 | 125,43 | 271,862 |   NaN | NaN | 0,00 | 0,00 | NaN
   6 |  0,00 | 47,161 | 736,75 | 736,75 | 744,81 |  0,00 | 0,973 | 44,35 | 44,35 |  0,00 | 38,003 | 284,78 | 284,78 |  0,00 | 120,148 | 282,18 | 282,18 |  0,00 | 126,974 | 125,43 | 125,43 | 274,573 |   NaN | NaN | 0,00 | 0,00 | NaN
   7 |  0,00 | 38,350 | 732,63 | 732,63 | 740,80 |  0,00 | 0,991 | 44,35 | 44,35 |  0,00 | 35,117 | 282,83 | 282,83 |  0,00 | 88,208 | 280,02 | 280,02 |  0,00 | 125,423 | 125,43 | 125,43 | 268,554 |   NaN | NaN | 0,00 | 0,00 | NaN
   8 |  0,00 | 46,458 | 737,67 | 737,67 | 746,06 |  0,00 | 1,041 | 44,35 | 44,35 |  0,00 | 37,208 | 282,25 | 282,25 |  0,00 | 116,913 | 285,63 | 285,63 |  0,00 | 127,482 | 125,43 | 125,43 | 274,713 |   NaN | NaN | 0,00 | 0,00 | NaN
   9 |  0,00 | 40,304 | 733,85 | 733,85 | 741,96 |  0,00 | 0,981 | 44,35 | 44,35 |  0,00 | 35,607 | 283,67 | 283,67 |  0,00 | 95,311 | 280,39 | 280,39 |  0,00 | 126,586 | 125,43 | 125,43 | 272,667 |   NaN | NaN | 0,00 | 0,00 | NaN
  10 |  0,00 | 33,849 | 732,37 | 732,37 | 741,08 |  0,00 | 1,042 | 44,35 | 44,35 |  0,00 | 33,632 | 282,93 | 282,93 |  0,00 | 72,155 | 279,66 | 279,66 |  0,00 | 122,394 | 125,43 | 125,43 | 260,297 |   NaN | NaN | 0,00 | 0,00 | NaN
  11 |  0,00 | 46,259 | 726,67 | 726,67 | 734,96 |  0,00 | 0,982 | 44,35 | 44,35 |  0,00 | 33,683 | 276,14 | 276,14 |  0,00 | 123,520 | 280,74 | 280,74 |  0,00 | 115,546 | 125,43 | 125,43 | 258,253 |   NaN | NaN | 0,00 | 0,00 | NaN
  12 |  0,00 | 50,741 | 735,46 | 735,46 | 743,92 |  0,00 | 1,044 | 44,35 | 44,35 |  0,00 | 37,464 | 282,82 | 282,82 |  0,00 | 134,807 | 282,85 | 282,85 |  0,00 | 126,462 | 125,43 | 125,43 | 274,146 |   NaN | NaN | 0,00 | 0,00 | NaN
  13 |  0,00 | 45,213 | 726,07 | 726,07 | 734,14 |  0,00 | 1,009 | 44,35 | 44,35 |  0,00 | 36,011 | 276,73 | 276,73 |  0,00 | 114,446 | 279,56 | 279,56 |  0,00 | 127,635 | 125,43 | 125,43 | 274,787 |   NaN | NaN | 0,00 | 0,00 | NaN
  14 |  0,00 | 53,098 | 737,27 | 737,27 | 746,08 |  0,00 | 1,050 | 44,35 | 44,35 |  0,00 | 39,160 | 284,60 | 284,60 |  0,00 | 142,960 | 282,89 | 282,89 |  0,00 | 125,128 | 125,43 | 125,43 | 272,135 |   NaN | NaN | 0,00 | 0,00 | NaN
  15 |  0,00 | 36,296 | 730,24 | 730,24 | 738,80 |  0,00 | 1,044 | 44,35 | 44,35 |  0,00 | 33,685 | 277,98 | 277,98 |  0,00 | 80,752 | 282,47 | 282,47 |  0,00 | 125,625 | 125,43 | 125,43 | 269,094 |   NaN | NaN | 0,00 | 0,00 | NaN
  16 |  0,00 | 43,932 | 738,55 | 738,55 | 746,77 |  0,00 | 1,035 | 44,35 | 44,35 |  0,00 | 36,771 | 282,18 | 282,18 |  0,00 | 107,145 | 286,59 | 286,59 |  0,00 | 127,174 | 125,43 | 125,43 | 273,853 |   NaN | NaN | 0,00 | 0,00 | NaN
  17 |  0,00 | 43,631 | 733,97 | 733,97 | 742,73 |  0,00 | 1,048 | 44,35 | 44,35 |  0,00 | 37,479 | 282,06 | 282,06 |  0,00 | 106,235 | 282,13 | 282,13 |  0,00 | 126,980 | 125,43 | 125,43 | 273,492 |   NaN | NaN | 0,00 | 0,00 | NaN
  18 |  0,00 | 31,655 | 732,48 | 732,48 | 741,12 |  0,00 | 1,025 | 44,35 | 44,35 |  0,00 | 20,884 | 280,23 | 280,23 |  0,00 | 86,737 | 282,47 | 282,47 |  0,00 | 75,239 | 125,43 | 125,43 | 201,852 |   NaN | NaN | 0,00 | 0,00 | NaN
  19 |  0,00 | 48,864 | 727,26 | 727,26 | 735,37 |  0,00 | 1,015 | 44,35 | 44,35 |  0,00 | 36,961 | 276,72 | 276,72 |  0,00 | 128,863 | 280,75 | 280,75 |  0,00 | 123,416 | 125,43 | 125,43 | 267,910 |   NaN | NaN | 0,00 | 0,00 | NaN
  20 |  0,00 | 47,466 | 728,18 | 728,18 | 736,51 |  0,00 | 1,011 | 44,35 | 44,35 |  0,00 | 32,997 | 280,99 | 280,99 |  0,00 | 131,517 | 277,40 | 277,40 |  0,00 | 110,205 | 125,43 | 125,43 | 251,787 |   NaN | NaN | 0,00 | 0,00 | NaN
  21 |  0,00 | 35,099 | 724,98 | 724,98 | 733,18 |  0,00 | 1,016 | 44,35 | 44,35 |  0,00 | 34,531 | 278,83 | 278,83 |  0,00 | 76,390 | 276,36 | 276,36 |  0,00 | 124,265 | 125,43 | 125,43 | 265,289 |   NaN | NaN | 0,00 | 0,00 | NaN
  22 |  0,00 | 56,270 | 736,98 | 736,98 | 746,07 |  0,00 | 1,054 | 44,35 | 44,35 |  0,00 | 39,835 | 288,36 | 288,36 |  0,00 | 156,850 | 278,84 | 278,84 |  0,00 | 124,586 | 125,43 | 125,43 | 271,037 |   NaN | NaN | 0,00 | 0,00 | NaN
  23 |  0,00 | 52,697 | 736,37 | 736,37 | 744,74 |  0,00 | 1,036 | 44,35 | 44,35 |  0,00 | 37,811 | 284,27 | 284,27 |  0,00 | 143,516 | 282,32 | 282,32 |  0,00 | 122,618 | 125,43 | 125,43 | 266,645 |   NaN | NaN | 0,00 | 0,00 | NaN
  24 |  0,00 | 46,115 | 733,11 | 733,11 | 741,20 |  0,00 | 0,998 | 44,35 | 44,35 |  0,00 | 38,348 | 281,86 | 281,86 |  0,00 | 115,466 | 281,47 | 281,47 |  0,00 | 127,646 | 125,43 | 125,43 | 274,755 |   NaN | NaN | 0,00 | 0,00 | NaN
  25 |  0,00 | 40,689 | 742,23 | 742,23 | 751,52 |  0,00 | 1,055 | 44,35 | 44,35 |  0,00 | 34,783 | 281,68 | 281,68 |  0,00 | 95,641 | 290,77 | 290,77 |  0,00 | 125,923 | 125,43 | 125,43 | 270,417 |   NaN | NaN | 0,00 | 0,00 | NaN
  26 |  0,00 | 37,201 | 731,00 | 731,00 | 740,09 |  0,00 | 1,052 | 44,35 | 44,35 |  0,00 | 33,995 | 279,74 | 279,74 |  0,00 | 84,307 | 281,47 | 281,47 |  0,00 | 125,330 | 125,43 | 125,43 | 268,120 |   NaN | NaN | 0,00 | 0,00 | NaN
  27 |  0,00 | 25,690 | 726,82 | 726,82 | 735,42 |  0,00 | 0,978 | 44,35 | 44,35 |  0,00 | 17,877 | 281,28 | 281,28 |  0,00 | 68,998 | 275,76 | 275,76 |  0,00 | 66,568 | 125,43 | 125,43 | 185,707 |   NaN | NaN | 0,00 | 0,00 | NaN
  28 |  0,00 | 50,459 | 728,86 | 728,86 | 737,46 |  0,00 | 1,045 | 44,35 | 44,35 |  0,00 | 36,043 | 281,27 | 281,27 |  0,00 | 137,530 | 277,80 | 277,80 |  0,00 | 122,473 | 125,43 | 125,43 | 266,447 |   NaN | NaN | 0,00 | 0,00 | NaN
  29 |  0,00 | 49,011 | 733,84 | 733,84 | 742,11 |  0,00 | 1,024 | 44,35 | 44,35 |  0,00 | 34,608 | 283,20 | 283,20 |  0,00 | 133,208 | 280,85 | 280,85 |  0,00 | 118,628 | 125,43 | 125,43 | 261,914 |   NaN | NaN | 0,00 | 0,00 | NaN
  30 |  0,00 | 37,915 | 724,96 | 724,96 | 734,51 |  0,00 | 1,054 | 44,35 | 44,35 |  0,00 | 26,918 | 277,53 | 277,53 |  0,00 | 102,028 | 277,64 | 277,64 |  0,00 | 95,648 | 125,43 | 125,43 | 233,230 |   NaN | NaN | 0,00 | 0,00 | NaN
  31 |  0,00 | 52,959 | 729,80 | 729,80 | 737,99 |  0,00 | 1,021 | 44,35 | 44,35 |  0,00 | 35,660 | 280,37 | 280,37 |  0,00 | 147,386 | 279,64 | 279,64 |  0,00 | 122,596 | 125,43 | 125,43 | 266,648 |   NaN | NaN | 0,00 | 0,00 | NaN
  32 |  0,00 | 47,995 | 728,57 | 728,57 | 736,88 |  0,00 | 0,978 | 44,35 | 44,35 |  0,00 | 32,768 | 278,54 | 278,54 |  0,00 | 131,832 | 280,25 | 280,25 |  0,00 | 114,991 | 125,43 | 125,43 | 257,602 |   NaN | NaN | 0,00 | 0,00 | NaN
  33 |  0,00 | 46,254 | 728,90 | 728,90 | 737,62 |  0,00 | 1,043 | 44,35 | 44,35 |  0,00 | 30,175 | 277,09 | 277,09 |  0,00 | 128,785 | 282,02 | 282,02 |  0,00 | 106,109 | 125,43 | 125,43 | 246,706 |   NaN | NaN | 0,00 | 0,00 | NaN
  34 |  0,00 | 10,951 | 724,58 | 724,58 | 733,46 |  0,00 | 1,035 | 44,35 | 44,35 |  0,00 | 7,846 | 280,41 | 280,41 |  0,00 | 25,896 | 274,39 | 274,39 |  0,00 | 37,555 | 125,43 | 125,43 | 117,917 |   NaN | NaN | 0,00 | 0,00 | NaN
  35 |  0,00 | 3,309 | 735,77 | 735,77 | 744,84 |  0,00 | 0,984 | 44,35 | 44,35 |  0,00 | 2,531 | 283,32 | 283,32 |  0,00 | 4,756 | 282,66 | 282,66 |  0,00 | 18,099 | 125,43 | 125,43 | 65,459 |   NaN | NaN | 0,00 | 0,00 | NaN
  36 |  0,00 | 21,568 | 727,63 | 727,63 | 736,48 |  0,00 | 1,037 | 44,35 | 44,35 |  0,00 | 14,518 | 275,93 | 275,93 |  0,00 | 56,996 | 281,91 | 281,91 |  0,00 | 56,312 | 125,43 | 125,43 | 164,495 |   NaN | NaN | 0,00 | 0,00 | NaN
  37 |  0,00 | 49,876 | 738,04 | 738,04 | 746,37 |  0,00 | 1,019 | 44,35 | 44,35 |  0,00 | 33,356 | 286,66 | 286,66 |  0,00 | 138,814 | 281,59 | 281,59 |  0,00 | 114,934 | 125,43 | 125,43 | 257,534 |   NaN | NaN | 0,00 | 0,00 | NaN
  38 |  0,00 | 36,293 | 730,31 | 730,31 | 738,82 |  0,00 | 1,011 | 44,35 | 44,35 |  0,00 | 24,453 | 281,38 | 281,38 |  0,00 | 99,303 | 279,14 | 279,14 |  0,00 | 89,507 | 125,43 | 125,43 | 224,530 |   NaN | NaN | 0,00 | 0,00 | NaN
  39 |  0,00 | 44,193 | 726,26 | 726,26 | 735,63 |  0,00 | 1,054 | 44,35 | 44,35 |  0,00 | 31,793 | 279,74 | 279,74 |  0,00 | 120,143 | 276,73 | 276,73 |  0,00 | 107,461 | 125,43 | 125,43 | 248,338 |   NaN | NaN | 0,00 | 0,00 | NaN
  40 |  0,00 | 28,993 | 727,96 | 727,96 | 737,63 |  0,00 | 1,054 | 44,35 | 44,35 |  0,00 | 18,836 | 279,44 | 279,44 |  0,00 | 80,055 | 278,74 | 278,74 |  0,00 | 69,450 | 125,43 | 125,43 | 191,218 |   NaN | NaN | 0,00 | 0,00 | NaN
  41 |  0,00 | 48,217 | 737,20 | 737,20 | 745,60 |  0,00 | 1,037 | 44,35 | 44,35 |  0,00 | 34,105 | 281,49 | 281,49 |  0,00 | 128,373 | 285,93 | 285,93 |  0,00 | 121,238 | 125,43 | 125,43 | 264,993 |   NaN | NaN | 0,00 | 0,00 | NaN
  42 |  0,00 | 48,856 | 735,58 | 735,58 | 743,83 |  0,00 | 0,983 | 44,35 | 44,35 |  0,00 | 33,905 | 281,71 | 281,71 |  0,00 | 132,300 | 284,09 | 284,09 |  0,00 | 118,603 | 125,43 | 125,43 | 261,858 |   NaN | NaN | 0,00 | 0,00 | NaN
  43 |  0,00 | 48,085 | 735,89 | 735,89 | 745,14 |  0,00 | 1,061 | 44,35 | 44,35 |  0,00 | 32,984 | 281,52 | 281,52 |  0,00 | 132,393 | 284,59 | 284,59 |  0,00 | 107,665 | 125,43 | 125,43 | 248,614 |   NaN | NaN | 0,00 | 0,00 | NaN
  44 |  0,00 | 52,768 | 738,00 | 738,00 | 746,14 |  0,00 | 0,973 | 44,35 | 44,35 |  0,00 | 39,739 | 282,58 | 282,58 |  0,00 | 140,992 | 285,64 | 285,64 |  0,00 | 121,846 | 125,43 | 125,43 | 265,686 |   NaN | NaN | 0,00 | 0,00 | NaN
  45 |  0,00 | 50,493 | 736,23 | 736,23 | 745,71 |  0,00 | 1,058 | 44,35 | 44,35 |  0,00 | 33,239 | 288,20 | 288,20 |  0,00 | 141,512 | 278,24 | 278,24 |  0,00 | 119,293 | 125,43 | 125,43 | 262,720 |   NaN | NaN | 0,00 | 0,00 | NaN
  46 |  0,00 | 44,546 | 729,89 | 729,89 | 738,23 |  0,00 | 0,997 | 44,35 | 44,35 |  0,00 | 32,051 | 277,21 | 277,21 |  0,00 | 119,012 | 282,89 | 282,89 |  0,00 | 110,117 | 125,43 | 125,43 | 251,649 |   NaN | NaN | 0,00 | 0,00 | NaN
  47 |  0,00 | 47,733 | 724,10 | 724,10 | 732,25 |  0,00 | 0,995 | 44,35 | 44,35 |  0,00 | 31,901 | 280,00 | 280,00 |  0,00 | 131,573 | 274,32 | 274,32 |  0,00 | 122,754 | 125,43 | 125,43 | 266,827 |   NaN | NaN | 0,00 | 0,00 | NaN
  48 |  0,00 | 47,368 | 726,98 | 726,98 | 735,19 |  0,00 | 1,024 | 44,35 | 44,35 |  0,00 | 35,044 | 278,13 | 278,13 |  0,00 | 125,632 | 279,07 | 279,07 |  0,00 | 121,872 | 125,43 | 125,43 | 265,749 |   NaN | NaN | 0,00 | 0,00 | NaN
  49 |  0,00 | 48,205 | 724,93 | 724,93 | 733,27 |  0,00 | 1,037 | 44,35 | 44,35 |  0,00 | 34,411 | 277,26 | 277,26 |  0,00 | 129,701 | 277,89 | 277,89 |  0,00 | 122,750 | 125,43 | 125,43 | 266,816 |   NaN | NaN | 0,00 | 0,00 | NaN
  50 |  0,00 | 43,192 | 729,03 | 729,03 | 737,37 |  0,00 | 0,991 | 44,35 | 44,35 |  0,00 | 29,864 | 281,66 | 281,66 |  0,00 | 117,939 | 277,58 | 277,58 |  0,00 | 107,573 | 125,43 | 125,43 | 248,468 |   NaN | NaN | 0,00 | 0,00 | NaN
  51 |  0,00 | 46,253 | 727,86 | 727,86 | 736,06 |  0,00 | 0,989 | 44,35 | 44,35 |  0,00 | 34,947 | 278,11 | 278,11 |  0,00 | 121,283 | 279,97 | 279,97 |  0,00 | 120,850 | 125,43 | 125,43 | 264,533 |   NaN | NaN | 0,00 | 0,00 | NaN
  52 |  0,00 | 50,879 | 730,31 | 730,31 | 738,54 |  0,00 | 1,015 | 44,35 | 44,35 |  0,00 | 33,805 | 277,52 | 277,52 |  0,00 | 140,130 | 283,01 | 283,01 |  0,00 | 120,153 | 125,43 | 125,43 | 263,757 |   NaN | NaN | 0,00 | 0,00 | NaN
  53 |  0,00 | 47,263 | 732,80 | 732,80 | 741,12 |  0,00 | 1,003 | 44,35 | 44,35 |  0,00 | 33,703 | 280,20 | 280,20 |  0,00 | 127,567 | 282,82 | 282,82 |  0,00 | 113,788 | 125,43 | 125,43 | 256,173 |   NaN | NaN | 0,00 | 0,00 | NaN
  54 |  0,00 | 50,527 | 725,78 | 725,78 | 734,01 |  0,00 | 1,005 | 44,35 | 44,35 |  0,00 | 34,003 | 281,03 | 281,03 |  0,00 | 141,636 | 274,97 | 274,97 |  0,00 | 119,239 | 125,43 | 125,43 | 262,627 |   NaN | NaN | 0,00 | 0,00 | NaN
  55 |  0,00 | 38,043 | 729,93 | 729,93 | 738,43 |  0,00 | 0,990 | 44,35 | 44,35 |  0,00 | 25,587 | 278,83 | 278,83 |  0,00 | 104,782 | 281,31 | 281,31 |  0,00 | 89,043 | 125,43 | 125,43 | 223,936 |   NaN | NaN | 0,00 | 0,00 | NaN
  56 |  0,00 | 49,830 | 727,01 | 727,01 | 735,19 |  0,00 | 0,996 | 44,35 | 44,35 |  0,00 | 36,550 | 280,51 | 280,51 |  0,00 | 135,022 | 276,72 | 276,72 |  0,00 | 121,616 | 125,43 | 125,43 | 265,481 |   NaN | NaN | 0,00 | 0,00 | NaN
  57 |  0,00 | 51,809 | 729,12 | 729,12 | 737,25 |  0,00 | 0,993 | 44,35 | 44,35 |  0,00 | 35,028 | 278,48 | 278,48 |  0,00 | 142,940 | 280,85 | 280,85 |  0,00 | 122,592 | 125,43 | 125,43 | 266,610 |   NaN | NaN | 0,00 | 0,00 | NaN
  58 |  0,00 | 50,090 | 731,95 | 731,95 | 740,14 |  0,00 | 1,022 | 44,35 | 44,35 |  0,00 | 33,806 | 281,25 | 281,25 |  0,00 | 137,365 | 280,91 | 280,91 |  0,00 | 122,504 | 125,43 | 125,43 | 266,507 |   NaN | NaN | 0,00 | 0,00 | NaN
  59 |  0,00 | 16,104 | 735,57 | 735,57 | 744,57 |  0,00 | 1,041 | 44,35 | 44,35 |  0,00 | 10,506 | 279,79 | 279,79 |  0,00 | 41,390 | 286,00 | 286,00 |  0,00 | 45,092 | 125,43 | 125,43 | 136,876 |   NaN | NaN | 0,00 | 0,00 | NaN
  60 |  0,00 | 47,309 | 731,14 | 731,14 | 739,33 |  0,00 | 0,976 | 44,35 | 44,35 |  0,00 | 33,925 | 281,61 | 281,61 |  0,00 | 126,714 | 279,75 | 279,75 |  0,00 | 121,239 | 125,43 | 125,43 | 264,970 |   NaN | NaN | 0,00 | 0,00 | NaN
  61 |  0,00 | 46,673 | 735,96 | 735,96 | 744,27 |  0,00 | 0,998 | 44,35 | 44,35 |  0,00 | 33,080 | 283,43 | 283,43 |  0,00 | 126,301 | 282,74 | 282,74 |  0,00 | 112,362 | 125,43 | 125,43 | 254,483 |   NaN | NaN | 0,00 | 0,00 | NaN
  62 |  0,00 | 50,395 | 732,27 | 732,27 | 741,87 |  0,00 | 1,060 | 44,35 | 44,35 |  0,00 | 35,437 | 280,45 | 280,45 |  0,00 | 136,609 | 282,03 | 282,03 |  0,00 | 121,895 | 125,43 | 125,43 | 265,791 |   NaN | NaN | 0,00 | 0,00 | NaN
  63 |  0,00 | 38,643 | 734,03 | 734,03 | 742,47 |  0,00 | 1,015 | 44,35 | 44,35 |  0,00 | 28,330 | 284,17 | 284,17 |  0,00 | 103,333 | 280,08 | 280,08 |  0,00 | 95,494 | 125,43 | 125,43 | 233,004 |   NaN | NaN | 0,00 | 0,00 | NaN
  64 |  0,00 | 54,315 | 725,79 | 725,79 | 735,38 |  0,00 | 1,058 | 44,35 | 44,35 |  0,00 | 37,495 | 279,66 | 279,66 |  0,00 | 152,860 | 276,35 | 276,35 |  0,00 | 119,312 | 125,43 | 125,43 | 262,744 |   NaN | NaN | 0,00 | 0,00 | NaN

= = = = = = = = = = = = AVERAGE RESULTS system = = = = = = = = = = = =
meanPLR_system | 0,000000 
meanDelay_system | 43,084307 
meanLoad_system | 731,667007 
meanTHR_system | 731,667007 
meanGate_system | 740,222582 

meanPLR_EF_system | 0,000000 
meanPLR_AF_system | 0,000000 
meanPLR_BE_system | 0,000000 
meanPLR_FLA_system | 0,000000 
meanPLR_FLB_system | NaN 

meanTHR_EF_system | 44,352005 
meanTHR_AF_system | 281,155951 
meanTHR_BE_system | 280,726179 
meanTHR_FLA_system | 128,807860 
meanTHR_FLB_system | 0,000000 

meanLoad_EF_system | 44,352005 
meanLoad_AF_system | 281,155951 
meanLoad_BE_system | 280,726179 
meanLoad_FLA_system | 128,807860 
meanLoad_FLB_system | 0,000000 

meanDELAY_EF_system | 1,019872 
meanDELAY_AF_system | 32,122799 
meanDELAY_BE_system | 113,374528 
meanDELAY_FLA_system | 111,649828 
meanDELAY_FLB_system | NaN 
meanDELAY_CompleteFLA_system | 250,026127 
meanDELAY_CompleteFLB_system | NaN 

= = = = = = = = = = = = AVERAGE RESULTS = = = = = = = = = = = =
Packet Loss Ratio: 00,00 (%)
PROCESSED PACKAGES: 1303521707 
DISCARTED PACKAGES: 0 
TOTAL PACKAGES: 1303521707 
AVERAGE DELAY: 7664,74 (ms) 
AVERAGE THROUGHPUT: 731,67 (Mbps) 
GRANTED THROUGHPUT: 47374,25 (Mbps) By 64 ONUs
EFFECTIVE THROUGHPUT: 46826,69 (Mbps) By 64 ONUs
TOTAL LOAD: 46826,69 (Mbps) By 64 ONUs
ON Arrival THROUGHPUT: 0,00 (Mbps) By 64 ONUs
FINISHTIMEFL: 111,496301 
FINISHTIME: 114,496301 


fileName | IPACT_STRICTPRIORITY_1_68_75_0 
