
ONU ID 	|  PLR(%) | Delay(ms) | Throughput(Mbps) | Granted Throughput(Mbps) | Total Load (Mbps) 

  ID |  PLR(%) |  D  | Thr |  Gates  |  Load  | PLR-EF | D-EF | ThrEF | LoadEF | PLR-AF | D-AF | ThrAF | LoadAF | PLR-BE | D-BE | ThrBE | LoadBE | PLR-FA | D-FA | ThrFA | LoadFA | DTFA |  PLR-FB | D-FB | ThrFB | LoadFB | DTFB | 
   1 |  0,00 | 0,757 | 643,11 | 643,11 | 671,89 |  0,00 | 0,230 | 44,35 | 44,35 |  0,00 | 0,546 | 285,11 | 285,11 |  0,00 | 0,725 | 277,63 | 277,63 |  0,00 | 18,278 | 36,02 | 36,02 | 58,690 |   NaN | NaN | 0,00 | 0,00 | NaN
   2 |  0,00 | 2,556 | 645,44 | 645,44 | 677,40 |  0,00 | 0,242 | 44,35 | 44,35 |  0,00 | 0,269 | 284,98 | 284,98 |  0,00 | 0,309 | 280,09 | 280,09 |  0,00 | 130,651 | 36,02 | 36,02 | 280,157 |   NaN | NaN | 0,00 | 0,00 | NaN
   3 |  0,00 | 2,374 | 640,49 | 640,49 | 667,12 |  0,00 | 0,178 | 44,35 | 44,35 |  0,00 | 0,197 | 280,57 | 280,57 |  0,00 | 0,382 | 279,55 | 279,55 |  0,00 | 121,422 | 36,02 | 36,02 | 253,113 |   NaN | NaN | 0,00 | 0,00 | NaN
   4 |  0,00 | 0,680 | 647,30 | 647,30 | 674,16 |  0,00 | 0,184 | 44,35 | 44,35 |  0,00 | 0,447 | 285,29 | 285,29 |  0,00 | 0,693 | 281,63 | 281,63 |  0,00 | 17,052 | 36,02 | 36,02 | 54,982 |   NaN | NaN | 0,00 | 0,00 | NaN
   5 |  0,00 | 3,891 | 641,74 | 641,74 | 668,59 |  0,00 | 0,209 | 44,35 | 44,35 |  0,00 | 0,217 | 280,95 | 280,95 |  0,00 | 0,344 | 280,42 | 280,42 |  0,00 | 207,047 | 36,02 | 36,02 | 395,619 |   NaN | NaN | 0,00 | 0,00 | NaN
   6 |  0,00 | 2,485 | 645,54 | 645,54 | 672,13 |  0,00 | 0,158 | 44,35 | 44,35 |  0,00 | 0,183 | 282,93 | 282,93 |  0,00 | 0,424 | 282,23 | 282,23 |  0,00 | 128,371 | 36,02 | 36,02 | 283,670 |   NaN | NaN | 0,00 | 0,00 | NaN
   7 |  0,00 | 1,120 | 644,33 | 644,33 | 670,93 |  0,00 | 0,176 | 44,35 | 44,35 |  0,00 | 0,206 | 282,88 | 282,88 |  0,00 | 0,397 | 281,08 | 281,08 |  0,00 | 50,178 | 36,02 | 36,02 | 122,186 |   NaN | NaN | 0,00 | 0,00 | NaN
   8 |  0,00 | 2,507 | 644,07 | 644,07 | 672,09 |  0,00 | 0,226 | 44,35 | 44,35 |  0,00 | 0,246 | 280,72 | 280,72 |  0,00 | 0,339 | 282,98 | 282,98 |  0,00 | 127,955 | 36,02 | 36,02 | 281,300 |   NaN | NaN | 0,00 | 0,00 | NaN
   9 |  0,00 | 1,419 | 645,93 | 645,93 | 672,55 |  0,00 | 0,166 | 44,35 | 44,35 |  0,00 | 0,173 | 282,50 | 282,50 |  0,00 | 0,393 | 283,05 | 283,05 |  0,00 | 68,106 | 36,02 | 36,02 | 155,697 |   NaN | NaN | 0,00 | 0,00 | NaN
  10 |  0,00 | 0,780 | 641,92 | 641,92 | 670,19 |  0,00 | 0,227 | 44,35 | 44,35 |  0,00 | 0,563 | 281,32 | 281,32 |  0,00 | 0,717 | 280,23 | 280,23 |  0,00 | 19,506 | 36,02 | 36,02 | 59,237 |   NaN | NaN | 0,00 | 0,00 | NaN
  11 |  0,00 | 9,307 | 640,66 | 640,66 | 667,26 |  0,00 | 0,167 | 44,35 | 44,35 |  0,00 | 0,291 | 278,26 | 278,26 |  0,00 | 0,612 | 282,03 | 282,03 |  0,00 | 510,035 | 36,02 | 36,02 | 1049,640 |   NaN | NaN | 0,00 | 0,00 | NaN
  12 |  0,00 | 2,523 | 643,08 | 643,08 | 671,51 |  0,00 | 0,229 | 44,35 | 44,35 |  0,00 | 0,237 | 281,35 | 281,35 |  0,00 | 0,311 | 281,36 | 281,36 |  0,00 | 129,244 | 36,02 | 36,02 | 284,447 |   NaN | NaN | 0,00 | 0,00 | NaN
  13 |  0,00 | 2,531 | 637,29 | 637,29 | 663,97 |  0,00 | 0,194 | 44,35 | 44,35 |  0,00 | 0,206 | 279,81 | 279,81 |  0,00 | 0,364 | 277,11 | 277,11 |  0,00 | 129,656 | 36,02 | 36,02 | 277,604 |   NaN | NaN | 0,00 | 0,00 | NaN
  14 |  0,00 | 3,632 | 644,29 | 644,29 | 674,08 |  0,00 | 0,235 | 44,35 | 44,35 |  0,00 | 0,248 | 282,02 | 282,02 |  0,00 | 0,312 | 281,90 | 281,90 |  0,00 | 192,175 | 36,02 | 36,02 | 375,331 |   NaN | NaN | 0,00 | 0,00 | NaN
  15 |  0,00 | 1,114 | 640,56 | 640,56 | 669,04 |  0,00 | 0,229 | 44,35 | 44,35 |  0,00 | 0,236 | 276,95 | 276,95 |  0,00 | 0,331 | 283,24 | 283,24 |  0,00 | 48,829 | 36,02 | 36,02 | 122,771 |   NaN | NaN | 0,00 | 0,00 | NaN
  16 |  0,00 | 1,727 | 649,99 | 649,99 | 677,26 |  0,00 | 0,220 | 44,35 | 44,35 |  0,00 | 0,240 | 282,61 | 282,61 |  0,00 | 0,331 | 287,00 | 287,00 |  0,00 | 84,444 | 36,02 | 36,02 | 192,001 |   NaN | NaN | 0,00 | 0,00 | NaN
  17 |  0,00 | 1,675 | 645,39 | 645,39 | 674,71 |  0,00 | 0,233 | 44,35 | 44,35 |  0,00 | 0,242 | 283,52 | 283,52 |  0,00 | 0,309 | 281,50 | 281,50 |  0,00 | 81,104 | 36,02 | 36,02 | 181,757 |   NaN | NaN | 0,00 | 0,00 | NaN
  18 |  0,00 | 7,073 | 640,19 | 640,19 | 666,97 |  0,00 | 0,210 | 44,35 | 44,35 |  0,00 | 0,254 | 279,83 | 279,83 |  0,00 | 0,401 | 279,99 | 279,99 |  0,00 | 385,786 | 36,02 | 36,02 | 938,895 |   NaN | NaN | 0,00 | 0,00 | NaN
  19 |  0,00 | 7,791 | 635,45 | 635,45 | 662,11 |  0,00 | 0,201 | 44,35 | 44,35 |  0,00 | 0,273 | 276,81 | 276,81 |  0,00 | 0,453 | 278,26 | 278,26 |  0,00 | 423,777 | 36,02 | 36,02 | 757,882 |   NaN | NaN | 0,00 | 0,00 | NaN
  20 |  0,00 | 8,940 | 639,00 | 639,00 | 665,64 |  0,00 | 0,196 | 44,35 | 44,35 |  0,00 | 0,258 | 281,95 | 281,95 |  0,00 | 0,444 | 276,68 | 276,68 |  0,00 | 490,762 | 36,02 | 36,02 | 1048,007 |   NaN | NaN | 0,00 | 0,00 | NaN
  21 |  0,00 | 0,731 | 633,35 | 633,35 | 660,03 |  0,00 | 0,201 | 44,35 | 44,35 |  0,00 | 0,216 | 277,45 | 277,45 |  0,00 | 0,378 | 275,54 | 275,54 |  0,00 | 27,289 | 36,02 | 36,02 | 75,332 |   NaN | NaN | 0,00 | 0,00 | NaN
  22 |  0,00 | 4,676 | 647,43 | 647,43 | 678,57 |  0,00 | 0,239 | 44,35 | 44,35 |  0,00 | 0,247 | 286,57 | 286,57 |  0,00 | 0,312 | 280,49 | 280,49 |  0,00 | 252,166 | 36,02 | 36,02 | 459,878 |   NaN | NaN | 0,00 | 0,00 | NaN
  23 |  0,00 | 9,376 | 643,33 | 643,33 | 670,74 |  0,00 | 0,221 | 44,35 | 44,35 |  0,00 | 0,430 | 281,57 | 281,57 |  0,00 | 0,572 | 281,38 | 281,38 |  0,00 | 512,284 | 36,02 | 36,02 | 971,174 |   NaN | NaN | 0,00 | 0,00 | NaN
  24 |  0,00 | 2,537 | 646,09 | 646,09 | 672,73 |  0,00 | 0,183 | 44,35 | 44,35 |  0,00 | 0,206 | 281,22 | 281,22 |  0,00 | 0,381 | 284,50 | 284,50 |  0,00 | 131,014 | 36,02 | 36,02 | 282,614 |   NaN | NaN | 0,00 | 0,00 | NaN
  25 |  0,00 | 1,107 | 647,69 | 647,69 | 679,23 |  0,00 | 0,240 | 44,35 | 44,35 |  0,00 | 0,254 | 280,82 | 280,82 |  0,00 | 0,303 | 286,49 | 286,49 |  0,00 | 48,548 | 36,02 | 36,02 | 119,532 |   NaN | NaN | 0,00 | 0,00 | NaN
  26 |  0,00 | 1,150 | 640,26 | 640,26 | 670,68 |  0,00 | 0,237 | 44,35 | 44,35 |  0,00 | 0,286 | 280,73 | 280,73 |  0,00 | 0,342 | 279,16 | 279,16 |  0,00 | 49,715 | 36,02 | 36,02 | 117,218 |   NaN | NaN | 0,00 | 0,00 | NaN
  27 |  0,00 | 6,561 | 640,79 | 640,79 | 667,41 |  0,00 | 0,163 | 44,35 | 44,35 |  0,00 | 0,195 | 282,54 | 282,54 |  0,00 | 0,412 | 277,88 | 277,88 |  0,00 | 358,893 | 36,02 | 36,02 | 891,790 |   NaN | NaN | 0,00 | 0,00 | NaN
  28 |  0,00 | 9,589 | 637,29 | 637,29 | 665,86 |  0,00 | 0,230 | 44,35 | 44,35 |  0,00 | 0,405 | 281,21 | 281,21 |  0,00 | 0,961 | 275,71 | 275,71 |  0,00 | 516,081 | 36,02 | 36,02 | 982,622 |   NaN | NaN | 0,00 | 0,00 | NaN
  29 |  0,00 | 9,458 | 644,52 | 644,52 | 671,31 |  0,00 | 0,209 | 44,35 | 44,35 |  0,00 | 0,333 | 281,92 | 281,92 |  0,00 | 0,574 | 282,23 | 282,23 |  0,00 | 519,252 | 36,02 | 36,02 | 1038,823 |   NaN | NaN | 0,00 | 0,00 | NaN
  30 |  0,00 | 8,092 | 640,63 | 640,63 | 671,87 |  0,00 | 0,239 | 44,35 | 44,35 |  0,00 | 0,267 | 279,56 | 279,56 |  0,00 | 0,330 | 280,70 | 280,70 |  0,00 | 443,713 | 36,02 | 36,02 | 1014,509 |   NaN | NaN | 0,00 | 0,00 | NaN
  31 |  0,00 | 9,479 | 640,70 | 640,70 | 667,49 |  0,00 | 0,206 | 44,35 | 44,35 |  0,00 | 0,482 | 281,98 | 281,98 |  0,00 | 0,657 | 278,35 | 278,35 |  0,00 | 515,377 | 36,02 | 36,02 | 980,592 |   NaN | NaN | 0,00 | 0,00 | NaN
  32 |  0,00 | 9,302 | 644,81 | 644,81 | 671,41 |  0,00 | 0,163 | 44,35 | 44,35 |  0,00 | 0,327 | 281,69 | 281,69 |  0,00 | 0,874 | 282,75 | 282,75 |  0,00 | 507,383 | 36,02 | 36,02 | 1049,769 |   NaN | NaN | 0,00 | 0,00 | NaN
  33 |  0,00 | 8,776 | 640,75 | 640,75 | 668,98 |  0,00 | 0,228 | 44,35 | 44,35 |  0,00 | 0,394 | 279,73 | 279,73 |  0,00 | 0,653 | 280,65 | 280,65 |  0,00 | 476,270 | 36,02 | 36,02 | 1040,779 |   NaN | NaN | 0,00 | 0,00 | NaN
  34 |  0,00 | 5,548 | 640,57 | 640,57 | 667,74 |  0,00 | 0,219 | 44,35 | 44,35 |  0,00 | 0,235 | 281,07 | 281,07 |  0,00 | 0,342 | 279,12 | 279,12 |  0,00 | 300,284 | 36,02 | 36,02 | 745,974 |   NaN | NaN | 0,00 | 0,00 | NaN
  35 |  0,00 | 4,844 | 647,57 | 647,57 | 674,19 |  0,00 | 0,168 | 44,35 | 44,35 |  0,00 | 0,180 | 283,23 | 283,23 |  0,00 | 0,381 | 283,98 | 283,98 |  0,00 | 263,613 | 36,02 | 36,02 | 610,422 |   NaN | NaN | 0,00 | 0,00 | NaN
  36 |  0,00 | 6,125 | 641,43 | 641,43 | 668,85 |  0,00 | 0,222 | 44,35 | 44,35 |  0,00 | 0,266 | 278,02 | 278,02 |  0,00 | 0,357 | 283,04 | 283,04 |  0,00 | 332,567 | 36,02 | 36,02 | 837,575 |   NaN | NaN | 0,00 | 0,00 | NaN
  37 |  0,00 | 9,223 | 647,37 | 647,37 | 674,05 |  0,00 | 0,204 | 44,35 | 44,35 |  0,00 | 0,345 | 285,32 | 285,32 |  0,00 | 0,500 | 281,67 | 281,67 |  0,00 | 508,225 | 36,02 | 36,02 | 1051,479 |   NaN | NaN | 0,00 | 0,00 | NaN
  38 |  0,00 | 7,725 | 646,19 | 646,19 | 672,83 |  0,00 | 0,196 | 44,35 | 44,35 |  0,00 | 0,207 | 282,92 | 282,92 |  0,00 | 0,360 | 282,90 | 282,90 |  0,00 | 426,632 | 36,02 | 36,02 | 995,797 |   NaN | NaN | 0,00 | 0,00 | NaN
  39 |  0,00 | 8,845 | 633,61 | 633,61 | 664,82 |  0,00 | 0,239 | 44,35 | 44,35 |  0,00 | 0,250 | 277,57 | 277,57 |  0,00 | 0,369 | 275,67 | 275,67 |  0,00 | 482,923 | 36,02 | 36,02 | 1043,981 |   NaN | NaN | 0,00 | 0,00 | NaN
  40 |  0,00 | 6,718 | 637,10 | 637,10 | 668,23 |  0,00 | 0,239 | 44,35 | 44,35 |  0,00 | 0,264 | 281,37 | 281,37 |  0,00 | 0,359 | 275,35 | 275,35 |  0,00 | 364,293 | 36,02 | 36,02 | 901,764 |   NaN | NaN | 0,00 | 0,00 | NaN
  41 |  0,00 | 9,533 | 645,96 | 645,96 | 673,52 |  0,00 | 0,222 | 44,35 | 44,35 |  0,00 | 0,365 | 278,60 | 278,60 |  0,00 | 0,591 | 286,98 | 286,98 |  0,00 | 523,084 | 36,02 | 36,02 | 1017,306 |   NaN | NaN | 0,00 | 0,00 | NaN
  42 |  0,00 | 9,415 | 647,98 | 647,98 | 674,63 |  0,00 | 0,168 | 44,35 | 44,35 |  0,00 | 0,266 | 283,53 | 283,53 |  0,00 | 0,670 | 284,08 | 284,08 |  0,00 | 519,004 | 36,02 | 36,02 | 1039,629 |   NaN | NaN | 0,00 | 0,00 | NaN
  43 |  0,00 | 8,683 | 651,30 | 651,30 | 682,05 |  0,00 | 0,246 | 44,35 | 44,35 |  0,00 | 0,274 | 286,15 | 286,15 |  0,00 | 0,371 | 284,78 | 284,78 |  0,00 | 481,006 | 36,02 | 36,02 | 1043,234 |   NaN | NaN | 0,00 | 0,00 | NaN
  44 |  0,00 | 9,640 | 645,32 | 645,32 | 671,92 |  0,00 | 0,158 | 44,35 | 44,35 |  0,00 | 0,532 | 280,73 | 280,73 |  0,00 | 0,996 | 284,22 | 284,22 |  0,00 | 522,135 | 36,02 | 36,02 | 1008,427 |   NaN | NaN | 0,00 | 0,00 | NaN
  45 |  0,00 | 9,562 | 640,71 | 640,71 | 673,18 |  0,00 | 0,243 | 44,35 | 44,35 |  0,00 | 0,360 | 283,78 | 283,78 |  0,00 | 0,600 | 276,55 | 276,55 |  0,00 | 521,746 | 36,02 | 36,02 | 1034,268 |   NaN | NaN | 0,00 | 0,00 | NaN
  46 |  0,00 | 8,965 | 642,04 | 642,04 | 668,69 |  0,00 | 0,182 | 44,35 | 44,35 |  0,00 | 0,231 | 279,27 | 279,27 |  0,00 | 0,441 | 282,40 | 282,40 |  0,00 | 494,206 | 36,02 | 36,02 | 1048,337 |   NaN | NaN | 0,00 | 0,00 | NaN
  47 |  0,00 | 9,331 | 640,76 | 640,76 | 667,36 |  0,00 | 0,180 | 44,35 | 44,35 |  0,00 | 0,395 | 282,37 | 282,37 |  0,00 | 0,687 | 278,02 | 278,02 |  0,00 | 508,581 | 36,02 | 36,02 | 959,929 |   NaN | NaN | 0,00 | 0,00 | NaN
  48 |  0,00 | 9,500 | 640,11 | 640,11 | 666,94 |  0,00 | 0,209 | 44,35 | 44,35 |  0,00 | 0,261 | 279,61 | 279,61 |  0,00 | 0,531 | 280,13 | 280,13 |  0,00 | 521,264 | 36,02 | 36,02 | 1004,579 |   NaN | NaN | 0,00 | 0,00 | NaN
  49 |  0,00 | 9,381 | 640,84 | 640,84 | 668,26 |  0,00 | 0,222 | 44,35 | 44,35 |  0,00 | 0,389 | 281,79 | 281,79 |  0,00 | 0,701 | 278,68 | 278,68 |  0,00 | 510,237 | 36,02 | 36,02 | 963,942 |   NaN | NaN | 0,00 | 0,00 | NaN
  50 |  0,00 | 8,763 | 644,68 | 644,68 | 671,33 |  0,00 | 0,176 | 44,35 | 44,35 |  0,00 | 0,204 | 283,73 | 283,73 |  0,00 | 0,396 | 280,58 | 280,58 |  0,00 | 485,328 | 36,02 | 36,02 | 1043,426 |   NaN | NaN | 0,00 | 0,00 | NaN
  51 |  0,00 | 9,596 | 643,50 | 643,50 | 670,13 |  0,00 | 0,174 | 44,35 | 44,35 |  0,00 | 0,543 | 280,76 | 280,76 |  0,00 | 0,742 | 282,37 | 282,37 |  0,00 | 522,026 | 36,02 | 36,02 | 1014,373 |   NaN | NaN | 0,00 | 0,00 | NaN
  52 |  0,00 | 9,666 | 642,86 | 642,86 | 669,55 |  0,00 | 0,200 | 44,35 | 44,35 |  0,00 | 0,471 | 277,96 | 277,96 |  0,00 | 0,959 | 284,53 | 284,53 |  0,00 | 522,784 | 36,02 | 36,02 | 1030,268 |   NaN | NaN | 0,00 | 0,00 | NaN
  53 |  0,00 | 9,129 | 643,81 | 643,81 | 670,47 |  0,00 | 0,188 | 44,35 | 44,35 |  0,00 | 0,275 | 283,15 | 283,15 |  0,00 | 0,410 | 280,29 | 280,29 |  0,00 | 504,054 | 36,02 | 36,02 | 1050,045 |   NaN | NaN | 0,00 | 0,00 | NaN
  54 |  0,00 | 9,538 | 638,77 | 638,77 | 665,42 |  0,00 | 0,190 | 44,35 | 44,35 |  0,00 | 0,314 | 281,59 | 281,59 |  0,00 | 0,622 | 276,82 | 276,82 |  0,00 | 521,121 | 36,02 | 36,02 | 1037,106 |   NaN | NaN | 0,00 | 0,00 | NaN
  55 |  0,00 | 7,686 | 639,50 | 639,50 | 666,12 |  0,00 | 0,175 | 44,35 | 44,35 |  0,00 | 0,195 | 278,07 | 278,07 |  0,00 | 0,391 | 281,05 | 281,05 |  0,00 | 422,067 | 36,02 | 36,02 | 991,306 |   NaN | NaN | 0,00 | 0,00 | NaN
  56 |  0,00 | 9,613 | 639,35 | 639,35 | 665,98 |  0,00 | 0,181 | 44,35 | 44,35 |  0,00 | 0,387 | 279,19 | 279,19 |  0,00 | 0,741 | 279,79 | 279,79 |  0,00 | 523,024 | 36,02 | 36,02 | 1013,455 |   NaN | NaN | 0,00 | 0,00 | NaN
  57 |  0,00 | 9,412 | 642,08 | 642,08 | 668,74 |  0,00 | 0,178 | 44,35 | 44,35 |  0,00 | 0,279 | 280,35 | 280,35 |  0,00 | 0,684 | 281,36 | 281,36 |  0,00 | 515,436 | 36,02 | 36,02 | 980,638 |   NaN | NaN | 0,00 | 0,00 | NaN
  58 |  0,00 | 9,599 | 643,29 | 643,29 | 670,05 |  0,00 | 0,207 | 44,35 | 44,35 |  0,00 | 0,624 | 281,48 | 281,48 |  0,00 | 0,955 | 281,43 | 281,43 |  0,00 | 516,894 | 36,02 | 36,02 | 985,144 |   NaN | NaN | 0,00 | 0,00 | NaN
  59 |  0,00 | 5,723 | 646,82 | 646,82 | 674,70 |  0,00 | 0,226 | 44,35 | 44,35 |  0,00 | 0,231 | 280,75 | 280,75 |  0,00 | 0,325 | 285,70 | 285,70 |  0,00 | 312,148 | 36,02 | 36,02 | 784,485 |   NaN | NaN | 0,00 | 0,00 | NaN
  60 |  0,00 | 9,633 | 642,38 | 642,38 | 669,00 |  0,00 | 0,161 | 44,35 | 44,35 |  0,00 | 0,527 | 280,86 | 280,86 |  0,00 | 0,831 | 281,16 | 281,16 |  0,00 | 522,868 | 36,02 | 36,02 | 1018,051 |   NaN | NaN | 0,00 | 0,00 | NaN
  61 |  0,00 | 9,046 | 646,44 | 646,44 | 673,08 |  0,00 | 0,183 | 44,35 | 44,35 |  0,00 | 0,266 | 283,00 | 283,00 |  0,00 | 0,507 | 283,07 | 283,07 |  0,00 | 499,308 | 36,02 | 36,02 | 1050,628 |   NaN | NaN | 0,00 | 0,00 | NaN
  62 |  0,00 | 9,470 | 646,24 | 646,24 | 679,26 |  0,00 | 0,245 | 44,35 | 44,35 |  0,00 | 0,389 | 283,25 | 283,25 |  0,00 | 0,479 | 282,62 | 282,62 |  0,00 | 520,383 | 36,02 | 36,02 | 1004,392 |   NaN | NaN | 0,00 | 0,00 | NaN
  63 |  0,00 | 8,158 | 643,47 | 643,47 | 670,17 |  0,00 | 0,200 | 44,35 | 44,35 |  0,00 | 0,239 | 282,99 | 282,99 |  0,00 | 0,382 | 280,11 | 280,11 |  0,00 | 449,303 | 36,02 | 36,02 | 1018,201 |   NaN | NaN | 0,00 | 0,00 | NaN
  64 |  0,00 | 9,701 | 639,40 | 639,40 | 672,11 |  0,00 | 0,243 | 44,35 | 44,35 |  0,00 | 0,510 | 280,19 | 280,19 |  0,00 | 0,999 | 278,84 | 278,84 |  0,00 | 520,956 | 36,02 | 36,02 | 1038,015 |   NaN | NaN | 0,00 | 0,00 | NaN

= = = = = = = = = = = = AVERAGE RESULTS system = = = = = = = = = = = =
meanPLR_system | 0,000000 
meanDelay_system | 6,460744 
meanLoad_system | 642,731997 
meanTHR_system | 642,731997 
meanGate_system | 670,613636 

meanPLR_EF_system | 0,000000 
meanPLR_AF_system | 0,000000 
meanPLR_BE_system | 0,000000 
meanPLR_FLA_system | 0,000000 
meanPLR_FLB_system | NaN 

meanTHR_EF_system | 44,352003 
meanTHR_AF_system | 281,406556 
meanTHR_BE_system | 280,953841 
meanTHR_FLA_system | 36,644560 
meanTHR_FLB_system | 0,000000 

meanLoad_EF_system | 44,352003 
meanLoad_AF_system | 281,406556 
meanLoad_BE_system | 280,953841 
meanLoad_FLA_system | 36,644560 
meanLoad_FLB_system | 0,000000 

meanDELAY_EF_system | 0,204881 
meanDELAY_AF_system | 0,310058 
meanDELAY_BE_system | 0,515926 
meanDELAY_FLA_system | 349,372922 
meanDELAY_FLB_system | NaN 
meanDELAY_CompleteFLA_system | 727,559322 
meanDELAY_CompleteFLB_system | NaN 

= = = = = = = = = = = = AVERAGE RESULTS = = = = = = = = = = = =
Packet Loss Ratio: 00,00 (%)
PROCESSED PACKAGES: 1919611445 
DISCARTED PACKAGES: 0 
TOTAL PACKAGES: 1919611445 
AVERAGE DELAY: 1101,38 (ms) 
AVERAGE THROUGHPUT: 642,73 (Mbps) 
GRANTED THROUGHPUT: 42919,27 (Mbps) By 64 ONUs
EFFECTIVE THROUGHPUT: 41134,85 (Mbps) By 64 ONUs
TOTAL LOAD: 41134,85 (Mbps) By 64 ONUs
ON Arrival THROUGHPUT: 0,00 (Mbps) By 64 ONUs
FINISHTIMEFL: 172,904244 
FINISHTIME: 175,904244 


fileName | IPACT_LBCONSTANTTOKENSBYCYCLE_4_30_75_0 
