
ONU ID 	|  PLR(%) | Delay(ms) | Throughput(Mbps) | Granted Throughput(Mbps) | Total Load (Mbps) 

  ID |  PLR(%) |  D  | Thr |  Gates  |  Load  | PLR-EF | D-EF | ThrEF | LoadEF | PLR-AF | D-AF | ThrAF | LoadAF | PLR-BE | D-BE | ThrBE | LoadBE | PLR-FA | D-FA | ThrFA | LoadFA | DTFA |  PLR-FB | D-FB | ThrFB | LoadFB | DTFB | 
   1 |  0,00 | 0,731 | 616,34 | 616,34 | 649,32 |  0,00 | 0,261 | 44,35 | 44,35 |  0,00 | 0,527 | 266,17 | 266,17 |  0,00 | 0,663 | 258,45 | 258,45 |  0,00 | 13,013 | 47,36 | 47,36 | 48,670 |   NaN | NaN | 0,00 | 0,00 | NaN
   2 |  0,00 | 1,130 | 617,85 | 617,85 | 654,60 |  0,00 | 0,273 | 44,35 | 44,35 |  0,00 | 0,863 | 264,06 | 264,06 |  0,00 | 1,001 | 262,08 | 262,08 |  0,00 | 22,485 | 47,36 | 47,36 | 66,752 |   NaN | NaN | 0,00 | 0,00 | NaN
   3 |  0,00 | 0,893 | 613,37 | 613,37 | 643,80 |  0,00 | 0,210 | 44,35 | 44,35 |  0,00 | 0,595 | 261,70 | 261,70 |  0,00 | 0,817 | 259,95 | 259,95 |  0,00 | 18,485 | 47,36 | 47,36 | 54,292 |   NaN | NaN | 0,00 | 0,00 | NaN
   4 |  0,00 | 0,683 | 620,70 | 620,70 | 651,20 |  0,00 | 0,215 | 44,35 | 44,35 |  0,00 | 0,440 | 267,00 | 267,00 |  0,00 | 0,672 | 261,99 | 261,99 |  0,00 | 12,762 | 47,36 | 47,36 | 46,402 |   NaN | NaN | 0,00 | 0,00 | NaN
   5 |  0,00 | 0,781 | 615,89 | 615,89 | 646,65 |  0,00 | 0,241 | 44,35 | 44,35 |  0,00 | 0,583 | 262,18 | 262,18 |  0,00 | 0,745 | 262,00 | 262,00 |  0,00 | 14,042 | 47,36 | 47,36 | 50,611 |   NaN | NaN | 0,00 | 0,00 | NaN
   6 |  0,00 | 0,700 | 619,98 | 619,98 | 650,23 |  0,00 | 0,190 | 44,35 | 44,35 |  0,00 | 0,476 | 265,32 | 265,32 |  0,00 | 0,744 | 262,95 | 262,95 |  0,00 | 12,825 | 47,36 | 47,36 | 46,962 |   NaN | NaN | 0,00 | 0,00 | NaN
   7 |  0,00 | 0,905 | 616,63 | 616,63 | 647,08 |  0,00 | 0,208 | 44,35 | 44,35 |  0,00 | 0,675 | 263,24 | 263,24 |  0,00 | 0,827 | 261,67 | 261,67 |  0,00 | 18,096 | 47,36 | 47,36 | 56,931 |   NaN | NaN | 0,00 | 0,00 | NaN
   8 |  0,00 | 0,781 | 617,72 | 617,72 | 650,06 |  0,00 | 0,258 | 44,35 | 44,35 |  0,00 | 0,566 | 261,50 | 261,50 |  0,00 | 0,696 | 264,51 | 264,51 |  0,00 | 14,391 | 47,36 | 47,36 | 49,789 |   NaN | NaN | 0,00 | 0,00 | NaN
   9 |  0,00 | 0,670 | 619,50 | 619,50 | 649,97 |  0,00 | 0,197 | 44,35 | 44,35 |  0,00 | 0,463 | 264,95 | 264,95 |  0,00 | 0,686 | 262,83 | 262,83 |  0,00 | 12,154 | 47,36 | 47,36 | 45,425 |   NaN | NaN | 0,00 | 0,00 | NaN
  10 |  0,00 | 0,788 | 615,13 | 615,13 | 647,57 |  0,00 | 0,258 | 44,35 | 44,35 |  0,00 | 0,547 | 261,99 | 261,99 |  0,00 | 0,653 | 261,43 | 261,43 |  0,00 | 15,312 | 47,36 | 47,36 | 50,131 |   NaN | NaN | 0,00 | 0,00 | NaN
  11 |  0,00 | 6,295 | 614,26 | 614,26 | 644,54 |  0,00 | 0,198 | 44,35 | 44,35 |  0,00 | 5,581 | 259,32 | 259,32 |  0,00 | 12,358 | 263,23 | 263,23 |  0,00 | 72,480 | 47,36 | 47,36 | 180,417 |   NaN | NaN | 0,00 | 0,00 | NaN
  12 |  0,00 | 0,710 | 615,63 | 615,63 | 648,58 |  0,00 | 0,260 | 44,35 | 44,35 |  0,00 | 0,508 | 261,48 | 261,48 |  0,00 | 0,638 | 262,44 | 262,44 |  0,00 | 12,598 | 47,36 | 47,36 | 46,529 |   NaN | NaN | 0,00 | 0,00 | NaN
  13 |  0,00 | 1,075 | 612,15 | 612,15 | 642,56 |  0,00 | 0,225 | 44,35 | 44,35 |  0,00 | 0,753 | 260,66 | 260,66 |  0,00 | 1,052 | 259,78 | 259,78 |  0,00 | 21,700 | 47,36 | 47,36 | 65,362 |   NaN | NaN | 0,00 | 0,00 | NaN
  14 |  0,00 | 0,834 | 618,41 | 618,41 | 652,85 |  0,00 | 0,266 | 44,35 | 44,35 |  0,00 | 0,595 | 262,66 | 262,66 |  0,00 | 0,687 | 264,03 | 264,03 |  0,00 | 16,257 | 47,36 | 47,36 | 51,705 |   NaN | NaN | 0,00 | 0,00 | NaN
  15 |  0,00 | 0,787 | 615,30 | 615,30 | 648,22 |  0,00 | 0,260 | 44,35 | 44,35 |  0,00 | 0,607 | 259,01 | 259,01 |  0,00 | 0,718 | 264,58 | 264,58 |  0,00 | 13,940 | 47,36 | 47,36 | 51,408 |   NaN | NaN | 0,00 | 0,00 | NaN
  16 |  0,00 | 0,702 | 623,48 | 623,48 | 654,92 |  0,00 | 0,252 | 44,35 | 44,35 |  0,00 | 0,500 | 263,94 | 263,94 |  0,00 | 0,643 | 267,83 | 267,83 |  0,00 | 12,490 | 47,36 | 47,36 | 46,547 |   NaN | NaN | 0,00 | 0,00 | NaN
  17 |  0,00 | 0,743 | 619,81 | 619,81 | 653,70 |  0,00 | 0,264 | 44,35 | 44,35 |  0,00 | 0,547 | 264,74 | 264,74 |  0,00 | 0,629 | 263,36 | 263,36 |  0,00 | 13,599 | 47,36 | 47,36 | 47,744 |   NaN | NaN | 0,00 | 0,00 | NaN
  18 |  0,00 | 1,163 | 613,91 | 613,91 | 644,50 |  0,00 | 0,241 | 44,35 | 44,35 |  0,00 | 0,835 | 260,28 | 260,28 |  0,00 | 1,096 | 261,91 | 261,91 |  0,00 | 23,746 | 47,36 | 47,36 | 67,827 |   NaN | NaN | 0,00 | 0,00 | NaN
  19 |  0,00 | 3,823 | 610,33 | 610,33 | 640,65 |  0,00 | 0,232 | 44,35 | 44,35 |  0,00 | 3,261 | 258,53 | 258,53 |  0,00 | 4,102 | 260,09 | 260,09 |  0,00 | 78,764 | 47,36 | 47,36 | 156,814 |   NaN | NaN | 0,00 | 0,00 | NaN
  20 |  0,00 | 4,646 | 613,63 | 613,63 | 643,96 |  0,00 | 0,227 | 44,35 | 44,35 |  0,00 | 3,757 | 263,28 | 263,28 |  0,00 | 9,039 | 258,63 | 258,63 |  0,00 | 57,419 | 47,36 | 47,36 | 147,526 |   NaN | NaN | 0,00 | 0,00 | NaN
  21 |  0,00 | 0,696 | 607,48 | 607,48 | 638,06 |  0,00 | 0,232 | 44,35 | 44,35 |  0,00 | 0,483 | 257,82 | 257,82 |  0,00 | 0,670 | 257,95 | 257,95 |  0,00 | 12,469 | 47,36 | 47,36 | 46,201 |   NaN | NaN | 0,00 | 0,00 | NaN
  22 |  0,00 | 0,712 | 621,31 | 621,31 | 657,19 |  0,00 | 0,271 | 44,35 | 44,35 |  0,00 | 0,526 | 268,51 | 268,51 |  0,00 | 0,637 | 261,09 | 261,09 |  0,00 | 12,324 | 47,36 | 47,36 | 46,282 |   NaN | NaN | 0,00 | 0,00 | NaN
  23 |  0,00 | 7,830 | 617,44 | 617,44 | 648,92 |  0,00 | 0,253 | 44,35 | 44,35 |  0,00 | 7,897 | 263,26 | 263,26 |  0,00 | 13,498 | 262,47 | 262,47 |  0,00 | 99,974 | 47,36 | 47,36 | 217,287 |   NaN | NaN | 0,00 | 0,00 | NaN
  24 |  0,00 | 1,065 | 617,13 | 617,13 | 647,51 |  0,00 | 0,214 | 44,35 | 44,35 |  0,00 | 0,742 | 261,97 | 261,97 |  0,00 | 1,056 | 263,45 | 263,45 |  0,00 | 21,593 | 47,36 | 47,36 | 65,563 |   NaN | NaN | 0,00 | 0,00 | NaN
  25 |  0,00 | 0,724 | 621,62 | 621,62 | 658,03 |  0,00 | 0,272 | 44,35 | 44,35 |  0,00 | 0,536 | 262,74 | 262,74 |  0,00 | 0,633 | 267,17 | 267,17 |  0,00 | 12,730 | 47,36 | 47,36 | 46,511 |   NaN | NaN | 0,00 | 0,00 | NaN
  26 |  0,00 | 0,919 | 615,28 | 615,28 | 650,28 |  0,00 | 0,268 | 44,35 | 44,35 |  0,00 | 0,658 | 262,88 | 262,88 |  0,00 | 0,773 | 260,69 | 260,69 |  0,00 | 18,208 | 47,36 | 47,36 | 55,529 |   NaN | NaN | 0,00 | 0,00 | NaN
  27 |  0,00 | 1,077 | 612,82 | 612,82 | 643,15 |  0,00 | 0,195 | 44,35 | 44,35 |  0,00 | 0,755 | 262,19 | 262,19 |  0,00 | 1,085 | 258,92 | 258,92 |  0,00 | 22,063 | 47,36 | 47,36 | 66,647 |   NaN | NaN | 0,00 | 0,00 | NaN
  28 |  0,00 | 7,894 | 611,37 | 611,37 | 644,32 |  0,00 | 0,261 | 44,35 | 44,35 |  0,00 | 7,728 | 261,39 | 261,39 |  0,00 | 13,991 | 258,26 | 258,26 |  0,00 | 100,153 | 47,36 | 47,36 | 218,168 |   NaN | NaN | 0,00 | 0,00 | NaN
  29 |  0,00 | 7,660 | 619,72 | 619,72 | 650,28 |  0,00 | 0,240 | 44,35 | 44,35 |  0,00 | 7,136 | 263,98 | 263,98 |  0,00 | 15,024 | 264,03 | 264,03 |  0,00 | 84,712 | 47,36 | 47,36 | 201,799 |   NaN | NaN | 0,00 | 0,00 | NaN
  30 |  0,00 | 1,975 | 613,16 | 613,16 | 649,00 |  0,00 | 0,271 | 44,35 | 44,35 |  0,00 | 1,500 | 259,86 | 259,86 |  0,00 | 2,679 | 261,58 | 261,58 |  0,00 | 33,750 | 47,36 | 47,36 | 93,329 |   NaN | NaN | 0,00 | 0,00 | NaN
  31 |  0,00 | 7,566 | 615,25 | 615,25 | 645,82 |  0,00 | 0,237 | 44,35 | 44,35 |  0,00 | 7,321 | 264,02 | 264,02 |  0,00 | 13,067 | 259,52 | 259,52 |  0,00 | 100,377 | 47,36 | 47,36 | 218,176 |   NaN | NaN | 0,00 | 0,00 | NaN
  32 |  0,00 | 5,939 | 618,69 | 618,69 | 648,91 |  0,00 | 0,194 | 44,35 | 44,35 |  0,00 | 4,964 | 263,19 | 263,19 |  0,00 | 11,769 | 263,79 | 263,79 |  0,00 | 70,235 | 47,36 | 47,36 | 175,317 |   NaN | NaN | 0,00 | 0,00 | NaN
  33 |  0,00 | 3,180 | 614,33 | 614,33 | 646,69 |  0,00 | 0,259 | 44,35 | 44,35 |  0,00 | 2,586 | 261,77 | 261,77 |  0,00 | 5,317 | 260,85 | 260,85 |  0,00 | 45,783 | 47,36 | 47,36 | 124,470 |   NaN | NaN | 0,00 | 0,00 | NaN
  34 |  0,00 | 0,800 | 613,24 | 613,24 | 644,50 |  0,00 | 0,251 | 44,35 | 44,35 |  0,00 | 0,626 | 261,50 | 261,50 |  0,00 | 0,755 | 260,03 | 260,03 |  0,00 | 14,094 | 47,36 | 47,36 | 52,169 |   NaN | NaN | 0,00 | 0,00 | NaN
  35 |  0,00 | 0,649 | 620,75 | 620,75 | 651,24 |  0,00 | 0,200 | 44,35 | 44,35 |  0,00 | 0,431 | 264,73 | 264,73 |  0,00 | 0,680 | 264,31 | 264,31 |  0,00 | 11,628 | 47,36 | 47,36 | 44,339 |   NaN | NaN | 0,00 | 0,00 | NaN
  36 |  0,00 | 0,926 | 615,05 | 615,05 | 646,62 |  0,00 | 0,253 | 44,35 | 44,35 |  0,00 | 0,688 | 259,02 | 259,02 |  0,00 | 0,847 | 264,31 | 264,31 |  0,00 | 17,721 | 47,36 | 47,36 | 56,829 |   NaN | NaN | 0,00 | 0,00 | NaN
  37 |  0,00 | 6,114 | 621,22 | 621,22 | 651,61 |  0,00 | 0,236 | 44,35 | 44,35 |  0,00 | 5,507 | 266,20 | 266,20 |  0,00 | 11,948 | 263,30 | 263,30 |  0,00 | 69,392 | 47,36 | 47,36 | 174,197 |   NaN | NaN | 0,00 | 0,00 | NaN
  38 |  0,00 | 1,376 | 619,38 | 619,38 | 649,70 |  0,00 | 0,227 | 44,35 | 44,35 |  0,00 | 1,048 | 264,78 | 264,78 |  0,00 | 1,538 | 262,88 | 262,88 |  0,00 | 26,189 | 47,36 | 47,36 | 76,614 |   NaN | NaN | 0,00 | 0,00 | NaN
  39 |  0,00 | 3,462 | 607,99 | 607,99 | 643,71 |  0,00 | 0,270 | 44,35 | 44,35 |  0,00 | 2,992 | 259,25 | 259,25 |  0,00 | 5,526 | 257,03 | 257,03 |  0,00 | 51,235 | 47,36 | 47,36 | 134,296 |   NaN | NaN | 0,00 | 0,00 | NaN
  40 |  0,00 | 1,249 | 610,77 | 610,77 | 646,57 |  0,00 | 0,270 | 44,35 | 44,35 |  0,00 | 0,912 | 261,75 | 261,75 |  0,00 | 1,292 | 257,31 | 257,31 |  0,00 | 23,948 | 47,36 | 47,36 | 70,764 |   NaN | NaN | 0,00 | 0,00 | NaN
  41 |  0,00 | 8,255 | 620,19 | 620,19 | 651,81 |  0,00 | 0,253 | 44,35 | 44,35 |  0,00 | 7,864 | 260,95 | 260,95 |  0,00 | 15,510 | 267,52 | 267,52 |  0,00 | 95,663 | 47,36 | 47,36 | 215,451 |   NaN | NaN | 0,00 | 0,00 | NaN
  42 |  0,00 | 7,325 | 622,27 | 622,27 | 652,56 |  0,00 | 0,199 | 44,35 | 44,35 |  0,00 | 6,248 | 265,30 | 265,30 |  0,00 | 14,652 | 265,26 | 265,26 |  0,00 | 84,341 | 47,36 | 47,36 | 201,326 |   NaN | NaN | 0,00 | 0,00 | NaN
  43 |  0,00 | 3,897 | 623,36 | 623,36 | 658,36 |  0,00 | 0,278 | 44,35 | 44,35 |  0,00 | 3,184 | 266,49 | 266,49 |  0,00 | 6,806 | 265,16 | 265,16 |  0,00 | 53,396 | 47,36 | 47,36 | 138,332 |   NaN | NaN | 0,00 | 0,00 | NaN
  44 |  0,00 | 7,490 | 620,01 | 620,01 | 650,24 |  0,00 | 0,190 | 44,35 | 44,35 |  0,00 | 7,037 | 263,02 | 263,02 |  0,00 | 13,213 | 265,28 | 265,28 |  0,00 | 98,280 | 47,36 | 47,36 | 217,796 |   NaN | NaN | 0,00 | 0,00 | NaN
  45 |  0,00 | 7,732 | 615,57 | 615,57 | 652,66 |  0,00 | 0,274 | 44,35 | 44,35 |  0,00 | 7,452 | 265,28 | 265,28 |  0,00 | 14,803 | 258,57 | 258,57 |  0,00 | 87,606 | 47,36 | 47,36 | 205,922 |   NaN | NaN | 0,00 | 0,00 | NaN
  46 |  0,00 | 4,346 | 616,05 | 616,05 | 646,30 |  0,00 | 0,213 | 44,35 | 44,35 |  0,00 | 3,348 | 260,50 | 260,50 |  0,00 | 8,280 | 263,84 | 263,84 |  0,00 | 56,309 | 47,36 | 47,36 | 145,033 |   NaN | NaN | 0,00 | 0,00 | NaN
  47 |  0,00 | 7,557 | 614,13 | 614,13 | 644,54 |  0,00 | 0,211 | 44,35 | 44,35 |  0,00 | 7,126 | 261,64 | 261,64 |  0,00 | 13,299 | 260,77 | 260,77 |  0,00 | 99,907 | 47,36 | 47,36 | 216,485 |   NaN | NaN | 0,00 | 0,00 | NaN
  48 |  0,00 | 7,431 | 614,36 | 614,36 | 645,05 |  0,00 | 0,241 | 44,35 | 44,35 |  0,00 | 7,047 | 261,51 | 261,51 |  0,00 | 12,960 | 261,14 | 261,14 |  0,00 | 98,282 | 47,36 | 47,36 | 217,685 |   NaN | NaN | 0,00 | 0,00 | NaN
  49 |  0,00 | 7,729 | 614,09 | 614,09 | 645,60 |  0,00 | 0,253 | 44,35 | 44,35 |  0,00 | 7,654 | 261,84 | 261,84 |  0,00 | 13,369 | 260,53 | 260,53 |  0,00 | 100,048 | 47,36 | 47,36 | 216,693 |   NaN | NaN | 0,00 | 0,00 | NaN
  50 |  0,00 | 3,567 | 616,41 | 616,41 | 646,67 |  0,00 | 0,207 | 44,35 | 44,35 |  0,00 | 3,094 | 263,27 | 263,27 |  0,00 | 6,123 | 261,43 | 261,43 |  0,00 | 49,360 | 47,36 | 47,36 | 130,663 |   NaN | NaN | 0,00 | 0,00 | NaN
  51 |  0,00 | 7,459 | 616,77 | 616,77 | 647,10 |  0,00 | 0,205 | 44,35 | 44,35 |  0,00 | 7,002 | 261,50 | 261,50 |  0,00 | 13,480 | 263,55 | 263,55 |  0,00 | 94,613 | 47,36 | 47,36 | 212,757 |   NaN | NaN | 0,00 | 0,00 | NaN
  52 |  0,00 | 7,813 | 617,32 | 617,32 | 647,78 |  0,00 | 0,232 | 44,35 | 44,35 |  0,00 | 7,016 | 259,25 | 259,25 |  0,00 | 14,985 | 266,36 | 266,36 |  0,00 | 92,133 | 47,36 | 47,36 | 211,481 |   NaN | NaN | 0,00 | 0,00 | NaN
  53 |  0,00 | 5,603 | 616,94 | 616,94 | 647,23 |  0,00 | 0,219 | 44,35 | 44,35 |  0,00 | 4,896 | 263,74 | 263,74 |  0,00 | 10,894 | 261,49 | 261,49 |  0,00 | 66,017 | 47,36 | 47,36 | 166,960 |   NaN | NaN | 0,00 | 0,00 | NaN
  54 |  0,00 | 7,552 | 611,89 | 611,89 | 642,23 |  0,00 | 0,221 | 44,35 | 44,35 |  0,00 | 7,094 | 261,84 | 261,84 |  0,00 | 14,465 | 258,34 | 258,34 |  0,00 | 88,352 | 47,36 | 47,36 | 206,705 |   NaN | NaN | 0,00 | 0,00 | NaN
  55 |  0,00 | 1,436 | 612,50 | 612,50 | 642,78 |  0,00 | 0,207 | 44,35 | 44,35 |  0,00 | 1,106 | 259,68 | 259,68 |  0,00 | 1,713 | 261,11 | 261,11 |  0,00 | 26,630 | 47,36 | 47,36 | 76,893 |   NaN | NaN | 0,00 | 0,00 | NaN
  56 |  0,00 | 7,514 | 611,38 | 611,38 | 641,74 |  0,00 | 0,212 | 44,35 | 44,35 |  0,00 | 6,952 | 259,98 | 259,98 |  0,00 | 13,566 | 259,69 | 259,69 |  0,00 | 97,299 | 47,36 | 47,36 | 216,736 |   NaN | NaN | 0,00 | 0,00 | NaN
  57 |  0,00 | 8,576 | 614,99 | 614,99 | 645,40 |  0,00 | 0,209 | 44,35 | 44,35 |  0,00 | 8,382 | 260,92 | 260,92 |  0,00 | 16,047 | 262,35 | 262,35 |  0,00 | 100,458 | 47,36 | 47,36 | 218,372 |   NaN | NaN | 0,00 | 0,00 | NaN
  58 |  0,00 | 7,824 | 618,70 | 618,70 | 649,33 |  0,00 | 0,238 | 44,35 | 44,35 |  0,00 | 7,766 | 264,48 | 264,48 |  0,00 | 13,630 | 262,51 | 262,51 |  0,00 | 100,005 | 47,36 | 47,36 | 218,524 |   NaN | NaN | 0,00 | 0,00 | NaN
  59 |  0,00 | 0,886 | 620,35 | 620,35 | 652,57 |  0,00 | 0,257 | 44,35 | 44,35 |  0,00 | 0,643 | 261,23 | 261,23 |  0,00 | 0,772 | 267,41 | 267,41 |  0,00 | 17,222 | 47,36 | 47,36 | 55,379 |   NaN | NaN | 0,00 | 0,00 | NaN
  60 |  0,00 | 7,618 | 615,66 | 615,66 | 645,91 |  0,00 | 0,192 | 44,35 | 44,35 |  0,00 | 7,665 | 262,86 | 262,86 |  0,00 | 13,480 | 261,08 | 261,08 |  0,00 | 95,245 | 47,36 | 47,36 | 214,976 |   NaN | NaN | 0,00 | 0,00 | NaN
  61 |  0,00 | 4,677 | 619,73 | 619,73 | 650,01 |  0,00 | 0,214 | 44,35 | 44,35 |  0,00 | 4,158 | 263,96 | 263,96 |  0,00 | 8,245 | 264,06 | 264,06 |  0,00 | 62,208 | 47,36 | 47,36 | 158,474 |   NaN | NaN | 0,00 | 0,00 | NaN
  62 |  0,00 | 8,204 | 618,71 | 618,71 | 656,64 |  0,00 | 0,276 | 44,35 | 44,35 |  0,00 | 7,861 | 262,64 | 262,64 |  0,00 | 15,126 | 264,36 | 264,36 |  0,00 | 98,078 | 47,36 | 47,36 | 217,679 |   NaN | NaN | 0,00 | 0,00 | NaN
  63 |  0,00 | 1,767 | 616,51 | 616,51 | 646,84 |  0,00 | 0,231 | 44,35 | 44,35 |  0,00 | 1,442 | 263,72 | 263,72 |  0,00 | 2,179 | 261,08 | 261,08 |  0,00 | 31,732 | 47,36 | 47,36 | 89,551 |   NaN | NaN | 0,00 | 0,00 | NaN
  64 |  0,00 | 7,641 | 611,19 | 611,19 | 648,67 |  0,00 | 0,275 | 44,35 | 44,35 |  0,00 | 7,668 | 259,78 | 259,78 |  0,00 | 14,140 | 259,70 | 259,70 |  0,00 | 88,032 | 47,36 | 47,36 | 206,208 |   NaN | NaN | 0,00 | 0,00 | NaN

= = = = = = = = = = = = AVERAGE RESULTS system = = = = = = = = = = = =
meanPLR_system | 0,000000 
meanDelay_system | 3,758495 
meanLoad_system | 616,298383 
meanTHR_system | 616,298383 
meanGate_system | 648,204510 

meanPLR_EF_system | 0,000000 
meanPLR_AF_system | 0,000000 
meanPLR_BE_system | 0,000000 
meanPLR_FLA_system | 0,000000 
meanPLR_FLB_system | NaN 

meanTHR_EF_system | 44,352002 
meanTHR_AF_system | 262,471640 
meanTHR_BE_system | 262,113052 
meanTHR_FLA_system | 48,263617 
meanTHR_FLB_system | 0,000000 

meanLoad_EF_system | 44,352002 
meanLoad_AF_system | 262,471640 
meanLoad_BE_system | 262,113052 
meanLoad_FLA_system | 48,263617 
meanLoad_FLB_system | 0,000000 

meanDELAY_EF_system | 0,236242 
meanDELAY_AF_system | 3,397223 
meanDELAY_BE_system | 6,452971 
meanDELAY_FLA_system | 50,099252 
meanDELAY_FLB_system | NaN 
meanDELAY_CompleteFLA_system | 124,037637 
meanDELAY_CompleteFLB_system | NaN 

= = = = = = = = = = = = AVERAGE RESULTS = = = = = = = = = = = =
Packet Loss Ratio: 00,00 (%)
PROCESSED PACKAGES: 1700646723 
DISCARTED PACKAGES: 0 
TOTAL PACKAGES: 1700646723 
AVERAGE DELAY: 622,04 (ms) 
AVERAGE THROUGHPUT: 616,30 (Mbps) 
GRANTED THROUGHPUT: 41485,09 (Mbps) By 64 ONUs
EFFECTIVE THROUGHPUT: 39443,10 (Mbps) By 64 ONUs
TOTAL LOAD: 39443,10 (Mbps) By 64 ONUs
ON Arrival THROUGHPUT: 0,00 (Mbps) By 64 ONUs
FINISHTIMEFL: 157,534816 
FINISHTIME: 160,534816 


fileName | IPACT_STRICTPRIORITY_3_36_70_0 
