
ONU ID 	|  PLR(%) | Delay(ms) | Throughput(Mbps) | Granted Throughput(Mbps) | Total Load (Mbps) 

  ID |  PLR(%) |  D  | Thr |  Gates  |  Load  | PLR-EF | D-EF | ThrEF | LoadEF | PLR-AF | D-AF | ThrAF | LoadAF | PLR-BE | D-BE | ThrBE | LoadBE | PLR-FA | D-FA | ThrFA | LoadFA | DTFA |  PLR-FB | D-FB | ThrFB | LoadFB | DTFB | 
   1 | 14,50 | 300,156 | 755,52 | 883,65 | 759,80 |  0,00 | 1,408 | 44,35 | 44,35 |  0,00 | 42,714 | 365,99 | 365,99 | 36,05 | 1404,584 | 227,25 | 355,38 |  0,00 | 193,971 | 117,92 | 117,92 | 407,102 |   NaN | NaN | 0,00 | 0,00 | NaN
   2 | 14,53 | 286,750 | 754,65 | 882,94 | 758,95 |  0,00 | 1,420 | 44,35 | 44,35 |  0,00 | 7,553 | 358,73 | 358,73 | 35,45 | 1307,737 | 233,65 | 361,95 |  0,00 | 370,074 | 117,92 | 117,92 | 759,205 |   NaN | NaN | 0,00 | 0,00 | NaN
   3 | 14,87 | 290,860 | 755,88 | 887,87 | 760,16 |  0,00 | 1,357 | 44,35 | 44,35 |  0,00 | 7,521 | 364,25 | 364,25 | 36,53 | 1357,318 | 229,36 | 361,35 |  0,00 | 358,460 | 117,92 | 117,92 | 735,980 |   NaN | NaN | 0,00 | 0,00 | NaN
   4 | 14,93 | 298,404 | 755,06 | 887,56 | 759,32 |  0,00 | 1,362 | 44,35 | 44,35 |  0,00 | 49,043 | 366,37 | 366,37 | 36,92 | 1397,047 | 226,42 | 358,93 |  0,00 | 171,733 | 117,92 | 117,92 | 362,690 |   NaN | NaN | 0,00 | 0,00 | NaN
   5 | 14,25 | 282,494 | 755,63 | 881,15 | 759,92 |  0,00 | 1,388 | 44,35 | 44,35 |  0,00 | 6,983 | 360,38 | 360,38 | 35,01 | 1267,770 | 232,98 | 358,50 |  0,00 | 458,574 | 117,92 | 117,92 | 936,394 |   NaN | NaN | 0,00 | 0,00 | NaN
   6 | 14,95 | 290,819 | 755,83 | 888,73 | 760,10 |  0,00 | 1,336 | 44,35 | 44,35 |  0,00 | 7,268 | 364,65 | 364,65 | 36,73 | 1349,025 | 228,91 | 361,81 |  0,00 | 397,676 | 117,92 | 117,92 | 814,523 |   NaN | NaN | 0,00 | 0,00 | NaN
   7 | 14,36 | 294,812 | 755,13 | 881,75 | 759,39 |  0,00 | 1,355 | 44,35 | 44,35 |  0,00 | 27,190 | 360,72 | 360,72 | 35,29 | 1360,776 | 232,14 | 358,76 |  0,00 | 240,618 | 117,92 | 117,92 | 500,456 |   NaN | NaN | 0,00 | 0,00 | NaN
   8 | 15,01 | 291,037 | 753,78 | 886,95 | 758,06 |  0,00 | 1,405 | 44,35 | 44,35 |  0,00 | 7,698 | 360,69 | 360,69 | 36,59 | 1340,019 | 230,82 | 363,99 |  0,00 | 380,442 | 117,92 | 117,92 | 779,949 |   NaN | NaN | 0,00 | 0,00 | NaN
   9 | 14,64 | 290,506 | 756,16 | 885,80 | 760,42 |  0,00 | 1,344 | 44,35 | 44,35 |  0,00 | 13,136 | 364,60 | 364,60 | 36,12 | 1363,643 | 229,29 | 358,94 |  0,00 | 298,133 | 117,92 | 117,92 | 615,335 |   NaN | NaN | 0,00 | 0,00 | NaN
  10 | 14,43 | 297,846 | 755,96 | 883,39 | 760,23 |  0,00 | 1,405 | 44,35 | 44,35 |  0,00 | 38,757 | 362,17 | 362,17 | 35,50 | 1376,569 | 231,52 | 358,95 |  0,00 | 189,399 | 117,92 | 117,92 | 397,935 |   NaN | NaN | 0,00 | 0,00 | NaN
  11 | 13,59 | 276,491 | 754,79 | 873,51 | 759,07 |  0,00 | 1,345 | 44,35 | 44,35 |  0,00 | 3,060 | 352,81 | 352,81 | 33,12 | 1175,397 | 239,71 | 358,42 |  0,00 | 586,784 | 117,92 | 117,92 | 1192,634 |   NaN | NaN | 0,00 | 0,00 | NaN
  12 | 14,64 | 287,594 | 756,00 | 885,70 | 760,30 |  0,00 | 1,407 | 44,35 | 44,35 |  0,00 | 5,536 | 361,58 | 361,58 | 35,84 | 1313,754 | 232,14 | 361,84 |  0,00 | 410,150 | 117,92 | 117,92 | 839,451 |   NaN | NaN | 0,00 | 0,00 | NaN
  13 | 13,77 | 287,730 | 754,67 | 875,16 | 758,94 |  0,00 | 1,372 | 44,35 | 44,35 |  0,00 | 7,723 | 356,71 | 356,71 | 33,83 | 1300,869 | 235,69 | 356,17 |  0,00 | 370,438 | 117,92 | 117,92 | 759,984 |   NaN | NaN | 0,00 | 0,00 | NaN
  14 | 14,89 | 285,621 | 754,79 | 886,88 | 759,08 |  0,00 | 1,413 | 44,35 | 44,35 |  0,00 | 5,294 | 362,66 | 362,66 | 36,49 | 1303,761 | 229,86 | 361,94 |  0,00 | 453,978 | 117,92 | 117,92 | 927,049 |   NaN | NaN | 0,00 | 0,00 | NaN
  15 | 14,13 | 295,211 | 755,06 | 879,26 | 759,32 |  0,00 | 1,407 | 44,35 | 44,35 |  0,00 | 25,635 | 355,95 | 355,95 | 34,40 | 1336,907 | 236,84 | 361,04 |  0,00 | 245,140 | 117,92 | 117,92 | 509,430 |   NaN | NaN | 0,00 | 0,00 | NaN
  16 | 15,04 | 292,270 | 755,32 | 889,07 | 759,59 |  0,00 | 1,399 | 44,35 | 44,35 |  0,00 | 14,391 | 361,17 | 361,17 | 36,58 | 1346,772 | 231,88 | 365,63 |  0,00 | 327,529 | 117,92 | 117,92 | 674,278 |   NaN | NaN | 0,00 | 0,00 | NaN
  17 | 14,53 | 293,175 | 755,43 | 883,86 | 759,72 |  0,00 | 1,412 | 44,35 | 44,35 |  0,00 | 14,546 | 359,97 | 359,97 | 35,51 | 1345,335 | 233,19 | 361,62 |  0,00 | 317,456 | 117,92 | 117,92 | 654,082 |   NaN | NaN | 0,00 | 0,00 | NaN
  18 | 14,41 | 279,256 | 755,27 | 882,45 | 759,56 |  0,00 | 1,388 | 44,35 | 44,35 |  0,00 | 3,271 | 359,26 | 359,26 | 35,24 | 1209,798 | 233,74 | 360,91 |  0,00 | 621,681 | 117,92 | 117,92 | 1262,752 |   NaN | NaN | 0,00 | 0,00 | NaN
  19 | 13,73 | 280,078 | 755,68 | 875,98 | 759,95 |  0,00 | 1,379 | 44,35 | 44,35 |  0,00 | 3,318 | 354,79 | 354,79 | 33,52 | 1214,907 | 238,62 | 358,92 |  0,00 | 524,487 | 117,92 | 117,92 | 1068,223 |   NaN | NaN | 0,00 | 0,00 | NaN
  20 | 13,83 | 277,293 | 755,82 | 877,17 | 760,10 |  0,00 | 1,374 | 44,35 | 44,35 |  0,00 | 3,930 | 360,87 | 360,87 | 34,27 | 1211,909 | 232,68 | 354,03 |  0,00 | 595,009 | 117,92 | 117,92 | 1209,209 |   NaN | NaN | 0,00 | 0,00 | NaN
  21 | 13,43 | 293,832 | 755,67 | 872,89 | 759,92 |  0,00 | 1,379 | 44,35 | 44,35 |  0,00 | 30,789 | 356,65 | 356,65 | 33,12 | 1331,605 | 236,75 | 353,97 |  0,00 | 216,422 | 117,92 | 117,92 | 452,006 |   NaN | NaN | 0,00 | 0,00 | NaN
  22 | 15,27 | 286,681 | 754,28 | 890,26 | 758,59 |  0,00 | 1,418 | 44,35 | 44,35 |  0,00 | 5,918 | 370,54 | 370,54 | 38,04 | 1351,897 | 221,47 | 357,45 |  0,00 | 471,379 | 117,92 | 117,92 | 961,866 |   NaN | NaN | 0,00 | 0,00 | NaN
  23 | 14,77 | 282,158 | 755,00 | 885,84 | 759,29 |  0,00 | 1,400 | 44,35 | 44,35 |  0,00 | 3,818 | 363,26 | 363,26 | 36,31 | 1261,525 | 229,47 | 360,32 |  0,00 | 562,705 | 117,92 | 117,92 | 1144,505 |   NaN | NaN | 0,00 | 0,00 | NaN
  24 | 14,69 | 288,078 | 753,95 | 883,73 | 758,22 |  0,00 | 1,362 | 44,35 | 44,35 |  0,00 | 8,535 | 359,17 | 359,17 | 35,82 | 1317,801 | 232,52 | 362,29 |  0,00 | 370,419 | 117,92 | 117,92 | 759,974 |   NaN | NaN | 0,00 | 0,00 | NaN
  25 | 15,58 | 297,068 | 755,13 | 894,51 | 759,43 |  0,00 | 1,419 | 44,35 | 44,35 |  0,00 | 21,698 | 360,76 | 360,76 | 37,52 | 1375,767 | 232,09 | 371,48 |  0,00 | 260,092 | 117,92 | 117,92 | 539,354 |   NaN | NaN | 0,00 | 0,00 | NaN
  26 | 14,14 | 291,886 | 756,16 | 880,67 | 760,45 |  0,00 | 1,415 | 44,35 | 44,35 |  0,00 | 26,205 | 358,52 | 358,52 | 34,60 | 1331,960 | 235,37 | 359,88 |  0,00 | 236,410 | 117,92 | 117,92 | 491,962 |   NaN | NaN | 0,00 | 0,00 | NaN
  27 | 13,73 | 274,587 | 756,12 | 876,42 | 760,41 |  0,00 | 1,342 | 44,35 | 44,35 |  0,00 | 3,224 | 360,47 | 360,47 | 34,01 | 1187,904 | 233,38 | 353,68 |  0,00 | 626,900 | 117,92 | 117,92 | 1273,378 |   NaN | NaN | 0,00 | 0,00 | NaN
  28 | 13,72 | 280,992 | 755,03 | 875,13 | 759,31 |  0,00 | 1,408 | 44,35 | 44,35 |  0,00 | 3,679 | 359,42 | 359,42 | 33,98 | 1234,711 | 233,34 | 353,44 |  0,00 | 564,486 | 117,92 | 117,92 | 1148,096 |   NaN | NaN | 0,00 | 0,00 | NaN
  29 | 14,68 | 279,230 | 755,38 | 885,37 | 759,66 |  0,00 | 1,387 | 44,35 | 44,35 |  0,00 | 2,891 | 363,02 | 363,02 | 36,10 | 1240,381 | 230,09 | 360,08 |  0,00 | 580,342 | 117,92 | 117,92 | 1179,746 |   NaN | NaN | 0,00 | 0,00 | NaN
  30 | 13,78 | 277,985 | 755,36 | 876,12 | 759,66 |  0,00 | 1,418 | 44,35 | 44,35 |  0,00 | 2,911 | 355,88 | 355,88 | 33,74 | 1190,497 | 237,21 | 357,97 |  0,00 | 608,143 | 117,92 | 117,92 | 1235,343 |   NaN | NaN | 0,00 | 0,00 | NaN
  31 | 14,11 | 282,254 | 755,78 | 879,91 | 760,06 |  0,00 | 1,385 | 44,35 | 44,35 |  0,00 | 3,123 | 358,69 | 358,69 | 34,58 | 1235,086 | 234,81 | 358,94 |  0,00 | 562,786 | 117,92 | 117,92 | 1144,590 |   NaN | NaN | 0,00 | 0,00 | NaN
  32 | 13,88 | 279,477 | 756,15 | 878,02 | 760,44 |  0,00 | 1,341 | 44,35 | 44,35 |  0,00 | 4,675 | 356,10 | 356,10 | 33,89 | 1198,264 | 237,78 | 359,64 |  0,00 | 588,013 | 117,92 | 117,92 | 1195,125 |   NaN | NaN | 0,00 | 0,00 | NaN
  33 | 13,96 | 278,541 | 756,59 | 879,30 | 760,88 |  0,00 | 1,406 | 44,35 | 44,35 |  0,00 | 3,245 | 356,20 | 356,20 | 34,01 | 1191,177 | 238,11 | 360,82 |  0,00 | 599,376 | 117,92 | 117,92 | 1217,922 |   NaN | NaN | 0,00 | 0,00 | NaN
  34 | 13,25 | 276,234 | 755,70 | 871,15 | 759,97 |  0,00 | 1,398 | 44,35 | 44,35 |  0,00 | 2,554 | 357,39 | 357,39 | 32,85 | 1179,333 | 236,04 | 351,48 |  0,00 | 642,565 | 117,92 | 117,92 | 1304,981 |   NaN | NaN | 0,00 | 0,00 | NaN
  35 | 14,67 | 275,383 | 757,02 | 887,22 | 761,30 |  0,00 | 1,347 | 44,35 | 44,35 |  0,00 | 2,237 | 362,90 | 362,90 | 35,96 | 1194,353 | 231,85 | 362,05 |  0,00 | 656,851 | 117,92 | 117,92 | 1332,890 |   NaN | NaN | 0,00 | 0,00 | NaN
  36 | 13,70 | 277,233 | 756,00 | 876,05 | 760,31 |  0,00 | 1,400 | 44,35 | 44,35 |  0,00 | 2,725 | 353,63 | 353,63 | 33,33 | 1167,622 | 240,10 | 360,15 |  0,00 | 632,680 | 117,92 | 117,92 | 1284,850 |   NaN | NaN | 0,00 | 0,00 | NaN
  37 | 14,96 | 282,067 | 755,16 | 887,99 | 759,43 |  0,00 | 1,383 | 44,35 | 44,35 |  0,00 | 3,831 | 365,79 | 365,79 | 36,90 | 1267,394 | 227,09 | 359,93 |  0,00 | 588,049 | 117,92 | 117,92 | 1195,194 |   NaN | NaN | 0,00 | 0,00 | NaN
  38 | 14,23 | 277,620 | 755,91 | 881,30 | 760,21 |  0,00 | 1,374 | 44,35 | 44,35 |  0,00 | 3,929 | 360,94 | 360,94 | 35,02 | 1209,184 | 232,70 | 358,09 |  0,00 | 612,647 | 117,92 | 117,92 | 1244,458 |   NaN | NaN | 0,00 | 0,00 | NaN
  39 | 13,60 | 276,263 | 754,68 | 873,48 | 759,00 |  0,00 | 1,417 | 44,35 | 44,35 |  0,00 | 3,536 | 357,33 | 357,33 | 33,57 | 1193,401 | 235,08 | 353,88 |  0,00 | 597,904 | 117,92 | 117,92 | 1214,985 |   NaN | NaN | 0,00 | 0,00 | NaN
  40 | 13,57 | 277,997 | 755,57 | 874,25 | 759,88 |  0,00 | 1,417 | 44,35 | 44,35 |  0,00 | 2,975 | 356,06 | 356,06 | 33,34 | 1185,243 | 237,24 | 355,91 |  0,00 | 625,487 | 117,92 | 117,92 | 1270,495 |   NaN | NaN | 0,00 | 0,00 | NaN
  41 | 14,68 | 277,507 | 755,35 | 885,28 | 759,64 |  0,00 | 1,400 | 44,35 | 44,35 |  0,00 | 3,371 | 358,68 | 358,68 | 35,66 | 1211,207 | 234,40 | 364,33 |  0,00 | 572,178 | 117,92 | 117,92 | 1163,394 |   NaN | NaN | 0,00 | 0,00 | NaN
  42 | 14,66 | 280,462 | 754,78 | 884,44 | 759,06 |  0,00 | 1,346 | 44,35 | 44,35 |  0,00 | 3,846 | 360,09 | 360,09 | 35,81 | 1232,636 | 232,41 | 362,08 |  0,00 | 580,315 | 117,92 | 117,92 | 1179,723 |   NaN | NaN | 0,00 | 0,00 | NaN
  43 | 14,97 | 280,175 | 754,76 | 887,68 | 759,05 |  0,00 | 1,425 | 44,35 | 44,35 |  0,00 | 3,710 | 362,02 | 362,02 | 36,58 | 1236,043 | 230,47 | 363,39 |  0,00 | 597,800 | 117,92 | 117,92 | 1214,735 |   NaN | NaN | 0,00 | 0,00 | NaN
  44 | 15,05 | 282,353 | 755,30 | 889,14 | 759,54 |  0,00 | 1,337 | 44,35 | 44,35 |  0,00 | 2,955 | 359,87 | 359,87 | 36,47 | 1242,748 | 233,15 | 367,00 |  0,00 | 569,137 | 117,92 | 117,92 | 1157,447 |   NaN | NaN | 0,00 | 0,00 | NaN
  45 | 14,74 | 280,281 | 755,77 | 886,46 | 760,09 |  0,00 | 1,421 | 44,35 | 44,35 |  0,00 | 4,912 | 367,90 | 367,90 | 36,68 | 1268,242 | 225,60 | 356,29 |  0,00 | 578,733 | 117,92 | 117,92 | 1176,575 |   NaN | NaN | 0,00 | 0,00 | NaN
  46 | 13,95 | 275,776 | 755,56 | 878,00 | 759,84 |  0,00 | 1,361 | 44,35 | 44,35 |  0,00 | 3,466 | 354,57 | 354,57 | 33,90 | 1174,758 | 238,72 | 361,17 |  0,00 | 595,026 | 117,92 | 117,92 | 1209,203 |   NaN | NaN | 0,00 | 0,00 | NaN
  47 | 13,57 | 281,042 | 756,45 | 875,24 | 760,71 |  0,00 | 1,358 | 44,35 | 44,35 |  0,00 | 3,459 | 359,79 | 359,79 | 33,63 | 1232,840 | 234,39 | 353,18 |  0,00 | 559,737 | 117,92 | 117,92 | 1138,529 |   NaN | NaN | 0,00 | 0,00 | NaN
  48 | 13,71 | 282,101 | 755,71 | 875,77 | 759,99 |  0,00 | 1,388 | 44,35 | 44,35 |  0,00 | 3,241 | 356,19 | 356,19 | 33,60 | 1220,189 | 237,25 | 357,32 |  0,00 | 569,099 | 117,92 | 117,92 | 1157,220 |   NaN | NaN | 0,00 | 0,00 | NaN
  49 | 13,67 | 281,556 | 755,55 | 875,16 | 759,86 |  0,00 | 1,400 | 44,35 | 44,35 |  0,00 | 4,038 | 357,27 | 357,27 | 33,63 | 1225,119 | 236,01 | 355,62 |  0,00 | 559,645 | 117,92 | 117,92 | 1138,436 |   NaN | NaN | 0,00 | 0,00 | NaN
  50 | 14,11 | 275,372 | 755,26 | 879,29 | 759,54 |  0,00 | 1,354 | 44,35 | 44,35 |  0,00 | 3,427 | 360,75 | 360,75 | 34,81 | 1204,661 | 232,23 | 356,26 |  0,00 | 598,024 | 117,92 | 117,92 | 1215,121 |   NaN | NaN | 0,00 | 0,00 | NaN
  51 | 13,96 | 280,114 | 755,27 | 877,78 | 759,56 |  0,00 | 1,352 | 44,35 | 44,35 |  0,00 | 3,830 | 355,41 | 355,41 | 34,02 | 1206,722 | 237,59 | 360,10 |  0,00 | 572,975 | 117,92 | 117,92 | 1164,981 |   NaN | NaN | 0,00 | 0,00 | NaN
  52 | 14,13 | 278,743 | 755,61 | 879,98 | 759,91 |  0,00 | 1,379 | 44,35 | 44,35 |  0,00 | 4,080 | 355,09 | 355,09 | 34,30 | 1195,778 | 238,25 | 362,63 |  0,00 | 575,950 | 117,92 | 117,92 | 1170,925 |   NaN | NaN | 0,00 | 0,00 | NaN
  53 | 14,42 | 284,597 | 756,19 | 883,56 | 760,47 |  0,00 | 1,366 | 44,35 | 44,35 |  0,00 | 3,029 | 359,08 | 359,08 | 35,17 | 1239,861 | 234,83 | 362,21 |  0,00 | 589,905 | 117,92 | 117,92 | 1198,911 |   NaN | NaN | 0,00 | 0,00 | NaN
  54 | 13,56 | 279,438 | 756,25 | 874,93 | 760,54 |  0,00 | 1,369 | 44,35 | 44,35 |  0,00 | 3,804 | 359,92 | 359,92 | 33,64 | 1220,683 | 234,06 | 352,74 |  0,00 | 578,874 | 117,92 | 117,92 | 1176,814 |   NaN | NaN | 0,00 | 0,00 | NaN
  55 | 14,20 | 281,331 | 755,99 | 881,10 | 760,27 |  0,00 | 1,354 | 44,35 | 44,35 |  0,00 | 3,039 | 357,52 | 357,52 | 34,63 | 1211,106 | 236,20 | 361,31 |  0,00 | 612,550 | 117,92 | 117,92 | 1244,319 |   NaN | NaN | 0,00 | 0,00 | NaN
  56 | 13,58 | 279,910 | 755,08 | 873,77 | 759,35 |  0,00 | 1,359 | 44,35 | 44,35 |  0,00 | 3,560 | 357,61 | 357,61 | 33,54 | 1218,387 | 235,20 | 353,89 |  0,00 | 570,388 | 117,92 | 117,92 | 1159,896 |   NaN | NaN | 0,00 | 0,00 | NaN
  57 | 14,05 | 278,800 | 756,18 | 879,80 | 760,45 |  0,00 | 1,356 | 44,35 | 44,35 |  0,00 | 3,868 | 357,58 | 357,58 | 34,34 | 1210,140 | 236,33 | 359,95 |  0,00 | 562,768 | 117,92 | 117,92 | 1144,528 |   NaN | NaN | 0,00 | 0,00 | NaN
  58 | 14,24 | 282,108 | 755,74 | 881,24 | 760,04 |  0,00 | 1,385 | 44,35 | 44,35 |  0,00 | 3,873 | 361,23 | 361,23 | 35,08 | 1246,405 | 232,24 | 357,74 |  0,00 | 564,388 | 117,92 | 117,92 | 1147,762 |   NaN | NaN | 0,00 | 0,00 | NaN
  59 | 14,83 | 275,847 | 755,80 | 887,45 | 760,08 |  0,00 | 1,404 | 44,35 | 44,35 |  0,00 | 2,878 | 358,75 | 358,75 | 35,93 | 1184,332 | 234,77 | 366,42 |  0,00 | 639,175 | 117,92 | 117,92 | 1297,833 |   NaN | NaN | 0,00 | 0,00 | NaN
  60 | 14,43 | 280,432 | 754,90 | 882,16 | 759,16 |  0,00 | 1,339 | 44,35 | 44,35 |  0,00 | 3,408 | 361,03 | 361,03 | 35,46 | 1239,502 | 231,60 | 358,85 |  0,00 | 572,061 | 117,92 | 117,92 | 1163,122 |   NaN | NaN | 0,00 | 0,00 | NaN
  61 | 14,93 | 281,911 | 754,60 | 887,01 | 758,89 |  0,00 | 1,361 | 44,35 | 44,35 |  0,00 | 4,415 | 362,37 | 362,37 | 36,54 | 1248,245 | 229,96 | 362,37 |  0,00 | 592,096 | 117,92 | 117,92 | 1203,228 |   NaN | NaN | 0,00 | 0,00 | NaN
  62 | 14,63 | 283,243 | 755,03 | 884,40 | 759,33 |  0,00 | 1,423 | 44,35 | 44,35 |  0,00 | 3,970 | 359,15 | 359,15 | 35,64 | 1242,939 | 233,61 | 362,99 |  0,00 | 568,971 | 117,92 | 117,92 | 1156,998 |   NaN | NaN | 0,00 | 0,00 | NaN
  63 | 14,59 | 278,438 | 755,68 | 884,81 | 759,94 |  0,00 | 1,379 | 44,35 | 44,35 |  0,00 | 3,065 | 363,28 | 363,28 | 35,94 | 1228,908 | 230,12 | 359,26 |  0,00 | 608,142 | 117,92 | 117,92 | 1235,495 |   NaN | NaN | 0,00 | 0,00 | NaN
  64 | 13,35 | 276,852 | 755,46 | 871,85 | 759,77 |  0,00 | 1,422 | 44,35 | 44,35 |  0,00 | 3,633 | 356,05 | 356,05 | 32,92 | 1191,558 | 237,14 | 353,53 |  0,00 | 578,732 | 117,92 | 117,92 | 1176,539 |   NaN | NaN | 0,00 | 0,00 | NaN

= = = = = = = = = = = = AVERAGE RESULTS system = = = = = = = = = = = =
meanPLR_system | 14,293441 
meanDelay_system | 283,318083 
meanLoad_system | 881,480224 
meanTHR_system | 755,457742 
meanGate_system | 759,741857 

meanPLR_EF_system | 0,000000 
meanPLR_AF_system | 0,000000 
meanPLR_BE_system | 35,057059 
meanPLR_FLA_system | 0,000000 
meanPLR_FLB_system | NaN 

meanTHR_EF_system | 44,352001 
meanTHR_AF_system | 359,816408 
meanTHR_BE_system | 233,370409 
meanTHR_FLA_system | 120,896872 
meanTHR_FLB_system | 0,000000 

meanLoad_EF_system | 44,352001 
meanLoad_AF_system | 359,816408 
meanLoad_BE_system | 359,392890 
meanLoad_FLA_system | 120,896872 
meanLoad_FLB_system | 0,000000 

meanDELAY_EF_system | 1,383279 
meanDELAY_AF_system | 8,186557 
meanDELAY_BE_system | 1257,218898 
meanDELAY_FLA_system | 501,282212 
meanDELAY_FLB_system | NaN 
meanDELAY_CompleteFLA_system | 1021,720581 
meanDELAY_CompleteFLB_system | NaN 

= = = = = = = = = = = = AVERAGE RESULTS = = = = = = = = = = = =
Packet Loss Ratio: 14,30 (%)
PROCESSED PACKAGES: 1420541448 
DISCARTED PACKAGES: 153743225 
TOTAL PACKAGES: 1574284673 
AVERAGE DELAY: 51633,08 (ms) 
AVERAGE THROUGHPUT: 755,46 (Mbps) 
GRANTED THROUGHPUT: 48623,48 (Mbps) By 64 ONUs
EFFECTIVE THROUGHPUT: 48349,30 (Mbps) By 64 ONUs
TOTAL LOAD: 56414,73 (Mbps) By 64 ONUs
ON Arrival THROUGHPUT: 0,00 (Mbps) By 64 ONUs
FINISHTIMEFL: 118,792156 
FINISHTIME: 121,792156 


fileName | IPACT_LEAKYBUCKET_1_68_96_0 
