
ONU ID 	|  PLR(%) | Delay(ms) | Throughput(Mbps) | Granted Throughput(Mbps) | Total Load (Mbps) 

  ID |  PLR(%) |  D  | Thr |  Gates  |  Load  | PLR-EF | D-EF | ThrEF | LoadEF | PLR-AF | D-AF | ThrAF | LoadAF | PLR-BE | D-BE | ThrBE | LoadBE | PLR-FA | D-FA | ThrFA | LoadFA | DTFA |  PLR-FB | D-FB | ThrFB | LoadFB | DTFB | 
   1 |  0,00 | 0,766 | 643,13 | 643,13 | 671,63 |  0,00 | 0,290 | 44,35 | 44,35 |  0,00 | 0,291 | 285,11 | 285,11 |  0,00 | 0,766 | 277,67 | 277,67 |  0,00 | 20,441 | 36,00 | 36,00 | 63,477 |   NaN | NaN | 0,00 | 0,00 | NaN
   2 |  0,00 | 1,066 | 645,24 | 645,24 | 677,12 |  0,00 | 0,302 | 44,35 | 44,35 |  0,00 | 0,302 | 284,90 | 284,90 |  0,00 | 1,028 | 279,99 | 279,99 |  0,00 | 33,175 | 36,00 | 36,00 | 87,716 |   NaN | NaN | 0,00 | 0,00 | NaN
   3 |  0,00 | 0,822 | 640,56 | 640,56 | 666,95 |  0,00 | 0,239 | 44,35 | 44,35 |  0,00 | 0,242 | 280,63 | 280,63 |  0,00 | 0,857 | 279,58 | 279,58 |  0,00 | 24,207 | 36,00 | 36,00 | 66,290 |   NaN | NaN | 0,00 | 0,00 | NaN
   4 |  0,00 | 0,698 | 647,25 | 647,25 | 673,65 |  0,00 | 0,245 | 44,35 | 44,35 |  0,00 | 0,243 | 285,35 | 285,35 |  0,00 | 0,751 | 281,55 | 281,55 |  0,00 | 18,719 | 36,00 | 36,00 | 58,091 |   NaN | NaN | 0,00 | 0,00 | NaN
   5 |  0,00 | 0,754 | 641,76 | 641,76 | 668,46 |  0,00 | 0,270 | 44,35 | 44,35 |  0,00 | 0,267 | 281,01 | 281,01 |  0,00 | 0,801 | 280,40 | 280,40 |  0,00 | 20,018 | 36,00 | 36,00 | 63,025 |   NaN | NaN | 0,00 | 0,00 | NaN
   6 |  0,00 | 0,715 | 645,52 | 645,52 | 671,86 |  0,00 | 0,219 | 44,35 | 44,35 |  0,00 | 0,217 | 282,93 | 282,93 |  0,00 | 0,821 | 282,24 | 282,24 |  0,00 | 19,610 | 36,00 | 36,00 | 60,942 |   NaN | NaN | 0,00 | 0,00 | NaN
   7 |  0,00 | 0,910 | 644,31 | 644,31 | 670,72 |  0,00 | 0,237 | 44,35 | 44,35 |  0,00 | 0,241 | 282,90 | 282,90 |  0,00 | 0,999 | 281,06 | 281,06 |  0,00 | 27,270 | 36,00 | 36,00 | 76,207 |   NaN | NaN | 0,00 | 0,00 | NaN
   8 |  0,00 | 0,810 | 644,07 | 644,07 | 672,03 |  0,00 | 0,287 | 44,35 | 44,35 |  0,00 | 0,283 | 280,77 | 280,77 |  0,00 | 0,803 | 282,95 | 282,95 |  0,00 | 22,461 | 36,00 | 36,00 | 67,053 |   NaN | NaN | 0,00 | 0,00 | NaN
   9 |  0,00 | 0,683 | 645,93 | 645,93 | 672,32 |  0,00 | 0,227 | 44,35 | 44,35 |  0,00 | 0,227 | 282,51 | 282,51 |  0,00 | 0,768 | 283,07 | 283,07 |  0,00 | 18,198 | 36,00 | 36,00 | 57,624 |   NaN | NaN | 0,00 | 0,00 | NaN
  10 |  0,00 | 0,794 | 641,87 | 641,87 | 669,89 |  0,00 | 0,288 | 44,35 | 44,35 |  0,00 | 0,288 | 281,30 | 281,30 |  0,00 | 0,774 | 280,22 | 280,22 |  0,00 | 21,929 | 36,00 | 36,00 | 63,815 |   NaN | NaN | 0,00 | 0,00 | NaN
  11 |  0,00 | 5,204 | 640,75 | 640,75 | 667,15 |  0,00 | 0,227 | 44,35 | 44,35 |  0,00 | 0,231 | 278,28 | 278,28 |  0,00 | 11,762 | 282,11 | 282,11 |  0,00 | 112,192 | 36,00 | 36,00 | 269,269 |   NaN | NaN | 0,00 | 0,00 | NaN
  12 |  0,00 | 0,717 | 643,11 | 643,11 | 671,47 |  0,00 | 0,290 | 44,35 | 44,35 |  0,00 | 0,286 | 281,39 | 281,39 |  0,00 | 0,711 | 281,36 | 281,36 |  0,00 | 18,464 | 36,00 | 36,00 | 58,247 |   NaN | NaN | 0,00 | 0,00 | NaN
  13 |  0,00 | 1,051 | 637,23 | 637,23 | 663,77 |  0,00 | 0,254 | 44,35 | 44,35 |  0,00 | 0,253 | 279,81 | 279,81 |  0,00 | 1,175 | 277,08 | 277,08 |  0,00 | 31,954 | 36,00 | 36,00 | 85,210 |   NaN | NaN | 0,00 | 0,00 | NaN
  14 |  0,00 | 0,807 | 644,22 | 644,22 | 673,90 |  0,00 | 0,295 | 44,35 | 44,35 |  0,00 | 0,292 | 281,98 | 281,98 |  0,00 | 0,758 | 281,89 | 281,89 |  0,00 | 22,634 | 36,00 | 36,00 | 63,973 |   NaN | NaN | 0,00 | 0,00 | NaN
  15 |  0,00 | 0,832 | 640,51 | 640,51 | 668,90 |  0,00 | 0,289 | 44,35 | 44,35 |  0,00 | 0,287 | 276,91 | 276,91 |  0,00 | 0,846 | 283,25 | 283,25 |  0,00 | 22,840 | 36,00 | 36,00 | 68,432 |   NaN | NaN | 0,00 | 0,00 | NaN
  16 |  0,00 | 0,729 | 649,92 | 649,92 | 677,11 |  0,00 | 0,281 | 44,35 | 44,35 |  0,00 | 0,284 | 282,66 | 282,66 |  0,00 | 0,728 | 286,91 | 286,91 |  0,00 | 19,160 | 36,00 | 36,00 | 59,383 |   NaN | NaN | 0,00 | 0,00 | NaN
  17 |  0,00 | 0,705 | 645,32 | 645,32 | 674,52 |  0,00 | 0,294 | 44,35 | 44,35 |  0,00 | 0,295 | 283,50 | 283,50 |  0,00 | 0,651 | 281,46 | 281,46 |  0,00 | 18,474 | 36,00 | 36,00 | 57,801 |   NaN | NaN | 0,00 | 0,00 | NaN
  18 |  0,00 | 1,158 | 640,27 | 640,27 | 666,94 |  0,00 | 0,270 | 44,35 | 44,35 |  0,00 | 0,271 | 279,84 | 279,84 |  0,00 | 1,278 | 280,07 | 280,07 |  0,00 | 35,828 | 36,00 | 36,00 | 91,386 |   NaN | NaN | 0,00 | 0,00 | NaN
  19 |  0,00 | 2,841 | 635,30 | 635,30 | 661,87 |  0,00 | 0,261 | 44,35 | 44,35 |  0,00 | 0,257 | 276,72 | 276,72 |  0,00 | 3,565 | 278,23 | 278,23 |  0,00 | 97,826 | 36,00 | 36,00 | 178,980 |   NaN | NaN | 0,00 | 0,00 | NaN
  20 |  0,00 | 3,546 | 639,08 | 639,08 | 665,61 |  0,00 | 0,257 | 44,35 | 44,35 |  0,00 | 0,252 | 282,02 | 282,02 |  0,00 | 7,588 | 276,72 | 276,72 |  0,00 | 80,462 | 36,00 | 36,00 | 200,753 |   NaN | NaN | 0,00 | 0,00 | NaN
  21 |  0,00 | 0,726 | 633,37 | 633,37 | 659,88 |  0,00 | 0,261 | 44,35 | 44,35 |  0,00 | 0,263 | 277,49 | 277,49 |  0,00 | 0,757 | 275,53 | 275,53 |  0,00 | 19,287 | 36,00 | 36,00 | 59,579 |   NaN | NaN | 0,00 | 0,00 | NaN
  22 |  0,00 | 0,705 | 647,50 | 647,50 | 678,55 |  0,00 | 0,300 | 44,35 | 44,35 |  0,00 | 0,299 | 286,59 | 286,59 |  0,00 | 0,671 | 280,56 | 280,56 |  0,00 | 17,967 | 36,00 | 36,00 | 57,559 |   NaN | NaN | 0,00 | 0,00 | NaN
  23 |  0,00 | 6,666 | 643,51 | 643,51 | 670,85 |  0,00 | 0,282 | 44,35 | 44,35 |  0,00 | 0,289 | 281,75 | 281,75 |  0,00 | 14,235 | 281,41 | 281,41 |  0,00 | 157,742 | 36,00 | 36,00 | 325,262 |   NaN | NaN | 0,00 | 0,00 | NaN
  24 |  0,00 | 1,009 | 646,16 | 646,16 | 672,61 |  0,00 | 0,244 | 44,35 | 44,35 |  0,00 | 0,241 | 281,26 | 281,26 |  0,00 | 1,102 | 284,55 | 284,55 |  0,00 | 31,138 | 36,00 | 36,00 | 83,286 |   NaN | NaN | 0,00 | 0,00 | NaN
  25 |  0,00 | 0,722 | 647,66 | 647,66 | 679,18 |  0,00 | 0,301 | 44,35 | 44,35 |  0,00 | 0,303 | 280,78 | 280,78 |  0,00 | 0,646 | 286,54 | 286,54 |  0,00 | 19,118 | 36,00 | 36,00 | 59,791 |   NaN | NaN | 0,00 | 0,00 | NaN
  26 |  0,00 | 0,926 | 640,28 | 640,28 | 670,63 |  0,00 | 0,297 | 44,35 | 44,35 |  0,00 | 0,301 | 280,75 | 280,75 |  0,00 | 0,906 | 279,18 | 279,18 |  0,00 | 27,039 | 36,00 | 36,00 | 73,244 |   NaN | NaN | 0,00 | 0,00 | NaN
  27 |  0,00 | 1,063 | 640,92 | 640,92 | 667,28 |  0,00 | 0,224 | 44,35 | 44,35 |  0,00 | 0,219 | 282,61 | 282,61 |  0,00 | 1,297 | 277,97 | 277,97 |  0,00 | 32,301 | 36,00 | 36,00 | 89,029 |   NaN | NaN | 0,00 | 0,00 | NaN
  28 |  0,00 | 6,208 | 637,31 | 637,31 | 665,82 |  0,00 | 0,290 | 44,35 | 44,35 |  0,00 | 0,283 | 281,26 | 281,26 |  0,00 | 13,465 | 275,70 | 275,70 |  0,00 | 144,944 | 36,00 | 36,00 | 303,535 |   NaN | NaN | 0,00 | 0,00 | NaN
  29 |  0,00 | 5,606 | 644,47 | 644,47 | 671,16 |  0,00 | 0,269 | 44,35 | 44,35 |  0,00 | 0,266 | 281,90 | 281,90 |  0,00 | 12,224 | 282,22 | 282,22 |  0,00 | 127,555 | 36,00 | 36,00 | 293,422 |   NaN | NaN | 0,00 | 0,00 | NaN
  30 |  0,00 | 1,501 | 640,59 | 640,59 | 671,69 |  0,00 | 0,300 | 44,35 | 44,35 |  0,00 | 0,296 | 279,59 | 279,59 |  0,00 | 2,035 | 280,64 | 280,64 |  0,00 | 42,981 | 36,00 | 36,00 | 111,581 |   NaN | NaN | 0,00 | 0,00 | NaN
  31 |  0,00 | 6,614 | 640,60 | 640,60 | 667,30 |  0,00 | 0,267 | 44,35 | 44,35 |  0,00 | 0,269 | 281,94 | 281,94 |  0,00 | 14,300 | 278,31 | 278,31 |  0,00 | 155,896 | 36,00 | 36,00 | 322,334 |   NaN | NaN | 0,00 | 0,00 | NaN
  32 |  0,00 | 5,308 | 644,83 | 644,83 | 671,27 |  0,00 | 0,223 | 44,35 | 44,35 |  0,00 | 0,225 | 281,70 | 281,70 |  0,00 | 12,540 | 282,78 | 282,78 |  0,00 | 107,429 | 36,00 | 36,00 | 263,466 |   NaN | NaN | 0,00 | 0,00 | NaN
  33 |  0,00 | 2,765 | 640,72 | 640,72 | 668,90 |  0,00 | 0,288 | 44,35 | 44,35 |  0,00 | 0,290 | 279,77 | 279,77 |  0,00 | 5,319 | 280,60 | 280,60 |  0,00 | 66,913 | 36,00 | 36,00 | 173,577 |   NaN | NaN | 0,00 | 0,00 | NaN
  34 |  0,00 | 0,821 | 640,46 | 640,46 | 667,55 |  0,00 | 0,280 | 44,35 | 44,35 |  0,00 | 0,277 | 281,03 | 281,03 |  0,00 | 0,929 | 279,09 | 279,09 |  0,00 | 21,533 | 36,00 | 36,00 | 67,995 |   NaN | NaN | 0,00 | 0,00 | NaN
  35 |  0,00 | 0,680 | 647,62 | 647,62 | 674,01 |  0,00 | 0,229 | 44,35 | 44,35 |  0,00 | 0,230 | 283,27 | 283,27 |  0,00 | 0,750 | 283,99 | 283,99 |  0,00 | 18,236 | 36,00 | 36,00 | 57,818 |   NaN | NaN | 0,00 | 0,00 | NaN
  36 |  0,00 | 0,922 | 641,45 | 641,45 | 668,83 |  0,00 | 0,282 | 44,35 | 44,35 |  0,00 | 0,282 | 278,01 | 278,01 |  0,00 | 0,998 | 283,09 | 283,09 |  0,00 | 26,028 | 36,00 | 36,00 | 73,387 |   NaN | NaN | 0,00 | 0,00 | NaN
  37 |  0,00 | 5,358 | 647,36 | 647,36 | 673,97 |  0,00 | 0,265 | 44,35 | 44,35 |  0,00 | 0,267 | 285,38 | 285,38 |  0,00 | 12,625 | 281,62 | 281,62 |  0,00 | 108,706 | 36,00 | 36,00 | 266,068 |   NaN | NaN | 0,00 | 0,00 | NaN
  38 |  0,00 | 1,310 | 646,28 | 646,28 | 672,82 |  0,00 | 0,256 | 44,35 | 44,35 |  0,00 | 0,250 | 282,94 | 282,94 |  0,00 | 1,647 | 282,99 | 282,99 |  0,00 | 39,819 | 36,00 | 36,00 | 104,920 |   NaN | NaN | 0,00 | 0,00 | NaN
  39 |  0,00 | 2,871 | 633,58 | 633,58 | 664,66 |  0,00 | 0,300 | 44,35 | 44,35 |  0,00 | 0,296 | 277,60 | 277,60 |  0,00 | 5,533 | 275,63 | 275,63 |  0,00 | 69,781 | 36,00 | 36,00 | 177,558 |   NaN | NaN | 0,00 | 0,00 | NaN
  40 |  0,00 | 1,097 | 637,12 | 637,12 | 668,11 |  0,00 | 0,300 | 44,35 | 44,35 |  0,00 | 0,295 | 281,41 | 281,41 |  0,00 | 1,121 | 275,37 | 275,37 |  0,00 | 33,619 | 36,00 | 36,00 | 89,633 |   NaN | NaN | 0,00 | 0,00 | NaN
  41 |  0,00 | 7,027 | 646,00 | 646,00 | 673,57 |  0,00 | 0,283 | 44,35 | 44,35 |  0,00 | 0,292 | 278,67 | 278,67 |  0,00 | 15,501 | 286,98 | 286,98 |  0,00 | 156,065 | 36,00 | 36,00 | 328,871 |   NaN | NaN | 0,00 | 0,00 | NaN
  42 |  0,00 | 5,681 | 647,97 | 647,97 | 674,36 |  0,00 | 0,229 | 44,35 | 44,35 |  0,00 | 0,223 | 283,59 | 283,59 |  0,00 | 12,780 | 284,02 | 284,02 |  0,00 | 125,100 | 36,00 | 36,00 | 292,520 |   NaN | NaN | 0,00 | 0,00 | NaN
  43 |  0,00 | 3,090 | 651,27 | 651,27 | 681,97 |  0,00 | 0,307 | 44,35 | 44,35 |  0,00 | 0,308 | 286,14 | 286,14 |  0,00 | 6,334 | 284,78 | 284,78 |  0,00 | 69,856 | 36,00 | 36,00 | 178,876 |   NaN | NaN | 0,00 | 0,00 | NaN
  44 |  0,00 | 6,577 | 645,26 | 645,26 | 671,63 |  0,00 | 0,219 | 44,35 | 44,35 |  0,00 | 0,221 | 280,75 | 280,75 |  0,00 | 14,053 | 284,16 | 284,16 |  0,00 | 156,643 | 36,00 | 36,00 | 321,084 |   NaN | NaN | 0,00 | 0,00 | NaN
  45 |  0,00 | 6,256 | 640,63 | 640,63 | 673,03 |  0,00 | 0,303 | 44,35 | 44,35 |  0,00 | 0,307 | 283,78 | 283,78 |  0,00 | 13,643 | 276,51 | 276,51 |  0,00 | 144,878 | 36,00 | 36,00 | 318,698 |   NaN | NaN | 0,00 | 0,00 | NaN
  46 |  0,00 | 3,740 | 641,95 | 641,95 | 668,42 |  0,00 | 0,243 | 44,35 | 44,35 |  0,00 | 0,241 | 279,29 | 279,29 |  0,00 | 8,086 | 282,32 | 282,32 |  0,00 | 82,979 | 36,00 | 36,00 | 208,149 |   NaN | NaN | 0,00 | 0,00 | NaN
  47 |  0,00 | 6,199 | 640,82 | 640,82 | 667,23 |  0,00 | 0,241 | 44,35 | 44,35 |  0,00 | 0,239 | 282,47 | 282,47 |  0,00 | 13,016 | 277,99 | 277,99 |  0,00 | 152,411 | 36,00 | 36,00 | 311,324 |   NaN | NaN | 0,00 | 0,00 | NaN
  48 |  0,00 | 6,237 | 640,13 | 640,13 | 666,83 |  0,00 | 0,270 | 44,35 | 44,35 |  0,00 | 0,267 | 279,65 | 279,65 |  0,00 | 13,368 | 280,13 | 280,13 |  0,00 | 146,597 | 36,00 | 36,00 | 312,473 |   NaN | NaN | 0,00 | 0,00 | NaN
  49 |  0,00 | 6,160 | 640,78 | 640,78 | 668,18 |  0,00 | 0,282 | 44,35 | 44,35 |  0,00 | 0,282 | 281,73 | 281,73 |  0,00 | 12,772 | 278,69 | 278,69 |  0,00 | 151,564 | 36,00 | 36,00 | 314,185 |   NaN | NaN | 0,00 | 0,00 | NaN
  50 |  0,00 | 3,307 | 644,70 | 644,70 | 671,16 |  0,00 | 0,237 | 44,35 | 44,35 |  0,00 | 0,239 | 283,76 | 283,76 |  0,00 | 6,756 | 280,59 | 280,59 |  0,00 | 79,274 | 36,00 | 36,00 | 197,918 |   NaN | NaN | 0,00 | 0,00 | NaN
  51 |  0,00 | 7,328 | 643,48 | 643,48 | 669,91 |  0,00 | 0,235 | 44,35 | 44,35 |  0,00 | 0,239 | 280,86 | 280,86 |  0,00 | 17,038 | 282,27 | 282,27 |  0,00 | 155,370 | 36,00 | 36,00 | 329,221 |   NaN | NaN | 0,00 | 0,00 | NaN
  52 |  0,00 | 6,288 | 642,72 | 642,72 | 669,34 |  0,00 | 0,261 | 44,35 | 44,35 |  0,00 | 0,262 | 277,89 | 277,89 |  0,00 | 13,801 | 284,48 | 284,48 |  0,00 | 141,080 | 36,00 | 36,00 | 314,272 |   NaN | NaN | 0,00 | 0,00 | NaN
  53 |  0,00 | 4,514 | 643,80 | 643,80 | 670,32 |  0,00 | 0,248 | 44,35 | 44,35 |  0,00 | 0,244 | 283,18 | 283,18 |  0,00 | 9,840 | 280,27 | 280,27 |  0,00 | 102,288 | 36,00 | 36,00 | 246,291 |   NaN | NaN | 0,00 | 0,00 | NaN
  54 |  0,00 | 6,200 | 638,72 | 638,72 | 665,27 |  0,00 | 0,251 | 44,35 | 44,35 |  0,00 | 0,256 | 281,63 | 281,63 |  0,00 | 13,742 | 276,75 | 276,75 |  0,00 | 141,612 | 36,00 | 36,00 | 316,091 |   NaN | NaN | 0,00 | 0,00 | NaN
  55 |  0,00 | 1,228 | 639,58 | 639,58 | 665,98 |  0,00 | 0,236 | 44,35 | 44,35 |  0,00 | 0,229 | 278,06 | 278,06 |  0,00 | 1,539 | 281,17 | 281,17 |  0,00 | 37,386 | 36,00 | 36,00 | 99,325 |   NaN | NaN | 0,00 | 0,00 | NaN
  56 |  0,00 | 6,567 | 639,49 | 639,49 | 665,92 |  0,00 | 0,242 | 44,35 | 44,35 |  0,00 | 0,241 | 279,28 | 279,28 |  0,00 | 14,477 | 279,86 | 279,86 |  0,00 | 150,180 | 36,00 | 36,00 | 315,993 |   NaN | NaN | 0,00 | 0,00 | NaN
  57 |  0,00 | 6,475 | 642,05 | 642,05 | 668,54 |  0,00 | 0,239 | 44,35 | 44,35 |  0,00 | 0,233 | 280,38 | 280,38 |  0,00 | 14,257 | 281,32 | 281,32 |  0,00 | 148,136 | 36,00 | 36,00 | 308,937 |   NaN | NaN | 0,00 | 0,00 | NaN
  58 |  0,00 | 6,614 | 643,25 | 643,25 | 669,96 |  0,00 | 0,267 | 44,35 | 44,35 |  0,00 | 0,267 | 281,51 | 281,51 |  0,00 | 14,282 | 281,40 | 281,40 |  0,00 | 154,806 | 36,00 | 36,00 | 317,796 |   NaN | NaN | 0,00 | 0,00 | NaN
  59 |  0,00 | 0,912 | 646,77 | 646,77 | 674,61 |  0,00 | 0,286 | 44,35 | 44,35 |  0,00 | 0,282 | 280,76 | 280,76 |  0,00 | 0,925 | 285,66 | 285,66 |  0,00 | 26,495 | 36,00 | 36,00 | 73,605 |   NaN | NaN | 0,00 | 0,00 | NaN
  60 |  0,00 | 6,579 | 642,37 | 642,37 | 668,80 |  0,00 | 0,221 | 44,35 | 44,35 |  0,00 | 0,224 | 280,82 | 280,82 |  0,00 | 14,439 | 281,20 | 281,20 |  0,00 | 152,178 | 36,00 | 36,00 | 326,517 |   NaN | NaN | 0,00 | 0,00 | NaN
  61 |  0,00 | 4,177 | 646,42 | 646,42 | 672,92 |  0,00 | 0,244 | 44,35 | 44,35 |  0,00 | 0,241 | 283,00 | 283,00 |  0,00 | 9,320 | 283,07 | 283,07 |  0,00 | 90,094 | 36,00 | 36,00 | 225,873 |   NaN | NaN | 0,00 | 0,00 | NaN
  62 |  0,00 | 6,782 | 646,17 | 646,17 | 679,12 |  0,00 | 0,305 | 44,35 | 44,35 |  0,00 | 0,305 | 283,18 | 283,18 |  0,00 | 14,822 | 282,64 | 282,64 |  0,00 | 154,790 | 36,00 | 36,00 | 327,012 |   NaN | NaN | 0,00 | 0,00 | NaN
  63 |  0,00 | 1,789 | 643,49 | 643,49 | 670,05 |  0,00 | 0,261 | 44,35 | 44,35 |  0,00 | 0,262 | 282,99 | 282,99 |  0,00 | 2,875 | 280,15 | 280,15 |  0,00 | 48,790 | 36,00 | 36,00 | 127,126 |   NaN | NaN | 0,00 | 0,00 | NaN
  64 |  0,00 | 6,612 | 639,34 | 639,34 | 671,98 |  0,00 | 0,304 | 44,35 | 44,35 |  0,00 | 0,307 | 280,14 | 280,14 |  0,00 | 15,353 | 278,85 | 278,85 |  0,00 | 138,038 | 36,00 | 36,00 | 311,976 |   NaN | NaN | 0,00 | 0,00 | NaN

= = = = = = = = = = = = AVERAGE RESULTS system = = = = = = = = = = = =
meanPLR_system | 0,000000 
meanDelay_system | 3,200403 
meanLoad_system | 642,723677 
meanTHR_system | 642,723677 
meanGate_system | 670,469195 

meanPLR_EF_system | 0,000000 
meanPLR_AF_system | 0,000000 
meanPLR_BE_system | 0,000000 
meanPLR_FLA_system | 0,000000 
meanPLR_FLB_system | NaN 

meanTHR_EF_system | 44,352002 
meanTHR_AF_system | 281,422426 
meanTHR_BE_system | 280,950559 
meanTHR_FLA_system | 36,622921 
meanTHR_FLB_system | 0,000000 

meanLoad_EF_system | 44,352002 
meanLoad_AF_system | 281,422426 
meanLoad_BE_system | 280,950559 
meanLoad_FLA_system | 36,622921 
meanLoad_FLB_system | 0,000000 

meanDELAY_EF_system | 0,265539 
meanDELAY_AF_system | 0,264987 
meanDELAY_BE_system | 6,461667 
meanDELAY_FLA_system | 75,945378 
meanDELAY_FLB_system | NaN 
meanDELAY_CompleteFLA_system | 176,169544 
meanDELAY_CompleteFLB_system | NaN 

= = = = = = = = = = = = AVERAGE RESULTS = = = = = = = = = = = =
Packet Loss Ratio: 00,00 (%)
PROCESSED PACKAGES: 1920729123 
DISCARTED PACKAGES: 0 
TOTAL PACKAGES: 1920729123 
AVERAGE DELAY: 545,60 (ms) 
AVERAGE THROUGHPUT: 642,72 (Mbps) 
GRANTED THROUGHPUT: 42910,03 (Mbps) By 64 ONUs
EFFECTIVE THROUGHPUT: 41134,32 (Mbps) By 64 ONUs
TOTAL LOAD: 41134,32 (Mbps) By 64 ONUs
ON Arrival THROUGHPUT: 0,00 (Mbps) By 64 ONUs
FINISHTIMEFL: 173,006405 
FINISHTIME: 176,006405 


fileName | IPACT_STRICTPRIORITYFIRSTAF_4_30_75_0 
