
ONU ID 	|  PLR(%) | Delay(ms) | Throughput(Mbps) | Granted Throughput(Mbps) | Total Load (Mbps) 

  ID |  PLR(%) |  D  | Thr |  Gates  |  Load  | PLR-EF | D-EF | ThrEF | LoadEF | PLR-AF | D-AF | ThrAF | LoadAF | PLR-BE | D-BE | ThrBE | LoadBE | PLR-FA | D-FA | ThrFA | LoadFA | DTFA |  PLR-FB | D-FB | ThrFB | LoadFB | DTFB | 
   1 |  6,66 | 286,338 | 755,47 | 809,39 | 759,78 |  0,00 | 1,406 | 44,35 | 44,35 |  0,00 | 11,562 | 358,37 | 358,37 | 15,58 | 1117,544 | 292,19 | 346,11 |  0,00 | 256,825 | 60,56 | 60,56 | 532,862 |   NaN | NaN | 0,00 | 0,00 | NaN
   2 |  6,96 | 264,234 | 753,63 | 810,04 | 757,99 |  0,00 | 1,418 | 44,35 | 44,35 |  0,00 | 2,175 | 353,17 | 353,17 | 16,03 | 984,973 | 295,55 | 351,96 |  0,00 | 634,089 | 60,56 | 60,56 | 1287,235 |   NaN | NaN | 0,00 | 0,00 | NaN
   3 |  6,79 | 268,477 | 753,68 | 808,58 | 757,99 |  0,00 | 1,354 | 44,35 | 44,35 |  0,00 | 2,980 | 352,30 | 352,30 | 15,62 | 1001,015 | 296,48 | 351,38 |  0,00 | 607,321 | 60,56 | 60,56 | 1233,794 |   NaN | NaN | 0,00 | 0,00 | NaN
   4 |  7,75 | 285,882 | 754,69 | 818,13 | 759,13 |  0,00 | 1,360 | 44,35 | 44,35 |  0,00 | 18,389 | 359,89 | 359,89 | 17,96 | 1121,120 | 289,89 | 353,34 |  0,00 | 201,844 | 60,56 | 60,56 | 422,863 |   NaN | NaN | 0,00 | 0,00 | NaN
   5 |  6,59 | 258,422 | 755,48 | 808,77 | 759,82 |  0,00 | 1,386 | 44,35 | 44,35 |  0,00 | 2,808 | 352,62 | 352,62 | 15,17 | 934,740 | 297,95 | 351,24 |  0,00 | 819,387 | 60,56 | 60,56 | 1657,902 |   NaN | NaN | 0,00 | 0,00 | NaN
   6 |  7,45 | 269,046 | 753,88 | 814,59 | 758,18 |  0,00 | 1,334 | 44,35 | 44,35 |  0,00 | 2,419 | 356,02 | 356,02 | 17,17 | 1006,296 | 292,95 | 353,65 |  0,00 | 694,745 | 60,56 | 60,56 | 1408,740 |   NaN | NaN | 0,00 | 0,00 | NaN
   7 |  6,92 | 280,197 | 755,06 | 811,22 | 759,37 |  0,00 | 1,353 | 44,35 | 44,35 |  0,00 | 7,013 | 354,62 | 354,62 | 15,97 | 1074,677 | 295,53 | 351,69 |  0,00 | 360,897 | 60,56 | 60,56 | 740,893 |   NaN | NaN | 0,00 | 0,00 | NaN
   8 |  7,23 | 270,048 | 754,18 | 812,91 | 758,52 |  0,00 | 1,403 | 44,35 | 44,35 |  0,00 | 2,769 | 351,24 | 351,24 | 16,46 | 997,535 | 298,03 | 356,77 |  0,00 | 652,682 | 60,56 | 60,56 | 1324,387 |   NaN | NaN | 0,00 | 0,00 | NaN
   9 |  7,34 | 275,842 | 754,22 | 813,98 | 758,54 |  0,00 | 1,342 | 44,35 | 44,35 |  0,00 | 4,487 | 357,20 | 357,20 | 16,98 | 1058,329 | 292,12 | 351,87 |  0,00 | 479,260 | 60,56 | 60,56 | 977,531 |   NaN | NaN | 0,00 | 0,00 | NaN
  10 |  6,85 | 280,636 | 754,90 | 810,40 | 759,25 |  0,00 | 1,403 | 44,35 | 44,35 |  0,00 | 13,321 | 353,15 | 353,15 | 15,75 | 1077,146 | 296,85 | 352,34 |  0,00 | 236,307 | 60,56 | 60,56 | 491,765 |   NaN | NaN | 0,00 | 0,00 | NaN
  11 |  6,32 | 258,317 | 753,85 | 804,74 | 758,17 |  0,00 | 1,343 | 44,35 | 44,35 |  0,00 | 2,025 | 346,01 | 346,01 | 14,38 | 890,215 | 302,92 | 353,82 |  0,00 | 1092,304 | 60,56 | 60,56 | 2203,878 |   NaN | NaN | 0,00 | 0,00 | NaN
  12 |  6,83 | 269,576 | 754,35 | 809,65 | 758,68 |  0,00 | 1,405 | 44,35 | 44,35 |  0,00 | 3,404 | 352,68 | 352,68 | 15,71 | 992,459 | 296,76 | 352,06 |  0,00 | 717,716 | 60,56 | 60,56 | 1454,498 |   NaN | NaN | 0,00 | 0,00 | NaN
  13 |  5,70 | 258,649 | 754,72 | 800,33 | 759,03 |  0,00 | 1,370 | 44,35 | 44,35 |  0,00 | 2,230 | 348,63 | 348,63 | 13,15 | 946,439 | 301,19 | 346,79 |  0,00 | 628,382 | 60,56 | 60,56 | 1275,914 |   NaN | NaN | 0,00 | 0,00 | NaN
  14 |  7,30 | 265,921 | 753,83 | 813,23 | 758,18 |  0,00 | 1,411 | 44,35 | 44,35 |  0,00 | 1,898 | 354,20 | 354,20 | 16,77 | 975,621 | 294,72 | 354,12 |  0,00 | 811,162 | 60,56 | 60,56 | 1641,489 |   NaN | NaN | 0,00 | 0,00 | NaN
  15 |  6,65 | 276,508 | 753,44 | 807,10 | 757,77 |  0,00 | 1,405 | 44,35 | 44,35 |  0,00 | 5,391 | 349,11 | 349,11 | 15,20 | 1046,843 | 299,42 | 353,07 |  0,00 | 357,292 | 60,56 | 60,56 | 733,669 |   NaN | NaN | 0,00 | 0,00 | NaN
  16 |  7,53 | 280,567 | 754,87 | 816,37 | 759,19 |  0,00 | 1,397 | 44,35 | 44,35 |  0,00 | 3,387 | 353,12 | 353,12 | 17,16 | 1055,915 | 296,84 | 358,34 |  0,00 | 538,438 | 60,56 | 60,56 | 1095,954 |   NaN | NaN | 0,00 | 0,00 | NaN
  17 |  7,45 | 276,722 | 754,83 | 815,62 | 759,19 |  0,00 | 1,409 | 44,35 | 44,35 |  0,00 | 3,110 | 355,08 | 355,08 | 17,09 | 1049,521 | 294,84 | 355,63 |  0,00 | 523,238 | 60,56 | 60,56 | 1065,558 |   NaN | NaN | 0,00 | 0,00 | NaN
  18 |  6,97 | 264,547 | 751,62 | 807,93 | 755,92 |  0,00 | 1,386 | 44,35 | 44,35 |  0,00 | 2,036 | 350,46 | 350,46 | 15,97 | 925,088 | 296,25 | 352,56 |  0,00 | 1163,834 | 60,56 | 60,56 | 2346,887 |   NaN | NaN | 0,00 | 0,00 | NaN
  19 |  5,94 | 260,038 | 755,26 | 802,98 | 759,58 |  0,00 | 1,377 | 44,35 | 44,35 |  0,00 | 2,495 | 347,01 | 347,01 | 13,60 | 910,623 | 303,34 | 351,07 |  0,00 | 954,086 | 60,56 | 60,56 | 1927,379 |   NaN | NaN | 0,00 | 0,00 | NaN
  20 |  6,26 | 252,001 | 754,62 | 804,99 | 758,93 |  0,00 | 1,373 | 44,35 | 44,35 |  0,00 | 1,621 | 354,29 | 354,29 | 14,57 | 886,561 | 295,42 | 345,79 |  0,00 | 1107,078 | 60,56 | 60,56 | 2233,261 |   NaN | NaN | 0,00 | 0,00 | NaN
  21 |  5,60 | 267,252 | 752,91 | 797,55 | 757,22 |  0,00 | 1,377 | 44,35 | 44,35 |  0,00 | 8,503 | 346,99 | 346,99 | 12,91 | 1007,215 | 301,02 | 345,65 |  0,00 | 297,646 | 60,56 | 60,56 | 614,580 |   NaN | NaN | 0,00 | 0,00 | NaN
  22 |  7,75 | 274,249 | 754,95 | 818,38 | 759,32 |  0,00 | 1,416 | 44,35 | 44,35 |  0,00 | 2,136 | 361,92 | 361,92 | 18,04 | 1029,126 | 288,12 | 351,55 |  0,00 | 845,778 | 60,56 | 60,56 | 1710,667 |   NaN | NaN | 0,00 | 0,00 | NaN
  23 |  7,16 | 270,564 | 754,27 | 812,43 | 758,62 |  0,00 | 1,398 | 44,35 | 44,35 |  0,00 | 1,902 | 356,03 | 356,03 | 16,55 | 975,093 | 293,33 | 351,48 |  0,00 | 1035,189 | 60,56 | 60,56 | 2089,600 |   NaN | NaN | 0,00 | 0,00 | NaN
  24 |  6,85 | 274,440 | 755,15 | 810,67 | 759,47 |  0,00 | 1,359 | 44,35 | 44,35 |  0,00 | 2,538 | 351,94 | 351,94 | 15,69 | 1018,178 | 298,30 | 353,82 |  0,00 | 627,347 | 60,56 | 60,56 | 1273,939 |   NaN | NaN | 0,00 | 0,00 | NaN
  25 |  7,86 | 284,142 | 754,06 | 818,41 | 758,43 |  0,00 | 1,417 | 44,35 | 44,35 |  0,00 | 4,263 | 352,76 | 352,76 | 17,84 | 1085,648 | 296,39 | 360,74 |  0,00 | 391,623 | 60,56 | 60,56 | 802,308 |   NaN | NaN | 0,00 | 0,00 | NaN
  26 |  6,51 | 280,291 | 754,96 | 807,50 | 759,30 |  0,00 | 1,413 | 44,35 | 44,35 |  0,00 | 6,865 | 350,90 | 350,90 | 14,94 | 1063,228 | 299,15 | 351,70 |  0,00 | 347,883 | 60,56 | 60,56 | 714,949 |   NaN | NaN | 0,00 | 0,00 | NaN
  27 |  6,55 | 251,636 | 754,43 | 807,29 | 758,73 |  0,00 | 1,340 | 44,35 | 44,35 |  0,00 | 1,940 | 352,86 | 352,86 | 15,12 | 873,645 | 296,66 | 349,52 |  0,00 | 1176,215 | 60,56 | 60,56 | 2371,400 |   NaN | NaN | 0,00 | 0,00 | NaN
  28 |  6,15 | 261,034 | 754,53 | 803,99 | 758,87 |  0,00 | 1,406 | 44,35 | 44,35 |  0,00 | 2,756 | 352,47 | 352,47 | 14,27 | 923,267 | 297,15 | 346,61 |  0,00 | 1040,366 | 60,56 | 60,56 | 2099,890 |   NaN | NaN | 0,00 | 0,00 | NaN
  29 |  7,41 | 262,226 | 754,29 | 814,63 | 758,63 |  0,00 | 1,385 | 44,35 | 44,35 |  0,00 | 1,980 | 354,58 | 354,58 | 16,99 | 931,475 | 294,80 | 355,14 |  0,00 | 1080,329 | 60,56 | 60,56 | 2179,810 |   NaN | NaN | 0,00 | 0,00 | NaN
  30 |  6,41 | 264,356 | 755,17 | 806,88 | 759,51 |  0,00 | 1,416 | 44,35 | 44,35 |  0,00 | 2,039 | 350,26 | 350,26 | 14,70 | 919,196 | 299,99 | 351,70 |  0,00 | 1131,582 | 60,56 | 60,56 | 2282,338 |   NaN | NaN | 0,00 | 0,00 | NaN
  31 |  6,56 | 260,829 | 755,31 | 808,36 | 759,64 |  0,00 | 1,383 | 44,35 | 44,35 |  0,00 | 1,912 | 351,91 | 351,91 | 15,09 | 920,669 | 298,49 | 351,54 |  0,00 | 1036,073 | 60,56 | 60,56 | 2091,219 |   NaN | NaN | 0,00 | 0,00 | NaN
  32 |  6,68 | 263,930 | 755,89 | 810,03 | 760,20 |  0,00 | 1,339 | 44,35 | 44,35 |  0,00 | 2,525 | 351,99 | 351,99 | 15,33 | 924,523 | 298,99 | 353,13 |  0,00 | 1095,099 | 60,56 | 60,56 | 2209,328 |   NaN | NaN | 0,00 | 0,00 | NaN
  33 |  6,16 | 252,326 | 754,72 | 804,26 | 759,06 |  0,00 | 1,404 | 44,35 | 44,35 |  0,00 | 1,922 | 348,60 | 348,60 | 14,12 | 869,223 | 301,20 | 350,75 |  0,00 | 1119,047 | 60,56 | 60,56 | 2257,207 |   NaN | NaN | 0,00 | 0,00 | NaN
  34 |  6,00 | 257,650 | 755,56 | 803,82 | 759,88 |  0,00 | 1,396 | 44,35 | 44,35 |  0,00 | 2,014 | 351,88 | 351,88 | 13,91 | 888,568 | 298,77 | 347,04 |  0,00 | 1208,697 | 60,56 | 60,56 | 2436,643 |   NaN | NaN | 0,00 | 0,00 | NaN
  35 |  7,34 | 262,469 | 756,29 | 816,19 | 760,60 |  0,00 | 1,345 | 44,35 | 44,35 |  0,00 | 1,540 | 355,23 | 355,23 | 16,82 | 913,317 | 296,15 | 356,05 |  0,00 | 1241,973 | 60,56 | 60,56 | 2503,984 |   NaN | NaN | 0,00 | 0,00 | NaN
  36 |  6,21 | 253,103 | 755,10 | 805,06 | 759,41 |  0,00 | 1,398 | 44,35 | 44,35 |  0,00 | 2,204 | 346,56 | 346,56 | 14,13 | 857,920 | 303,63 | 353,59 |  0,00 | 1189,105 | 60,56 | 60,56 | 2397,287 |   NaN | NaN | 0,00 | 0,00 | NaN
  37 |  7,43 | 264,380 | 755,29 | 815,94 | 759,61 |  0,00 | 1,381 | 44,35 | 44,35 |  0,00 | 2,291 | 358,40 | 358,40 | 17,20 | 948,577 | 291,98 | 352,63 |  0,00 | 1091,783 | 60,56 | 60,56 | 2202,792 |   NaN | NaN | 0,00 | 0,00 | NaN
  38 |  6,91 | 261,084 | 755,26 | 811,35 | 759,58 |  0,00 | 1,372 | 44,35 | 44,35 |  0,00 | 2,250 | 353,89 | 353,89 | 15,91 | 915,358 | 296,46 | 352,54 |  0,00 | 1145,329 | 60,56 | 60,56 | 2309,898 |   NaN | NaN | 0,00 | 0,00 | NaN
  39 |  5,69 | 251,976 | 753,42 | 798,89 | 757,77 |  0,00 | 1,416 | 44,35 | 44,35 |  0,00 | 2,452 | 347,25 | 347,25 | 13,12 | 866,936 | 301,26 | 346,74 |  0,00 | 1110,597 | 60,56 | 60,56 | 2240,205 |   NaN | NaN | 0,00 | 0,00 | NaN
  40 |  5,65 | 251,421 | 755,25 | 800,51 | 759,59 |  0,00 | 1,415 | 44,35 | 44,35 |  0,00 | 2,366 | 349,48 | 349,48 | 13,08 | 861,307 | 300,86 | 346,11 |  0,00 | 1172,721 | 60,56 | 60,56 | 2364,483 |   NaN | NaN | 0,00 | 0,00 | NaN
  41 |  7,25 | 264,021 | 753,75 | 812,63 | 758,09 |  0,00 | 1,399 | 44,35 | 44,35 |  0,00 | 2,408 | 350,44 | 350,44 | 16,48 | 928,595 | 298,40 | 357,29 |  0,00 | 1060,040 | 60,56 | 60,56 | 2139,252 |   NaN | NaN | 0,00 | 0,00 | NaN
  42 |  7,43 | 267,976 | 755,45 | 816,05 | 759,79 |  0,00 | 1,344 | 44,35 | 44,35 |  0,00 | 2,231 | 355,73 | 355,73 | 17,05 | 956,029 | 294,82 | 355,41 |  0,00 | 1074,129 | 60,56 | 60,56 | 2167,379 |   NaN | NaN | 0,00 | 0,00 | NaN
  43 |  7,39 | 261,163 | 755,19 | 815,41 | 759,53 |  0,00 | 1,423 | 44,35 | 44,35 |  0,00 | 2,238 | 354,98 | 354,98 | 16,94 | 922,746 | 295,30 | 355,53 |  0,00 | 1113,507 | 60,56 | 60,56 | 2246,079 |   NaN | NaN | 0,00 | 0,00 | NaN
  44 |  7,49 | 271,066 | 755,03 | 816,14 | 759,34 |  0,00 | 1,335 | 44,35 | 44,35 |  0,00 | 1,834 | 353,33 | 353,33 | 17,07 | 964,299 | 296,79 | 357,90 |  0,00 | 1053,655 | 60,56 | 60,56 | 2126,434 |   NaN | NaN | 0,00 | 0,00 | NaN
  45 |  6,97 | 261,982 | 753,99 | 810,49 | 758,34 |  0,00 | 1,419 | 44,35 | 44,35 |  0,00 | 2,163 | 357,41 | 357,41 | 16,23 | 941,059 | 291,67 | 348,18 |  0,00 | 1068,387 | 60,56 | 60,56 | 2155,954 |   NaN | NaN | 0,00 | 0,00 | NaN
  46 |  6,77 | 251,439 | 754,72 | 809,52 | 759,04 |  0,00 | 1,358 | 44,35 | 44,35 |  0,00 | 1,715 | 349,18 | 349,18 | 15,42 | 869,144 | 300,64 | 355,43 |  0,00 | 1107,965 | 60,56 | 60,56 | 2235,179 |   NaN | NaN | 0,00 | 0,00 | NaN
  47 |  6,38 | 265,014 | 755,34 | 806,85 | 759,68 |  0,00 | 1,356 | 44,35 | 44,35 |  0,00 | 1,982 | 353,00 | 353,00 | 14,76 | 940,232 | 297,43 | 348,94 |  0,00 | 1036,478 | 60,56 | 60,56 | 2091,879 |   NaN | NaN | 0,00 | 0,00 | NaN
  48 |  6,34 | 254,811 | 753,17 | 804,13 | 757,50 |  0,00 | 1,386 | 44,35 | 44,35 |  0,00 | 2,083 | 349,85 | 349,85 | 14,59 | 892,929 | 298,41 | 349,36 |  0,00 | 1053,232 | 60,56 | 60,56 | 2125,610 |   NaN | NaN | 0,00 | 0,00 | NaN
  49 |  6,15 | 266,276 | 754,70 | 804,19 | 759,03 |  0,00 | 1,398 | 44,35 | 44,35 |  0,00 | 2,572 | 350,81 | 350,81 | 14,20 | 939,511 | 298,98 | 348,47 |  0,00 | 1032,647 | 60,56 | 60,56 | 2084,425 |   NaN | NaN | 0,00 | 0,00 | NaN
  50 |  6,59 | 258,034 | 754,93 | 808,17 | 759,24 |  0,00 | 1,352 | 44,35 | 44,35 |  0,00 | 1,947 | 353,00 | 353,00 | 15,20 | 904,672 | 297,02 | 350,26 |  0,00 | 1115,089 | 60,56 | 60,56 | 2249,373 |   NaN | NaN | 0,00 | 0,00 | NaN
  51 |  6,94 | 258,659 | 755,11 | 811,45 | 759,43 |  0,00 | 1,350 | 44,35 | 44,35 |  0,00 | 1,723 | 352,52 | 352,52 | 15,92 | 911,635 | 297,68 | 354,03 |  0,00 | 1059,276 | 60,56 | 60,56 | 2137,831 |   NaN | NaN | 0,00 | 0,00 | NaN
  52 |  6,75 | 259,793 | 755,37 | 810,04 | 759,69 |  0,00 | 1,377 | 44,35 | 44,35 |  0,00 | 1,859 | 348,14 | 348,14 | 15,31 | 901,374 | 302,32 | 356,99 |  0,00 | 1068,876 | 60,56 | 60,56 | 2156,964 |   NaN | NaN | 0,00 | 0,00 | NaN
  53 |  6,86 | 266,255 | 754,60 | 810,22 | 758,93 |  0,00 | 1,364 | 44,35 | 44,35 |  0,00 | 2,510 | 353,08 | 353,08 | 15,79 | 940,453 | 296,61 | 352,23 |  0,00 | 1093,299 | 60,56 | 60,56 | 2205,720 |   NaN | NaN | 0,00 | 0,00 | NaN
  54 |  6,11 | 262,439 | 754,98 | 804,14 | 759,31 |  0,00 | 1,367 | 44,35 | 44,35 |  0,00 | 2,728 | 352,15 | 352,15 | 14,16 | 923,600 | 297,92 | 347,08 |  0,00 | 1069,321 | 60,56 | 60,56 | 2157,890 |   NaN | NaN | 0,00 | 0,00 | NaN
  55 |  6,58 | 262,337 | 754,60 | 807,72 | 758,93 |  0,00 | 1,352 | 44,35 | 44,35 |  0,00 | 2,020 | 350,29 | 350,29 | 15,07 | 911,906 | 299,40 | 352,52 |  0,00 | 1141,402 | 60,56 | 60,56 | 2301,931 |   NaN | NaN | 0,00 | 0,00 | NaN
  56 |  6,05 | 261,539 | 754,84 | 803,40 | 759,17 |  0,00 | 1,357 | 44,35 | 44,35 |  0,00 | 2,227 | 349,55 | 349,55 | 13,92 | 914,626 | 300,38 | 348,95 |  0,00 | 1055,901 | 60,56 | 60,56 | 2130,906 |   NaN | NaN | 0,00 | 0,00 | NaN
  57 |  6,59 | 255,284 | 752,84 | 805,98 | 757,14 |  0,00 | 1,355 | 44,35 | 44,35 |  0,00 | 3,041 | 349,37 | 349,37 | 15,11 | 894,026 | 298,56 | 351,70 |  0,00 | 1041,074 | 60,56 | 60,56 | 2101,254 |   NaN | NaN | 0,00 | 0,00 | NaN
  58 |  6,88 | 263,260 | 755,26 | 811,08 | 759,59 |  0,00 | 1,383 | 44,35 | 44,35 |  0,00 | 2,016 | 354,92 | 354,92 | 15,89 | 938,840 | 295,43 | 351,25 |  0,00 | 1038,783 | 60,56 | 60,56 | 2096,827 |   NaN | NaN | 0,00 | 0,00 | NaN
  59 |  7,23 | 264,548 | 755,42 | 814,27 | 759,74 |  0,00 | 1,402 | 44,35 | 44,35 |  0,00 | 1,976 | 351,22 | 351,22 | 16,43 | 914,684 | 299,29 | 358,14 |  0,00 | 1204,204 | 60,56 | 60,56 | 2427,604 |   NaN | NaN | 0,00 | 0,00 | NaN
  60 |  6,96 | 260,889 | 753,73 | 810,09 | 758,05 |  0,00 | 1,337 | 44,35 | 44,35 |  0,00 | 1,939 | 353,43 | 353,43 | 16,02 | 926,433 | 295,39 | 351,75 |  0,00 | 1060,065 | 60,56 | 60,56 | 2139,290 |   NaN | NaN | 0,00 | 0,00 | NaN
  61 |  7,24 | 263,239 | 754,67 | 813,60 | 758,98 |  0,00 | 1,359 | 44,35 | 44,35 |  0,00 | 2,270 | 354,60 | 354,60 | 16,64 | 932,565 | 295,16 | 354,09 |  0,00 | 1096,843 | 60,56 | 60,56 | 2212,781 |   NaN | NaN | 0,00 | 0,00 | NaN
  62 |  7,07 | 263,149 | 753,15 | 810,48 | 757,53 |  0,00 | 1,421 | 44,35 | 44,35 |  0,00 | 2,612 | 351,20 | 351,20 | 16,18 | 929,324 | 297,03 | 354,37 |  0,00 | 1052,749 | 60,56 | 60,56 | 2124,558 |   NaN | NaN | 0,00 | 0,00 | NaN
  63 |  6,89 | 265,806 | 754,86 | 810,74 | 759,18 |  0,00 | 1,376 | 44,35 | 44,35 |  0,00 | 2,411 | 355,09 | 355,09 | 15,93 | 940,178 | 294,86 | 350,74 |  0,00 | 1134,533 | 60,56 | 60,56 | 2288,309 |   NaN | NaN | 0,00 | 0,00 | NaN
  64 |  5,83 | 252,719 | 755,74 | 802,54 | 760,09 |  0,00 | 1,420 | 44,35 | 44,35 |  0,00 | 2,067 | 349,80 | 349,80 | 13,46 | 877,322 | 301,03 | 347,84 |  0,00 | 1070,116 | 60,56 | 60,56 | 2159,366 |   NaN | NaN | 0,00 | 0,00 | NaN

= = = = = = = = = = = = AVERAGE RESULTS system = = = = = = = = = = = =
meanPLR_system | 6,767855 
meanDelay_system | 264,890973 
meanLoad_system | 809,413020 
meanTHR_system | 754,606242 
meanGate_system | 758,937261 

meanPLR_EF_system | 0,000000 
meanPLR_AF_system | 0,000000 
meanPLR_BE_system | 15,559975 
meanPLR_FLA_system | 0,000000 
meanPLR_FLB_system | NaN 

meanTHR_EF_system | 44,352002 
meanTHR_AF_system | 352,471295 
meanTHR_BE_system | 297,225722 
meanTHR_FLA_system | 61,888109 
meanTHR_FLB_system | 0,000000 

meanLoad_EF_system | 44,352002 
meanLoad_AF_system | 352,471295 
meanLoad_BE_system | 352,032500 
meanLoad_FLA_system | 61,888109 
meanLoad_FLB_system | 0,000000 

meanDELAY_EF_system | 1,381301 
meanDELAY_AF_system | 3,195145 
meanDELAY_BE_system | 952,520451 
meanDELAY_FLA_system | 908,169311 
meanDELAY_FLB_system | NaN 
meanDELAY_CompleteFLA_system | 1835,496511 
meanDELAY_CompleteFLB_system | NaN 

= = = = = = = = = = = = AVERAGE RESULTS = = = = = = = = = = = =
Packet Loss Ratio: 06,77 (%)
PROCESSED PACKAGES: 1663490953 
DISCARTED PACKAGES: 76446953 
TOTAL PACKAGES: 1739937906 
AVERAGE DELAY: 49353,71 (ms) 
AVERAGE THROUGHPUT: 754,61 (Mbps) 
GRANTED THROUGHPUT: 48571,98 (Mbps) By 64 ONUs
EFFECTIVE THROUGHPUT: 48294,80 (Mbps) By 64 ONUs
TOTAL LOAD: 51802,43 (Mbps) By 64 ONUs
ON Arrival THROUGHPUT: 0,00 (Mbps) By 64 ONUs
FINISHTIMEFL: 136,504414 
FINISHTIME: 139,504414 


fileName | IPACT_LEAKYBUCKET_2_40_94_0 
