
ONU ID 	|  PLR(%) | Delay(ms) | Throughput(Mbps) | Granted Throughput(Mbps) | Total Load (Mbps) 

  ID |  PLR(%) |  D  | Thr |  Gates  |  Load  | PLR-EF | D-EF | ThrEF | LoadEF | PLR-AF | D-AF | ThrAF | LoadAF | PLR-BE | D-BE | ThrBE | LoadBE | PLR-FA | D-FA | ThrFA | LoadFA | DTFA |  PLR-FB | D-FB | ThrFB | LoadFB | DTFB | 
   1 |  0,00 | 0,441 | 568,08 | 568,08 | 606,68 |  0,00 | 0,177 | 44,35 | 44,35 |  0,00 | 0,174 | 247,06 | 247,06 |  0,00 | 0,432 | 240,56 | 240,56 |  0,00 | 10,973 | 36,10 | 36,10 | 43,336 |   NaN | NaN | 0,00 | 0,00 | NaN
   2 |  0,00 | 0,658 | 570,49 | 570,49 | 613,74 |  0,00 | 0,189 | 44,35 | 44,35 |  0,00 | 0,185 | 247,02 | 247,02 |  0,00 | 0,599 | 243,01 | 243,01 |  0,00 | 19,886 | 36,10 | 36,10 | 60,781 |   NaN | NaN | 0,00 | 0,00 | NaN
   3 |  0,00 | 0,424 | 565,86 | 565,86 | 600,78 |  0,00 | 0,126 | 44,35 | 44,35 |  0,00 | 0,127 | 243,14 | 243,14 |  0,00 | 0,481 | 242,26 | 242,26 |  0,00 | 11,341 | 36,10 | 36,10 | 43,584 |   NaN | NaN | 0,00 | 0,00 | NaN
   4 |  0,00 | 0,404 | 571,88 | 571,88 | 606,78 |  0,00 | 0,131 | 44,35 | 44,35 |  0,00 | 0,130 | 247,29 | 247,29 |  0,00 | 0,472 | 244,13 | 244,13 |  0,00 | 10,271 | 36,10 | 36,10 | 41,543 |   NaN | NaN | 0,00 | 0,00 | NaN
   5 |  0,00 | 0,422 | 566,95 | 566,95 | 602,45 |  0,00 | 0,156 | 44,35 | 44,35 |  0,00 | 0,154 | 243,66 | 243,66 |  0,00 | 0,445 | 242,83 | 242,83 |  0,00 | 10,510 | 36,10 | 36,10 | 42,161 |   NaN | NaN | 0,00 | 0,00 | NaN
   6 |  0,00 | 0,394 | 570,34 | 570,34 | 604,50 |  0,00 | 0,107 | 44,35 | 44,35 |  0,00 | 0,108 | 245,35 | 245,35 |  0,00 | 0,492 | 244,53 | 244,53 |  0,00 | 10,335 | 36,10 | 36,10 | 41,648 |   NaN | NaN | 0,00 | 0,00 | NaN
   7 |  0,00 | 0,449 | 569,57 | 569,57 | 604,41 |  0,00 | 0,124 | 44,35 | 44,35 |  0,00 | 0,123 | 245,19 | 245,19 |  0,00 | 0,509 | 243,93 | 243,93 |  0,00 | 12,420 | 36,10 | 36,10 | 46,809 |   NaN | NaN | 0,00 | 0,00 | NaN
   8 |  0,00 | 0,442 | 568,93 | 568,93 | 606,79 |  0,00 | 0,173 | 44,35 | 44,35 |  0,00 | 0,170 | 243,26 | 243,26 |  0,00 | 0,419 | 245,22 | 245,22 |  0,00 | 11,272 | 36,10 | 36,10 | 44,363 |   NaN | NaN | 0,00 | 0,00 | NaN
   9 |  0,00 | 0,372 | 570,43 | 570,43 | 605,18 |  0,00 | 0,114 | 44,35 | 44,35 |  0,00 | 0,114 | 244,56 | 244,56 |  0,00 | 0,460 | 245,42 | 245,42 |  0,00 | 9,371 | 36,10 | 36,10 | 39,826 |   NaN | NaN | 0,00 | 0,00 | NaN
  10 |  0,00 | 0,448 | 567,46 | 567,46 | 605,42 |  0,00 | 0,174 | 44,35 | 44,35 |  0,00 | 0,173 | 244,04 | 244,04 |  0,00 | 0,443 | 242,97 | 242,97 |  0,00 | 11,229 | 36,10 | 36,10 | 43,041 |   NaN | NaN | 0,00 | 0,00 | NaN
  11 |  0,00 | 1,689 | 565,86 | 565,86 | 600,62 |  0,00 | 0,114 | 44,35 | 44,35 |  0,00 | 0,116 | 241,11 | 241,11 |  0,00 | 2,454 | 244,30 | 244,30 |  0,00 | 53,195 | 36,10 | 36,10 | 132,323 |   NaN | NaN | 0,00 | 0,00 | NaN
  12 |  0,00 | 0,417 | 568,07 | 568,07 | 606,55 |  0,00 | 0,176 | 44,35 | 44,35 |  0,00 | 0,176 | 243,76 | 243,76 |  0,00 | 0,425 | 243,86 | 243,86 |  0,00 | 9,710 | 36,10 | 36,10 | 40,569 |   NaN | NaN | 0,00 | 0,00 | NaN
  13 |  0,00 | 0,622 | 563,28 | 563,28 | 598,34 |  0,00 | 0,141 | 44,35 | 44,35 |  0,00 | 0,141 | 242,51 | 242,51 |  0,00 | 0,623 | 240,32 | 240,32 |  0,00 | 19,367 | 36,10 | 36,10 | 59,283 |   NaN | NaN | 0,00 | 0,00 | NaN
  14 |  0,00 | 0,436 | 569,51 | 569,51 | 609,89 |  0,00 | 0,182 | 44,35 | 44,35 |  0,00 | 0,180 | 244,48 | 244,48 |  0,00 | 0,413 | 244,58 | 244,58 |  0,00 | 10,692 | 36,10 | 36,10 | 41,969 |   NaN | NaN | 0,00 | 0,00 | NaN
  15 |  0,00 | 0,445 | 566,06 | 566,06 | 604,61 |  0,00 | 0,176 | 44,35 | 44,35 |  0,00 | 0,174 | 239,96 | 239,96 |  0,00 | 0,408 | 245,65 | 245,65 |  0,00 | 11,395 | 36,10 | 36,10 | 44,283 |   NaN | NaN | 0,00 | 0,00 | NaN
  16 |  0,00 | 0,416 | 574,21 | 574,21 | 610,76 |  0,00 | 0,167 | 44,35 | 44,35 |  0,00 | 0,167 | 244,84 | 244,84 |  0,00 | 0,421 | 248,91 | 248,91 |  0,00 | 10,067 | 36,10 | 36,10 | 41,153 |   NaN | NaN | 0,00 | 0,00 | NaN
  17 |  0,00 | 0,408 | 570,31 | 570,31 | 610,01 |  0,00 | 0,180 | 44,35 | 44,35 |  0,00 | 0,181 | 245,74 | 245,74 |  0,00 | 0,373 | 244,11 | 244,11 |  0,00 | 9,779 | 36,10 | 36,10 | 40,558 |   NaN | NaN | 0,00 | 0,00 | NaN
  18 |  0,00 | 0,578 | 565,60 | 565,60 | 601,14 |  0,00 | 0,157 | 44,35 | 44,35 |  0,00 | 0,156 | 242,41 | 242,41 |  0,00 | 0,558 | 242,74 | 242,74 |  0,00 | 17,283 | 36,10 | 36,10 | 52,277 |   NaN | NaN | 0,00 | 0,00 | NaN
  19 |  0,00 | 0,398 | 561,57 | 561,57 | 596,78 |  0,00 | 0,148 | 44,35 | 44,35 |  0,00 | 0,146 | 239,78 | 239,78 |  0,00 | 0,432 | 241,34 | 241,34 |  0,00 | 9,718 | 36,10 | 36,10 | 40,437 |   NaN | NaN | 0,00 | 0,00 | NaN
  20 |  0,00 | 1,270 | 564,49 | 564,49 | 599,55 |  0,00 | 0,143 | 44,35 | 44,35 |  0,00 | 0,143 | 244,20 | 244,20 |  0,00 | 1,603 | 239,84 | 239,84 |  0,00 | 41,108 | 36,10 | 36,10 | 110,481 |   NaN | NaN | 0,00 | 0,00 | NaN
  21 |  0,00 | 0,405 | 559,76 | 559,76 | 594,85 |  0,00 | 0,148 | 44,35 | 44,35 |  0,00 | 0,146 | 240,38 | 240,38 |  0,00 | 0,439 | 238,93 | 238,93 |  0,00 | 9,990 | 36,10 | 36,10 | 41,068 |   NaN | NaN | 0,00 | 0,00 | NaN
  22 |  0,00 | 0,419 | 571,69 | 571,69 | 613,83 |  0,00 | 0,186 | 44,35 | 44,35 |  0,00 | 0,186 | 248,41 | 248,41 |  0,00 | 0,395 | 242,83 | 242,83 |  0,00 | 9,849 | 36,10 | 36,10 | 40,825 |   NaN | NaN | 0,00 | 0,00 | NaN
  23 |  0,00 | 2,657 | 567,70 | 567,70 | 604,48 |  0,00 | 0,168 | 44,35 | 44,35 |  0,00 | 0,168 | 243,68 | 243,68 |  0,00 | 3,622 | 243,56 | 243,56 |  0,00 | 87,569 | 36,10 | 36,10 | 180,649 |   NaN | NaN | 0,00 | 0,00 | NaN
  24 |  0,00 | 0,594 | 570,96 | 570,96 | 605,90 |  0,00 | 0,130 | 44,35 | 44,35 |  0,00 | 0,128 | 244,03 | 244,03 |  0,00 | 0,630 | 246,47 | 246,47 |  0,00 | 18,249 | 36,10 | 36,10 | 57,612 |   NaN | NaN | 0,00 | 0,00 | NaN
  25 |  0,00 | 0,421 | 571,76 | 571,76 | 614,51 |  0,00 | 0,187 | 44,35 | 44,35 |  0,00 | 0,186 | 243,16 | 243,16 |  0,00 | 0,390 | 248,14 | 248,14 |  0,00 | 9,948 | 36,10 | 36,10 | 41,043 |   NaN | NaN | 0,00 | 0,00 | NaN
  26 |  0,00 | 0,502 | 565,92 | 565,92 | 607,08 |  0,00 | 0,184 | 44,35 | 44,35 |  0,00 | 0,186 | 243,33 | 243,33 |  0,00 | 0,469 | 242,13 | 242,13 |  0,00 | 13,322 | 36,10 | 36,10 | 46,072 |   NaN | NaN | 0,00 | 0,00 | NaN
  27 |  0,00 | 0,508 | 565,96 | 565,96 | 600,48 |  0,00 | 0,111 | 44,35 | 44,35 |  0,00 | 0,111 | 244,85 | 244,85 |  0,00 | 0,621 | 240,65 | 240,65 |  0,00 | 14,628 | 36,10 | 36,10 | 53,141 |   NaN | NaN | 0,00 | 0,00 | NaN
  28 |  0,00 | 2,678 | 563,00 | 563,00 | 601,63 |  0,00 | 0,177 | 44,35 | 44,35 |  0,00 | 0,175 | 243,82 | 243,82 |  0,00 | 3,539 | 238,72 | 238,72 |  0,00 | 89,672 | 36,10 | 36,10 | 187,156 |   NaN | NaN | 0,00 | 0,00 | NaN
  29 |  0,00 | 2,092 | 569,59 | 569,59 | 605,06 |  0,00 | 0,156 | 44,35 | 44,35 |  0,00 | 0,155 | 244,51 | 244,51 |  0,00 | 3,182 | 244,62 | 244,62 |  0,00 | 63,847 | 36,10 | 36,10 | 159,747 |   NaN | NaN | 0,00 | 0,00 | NaN
  30 |  0,00 | 0,657 | 565,91 | 565,91 | 608,20 |  0,00 | 0,186 | 44,35 | 44,35 |  0,00 | 0,186 | 242,25 | 242,25 |  0,00 | 0,592 | 243,21 | 243,21 |  0,00 | 19,824 | 36,10 | 36,10 | 57,974 |   NaN | NaN | 0,00 | 0,00 | NaN
  31 |  0,00 | 2,766 | 565,92 | 565,92 | 601,32 |  0,00 | 0,153 | 44,35 | 44,35 |  0,00 | 0,154 | 244,52 | 244,52 |  0,00 | 3,852 | 240,94 | 240,94 |  0,00 | 91,237 | 36,10 | 36,10 | 189,467 |   NaN | NaN | 0,00 | 0,00 | NaN
  32 |  0,00 | 1,667 | 569,80 | 569,80 | 604,36 |  0,00 | 0,111 | 44,35 | 44,35 |  0,00 | 0,111 | 244,07 | 244,07 |  0,00 | 2,405 | 245,27 | 245,27 |  0,00 | 52,986 | 36,10 | 36,10 | 130,699 |   NaN | NaN | 0,00 | 0,00 | NaN
  33 |  0,00 | 0,850 | 566,27 | 566,27 | 604,49 |  0,00 | 0,175 | 44,35 | 44,35 |  0,00 | 0,176 | 242,72 | 242,72 |  0,00 | 1,020 | 243,10 | 243,10 |  0,00 | 24,989 | 36,10 | 36,10 | 80,904 |   NaN | NaN | 0,00 | 0,00 | NaN
  34 |  0,00 | 0,451 | 566,13 | 566,13 | 602,54 |  0,00 | 0,166 | 44,35 | 44,35 |  0,00 | 0,165 | 243,57 | 243,57 |  0,00 | 0,465 | 242,11 | 242,11 |  0,00 | 11,385 | 36,10 | 36,10 | 45,543 |   NaN | NaN | 0,00 | 0,00 | NaN
  35 |  0,00 | 0,379 | 571,99 | 571,99 | 606,78 |  0,00 | 0,116 | 44,35 | 44,35 |  0,00 | 0,112 | 245,57 | 245,57 |  0,00 | 0,449 | 245,97 | 245,97 |  0,00 | 9,826 | 36,10 | 36,10 | 40,670 |   NaN | NaN | 0,00 | 0,00 | NaN
  36 |  0,00 | 0,455 | 566,50 | 566,50 | 603,35 |  0,00 | 0,169 | 44,35 | 44,35 |  0,00 | 0,167 | 240,80 | 240,80 |  0,00 | 0,443 | 245,25 | 245,25 |  0,00 | 11,751 | 36,10 | 36,10 | 44,829 |   NaN | NaN | 0,00 | 0,00 | NaN
  37 |  0,00 | 1,579 | 571,66 | 571,66 | 606,97 |  0,00 | 0,151 | 44,35 | 44,35 |  0,00 | 0,147 | 247,12 | 247,12 |  0,00 | 2,113 | 244,09 | 244,09 |  0,00 | 50,809 | 36,10 | 36,10 | 126,752 |   NaN | NaN | 0,00 | 0,00 | NaN
  38 |  0,00 | 0,579 | 570,24 | 570,24 | 605,30 |  0,00 | 0,143 | 44,35 | 44,35 |  0,00 | 0,140 | 244,98 | 244,98 |  0,00 | 0,623 | 244,81 | 244,81 |  0,00 | 17,112 | 36,10 | 36,10 | 58,567 |   NaN | NaN | 0,00 | 0,00 | NaN
  39 |  0,00 | 1,056 | 559,84 | 559,84 | 602,05 |  0,00 | 0,186 | 44,35 | 44,35 |  0,00 | 0,183 | 240,67 | 240,67 |  0,00 | 1,259 | 238,72 | 238,72 |  0,00 | 32,377 | 36,10 | 36,10 | 95,326 |   NaN | NaN | 0,00 | 0,00 | NaN
  40 |  0,00 | 0,600 | 563,17 | 563,17 | 605,34 |  0,00 | 0,186 | 44,35 | 44,35 |  0,00 | 0,185 | 243,84 | 243,84 |  0,00 | 0,533 | 238,88 | 238,88 |  0,00 | 17,634 | 36,10 | 36,10 | 56,602 |   NaN | NaN | 0,00 | 0,00 | NaN
  41 |  0,00 | 2,819 | 570,39 | 570,39 | 607,42 |  0,00 | 0,169 | 44,35 | 44,35 |  0,00 | 0,172 | 241,47 | 241,47 |  0,00 | 4,646 | 248,46 | 248,46 |  0,00 | 82,250 | 36,10 | 36,10 | 191,706 |   NaN | NaN | 0,00 | 0,00 | NaN
  42 |  0,00 | 2,124 | 572,29 | 572,29 | 607,05 |  0,00 | 0,115 | 44,35 | 44,35 |  0,00 | 0,111 | 245,60 | 245,60 |  0,00 | 3,578 | 246,23 | 246,23 |  0,00 | 62,111 | 36,10 | 36,10 | 155,618 |   NaN | NaN | 0,00 | 0,00 | NaN
  43 |  0,00 | 1,022 | 575,03 | 575,03 | 616,19 |  0,00 | 0,193 | 44,35 | 44,35 |  0,00 | 0,192 | 247,87 | 247,87 |  0,00 | 1,245 | 246,70 | 246,70 |  0,00 | 30,704 | 36,10 | 36,10 | 91,433 |   NaN | NaN | 0,00 | 0,00 | NaN
  44 |  0,00 | 2,785 | 570,27 | 570,27 | 604,57 |  0,00 | 0,108 | 44,35 | 44,35 |  0,00 | 0,110 | 243,36 | 243,36 |  0,00 | 4,166 | 246,46 | 246,46 |  0,00 | 89,481 | 36,10 | 36,10 | 200,421 |   NaN | NaN | 0,00 | 0,00 | NaN
  45 |  0,00 | 2,389 | 566,74 | 566,74 | 610,58 |  0,00 | 0,190 | 44,35 | 44,35 |  0,00 | 0,192 | 246,24 | 246,24 |  0,00 | 3,912 | 240,04 | 240,04 |  0,00 | 69,464 | 36,10 | 36,10 | 172,964 |   NaN | NaN | 0,00 | 0,00 | NaN
  46 |  0,00 | 1,300 | 567,25 | 567,25 | 602,26 |  0,00 | 0,129 | 44,35 | 44,35 |  0,00 | 0,126 | 241,97 | 241,97 |  0,00 | 1,605 | 244,83 | 244,83 |  0,00 | 43,035 | 36,10 | 36,10 | 114,189 |   NaN | NaN | 0,00 | 0,00 | NaN
  47 |  0,00 | 2,558 | 566,26 | 566,26 | 601,19 |  0,00 | 0,127 | 44,35 | 44,35 |  0,00 | 0,125 | 244,76 | 244,76 |  0,00 | 3,482 | 241,04 | 241,04 |  0,00 | 85,983 | 36,10 | 36,10 | 173,253 |   NaN | NaN | 0,00 | 0,00 | NaN
  48 |  0,00 | 2,770 | 565,43 | 565,43 | 600,95 |  0,00 | 0,156 | 44,35 | 44,35 |  0,00 | 0,156 | 242,23 | 242,23 |  0,00 | 4,314 | 242,74 | 242,74 |  0,00 | 85,057 | 36,10 | 36,10 | 190,808 |   NaN | NaN | 0,00 | 0,00 | NaN
  49 |  0,00 | 2,593 | 566,13 | 566,13 | 603,00 |  0,00 | 0,169 | 44,35 | 44,35 |  0,00 | 0,167 | 244,21 | 244,21 |  0,00 | 3,324 | 241,47 | 241,47 |  0,00 | 88,102 | 36,10 | 36,10 | 178,209 |   NaN | NaN | 0,00 | 0,00 | NaN
  50 |  0,00 | 1,198 | 569,61 | 569,61 | 604,49 |  0,00 | 0,123 | 44,35 | 44,35 |  0,00 | 0,124 | 245,88 | 245,88 |  0,00 | 1,611 | 243,27 | 243,27 |  0,00 | 38,011 | 36,10 | 36,10 | 105,677 |   NaN | NaN | 0,00 | 0,00 | NaN
  51 |  0,00 | 2,654 | 568,43 | 568,43 | 603,32 |  0,00 | 0,121 | 44,35 | 44,35 |  0,00 | 0,120 | 243,26 | 243,26 |  0,00 | 4,137 | 244,71 | 244,71 |  0,00 | 82,562 | 36,10 | 36,10 | 189,797 |   NaN | NaN | 0,00 | 0,00 | NaN
  52 |  0,00 | 2,417 | 567,96 | 567,96 | 603,25 |  0,00 | 0,147 | 44,35 | 44,35 |  0,00 | 0,147 | 240,71 | 240,71 |  0,00 | 3,950 | 246,79 | 246,79 |  0,00 | 70,956 | 36,10 | 36,10 | 175,532 |   NaN | NaN | 0,00 | 0,00 | NaN
  53 |  0,00 | 1,509 | 568,90 | 568,90 | 603,88 |  0,00 | 0,135 | 44,35 | 44,35 |  0,00 | 0,136 | 245,35 | 245,35 |  0,00 | 1,885 | 243,09 | 243,09 |  0,00 | 50,508 | 36,10 | 36,10 | 126,017 |   NaN | NaN | 0,00 | 0,00 | NaN
  54 |  0,00 | 2,205 | 563,83 | 563,83 | 598,81 |  0,00 | 0,137 | 44,35 | 44,35 |  0,00 | 0,139 | 243,68 | 243,68 |  0,00 | 3,431 | 239,69 | 239,69 |  0,00 | 67,576 | 36,10 | 36,10 | 167,690 |   NaN | NaN | 0,00 | 0,00 | NaN
  55 |  0,00 | 0,564 | 564,96 | 564,96 | 599,85 |  0,00 | 0,123 | 44,35 | 44,35 |  0,00 | 0,125 | 241,06 | 241,06 |  0,00 | 0,673 | 243,45 | 243,45 |  0,00 | 16,296 | 36,10 | 36,10 | 56,598 |   NaN | NaN | 0,00 | 0,00 | NaN
  56 |  0,00 | 2,709 | 564,51 | 564,51 | 599,47 |  0,00 | 0,128 | 44,35 | 44,35 |  0,00 | 0,128 | 241,79 | 241,79 |  0,00 | 4,272 | 242,26 | 242,26 |  0,00 | 83,474 | 36,10 | 36,10 | 193,765 |   NaN | NaN | 0,00 | 0,00 | NaN
  57 |  0,00 | 2,710 | 567,37 | 567,37 | 602,32 |  0,00 | 0,125 | 44,35 | 44,35 |  0,00 | 0,124 | 243,02 | 243,02 |  0,00 | 3,751 | 243,90 | 243,90 |  0,00 | 90,316 | 36,10 | 36,10 | 187,555 |   NaN | NaN | 0,00 | 0,00 | NaN
  58 |  0,00 | 2,726 | 568,40 | 568,40 | 603,81 |  0,00 | 0,154 | 44,35 | 44,35 |  0,00 | 0,152 | 244,08 | 244,08 |  0,00 | 3,842 | 243,87 | 243,87 |  0,00 | 89,001 | 36,10 | 36,10 | 187,972 |   NaN | NaN | 0,00 | 0,00 | NaN
  59 |  0,00 | 0,509 | 571,62 | 571,62 | 609,30 |  0,00 | 0,173 | 44,35 | 44,35 |  0,00 | 0,171 | 243,39 | 243,39 |  0,00 | 0,487 | 247,77 | 247,77 |  0,00 | 13,951 | 36,10 | 36,10 | 47,566 |   NaN | NaN | 0,00 | 0,00 | NaN
  60 |  0,00 | 2,728 | 567,56 | 567,56 | 601,98 |  0,00 | 0,109 | 44,35 | 44,35 |  0,00 | 0,109 | 243,47 | 243,47 |  0,00 | 4,477 | 243,63 | 243,63 |  0,00 | 82,715 | 36,10 | 36,10 | 193,210 |   NaN | NaN | 0,00 | 0,00 | NaN
  61 |  0,00 | 1,458 | 571,02 | 571,02 | 606,04 |  0,00 | 0,130 | 44,35 | 44,35 |  0,00 | 0,130 | 245,34 | 245,34 |  0,00 | 1,861 | 245,22 | 245,22 |  0,00 | 48,250 | 36,10 | 36,10 | 122,053 |   NaN | NaN | 0,00 | 0,00 | NaN
  62 |  0,00 | 2,840 | 570,84 | 570,84 | 615,39 |  0,00 | 0,192 | 44,35 | 44,35 |  0,00 | 0,189 | 245,65 | 245,65 |  0,00 | 4,531 | 244,74 | 244,74 |  0,00 | 84,964 | 36,10 | 36,10 | 191,257 |   NaN | NaN | 0,00 | 0,00 | NaN
  63 |  0,00 | 0,688 | 568,48 | 568,48 | 603,58 |  0,00 | 0,147 | 44,35 | 44,35 |  0,00 | 0,146 | 245,24 | 245,24 |  0,00 | 0,687 | 242,78 | 242,78 |  0,00 | 21,881 | 36,10 | 36,10 | 63,586 |   NaN | NaN | 0,00 | 0,00 | NaN
  64 |  0,00 | 2,303 | 564,95 | 564,95 | 609,13 |  0,00 | 0,190 | 44,35 | 44,35 |  0,00 | 0,188 | 242,87 | 242,87 |  0,00 | 3,834 | 241,63 | 241,63 |  0,00 | 65,412 | 36,10 | 36,10 | 163,850 |   NaN | NaN | 0,00 | 0,00 | NaN

= = = = = = = = = = = = AVERAGE RESULTS system = = = = = = = = = = = =
meanPLR_system | 0,000000 
meanDelay_system | 1,281671 
meanLoad_system | 567,827490 
meanTHR_system | 567,827490 
meanGate_system | 604,864424 

meanPLR_EF_system | 0,000000 
meanPLR_AF_system | 0,000000 
meanPLR_BE_system | 0,000000 
meanPLR_FLA_system | 0,000000 
meanPLR_FLB_system | NaN 

meanTHR_EF_system | 44,352002 
meanTHR_AF_system | 243,877009 
meanTHR_BE_system | 243,495331 
meanTHR_FLA_system | 36,731039 
meanTHR_FLB_system | 0,000000 

meanLoad_EF_system | 44,352002 
meanLoad_AF_system | 243,877009 
meanLoad_BE_system | 243,495331 
meanLoad_FLA_system | 36,731039 
meanLoad_FLB_system | 0,000000 

meanDELAY_EF_system | 0,152182 
meanDELAY_AF_system | 0,151321 
meanDELAY_BE_system | 1,768804 
meanDELAY_FLA_system | 39,202921 
meanDELAY_FLB_system | NaN 
meanDELAY_CompleteFLA_system | 100,403148 
meanDELAY_CompleteFLB_system | NaN 

= = = = = = = = = = = = AVERAGE RESULTS = = = = = = = = = = = =
Packet Loss Ratio: 00,00 (%)
PROCESSED PACKAGES: 1782980306 
DISCARTED PACKAGES: 0 
TOTAL PACKAGES: 1782980306 
AVERAGE DELAY: 203,42 (ms) 
AVERAGE THROUGHPUT: 567,83 (Mbps) 
GRANTED THROUGHPUT: 38711,32 (Mbps) By 64 ONUs
EFFECTIVE THROUGHPUT: 36340,96 (Mbps) By 64 ONUs
TOTAL LOAD: 36340,96 (Mbps) By 64 ONUs
ON Arrival THROUGHPUT: 0,00 (Mbps) By 64 ONUs
FINISHTIMEFL: 172,497162 
FINISHTIME: 175,497162 


fileName | IPACT_STRICTPRIORITYFIRSTAF_4_30_65_0 
