
ONU ID 	|  PLR(%) | Delay(ms) | Throughput(Mbps) | Granted Throughput(Mbps) | Total Load (Mbps) 

  ID |  PLR(%) |  D  | Thr |  Gates  |  Load  | PLR-EF | D-EF | ThrEF | LoadEF | PLR-AF | D-AF | ThrAF | LoadAF | PLR-BE | D-BE | ThrBE | LoadBE | PLR-FA | D-FA | ThrFA | LoadFA | DTFA |  PLR-FB | D-FB | ThrFB | LoadFB | DTFB | 
   1 |  3,15 | 255,318 | 755,01 | 779,60 | 759,35 |  0,00 | 1,404 | 44,35 | 44,35 |  0,00 | 10,174 | 343,18 | 343,18 |  7,42 | 946,476 | 306,91 | 331,50 |  0,00 | 256,047 | 60,57 | 60,57 | 531,254 |   NaN | NaN | 0,00 | 0,00 | NaN
   2 |  3,50 | 227,073 | 752,83 | 780,14 | 757,22 |  0,00 | 1,416 | 44,35 | 44,35 |  0,00 | 1,996 | 338,15 | 338,15 |  8,10 | 797,972 | 309,75 | 337,06 |  0,00 | 633,296 | 60,57 | 60,57 | 1285,707 |   NaN | NaN | 0,00 | 0,00 | NaN
   3 |  3,52 | 226,392 | 751,33 | 778,77 | 755,66 |  0,00 | 1,352 | 44,35 | 44,35 |  0,00 | 2,725 | 337,33 | 337,33 |  8,16 | 798,053 | 309,07 | 336,51 |  0,00 | 606,501 | 60,57 | 60,57 | 1232,196 |   NaN | NaN | 0,00 | 0,00 | NaN
   4 |  4,26 | 256,034 | 754,14 | 787,70 | 758,62 |  0,00 | 1,358 | 44,35 | 44,35 |  0,00 | 16,910 | 344,50 | 344,50 |  9,92 | 953,068 | 304,70 | 338,27 |  0,00 | 201,352 | 60,57 | 60,57 | 421,844 |   NaN | NaN | 0,00 | 0,00 | NaN
   5 |  3,08 | 225,532 | 754,63 | 778,62 | 758,99 |  0,00 | 1,384 | 44,35 | 44,35 |  0,00 | 2,472 | 337,60 | 337,60 |  7,14 | 767,672 | 312,10 | 336,09 |  0,00 | 818,624 | 60,57 | 60,57 | 1656,378 |   NaN | NaN | 0,00 | 0,00 | NaN
   6 |  4,06 | 241,226 | 752,65 | 784,51 | 756,98 |  0,00 | 1,332 | 44,35 | 44,35 |  0,00 | 2,106 | 340,95 | 340,95 |  9,41 | 853,616 | 306,77 | 338,64 |  0,00 | 693,963 | 60,57 | 60,57 | 1407,051 |   NaN | NaN | 0,00 | 0,00 | NaN
   7 |  3,35 | 245,898 | 754,88 | 781,08 | 759,23 |  0,00 | 1,351 | 44,35 | 44,35 |  0,00 | 5,863 | 339,62 | 339,62 |  7,78 | 893,744 | 310,34 | 336,53 |  0,00 | 360,115 | 60,57 | 60,57 | 739,403 |   NaN | NaN | 0,00 | 0,00 | NaN
   8 |  3,70 | 239,797 | 753,85 | 782,85 | 758,23 |  0,00 | 1,401 | 44,35 | 44,35 |  0,00 | 2,506 | 336,27 | 336,27 |  8,49 | 837,108 | 312,65 | 341,65 |  0,00 | 651,854 | 60,57 | 60,57 | 1322,864 |   NaN | NaN | 0,00 | 0,00 | NaN
   9 |  3,77 | 243,774 | 754,23 | 783,80 | 758,56 |  0,00 | 1,340 | 44,35 | 44,35 |  0,00 | 3,697 | 341,97 | 341,97 |  8,78 | 883,854 | 307,33 | 336,90 |  0,00 | 478,430 | 60,57 | 60,57 | 976,027 |   NaN | NaN | 0,00 | 0,00 | NaN
  10 |  3,25 | 251,443 | 754,85 | 780,18 | 759,24 |  0,00 | 1,401 | 44,35 | 44,35 |  0,00 | 11,861 | 338,06 | 338,06 |  7,51 | 916,789 | 311,87 | 337,20 |  0,00 | 235,595 | 60,57 | 60,57 | 490,277 |   NaN | NaN | 0,00 | 0,00 | NaN
  11 |  2,80 | 218,990 | 753,45 | 775,14 | 757,79 |  0,00 | 1,341 | 44,35 | 44,35 |  0,00 | 1,895 | 331,43 | 331,43 |  6,40 | 703,599 | 317,09 | 338,78 |  0,00 | 1091,422 | 60,57 | 60,57 | 2202,089 |   NaN | NaN | 0,00 | 0,00 | NaN
  12 |  3,31 | 236,475 | 753,78 | 779,54 | 758,14 |  0,00 | 1,403 | 44,35 | 44,35 |  0,00 | 3,017 | 337,66 | 337,66 |  7,65 | 820,771 | 311,19 | 336,95 |  0,00 | 716,947 | 60,57 | 60,57 | 1453,015 |   NaN | NaN | 0,00 | 0,00 | NaN
  13 |  2,32 | 210,746 | 752,91 | 770,81 | 757,26 |  0,00 | 1,368 | 44,35 | 44,35 |  0,00 | 2,080 | 333,89 | 333,89 |  5,39 | 725,899 | 314,10 | 332,00 |  0,00 | 627,554 | 60,57 | 60,57 | 1274,214 |   NaN | NaN | 0,00 | 0,00 | NaN
  14 |  4,04 | 239,066 | 751,69 | 783,36 | 756,07 |  0,00 | 1,409 | 44,35 | 44,35 |  0,00 | 1,755 | 339,33 | 339,33 |  9,34 | 830,696 | 307,43 | 339,11 |  0,00 | 810,385 | 60,57 | 60,57 | 1639,970 |   NaN | NaN | 0,00 | 0,00 | NaN
  15 |  3,13 | 245,193 | 752,95 | 777,26 | 757,29 |  0,00 | 1,403 | 44,35 | 44,35 |  0,00 | 4,495 | 334,35 | 334,35 |  7,19 | 882,064 | 313,67 | 337,98 |  0,00 | 356,480 | 60,57 | 60,57 | 732,282 |   NaN | NaN | 0,00 | 0,00 | NaN
  16 |  3,98 | 256,116 | 754,78 | 786,10 | 759,14 |  0,00 | 1,394 | 44,35 | 44,35 |  0,00 | 2,844 | 338,08 | 338,08 |  9,13 | 913,444 | 311,77 | 343,10 |  0,00 | 537,641 | 60,57 | 60,57 | 1094,448 |   NaN | NaN | 0,00 | 0,00 | NaN
  17 |  3,87 | 245,559 | 754,90 | 785,30 | 759,29 |  0,00 | 1,407 | 44,35 | 44,35 |  0,00 | 2,667 | 339,94 | 339,94 |  8,93 | 879,899 | 310,04 | 340,43 |  0,00 | 522,443 | 60,57 | 60,57 | 1064,059 |   NaN | NaN | 0,00 | 0,00 | NaN
  18 |  3,43 | 229,326 | 751,15 | 777,87 | 755,49 |  0,00 | 1,384 | 44,35 | 44,35 |  0,00 | 1,905 | 335,55 | 335,55 |  7,92 | 748,109 | 310,68 | 337,39 |  0,00 | 1162,932 | 60,57 | 60,57 | 2344,987 |   NaN | NaN | 0,00 | 0,00 | NaN
  19 |  2,37 | 219,643 | 754,98 | 773,33 | 759,34 |  0,00 | 1,375 | 44,35 | 44,35 |  0,00 | 2,332 | 332,14 | 332,14 |  5,45 | 718,698 | 317,92 | 336,26 |  0,00 | 953,324 | 60,57 | 60,57 | 1925,689 |   NaN | NaN | 0,00 | 0,00 | NaN
  20 |  2,73 | 209,046 | 754,21 | 775,39 | 758,56 |  0,00 | 1,370 | 44,35 | 44,35 |  0,00 | 1,538 | 339,31 | 339,31 |  6,40 | 680,956 | 309,98 | 331,16 |  0,00 | 1106,148 | 60,57 | 60,57 | 2231,597 |   NaN | NaN | 0,00 | 0,00 | NaN
  21 |  2,16 | 214,770 | 751,24 | 767,86 | 755,57 |  0,00 | 1,375 | 44,35 | 44,35 |  0,00 | 7,434 | 331,98 | 331,98 |  5,02 | 767,819 | 314,33 | 330,95 |  0,00 | 296,880 | 60,57 | 60,57 | 612,903 |   NaN | NaN | 0,00 | 0,00 | NaN
  22 |  4,21 | 244,573 | 754,83 | 788,04 | 759,23 |  0,00 | 1,414 | 44,35 | 44,35 |  0,00 | 1,949 | 346,52 | 346,52 |  9,87 | 861,902 | 303,38 | 336,59 |  0,00 | 845,002 | 60,57 | 60,57 | 1709,089 |   NaN | NaN | 0,00 | 0,00 | NaN
  23 |  3,64 | 243,974 | 753,77 | 782,25 | 758,14 |  0,00 | 1,396 | 44,35 | 44,35 |  0,00 | 1,806 | 340,86 | 340,86 |  8,46 | 826,478 | 307,99 | 336,46 |  0,00 | 1034,407 | 60,57 | 60,57 | 2088,003 |   NaN | NaN | 0,00 | 0,00 | NaN
  24 |  3,35 | 239,192 | 754,47 | 780,66 | 758,82 |  0,00 | 1,357 | 44,35 | 44,35 |  0,00 | 2,279 | 336,96 | 336,96 |  7,73 | 838,076 | 312,58 | 338,77 |  0,00 | 626,505 | 60,57 | 60,57 | 1272,186 |   NaN | NaN | 0,00 | 0,00 | NaN
  25 |  4,38 | 260,136 | 753,47 | 788,02 | 757,87 |  0,00 | 1,415 | 44,35 | 44,35 |  0,00 | 3,658 | 337,63 | 337,63 | 10,00 | 944,613 | 310,92 | 345,46 |  0,00 | 390,828 | 60,57 | 60,57 | 800,872 |   NaN | NaN | 0,00 | 0,00 | NaN
  26 |  3,00 | 247,949 | 754,45 | 777,80 | 758,81 |  0,00 | 1,411 | 44,35 | 44,35 |  0,00 | 5,810 | 336,01 | 336,01 |  6,93 | 893,748 | 313,52 | 336,86 |  0,00 | 347,116 | 60,57 | 60,57 | 713,416 |   NaN | NaN | 0,00 | 0,00 | NaN
  27 |  3,06 | 216,163 | 753,55 | 777,32 | 757,89 |  0,00 | 1,337 | 44,35 | 44,35 |  0,00 | 1,840 | 337,87 | 337,87 |  7,10 | 698,422 | 310,76 | 334,52 |  0,00 | 1175,332 | 60,57 | 60,57 | 2369,805 |   NaN | NaN | 0,00 | 0,00 | NaN
  28 |  2,60 | 229,074 | 754,13 | 774,27 | 758,49 |  0,00 | 1,404 | 44,35 | 44,35 |  0,00 | 2,552 | 337,46 | 337,46 |  6,07 | 758,943 | 311,74 | 331,88 |  0,00 | 1039,607 | 60,57 | 60,57 | 2098,288 |   NaN | NaN | 0,00 | 0,00 | NaN
  29 |  3,99 | 234,721 | 753,04 | 784,36 | 757,39 |  0,00 | 1,383 | 44,35 | 44,35 |  0,00 | 1,900 | 339,49 | 339,49 |  9,21 | 783,866 | 308,63 | 339,95 |  0,00 | 1079,498 | 60,57 | 60,57 | 2178,189 |   NaN | NaN | 0,00 | 0,00 | NaN
  30 |  2,91 | 224,519 | 754,34 | 776,99 | 758,74 |  0,00 | 1,414 | 44,35 | 44,35 |  0,00 | 1,914 | 335,41 | 335,41 |  6,73 | 727,748 | 314,01 | 336,65 |  0,00 | 1130,693 | 60,57 | 60,57 | 2280,579 |   NaN | NaN | 0,00 | 0,00 | NaN
  31 |  3,09 | 221,001 | 754,24 | 778,32 | 758,61 |  0,00 | 1,381 | 44,35 | 44,35 |  0,00 | 1,856 | 336,97 | 336,97 |  7,16 | 727,873 | 312,35 | 336,42 |  0,00 | 1035,291 | 60,57 | 60,57 | 2089,730 |   NaN | NaN | 0,00 | 0,00 | NaN
  32 |  3,08 | 223,746 | 755,99 | 780,01 | 760,34 |  0,00 | 1,337 | 44,35 | 44,35 |  0,00 | 2,357 | 336,98 | 336,98 |  7,10 | 728,979 | 314,08 | 338,10 |  0,00 | 1094,282 | 60,57 | 60,57 | 2207,676 |   NaN | NaN | 0,00 | 0,00 | NaN
  33 |  2,84 | 215,291 | 752,60 | 774,59 | 756,96 |  0,00 | 1,402 | 44,35 | 44,35 |  0,00 | 1,792 | 333,84 | 333,84 |  6,55 | 693,430 | 313,83 | 335,82 |  0,00 | 1118,243 | 60,57 | 60,57 | 2255,679 |   NaN | NaN | 0,00 | 0,00 | NaN
  34 |  2,54 | 216,015 | 754,58 | 774,25 | 758,93 |  0,00 | 1,394 | 44,35 | 44,35 |  0,00 | 1,865 | 337,02 | 337,02 |  5,92 | 691,138 | 312,63 | 332,31 |  0,00 | 1207,557 | 60,57 | 60,57 | 2434,593 |   NaN | NaN | 0,00 | 0,00 | NaN
  35 |  3,81 | 236,097 | 755,92 | 785,83 | 760,27 |  0,00 | 1,343 | 44,35 | 44,35 |  0,00 | 1,408 | 340,11 | 340,11 |  8,78 | 769,486 | 310,88 | 340,79 |  0,00 | 1240,748 | 60,57 | 60,57 | 2500,991 |   NaN | NaN | 0,00 | 0,00 | NaN
  36 |  2,62 | 209,999 | 754,94 | 775,27 | 759,30 |  0,00 | 1,396 | 44,35 | 44,35 |  0,00 | 2,054 | 331,84 | 331,84 |  6,01 | 658,522 | 318,17 | 338,50 |  0,00 | 1188,211 | 60,57 | 60,57 | 2395,425 |   NaN | NaN | 0,00 | 0,00 | NaN
  37 |  3,91 | 236,610 | 755,02 | 785,75 | 759,37 |  0,00 | 1,379 | 44,35 | 44,35 |  0,00 | 2,165 | 343,20 | 343,20 |  9,10 | 795,533 | 306,90 | 337,63 |  0,00 | 1090,969 | 60,57 | 60,57 | 2201,071 |   NaN | NaN | 0,00 | 0,00 | NaN
  38 |  3,40 | 233,171 | 754,80 | 781,37 | 759,14 |  0,00 | 1,370 | 44,35 | 44,35 |  0,00 | 2,108 | 338,81 | 338,81 |  7,87 | 766,344 | 311,07 | 337,63 |  0,00 | 1144,425 | 60,57 | 60,57 | 2308,139 |   NaN | NaN | 0,00 | 0,00 | NaN
  39 |  2,15 | 209,760 | 752,55 | 769,07 | 756,94 |  0,00 | 1,413 | 44,35 | 44,35 |  0,00 | 2,300 | 332,35 | 332,35 |  4,98 | 669,750 | 315,27 | 331,79 |  0,00 | 1109,683 | 60,57 | 60,57 | 2238,501 |   NaN | NaN | 0,00 | 0,00 | NaN
  40 |  2,39 | 206,566 | 752,41 | 770,82 | 756,79 |  0,00 | 1,413 | 44,35 | 44,35 |  0,00 | 2,199 | 334,62 | 334,62 |  5,56 | 656,547 | 312,86 | 331,27 |  0,00 | 1171,836 | 60,57 | 60,57 | 2362,710 |   NaN | NaN | 0,00 | 0,00 | NaN
  41 |  3,73 | 223,773 | 753,32 | 782,51 | 757,70 |  0,00 | 1,396 | 44,35 | 44,35 |  0,00 | 2,275 | 335,49 | 335,49 |  8,53 | 733,623 | 312,91 | 342,10 |  0,00 | 1059,256 | 60,57 | 60,57 | 2137,686 |   NaN | NaN | 0,00 | 0,00 | NaN
  42 |  3,94 | 242,585 | 755,02 | 785,99 | 759,38 |  0,00 | 1,342 | 44,35 | 44,35 |  0,00 | 2,091 | 340,61 | 340,61 |  9,10 | 813,945 | 309,48 | 340,45 |  0,00 | 1073,359 | 60,57 | 60,57 | 2165,900 |   NaN | NaN | 0,00 | 0,00 | NaN
  43 |  3,98 | 227,404 | 753,97 | 785,21 | 758,35 |  0,00 | 1,421 | 44,35 | 44,35 |  0,00 | 2,097 | 339,93 | 339,93 |  9,18 | 751,618 | 309,11 | 340,35 |  0,00 | 1112,620 | 60,57 | 60,57 | 2244,426 |   NaN | NaN | 0,00 | 0,00 | NaN
  44 |  4,00 | 247,315 | 754,54 | 785,97 | 758,88 |  0,00 | 1,333 | 44,35 | 44,35 |  0,00 | 1,757 | 338,25 | 338,25 |  9,17 | 829,032 | 311,36 | 342,80 |  0,00 | 1052,905 | 60,57 | 60,57 | 2124,927 |   NaN | NaN | 0,00 | 0,00 | NaN
  45 |  3,50 | 229,005 | 753,40 | 780,76 | 757,78 |  0,00 | 1,417 | 44,35 | 44,35 |  0,00 | 2,033 | 342,15 | 342,15 |  8,20 | 769,250 | 306,32 | 333,68 |  0,00 | 1067,595 | 60,57 | 60,57 | 2154,341 |   NaN | NaN | 0,00 | 0,00 | NaN
  46 |  3,31 | 217,613 | 753,75 | 779,56 | 758,10 |  0,00 | 1,356 | 44,35 | 44,35 |  0,00 | 1,654 | 334,43 | 334,43 |  7,59 | 703,124 | 314,39 | 340,20 |  0,00 | 1107,119 | 60,57 | 60,57 | 2233,403 |   NaN | NaN | 0,00 | 0,00 | NaN
  47 |  2,88 | 214,186 | 754,77 | 777,15 | 759,12 |  0,00 | 1,354 | 44,35 | 44,35 |  0,00 | 1,840 | 338,20 | 338,20 |  6,70 | 704,032 | 311,64 | 334,01 |  0,00 | 1035,701 | 60,57 | 60,57 | 2090,520 |   NaN | NaN | 0,00 | 0,00 | NaN
  48 |  2,90 | 221,983 | 751,94 | 774,36 | 756,30 |  0,00 | 1,384 | 44,35 | 44,35 |  0,00 | 2,000 | 334,87 | 334,87 |  6,70 | 728,879 | 312,14 | 334,56 |  0,00 | 1052,462 | 60,57 | 60,57 | 2124,113 |   NaN | NaN | 0,00 | 0,00 | NaN
  49 |  2,59 | 226,152 | 754,34 | 774,37 | 758,71 |  0,00 | 1,396 | 44,35 | 44,35 |  0,00 | 2,414 | 335,84 | 335,84 |  6,00 | 744,544 | 313,58 | 333,60 |  0,00 | 1031,866 | 60,57 | 60,57 | 2082,810 |   NaN | NaN | 0,00 | 0,00 | NaN
  50 |  3,03 | 224,010 | 754,46 | 778,00 | 758,81 |  0,00 | 1,350 | 44,35 | 44,35 |  0,00 | 1,832 | 337,74 | 337,74 |  7,02 | 732,893 | 311,80 | 335,34 |  0,00 | 1114,187 | 60,57 | 60,57 | 2247,504 |   NaN | NaN | 0,00 | 0,00 | NaN
  51 |  3,51 | 227,940 | 754,20 | 781,62 | 758,55 |  0,00 | 1,348 | 44,35 | 44,35 |  0,00 | 1,654 | 337,57 | 337,57 |  8,09 | 753,781 | 311,70 | 339,12 |  0,00 | 1058,487 | 60,57 | 60,57 | 2136,225 |   NaN | NaN | 0,00 | 0,00 | NaN
  52 |  3,16 | 222,610 | 755,35 | 779,98 | 759,71 |  0,00 | 1,375 | 44,35 | 44,35 |  0,00 | 1,733 | 333,37 | 333,37 |  7,21 | 720,621 | 317,05 | 341,68 |  0,00 | 1068,087 | 60,57 | 60,57 | 2155,221 |   NaN | NaN | 0,00 | 0,00 | NaN
  53 |  3,29 | 235,276 | 754,58 | 780,22 | 758,94 |  0,00 | 1,362 | 44,35 | 44,35 |  0,00 | 2,369 | 338,03 | 338,03 |  7,60 | 777,970 | 311,63 | 337,27 |  0,00 | 1092,482 | 60,57 | 60,57 | 2204,207 |   NaN | NaN | 0,00 | 0,00 | NaN
  54 |  2,56 | 219,377 | 754,54 | 774,38 | 758,89 |  0,00 | 1,365 | 44,35 | 44,35 |  0,00 | 2,525 | 337,14 | 337,14 |  5,97 | 717,694 | 312,47 | 332,31 |  0,00 | 1068,497 | 60,57 | 60,57 | 2156,238 |   NaN | NaN | 0,00 | 0,00 | NaN
  55 |  3,02 | 224,010 | 754,03 | 777,48 | 758,34 |  0,00 | 1,350 | 44,35 | 44,35 |  0,00 | 1,897 | 335,29 | 335,29 |  6,95 | 725,101 | 313,81 | 337,26 |  0,00 | 1140,526 | 60,57 | 60,57 | 2300,096 |   NaN | NaN | 0,00 | 0,00 | NaN
  56 |  2,44 | 220,809 | 754,84 | 773,74 | 759,21 |  0,00 | 1,355 | 44,35 | 44,35 |  0,00 | 2,116 | 334,62 | 334,62 |  5,66 | 718,918 | 315,29 | 334,20 |  0,00 | 1055,135 | 60,57 | 60,57 | 2129,423 |   NaN | NaN | 0,00 | 0,00 | NaN
  57 |  3,28 | 211,255 | 750,79 | 776,23 | 755,12 |  0,00 | 1,352 | 44,35 | 44,35 |  0,00 | 2,827 | 334,57 | 334,57 |  7,55 | 689,252 | 311,30 | 336,73 |  0,00 | 1040,307 | 60,57 | 60,57 | 2099,710 |   NaN | NaN | 0,00 | 0,00 | NaN
  58 |  3,31 | 232,249 | 755,20 | 781,05 | 759,56 |  0,00 | 1,381 | 44,35 | 44,35 |  0,00 | 1,963 | 339,77 | 339,77 |  7,69 | 775,398 | 310,51 | 336,36 |  0,00 | 1038,045 | 60,57 | 60,57 | 2095,233 |   NaN | NaN | 0,00 | 0,00 | NaN
  59 |  3,66 | 232,894 | 755,43 | 784,14 | 759,78 |  0,00 | 1,400 | 44,35 | 44,35 |  0,00 | 1,884 | 336,45 | 336,45 |  8,37 | 752,304 | 314,06 | 342,76 |  0,00 | 1203,330 | 60,57 | 60,57 | 2425,784 |   NaN | NaN | 0,00 | 0,00 | NaN
  60 |  3,50 | 225,913 | 752,86 | 780,18 | 757,18 |  0,00 | 1,335 | 44,35 | 44,35 |  0,00 | 1,852 | 338,57 | 338,57 |  8,12 | 750,238 | 309,36 | 336,68 |  0,00 | 1059,240 | 60,57 | 60,57 | 2137,768 |   NaN | NaN | 0,00 | 0,00 | NaN
  61 |  3,71 | 230,995 | 754,37 | 783,41 | 758,71 |  0,00 | 1,357 | 44,35 | 44,35 |  0,00 | 2,087 | 339,56 | 339,56 |  8,57 | 765,247 | 309,89 | 338,93 |  0,00 | 1095,948 | 60,57 | 60,57 | 2211,191 |   NaN | NaN | 0,00 | 0,00 | NaN
  62 |  3,67 | 234,969 | 751,91 | 780,56 | 756,33 |  0,00 | 1,419 | 44,35 | 44,35 |  0,00 | 2,475 | 336,32 | 336,32 |  8,44 | 781,001 | 310,66 | 339,31 |  0,00 | 1051,972 | 60,57 | 60,57 | 2123,182 |   NaN | NaN | 0,00 | 0,00 | NaN
  63 |  3,52 | 232,049 | 753,18 | 780,69 | 757,53 |  0,00 | 1,374 | 44,35 | 44,35 |  0,00 | 2,245 | 339,97 | 339,97 |  8,19 | 768,687 | 308,29 | 335,79 |  0,00 | 1133,628 | 60,57 | 60,57 | 2286,482 |   NaN | NaN | 0,00 | 0,00 | NaN
  64 |  2,46 | 202,542 | 753,70 | 772,73 | 758,11 |  0,00 | 1,418 | 44,35 | 44,35 |  0,00 | 1,985 | 334,80 | 334,80 |  5,71 | 650,690 | 313,97 | 332,99 |  0,00 | 1069,289 | 60,57 | 60,57 | 2157,872 |   NaN | NaN | 0,00 | 0,00 | NaN

= = = = = = = = = = = = AVERAGE RESULTS system = = = = = = = = = = = =
meanPLR_system | 3,277214 
meanDelay_system | 229,888906 
meanLoad_system | 779,445224 
meanTHR_system | 753,875779 
meanGate_system | 758,236561 

meanPLR_EF_system | 0,000000 
meanPLR_AF_system | 0,000000 
meanPLR_BE_system | 7,577580 
meanPLR_FLA_system | 0,000000 
meanPLR_FLB_system | NaN 

meanTHR_EF_system | 44,352004 
meanTHR_AF_system | 337,480835 
meanTHR_BE_system | 311,468357 
meanTHR_FLA_system | 61,906241 
meanTHR_FLB_system | 0,000000 

meanLoad_EF_system | 44,352004 
meanLoad_AF_system | 337,480835 
meanLoad_BE_system | 337,037801 
meanLoad_FLA_system | 61,906241 
meanLoad_FLB_system | 0,000000 

meanDELAY_EF_system | 1,379166 
meanDELAY_AF_system | 2,901350 
meanDELAY_BE_system | 776,086670 
meanDELAY_FLA_system | 907,347054 
meanDELAY_FLB_system | NaN 
meanDELAY_CompleteFLA_system | 1833,866522 
meanDELAY_CompleteFLB_system | NaN 

= = = = = = = = = = = = AVERAGE RESULTS = = = = = = = = = = = =
Packet Loss Ratio: 03,28 (%)
PROCESSED PACKAGES: 1661761150 
DISCARTED PACKAGES: 35658529 
TOTAL PACKAGES: 1697419679 
AVERAGE DELAY: 42800,59 (ms) 
AVERAGE THROUGHPUT: 753,88 (Mbps) 
GRANTED THROUGHPUT: 48527,14 (Mbps) By 64 ONUs
EFFECTIVE THROUGHPUT: 48248,05 (Mbps) By 64 ONUs
TOTAL LOAD: 49884,49 (Mbps) By 64 ONUs
ON Arrival THROUGHPUT: 0,00 (Mbps) By 64 ONUs
FINISHTIMEFL: 136,464433 
FINISHTIME: 139,464433 


fileName | IPACT_LEAKYBUCKET_2_40_90_0 
