
ONU ID 	|  PLR(%) | Delay(ms) | Throughput(Mbps) | Granted Throughput(Mbps) | Total Load (Mbps) 

  ID |  PLR(%) |  D  | Thr |  Gates  |  Load  | PLR-EF | D-EF | ThrEF | LoadEF | PLR-AF | D-AF | ThrAF | LoadAF | PLR-BE | D-BE | ThrBE | LoadBE | PLR-FA | D-FA | ThrFA | LoadFA | DTFA |  PLR-FB | D-FB | ThrFB | LoadFB | DTFB | 
   1 |  0,00 | 0,593 | 639,67 | 639,67 | 669,94 |  0,00 | 0,207 | 44,35 | 44,35 |  0,00 | 0,399 | 286,11 | 286,11 |  0,00 | 0,523 | 280,67 | 280,67 |  0,00 | 18,396 | 28,54 | 28,54 | 59,514 |   NaN | NaN | 0,00 | 0,00 | NaN
   2 |  0,00 | 2,430 | 638,14 | 638,14 | 671,88 |  0,00 | 0,219 | 44,35 | 44,35 |  0,00 | 0,250 | 284,98 | 284,98 |  0,00 | 0,326 | 280,27 | 280,27 |  0,00 | 155,983 | 28,54 | 28,54 | 333,793 |   NaN | NaN | 0,00 | 0,00 | NaN
   3 |  0,00 | 2,259 | 632,17 | 632,17 | 660,25 |  0,00 | 0,155 | 44,35 | 44,35 |  0,00 | 0,166 | 278,91 | 278,91 |  0,00 | 0,352 | 280,37 | 280,37 |  0,00 | 146,152 | 28,54 | 28,54 | 298,826 |   NaN | NaN | 0,00 | 0,00 | NaN
   4 |  0,00 | 0,568 | 638,80 | 638,80 | 667,05 |  0,00 | 0,161 | 44,35 | 44,35 |  0,00 | 0,409 | 284,46 | 284,46 |  0,00 | 0,601 | 281,45 | 281,45 |  0,00 | 16,536 | 28,54 | 28,54 | 54,428 |   NaN | NaN | 0,00 | 0,00 | NaN
   5 |  0,00 | 2,991 | 632,50 | 632,50 | 660,81 |  0,00 | 0,186 | 44,35 | 44,35 |  0,00 | 0,196 | 280,73 | 280,73 |  0,00 | 0,317 | 278,87 | 278,87 |  0,00 | 197,432 | 28,54 | 28,54 | 411,141 |   NaN | NaN | 0,00 | 0,00 | NaN
   6 |  0,00 | 2,427 | 637,53 | 637,53 | 665,61 |  0,00 | 0,135 | 44,35 | 44,35 |  0,00 | 0,143 | 283,46 | 283,46 |  0,00 | 0,371 | 281,18 | 281,18 |  0,00 | 159,677 | 28,54 | 28,54 | 344,479 |   NaN | NaN | 0,00 | 0,00 | NaN
   7 |  0,00 | 1,019 | 635,68 | 635,68 | 663,79 |  0,00 | 0,153 | 44,35 | 44,35 |  0,00 | 0,163 | 281,11 | 281,11 |  0,00 | 0,356 | 281,67 | 281,67 |  0,00 | 58,040 | 28,54 | 28,54 | 136,082 |   NaN | NaN | 0,00 | 0,00 | NaN
   8 |  0,00 | 2,402 | 640,28 | 640,28 | 669,86 |  0,00 | 0,203 | 44,35 | 44,35 |  0,00 | 0,215 | 283,04 | 283,04 |  0,00 | 0,297 | 284,34 | 284,34 |  0,00 | 155,975 | 28,54 | 28,54 | 341,326 |   NaN | NaN | 0,00 | 0,00 | NaN
   9 |  0,00 | 1,387 | 637,00 | 637,00 | 665,10 |  0,00 | 0,143 | 44,35 | 44,35 |  0,00 | 0,152 | 281,67 | 281,67 |  0,00 | 0,366 | 282,44 | 282,44 |  0,00 | 84,839 | 28,54 | 28,54 | 188,795 |   NaN | NaN | 0,00 | 0,00 | NaN
  10 |  0,00 | 0,645 | 635,41 | 635,41 | 665,16 |  0,00 | 0,204 | 44,35 | 44,35 |  0,00 | 0,466 | 282,46 | 282,46 |  0,00 | 0,595 | 280,05 | 280,05 |  0,00 | 19,587 | 28,54 | 28,54 | 58,116 |   NaN | NaN | 0,00 | 0,00 | NaN
  11 |  0,00 | 8,090 | 634,71 | 634,71 | 662,82 |  0,00 | 0,144 | 44,35 | 44,35 |  0,00 | 0,186 | 280,52 | 280,52 |  0,00 | 0,610 | 281,30 | 281,30 |  0,00 | 558,021 | 28,54 | 28,54 | 1142,430 |   NaN | NaN | 0,00 | 0,00 | NaN
  12 |  0,00 | 2,458 | 636,72 | 636,72 | 666,72 |  0,00 | 0,206 | 44,35 | 44,35 |  0,00 | 0,213 | 281,50 | 281,50 |  0,00 | 0,292 | 282,32 | 282,32 |  0,00 | 159,525 | 28,54 | 28,54 | 346,578 |   NaN | NaN | 0,00 | 0,00 | NaN
  13 |  0,00 | 2,440 | 628,33 | 628,33 | 656,43 |  0,00 | 0,171 | 44,35 | 44,35 |  0,00 | 0,183 | 279,71 | 279,71 |  0,00 | 0,354 | 275,73 | 275,73 |  0,00 | 157,629 | 28,54 | 28,54 | 334,372 |   NaN | NaN | 0,00 | 0,00 | NaN
  14 |  0,00 | 2,932 | 638,99 | 638,99 | 670,40 |  0,00 | 0,212 | 44,35 | 44,35 |  0,00 | 0,216 | 282,20 | 282,20 |  0,00 | 0,289 | 283,89 | 283,89 |  0,00 | 193,675 | 28,54 | 28,54 | 403,998 |   NaN | NaN | 0,00 | 0,00 | NaN
  15 |  0,00 | 1,009 | 634,86 | 634,86 | 664,89 |  0,00 | 0,206 | 44,35 | 44,35 |  0,00 | 0,242 | 277,80 | 277,80 |  0,00 | 0,316 | 284,16 | 284,16 |  0,00 | 54,828 | 28,54 | 28,54 | 137,748 |   NaN | NaN | 0,00 | 0,00 | NaN
  16 |  0,00 | 1,694 | 642,71 | 642,71 | 671,49 |  0,00 | 0,197 | 44,35 | 44,35 |  0,00 | 0,206 | 283,35 | 283,35 |  0,00 | 0,300 | 286,47 | 286,47 |  0,00 | 105,721 | 28,54 | 28,54 | 236,336 |   NaN | NaN | 0,00 | 0,00 | NaN
  17 |  0,00 | 1,655 | 636,83 | 636,83 | 667,77 |  0,00 | 0,210 | 44,35 | 44,35 |  0,00 | 0,215 | 283,20 | 283,20 |  0,00 | 0,287 | 280,73 | 280,73 |  0,00 | 102,068 | 28,54 | 28,54 | 223,037 |   NaN | NaN | 0,00 | 0,00 | NaN
  18 |  0,00 | 6,195 | 633,09 | 633,09 | 661,34 |  0,00 | 0,187 | 44,35 | 44,35 |  0,00 | 0,207 | 280,81 | 280,81 |  0,00 | 0,328 | 279,39 | 279,39 |  0,00 | 425,501 | 28,54 | 28,54 | 1014,238 |   NaN | NaN | 0,00 | 0,00 | NaN
  19 |  0,00 | 6,456 | 629,44 | 629,44 | 657,61 |  0,00 | 0,178 | 44,35 | 44,35 |  0,00 | 0,189 | 277,64 | 277,64 |  0,00 | 0,327 | 278,90 | 278,90 |  0,00 | 443,242 | 28,54 | 28,54 | 791,800 |   NaN | NaN | 0,00 | 0,00 | NaN
  20 |  0,00 | 7,902 | 629,19 | 629,19 | 657,34 |  0,00 | 0,173 | 44,35 | 44,35 |  0,00 | 0,277 | 280,66 | 280,66 |  0,00 | 0,592 | 275,64 | 275,64 |  0,00 | 539,592 | 28,54 | 28,54 | 1142,719 |   NaN | NaN | 0,00 | 0,00 | NaN
  21 |  0,00 | 0,704 | 627,86 | 627,86 | 656,02 |  0,00 | 0,178 | 44,35 | 44,35 |  0,00 | 0,202 | 278,63 | 278,63 |  0,00 | 0,352 | 276,34 | 276,34 |  0,00 | 33,863 | 28,54 | 28,54 | 89,294 |   NaN | NaN | 0,00 | 0,00 | NaN
  22 |  0,00 | 3,542 | 638,96 | 638,96 | 671,83 |  0,00 | 0,216 | 44,35 | 44,35 |  0,00 | 0,223 | 286,19 | 286,19 |  0,00 | 0,287 | 279,88 | 279,88 |  0,00 | 237,137 | 28,54 | 28,54 | 466,135 |   NaN | NaN | 0,00 | 0,00 | NaN
  23 |  0,00 | 8,155 | 636,93 | 636,93 | 665,81 |  0,00 | 0,198 | 44,35 | 44,35 |  0,00 | 0,318 | 282,43 | 282,43 |  0,00 | 0,611 | 281,61 | 281,61 |  0,00 | 559,489 | 28,54 | 28,54 | 1064,144 |   NaN | NaN | 0,00 | 0,00 | NaN
  24 |  0,00 | 2,414 | 639,99 | 639,99 | 668,09 |  0,00 | 0,160 | 44,35 | 44,35 |  0,00 | 0,177 | 282,62 | 282,62 |  0,00 | 0,355 | 284,47 | 284,47 |  0,00 | 157,904 | 28,54 | 28,54 | 336,637 |   NaN | NaN | 0,00 | 0,00 | NaN
  25 |  0,00 | 1,065 | 637,50 | 637,50 | 670,83 |  0,00 | 0,217 | 44,35 | 44,35 |  0,00 | 0,237 | 278,81 | 278,81 |  0,00 | 0,291 | 285,79 | 285,79 |  0,00 | 59,131 | 28,54 | 28,54 | 140,256 |   NaN | NaN | 0,00 | 0,00 | NaN
  26 |  0,00 | 1,049 | 633,73 | 633,73 | 665,78 |  0,00 | 0,214 | 44,35 | 44,35 |  0,00 | 0,244 | 281,28 | 281,28 |  0,00 | 0,310 | 279,56 | 279,56 |  0,00 | 57,450 | 28,54 | 28,54 | 129,980 |   NaN | NaN | 0,00 | 0,00 | NaN
  27 |  0,00 | 5,878 | 632,78 | 632,78 | 660,88 |  0,00 | 0,140 | 44,35 | 44,35 |  0,00 | 0,152 | 282,20 | 282,20 |  0,00 | 0,373 | 277,68 | 277,68 |  0,00 | 404,535 | 28,54 | 28,54 | 979,590 |   NaN | NaN | 0,00 | 0,00 | NaN
  28 |  0,00 | 8,212 | 629,98 | 629,98 | 660,14 |  0,00 | 0,207 | 44,35 | 44,35 |  0,00 | 0,413 | 280,48 | 280,48 |  0,00 | 0,602 | 276,60 | 276,60 |  0,00 | 558,154 | 28,54 | 28,54 | 1063,968 |   NaN | NaN | 0,00 | 0,00 | NaN
  29 |  0,00 | 8,253 | 635,90 | 635,90 | 664,20 |  0,00 | 0,186 | 44,35 | 44,35 |  0,00 | 0,325 | 279,96 | 279,96 |  0,00 | 0,579 | 283,05 | 283,05 |  0,00 | 566,807 | 28,54 | 28,54 | 1133,488 |   NaN | NaN | 0,00 | 0,00 | NaN
  30 |  0,00 | 7,068 | 633,86 | 633,86 | 666,78 |  0,00 | 0,216 | 44,35 | 44,35 |  0,00 | 0,226 | 280,13 | 280,13 |  0,00 | 0,286 | 280,84 | 280,84 |  0,00 | 487,525 | 28,54 | 28,54 | 1105,439 |   NaN | NaN | 0,00 | 0,00 | NaN
  31 |  0,00 | 8,148 | 633,50 | 633,50 | 661,77 |  0,00 | 0,183 | 44,35 | 44,35 |  0,00 | 0,269 | 281,62 | 281,62 |  0,00 | 0,648 | 278,99 | 278,99 |  0,00 | 558,020 | 28,54 | 28,54 | 1059,936 |   NaN | NaN | 0,00 | 0,00 | NaN
  32 |  0,00 | 8,022 | 637,37 | 637,37 | 665,48 |  0,00 | 0,140 | 44,35 | 44,35 |  0,00 | 0,244 | 281,66 | 281,66 |  0,00 | 0,496 | 282,82 | 282,82 |  0,00 | 555,663 | 28,54 | 28,54 | 1145,872 |   NaN | NaN | 0,00 | 0,00 | NaN
  33 |  0,00 | 7,611 | 632,43 | 632,43 | 662,21 |  0,00 | 0,205 | 44,35 | 44,35 |  0,00 | 0,296 | 279,48 | 279,48 |  0,00 | 0,434 | 280,06 | 280,06 |  0,00 | 521,947 | 28,54 | 28,54 | 1136,901 |   NaN | NaN | 0,00 | 0,00 | NaN
  34 |  0,00 | 5,212 | 634,89 | 634,89 | 663,55 |  0,00 | 0,196 | 44,35 | 44,35 |  0,00 | 0,207 | 280,31 | 280,31 |  0,00 | 0,307 | 281,69 | 281,69 |  0,00 | 356,108 | 28,54 | 28,54 | 838,682 |   NaN | NaN | 0,00 | 0,00 | NaN
  35 |  0,00 | 4,783 | 637,69 | 637,69 | 665,77 |  0,00 | 0,145 | 44,35 | 44,35 |  0,00 | 0,149 | 282,90 | 282,90 |  0,00 | 0,361 | 281,89 | 281,89 |  0,00 | 328,102 | 28,54 | 28,54 | 731,117 |   NaN | NaN | 0,00 | 0,00 | NaN
  36 |  0,00 | 5,542 | 633,03 | 633,03 | 662,02 |  0,00 | 0,199 | 44,35 | 44,35 |  0,00 | 0,208 | 279,14 | 279,14 |  0,00 | 0,305 | 280,99 | 280,99 |  0,00 | 379,000 | 28,54 | 28,54 | 916,176 |   NaN | NaN | 0,00 | 0,00 | NaN
  37 |  0,00 | 8,025 | 639,70 | 639,70 | 667,91 |  0,00 | 0,181 | 44,35 | 44,35 |  0,00 | 0,257 | 285,00 | 285,00 |  0,00 | 0,514 | 281,80 | 281,80 |  0,00 | 555,103 | 28,54 | 28,54 | 1148,210 |   NaN | NaN | 0,00 | 0,00 | NaN
  38 |  0,00 | 6,703 | 640,19 | 640,19 | 668,31 |  0,00 | 0,173 | 44,35 | 44,35 |  0,00 | 0,190 | 283,38 | 283,38 |  0,00 | 0,336 | 283,91 | 283,91 |  0,00 | 465,290 | 28,54 | 28,54 | 1078,847 |   NaN | NaN | 0,00 | 0,00 | NaN
  39 |  0,00 | 7,673 | 628,88 | 628,88 | 661,77 |  0,00 | 0,216 | 44,35 | 44,35 |  0,00 | 0,249 | 279,38 | 279,38 |  0,00 | 0,360 | 276,61 | 276,61 |  0,00 | 526,426 | 28,54 | 28,54 | 1140,450 |   NaN | NaN | 0,00 | 0,00 | NaN
  40 |  0,00 | 6,062 | 628,78 | 628,78 | 661,65 |  0,00 | 0,216 | 44,35 | 44,35 |  0,00 | 0,239 | 280,25 | 280,25 |  0,00 | 0,307 | 275,64 | 275,64 |  0,00 | 413,246 | 28,54 | 28,54 | 993,132 |   NaN | NaN | 0,00 | 0,00 | NaN
  41 |  0,00 | 8,248 | 640,15 | 640,15 | 669,21 |  0,00 | 0,199 | 44,35 | 44,35 |  0,00 | 0,328 | 281,50 | 281,50 |  0,00 | 0,587 | 285,76 | 285,76 |  0,00 | 567,995 | 28,54 | 28,54 | 1106,643 |   NaN | NaN | 0,00 | 0,00 | NaN
  42 |  0,00 | 8,260 | 638,34 | 638,34 | 666,45 |  0,00 | 0,145 | 44,35 | 44,35 |  0,00 | 0,285 | 282,39 | 282,39 |  0,00 | 0,777 | 283,05 | 283,05 |  0,00 | 566,913 | 28,54 | 28,54 | 1133,791 |   NaN | NaN | 0,00 | 0,00 | NaN
  43 |  0,00 | 7,608 | 641,16 | 641,16 | 673,62 |  0,00 | 0,223 | 44,35 | 44,35 |  0,00 | 0,270 | 284,77 | 284,77 |  0,00 | 0,326 | 283,49 | 283,49 |  0,00 | 527,782 | 28,54 | 28,54 | 1139,683 |   NaN | NaN | 0,00 | 0,00 | NaN
  44 |  0,00 | 8,267 | 637,52 | 637,52 | 665,59 |  0,00 | 0,136 | 44,35 | 44,35 |  0,00 | 0,255 | 281,79 | 281,79 |  0,00 | 0,793 | 282,84 | 282,84 |  0,00 | 567,725 | 28,54 | 28,54 | 1097,440 |   NaN | NaN | 0,00 | 0,00 | NaN
  45 |  0,00 | 8,337 | 636,10 | 636,10 | 670,34 |  0,00 | 0,220 | 44,35 | 44,35 |  0,00 | 0,328 | 283,97 | 283,97 |  0,00 | 0,825 | 279,24 | 279,24 |  0,00 | 567,258 | 28,54 | 28,54 | 1126,858 |   NaN | NaN | 0,00 | 0,00 | NaN
  46 |  0,00 | 7,797 | 635,49 | 635,49 | 663,60 |  0,00 | 0,159 | 44,35 | 44,35 |  0,00 | 0,187 | 280,95 | 280,95 |  0,00 | 0,407 | 281,65 | 281,65 |  0,00 | 540,700 | 28,54 | 28,54 | 1145,050 |   NaN | NaN | 0,00 | 0,00 | NaN
  47 |  0,00 | 8,048 | 635,01 | 635,01 | 663,08 |  0,00 | 0,157 | 44,35 | 44,35 |  0,00 | 0,318 | 283,10 | 283,10 |  0,00 | 0,668 | 279,01 | 279,01 |  0,00 | 551,253 | 28,54 | 28,54 | 1037,834 |   NaN | NaN | 0,00 | 0,00 | NaN
  48 |  0,00 | 8,243 | 633,36 | 633,36 | 661,67 |  0,00 | 0,186 | 44,35 | 44,35 |  0,00 | 0,314 | 280,17 | 280,17 |  0,00 | 0,636 | 280,29 | 280,29 |  0,00 | 564,002 | 28,54 | 28,54 | 1086,646 |   NaN | NaN | 0,00 | 0,00 | NaN
  49 |  0,00 | 8,008 | 634,32 | 634,32 | 663,22 |  0,00 | 0,199 | 44,35 | 44,35 |  0,00 | 0,385 | 282,33 | 282,33 |  0,00 | 0,483 | 279,09 | 279,09 |  0,00 | 548,866 | 28,54 | 28,54 | 1031,929 |   NaN | NaN | 0,00 | 0,00 | NaN
  50 |  0,00 | 7,575 | 636,78 | 636,78 | 664,88 |  0,00 | 0,153 | 44,35 | 44,35 |  0,00 | 0,187 | 284,00 | 284,00 |  0,00 | 0,426 | 279,89 | 279,89 |  0,00 | 525,472 | 28,54 | 28,54 | 1134,595 |   NaN | NaN | 0,00 | 0,00 | NaN
  51 |  0,00 | 8,243 | 636,58 | 636,58 | 664,68 |  0,00 | 0,151 | 44,35 | 44,35 |  0,00 | 0,210 | 280,49 | 280,49 |  0,00 | 0,640 | 283,20 | 283,20 |  0,00 | 568,694 | 28,54 | 28,54 | 1106,550 |   NaN | NaN | 0,00 | 0,00 | NaN
  52 |  0,00 | 8,397 | 632,10 | 632,10 | 660,27 |  0,00 | 0,177 | 44,35 | 44,35 |  0,00 | 0,417 | 277,85 | 277,85 |  0,00 | 0,837 | 281,36 | 281,36 |  0,00 | 568,954 | 28,54 | 28,54 | 1119,349 |   NaN | NaN | 0,00 | 0,00 | NaN
  53 |  0,00 | 8,039 | 637,03 | 637,03 | 665,14 |  0,00 | 0,165 | 44,35 | 44,35 |  0,00 | 0,272 | 282,35 | 282,35 |  0,00 | 0,713 | 281,79 | 281,79 |  0,00 | 551,354 | 28,54 | 28,54 | 1144,995 |   NaN | NaN | 0,00 | 0,00 | NaN
  54 |  0,00 | 8,293 | 632,60 | 632,60 | 660,70 |  0,00 | 0,167 | 44,35 | 44,35 |  0,00 | 0,311 | 281,55 | 281,55 |  0,00 | 0,606 | 278,16 | 278,16 |  0,00 | 568,393 | 28,54 | 28,54 | 1130,124 |   NaN | NaN | 0,00 | 0,00 | NaN
  55 |  0,00 | 6,776 | 634,42 | 634,42 | 662,53 |  0,00 | 0,152 | 44,35 | 44,35 |  0,00 | 0,164 | 280,10 | 280,10 |  0,00 | 0,355 | 281,42 | 281,42 |  0,00 | 468,863 | 28,54 | 28,54 | 1078,889 |   NaN | NaN | 0,00 | 0,00 | NaN
  56 |  0,00 | 8,198 | 633,07 | 633,07 | 661,20 |  0,00 | 0,158 | 44,35 | 44,35 |  0,00 | 0,324 | 279,29 | 279,29 |  0,00 | 0,738 | 280,89 | 280,89 |  0,00 | 559,397 | 28,54 | 28,54 | 1082,776 |   NaN | NaN | 0,00 | 0,00 | NaN
  57 |  0,00 | 8,106 | 635,93 | 635,93 | 664,05 |  0,00 | 0,155 | 44,35 | 44,35 |  0,00 | 0,321 | 281,10 | 281,10 |  0,00 | 0,562 | 281,94 | 281,94 |  0,00 | 557,720 | 28,54 | 28,54 | 1057,452 |   NaN | NaN | 0,00 | 0,00 | NaN
  58 |  0,00 | 8,195 | 635,43 | 635,43 | 663,70 |  0,00 | 0,184 | 44,35 | 44,35 |  0,00 | 0,357 | 280,70 | 280,70 |  0,00 | 0,608 | 281,83 | 281,83 |  0,00 | 561,396 | 28,54 | 28,54 | 1069,695 |   NaN | NaN | 0,00 | 0,00 | NaN
  59 |  0,00 | 5,320 | 639,61 | 639,61 | 669,07 |  0,00 | 0,203 | 44,35 | 44,35 |  0,00 | 0,213 | 281,96 | 281,96 |  0,00 | 0,298 | 284,76 | 284,76 |  0,00 | 365,221 | 28,54 | 28,54 | 866,712 |   NaN | NaN | 0,00 | 0,00 | NaN
  60 |  0,00 | 8,316 | 635,29 | 635,29 | 663,39 |  0,00 | 0,138 | 44,35 | 44,35 |  0,00 | 0,293 | 281,60 | 281,60 |  0,00 | 0,905 | 280,80 | 280,80 |  0,00 | 567,182 | 28,54 | 28,54 | 1103,011 |   NaN | NaN | 0,00 | 0,00 | NaN
  61 |  0,00 | 7,929 | 637,60 | 637,60 | 665,71 |  0,00 | 0,160 | 44,35 | 44,35 |  0,00 | 0,259 | 281,98 | 281,98 |  0,00 | 0,615 | 282,73 | 282,73 |  0,00 | 545,927 | 28,54 | 28,54 | 1145,041 |   NaN | NaN | 0,00 | 0,00 | NaN
  62 |  0,00 | 8,242 | 637,76 | 637,76 | 672,62 |  0,00 | 0,222 | 44,35 | 44,35 |  0,00 | 0,277 | 282,81 | 282,81 |  0,00 | 0,589 | 282,05 | 282,05 |  0,00 | 566,557 | 28,54 | 28,54 | 1093,923 |   NaN | NaN | 0,00 | 0,00 | NaN
  63 |  0,00 | 7,044 | 637,40 | 637,40 | 665,56 |  0,00 | 0,177 | 44,35 | 44,35 |  0,00 | 0,199 | 282,97 | 282,97 |  0,00 | 0,342 | 281,54 | 281,54 |  0,00 | 488,109 | 28,54 | 28,54 | 1104,763 |   NaN | NaN | 0,00 | 0,00 | NaN
  64 |  0,00 | 8,338 | 631,28 | 631,28 | 665,83 |  0,00 | 0,220 | 44,35 | 44,35 |  0,00 | 0,343 | 278,29 | 278,29 |  0,00 | 0,589 | 280,09 | 280,09 |  0,00 | 568,830 | 28,54 | 28,54 | 1132,017 |   NaN | NaN | 0,00 | 0,00 | NaN

= = = = = = = = = = = = AVERAGE RESULTS system = = = = = = = = = = = =
meanPLR_system | 0,000000 
meanDelay_system | 5,648424 
meanLoad_system | 635,473915 
meanTHR_system | 635,473915 
meanGate_system | 664,893318 

meanPLR_EF_system | 0,000000 
meanPLR_AF_system | 0,000000 
meanPLR_BE_system | 0,000000 
meanPLR_FLA_system | 0,000000 
meanPLR_FLB_system | NaN 

meanTHR_EF_system | 44,352003 
meanTHR_AF_system | 281,534067 
meanTHR_BE_system | 281,045785 
meanTHR_FLA_system | 28,961408 
meanTHR_FLB_system | 0,000000 

meanLoad_EF_system | 44,352003 
meanLoad_AF_system | 281,534067 
meanLoad_BE_system | 281,045785 
meanLoad_FLA_system | 28,961408 
meanLoad_FLB_system | 0,000000 

meanDELAY_EF_system | 0,181892 
meanDELAY_AF_system | 0,255147 
meanDELAY_BE_system | 0,472409 
meanDELAY_FLA_system | 383,873168 
meanDELAY_FLB_system | NaN 
meanDELAY_CompleteFLA_system | 796,465286 
meanDELAY_CompleteFLB_system | NaN 

= = = = = = = = = = = = AVERAGE RESULTS = = = = = = = = = = = =
Packet Loss Ratio: 00,00 (%)
PROCESSED PACKAGES: 2253216101 
DISCARTED PACKAGES: 0 
TOTAL PACKAGES: 2253216101 
AVERAGE DELAY: 959,58 (ms) 
AVERAGE THROUGHPUT: 635,47 (Mbps) 
GRANTED THROUGHPUT: 42553,17 (Mbps) By 64 ONUs
EFFECTIVE THROUGHPUT: 40670,33 (Mbps) By 64 ONUs
TOTAL LOAD: 40670,33 (Mbps) By 64 ONUs
ON Arrival THROUGHPUT: 0,00 (Mbps) By 64 ONUs
FINISHTIMEFL: 204,188965 
FINISHTIME: 207,188965 


fileName | IPACT_LBCONSTANTTOKENSBYCYCLE_5_28_75_0 
