
ONU ID 	|  PLR(%) | Delay(ms) | Throughput(Mbps) | Granted Throughput(Mbps) | Total Load (Mbps) 

  ID |  PLR(%) |  D  | Thr |  Gates  |  Load  | PLR-EF | D-EF | ThrEF | LoadEF | PLR-AF | D-AF | ThrAF | LoadAF | PLR-BE | D-BE | ThrBE | LoadBE | PLR-FA | D-FA | ThrFA | LoadFA | DTFA |  PLR-FB | D-FB | ThrFB | LoadFB | DTFB | 
   1 |  0,00 | 15,488 | 703,27 | 703,27 | 718,68 |  0,00 | 0,818 | 44,35 | 44,35 |  0,00 | 16,799 | 267,98 | 267,98 |  0,00 | 22,265 | 259,27 | 259,27 |  0,00 | 91,206 | 131,67 | 131,67 | 191,400 |   NaN | NaN | 0,00 | 0,00 | NaN
   2 |  0,00 | 30,069 | 701,86 | 701,86 | 718,57 |  0,00 | 0,830 | 44,35 | 44,35 |  0,00 | 28,934 | 262,83 | 262,83 |  0,00 | 63,529 | 263,00 | 263,00 |  0,00 | 119,451 | 131,67 | 131,67 | 254,355 |   NaN | NaN | 0,00 | 0,00 | NaN
   3 |  0,00 | 29,996 | 707,27 | 707,27 | 721,41 |  0,00 | 0,766 | 44,35 | 44,35 |  0,00 | 30,668 | 266,49 | 266,49 |  0,00 | 61,684 | 264,76 | 264,76 |  0,00 | 118,351 | 131,67 | 131,67 | 251,708 |   NaN | NaN | 0,00 | 0,00 | NaN
   4 |  0,00 | 12,850 | 706,03 | 706,03 | 720,34 |  0,00 | 0,772 | 44,35 | 44,35 |  0,00 | 12,238 | 269,12 | 269,12 |  0,00 | 17,663 | 260,88 | 260,88 |  0,00 | 84,413 | 131,67 | 131,67 | 176,336 |   NaN | NaN | 0,00 | 0,00 | NaN
   5 |  0,00 | 35,644 | 697,33 | 697,33 | 711,39 |  0,00 | 0,798 | 44,35 | 44,35 |  0,00 | 33,782 | 261,20 | 261,20 |  0,00 | 82,475 | 260,11 | 260,11 |  0,00 | 119,801 | 131,67 | 131,67 | 260,766 |   NaN | NaN | 0,00 | 0,00 | NaN
   6 |  0,00 | 33,053 | 703,09 | 703,09 | 716,92 |  0,00 | 0,746 | 44,35 | 44,35 |  0,00 | 31,581 | 264,37 | 264,37 |  0,00 | 73,407 | 262,69 | 262,69 |  0,00 | 120,058 | 131,67 | 131,67 | 258,339 |   NaN | NaN | 0,00 | 0,00 | NaN
   7 |  0,00 | 19,691 | 701,99 | 701,99 | 716,53 |  0,00 | 0,765 | 44,35 | 44,35 |  0,00 | 20,265 | 264,94 | 264,94 |  0,00 | 33,818 | 261,03 | 261,03 |  0,00 | 101,340 | 131,67 | 131,67 | 215,247 |   NaN | NaN | 0,00 | 0,00 | NaN
   8 |  0,00 | 32,003 | 705,65 | 705,65 | 720,59 |  0,00 | 0,815 | 44,35 | 44,35 |  0,00 | 33,117 | 262,68 | 262,68 |  0,00 | 66,863 | 266,95 | 266,95 |  0,00 | 119,763 | 131,67 | 131,67 | 256,070 |   NaN | NaN | 0,00 | 0,00 | NaN
   9 |  0,00 | 24,564 | 704,01 | 704,01 | 718,45 |  0,00 | 0,754 | 44,35 | 44,35 |  0,00 | 25,571 | 265,65 | 265,65 |  0,00 | 46,406 | 262,34 | 262,34 |  0,00 | 110,592 | 131,67 | 131,67 | 235,182 |   NaN | NaN | 0,00 | 0,00 | NaN
  10 |  0,00 | 14,688 | 700,68 | 700,68 | 715,89 |  0,00 | 0,816 | 44,35 | 44,35 |  0,00 | 14,869 | 263,31 | 263,31 |  0,00 | 21,136 | 261,35 | 261,35 |  0,00 | 90,015 | 131,67 | 131,67 | 188,692 |   NaN | NaN | 0,00 | 0,00 | NaN
  11 |  0,00 | 34,446 | 695,40 | 695,40 | 709,48 |  0,00 | 0,755 | 44,35 | 44,35 |  0,00 | 29,892 | 256,78 | 256,78 |  0,00 | 83,507 | 262,59 | 262,59 |  0,00 | 109,966 | 131,67 | 131,67 | 247,562 |   NaN | NaN | 0,00 | 0,00 | NaN
  12 |  0,00 | 32,809 | 703,47 | 703,47 | 718,37 |  0,00 | 0,817 | 44,35 | 44,35 |  0,00 | 31,689 | 264,03 | 264,03 |  0,00 | 72,001 | 263,42 | 263,42 |  0,00 | 120,194 | 131,67 | 131,67 | 259,572 |   NaN | NaN | 0,00 | 0,00 | NaN
  13 |  0,00 | 29,419 | 695,36 | 695,36 | 709,45 |  0,00 | 0,782 | 44,35 | 44,35 |  0,00 | 29,664 | 258,79 | 258,79 |  0,00 | 60,489 | 260,55 | 260,55 |  0,00 | 119,354 | 131,67 | 131,67 | 254,308 |   NaN | NaN | 0,00 | 0,00 | NaN
  14 |  0,00 | 35,929 | 705,63 | 705,63 | 721,09 |  0,00 | 0,823 | 44,35 | 44,35 |  0,00 | 33,065 | 265,46 | 265,46 |  0,00 | 83,624 | 264,15 | 264,15 |  0,00 | 119,883 | 131,67 | 131,67 | 260,778 |   NaN | NaN | 0,00 | 0,00 | NaN
  15 |  0,00 | 19,771 | 699,27 | 699,27 | 714,80 |  0,00 | 0,817 | 44,35 | 44,35 |  0,00 | 19,938 | 258,81 | 258,81 |  0,00 | 33,980 | 264,43 | 264,43 |  0,00 | 102,180 | 131,67 | 131,67 | 217,147 |   NaN | NaN | 0,00 | 0,00 | NaN
  16 |  0,00 | 26,441 | 706,70 | 706,70 | 721,33 |  0,00 | 0,809 | 44,35 | 44,35 |  0,00 | 25,236 | 262,87 | 262,87 |  0,00 | 52,829 | 267,81 | 267,81 |  0,00 | 114,825 | 131,67 | 131,67 | 243,950 |   NaN | NaN | 0,00 | 0,00 | NaN
  17 |  0,00 | 26,331 | 703,55 | 703,55 | 719,28 |  0,00 | 0,821 | 44,35 | 44,35 |  0,00 | 27,851 | 264,03 | 264,03 |  0,00 | 50,507 | 263,49 | 263,49 |  0,00 | 113,546 | 131,67 | 131,67 | 241,123 |   NaN | NaN | 0,00 | 0,00 | NaN
  18 |  0,00 | 18,949 | 700,74 | 700,74 | 715,08 |  0,00 | 0,798 | 44,35 | 44,35 |  0,00 | 16,411 | 261,28 | 261,28 |  0,00 | 45,032 | 263,44 | 263,44 |  0,00 | 61,112 | 131,67 | 131,67 | 176,224 |   NaN | NaN | 0,00 | 0,00 | NaN
  19 |  0,00 | 38,426 | 696,80 | 696,80 | 710,83 |  0,00 | 0,789 | 44,35 | 44,35 |  0,00 | 34,152 | 259,65 | 259,65 |  0,00 | 93,915 | 261,12 | 261,12 |  0,00 | 118,514 | 131,67 | 131,67 | 258,089 |   NaN | NaN | 0,00 | 0,00 | NaN
  20 |  0,00 | 34,055 | 697,94 | 697,94 | 712,07 |  0,00 | 0,784 | 44,35 | 44,35 |  0,00 | 28,125 | 262,46 | 262,46 |  0,00 | 86,052 | 259,46 | 259,46 |  0,00 | 103,446 | 131,67 | 131,67 | 239,856 |   NaN | NaN | 0,00 | 0,00 | NaN
  21 |  0,00 | 16,663 | 694,05 | 694,05 | 708,47 |  0,00 | 0,789 | 44,35 | 44,35 |  0,00 | 17,178 | 259,63 | 259,63 |  0,00 | 25,521 | 258,40 | 258,40 |  0,00 | 96,578 | 131,67 | 131,67 | 204,136 |   NaN | NaN | 0,00 | 0,00 | NaN
  22 |  0,00 | 36,449 | 704,59 | 704,59 | 720,69 |  0,00 | 0,828 | 44,35 | 44,35 |  0,00 | 32,064 | 268,48 | 268,48 |  0,00 | 87,728 | 260,10 | 260,10 |  0,00 | 119,464 | 131,67 | 131,67 | 260,357 |   NaN | NaN | 0,00 | 0,00 | NaN
  23 |  0,00 | 37,402 | 705,06 | 705,06 | 719,43 |  0,00 | 0,810 | 44,35 | 44,35 |  0,00 | 31,705 | 264,79 | 264,79 |  0,00 | 91,603 | 264,24 | 264,24 |  0,00 | 118,109 | 131,67 | 131,67 | 257,108 |   NaN | NaN | 0,00 | 0,00 | NaN
  24 |  0,00 | 31,424 | 702,27 | 702,27 | 716,34 |  0,00 | 0,771 | 44,35 | 44,35 |  0,00 | 30,540 | 262,89 | 262,89 |  0,00 | 67,680 | 263,36 | 263,36 |  0,00 | 119,351 | 131,67 | 131,67 | 254,274 |   NaN | NaN | 0,00 | 0,00 | NaN
  25 |  0,00 | 21,696 | 709,45 | 709,45 | 726,49 |  0,00 | 0,829 | 44,35 | 44,35 |  0,00 | 21,937 | 261,93 | 261,93 |  0,00 | 38,897 | 271,50 | 271,50 |  0,00 | 104,556 | 131,67 | 131,67 | 222,851 |   NaN | NaN | 0,00 | 0,00 | NaN
  26 |  0,00 | 19,022 | 701,59 | 701,59 | 718,04 |  0,00 | 0,825 | 44,35 | 44,35 |  0,00 | 19,652 | 262,18 | 262,18 |  0,00 | 31,596 | 263,39 | 263,39 |  0,00 | 100,615 | 131,67 | 131,67 | 213,370 |   NaN | NaN | 0,00 | 0,00 | NaN
  27 |  0,00 | 14,953 | 695,95 | 695,95 | 710,16 |  0,00 | 0,752 | 44,35 | 44,35 |  0,00 | 11,916 | 261,82 | 261,82 |  0,00 | 35,988 | 258,11 | 258,11 |  0,00 | 51,133 | 131,67 | 131,67 | 154,658 |   NaN | NaN | 0,00 | 0,00 | NaN
  28 |  0,00 | 37,394 | 699,04 | 699,04 | 714,03 |  0,00 | 0,818 | 44,35 | 44,35 |  0,00 | 32,696 | 263,85 | 263,85 |  0,00 | 91,621 | 259,16 | 259,16 |  0,00 | 117,987 | 131,67 | 131,67 | 256,931 |   NaN | NaN | 0,00 | 0,00 | NaN
  29 |  0,00 | 34,944 | 702,25 | 702,25 | 716,42 |  0,00 | 0,797 | 44,35 | 44,35 |  0,00 | 29,463 | 264,66 | 264,66 |  0,00 | 85,307 | 261,57 | 261,57 |  0,00 | 113,677 | 131,67 | 131,67 | 251,939 |   NaN | NaN | 0,00 | 0,00 | NaN
  30 |  0,00 | 26,453 | 693,51 | 693,51 | 709,94 |  0,00 | 0,828 | 44,35 | 44,35 |  0,00 | 21,989 | 258,44 | 258,44 |  0,00 | 64,699 | 259,05 | 259,05 |  0,00 | 86,138 | 131,67 | 131,67 | 217,433 |   NaN | NaN | 0,00 | 0,00 | NaN
  31 |  0,00 | 36,624 | 699,27 | 699,27 | 713,37 |  0,00 | 0,795 | 44,35 | 44,35 |  0,00 | 32,529 | 262,19 | 262,19 |  0,00 | 88,138 | 261,05 | 261,05 |  0,00 | 118,146 | 131,67 | 131,67 | 257,139 |   NaN | NaN | 0,00 | 0,00 | NaN
  32 |  0,00 | 35,461 | 696,44 | 696,44 | 710,52 |  0,00 | 0,751 | 44,35 | 44,35 |  0,00 | 30,101 | 259,83 | 259,83 |  0,00 | 88,166 | 260,59 | 260,59 |  0,00 | 109,329 | 131,67 | 131,67 | 246,835 |   NaN | NaN | 0,00 | 0,00 | NaN
  33 |  0,00 | 32,819 | 697,01 | 697,01 | 712,06 |  0,00 | 0,816 | 44,35 | 44,35 |  0,00 | 27,629 | 258,18 | 258,18 |  0,00 | 81,815 | 262,80 | 262,80 |  0,00 | 98,683 | 131,67 | 131,67 | 234,151 |   NaN | NaN | 0,00 | 0,00 | NaN
  34 |  0,00 | 5,001 | 695,35 | 695,35 | 710,09 |  0,00 | 0,808 | 44,35 | 44,35 |  0,00 | 4,096 | 263,60 | 263,60 |  0,00 | 8,228 | 255,73 | 255,73 |  0,00 | 26,871 | 131,67 | 131,67 | 88,304 |   NaN | NaN | 0,00 | 0,00 | NaN
  35 |  0,00 | 2,051 | 705,35 | 705,35 | 720,27 |  0,00 | 0,757 | 44,35 | 44,35 |  0,00 | 1,613 | 265,18 | 265,18 |  0,00 | 2,116 | 264,15 | 264,15 |  0,00 | 12,814 | 131,67 | 131,67 | 51,115 |   NaN | NaN | 0,00 | 0,00 | NaN
  36 |  0,00 | 11,184 | 697,14 | 697,14 | 711,94 |  0,00 | 0,810 | 44,35 | 44,35 |  0,00 | 8,852 | 257,27 | 257,27 |  0,00 | 25,290 | 263,85 | 263,85 |  0,00 | 41,389 | 131,67 | 131,67 | 129,245 |   NaN | NaN | 0,00 | 0,00 | NaN
  37 |  0,00 | 35,685 | 704,54 | 704,54 | 718,67 |  0,00 | 0,793 | 44,35 | 44,35 |  0,00 | 31,566 | 266,22 | 266,22 |  0,00 | 87,394 | 262,30 | 262,30 |  0,00 | 109,227 | 131,67 | 131,67 | 246,738 |   NaN | NaN | 0,00 | 0,00 | NaN
  38 |  0,00 | 26,598 | 699,16 | 699,16 | 713,41 |  0,00 | 0,784 | 44,35 | 44,35 |  0,00 | 21,005 | 262,97 | 262,97 |  0,00 | 68,294 | 260,17 | 260,17 |  0,00 | 78,722 | 131,67 | 131,67 | 206,580 |   NaN | NaN | 0,00 | 0,00 | NaN
  39 |  0,00 | 32,026 | 695,52 | 695,52 | 711,92 |  0,00 | 0,827 | 44,35 | 44,35 |  0,00 | 27,968 | 261,35 | 261,35 |  0,00 | 78,611 | 258,14 | 258,14 |  0,00 | 100,290 | 131,67 | 131,67 | 236,139 |   NaN | NaN | 0,00 | 0,00 | NaN
  40 |  0,00 | 17,451 | 698,24 | 698,24 | 714,80 |  0,00 | 0,828 | 44,35 | 44,35 |  0,00 | 13,546 | 261,04 | 261,04 |  0,00 | 43,574 | 261,18 | 261,18 |  0,00 | 54,368 | 131,67 | 131,67 | 161,975 |   NaN | NaN | 0,00 | 0,00 | NaN
  41 |  0,00 | 37,981 | 705,67 | 705,67 | 720,20 |  0,00 | 0,810 | 44,35 | 44,35 |  0,00 | 34,697 | 263,13 | 263,13 |  0,00 | 90,960 | 266,51 | 266,51 |  0,00 | 116,627 | 131,67 | 131,67 | 255,337 |   NaN | NaN | 0,00 | 0,00 | NaN
  42 |  0,00 | 35,920 | 703,26 | 703,26 | 717,36 |  0,00 | 0,756 | 44,35 | 44,35 |  0,00 | 31,881 | 262,57 | 262,57 |  0,00 | 86,450 | 264,67 | 264,67 |  0,00 | 113,560 | 131,67 | 131,67 | 251,779 |   NaN | NaN | 0,00 | 0,00 | NaN
  43 |  0,00 | 35,510 | 703,01 | 703,01 | 719,06 |  0,00 | 0,835 | 44,35 | 44,35 |  0,00 | 27,522 | 261,70 | 261,70 |  0,00 | 92,214 | 265,28 | 265,28 |  0,00 | 100,521 | 131,67 | 131,67 | 236,420 |   NaN | NaN | 0,00 | 0,00 | NaN
  44 |  0,00 | 38,154 | 705,13 | 705,13 | 719,09 |  0,00 | 0,747 | 44,35 | 44,35 |  0,00 | 32,684 | 263,17 | 263,17 |  0,00 | 93,722 | 265,94 | 265,94 |  0,00 | 117,328 | 131,67 | 131,67 | 256,151 |   NaN | NaN | 0,00 | 0,00 | NaN
  45 |  0,00 | 38,284 | 704,71 | 704,71 | 721,50 |  0,00 | 0,831 | 44,35 | 44,35 |  0,00 | 32,480 | 268,10 | 268,10 |  0,00 | 96,320 | 260,59 | 260,59 |  0,00 | 114,464 | 131,67 | 131,67 | 252,823 |   NaN | NaN | 0,00 | 0,00 | NaN
  46 |  0,00 | 31,796 | 697,11 | 697,11 | 711,21 |  0,00 | 0,770 | 44,35 | 44,35 |  0,00 | 26,962 | 257,89 | 257,89 |  0,00 | 76,954 | 263,20 | 263,20 |  0,00 | 103,485 | 131,67 | 131,67 | 239,887 |   NaN | NaN | 0,00 | 0,00 | NaN
  47 |  0,00 | 38,472 | 694,02 | 694,02 | 708,02 |  0,00 | 0,768 | 44,35 | 44,35 |  0,00 | 31,583 | 260,89 | 260,89 |  0,00 | 97,757 | 257,11 | 257,11 |  0,00 | 118,248 | 131,67 | 131,67 | 257,310 |   NaN | NaN | 0,00 | 0,00 | NaN
  48 |  0,00 | 36,059 | 695,14 | 695,14 | 709,25 |  0,00 | 0,798 | 44,35 | 44,35 |  0,00 | 31,065 | 258,99 | 258,99 |  0,00 | 87,593 | 260,12 | 260,12 |  0,00 | 117,290 | 131,67 | 131,67 | 256,120 |   NaN | NaN | 0,00 | 0,00 | NaN
  49 |  0,00 | 39,707 | 694,16 | 694,16 | 708,68 |  0,00 | 0,810 | 44,35 | 44,35 |  0,00 | 34,715 | 258,62 | 258,62 |  0,00 | 99,125 | 259,52 | 259,52 |  0,00 | 118,298 | 131,67 | 131,67 | 257,353 |   NaN | NaN | 0,00 | 0,00 | NaN
  50 |  0,00 | 32,800 | 698,38 | 698,38 | 712,51 |  0,00 | 0,764 | 44,35 | 44,35 |  0,00 | 28,274 | 263,65 | 263,65 |  0,00 | 81,585 | 258,71 | 258,71 |  0,00 | 100,534 | 131,67 | 131,67 | 236,397 |   NaN | NaN | 0,00 | 0,00 | NaN
  51 |  0,00 | 39,374 | 697,28 | 697,28 | 711,36 |  0,00 | 0,762 | 44,35 | 44,35 |  0,00 | 32,698 | 259,96 | 259,96 |  0,00 | 99,969 | 261,30 | 261,30 |  0,00 | 116,285 | 131,67 | 131,67 | 254,899 |   NaN | NaN | 0,00 | 0,00 | NaN
  52 |  0,00 | 37,839 | 699,86 | 699,86 | 713,97 |  0,00 | 0,789 | 44,35 | 44,35 |  0,00 | 31,214 | 259,51 | 259,51 |  0,00 | 94,504 | 264,33 | 264,33 |  0,00 | 115,456 | 131,67 | 131,67 | 253,959 |   NaN | NaN | 0,00 | 0,00 | NaN
  53 |  0,00 | 34,486 | 702,83 | 702,83 | 716,96 |  0,00 | 0,776 | 44,35 | 44,35 |  0,00 | 29,106 | 262,09 | 262,09 |  0,00 | 84,691 | 264,72 | 264,72 |  0,00 | 107,817 | 131,67 | 131,67 | 245,068 |   NaN | NaN | 0,00 | 0,00 | NaN
  54 |  0,00 | 35,812 | 695,13 | 695,13 | 709,24 |  0,00 | 0,778 | 44,35 | 44,35 |  0,00 | 29,494 | 262,10 | 262,10 |  0,00 | 89,669 | 257,01 | 257,01 |  0,00 | 114,339 | 131,67 | 131,67 | 252,693 |   NaN | NaN | 0,00 | 0,00 | NaN
  55 |  0,00 | 26,039 | 699,04 | 699,04 | 713,28 |  0,00 | 0,764 | 44,35 | 44,35 |  0,00 | 21,238 | 260,31 | 260,31 |  0,00 | 65,430 | 262,71 | 262,71 |  0,00 | 78,238 | 131,67 | 131,67 | 205,906 |   NaN | NaN | 0,00 | 0,00 | NaN
  56 |  0,00 | 36,416 | 695,20 | 695,20 | 709,22 |  0,00 | 0,769 | 44,35 | 44,35 |  0,00 | 30,683 | 261,79 | 261,79 |  0,00 | 90,225 | 257,39 | 257,39 |  0,00 | 116,978 | 131,67 | 131,67 | 255,744 |   NaN | NaN | 0,00 | 0,00 | NaN
  57 |  0,00 | 37,162 | 699,71 | 699,71 | 713,73 |  0,00 | 0,766 | 44,35 | 44,35 |  0,00 | 30,983 | 260,27 | 260,27 |  0,00 | 91,467 | 263,42 | 263,42 |  0,00 | 118,082 | 131,67 | 131,67 | 257,054 |   NaN | NaN | 0,00 | 0,00 | NaN
  58 |  0,00 | 36,469 | 701,67 | 701,67 | 715,75 |  0,00 | 0,795 | 44,35 | 44,35 |  0,00 | 32,323 | 263,02 | 263,02 |  0,00 | 87,454 | 262,63 | 262,63 |  0,00 | 117,957 | 131,67 | 131,67 | 256,923 |   NaN | NaN | 0,00 | 0,00 | NaN
  59 |  0,00 | 6,905 | 703,39 | 703,39 | 718,47 |  0,00 | 0,815 | 44,35 | 44,35 |  0,00 | 5,367 | 261,70 | 261,70 |  0,00 | 13,249 | 265,66 | 265,66 |  0,00 | 32,506 | 131,67 | 131,67 | 103,311 |   NaN | NaN | 0,00 | 0,00 | NaN
  60 |  0,00 | 38,003 | 699,93 | 699,93 | 713,93 |  0,00 | 0,749 | 44,35 | 44,35 |  0,00 | 31,016 | 262,22 | 262,22 |  0,00 | 95,822 | 261,69 | 261,69 |  0,00 | 116,564 | 131,67 | 131,67 | 255,240 |   NaN | NaN | 0,00 | 0,00 | NaN
  61 |  0,00 | 31,212 | 703,06 | 703,06 | 717,14 |  0,00 | 0,771 | 44,35 | 44,35 |  0,00 | 26,293 | 264,01 | 264,01 |  0,00 | 74,643 | 263,02 | 263,02 |  0,00 | 106,069 | 131,67 | 131,67 | 242,952 |   NaN | NaN | 0,00 | 0,00 | NaN
  62 |  0,00 | 36,496 | 701,38 | 701,38 | 718,46 |  0,00 | 0,833 | 44,35 | 44,35 |  0,00 | 30,509 | 261,91 | 261,91 |  0,00 | 89,281 | 263,45 | 263,45 |  0,00 | 117,341 | 131,67 | 131,67 | 256,156 |   NaN | NaN | 0,00 | 0,00 | NaN
  63 |  0,00 | 28,633 | 704,37 | 704,37 | 718,61 |  0,00 | 0,788 | 44,35 | 44,35 |  0,00 | 23,727 | 265,21 | 265,21 |  0,00 | 71,737 | 263,14 | 263,14 |  0,00 | 85,907 | 131,67 | 131,67 | 217,090 |   NaN | NaN | 0,00 | 0,00 | NaN
  64 |  0,00 | 35,838 | 695,72 | 695,72 | 712,68 |  0,00 | 0,832 | 44,35 | 44,35 |  0,00 | 30,164 | 261,59 | 261,59 |  0,00 | 88,706 | 258,10 | 258,10 |  0,00 | 114,458 | 131,67 | 131,67 | 252,823 |   NaN | NaN | 0,00 | 0,00 | NaN

= = = = = = = = = = = = AVERAGE RESULTS system = = = = = = = = = = = =
meanPLR_system | 0,000000 
meanDelay_system | 29,395199 
meanLoad_system | 700,484188 
meanTHR_system | 700,484188 
meanGate_system | 715,270038 

meanPLR_EF_system | 0,000000 
meanPLR_AF_system | 0,000000 
meanPLR_BE_system | 0,000000 
meanPLR_FLA_system | 0,000000 
meanPLR_FLB_system | NaN 

meanTHR_EF_system | 44,352003 
meanTHR_AF_system | 262,399568 
meanTHR_BE_system | 262,061368 
meanTHR_FLA_system | 135,395277 
meanTHR_FLB_system | 0,000000 

meanLoad_EF_system | 44,352003 
meanLoad_AF_system | 262,399568 
meanLoad_BE_system | 262,061368 
meanLoad_FLA_system | 135,395277 
meanLoad_FLB_system | 0,000000 

meanDELAY_EF_system | 0,793255 
meanDELAY_AF_system | 26,071418 
meanDELAY_BE_system | 68,484030 
meanDELAY_FLA_system | 101,778256 
meanDELAY_FLB_system | NaN 
meanDELAY_CompleteFLA_system | 228,865286 
meanDELAY_CompleteFLB_system | NaN 

= = = = = = = = = = = = AVERAGE RESULTS = = = = = = = = = = = =
Packet Loss Ratio: 00,00 (%)
PROCESSED PACKAGES: 1204368488 
DISCARTED PACKAGES: 0 
TOTAL PACKAGES: 1204368488 
AVERAGE DELAY: 5071,10 (ms) 
AVERAGE THROUGHPUT: 700,48 (Mbps) 
GRANTED THROUGHPUT: 45777,28 (Mbps) By 64 ONUs
EFFECTIVE THROUGHPUT: 44830,99 (Mbps) By 64 ONUs
TOTAL LOAD: 44830,99 (Mbps) By 64 ONUs
ON Arrival THROUGHPUT: 0,00 (Mbps) By 64 ONUs
FINISHTIMEFL: 106,071647 
FINISHTIME: 109,071647 


fileName | IPACT_STRICTPRIORITY_1_68_70_0 
