
ONU ID 	|  PLR(%) | Delay(ms) | Throughput(Mbps) | Granted Throughput(Mbps) | Total Load (Mbps) 

  ID |  PLR(%) |  D  | Thr |  Gates  |  Load  | PLR-EF | D-EF | ThrEF | LoadEF | PLR-AF | D-AF | ThrAF | LoadAF | PLR-BE | D-BE | ThrBE | LoadBE | PLR-FA | D-FA | ThrFA | LoadFA | DTFA |  PLR-FB | D-FB | ThrFB | LoadFB | DTFB | 
   1 | 13,05 | 297,592 | 755,34 | 868,68 | 759,58 |  0,00 | 1,408 | 44,35 | 44,35 |  0,00 | 40,941 | 358,41 | 358,41 | 32,57 | 1352,086 | 234,65 | 347,99 |  0,00 | 193,916 | 117,93 | 117,93 | 406,992 |   NaN | NaN | 0,00 | 0,00 | NaN
   2 | 13,05 | 283,730 | 754,47 | 867,68 | 758,78 |  0,00 | 1,420 | 44,35 | 44,35 |  0,00 | 6,700 | 351,15 | 351,15 | 31,96 | 1254,084 | 241,05 | 354,25 |  0,00 | 370,017 | 117,93 | 117,93 | 759,122 |   NaN | NaN | 0,00 | 0,00 | NaN
   3 | 13,38 | 288,130 | 755,80 | 872,57 | 760,08 |  0,00 | 1,356 | 44,35 | 44,35 |  0,00 | 6,703 | 356,54 | 356,54 | 33,01 | 1301,758 | 236,99 | 353,75 |  0,00 | 358,409 | 117,93 | 117,93 | 735,932 |   NaN | NaN | 0,00 | 0,00 | NaN
   4 | 13,48 | 296,022 | 754,84 | 872,41 | 759,11 |  0,00 | 1,362 | 44,35 | 44,35 |  0,00 | 47,452 | 358,80 | 358,80 | 33,46 | 1344,747 | 233,77 | 351,33 |  0,00 | 171,684 | 117,93 | 117,93 | 362,539 |   NaN | NaN | 0,00 | 0,00 | NaN
   5 | 12,77 | 279,070 | 755,53 | 866,10 | 759,82 |  0,00 | 1,388 | 44,35 | 44,35 |  0,00 | 6,087 | 352,76 | 352,76 | 31,50 | 1213,495 | 240,49 | 351,07 |  0,00 | 458,513 | 117,93 | 117,93 | 936,171 |   NaN | NaN | 0,00 | 0,00 | NaN
   6 | 13,50 | 288,527 | 755,62 | 873,57 | 759,88 |  0,00 | 1,336 | 44,35 | 44,35 |  0,00 | 6,295 | 357,08 | 357,08 | 33,30 | 1297,265 | 236,27 | 354,22 |  0,00 | 397,622 | 117,93 | 117,93 | 814,504 |   NaN | NaN | 0,00 | 0,00 | NaN
   7 | 12,93 | 292,169 | 754,80 | 866,85 | 759,08 |  0,00 | 1,355 | 44,35 | 44,35 |  0,00 | 25,407 | 353,15 | 353,15 | 31,88 | 1310,624 | 239,38 | 351,42 |  0,00 | 240,575 | 117,93 | 117,93 | 500,372 |   NaN | NaN | 0,00 | 0,00 | NaN
   8 | 13,59 | 288,482 | 753,44 | 871,89 | 757,71 |  0,00 | 1,405 | 44,35 | 44,35 |  0,00 | 6,766 | 353,17 | 353,17 | 33,23 | 1288,927 | 237,99 | 356,44 |  0,00 | 380,391 | 117,93 | 117,93 | 779,867 |   NaN | NaN | 0,00 | 0,00 | NaN
   9 | 13,16 | 287,856 | 756,07 | 870,70 | 760,32 |  0,00 | 1,344 | 44,35 | 44,35 |  0,00 | 11,858 | 356,99 | 356,99 | 32,62 | 1309,751 | 236,81 | 351,43 |  0,00 | 298,090 | 117,93 | 117,93 | 615,293 |   NaN | NaN | 0,00 | 0,00 | NaN
  10 | 12,97 | 295,241 | 755,83 | 868,43 | 760,10 |  0,00 | 1,405 | 44,35 | 44,35 |  0,00 | 37,243 | 354,68 | 354,68 | 32,04 | 1325,079 | 238,87 | 351,47 |  0,00 | 189,347 | 117,93 | 117,93 | 397,897 |   NaN | NaN | 0,00 | 0,00 | NaN
  11 | 12,15 | 272,695 | 754,41 | 858,75 | 758,68 |  0,00 | 1,345 | 44,35 | 44,35 |  0,00 | 2,694 | 345,45 | 345,45 | 29,72 | 1125,172 | 246,68 | 351,02 |  0,00 | 586,723 | 117,93 | 117,93 | 1192,573 |   NaN | NaN | 0,00 | 0,00 | NaN
  12 | 13,18 | 284,763 | 755,95 | 870,67 | 760,25 |  0,00 | 1,407 | 44,35 | 44,35 |  0,00 | 4,808 | 354,12 | 354,12 | 32,38 | 1260,806 | 239,55 | 354,27 |  0,00 | 410,096 | 117,93 | 117,93 | 839,333 |   NaN | NaN | 0,00 | 0,00 | NaN
  13 | 12,29 | 284,471 | 754,41 | 860,12 | 758,70 |  0,00 | 1,372 | 44,35 | 44,35 |  0,00 | 6,746 | 349,20 | 349,20 | 30,32 | 1248,032 | 242,93 | 348,64 |  0,00 | 370,390 | 117,93 | 117,93 | 759,881 |   NaN | NaN | 0,00 | 0,00 | NaN
  14 | 13,44 | 282,849 | 754,61 | 871,81 | 758,90 |  0,00 | 1,413 | 44,35 | 44,35 |  0,00 | 4,632 | 355,14 | 355,14 | 33,07 | 1250,972 | 237,19 | 354,39 |  0,00 | 453,917 | 117,93 | 117,93 | 927,022 |   NaN | NaN | 0,00 | 0,00 | NaN
  15 | 12,69 | 291,922 | 754,77 | 864,47 | 759,03 |  0,00 | 1,407 | 44,35 | 44,35 |  0,00 | 23,823 | 348,49 | 348,49 | 31,01 | 1286,048 | 244,01 | 353,70 |  0,00 | 245,092 | 117,93 | 117,93 | 509,365 |   NaN | NaN | 0,00 | 0,00 | NaN
  16 | 13,62 | 289,574 | 755,05 | 874,07 | 759,32 |  0,00 | 1,399 | 44,35 | 44,35 |  0,00 | 13,024 | 353,80 | 353,80 | 33,25 | 1295,780 | 238,98 | 357,99 |  0,00 | 327,490 | 117,93 | 117,93 | 674,098 |   NaN | NaN | 0,00 | 0,00 | NaN
  17 | 13,11 | 290,402 | 755,12 | 869,08 | 759,43 |  0,00 | 1,411 | 44,35 | 44,35 |  0,00 | 13,141 | 352,54 | 352,54 | 32,17 | 1295,071 | 240,31 | 354,26 |  0,00 | 317,413 | 117,93 | 117,93 | 653,999 |   NaN | NaN | 0,00 | 0,00 | NaN
  18 | 12,96 | 275,834 | 754,99 | 867,41 | 759,29 |  0,00 | 1,388 | 44,35 | 44,35 |  0,00 | 2,866 | 351,72 | 351,72 | 31,81 | 1157,476 | 240,99 | 353,41 |  0,00 | 621,542 | 117,93 | 117,93 | 1262,560 |   NaN | NaN | 0,00 | 0,00 | NaN
  19 | 12,28 | 277,214 | 755,40 | 861,17 | 759,68 |  0,00 | 1,379 | 44,35 | 44,35 |  0,00 | 2,982 | 347,56 | 347,56 | 30,11 | 1167,343 | 245,56 | 351,33 |  0,00 | 524,416 | 117,93 | 117,93 | 1068,036 |   NaN | NaN | 0,00 | 0,00 | NaN
  20 | 12,36 | 273,748 | 755,52 | 862,08 | 759,80 |  0,00 | 1,375 | 44,35 | 44,35 |  0,00 | 3,557 | 353,18 | 353,18 | 30,74 | 1158,160 | 240,06 | 346,62 |  0,00 | 594,933 | 117,93 | 117,93 | 1208,998 |   NaN | NaN | 0,00 | 0,00 | NaN
  21 | 11,97 | 290,843 | 755,56 | 858,26 | 759,81 |  0,00 | 1,379 | 44,35 | 44,35 |  0,00 | 29,094 | 349,34 | 349,34 | 29,63 | 1281,794 | 243,93 | 346,64 |  0,00 | 216,363 | 117,93 | 117,93 | 451,894 |   NaN | NaN | 0,00 | 0,00 | NaN
  22 | 13,84 | 284,727 | 754,07 | 875,22 | 758,39 |  0,00 | 1,418 | 44,35 | 44,35 |  0,00 | 5,268 | 362,95 | 362,95 | 34,62 | 1299,388 | 228,84 | 350,00 |  0,00 | 471,321 | 117,93 | 117,93 | 961,823 |   NaN | NaN | 0,00 | 0,00 | NaN
  23 | 13,33 | 279,451 | 754,80 | 870,94 | 759,08 |  0,00 | 1,400 | 44,35 | 44,35 |  0,00 | 3,450 | 355,81 | 355,81 | 32,91 | 1210,591 | 236,72 | 352,85 |  0,00 | 562,636 | 117,93 | 117,93 | 1144,425 |   NaN | NaN | 0,00 | 0,00 | NaN
  24 | 13,24 | 285,773 | 753,73 | 868,78 | 758,00 |  0,00 | 1,361 | 44,35 | 44,35 |  0,00 | 7,665 | 351,73 | 351,73 | 32,43 | 1268,702 | 239,73 | 354,77 |  0,00 | 370,362 | 117,93 | 117,93 | 759,809 |   NaN | NaN | 0,00 | 0,00 | NaN
  25 | 14,14 | 294,894 | 755,00 | 879,38 | 759,32 |  0,00 | 1,419 | 44,35 | 44,35 |  0,00 | 20,159 | 353,52 | 353,52 | 34,21 | 1326,782 | 239,21 | 363,58 |  0,00 | 260,049 | 117,93 | 117,93 | 539,253 |   NaN | NaN | 0,00 | 0,00 | NaN
  26 | 12,67 | 289,178 | 756,07 | 865,76 | 760,37 |  0,00 | 1,415 | 44,35 | 44,35 |  0,00 | 24,529 | 351,07 | 351,07 | 31,13 | 1282,091 | 242,72 | 352,42 |  0,00 | 236,368 | 117,93 | 117,93 | 491,874 |   NaN | NaN | 0,00 | 0,00 | NaN
  27 | 12,24 | 271,237 | 756,19 | 861,66 | 760,48 |  0,00 | 1,341 | 44,35 | 44,35 |  0,00 | 2,789 | 352,93 | 352,93 | 30,44 | 1135,981 | 240,99 | 346,46 |  0,00 | 626,711 | 117,93 | 117,93 | 1273,046 |   NaN | NaN | 0,00 | 0,00 | NaN
  28 | 12,28 | 277,759 | 754,69 | 860,30 | 759,00 |  0,00 | 1,408 | 44,35 | 44,35 |  0,00 | 3,297 | 351,97 | 351,97 | 30,52 | 1183,403 | 240,44 | 346,05 |  0,00 | 564,427 | 117,93 | 117,93 | 1147,996 |   NaN | NaN | 0,00 | 0,00 | NaN
  29 | 13,23 | 275,985 | 755,25 | 870,43 | 759,53 |  0,00 | 1,387 | 44,35 | 44,35 |  0,00 | 2,676 | 355,53 | 355,53 | 32,66 | 1186,481 | 237,44 | 352,62 |  0,00 | 580,285 | 117,93 | 117,93 | 1179,612 |   NaN | NaN | 0,00 | 0,00 | NaN
  30 | 12,31 | 275,218 | 755,18 | 861,23 | 759,49 |  0,00 | 1,418 | 44,35 | 44,35 |  0,00 | 2,570 | 348,39 | 348,39 | 30,25 | 1142,399 | 244,51 | 350,57 |  0,00 | 608,057 | 117,93 | 117,93 | 1235,276 |   NaN | NaN | 0,00 | 0,00 | NaN
  31 | 12,66 | 279,334 | 755,74 | 865,30 | 760,01 |  0,00 | 1,385 | 44,35 | 44,35 |  0,00 | 2,821 | 351,26 | 351,26 | 31,15 | 1185,091 | 242,20 | 351,76 |  0,00 | 562,715 | 117,93 | 117,93 | 1144,590 |   NaN | NaN | 0,00 | 0,00 | NaN
  32 | 12,38 | 276,250 | 756,11 | 862,95 | 760,40 |  0,00 | 1,341 | 44,35 | 44,35 |  0,00 | 4,174 | 348,64 | 348,64 | 30,35 | 1147,915 | 245,19 | 352,03 |  0,00 | 587,950 | 117,93 | 117,93 | 1194,967 |   NaN | NaN | 0,00 | 0,00 | NaN
  33 | 12,45 | 275,095 | 756,54 | 864,12 | 760,83 |  0,00 | 1,406 | 44,35 | 44,35 |  0,00 | 2,920 | 348,60 | 348,60 | 30,46 | 1139,221 | 245,66 | 353,25 |  0,00 | 599,313 | 117,93 | 117,93 | 1217,688 |   NaN | NaN | 0,00 | 0,00 | NaN
  34 | 11,78 | 272,665 | 755,55 | 856,42 | 759,83 |  0,00 | 1,398 | 44,35 | 44,35 |  0,00 | 2,281 | 349,93 | 349,93 | 29,31 | 1127,524 | 243,34 | 344,21 |  0,00 | 642,375 | 117,93 | 117,93 | 1304,533 |   NaN | NaN | 0,00 | 0,00 | NaN
  35 | 13,24 | 272,964 | 756,65 | 872,16 | 760,92 |  0,00 | 1,347 | 44,35 | 44,35 |  0,00 | 1,995 | 355,32 | 355,32 | 32,58 | 1146,873 | 239,05 | 354,57 |  0,00 | 656,783 | 117,93 | 117,93 | 1332,685 |   NaN | NaN | 0,00 | 0,00 | NaN
  36 | 12,22 | 273,954 | 755,83 | 861,10 | 760,12 |  0,00 | 1,400 | 44,35 | 44,35 |  0,00 | 2,468 | 346,28 | 346,28 | 29,86 | 1118,039 | 247,28 | 352,54 |  0,00 | 632,511 | 117,93 | 117,93 | 1284,568 |   NaN | NaN | 0,00 | 0,00 | NaN
  37 | 13,52 | 279,467 | 754,86 | 872,82 | 759,13 |  0,00 | 1,383 | 44,35 | 44,35 |  0,00 | 3,335 | 358,16 | 358,16 | 33,48 | 1215,995 | 234,42 | 352,39 |  0,00 | 587,973 | 117,93 | 117,93 | 1195,059 |   NaN | NaN | 0,00 | 0,00 | NaN
  38 | 12,76 | 274,195 | 755,78 | 866,32 | 760,05 |  0,00 | 1,374 | 44,35 | 44,35 |  0,00 | 3,480 | 353,43 | 353,43 | 31,53 | 1156,381 | 240,06 | 350,61 |  0,00 | 612,570 | 117,93 | 117,93 | 1244,330 |   NaN | NaN | 0,00 | 0,00 | NaN
  39 | 12,16 | 273,060 | 754,32 | 858,70 | 758,65 |  0,00 | 1,417 | 44,35 | 44,35 |  0,00 | 3,044 | 349,95 | 349,95 | 30,13 | 1143,819 | 242,10 | 346,48 |  0,00 | 597,829 | 117,93 | 117,93 | 1214,775 |   NaN | NaN | 0,00 | 0,00 | NaN
  40 | 12,13 | 274,799 | 755,41 | 859,67 | 759,72 |  0,00 | 1,417 | 44,35 | 44,35 |  0,00 | 2,623 | 348,62 | 348,62 | 29,89 | 1136,160 | 244,51 | 348,77 |  0,00 | 625,339 | 117,93 | 117,93 | 1270,201 |   NaN | NaN | 0,00 | 0,00 | NaN
  41 | 13,25 | 274,597 | 755,00 | 870,27 | 759,29 |  0,00 | 1,400 | 44,35 | 44,35 |  0,00 | 3,058 | 351,41 | 351,41 | 32,33 | 1162,308 | 241,31 | 356,59 |  0,00 | 572,117 | 117,93 | 117,93 | 1163,302 |   NaN | NaN | 0,00 | 0,00 | NaN
  42 | 13,23 | 278,000 | 754,56 | 869,60 | 758,85 |  0,00 | 1,346 | 44,35 | 44,35 |  0,00 | 3,469 | 352,73 | 352,73 | 32,44 | 1184,369 | 239,56 | 354,59 |  0,00 | 580,246 | 117,93 | 117,93 | 1179,541 |   NaN | NaN | 0,00 | 0,00 | NaN
  43 | 13,52 | 277,472 | 754,70 | 872,65 | 759,01 |  0,00 | 1,425 | 44,35 | 44,35 |  0,00 | 3,283 | 354,44 | 354,44 | 33,14 | 1185,287 | 237,98 | 355,93 |  0,00 | 597,736 | 117,93 | 117,93 | 1214,565 |   NaN | NaN | 0,00 | 0,00 | NaN
  44 | 13,61 | 280,017 | 755,03 | 873,96 | 759,29 |  0,00 | 1,337 | 44,35 | 44,35 |  0,00 | 2,652 | 352,48 | 352,48 | 33,11 | 1194,902 | 240,27 | 359,20 |  0,00 | 569,075 | 117,93 | 117,93 | 1157,217 |   NaN | NaN | 0,00 | 0,00 | NaN
  45 | 13,24 | 277,934 | 755,72 | 871,09 | 760,02 |  0,00 | 1,421 | 44,35 | 44,35 |  0,00 | 4,305 | 360,21 | 360,21 | 33,09 | 1215,718 | 233,23 | 348,60 |  0,00 | 578,671 | 117,93 | 117,93 | 1176,373 |   NaN | NaN | 0,00 | 0,00 | NaN
  46 | 12,49 | 271,802 | 755,20 | 863,01 | 759,49 |  0,00 | 1,360 | 44,35 | 44,35 |  0,00 | 3,094 | 346,94 | 346,94 | 30,47 | 1122,144 | 245,98 | 353,79 |  0,00 | 594,962 | 117,93 | 117,93 | 1209,007 |   NaN | NaN | 0,00 | 0,00 | NaN
  47 | 12,07 | 277,509 | 756,42 | 860,29 | 760,70 |  0,00 | 1,358 | 44,35 | 44,35 |  0,00 | 3,014 | 352,26 | 352,26 | 30,04 | 1178,775 | 241,88 | 345,75 |  0,00 | 559,670 | 117,93 | 117,93 | 1138,432 |   NaN | NaN | 0,00 | 0,00 | NaN
  48 | 12,23 | 278,536 | 755,66 | 860,92 | 759,96 |  0,00 | 1,388 | 44,35 | 44,35 |  0,00 | 2,906 | 348,83 | 348,83 | 30,09 | 1167,445 | 244,55 | 349,82 |  0,00 | 569,036 | 117,93 | 117,93 | 1157,090 |   NaN | NaN | 0,00 | 0,00 | NaN
  49 | 12,18 | 278,598 | 755,53 | 860,35 | 759,84 |  0,00 | 1,400 | 44,35 | 44,35 |  0,00 | 3,595 | 349,84 | 349,84 | 30,10 | 1174,573 | 243,42 | 348,24 |  0,00 | 559,588 | 117,93 | 117,93 | 1138,393 |   NaN | NaN | 0,00 | 0,00 | NaN
  50 | 12,62 | 272,340 | 755,18 | 864,25 | 759,45 |  0,00 | 1,354 | 44,35 | 44,35 |  0,00 | 3,077 | 353,26 | 353,26 | 31,28 | 1153,150 | 239,64 | 348,71 |  0,00 | 597,951 | 117,93 | 117,93 | 1215,018 |   NaN | NaN | 0,00 | 0,00 | NaN
  51 | 12,47 | 277,049 | 755,28 | 862,90 | 759,55 |  0,00 | 1,352 | 44,35 | 44,35 |  0,00 | 3,422 | 348,05 | 348,05 | 30,52 | 1156,610 | 244,96 | 352,57 |  0,00 | 572,914 | 117,93 | 117,93 | 1164,800 |   NaN | NaN | 0,00 | 0,00 | NaN
  52 | 12,65 | 275,904 | 755,61 | 864,99 | 759,89 |  0,00 | 1,379 | 44,35 | 44,35 |  0,00 | 3,631 | 347,75 | 347,75 | 30,81 | 1147,163 | 245,58 | 354,96 |  0,00 | 575,882 | 117,93 | 117,93 | 1170,888 |   NaN | NaN | 0,00 | 0,00 | NaN
  53 | 12,95 | 282,371 | 756,13 | 868,61 | 760,42 |  0,00 | 1,366 | 44,35 | 44,35 |  0,00 | 2,683 | 351,62 | 351,62 | 31,71 | 1192,063 | 242,23 | 354,71 |  0,00 | 589,838 | 117,93 | 117,93 | 1198,812 |   NaN | NaN | 0,00 | 0,00 | NaN
  54 | 12,08 | 276,495 | 756,25 | 860,15 | 760,53 |  0,00 | 1,369 | 44,35 | 44,35 |  0,00 | 3,390 | 352,49 | 352,49 | 30,08 | 1169,949 | 241,48 | 345,38 |  0,00 | 578,800 | 117,93 | 117,93 | 1176,746 |   NaN | NaN | 0,00 | 0,00 | NaN
  55 | 12,78 | 278,120 | 755,69 | 866,42 | 759,97 |  0,00 | 1,353 | 44,35 | 44,35 |  0,00 | 2,732 | 350,20 | 350,20 | 31,29 | 1161,508 | 243,21 | 353,95 |  0,00 | 612,436 | 117,93 | 117,93 | 1244,172 |   NaN | NaN | 0,00 | 0,00 | NaN
  56 | 12,12 | 276,288 | 754,75 | 858,83 | 759,01 |  0,00 | 1,359 | 44,35 | 44,35 |  0,00 | 3,222 | 350,03 | 350,03 | 30,04 | 1165,301 | 242,44 | 346,52 |  0,00 | 570,320 | 117,93 | 117,93 | 1159,674 |   NaN | NaN | 0,00 | 0,00 | NaN
  57 | 12,60 | 275,293 | 755,80 | 864,79 | 760,09 |  0,00 | 1,356 | 44,35 | 44,35 |  0,00 | 3,381 | 350,23 | 350,23 | 30,94 | 1158,797 | 243,29 | 352,28 |  0,00 | 562,704 | 117,93 | 117,93 | 1144,442 |   NaN | NaN | 0,00 | 0,00 | NaN
  58 | 12,78 | 278,696 | 755,57 | 866,27 | 759,86 |  0,00 | 1,385 | 44,35 | 44,35 |  0,00 | 3,487 | 353,77 | 353,77 | 31,61 | 1192,812 | 239,53 | 350,23 |  0,00 | 564,322 | 117,93 | 117,93 | 1147,701 |   NaN | NaN | 0,00 | 0,00 | NaN
  59 | 13,34 | 272,628 | 755,80 | 872,10 | 760,10 |  0,00 | 1,404 | 44,35 | 44,35 |  0,00 | 2,596 | 351,09 | 351,09 | 32,42 | 1132,303 | 242,44 | 358,74 |  0,00 | 638,999 | 117,93 | 117,93 | 1297,636 |   NaN | NaN | 0,00 | 0,00 | NaN
  60 | 12,95 | 277,101 | 754,83 | 867,16 | 759,11 |  0,00 | 1,339 | 44,35 | 44,35 |  0,00 | 3,115 | 353,36 | 353,36 | 31,95 | 1185,582 | 239,20 | 351,52 |  0,00 | 571,990 | 117,93 | 117,93 | 1163,002 |   NaN | NaN | 0,00 | 0,00 | NaN
  61 | 13,46 | 279,774 | 754,36 | 871,65 | 758,62 |  0,00 | 1,361 | 44,35 | 44,35 |  0,00 | 3,928 | 354,74 | 354,74 | 33,07 | 1199,301 | 237,34 | 354,63 |  0,00 | 592,019 | 117,93 | 117,93 | 1203,132 |   NaN | NaN | 0,00 | 0,00 | NaN
  62 | 13,16 | 280,085 | 754,83 | 869,20 | 759,16 |  0,00 | 1,423 | 44,35 | 44,35 |  0,00 | 3,430 | 351,55 | 351,55 | 32,18 | 1190,370 | 241,00 | 355,37 |  0,00 | 568,904 | 117,93 | 117,93 | 1156,843 |   NaN | NaN | 0,00 | 0,00 | NaN
  63 | 13,13 | 275,606 | 755,47 | 869,66 | 759,74 |  0,00 | 1,378 | 44,35 | 44,35 |  0,00 | 2,655 | 355,55 | 355,55 | 32,46 | 1177,046 | 237,65 | 351,84 |  0,00 | 608,056 | 117,93 | 117,93 | 1235,329 |   NaN | NaN | 0,00 | 0,00 | NaN
  64 | 11,90 | 273,524 | 755,07 | 857,09 | 759,37 |  0,00 | 1,422 | 44,35 | 44,35 |  0,00 | 3,182 | 348,61 | 348,61 | 29,47 | 1141,939 | 244,18 | 346,21 |  0,00 | 578,662 | 117,93 | 117,93 | 1176,332 |   NaN | NaN | 0,00 | 0,00 | NaN

= = = = = = = = = = = = AVERAGE RESULTS system = = = = = = = = = = = =
meanPLR_system | 12,832995 
meanDelay_system | 280,357500 
meanLoad_system | 866,503994 
meanTHR_system | 755,277212 
meanGate_system | 759,562444 

meanPLR_EF_system | 0,000000 
meanPLR_AF_system | 0,000000 
meanPLR_BE_system | 31,598655 
meanPLR_FLA_system | 0,000000 
meanPLR_FLB_system | NaN 

meanTHR_EF_system | 44,352003 
meanTHR_AF_system | 352,324709 
meanTHR_BE_system | 240,675114 
meanTHR_FLA_system | 120,903663 
meanTHR_FLB_system | 0,000000 

meanLoad_EF_system | 44,352003 
meanLoad_AF_system | 352,324709 
meanLoad_BE_system | 351,901897 
meanLoad_FLA_system | 120,903663 
meanLoad_FLB_system | 0,000000 

meanDELAY_EF_system | 1,383199 
meanDELAY_AF_system | 7,526110 
meanDELAY_BE_system | 1206,042558 
meanDELAY_FLA_system | 501,209544 
meanDELAY_FLB_system | NaN 
meanDELAY_CompleteFLA_system | 1021,584454 
meanDELAY_CompleteFLB_system | NaN 

= = = = = = = = = = = = AVERAGE RESULTS = = = = = = = = = = = =
Packet Loss Ratio: 12,84 (%)
PROCESSED PACKAGES: 1420181146 
DISCARTED PACKAGES: 135681601 
TOTAL PACKAGES: 1555862747 
AVERAGE DELAY: 51083,32 (ms) 
AVERAGE THROUGHPUT: 755,28 (Mbps) 
GRANTED THROUGHPUT: 48612,00 (Mbps) By 64 ONUs
EFFECTIVE THROUGHPUT: 48337,74 (Mbps) By 64 ONUs
TOTAL LOAD: 55456,26 (Mbps) By 64 ONUs
ON Arrival THROUGHPUT: 0,00 (Mbps) By 64 ONUs
FINISHTIMEFL: 118,785483 
FINISHTIME: 121,785483 


fileName | IPACT_LEAKYBUCKET_1_68_94_0 
