
ONU ID 	|  PLR(%) | Delay(ms) | Throughput(Mbps) | Granted Throughput(Mbps) | Total Load (Mbps) 

  ID |  PLR(%) |  D  | Thr |  Gates  |  Load  | PLR-EF | D-EF | ThrEF | LoadEF | PLR-AF | D-AF | ThrAF | LoadAF | PLR-BE | D-BE | ThrBE | LoadBE | PLR-FA | D-FA | ThrFA | LoadFA | DTFA |  PLR-FB | D-FB | ThrFB | LoadFB | DTFB | 
   1 |  5,32 | 284,217 | 754,87 | 797,29 | 759,15 |  0,00 | 1,408 | 44,35 | 44,35 |  0,00 | 5,841 | 365,58 | 365,58 | 11,78 | 1052,902 | 317,61 | 360,02 |  0,00 | 287,829 | 27,33 | 27,33 | 595,890 |   NaN | NaN | 0,00 | 0,00 | NaN
   2 |  4,97 | 260,125 | 754,10 | 793,54 | 758,39 |  0,00 | 1,420 | 44,35 | 44,35 |  0,00 | 2,207 | 363,43 | 363,43 | 11,00 | 921,624 | 318,99 | 358,43 |  0,00 | 1158,889 | 27,33 | 27,33 | 2337,858 |   NaN | NaN | 0,00 | 0,00 | NaN
   3 |  4,39 | 252,753 | 753,75 | 788,32 | 758,03 |  0,00 | 1,357 | 44,35 | 44,35 |  0,00 | 1,922 | 357,65 | 357,65 |  9,63 | 882,199 | 324,42 | 358,99 |  0,00 | 1089,144 | 27,33 | 27,33 | 2198,382 |   NaN | NaN | 0,00 | 0,00 | NaN
   4 |  5,32 | 283,352 | 754,99 | 797,40 | 759,30 |  0,00 | 1,362 | 44,35 | 44,35 |  0,00 | 11,773 | 364,68 | 364,68 | 11,75 | 1044,654 | 318,62 | 361,04 |  0,00 | 180,217 | 27,33 | 27,33 | 380,513 |   NaN | NaN | 0,00 | 0,00 | NaN
   5 |  4,15 | 247,326 | 753,65 | 786,28 | 757,91 |  0,00 | 1,388 | 44,35 | 44,35 |  0,00 | 2,013 | 358,27 | 358,27 |  9,16 | 841,682 | 323,70 | 356,32 |  0,00 | 1583,003 | 27,33 | 27,33 | 3186,128 |   NaN | NaN | 0,00 | 0,00 | NaN
   6 |  4,85 | 265,464 | 754,45 | 792,88 | 758,71 |  0,00 | 1,336 | 44,35 | 44,35 |  0,00 | 1,966 | 361,30 | 361,30 | 10,68 | 928,701 | 321,47 | 359,90 |  0,00 | 1300,487 | 27,33 | 27,33 | 2621,000 |   NaN | NaN | 0,00 | 0,00 | NaN
   7 |  4,71 | 270,529 | 754,79 | 792,09 | 759,06 |  0,00 | 1,355 | 44,35 | 44,35 |  0,00 | 2,506 | 359,37 | 359,37 | 10,33 | 976,160 | 323,73 | 361,03 |  0,00 | 510,187 | 27,33 | 27,33 | 1040,422 |   NaN | NaN | 0,00 | 0,00 | NaN
   8 |  5,29 | 271,875 | 755,22 | 797,43 | 759,50 |  0,00 | 1,405 | 44,35 | 44,35 |  0,00 | 2,247 | 362,14 | 362,14 | 11,61 | 956,914 | 321,40 | 363,61 |  0,00 | 1212,273 | 27,33 | 27,33 | 2444,609 |   NaN | NaN | 0,00 | 0,00 | NaN
   9 |  4,80 | 265,853 | 754,30 | 792,36 | 758,57 |  0,00 | 1,345 | 44,35 | 44,35 |  0,00 | 2,436 | 359,56 | 359,56 | 10,54 | 947,444 | 323,06 | 361,12 |  0,00 | 795,100 | 27,33 | 27,33 | 1610,396 |   NaN | NaN | 0,00 | 0,00 | NaN
  10 |  4,68 | 268,276 | 754,91 | 791,96 | 759,19 |  0,00 | 1,406 | 44,35 | 44,35 |  0,00 | 5,670 | 362,07 | 362,07 | 10,34 | 983,136 | 321,15 | 358,20 |  0,00 | 263,950 | 27,33 | 27,33 | 548,071 |   NaN | NaN | 0,00 | 0,00 | NaN
  11 |  4,81 | 251,833 | 753,92 | 792,03 | 758,19 |  0,00 | 1,345 | 44,35 | 44,35 |  0,00 | 1,559 | 359,42 | 359,42 | 10,56 | 831,710 | 322,82 | 360,93 |  0,00 | 2246,840 | 27,33 | 27,33 | 4513,681 |   NaN | NaN | 0,00 | 0,00 | NaN
  12 |  4,74 | 263,272 | 755,13 | 792,72 | 759,42 |  0,00 | 1,408 | 44,35 | 44,35 |  0,00 | 1,902 | 359,40 | 359,40 | 10,39 | 911,035 | 324,06 | 361,64 |  0,00 | 1363,887 | 27,33 | 27,33 | 2747,641 |   NaN | NaN | 0,00 | 0,00 | NaN
  13 |  3,70 | 247,798 | 754,27 | 783,25 | 758,54 |  0,00 | 1,372 | 44,35 | 44,35 |  0,00 | 1,826 | 357,72 | 357,72 |  8,19 | 860,333 | 324,87 | 353,86 |  0,00 | 1154,947 | 27,33 | 27,33 | 2329,962 |   NaN | NaN | 0,00 | 0,00 | NaN
  14 |  5,52 | 266,374 | 752,97 | 796,94 | 757,25 |  0,00 | 1,413 | 44,35 | 44,35 |  0,00 | 1,608 | 362,31 | 362,31 | 12,11 | 925,336 | 318,98 | 362,95 |  0,00 | 1586,819 | 27,33 | 27,33 | 3193,797 |   NaN | NaN | 0,00 | 0,00 | NaN
  15 |  4,81 | 269,348 | 752,94 | 791,00 | 757,21 |  0,00 | 1,407 | 44,35 | 44,35 |  0,00 | 3,221 | 355,46 | 355,46 | 10,46 | 962,489 | 325,79 | 363,85 |  0,00 | 529,433 | 27,33 | 27,33 | 1078,876 |   NaN | NaN | 0,00 | 0,00 | NaN
  16 |  5,77 | 279,613 | 754,28 | 800,47 | 758,55 |  0,00 | 1,399 | 44,35 | 44,35 |  0,00 | 2,256 | 362,86 | 362,86 | 12,62 | 1002,047 | 319,73 | 365,92 |  0,00 | 950,518 | 27,33 | 27,33 | 1921,277 |   NaN | NaN | 0,00 | 0,00 | NaN
  17 |  4,86 | 269,202 | 754,30 | 792,80 | 758,58 |  0,00 | 1,412 | 44,35 | 44,35 |  0,00 | 1,773 | 361,80 | 361,80 | 10,72 | 962,677 | 320,81 | 359,32 |  0,00 | 897,400 | 27,33 | 27,33 | 1814,917 |   NaN | NaN | 0,00 | 0,00 | NaN
  18 |  4,46 | 252,071 | 754,00 | 789,20 | 758,26 |  0,00 | 1,388 | 44,35 | 44,35 |  0,00 | 1,721 | 359,68 | 359,68 |  9,84 | 824,946 | 322,63 | 357,83 |  0,00 | 2424,273 | 27,33 | 27,33 | 4868,474 |   NaN | NaN | 0,00 | 0,00 | NaN
  19 |  3,79 | 252,719 | 755,00 | 784,77 | 759,27 |  0,00 | 1,379 | 44,35 | 44,35 |  0,00 | 2,090 | 354,56 | 354,56 |  8,30 | 833,936 | 328,76 | 358,52 |  0,00 | 1937,995 | 27,33 | 27,33 | 3896,058 |   NaN | NaN | 0,00 | 0,00 | NaN
  20 |  3,74 | 234,462 | 754,32 | 783,66 | 758,57 |  0,00 | 1,375 | 44,35 | 44,35 |  0,00 | 2,086 | 359,16 | 359,16 |  8,32 | 763,496 | 323,48 | 352,82 |  0,00 | 2283,798 | 27,33 | 27,33 | 4587,699 |   NaN | NaN | 0,00 | 0,00 | NaN
  21 |  3,54 | 248,638 | 754,24 | 781,88 | 758,51 |  0,00 | 1,379 | 44,35 | 44,35 |  0,00 | 2,865 | 356,86 | 356,86 |  7,82 | 893,878 | 325,70 | 353,34 |  0,00 | 396,356 | 27,33 | 27,33 | 812,818 |   NaN | NaN | 0,00 | 0,00 | NaN
  22 |  5,16 | 268,388 | 754,52 | 795,62 | 758,83 |  0,00 | 1,418 | 44,35 | 44,35 |  0,00 | 1,777 | 365,45 | 365,45 | 11,46 | 934,913 | 317,39 | 358,48 |  0,00 | 1674,163 | 27,33 | 27,33 | 3368,393 |   NaN | NaN | 0,00 | 0,00 | NaN
  23 |  5,00 | 258,349 | 754,58 | 794,27 | 758,86 |  0,00 | 1,400 | 44,35 | 44,35 |  0,00 | 1,885 | 361,28 | 361,28 | 10,98 | 864,231 | 321,63 | 361,31 |  0,00 | 2135,520 | 27,33 | 27,33 | 4291,089 |   NaN | NaN | 0,00 | 0,00 | NaN
  24 |  5,52 | 269,868 | 754,93 | 799,06 | 759,20 |  0,00 | 1,362 | 44,35 | 44,35 |  0,00 | 1,835 | 363,46 | 363,46 | 12,13 | 956,417 | 319,79 | 363,92 |  0,00 | 1170,593 | 27,33 | 27,33 | 2361,278 |   NaN | NaN | 0,00 | 0,00 | NaN
  25 |  5,07 | 276,789 | 754,64 | 794,92 | 758,95 |  0,00 | 1,419 | 44,35 | 44,35 |  0,00 | 1,969 | 357,42 | 357,42 | 11,01 | 989,965 | 325,54 | 365,82 |  0,00 | 606,746 | 27,33 | 27,33 | 1233,567 |   NaN | NaN | 0,00 | 0,00 | NaN
  26 |  4,36 | 267,362 | 754,89 | 789,26 | 759,19 |  0,00 | 1,415 | 44,35 | 44,35 |  0,00 | 2,462 | 359,91 | 359,91 |  9,61 | 966,707 | 323,30 | 357,67 |  0,00 | 487,848 | 27,33 | 27,33 | 995,723 |   NaN | NaN | 0,00 | 0,00 | NaN
  27 |  4,31 | 244,513 | 754,07 | 788,07 | 758,32 |  0,00 | 1,342 | 44,35 | 44,35 |  0,00 | 1,613 | 360,35 | 360,35 |  9,55 | 797,178 | 322,04 | 356,03 |  0,00 | 2451,950 | 27,33 | 27,33 | 4924,019 |   NaN | NaN | 0,00 | 0,00 | NaN
  28 |  3,96 | 246,497 | 754,27 | 785,41 | 758,55 |  0,00 | 1,408 | 44,35 | 44,35 |  0,00 | 1,921 | 358,66 | 358,66 |  8,77 | 813,964 | 323,93 | 355,07 |  0,00 | 2136,094 | 27,33 | 27,33 | 4292,370 |   NaN | NaN | 0,00 | 0,00 | NaN
  29 |  4,76 | 252,057 | 754,15 | 791,84 | 758,42 |  0,00 | 1,388 | 44,35 | 44,35 |  0,00 | 1,765 | 358,83 | 358,83 | 10,43 | 831,382 | 323,64 | 361,33 |  0,00 | 2217,615 | 27,33 | 27,33 | 4455,238 |   NaN | NaN | 0,00 | 0,00 | NaN
  30 |  4,54 | 245,690 | 754,01 | 789,83 | 758,29 |  0,00 | 1,418 | 44,35 | 44,35 |  0,00 | 1,639 | 358,05 | 358,05 |  9,95 | 800,508 | 324,27 | 360,10 |  0,00 | 2355,000 | 27,33 | 27,33 | 4730,109 |   NaN | NaN | 0,00 | 0,00 | NaN
  31 |  4,43 | 255,955 | 754,93 | 789,89 | 759,21 |  0,00 | 1,385 | 44,35 | 44,35 |  0,00 | 1,646 | 359,92 | 359,92 |  9,76 | 851,420 | 323,33 | 358,29 |  0,00 | 2131,841 | 27,33 | 27,33 | 4283,726 |   NaN | NaN | 0,00 | 0,00 | NaN
  32 |  4,93 | 256,021 | 755,36 | 794,55 | 759,62 |  0,00 | 1,341 | 44,35 | 44,35 |  0,00 | 1,992 | 360,48 | 360,48 | 10,82 | 846,625 | 323,20 | 362,39 |  0,00 | 2254,462 | 27,33 | 27,33 | 4529,101 |   NaN | NaN | 0,00 | 0,00 | NaN
  33 |  4,29 | 245,769 | 755,01 | 788,86 | 759,28 |  0,00 | 1,407 | 44,35 | 44,35 |  0,00 | 1,899 | 357,65 | 357,65 |  9,42 | 799,309 | 325,68 | 359,53 |  0,00 | 2316,838 | 27,33 | 27,33 | 4653,791 |   NaN | NaN | 0,00 | 0,00 | NaN
  34 |  4,65 | 247,747 | 754,92 | 791,70 | 759,19 |  0,00 | 1,398 | 44,35 | 44,35 |  0,00 | 1,703 | 359,50 | 359,50 | 10,20 | 802,155 | 323,75 | 360,53 |  0,00 | 2529,374 | 27,33 | 27,33 | 5079,022 |   NaN | NaN | 0,00 | 0,00 | NaN
  35 |  5,09 | 259,341 | 755,09 | 795,55 | 759,35 |  0,00 | 1,347 | 44,35 | 44,35 |  0,00 | 1,458 | 362,27 | 362,27 | 11,19 | 848,626 | 321,14 | 361,60 |  0,00 | 2609,034 | 27,33 | 27,33 | 5237,967 |   NaN | NaN | 0,00 | 0,00 | NaN
  36 |  4,34 | 241,713 | 754,99 | 789,24 | 759,26 |  0,00 | 1,400 | 44,35 | 44,35 |  0,00 | 1,548 | 357,49 | 357,49 |  9,51 | 776,898 | 325,83 | 360,07 |  0,00 | 2486,988 | 27,33 | 27,33 | 4994,124 |   NaN | NaN | 0,00 | 0,00 | NaN
  37 |  5,24 | 263,301 | 754,92 | 796,70 | 759,18 |  0,00 | 1,383 | 44,35 | 44,35 |  0,00 | 1,842 | 364,37 | 364,37 | 11,59 | 885,039 | 318,87 | 360,65 |  0,00 | 2260,493 | 27,33 | 27,33 | 4541,082 |   NaN | NaN | 0,00 | 0,00 | NaN
  38 |  5,48 | 263,616 | 754,53 | 798,31 | 758,79 |  0,00 | 1,375 | 44,35 | 44,35 |  0,00 | 1,733 | 363,39 | 363,39 | 12,05 | 879,032 | 319,45 | 363,24 |  0,00 | 2379,327 | 27,33 | 27,33 | 4778,696 |   NaN | NaN | 0,00 | 0,00 | NaN
  39 |  3,85 | 237,998 | 754,75 | 784,99 | 759,03 |  0,00 | 1,418 | 44,35 | 44,35 |  0,00 | 1,989 | 358,82 | 358,82 |  8,53 | 774,259 | 324,24 | 354,49 |  0,00 | 2308,602 | 27,33 | 27,33 | 4637,410 |   NaN | NaN | 0,00 | 0,00 | NaN
  40 |  3,64 | 238,324 | 752,83 | 781,24 | 757,10 |  0,00 | 1,418 | 44,35 | 44,35 |  0,00 | 1,846 | 357,54 | 357,54 |  8,07 | 769,681 | 323,61 | 352,01 |  0,00 | 2442,423 | 27,33 | 27,33 | 4904,864 |   NaN | NaN | 0,00 | 0,00 | NaN
  41 |  5,31 | 252,454 | 753,90 | 796,15 | 758,18 |  0,00 | 1,401 | 44,35 | 44,35 |  0,00 | 1,725 | 359,96 | 359,96 | 11,59 | 838,344 | 322,27 | 364,51 |  0,00 | 2179,049 | 27,33 | 27,33 | 4378,038 |   NaN | NaN | 0,00 | 0,00 | NaN
  42 |  4,98 | 254,573 | 754,31 | 793,82 | 758,59 |  0,00 | 1,347 | 44,35 | 44,35 |  0,00 | 1,872 | 360,03 | 360,03 | 10,91 | 843,643 | 322,61 | 362,12 |  0,00 | 2218,637 | 27,33 | 27,33 | 4457,193 |   NaN | NaN | 0,00 | 0,00 | NaN
  43 |  5,53 | 261,338 | 754,30 | 798,49 | 758,58 |  0,00 | 1,425 | 44,35 | 44,35 |  0,00 | 1,998 | 364,65 | 364,65 | 12,20 | 877,068 | 317,96 | 362,16 |  0,00 | 2304,149 | 27,33 | 27,33 | 4628,515 |   NaN | NaN | 0,00 | 0,00 | NaN
  44 |  5,03 | 265,176 | 753,88 | 793,80 | 758,14 |  0,00 | 1,337 | 44,35 | 44,35 |  0,00 | 1,664 | 360,22 | 360,22 | 11,03 | 887,267 | 321,98 | 361,90 |  0,00 | 2166,324 | 27,33 | 27,33 | 4352,641 |   NaN | NaN | 0,00 | 0,00 | NaN
  45 |  4,91 | 255,266 | 754,05 | 792,96 | 758,34 |  0,00 | 1,421 | 44,35 | 44,35 |  0,00 | 1,871 | 363,43 | 363,43 | 10,87 | 856,142 | 318,94 | 357,84 |  0,00 | 2208,013 | 27,33 | 27,33 | 4436,117 |   NaN | NaN | 0,00 | 0,00 | NaN
  46 |  4,86 | 245,513 | 754,02 | 792,54 | 758,28 |  0,00 | 1,361 | 44,35 | 44,35 |  0,00 | 1,615 | 359,62 | 359,62 | 10,67 | 806,489 | 322,71 | 361,24 |  0,00 | 2287,504 | 27,33 | 27,33 | 4595,157 |   NaN | NaN | 0,00 | 0,00 | NaN
  47 |  4,79 | 255,184 | 754,25 | 792,22 | 758,53 |  0,00 | 1,358 | 44,35 | 44,35 |  0,00 | 1,911 | 363,11 | 363,11 | 10,62 | 858,771 | 319,46 | 357,44 |  0,00 | 2114,262 | 27,33 | 27,33 | 4248,593 |   NaN | NaN | 0,00 | 0,00 | NaN
  48 |  4,53 | 248,255 | 753,60 | 789,40 | 757,87 |  0,00 | 1,388 | 44,35 | 44,35 |  0,00 | 1,768 | 359,40 | 359,40 |  9,99 | 822,707 | 322,52 | 358,32 |  0,00 | 2157,260 | 27,33 | 27,33 | 4334,523 |   NaN | NaN | 0,00 | 0,00 | NaN
  49 |  4,58 | 257,655 | 753,36 | 789,54 | 757,63 |  0,00 | 1,400 | 44,35 | 44,35 |  0,00 | 2,004 | 360,07 | 360,07 | 10,11 | 861,703 | 321,61 | 357,79 |  0,00 | 2110,180 | 27,33 | 27,33 | 4240,570 |   NaN | NaN | 0,00 | 0,00 | NaN
  50 |  4,98 | 255,478 | 754,93 | 794,51 | 759,18 |  0,00 | 1,355 | 44,35 | 44,35 |  0,00 | 1,981 | 363,82 | 363,82 | 11,03 | 852,006 | 319,42 | 359,01 |  0,00 | 2300,427 | 27,33 | 27,33 | 4620,960 |   NaN | NaN | 0,00 | 0,00 | NaN
  51 |  4,97 | 260,595 | 754,39 | 793,83 | 758,65 |  0,00 | 1,353 | 44,35 | 44,35 |  0,00 | 1,526 | 359,64 | 359,64 | 10,88 | 867,056 | 323,06 | 362,51 |  0,00 | 2176,934 | 27,33 | 27,33 | 4374,019 |   NaN | NaN | 0,00 | 0,00 | NaN
  52 |  4,11 | 250,916 | 754,17 | 786,46 | 758,44 |  0,00 | 1,379 | 44,35 | 44,35 |  0,00 | 2,141 | 355,00 | 355,00 |  8,98 | 818,467 | 327,49 | 359,78 |  0,00 | 2194,568 | 27,33 | 27,33 | 4409,144 |   NaN | NaN | 0,00 | 0,00 | NaN
  53 |  5,01 | 260,931 | 754,84 | 794,68 | 759,11 |  0,00 | 1,366 | 44,35 | 44,35 |  0,00 | 1,826 | 362,21 | 362,21 | 11,04 | 870,174 | 320,94 | 360,79 |  0,00 | 2262,173 | 27,33 | 27,33 | 4544,494 |   NaN | NaN | 0,00 | 0,00 | NaN
  54 |  4,25 | 252,288 | 755,10 | 788,60 | 759,37 |  0,00 | 1,369 | 44,35 | 44,35 |  0,00 | 1,748 | 360,59 | 360,59 |  9,40 | 835,719 | 322,82 | 356,32 |  0,00 | 2211,424 | 27,33 | 27,33 | 4443,036 |   NaN | NaN | 0,00 | 0,00 | NaN
  55 |  4,61 | 252,819 | 754,58 | 791,04 | 758,84 |  0,00 | 1,354 | 44,35 | 44,35 |  0,00 | 1,625 | 359,60 | 359,60 | 10,14 | 829,032 | 323,30 | 359,77 |  0,00 | 2372,722 | 27,33 | 27,33 | 4765,404 |   NaN | NaN | 0,00 | 0,00 | NaN
  56 |  4,28 | 256,256 | 754,59 | 788,37 | 758,87 |  0,00 | 1,360 | 44,35 | 44,35 |  0,00 | 1,738 | 357,19 | 357,19 |  9,40 | 844,780 | 325,72 | 359,50 |  0,00 | 2155,760 | 27,33 | 27,33 | 4331,686 |   NaN | NaN | 0,00 | 0,00 | NaN
  57 |  4,85 | 238,958 | 754,45 | 792,94 | 758,73 |  0,00 | 1,357 | 44,35 | 44,35 |  0,00 | 1,740 | 359,73 | 359,73 | 10,65 | 788,635 | 323,03 | 361,52 |  0,00 | 2129,505 | 27,33 | 27,33 | 4279,111 |   NaN | NaN | 0,00 | 0,00 | NaN
  58 |  4,62 | 251,573 | 754,89 | 791,43 | 759,18 |  0,00 | 1,385 | 44,35 | 44,35 |  0,00 | 1,814 | 358,74 | 358,74 | 10,12 | 831,523 | 324,47 | 361,01 |  0,00 | 2140,351 | 27,33 | 27,33 | 4300,947 |   NaN | NaN | 0,00 | 0,00 | NaN
  59 |  5,31 | 257,253 | 754,29 | 796,63 | 758,54 |  0,00 | 1,405 | 44,35 | 44,35 |  0,00 | 1,695 | 360,79 | 360,79 | 11,63 | 842,510 | 321,81 | 364,15 |  0,00 | 2513,333 | 27,33 | 27,33 | 5046,791 |   NaN | NaN | 0,00 | 0,00 | NaN
  60 |  4,68 | 252,529 | 754,14 | 791,21 | 758,41 |  0,00 | 1,339 | 44,35 | 44,35 |  0,00 | 1,773 | 360,21 | 360,21 | 10,31 | 838,845 | 322,25 | 359,32 |  0,00 | 2175,412 | 27,33 | 27,33 | 4370,793 |   NaN | NaN | 0,00 | 0,00 | NaN
  61 |  5,03 | 251,093 | 755,30 | 795,32 | 759,57 |  0,00 | 1,362 | 44,35 | 44,35 |  0,00 | 1,878 | 360,81 | 360,81 | 11,03 | 828,560 | 322,81 | 362,83 |  0,00 | 2273,081 | 27,33 | 27,33 | 4566,389 |   NaN | NaN | 0,00 | 0,00 | NaN
  62 |  5,10 | 263,289 | 754,12 | 794,66 | 758,43 |  0,00 | 1,423 | 44,35 | 44,35 |  0,00 | 1,565 | 362,01 | 362,01 | 11,23 | 884,534 | 320,43 | 360,98 |  0,00 | 2163,792 | 27,33 | 27,33 | 4347,628 |   NaN | NaN | 0,00 | 0,00 | NaN
  63 |  4,87 | 248,655 | 754,47 | 793,11 | 758,74 |  0,00 | 1,379 | 44,35 | 44,35 |  0,00 | 1,655 | 361,14 | 361,14 | 10,72 | 818,091 | 321,65 | 360,29 |  0,00 | 2356,043 | 27,33 | 27,33 | 4732,177 |   NaN | NaN | 0,00 | 0,00 | NaN
  64 |  4,12 | 237,607 | 754,42 | 786,87 | 758,72 |  0,00 | 1,422 | 44,35 | 44,35 |  0,00 | 1,708 | 355,70 | 355,70 |  9,03 | 770,322 | 327,04 | 359,49 |  0,00 | 2213,032 | 27,33 | 27,33 | 4446,006 |   NaN | NaN | 0,00 | 0,00 | NaN

= = = = = = = = = = = = AVERAGE RESULTS system = = = = = = = = = = = =
meanPLR_system | 4,721485 
meanDelay_system | 256,719535 
meanLoad_system | 791,815242 
meanTHR_system | 754,408333 
meanGate_system | 758,682779 

meanPLR_EF_system | 0,000000 
meanPLR_AF_system | 0,000000 
meanPLR_BE_system | 10,386885 
meanPLR_FLA_system | 0,000000 
meanPLR_FLB_system | NaN 

meanTHR_EF_system | 44,352003 
meanTHR_AF_system | 360,246858 
meanTHR_BE_system | 322,479445 
meanTHR_FLA_system | 27,714277 
meanTHR_FLB_system | 0,000000 

meanLoad_EF_system | 44,352003 
meanLoad_AF_system | 360,246858 
meanLoad_BE_system | 359,886354 
meanLoad_FLA_system | 27,714277 
meanLoad_FLB_system | 0,000000 

meanDELAY_EF_system | 1,383552 
meanDELAY_AF_system | 2,169562 
meanDELAY_BE_system | 869,812476 
meanDELAY_FLA_system | 1820,190488 
meanDELAY_FLB_system | NaN 
meanDELAY_CompleteFLA_system | 3660,468238 
meanDELAY_CompleteFLB_system | NaN 

= = = = = = = = = = = = AVERAGE RESULTS = = = = = = = = = = = =
Packet Loss Ratio: 04,72 (%)
PROCESSED PACKAGES: 2613598119 
DISCARTED PACKAGES: 80751196 
TOTAL PACKAGES: 2694349315 
AVERAGE DELAY: 48451,55 (ms) 
AVERAGE THROUGHPUT: 754,41 (Mbps) 
GRANTED THROUGHPUT: 48555,70 (Mbps) By 64 ONUs
EFFECTIVE THROUGHPUT: 48282,13 (Mbps) By 64 ONUs
TOTAL LOAD: 50676,18 (Mbps) By 64 ONUs
ON Arrival THROUGHPUT: 0,00 (Mbps) By 64 ONUs
FINISHTIMEFL: 213,377387 
FINISHTIME: 216,377387 


fileName | IPACT_LBCONSTANTTOKENSBYCYCLE_5_28_96_0 
