
ONU ID 	|  PLR(%) | Delay(ms) | Throughput(Mbps) | Granted Throughput(Mbps) | Total Load (Mbps) 

  ID |  PLR(%) |  D  | Thr |  Gates  |  Load  | PLR-EF | D-EF | ThrEF | LoadEF | PLR-AF | D-AF | ThrAF | LoadAF | PLR-BE | D-BE | ThrBE | LoadBE | PLR-FA | D-FA | ThrFA | LoadFA | DTFA |  PLR-FB | D-FB | ThrFB | LoadFB | DTFB | 
   1 | 16,51 | 304,485 | 753,53 | 902,48 | 758,80 |  0,00 | 1,408 | 44,35 | 44,35 |  0,00 | 56,695 | 373,65 | 373,65 | 41,14 | 1503,607 | 213,16 | 362,11 |  0,00 | 139,040 | 122,36 | 122,36 | 298,338 |   NaN | NaN | 0,00 | 0,00 | NaN
   2 | 16,35 | 298,536 | 754,19 | 901,61 | 759,52 |  0,00 | 1,420 | 44,35 | 44,35 |  0,00 | 57,163 | 366,05 | 366,05 | 39,97 | 1418,673 | 221,42 | 368,84 |  0,00 | 139,090 | 122,36 | 122,36 | 298,378 |   NaN | NaN | 0,00 | 0,00 | NaN
   3 | 16,79 | 302,204 | 754,31 | 906,52 | 759,60 |  0,00 | 1,356 | 44,35 | 44,35 |  0,00 | 61,903 | 371,33 | 371,33 | 41,31 | 1462,983 | 216,27 | 368,48 |  0,00 | 139,025 | 122,36 | 122,36 | 298,312 |   NaN | NaN | 0,00 | 0,00 | NaN
   4 | 16,95 | 301,205 | 753,88 | 907,74 | 759,17 |  0,00 | 1,362 | 44,35 | 44,35 |  0,00 | 62,967 | 375,65 | 375,65 | 42,11 | 1486,562 | 211,52 | 365,38 |  0,00 | 139,060 | 122,36 | 122,36 | 298,372 |   NaN | NaN | 0,00 | 0,00 | NaN
   5 | 15,99 | 301,772 | 754,82 | 898,44 | 760,12 |  0,00 | 1,388 | 44,35 | 44,35 |  0,00 | 63,595 | 367,41 | 367,41 | 39,42 | 1429,999 | 220,70 | 364,32 |  0,00 | 139,059 | 122,36 | 122,36 | 298,317 |   NaN | NaN | 0,00 | 0,00 | NaN
   6 | 16,82 | 301,512 | 755,12 | 907,81 | 760,40 |  0,00 | 1,336 | 44,35 | 44,35 |  0,00 | 57,284 | 371,71 | 371,71 | 41,34 | 1465,413 | 216,70 | 369,38 |  0,00 | 139,003 | 122,36 | 122,36 | 298,300 |   NaN | NaN | 0,00 | 0,00 | NaN
   7 | 16,33 | 304,027 | 754,53 | 901,76 | 759,83 |  0,00 | 1,355 | 44,35 | 44,35 |  0,00 | 56,686 | 367,99 | 367,99 | 40,11 | 1458,306 | 219,82 | 367,06 |  0,00 | 139,034 | 122,36 | 122,36 | 298,319 |   NaN | NaN | 0,00 | 0,00 | NaN
   8 | 16,99 | 305,418 | 753,09 | 907,18 | 758,39 |  0,00 | 1,405 | 44,35 | 44,35 |  0,00 | 56,083 | 368,15 | 368,15 | 41,39 | 1475,506 | 218,23 | 372,32 |  0,00 | 139,122 | 122,36 | 122,36 | 298,416 |   NaN | NaN | 0,00 | 0,00 | NaN
   9 | 16,53 | 303,256 | 755,35 | 904,91 | 760,68 |  0,00 | 1,344 | 44,35 | 44,35 |  0,00 | 61,925 | 371,59 | 371,59 | 40,80 | 1464,042 | 217,04 | 366,60 |  0,00 | 138,997 | 122,36 | 122,36 | 298,274 |   NaN | NaN | 0,00 | 0,00 | NaN
  10 | 16,26 | 303,382 | 755,46 | 902,18 | 760,77 |  0,00 | 1,405 | 44,35 | 44,35 |  0,00 | 63,531 | 369,02 | 369,02 | 40,04 | 1445,501 | 219,72 | 366,45 |  0,00 | 139,091 | 122,36 | 122,36 | 298,405 |   NaN | NaN | 0,00 | 0,00 | NaN
  11 | 15,56 | 301,503 | 754,55 | 893,63 | 759,85 |  0,00 | 1,345 | 44,35 | 44,35 |  0,00 | 57,682 | 360,86 | 360,86 | 37,99 | 1400,146 | 226,97 | 366,05 |  0,00 | 138,952 | 122,36 | 122,36 | 298,169 |   NaN | NaN | 0,00 | 0,00 | NaN
  12 | 16,62 | 306,643 | 755,21 | 905,70 | 760,50 |  0,00 | 1,407 | 44,35 | 44,35 |  0,00 | 59,039 | 368,90 | 368,90 | 40,66 | 1470,221 | 219,60 | 370,09 |  0,00 | 139,090 | 122,36 | 122,36 | 298,369 |   NaN | NaN | 0,00 | 0,00 | NaN
  13 | 15,65 | 302,931 | 754,41 | 894,43 | 759,73 |  0,00 | 1,372 | 44,35 | 44,35 |  0,00 | 62,011 | 362,98 | 362,98 | 38,39 | 1413,688 | 224,72 | 364,74 |  0,00 | 139,064 | 122,36 | 122,36 | 298,355 |   NaN | NaN | 0,00 | 0,00 | NaN
  14 | 16,89 | 303,789 | 754,24 | 907,48 | 759,55 |  0,00 | 1,413 | 44,35 | 44,35 |  0,00 | 60,806 | 370,97 | 370,97 | 41,44 | 1471,192 | 216,56 | 369,80 |  0,00 | 139,072 | 122,36 | 122,36 | 298,329 |   NaN | NaN | 0,00 | 0,00 | NaN
  15 | 16,19 | 305,393 | 753,51 | 899,06 | 758,81 |  0,00 | 1,407 | 44,35 | 44,35 |  0,00 | 62,758 | 363,43 | 363,43 | 39,45 | 1432,326 | 223,36 | 368,92 |  0,00 | 139,048 | 122,36 | 122,36 | 298,348 |   NaN | NaN | 0,00 | 0,00 | NaN
  16 | 17,07 | 307,123 | 754,59 | 909,94 | 759,90 |  0,00 | 1,398 | 44,35 | 44,35 |  0,00 | 60,472 | 369,20 | 369,20 | 41,54 | 1475,760 | 218,67 | 374,03 |  0,00 | 139,109 | 122,36 | 122,36 | 298,422 |   NaN | NaN | 0,00 | 0,00 | NaN
  17 | 16,57 | 304,265 | 754,55 | 904,46 | 759,88 |  0,00 | 1,411 | 44,35 | 44,35 |  0,00 | 56,420 | 368,13 | 368,13 | 40,56 | 1461,277 | 219,71 | 369,61 |  0,00 | 139,143 | 122,36 | 122,36 | 298,452 |   NaN | NaN | 0,00 | 0,00 | NaN
  18 | 16,37 | 302,959 | 754,31 | 901,99 | 759,59 |  0,00 | 1,388 | 44,35 | 44,35 |  0,00 | 56,767 | 367,20 | 367,20 | 40,12 | 1449,543 | 220,40 | 368,08 |  0,00 | 138,735 | 122,36 | 122,36 | 297,953 |   NaN | NaN | 0,00 | 0,00 | NaN
  19 | 15,68 | 302,124 | 755,13 | 895,56 | 760,41 |  0,00 | 1,379 | 44,35 | 44,35 |  0,00 | 64,170 | 362,30 | 362,30 | 38,31 | 1398,872 | 226,12 | 366,54 |  0,00 | 139,023 | 122,36 | 122,36 | 298,262 |   NaN | NaN | 0,00 | 0,00 | NaN
  20 | 15,83 | 300,399 | 754,76 | 896,66 | 760,07 |  0,00 | 1,374 | 44,35 | 44,35 |  0,00 | 59,702 | 367,25 | 367,25 | 39,12 | 1429,259 | 220,80 | 362,70 |  0,00 | 139,000 | 122,36 | 122,36 | 298,214 |   NaN | NaN | 0,00 | 0,00 | NaN
  21 | 15,44 | 297,242 | 752,99 | 890,49 | 758,27 |  0,00 | 1,379 | 44,35 | 44,35 |  0,00 | 59,581 | 363,12 | 363,12 | 38,13 | 1396,716 | 223,15 | 360,66 |  0,00 | 139,078 | 122,36 | 122,36 | 298,372 |   NaN | NaN | 0,00 | 0,00 | NaN
  22 | 17,02 | 305,009 | 754,65 | 909,49 | 760,00 |  0,00 | 1,418 | 44,35 | 44,35 |  0,00 | 65,855 | 377,02 | 377,02 | 42,33 | 1506,258 | 210,92 | 365,75 |  0,00 | 139,097 | 122,36 | 122,36 | 298,369 |   NaN | NaN | 0,00 | 0,00 | NaN
  23 | 16,72 | 301,768 | 754,11 | 905,46 | 759,43 |  0,00 | 1,400 | 44,35 | 44,35 |  0,00 | 63,389 | 369,58 | 369,58 | 41,00 | 1447,961 | 217,82 | 369,17 |  0,00 | 139,050 | 122,36 | 122,36 | 298,269 |   NaN | NaN | 0,00 | 0,00 | NaN
  24 | 16,55 | 305,446 | 754,74 | 904,46 | 760,04 |  0,00 | 1,361 | 44,35 | 44,35 |  0,00 | 58,294 | 368,17 | 368,17 | 40,51 | 1463,426 | 219,86 | 369,57 |  0,00 | 139,059 | 122,36 | 122,36 | 298,354 |   NaN | NaN | 0,00 | 0,00 | NaN
  25 | 17,62 | 304,961 | 753,75 | 914,97 | 759,11 |  0,00 | 1,419 | 44,35 | 44,35 |  0,00 | 61,622 | 368,15 | 368,15 | 42,42 | 1459,993 | 218,88 | 380,10 |  0,00 | 139,136 | 122,36 | 122,36 | 298,434 |   NaN | NaN | 0,00 | 0,00 | NaN
  26 | 16,17 | 299,997 | 754,96 | 900,62 | 760,27 |  0,00 | 1,415 | 44,35 | 44,35 |  0,00 | 61,648 | 366,11 | 366,11 | 39,60 | 1415,011 | 222,13 | 367,79 |  0,00 | 139,098 | 122,36 | 122,36 | 298,401 |   NaN | NaN | 0,00 | 0,00 | NaN
  27 | 15,62 | 304,657 | 755,15 | 894,90 | 760,43 |  0,00 | 1,341 | 44,35 | 44,35 |  0,00 | 62,589 | 367,47 | 367,47 | 38,74 | 1445,970 | 220,97 | 360,71 |  0,00 | 138,508 | 122,36 | 122,36 | 297,674 |   NaN | NaN | 0,00 | 0,00 | NaN
  28 | 15,86 | 303,451 | 753,62 | 895,68 | 758,92 |  0,00 | 1,408 | 44,35 | 44,35 |  0,00 | 57,754 | 367,18 | 367,18 | 39,27 | 1453,291 | 219,73 | 361,79 |  0,00 | 139,028 | 122,36 | 122,36 | 298,241 |   NaN | NaN | 0,00 | 0,00 | NaN
  29 | 16,53 | 304,048 | 755,32 | 904,95 | 760,60 |  0,00 | 1,387 | 44,35 | 44,35 |  0,00 | 64,686 | 370,31 | 370,31 | 40,67 | 1455,180 | 218,30 | 367,92 |  0,00 | 139,060 | 122,36 | 122,36 | 298,262 |   NaN | NaN | 0,00 | 0,00 | NaN
  30 | 15,47 | 306,004 | 755,01 | 893,20 | 760,34 |  0,00 | 1,418 | 44,35 | 44,35 |  0,00 | 63,273 | 361,75 | 361,75 | 37,89 | 1417,115 | 226,55 | 364,74 |  0,00 | 139,044 | 122,36 | 122,36 | 298,262 |   NaN | NaN | 0,00 | 0,00 | NaN
  31 | 16,19 | 304,390 | 753,62 | 899,19 | 758,92 |  0,00 | 1,385 | 44,35 | 44,35 |  0,00 | 61,092 | 366,46 | 366,46 | 39,77 | 1448,061 | 220,44 | 366,01 |  0,00 | 139,021 | 122,36 | 122,36 | 298,227 |   NaN | NaN | 0,00 | 0,00 | NaN
  32 | 15,78 | 303,377 | 754,72 | 896,09 | 760,01 |  0,00 | 1,341 | 44,35 | 44,35 |  0,00 | 60,362 | 363,38 | 363,38 | 38,63 | 1420,403 | 224,63 | 366,00 |  0,00 | 138,982 | 122,36 | 122,36 | 298,185 |   NaN | NaN | 0,00 | 0,00 | NaN
  33 | 15,89 | 302,177 | 755,70 | 898,52 | 761,00 |  0,00 | 1,406 | 44,35 | 44,35 |  0,00 | 57,912 | 363,01 | 363,01 | 38,73 | 1410,295 | 225,98 | 368,80 |  0,00 | 139,004 | 122,36 | 122,36 | 298,231 |   NaN | NaN | 0,00 | 0,00 | NaN
  34 | 15,25 | 305,269 | 755,20 | 891,07 | 760,48 |  0,00 | 1,398 | 44,35 | 44,35 |  0,00 | 63,492 | 365,08 | 365,08 | 37,82 | 1432,409 | 223,41 | 359,28 |  0,00 | 138,168 | 122,36 | 122,36 | 297,200 |   NaN | NaN | 0,00 | 0,00 | NaN
  35 | 16,54 | 300,131 | 756,30 | 906,23 | 761,60 |  0,00 | 1,347 | 44,35 | 44,35 |  0,00 | 57,010 | 370,33 | 370,33 | 40,61 | 1443,458 | 219,26 | 369,19 |  0,00 | 137,221 | 122,36 | 122,36 | 294,804 |   NaN | NaN | 0,00 | 0,00 | NaN
  36 | 15,73 | 303,716 | 755,05 | 895,99 | 760,37 |  0,00 | 1,400 | 44,35 | 44,35 |  0,00 | 57,491 | 360,83 | 360,83 | 38,25 | 1408,776 | 227,50 | 368,45 |  0,00 | 138,625 | 122,36 | 122,36 | 297,816 |   NaN | NaN | 0,00 | 0,00 | NaN
  37 | 17,02 | 304,509 | 754,99 | 909,88 | 760,30 |  0,00 | 1,383 | 44,35 | 44,35 |  0,00 | 59,258 | 374,38 | 374,38 | 42,00 | 1496,259 | 213,90 | 368,79 |  0,00 | 139,040 | 122,36 | 122,36 | 298,250 |   NaN | NaN | 0,00 | 0,00 | NaN
  38 | 16,11 | 301,377 | 755,39 | 900,50 | 760,69 |  0,00 | 1,374 | 44,35 | 44,35 |  0,00 | 65,240 | 369,39 | 369,39 | 39,82 | 1435,259 | 219,29 | 364,40 |  0,00 | 139,029 | 122,36 | 122,36 | 298,242 |   NaN | NaN | 0,00 | 0,00 | NaN
  39 | 15,55 | 306,098 | 753,78 | 892,54 | 759,12 |  0,00 | 1,417 | 44,35 | 44,35 |  0,00 | 64,362 | 364,07 | 364,07 | 38,36 | 1435,500 | 222,99 | 361,75 |  0,00 | 139,012 | 122,36 | 122,36 | 298,231 |   NaN | NaN | 0,00 | 0,00 | NaN
  40 | 15,71 | 301,807 | 754,30 | 894,91 | 759,62 |  0,00 | 1,417 | 44,35 | 44,35 |  0,00 | 57,566 | 364,69 | 364,69 | 38,68 | 1426,158 | 222,90 | 363,51 |  0,00 | 138,809 | 122,36 | 122,36 | 298,024 |   NaN | NaN | 0,00 | 0,00 | NaN
  41 | 16,87 | 304,836 | 753,39 | 906,26 | 758,68 |  0,00 | 1,400 | 44,35 | 44,35 |  0,00 | 64,007 | 367,10 | 367,10 | 41,05 | 1450,094 | 219,57 | 372,44 |  0,00 | 139,005 | 122,36 | 122,36 | 298,196 |   NaN | NaN | 0,00 | 0,00 | NaN
  42 | 16,62 | 305,250 | 753,48 | 903,66 | 758,77 |  0,00 | 1,346 | 44,35 | 44,35 |  0,00 | 61,967 | 367,23 | 367,23 | 40,62 | 1456,742 | 219,54 | 369,72 |  0,00 | 139,012 | 122,36 | 122,36 | 298,200 |   NaN | NaN | 0,00 | 0,00 | NaN
  43 | 16,74 | 306,161 | 754,52 | 906,20 | 759,85 |  0,00 | 1,425 | 44,35 | 44,35 |  0,00 | 58,213 | 368,44 | 368,44 | 40,88 | 1469,673 | 219,37 | 371,04 |  0,00 | 139,023 | 122,36 | 122,36 | 298,231 |   NaN | NaN | 0,00 | 0,00 | NaN
  44 | 17,01 | 303,909 | 754,44 | 909,04 | 759,74 |  0,00 | 1,337 | 44,35 | 44,35 |  0,00 | 63,799 | 368,64 | 368,64 | 41,37 | 1450,244 | 219,09 | 373,68 |  0,00 | 139,015 | 122,36 | 122,36 | 298,222 |   NaN | NaN | 0,00 | 0,00 | NaN
  45 | 16,79 | 304,798 | 754,28 | 906,43 | 759,61 |  0,00 | 1,421 | 44,35 | 44,35 |  0,00 | 59,970 | 376,08 | 376,08 | 41,84 | 1512,219 | 211,48 | 363,63 |  0,00 | 139,112 | 122,36 | 122,36 | 298,322 |   NaN | NaN | 0,00 | 0,00 | NaN
  46 | 15,99 | 300,600 | 753,59 | 896,98 | 758,88 |  0,00 | 1,360 | 44,35 | 44,35 |  0,00 | 56,043 | 361,68 | 361,68 | 38,90 | 1408,372 | 225,20 | 368,59 |  0,00 | 138,942 | 122,36 | 122,36 | 298,149 |   NaN | NaN | 0,00 | 0,00 | NaN
  47 | 15,38 | 304,070 | 755,58 | 892,88 | 760,88 |  0,00 | 1,358 | 44,35 | 44,35 |  0,00 | 60,187 | 366,59 | 366,59 | 38,18 | 1439,251 | 222,28 | 359,58 |  0,00 | 138,986 | 122,36 | 122,36 | 298,194 |   NaN | NaN | 0,00 | 0,00 | NaN
  48 | 15,66 | 299,670 | 753,38 | 893,23 | 758,67 |  0,00 | 1,388 | 44,35 | 44,35 |  0,00 | 58,277 | 362,87 | 362,87 | 38,46 | 1407,888 | 223,79 | 363,64 |  0,00 | 139,008 | 122,36 | 122,36 | 298,212 |   NaN | NaN | 0,00 | 0,00 | NaN
  49 | 15,44 | 303,621 | 754,69 | 892,46 | 760,00 |  0,00 | 1,400 | 44,35 | 44,35 |  0,00 | 59,242 | 362,70 | 362,70 | 37,95 | 1418,708 | 225,28 | 363,04 |  0,00 | 139,031 | 122,36 | 122,36 | 298,252 |   NaN | NaN | 0,00 | 0,00 | NaN
  50 | 16,11 | 304,273 | 754,36 | 899,23 | 759,65 |  0,00 | 1,354 | 44,35 | 44,35 |  0,00 | 61,832 | 368,75 | 368,75 | 39,83 | 1456,804 | 218,89 | 363,76 |  0,00 | 139,062 | 122,36 | 122,36 | 298,280 |   NaN | NaN | 0,00 | 0,00 | NaN
  51 | 15,81 | 304,252 | 754,11 | 895,77 | 759,41 |  0,00 | 1,352 | 44,35 | 44,35 |  0,00 | 64,134 | 362,88 | 362,88 | 38,69 | 1418,283 | 224,52 | 366,18 |  0,00 | 138,965 | 122,36 | 122,36 | 298,168 |   NaN | NaN | 0,00 | 0,00 | NaN
  52 | 16,13 | 305,811 | 754,19 | 899,27 | 759,51 |  0,00 | 1,379 | 44,35 | 44,35 |  0,00 | 59,110 | 362,85 | 362,85 | 39,24 | 1433,611 | 224,63 | 369,71 |  0,00 | 138,966 | 122,36 | 122,36 | 298,175 |   NaN | NaN | 0,00 | 0,00 | NaN
  53 | 16,41 | 308,397 | 754,13 | 902,16 | 759,41 |  0,00 | 1,366 | 44,35 | 44,35 |  0,00 | 57,066 | 365,69 | 365,69 | 40,03 | 1468,216 | 221,73 | 369,76 |  0,00 | 138,999 | 122,36 | 122,36 | 298,213 |   NaN | NaN | 0,00 | 0,00 | NaN
  54 | 15,44 | 303,350 | 755,11 | 892,95 | 760,39 |  0,00 | 1,368 | 44,35 | 44,35 |  0,00 | 65,722 | 367,08 | 367,08 | 38,38 | 1431,761 | 221,32 | 359,16 |  0,00 | 138,983 | 122,36 | 122,36 | 298,186 |   NaN | NaN | 0,00 | 0,00 | NaN
  55 | 16,08 | 305,991 | 755,35 | 900,08 | 760,65 |  0,00 | 1,354 | 44,35 | 44,35 |  0,00 | 57,827 | 365,12 | 365,12 | 39,30 | 1445,172 | 223,52 | 368,25 |  0,00 | 138,849 | 122,36 | 122,36 | 298,069 |   NaN | NaN | 0,00 | 0,00 | NaN
  56 | 15,63 | 301,368 | 753,43 | 893,01 | 758,74 |  0,00 | 1,359 | 44,35 | 44,35 |  0,00 | 58,458 | 365,12 | 365,12 | 38,64 | 1429,617 | 221,60 | 361,17 |  0,00 | 139,038 | 122,36 | 122,36 | 298,237 |   NaN | NaN | 0,00 | 0,00 | NaN
  57 | 15,88 | 302,714 | 755,11 | 897,70 | 760,40 |  0,00 | 1,356 | 44,35 | 44,35 |  0,00 | 60,600 | 364,67 | 364,67 | 38,93 | 1421,859 | 223,73 | 366,32 |  0,00 | 138,960 | 122,36 | 122,36 | 298,182 |   NaN | NaN | 0,00 | 0,00 | NaN
  58 | 16,23 | 303,828 | 754,39 | 900,53 | 759,68 |  0,00 | 1,385 | 44,35 | 44,35 |  0,00 | 57,397 | 368,31 | 368,31 | 39,98 | 1459,221 | 219,37 | 365,51 |  0,00 | 139,004 | 122,36 | 122,36 | 298,219 |   NaN | NaN | 0,00 | 0,00 | NaN
  59 | 16,66 | 304,389 | 755,75 | 906,81 | 761,04 |  0,00 | 1,404 | 44,35 | 44,35 |  0,00 | 58,340 | 366,02 | 366,02 | 40,38 | 1439,253 | 223,01 | 374,07 |  0,00 | 138,645 | 122,36 | 122,36 | 297,816 |   NaN | NaN | 0,00 | 0,00 | NaN
  60 | 16,23 | 303,736 | 754,45 | 900,65 | 759,73 |  0,00 | 1,339 | 44,35 | 44,35 |  0,00 | 63,615 | 367,94 | 367,94 | 39,95 | 1446,063 | 219,79 | 366,00 |  0,00 | 138,958 | 122,36 | 122,36 | 298,166 |   NaN | NaN | 0,00 | 0,00 | NaN
  61 | 16,76 | 305,960 | 754,49 | 906,45 | 759,80 |  0,00 | 1,361 | 44,35 | 44,35 |  0,00 | 59,450 | 370,69 | 370,69 | 41,18 | 1481,764 | 217,08 | 369,04 |  0,00 | 138,914 | 122,36 | 122,36 | 298,118 |   NaN | NaN | 0,00 | 0,00 | NaN
  62 | 16,52 | 303,732 | 754,00 | 903,16 | 759,36 |  0,00 | 1,423 | 44,35 | 44,35 |  0,00 | 61,919 | 367,08 | 367,08 | 40,38 | 1445,185 | 220,21 | 369,37 |  0,00 | 139,058 | 122,36 | 122,36 | 298,264 |   NaN | NaN | 0,00 | 0,00 | NaN
  63 | 16,56 | 302,809 | 754,77 | 904,58 | 760,09 |  0,00 | 1,378 | 44,35 | 44,35 |  0,00 | 59,311 | 371,52 | 371,52 | 40,89 | 1469,114 | 216,54 | 366,34 |  0,00 | 139,049 | 122,36 | 122,36 | 298,254 |   NaN | NaN | 0,00 | 0,00 | NaN
  64 | 15,49 | 302,039 | 755,16 | 893,55 | 760,51 |  0,00 | 1,422 | 44,35 | 44,35 |  0,00 | 61,530 | 364,48 | 364,48 | 38,19 | 1414,968 | 223,97 | 362,35 |  0,00 | 139,075 | 122,36 | 122,36 | 298,279 |   NaN | NaN | 0,00 | 0,00 | NaN

= = = = = = = = = = = = AVERAGE RESULTS system = = = = = = = = = = = =
meanPLR_system | 16,236670 
meanDelay_system | 303,498828 
meanLoad_system | 900,808115 
meanTHR_system | 754,516472 
meanGate_system | 759,820918 

meanPLR_EF_system | 0,000000 
meanPLR_AF_system | 0,000000 
meanPLR_BE_system | 39,869652 
meanPLR_FLA_system | 0,000000 
meanPLR_FLB_system | NaN 

meanTHR_EF_system | 44,352005 
meanTHR_AF_system | 367,246876 
meanTHR_BE_system | 220,555932 
meanTHR_FLA_system | 125,571282 
meanTHR_FLB_system | 0,000000 

meanLoad_EF_system | 44,352005 
meanLoad_AF_system | 367,246876 
meanLoad_BE_system | 366,847575 
meanLoad_FLA_system | 125,571282 
meanLoad_FLB_system | 0,000000 

meanDELAY_EF_system | 1,383177 
meanDELAY_AF_system | 60,439886 
meanDELAY_BE_system | 1445,382155 
meanDELAY_FLA_system | 138,960596 
meanDELAY_FLB_system | NaN 
meanDELAY_CompleteFLA_system | 298,168062 
meanDELAY_CompleteFLB_system | NaN 

= = = = = = = = = = = = AVERAGE RESULTS = = = = = = = = = = = =
Packet Loss Ratio: 16,24 (%)
PROCESSED PACKAGES: 1365464831 
DISCARTED PACKAGES: 172000644 
TOTAL PACKAGES: 1537465475 
AVERAGE DELAY: 55169,65 (ms) 
AVERAGE THROUGHPUT: 754,52 (Mbps) 
GRANTED THROUGHPUT: 48628,54 (Mbps) By 64 ONUs
EFFECTIVE THROUGHPUT: 48289,05 (Mbps) By 64 ONUs
TOTAL LOAD: 57651,72 (Mbps) By 64 ONUs
ON Arrival THROUGHPUT: 0,00 (Mbps) By 64 ONUs
FINISHTIMEFL: 114,370100 
FINISHTIME: 117,370100 


fileName | IPACT_STRICTPRIORITY_1_68_98_0 
