
ONU ID 	|  PLR(%) | Delay(ms) | Throughput(Mbps) | Granted Throughput(Mbps) | Total Load (Mbps) 

  ID |  PLR(%) |  D  | Thr |  Gates  |  Load  | PLR-EF | D-EF | ThrEF | LoadEF | PLR-AF | D-AF | ThrAF | LoadAF | PLR-BE | D-BE | ThrBE | LoadBE | PLR-FA | D-FA | ThrFA | LoadFA | DTFA |  PLR-FB | D-FB | ThrFB | LoadFB | DTFB | 
   1 |  4,77 | 270,266 | 754,15 | 791,89 | 758,76 |  0,00 | 1,431 | 44,35 | 44,35 |  0,00 | 1,414 | 351,44 | 351,44 | 11,11 | 1025,077 | 301,94 | 339,68 |  0,00 | 336,499 | 56,42 | 56,42 | 656,067 |   NaN | NaN | 0,00 | 0,00 | NaN
   2 |  4,83 | 264,958 | 753,76 | 792,05 | 758,36 |  0,00 | 1,479 | 44,35 | 44,35 |  0,00 | 1,426 | 347,22 | 347,22 | 11,13 | 995,064 | 305,76 | 344,06 |  0,00 | 298,853 | 56,42 | 56,42 | 601,326 |   NaN | NaN | 0,00 | 0,00 | NaN
   3 |  4,35 | 253,999 | 753,20 | 787,48 | 757,76 |  0,00 | 1,368 | 44,35 | 44,35 |  0,00 | 1,363 | 343,87 | 343,87 | 10,00 | 944,052 | 308,56 | 342,83 |  0,00 | 296,463 | 56,42 | 56,42 | 599,457 |   NaN | NaN | 0,00 | 0,00 | NaN
   4 |  5,40 | 267,286 | 754,88 | 797,95 | 759,46 |  0,00 | 1,418 | 44,35 | 44,35 |  0,00 | 1,370 | 351,64 | 351,64 | 12,46 | 1015,523 | 302,47 | 345,54 |  0,00 | 305,781 | 56,42 | 56,42 | 607,893 |   NaN | NaN | 0,00 | 0,00 | NaN
   5 |  4,48 | 246,795 | 753,47 | 788,85 | 758,01 |  0,00 | 1,427 | 44,35 | 44,35 |  0,00 | 1,394 | 343,85 | 343,85 | 10,28 | 916,850 | 308,85 | 344,23 |  0,00 | 280,856 | 56,42 | 56,42 | 561,776 |   NaN | NaN | 0,00 | 0,00 | NaN
   6 |  5,23 | 265,786 | 754,28 | 795,87 | 758,80 |  0,00 | 1,366 | 44,35 | 44,35 |  0,00 | 1,341 | 349,10 | 349,10 | 12,02 | 1004,900 | 304,40 | 346,00 |  0,00 | 281,975 | 56,42 | 56,42 | 577,440 |   NaN | NaN | 0,00 | 0,00 | NaN
   7 |  4,69 | 272,634 | 755,16 | 792,35 | 759,72 |  0,00 | 1,369 | 44,35 | 44,35 |  0,00 | 1,361 | 346,74 | 346,74 | 10,78 | 1020,882 | 307,65 | 344,84 |  0,00 | 291,318 | 56,42 | 56,42 | 592,795 |   NaN | NaN | 0,00 | 0,00 | NaN
   8 |  4,70 | 267,088 | 754,04 | 791,27 | 758,62 |  0,00 | 1,416 | 44,35 | 44,35 |  0,00 | 1,412 | 342,60 | 342,60 | 10,70 | 988,586 | 310,67 | 347,90 |  0,00 | 291,043 | 56,42 | 56,42 | 594,274 |   NaN | NaN | 0,00 | 0,00 | NaN
   9 |  5,32 | 266,372 | 754,38 | 796,75 | 758,93 |  0,00 | 1,395 | 44,35 | 44,35 |  0,00 | 1,349 | 349,94 | 349,94 | 12,24 | 1008,789 | 303,67 | 346,04 |  0,00 | 292,786 | 56,42 | 56,42 | 599,090 |   NaN | NaN | 0,00 | 0,00 | NaN
  10 |  4,31 | 263,862 | 755,61 | 789,63 | 760,19 |  0,00 | 1,421 | 44,35 | 44,35 |  0,00 | 1,411 | 344,75 | 344,75 |  9,89 | 979,760 | 310,08 | 344,10 |  0,00 | 285,300 | 56,42 | 56,42 | 587,410 |   NaN | NaN | 0,00 | 0,00 | NaN
  11 |  4,15 | 265,649 | 754,21 | 786,84 | 758,76 |  0,00 | 1,357 | 44,35 | 44,35 |  0,00 | 1,352 | 339,76 | 339,76 |  9,42 | 975,290 | 313,67 | 346,30 |  0,00 | 277,131 | 56,42 | 56,42 | 570,541 |   NaN | NaN | 0,00 | 0,00 | NaN
  12 |  4,39 | 266,992 | 755,01 | 789,70 | 759,57 |  0,00 | 1,433 | 44,35 | 44,35 |  0,00 | 1,413 | 343,52 | 343,52 | 10,04 | 989,016 | 310,72 | 345,41 |  0,00 | 288,921 | 56,42 | 56,42 | 590,904 |   NaN | NaN | 0,00 | 0,00 | NaN
  13 |  3,79 | 237,330 | 753,46 | 783,16 | 757,98 |  0,00 | 1,386 | 44,35 | 44,35 |  0,00 | 1,379 | 342,78 | 342,78 |  8,75 | 877,937 | 309,90 | 339,60 |  0,00 | 280,496 | 56,42 | 56,42 | 558,049 |   NaN | NaN | 0,00 | 0,00 | NaN
  14 |  5,23 | 258,900 | 752,18 | 793,68 | 756,77 |  0,00 | 1,428 | 44,35 | 44,35 |  0,00 | 1,419 | 346,43 | 346,43 | 11,98 | 974,274 | 304,97 | 346,47 |  0,00 | 280,568 | 56,42 | 56,42 | 574,540 |   NaN | NaN | 0,00 | 0,00 | NaN
  15 |  4,47 | 267,851 | 753,51 | 788,78 | 758,08 |  0,00 | 1,462 | 44,35 | 44,35 |  0,00 | 1,414 | 340,64 | 340,64 | 10,15 | 987,156 | 312,10 | 347,37 |  0,00 | 283,984 | 56,42 | 56,42 | 568,505 |   NaN | NaN | 0,00 | 0,00 | NaN
  16 |  5,46 | 274,462 | 754,70 | 798,28 | 759,24 |  0,00 | 1,513 | 44,35 | 44,35 |  0,00 | 1,405 | 346,58 | 346,58 | 12,42 | 1028,122 | 307,35 | 350,93 |  0,00 | 292,150 | 56,42 | 56,42 | 583,304 |   NaN | NaN | 0,00 | 0,00 | NaN
  17 |  5,36 | 269,140 | 753,51 | 796,23 | 758,09 |  0,00 | 1,423 | 44,35 | 44,35 |  0,00 | 1,418 | 348,23 | 348,23 | 12,30 | 1016,482 | 304,51 | 347,22 |  0,00 | 288,561 | 56,42 | 56,42 | 578,971 |   NaN | NaN | 0,00 | 0,00 | NaN
  18 |  4,47 | 257,927 | 752,85 | 788,08 | 757,41 |  0,00 | 1,410 | 44,35 | 44,35 |  0,00 | 1,395 | 341,77 | 341,77 | 10,20 | 952,762 | 310,31 | 345,54 |  0,00 | 301,368 | 56,42 | 56,42 | 612,931 |   NaN | NaN | 0,00 | 0,00 | NaN
  19 |  3,86 | 264,647 | 754,14 | 784,43 | 758,72 |  0,00 | 1,395 | 44,35 | 44,35 |  0,00 | 1,384 | 340,95 | 340,95 |  8,84 | 972,565 | 312,42 | 342,71 |  0,00 | 304,944 | 56,42 | 56,42 | 606,392 |   NaN | NaN | 0,00 | 0,00 | NaN
  20 |  3,84 | 262,850 | 755,60 | 785,77 | 760,15 |  0,00 | 1,387 | 44,35 | 44,35 |  0,00 | 1,381 | 345,88 | 345,88 |  8,90 | 981,577 | 308,95 | 339,11 |  0,00 | 268,469 | 56,42 | 56,42 | 559,591 |   NaN | NaN | 0,00 | 0,00 | NaN
  21 |  3,21 | 243,104 | 754,04 | 779,04 | 758,61 |  0,00 | 1,392 | 44,35 | 44,35 |  0,00 | 1,385 | 340,18 | 340,18 |  7,39 | 890,072 | 313,08 | 338,08 |  0,00 | 290,388 | 56,42 | 56,42 | 584,043 |   NaN | NaN | 0,00 | 0,00 | NaN
  22 |  5,43 | 273,232 | 754,58 | 797,92 | 759,19 |  0,00 | 1,501 | 44,35 | 44,35 |  0,00 | 1,430 | 353,90 | 353,90 | 12,63 | 1047,468 | 299,91 | 343,25 |  0,00 | 300,271 | 56,42 | 56,42 | 594,466 |   NaN | NaN | 0,00 | 0,00 | NaN
  23 |  4,80 | 265,700 | 754,12 | 792,12 | 758,71 |  0,00 | 1,437 | 44,35 | 44,35 |  0,00 | 1,407 | 347,37 | 347,37 | 11,05 | 998,321 | 305,98 | 343,98 |  0,00 | 292,689 | 56,42 | 56,42 | 582,658 |   NaN | NaN | 0,00 | 0,00 | NaN
  24 |  4,72 | 266,648 | 754,12 | 791,44 | 758,67 |  0,00 | 1,381 | 44,35 | 44,35 |  0,00 | 1,368 | 343,57 | 343,57 | 10,75 | 988,615 | 309,78 | 347,11 |  0,00 | 302,734 | 56,42 | 56,42 | 603,846 |   NaN | NaN | 0,00 | 0,00 | NaN
  25 |  5,59 | 276,832 | 753,85 | 798,50 | 758,45 |  0,00 | 1,432 | 44,35 | 44,35 |  0,00 | 1,425 | 345,78 | 345,78 | 12,69 | 1037,701 | 307,30 | 351,94 |  0,00 | 283,412 | 56,42 | 56,42 | 590,406 |   NaN | NaN | 0,00 | 0,00 | NaN
  26 |  4,39 | 257,682 | 754,01 | 788,62 | 758,62 |  0,00 | 1,434 | 44,35 | 44,35 |  0,00 | 1,420 | 344,26 | 344,26 | 10,07 | 957,413 | 308,98 | 343,59 |  0,00 | 297,566 | 56,42 | 56,42 | 592,844 |   NaN | NaN | 0,00 | 0,00 | NaN
  27 |  4,22 | 259,118 | 753,05 | 786,24 | 757,61 |  0,00 | 1,417 | 44,35 | 44,35 |  0,00 | 1,349 | 344,79 | 344,79 |  9,74 | 966,849 | 307,49 | 340,68 |  0,00 | 294,947 | 56,42 | 56,42 | 599,341 |   NaN | NaN | 0,00 | 0,00 | NaN
  28 |  4,18 | 261,167 | 753,87 | 786,76 | 758,45 |  0,00 | 1,429 | 44,35 | 44,35 |  0,00 | 1,415 | 346,08 | 346,08 |  9,68 | 977,063 | 307,01 | 339,91 |  0,00 | 294,814 | 56,42 | 56,42 | 601,393 |   NaN | NaN | 0,00 | 0,00 | NaN
  29 |  5,19 | 272,801 | 754,24 | 795,50 | 758,81 |  0,00 | 1,405 | 44,35 | 44,35 |  0,00 | 1,394 | 347,30 | 347,30 | 11,88 | 1025,466 | 306,16 | 347,42 |  0,00 | 291,876 | 56,42 | 56,42 | 602,123 |   NaN | NaN | 0,00 | 0,00 | NaN
  30 |  4,44 | 258,315 | 752,68 | 787,64 | 757,28 |  0,00 | 1,431 | 44,35 | 44,35 |  0,00 | 1,425 | 342,80 | 342,80 | 10,16 | 957,736 | 309,10 | 344,07 |  0,00 | 302,981 | 56,42 | 56,42 | 605,311 |   NaN | NaN | 0,00 | 0,00 | NaN
  31 |  4,40 | 255,573 | 754,46 | 789,18 | 759,01 |  0,00 | 1,398 | 44,35 | 44,35 |  0,00 | 1,391 | 345,54 | 345,54 | 10,13 | 953,349 | 308,14 | 342,87 |  0,00 | 286,687 | 56,42 | 56,42 | 572,484 |   NaN | NaN | 0,00 | 0,00 | NaN
  32 |  4,62 | 261,472 | 755,74 | 792,32 | 760,30 |  0,00 | 1,763 | 44,35 | 44,35 |  0,00 | 1,366 | 344,90 | 344,90 | 10,55 | 969,602 | 310,07 | 346,64 |  0,00 | 294,572 | 56,42 | 56,42 | 599,226 |   NaN | NaN | 0,00 | 0,00 | NaN
  33 |  3,95 | 252,760 | 754,39 | 785,41 | 758,94 |  0,00 | 1,420 | 44,35 | 44,35 |  0,00 | 1,412 | 342,08 | 342,08 |  9,05 | 933,145 | 311,53 | 342,55 |  0,00 | 274,146 | 56,42 | 56,42 | 580,601 |   NaN | NaN | 0,00 | 0,00 | NaN
  34 |  3,93 | 259,033 | 754,91 | 785,75 | 759,49 |  0,00 | 1,416 | 44,35 | 44,35 |  0,00 | 1,403 | 344,62 | 344,62 |  9,06 | 962,496 | 309,51 | 340,36 |  0,00 | 288,202 | 56,42 | 56,42 | 598,246 |   NaN | NaN | 0,00 | 0,00 | NaN
  35 |  5,29 | 273,354 | 754,76 | 796,91 | 759,30 |  0,00 | 1,359 | 44,35 | 44,35 |  0,00 | 1,352 | 346,70 | 346,70 | 12,06 | 1024,533 | 307,29 | 349,44 |  0,00 | 289,479 | 56,42 | 56,42 | 574,605 |   NaN | NaN | 0,00 | 0,00 | NaN
  36 |  4,13 | 263,343 | 754,85 | 787,35 | 759,40 |  0,00 | 1,411 | 44,35 | 44,35 |  0,00 | 1,406 | 340,21 | 340,21 |  9,38 | 967,706 | 313,87 | 346,36 |  0,00 | 265,715 | 56,42 | 56,42 | 550,696 |   NaN | NaN | 0,00 | 0,00 | NaN
  37 |  5,31 | 274,958 | 755,55 | 797,92 | 760,14 |  0,00 | 1,418 | 44,35 | 44,35 |  0,00 | 1,392 | 351,34 | 351,34 | 12,25 | 1043,977 | 303,43 | 345,81 |  0,00 | 295,344 | 56,42 | 56,42 | 617,178 |   NaN | NaN | 0,00 | 0,00 | NaN
  38 |  5,17 | 266,697 | 753,45 | 794,55 | 758,04 |  0,00 | 1,386 | 44,35 | 44,35 |  0,00 | 1,379 | 348,16 | 348,16 | 11,89 | 1006,325 | 304,52 | 345,62 |  0,00 | 291,359 | 56,42 | 56,42 | 600,620 |   NaN | NaN | 0,00 | 0,00 | NaN
  39 |  3,41 | 259,542 | 752,52 | 779,07 | 757,11 |  0,00 | 1,438 | 44,35 | 44,35 |  0,00 | 1,425 | 340,32 | 340,32 |  7,86 | 956,715 | 311,43 | 337,98 |  0,00 | 286,373 | 56,42 | 56,42 | 578,700 |   NaN | NaN | 0,00 | 0,00 | NaN
  40 |  3,60 | 251,439 | 753,25 | 781,36 | 757,84 |  0,00 | 1,435 | 44,35 | 44,35 |  0,00 | 1,423 | 342,71 | 342,71 |  8,32 | 932,431 | 309,77 | 337,88 |  0,00 | 276,590 | 56,42 | 56,42 | 558,056 |   NaN | NaN | 0,00 | 0,00 | NaN
  41 |  4,95 | 261,334 | 753,92 | 793,15 | 758,53 |  0,00 | 1,419 | 44,35 | 44,35 |  0,00 | 1,408 | 341,85 | 341,85 | 11,19 | 962,996 | 311,30 | 350,53 |  0,00 | 306,771 | 56,42 | 56,42 | 616,702 |   NaN | NaN | 0,00 | 0,00 | NaN
  42 |  5,35 | 271,319 | 754,16 | 796,79 | 758,74 |  0,00 | 1,382 | 44,35 | 44,35 |  0,00 | 1,352 | 348,06 | 348,06 | 12,25 | 1020,346 | 305,33 | 347,96 |  0,00 | 312,550 | 56,42 | 56,42 | 628,112 |   NaN | NaN | 0,00 | 0,00 | NaN
  43 |  5,32 | 267,322 | 754,33 | 796,73 | 758,93 |  0,00 | 1,437 | 44,35 | 44,35 |  0,00 | 1,432 | 348,16 | 348,16 | 12,19 | 1006,470 | 305,39 | 347,79 |  0,00 | 291,506 | 56,42 | 56,42 | 591,150 |   NaN | NaN | 0,00 | 0,00 | NaN
  44 |  5,14 | 278,656 | 754,98 | 795,92 | 759,50 |  0,00 | 1,349 | 44,35 | 44,35 |  0,00 | 1,343 | 345,40 | 345,40 | 11,71 | 1040,521 | 308,80 | 349,74 |  0,00 | 285,740 | 56,42 | 56,42 | 583,125 |   NaN | NaN | 0,00 | 0,00 | NaN
  45 |  4,62 | 267,110 | 753,77 | 790,30 | 758,36 |  0,00 | 1,442 | 44,35 | 44,35 |  0,00 | 1,426 | 348,90 | 348,90 | 10,72 | 1010,690 | 304,10 | 340,63 |  0,00 | 282,513 | 56,42 | 56,42 | 581,610 |   NaN | NaN | 0,00 | 0,00 | NaN
  46 |  4,75 | 261,776 | 752,85 | 790,42 | 757,39 |  0,00 | 1,394 | 44,35 | 44,35 |  0,00 | 1,368 | 342,87 | 342,87 | 10,83 | 972,045 | 309,21 | 346,78 |  0,00 | 289,626 | 56,42 | 56,42 | 587,735 |   NaN | NaN | 0,00 | 0,00 | NaN
  47 |  4,12 | 255,646 | 755,08 | 787,49 | 759,65 |  0,00 | 1,371 | 44,35 | 44,35 |  0,00 | 1,364 | 344,59 | 344,59 |  9,47 | 948,049 | 309,72 | 342,13 |  0,00 | 296,679 | 56,42 | 56,42 | 586,747 |   NaN | NaN | 0,00 | 0,00 | NaN
  48 |  4,47 | 265,612 | 751,85 | 787,05 | 756,39 |  0,00 | 1,465 | 44,35 | 44,35 |  0,00 | 1,398 | 343,26 | 343,26 | 10,26 | 989,906 | 307,81 | 343,02 |  0,00 | 296,155 | 56,42 | 56,42 | 597,826 |   NaN | NaN | 0,00 | 0,00 | NaN
  49 |  4,04 | 256,642 | 753,04 | 784,74 | 757,64 |  0,00 | 1,473 | 44,35 | 44,35 |  0,00 | 1,407 | 342,58 | 342,58 |  9,29 | 949,715 | 309,69 | 341,39 |  0,00 | 304,443 | 56,42 | 56,42 | 620,591 |   NaN | NaN | 0,00 | 0,00 | NaN
  50 |  4,45 | 263,151 | 754,56 | 789,73 | 759,13 |  0,00 | 1,367 | 44,35 | 44,35 |  0,00 | 1,361 | 345,42 | 345,42 | 10,24 | 980,754 | 308,36 | 343,53 |  0,00 | 298,150 | 56,42 | 56,42 | 602,270 |   NaN | NaN | 0,00 | 0,00 | NaN
  51 |  4,73 | 261,476 | 753,01 | 790,37 | 757,57 |  0,00 | 1,365 | 44,35 | 44,35 |  0,00 | 1,359 | 344,06 | 344,06 | 10,81 | 975,107 | 308,17 | 345,53 |  0,00 | 278,715 | 56,42 | 56,42 | 574,376 |   NaN | NaN | 0,00 | 0,00 | NaN
  52 |  4,78 | 270,266 | 754,39 | 792,26 | 758,95 |  0,00 | 1,395 | 44,35 | 44,35 |  0,00 | 1,385 | 341,78 | 341,78 | 10,83 | 999,730 | 311,84 | 349,71 |  0,00 | 264,034 | 56,42 | 56,42 | 551,888 |   NaN | NaN | 0,00 | 0,00 | NaN
  53 |  4,69 | 262,808 | 753,27 | 790,37 | 757,81 |  0,00 | 1,378 | 44,35 | 44,35 |  0,00 | 1,373 | 345,88 | 345,88 | 10,79 | 985,966 | 306,61 | 343,71 |  0,00 | 276,984 | 56,42 | 56,42 | 556,685 |   NaN | NaN | 0,00 | 0,00 | NaN
  54 |  3,98 | 257,868 | 754,00 | 785,23 | 758,54 |  0,00 | 1,560 | 44,35 | 44,35 |  0,00 | 1,378 | 344,72 | 344,72 |  9,19 | 960,183 | 308,50 | 339,73 |  0,00 | 289,090 | 56,42 | 56,42 | 583,877 |   NaN | NaN | 0,00 | 0,00 | NaN
  55 |  4,07 | 259,188 | 753,47 | 785,40 | 758,02 |  0,00 | 1,365 | 44,35 | 44,35 |  0,00 | 1,360 | 342,06 | 342,06 |  9,32 | 957,967 | 310,64 | 342,57 |  0,00 | 295,077 | 56,42 | 56,42 | 602,695 |   NaN | NaN | 0,00 | 0,00 | NaN
  56 |  3,77 | 265,858 | 754,14 | 783,70 | 758,69 |  0,00 | 1,396 | 44,35 | 44,35 |  0,00 | 1,366 | 341,19 | 341,19 |  8,65 | 979,895 | 312,18 | 341,74 |  0,00 | 285,247 | 56,42 | 56,42 | 581,026 |   NaN | NaN | 0,00 | 0,00 | NaN
  57 |  4,41 | 248,236 | 754,03 | 788,84 | 758,61 |  0,00 | 1,373 | 44,35 | 44,35 |  0,00 | 1,363 | 342,61 | 342,61 | 10,08 | 917,252 | 310,65 | 345,46 |  0,00 | 287,304 | 56,42 | 56,42 | 589,399 |   NaN | NaN | 0,00 | 0,00 | NaN
  58 |  4,81 | 272,648 | 754,59 | 792,69 | 759,17 |  0,00 | 1,397 | 44,35 | 44,35 |  0,00 | 1,392 | 348,03 | 348,03 | 11,08 | 1026,307 | 305,79 | 343,89 |  0,00 | 293,815 | 56,42 | 56,42 | 592,491 |   NaN | NaN | 0,00 | 0,00 | NaN
  59 |  5,22 | 265,119 | 754,04 | 795,55 | 758,59 |  0,00 | 1,417 | 44,35 | 44,35 |  0,00 | 1,410 | 343,11 | 343,11 | 11,80 | 982,462 | 310,16 | 351,66 |  0,00 | 293,622 | 56,42 | 56,42 | 587,018 |   NaN | NaN | 0,00 | 0,00 | NaN
  60 |  4,68 | 262,223 | 753,22 | 790,21 | 757,77 |  0,00 | 1,354 | 44,35 | 44,35 |  0,00 | 1,345 | 346,28 | 346,28 | 10,78 | 985,596 | 306,17 | 343,16 |  0,00 | 271,840 | 56,42 | 56,42 | 566,363 |   NaN | NaN | 0,00 | 0,00 | NaN
  61 |  5,00 | 271,955 | 754,89 | 794,63 | 759,45 |  0,00 | 1,591 | 44,35 | 44,35 |  0,00 | 1,376 | 347,05 | 347,05 | 11,46 | 1019,564 | 307,07 | 346,81 |  0,00 | 291,754 | 56,42 | 56,42 | 580,666 |   NaN | NaN | 0,00 | 0,00 | NaN
  62 |  4,87 | 266,821 | 753,52 | 792,11 | 758,10 |  0,00 | 1,450 | 44,35 | 44,35 |  0,00 | 1,430 | 344,37 | 344,37 | 11,12 | 996,662 | 308,38 | 346,97 |  0,00 | 265,600 | 56,42 | 56,42 | 549,501 |   NaN | NaN | 0,00 | 0,00 | NaN
  63 |  4,50 | 258,426 | 753,09 | 788,60 | 757,69 |  0,00 | 1,390 | 44,35 | 44,35 |  0,00 | 1,385 | 346,16 | 346,16 | 10,39 | 965,843 | 306,15 | 341,66 |  0,00 | 319,287 | 56,42 | 56,42 | 640,940 |   NaN | NaN | 0,00 | 0,00 | NaN
  64 |  3,64 | 238,261 | 755,19 | 783,72 | 759,81 |  0,00 | 1,433 | 44,35 | 44,35 |  0,00 | 1,427 | 341,85 | 341,85 |  8,36 | 874,290 | 312,57 | 341,10 |  0,00 | 287,846 | 56,42 | 56,42 | 590,025 |   NaN | NaN | 0,00 | 0,00 | NaN

= = = = = = = = = = = = AVERAGE RESULTS system = = = = = = = = = = = =
meanPLR_system | 4,584972 
meanDelay_system | 262,926305 
meanLoad_system | 790,291641 
meanTHR_system | 754,030659 
meanGate_system | 758,599778 

meanPLR_EF_system | 0,000000 
meanPLR_AF_system | 0,000000 
meanPLR_BE_system | 10,516229 
meanPLR_FLA_system | 0,000000 
meanPLR_FLB_system | NaN 

meanTHR_EF_system | 44,352001 
meanTHR_AF_system | 345,008257 
meanTHR_BE_system | 308,248603 
meanTHR_FLA_system | 57,575387 
meanTHR_FLB_system | 0,000000 

meanLoad_EF_system | 44,352001 
meanLoad_AF_system | 345,008257 
meanLoad_BE_system | 344,509585 
meanLoad_FLA_system | 57,575387 
meanLoad_FLB_system | 0,000000 

meanDELAY_EF_system | 1,421059 
meanDELAY_AF_system | 1,390287 
meanDELAY_BE_system | 980,624428 
meanDELAY_FLA_system | 290,499347 
meanDELAY_FLB_system | NaN 
meanDELAY_CompleteFLA_system | 589,233085 
meanDELAY_CompleteFLB_system | NaN 

= = = = = = = = = = = = AVERAGE RESULTS = = = = = = = = = = = =
Packet Loss Ratio: 04,59 (%)
PROCESSED PACKAGES: 1787345604 
DISCARTED PACKAGES: 54269382 
TOTAL PACKAGES: 1841614986 
AVERAGE DELAY: 49040,91 (ms) 
AVERAGE THROUGHPUT: 754,03 (Mbps) 
GRANTED THROUGHPUT: 48550,39 (Mbps) By 64 ONUs
EFFECTIVE THROUGHPUT: 48257,96 (Mbps) By 64 ONUs
TOTAL LOAD: 50578,66 (Mbps) By 64 ONUs
ON Arrival THROUGHPUT: 0,00 (Mbps) By 64 ONUs
FINISHTIMEFL: 146,729365 
FINISHTIME: 149,729365 


fileName | IPACT_STRICTPRIORITYFIRSTAF_2_40_92_0 
