
ONU ID 	|  PLR(%) | Delay(ms) | Throughput(Mbps) | Granted Throughput(Mbps) | Total Load (Mbps) 

  ID |  PLR(%) |  D  | Thr |  Gates  |  Load  | PLR-EF | D-EF | ThrEF | LoadEF | PLR-AF | D-AF | ThrAF | LoadAF | PLR-BE | D-BE | ThrBE | LoadBE | PLR-FA | D-FA | ThrFA | LoadFA | DTFA |  PLR-FB | D-FB | ThrFB | LoadFB | DTFB | 
   1 |  1,93 | 234,814 | 752,47 | 767,31 | 757,81 |  0,00 | 1,402 | 44,35 | 44,35 |  0,00 | 45,857 | 304,92 | 304,92 |  5,02 | 881,347 | 280,81 | 295,64 |  0,00 | 138,912 | 122,39 | 122,39 | 298,022 |   NaN | NaN | 0,00 | 0,00 | NaN
   2 |  2,09 | 210,045 | 750,63 | 766,63 | 756,01 |  0,00 | 1,414 | 44,35 | 44,35 |  0,00 | 47,557 | 298,68 | 298,68 |  5,31 | 765,417 | 285,22 | 301,21 |  0,00 | 138,840 | 122,39 | 122,39 | 297,972 |   NaN | NaN | 0,00 | 0,00 | NaN
   3 |  2,50 | 231,531 | 751,41 | 770,69 | 756,74 |  0,00 | 1,351 | 44,35 | 44,35 |  0,00 | 50,905 | 303,25 | 303,25 |  6,41 | 859,868 | 281,42 | 300,70 |  0,00 | 138,855 | 122,39 | 122,39 | 297,989 |   NaN | NaN | 0,00 | 0,00 | NaN
   4 |  2,54 | 229,787 | 752,12 | 771,68 | 757,44 |  0,00 | 1,356 | 44,35 | 44,35 |  0,00 | 50,419 | 306,63 | 306,63 |  6,56 | 861,637 | 278,75 | 298,31 |  0,00 | 138,893 | 122,39 | 122,39 | 297,953 |   NaN | NaN | 0,00 | 0,00 | NaN
   5 |  1,53 | 214,018 | 752,41 | 764,14 | 757,69 |  0,00 | 1,382 | 44,35 | 44,35 |  0,00 | 50,540 | 299,95 | 299,95 |  3,94 | 778,052 | 285,72 | 297,45 |  0,00 | 138,572 | 122,39 | 122,39 | 297,523 |   NaN | NaN | 0,00 | 0,00 | NaN
   6 |  2,35 | 231,967 | 753,60 | 771,77 | 758,90 |  0,00 | 1,330 | 44,35 | 44,35 |  0,00 | 47,589 | 303,44 | 303,44 |  6,03 | 861,265 | 283,42 | 301,59 |  0,00 | 138,689 | 122,39 | 122,39 | 297,781 |   NaN | NaN | 0,00 | 0,00 | NaN
   7 |  1,87 | 212,411 | 752,42 | 766,77 | 757,74 |  0,00 | 1,349 | 44,35 | 44,35 |  0,00 | 46,179 | 300,44 | 300,44 |  4,79 | 777,267 | 285,23 | 299,58 |  0,00 | 138,933 | 122,39 | 122,39 | 298,094 |   NaN | NaN | 0,00 | 0,00 | NaN
   8 |  2,50 | 236,123 | 752,05 | 771,35 | 757,39 |  0,00 | 1,399 | 44,35 | 44,35 |  0,00 | 45,297 | 300,63 | 300,63 |  6,35 | 875,604 | 284,68 | 303,98 |  0,00 | 138,837 | 122,39 | 122,39 | 297,923 |   NaN | NaN | 0,00 | 0,00 | NaN
   9 |  2,13 | 217,690 | 752,77 | 769,17 | 758,09 |  0,00 | 1,338 | 44,35 | 44,35 |  0,00 | 50,510 | 303,26 | 303,26 |  5,48 | 800,741 | 282,76 | 299,17 |  0,00 | 138,890 | 122,39 | 122,39 | 298,062 |   NaN | NaN | 0,00 | 0,00 | NaN
  10 |  1,71 | 219,803 | 754,00 | 767,09 | 759,35 |  0,00 | 1,399 | 44,35 | 44,35 |  0,00 | 51,400 | 301,17 | 301,17 |  4,38 | 800,609 | 286,09 | 299,18 |  0,00 | 138,961 | 122,39 | 122,39 | 298,077 |   NaN | NaN | 0,00 | 0,00 | NaN
  11 |  1,44 | 206,014 | 749,03 | 759,95 | 754,31 |  0,00 | 1,339 | 44,35 | 44,35 |  0,00 | 46,575 | 294,42 | 294,42 |  3,66 | 743,031 | 287,87 | 298,79 |  0,00 | 138,297 | 122,39 | 122,39 | 297,014 |   NaN | NaN | 0,00 | 0,00 | NaN
  12 |  2,12 | 224,919 | 753,56 | 769,90 | 758,89 |  0,00 | 1,401 | 44,35 | 44,35 |  0,00 | 48,315 | 301,07 | 301,07 |  5,41 | 824,853 | 285,75 | 302,09 |  0,00 | 138,767 | 122,39 | 122,39 | 297,843 |   NaN | NaN | 0,00 | 0,00 | NaN
  13 |  1,59 | 198,687 | 748,56 | 760,68 | 753,88 |  0,00 | 1,366 | 44,35 | 44,35 |  0,00 | 50,558 | 296,30 | 296,30 |  4,07 | 714,333 | 285,52 | 297,63 |  0,00 | 138,827 | 122,39 | 122,39 | 297,933 |   NaN | NaN | 0,00 | 0,00 | NaN
  14 |  2,91 | 232,035 | 749,05 | 771,53 | 754,39 |  0,00 | 1,407 | 44,35 | 44,35 |  0,00 | 48,615 | 302,83 | 302,83 |  7,45 | 868,719 | 279,47 | 301,95 |  0,00 | 138,641 | 122,39 | 122,39 | 297,614 |   NaN | NaN | 0,00 | 0,00 | NaN
  15 |  1,72 | 238,866 | 751,46 | 764,64 | 756,82 |  0,00 | 1,401 | 44,35 | 44,35 |  0,00 | 50,800 | 296,65 | 296,65 |  4,38 | 870,661 | 288,06 | 301,24 |  0,00 | 139,008 | 122,39 | 122,39 | 298,194 |   NaN | NaN | 0,00 | 0,00 | NaN
  16 |  2,65 | 247,404 | 753,01 | 773,53 | 758,35 |  0,00 | 1,393 | 44,35 | 44,35 |  0,00 | 48,036 | 301,37 | 301,37 |  6,72 | 918,613 | 284,89 | 305,42 |  0,00 | 138,898 | 122,39 | 122,39 | 298,058 |   NaN | NaN | 0,00 | 0,00 | NaN
  17 |  2,14 | 229,314 | 752,28 | 768,73 | 757,66 |  0,00 | 1,405 | 44,35 | 44,35 |  0,00 | 46,779 | 300,42 | 300,42 |  5,45 | 845,189 | 285,13 | 301,57 |  0,00 | 138,908 | 122,39 | 122,39 | 298,086 |   NaN | NaN | 0,00 | 0,00 | NaN
  18 |  1,93 | 208,403 | 752,13 | 766,90 | 757,41 |  0,00 | 1,382 | 44,35 | 44,35 |  0,00 | 46,546 | 299,68 | 299,68 |  4,92 | 759,867 | 285,71 | 300,48 |  0,00 | 137,093 | 122,39 | 122,39 | 295,459 |   NaN | NaN | 0,00 | 0,00 | NaN
  19 |  1,21 | 205,709 | 752,56 | 761,81 | 757,87 |  0,00 | 1,373 | 44,35 | 44,35 |  0,00 | 52,261 | 295,80 | 295,80 |  3,09 | 732,653 | 290,02 | 299,26 |  0,00 | 138,519 | 122,39 | 122,39 | 297,281 |   NaN | NaN | 0,00 | 0,00 | NaN
  20 |  1,52 | 199,358 | 751,08 | 762,68 | 756,36 |  0,00 | 1,369 | 44,35 | 44,35 |  0,00 | 49,336 | 299,84 | 299,84 |  3,92 | 722,480 | 284,49 | 296,10 |  0,00 | 138,185 | 122,39 | 122,39 | 296,897 |   NaN | NaN | 0,00 | 0,00 | NaN
  21 |  1,24 | 190,107 | 748,08 | 757,51 | 753,40 |  0,00 | 1,373 | 44,35 | 44,35 |  0,00 | 49,417 | 296,32 | 296,32 |  3,20 | 681,909 | 285,02 | 294,44 |  0,00 | 138,992 | 122,39 | 122,39 | 298,166 |   NaN | NaN | 0,00 | 0,00 | NaN
  22 |  2,52 | 239,309 | 753,55 | 773,04 | 758,91 |  0,00 | 1,412 | 44,35 | 44,35 |  0,00 | 52,002 | 307,76 | 307,76 |  6,53 | 899,246 | 279,05 | 298,53 |  0,00 | 138,622 | 122,39 | 122,39 | 297,576 |   NaN | NaN | 0,00 | 0,00 | NaN
  23 |  2,20 | 232,803 | 752,79 | 769,73 | 758,11 |  0,00 | 1,394 | 44,35 | 44,35 |  0,00 | 51,561 | 301,76 | 301,76 |  5,63 | 856,936 | 284,28 | 301,23 |  0,00 | 138,501 | 122,39 | 122,39 | 297,245 |   NaN | NaN | 0,00 | 0,00 | NaN
  24 |  2,23 | 233,532 | 752,08 | 769,23 | 757,42 |  0,00 | 1,356 | 44,35 | 44,35 |  0,00 | 47,277 | 300,80 | 300,80 |  5,69 | 863,443 | 284,53 | 301,68 |  0,00 | 138,849 | 122,39 | 122,39 | 297,954 |   NaN | NaN | 0,00 | 0,00 | NaN
  25 |  3,07 | 247,658 | 753,69 | 777,60 | 759,08 |  0,00 | 1,413 | 44,35 | 44,35 |  0,00 | 49,590 | 300,44 | 300,44 |  7,70 | 913,637 | 286,51 | 310,42 |  0,00 | 138,987 | 122,39 | 122,39 | 298,164 |   NaN | NaN | 0,00 | 0,00 | NaN
  26 |  1,85 | 218,703 | 751,87 | 766,06 | 757,24 |  0,00 | 1,409 | 44,35 | 44,35 |  0,00 | 50,401 | 299,02 | 299,02 |  4,72 | 795,578 | 286,11 | 300,30 |  0,00 | 138,949 | 122,39 | 122,39 | 298,113 |   NaN | NaN | 0,00 | 0,00 | NaN
  27 |  1,34 | 201,320 | 750,89 | 761,07 | 756,16 |  0,00 | 1,336 | 44,35 | 44,35 |  0,00 | 49,574 | 299,91 | 299,91 |  3,46 | 731,009 | 284,24 | 294,42 |  0,00 | 136,765 | 122,39 | 122,39 | 294,824 |   NaN | NaN | 0,00 | 0,00 | NaN
  28 |  1,44 | 225,207 | 750,99 | 761,94 | 756,33 |  0,00 | 1,402 | 44,35 | 44,35 |  0,00 | 46,870 | 299,90 | 299,90 |  3,71 | 829,871 | 284,34 | 295,30 |  0,00 | 138,583 | 122,39 | 122,39 | 297,303 |   NaN | NaN | 0,00 | 0,00 | NaN
  29 |  2,21 | 220,880 | 752,49 | 769,48 | 757,80 |  0,00 | 1,381 | 44,35 | 44,35 |  0,00 | 51,848 | 302,24 | 302,24 |  5,65 | 810,674 | 283,50 | 300,49 |  0,00 | 138,487 | 122,39 | 122,39 | 297,237 |   NaN | NaN | 0,00 | 0,00 | NaN
  30 |  1,13 | 205,036 | 751,44 | 760,05 | 756,77 |  0,00 | 1,412 | 44,35 | 44,35 |  0,00 | 49,929 | 295,47 | 295,47 |  2,89 | 733,722 | 289,23 | 297,84 |  0,00 | 137,927 | 122,39 | 122,39 | 296,583 |   NaN | NaN | 0,00 | 0,00 | NaN
  31 |  1,74 | 218,542 | 751,44 | 764,78 | 756,75 |  0,00 | 1,379 | 44,35 | 44,35 |  0,00 | 49,558 | 299,25 | 299,25 |  4,46 | 797,299 | 285,45 | 298,79 |  0,00 | 138,512 | 122,39 | 122,39 | 297,253 |   NaN | NaN | 0,00 | 0,00 | NaN
  32 |  1,50 | 189,612 | 750,66 | 762,11 | 755,93 |  0,00 | 1,335 | 44,35 | 44,35 |  0,00 | 48,319 | 296,76 | 296,76 |  3,83 | 677,710 | 287,16 | 298,60 |  0,00 | 138,363 | 122,39 | 122,39 | 297,073 |   NaN | NaN | 0,00 | 0,00 | NaN
  33 |  1,74 | 207,631 | 750,92 | 764,19 | 756,23 |  0,00 | 1,400 | 44,35 | 44,35 |  0,00 | 45,682 | 296,37 | 296,37 |  4,41 | 751,437 | 287,80 | 301,07 |  0,00 | 138,305 | 122,39 | 122,39 | 297,029 |   NaN | NaN | 0,00 | 0,00 | NaN
  34 |  1,20 | 209,248 | 749,06 | 758,15 | 754,33 |  0,00 | 1,392 | 44,35 | 44,35 |  0,00 | 50,202 | 298,15 | 298,15 |  3,10 | 761,571 | 284,17 | 293,26 |  0,00 | 136,201 | 122,39 | 122,39 | 293,510 |   NaN | NaN | 0,00 | 0,00 | NaN
  35 |  2,40 | 238,976 | 751,72 | 770,23 | 756,99 |  0,00 | 1,341 | 44,35 | 44,35 |  0,00 | 47,195 | 302,24 | 302,24 |  6,14 | 891,188 | 282,74 | 301,25 |  0,00 | 135,851 | 122,39 | 122,39 | 292,529 |   NaN | NaN | 0,00 | 0,00 | NaN
  36 |  1,51 | 201,311 | 750,64 | 762,13 | 755,92 |  0,00 | 1,394 | 44,35 | 44,35 |  0,00 | 45,520 | 294,59 | 294,59 |  3,82 | 722,840 | 289,31 | 300,81 |  0,00 | 136,912 | 122,39 | 122,39 | 295,046 |   NaN | NaN | 0,00 | 0,00 | NaN
  37 |  2,49 | 222,487 | 754,01 | 773,27 | 759,31 |  0,00 | 1,377 | 44,35 | 44,35 |  0,00 | 48,157 | 305,48 | 305,48 |  6,40 | 826,566 | 281,78 | 301,04 |  0,00 | 138,378 | 122,39 | 122,39 | 297,085 |   NaN | NaN | 0,00 | 0,00 | NaN
  38 |  1,66 | 230,234 | 752,87 | 765,57 | 758,16 |  0,00 | 1,368 | 44,35 | 44,35 |  0,00 | 52,802 | 301,49 | 301,49 |  4,27 | 844,492 | 284,64 | 297,34 |  0,00 | 137,874 | 122,39 | 122,39 | 296,530 |   NaN | NaN | 0,00 | 0,00 | NaN
  39 |  1,23 | 199,110 | 750,24 | 759,57 | 755,60 |  0,00 | 1,412 | 44,35 | 44,35 |  0,00 | 50,409 | 297,25 | 297,25 |  3,15 | 715,850 | 286,25 | 295,58 |  0,00 | 138,096 | 122,39 | 122,39 | 296,795 |   NaN | NaN | 0,00 | 0,00 | NaN
  40 |  1,45 | 215,749 | 750,00 | 761,03 | 755,33 |  0,00 | 1,412 | 44,35 | 44,35 |  0,00 | 47,065 | 297,51 | 297,51 |  3,72 | 787,436 | 285,75 | 296,78 |  0,00 | 137,041 | 122,39 | 122,39 | 295,342 |   NaN | NaN | 0,00 | 0,00 | NaN
  41 |  2,76 | 231,406 | 749,31 | 770,60 | 754,61 |  0,00 | 1,395 | 44,35 | 44,35 |  0,00 | 51,287 | 299,74 | 299,74 |  7,00 | 853,617 | 282,83 | 304,12 |  0,00 | 138,582 | 122,39 | 122,39 | 297,332 |   NaN | NaN | 0,00 | 0,00 | NaN
  42 |  2,28 | 225,993 | 750,90 | 768,41 | 756,19 |  0,00 | 1,340 | 44,35 | 44,35 |  0,00 | 49,752 | 299,76 | 299,76 |  5,80 | 830,140 | 284,40 | 301,90 |  0,00 | 138,398 | 122,39 | 122,39 | 297,127 |   NaN | NaN | 0,00 | 0,00 | NaN
  43 |  2,48 | 222,915 | 751,36 | 770,44 | 756,70 |  0,00 | 1,419 | 44,35 | 44,35 |  0,00 | 46,389 | 300,71 | 300,71 |  6,30 | 822,743 | 283,91 | 302,99 |  0,00 | 138,239 | 122,39 | 122,39 | 296,946 |   NaN | NaN | 0,00 | 0,00 | NaN
  44 |  2,49 | 242,402 | 753,51 | 772,75 | 758,79 |  0,00 | 1,331 | 44,35 | 44,35 |  0,00 | 51,858 | 300,80 | 300,80 |  6,30 | 891,673 | 285,96 | 305,20 |  0,00 | 138,469 | 122,39 | 122,39 | 297,189 |   NaN | NaN | 0,00 | 0,00 | NaN
  45 |  2,31 | 226,667 | 752,75 | 770,56 | 758,07 |  0,00 | 1,415 | 44,35 | 44,35 |  0,00 | 48,109 | 307,02 | 307,02 |  6,00 | 850,563 | 278,98 | 296,79 |  0,00 | 138,593 | 122,39 | 122,39 | 297,325 |   NaN | NaN | 0,00 | 0,00 | NaN
  46 |  1,74 | 211,327 | 749,55 | 762,79 | 754,85 |  0,00 | 1,355 | 44,35 | 44,35 |  0,00 | 45,975 | 295,19 | 295,19 |  4,40 | 765,681 | 287,62 | 300,86 |  0,00 | 138,169 | 122,39 | 122,39 | 296,873 |   NaN | NaN | 0,00 | 0,00 | NaN
  47 |  1,20 | 199,109 | 750,41 | 759,51 | 755,70 |  0,00 | 1,352 | 44,35 | 44,35 |  0,00 | 48,567 | 299,28 | 299,28 |  3,10 | 722,062 | 284,39 | 293,49 |  0,00 | 138,525 | 122,39 | 122,39 | 297,239 |   NaN | NaN | 0,00 | 0,00 | NaN
  48 |  1,43 | 222,336 | 748,99 | 759,83 | 754,28 |  0,00 | 1,382 | 44,35 | 44,35 |  0,00 | 47,618 | 296,14 | 296,14 |  3,65 | 811,655 | 286,11 | 296,94 |  0,00 | 138,549 | 122,39 | 122,39 | 297,292 |   NaN | NaN | 0,00 | 0,00 | NaN
  49 |  1,19 | 188,089 | 750,14 | 759,20 | 755,47 |  0,00 | 1,394 | 44,35 | 44,35 |  0,00 | 47,481 | 296,07 | 296,07 |  3,06 | 671,817 | 287,33 | 296,39 |  0,00 | 138,588 | 122,39 | 122,39 | 297,295 |   NaN | NaN | 0,00 | 0,00 | NaN
  50 |  1,36 | 215,512 | 754,57 | 764,97 | 759,87 |  0,00 | 1,348 | 44,35 | 44,35 |  0,00 | 49,608 | 301,19 | 301,19 |  3,50 | 784,086 | 286,64 | 297,03 |  0,00 | 138,295 | 122,39 | 122,39 | 297,007 |   NaN | NaN | 0,00 | 0,00 | NaN
  51 |  1,43 | 211,022 | 750,86 | 761,76 | 756,17 |  0,00 | 1,347 | 44,35 | 44,35 |  0,00 | 51,524 | 296,24 | 296,24 |  3,65 | 758,636 | 287,88 | 298,78 |  0,00 | 138,444 | 122,39 | 122,39 | 297,152 |   NaN | NaN | 0,00 | 0,00 | NaN
  52 |  1,64 | 219,999 | 752,08 | 764,62 | 757,36 |  0,00 | 1,373 | 44,35 | 44,35 |  0,00 | 46,365 | 296,17 | 296,17 |  4,16 | 797,159 | 289,17 | 301,71 |  0,00 | 138,521 | 122,39 | 122,39 | 297,271 |   NaN | NaN | 0,00 | 0,00 | NaN
  53 |  2,19 | 230,071 | 750,35 | 767,15 | 755,63 |  0,00 | 1,360 | 44,35 | 44,35 |  0,00 | 45,705 | 298,64 | 298,64 |  5,57 | 848,929 | 284,97 | 301,77 |  0,00 | 138,339 | 122,39 | 122,39 | 297,055 |   NaN | NaN | 0,00 | 0,00 | NaN
  54 |  1,16 | 204,635 | 750,78 | 759,61 | 756,06 |  0,00 | 1,363 | 44,35 | 44,35 |  0,00 | 52,824 | 299,81 | 299,81 |  3,01 | 740,405 | 284,24 | 293,06 |  0,00 | 138,425 | 122,39 | 122,39 | 297,142 |   NaN | NaN | 0,00 | 0,00 | NaN
  55 |  1,51 | 213,352 | 753,85 | 765,43 | 759,15 |  0,00 | 1,348 | 44,35 | 44,35 |  0,00 | 46,945 | 298,06 | 298,06 |  3,85 | 772,028 | 289,05 | 300,63 |  0,00 | 137,478 | 122,39 | 122,39 | 296,061 |   NaN | NaN | 0,00 | 0,00 | NaN
  56 |  1,41 | 189,264 | 748,59 | 759,29 | 753,90 |  0,00 | 1,353 | 44,35 | 44,35 |  0,00 | 47,806 | 297,88 | 297,88 |  3,63 | 682,825 | 283,96 | 294,67 |  0,00 | 138,423 | 122,39 | 122,39 | 297,152 |   NaN | NaN | 0,00 | 0,00 | NaN
  57 |  1,95 | 201,145 | 748,64 | 763,51 | 753,94 |  0,00 | 1,351 | 44,35 | 44,35 |  0,00 | 48,857 | 297,67 | 297,67 |  4,97 | 729,519 | 284,23 | 299,10 |  0,00 | 138,474 | 122,39 | 122,39 | 297,201 |   NaN | NaN | 0,00 | 0,00 | NaN
  58 |  1,74 | 232,372 | 752,56 | 765,91 | 757,86 |  0,00 | 1,379 | 44,35 | 44,35 |  0,00 | 47,637 | 300,74 | 300,74 |  4,47 | 857,203 | 285,08 | 298,43 |  0,00 | 138,545 | 122,39 | 122,39 | 297,290 |   NaN | NaN | 0,00 | 0,00 | NaN
  59 |  2,34 | 223,948 | 752,72 | 770,75 | 758,04 |  0,00 | 1,398 | 44,35 | 44,35 |  0,00 | 45,966 | 298,77 | 298,77 |  5,91 | 819,385 | 287,20 | 305,24 |  0,00 | 136,738 | 122,39 | 122,39 | 294,795 |   NaN | NaN | 0,00 | 0,00 | NaN
  60 |  1,87 | 220,770 | 751,58 | 765,93 | 756,87 |  0,00 | 1,333 | 44,35 | 44,35 |  0,00 | 51,409 | 300,45 | 300,45 |  4,80 | 807,482 | 284,38 | 298,73 |  0,00 | 138,525 | 122,39 | 122,39 | 297,258 |   NaN | NaN | 0,00 | 0,00 | NaN
  61 |  2,13 | 221,417 | 754,29 | 770,71 | 759,58 |  0,00 | 1,356 | 44,35 | 44,35 |  0,00 | 47,768 | 302,64 | 302,64 |  5,45 | 814,544 | 284,90 | 301,32 |  0,00 | 138,230 | 122,39 | 122,39 | 296,947 |   NaN | NaN | 0,00 | 0,00 | NaN
  62 |  2,18 | 224,119 | 750,99 | 767,72 | 756,34 |  0,00 | 1,417 | 44,35 | 44,35 |  0,00 | 49,404 | 299,47 | 299,47 |  5,55 | 821,762 | 284,77 | 301,51 |  0,00 | 138,593 | 122,39 | 122,39 | 297,346 |   NaN | NaN | 0,00 | 0,00 | NaN
  63 |  2,05 | 217,810 | 753,13 | 768,93 | 758,42 |  0,00 | 1,372 | 44,35 | 44,35 |  0,00 | 48,372 | 303,28 | 303,28 |  5,28 | 802,870 | 283,11 | 298,91 |  0,00 | 137,787 | 122,39 | 122,39 | 296,422 |   NaN | NaN | 0,00 | 0,00 | NaN
  64 |  1,45 | 210,745 | 749,35 | 760,38 | 754,71 |  0,00 | 1,416 | 44,35 | 44,35 |  0,00 | 49,727 | 297,65 | 297,65 |  3,73 | 765,880 | 284,95 | 295,99 |  0,00 | 138,573 | 122,39 | 122,39 | 297,301 |   NaN | NaN | 0,00 | 0,00 | NaN

= = = = = = = = = = = = AVERAGE RESULTS system = = = = = = = = = = = =
meanPLR_system | 1,888415 
meanDelay_system | 218,480949 
meanLoad_system | 766,007189 
meanTHR_system | 751,520312 
meanGate_system | 756,834214 

meanPLR_EF_system | 0,000000 
meanPLR_AF_system | 0,000000 
meanPLR_BE_system | 4,827425 
meanPLR_FLA_system | 0,000000 
meanPLR_FLB_system | NaN 

meanTHR_EF_system | 44,352005 
meanTHR_AF_system | 299,793914 
meanTHR_BE_system | 284,983019 
meanTHR_FLA_system | 125,602577 
meanTHR_FLB_system | 0,000000 

meanLoad_EF_system | 44,352005 
meanLoad_AF_system | 299,793914 
meanLoad_BE_system | 299,469897 
meanLoad_FLA_system | 125,602577 
meanLoad_FLB_system | 0,000000 

meanDELAY_EF_system | 1,377378 
meanDELAY_AF_system | 48,818812 
meanDELAY_BE_system | 799,645097 
meanDELAY_FLA_system | 138,331591 
meanDELAY_FLB_system | NaN 
meanDELAY_CompleteFLA_system | 297,080487 
meanDELAY_CompleteFLB_system | NaN 

= = = = = = = = = = = = AVERAGE RESULTS = = = = = = = = = = = =
Packet Loss Ratio: 01,89 (%)
PROCESSED PACKAGES: 1361049697 
DISCARTED PACKAGES: 17040454 
TOTAL PACKAGES: 1378090151 
AVERAGE DELAY: 39598,33 (ms) 
AVERAGE THROUGHPUT: 751,52 (Mbps) 
GRANTED THROUGHPUT: 48437,39 (Mbps) By 64 ONUs
EFFECTIVE THROUGHPUT: 48097,30 (Mbps) By 64 ONUs
TOTAL LOAD: 49024,46 (Mbps) By 64 ONUs
ON Arrival THROUGHPUT: 0,00 (Mbps) By 64 ONUs
FINISHTIMEFL: 114,341603 
FINISHTIME: 117,341603 


fileName | IPACT_STRICTPRIORITY_1_68_80_0 
