
ONU ID 	|  PLR(%) | Delay(ms) | Throughput(Mbps) | Granted Throughput(Mbps) | Total Load (Mbps) 

  ID |  PLR(%) |  D  | Thr |  Gates  |  Load  | PLR-EF | D-EF | ThrEF | LoadEF | PLR-AF | D-AF | ThrAF | LoadAF | PLR-BE | D-BE | ThrBE | LoadBE | PLR-FA | D-FA | ThrFA | LoadFA | DTFA |  PLR-FB | D-FB | ThrFB | LoadFB | DTFB | 
   1 |  0,00 | 0,609 | 639,72 | 639,72 | 669,80 |  0,00 | 0,252 | 44,35 | 44,35 |  0,00 | 0,254 | 286,11 | 286,11 |  0,00 | 0,615 | 280,74 | 280,74 |  0,00 | 19,125 | 28,52 | 28,52 | 61,579 |   NaN | NaN | 0,00 | 0,00 | NaN
   2 |  0,00 | 0,864 | 638,04 | 638,04 | 671,71 |  0,00 | 0,264 | 44,35 | 44,35 |  0,00 | 0,263 | 284,94 | 284,94 |  0,00 | 0,942 | 280,22 | 280,22 |  0,00 | 30,765 | 28,52 | 28,52 | 83,809 |   NaN | NaN | 0,00 | 0,00 | NaN
   3 |  0,00 | 0,611 | 632,29 | 632,29 | 660,14 |  0,00 | 0,201 | 44,35 | 44,35 |  0,00 | 0,197 | 278,95 | 278,95 |  0,00 | 0,672 | 280,47 | 280,47 |  0,00 | 20,794 | 28,52 | 28,52 | 62,109 |   NaN | NaN | 0,00 | 0,00 | NaN
   4 |  0,00 | 0,583 | 638,75 | 638,75 | 666,62 |  0,00 | 0,206 | 44,35 | 44,35 |  0,00 | 0,211 | 284,42 | 284,42 |  0,00 | 0,649 | 281,46 | 281,46 |  0,00 | 18,862 | 28,52 | 28,52 | 59,030 |   NaN | NaN | 0,00 | 0,00 | NaN
   5 |  0,00 | 0,578 | 632,44 | 632,44 | 660,58 |  0,00 | 0,232 | 44,35 | 44,35 |  0,00 | 0,227 | 280,72 | 280,72 |  0,00 | 0,620 | 278,85 | 278,85 |  0,00 | 17,843 | 28,52 | 28,52 | 57,990 |   NaN | NaN | 0,00 | 0,00 | NaN
   6 |  0,00 | 0,585 | 637,58 | 637,58 | 665,37 |  0,00 | 0,181 | 44,35 | 44,35 |  0,00 | 0,183 | 283,51 | 283,51 |  0,00 | 0,678 | 281,19 | 281,19 |  0,00 | 19,891 | 28,52 | 28,52 | 60,982 |   NaN | NaN | 0,00 | 0,00 | NaN
   7 |  0,00 | 0,660 | 635,72 | 635,72 | 663,59 |  0,00 | 0,199 | 44,35 | 44,35 |  0,00 | 0,198 | 281,12 | 281,12 |  0,00 | 0,761 | 281,73 | 281,73 |  0,00 | 22,737 | 28,52 | 28,52 | 67,103 |   NaN | NaN | 0,00 | 0,00 | NaN
   8 |  0,00 | 0,604 | 640,34 | 640,34 | 669,82 |  0,00 | 0,249 | 44,35 | 44,35 |  0,00 | 0,249 | 283,10 | 283,10 |  0,00 | 0,604 | 284,36 | 284,36 |  0,00 | 19,104 | 28,52 | 28,52 | 59,403 |   NaN | NaN | 0,00 | 0,00 | NaN
   9 |  0,00 | 0,566 | 637,00 | 637,00 | 664,86 |  0,00 | 0,189 | 44,35 | 44,35 |  0,00 | 0,191 | 281,66 | 281,66 |  0,00 | 0,644 | 282,46 | 282,46 |  0,00 | 18,627 | 28,52 | 28,52 | 58,528 |   NaN | NaN | 0,00 | 0,00 | NaN
  10 |  0,00 | 0,650 | 635,40 | 635,40 | 664,94 |  0,00 | 0,249 | 44,35 | 44,35 |  0,00 | 0,247 | 282,42 | 282,42 |  0,00 | 0,621 | 280,10 | 280,10 |  0,00 | 22,054 | 28,52 | 28,52 | 62,763 |   NaN | NaN | 0,00 | 0,00 | NaN
  11 |  0,00 | 3,056 | 634,74 | 634,74 | 662,57 |  0,00 | 0,189 | 44,35 | 44,35 |  0,00 | 0,186 | 280,51 | 280,51 |  0,00 | 6,118 | 281,35 | 281,35 |  0,00 | 94,839 | 28,52 | 28,52 | 217,887 |   NaN | NaN | 0,00 | 0,00 | NaN
  12 |  0,00 | 0,609 | 636,66 | 636,66 | 666,62 |  0,00 | 0,251 | 44,35 | 44,35 |  0,00 | 0,246 | 281,50 | 281,50 |  0,00 | 0,614 | 282,28 | 282,28 |  0,00 | 19,230 | 28,52 | 28,52 | 59,844 |   NaN | NaN | 0,00 | 0,00 | NaN
  13 |  0,00 | 0,859 | 628,34 | 628,34 | 656,29 |  0,00 | 0,216 | 44,35 | 44,35 |  0,00 | 0,213 | 279,72 | 279,72 |  0,00 | 0,975 | 275,75 | 275,75 |  0,00 | 32,076 | 28,52 | 28,52 | 86,282 |   NaN | NaN | 0,00 | 0,00 | NaN
  14 |  0,00 | 0,600 | 639,13 | 639,13 | 670,46 |  0,00 | 0,257 | 44,35 | 44,35 |  0,00 | 0,255 | 282,27 | 282,27 |  0,00 | 0,549 | 283,99 | 283,99 |  0,00 | 19,376 | 28,52 | 28,52 | 58,184 |   NaN | NaN | 0,00 | 0,00 | NaN
  15 |  0,00 | 0,600 | 634,67 | 634,67 | 664,65 |  0,00 | 0,251 | 44,35 | 44,35 |  0,00 | 0,254 | 277,73 | 277,73 |  0,00 | 0,577 | 284,06 | 284,06 |  0,00 | 18,987 | 28,52 | 28,52 | 60,961 |   NaN | NaN | 0,00 | 0,00 | NaN
  16 |  0,00 | 0,595 | 642,68 | 642,68 | 671,39 |  0,00 | 0,243 | 44,35 | 44,35 |  0,00 | 0,241 | 283,29 | 283,29 |  0,00 | 0,606 | 286,52 | 286,52 |  0,00 | 18,724 | 28,52 | 28,52 | 59,338 |   NaN | NaN | 0,00 | 0,00 | NaN
  17 |  0,00 | 0,609 | 636,84 | 636,84 | 667,61 |  0,00 | 0,255 | 44,35 | 44,35 |  0,00 | 0,252 | 283,15 | 283,15 |  0,00 | 0,590 | 280,81 | 280,81 |  0,00 | 19,383 | 28,52 | 28,52 | 59,446 |   NaN | NaN | 0,00 | 0,00 | NaN
  18 |  0,00 | 0,874 | 633,11 | 633,11 | 661,27 |  0,00 | 0,232 | 44,35 | 44,35 |  0,00 | 0,229 | 280,89 | 280,89 |  0,00 | 0,977 | 279,35 | 279,35 |  0,00 | 32,309 | 28,52 | 28,52 | 80,418 |   NaN | NaN | 0,00 | 0,00 | NaN
  19 |  0,00 | 0,780 | 629,32 | 629,32 | 657,32 |  0,00 | 0,223 | 44,35 | 44,35 |  0,00 | 0,226 | 277,53 | 277,53 |  0,00 | 0,719 | 278,91 | 278,91 |  0,00 | 30,629 | 28,52 | 28,52 | 73,615 |   NaN | NaN | 0,00 | 0,00 | NaN
  20 |  0,00 | 2,214 | 629,09 | 629,09 | 657,07 |  0,00 | 0,219 | 44,35 | 44,35 |  0,00 | 0,217 | 280,66 | 280,66 |  0,00 | 3,885 | 275,55 | 275,55 |  0,00 | 75,329 | 28,52 | 28,52 | 184,477 |   NaN | NaN | 0,00 | 0,00 | NaN
  21 |  0,00 | 0,602 | 628,02 | 628,02 | 655,99 |  0,00 | 0,223 | 44,35 | 44,35 |  0,00 | 0,223 | 278,77 | 278,77 |  0,00 | 0,637 | 276,37 | 276,37 |  0,00 | 19,519 | 28,52 | 28,52 | 60,348 |   NaN | NaN | 0,00 | 0,00 | NaN
  22 |  0,00 | 0,589 | 638,92 | 638,92 | 671,69 |  0,00 | 0,262 | 44,35 | 44,35 |  0,00 | 0,259 | 286,22 | 286,22 |  0,00 | 0,551 | 279,82 | 279,82 |  0,00 | 18,440 | 28,52 | 28,52 | 57,876 |   NaN | NaN | 0,00 | 0,00 | NaN
  23 |  0,00 | 4,310 | 636,80 | 636,80 | 665,62 |  0,00 | 0,244 | 44,35 | 44,35 |  0,00 | 0,245 | 282,34 | 282,34 |  0,00 | 8,249 | 281,59 | 281,59 |  0,00 | 142,373 | 28,52 | 28,52 | 292,670 |   NaN | NaN | 0,00 | 0,00 | NaN
  24 |  0,00 | 0,836 | 640,07 | 640,07 | 667,98 |  0,00 | 0,206 | 44,35 | 44,35 |  0,00 | 0,208 | 282,65 | 282,65 |  0,00 | 0,944 | 284,54 | 284,54 |  0,00 | 31,521 | 28,52 | 28,52 | 85,684 |   NaN | NaN | 0,00 | 0,00 | NaN
  25 |  0,00 | 0,601 | 637,47 | 637,47 | 670,73 |  0,00 | 0,263 | 44,35 | 44,35 |  0,00 | 0,263 | 278,86 | 278,86 |  0,00 | 0,584 | 285,74 | 285,74 |  0,00 | 18,391 | 28,52 | 28,52 | 58,200 |   NaN | NaN | 0,00 | 0,00 | NaN
  26 |  0,00 | 0,725 | 633,72 | 633,72 | 665,70 |  0,00 | 0,259 | 44,35 | 44,35 |  0,00 | 0,260 | 281,31 | 281,31 |  0,00 | 0,698 | 279,53 | 279,53 |  0,00 | 25,406 | 28,52 | 28,52 | 69,263 |   NaN | NaN | 0,00 | 0,00 | NaN
  27 |  0,00 | 0,692 | 632,76 | 632,76 | 660,55 |  0,00 | 0,186 | 44,35 | 44,35 |  0,00 | 0,185 | 282,20 | 282,20 |  0,00 | 0,840 | 277,69 | 277,69 |  0,00 | 24,294 | 28,52 | 28,52 | 74,517 |   NaN | NaN | 0,00 | 0,00 | NaN
  28 |  0,00 | 3,977 | 629,93 | 629,93 | 660,04 |  0,00 | 0,252 | 44,35 | 44,35 |  0,00 | 0,250 | 280,43 | 280,43 |  0,00 | 7,436 | 276,62 | 276,62 |  0,00 | 133,912 | 28,52 | 28,52 | 278,556 |   NaN | NaN | 0,00 | 0,00 | NaN
  29 |  0,00 | 3,640 | 635,83 | 635,83 | 664,00 |  0,00 | 0,231 | 44,35 | 44,35 |  0,00 | 0,230 | 279,94 | 279,94 |  0,00 | 7,645 | 283,01 | 283,01 |  0,00 | 105,444 | 28,52 | 28,52 | 251,754 |   NaN | NaN | 0,00 | 0,00 | NaN
  30 |  0,00 | 0,997 | 633,78 | 633,78 | 666,66 |  0,00 | 0,262 | 44,35 | 44,35 |  0,00 | 0,264 | 280,12 | 280,12 |  0,00 | 1,031 | 280,78 | 280,78 |  0,00 | 38,432 | 28,52 | 28,52 | 94,692 |   NaN | NaN | 0,00 | 0,00 | NaN
  31 |  0,00 | 4,114 | 633,48 | 633,48 | 661,64 |  0,00 | 0,229 | 44,35 | 44,35 |  0,00 | 0,229 | 281,62 | 281,62 |  0,00 | 7,694 | 278,99 | 278,99 |  0,00 | 139,875 | 28,52 | 28,52 | 289,731 |   NaN | NaN | 0,00 | 0,00 | NaN
  32 |  0,00 | 3,181 | 637,47 | 637,47 | 665,34 |  0,00 | 0,185 | 44,35 | 44,35 |  0,00 | 0,186 | 281,70 | 281,70 |  0,00 | 6,729 | 282,90 | 282,90 |  0,00 | 92,400 | 28,52 | 28,52 | 218,571 |   NaN | NaN | 0,00 | 0,00 | NaN
  33 |  0,00 | 1,419 | 632,34 | 632,34 | 662,03 |  0,00 | 0,250 | 44,35 | 44,35 |  0,00 | 0,247 | 279,40 | 279,40 |  0,00 | 2,153 | 280,06 | 280,06 |  0,00 | 48,394 | 28,52 | 28,52 | 132,872 |   NaN | NaN | 0,00 | 0,00 | NaN
  34 |  0,00 | 0,653 | 634,83 | 634,83 | 663,42 |  0,00 | 0,242 | 44,35 | 44,35 |  0,00 | 0,238 | 280,30 | 280,30 |  0,00 | 0,725 | 281,66 | 281,66 |  0,00 | 20,727 | 28,52 | 28,52 | 66,214 |   NaN | NaN | 0,00 | 0,00 | NaN
  35 |  0,00 | 0,569 | 637,62 | 637,62 | 665,43 |  0,00 | 0,191 | 44,35 | 44,35 |  0,00 | 0,189 | 282,88 | 282,88 |  0,00 | 0,666 | 281,86 | 281,86 |  0,00 | 18,441 | 28,52 | 28,52 | 58,350 |   NaN | NaN | 0,00 | 0,00 | NaN
  36 |  0,00 | 0,643 | 633,04 | 633,04 | 661,93 |  0,00 | 0,244 | 44,35 | 44,35 |  0,00 | 0,241 | 279,17 | 279,17 |  0,00 | 0,640 | 280,99 | 280,99 |  0,00 | 21,424 | 28,52 | 28,52 | 62,875 |   NaN | NaN | 0,00 | 0,00 | NaN
  37 |  0,00 | 3,030 | 639,69 | 639,69 | 667,75 |  0,00 | 0,227 | 44,35 | 44,35 |  0,00 | 0,226 | 285,04 | 285,04 |  0,00 | 6,206 | 281,77 | 281,77 |  0,00 | 90,118 | 28,52 | 28,52 | 212,606 |   NaN | NaN | 0,00 | 0,00 | NaN
  38 |  0,00 | 0,877 | 640,23 | 640,23 | 668,22 |  0,00 | 0,218 | 44,35 | 44,35 |  0,00 | 0,221 | 283,41 | 283,41 |  0,00 | 1,084 | 283,94 | 283,94 |  0,00 | 31,202 | 28,52 | 28,52 | 89,129 |   NaN | NaN | 0,00 | 0,00 | NaN
  39 |  0,00 | 1,521 | 628,95 | 628,95 | 661,75 |  0,00 | 0,261 | 44,35 | 44,35 |  0,00 | 0,258 | 279,42 | 279,42 |  0,00 | 2,193 | 276,66 | 276,66 |  0,00 | 54,550 | 28,52 | 28,52 | 145,423 |   NaN | NaN | 0,00 | 0,00 | NaN
  40 |  0,00 | 0,810 | 628,74 | 628,74 | 661,56 |  0,00 | 0,262 | 44,35 | 44,35 |  0,00 | 0,262 | 280,18 | 280,18 |  0,00 | 0,850 | 275,69 | 275,69 |  0,00 | 28,503 | 28,52 | 28,52 | 80,528 |   NaN | NaN | 0,00 | 0,00 | NaN
  41 |  0,00 | 4,069 | 640,06 | 640,06 | 669,08 |  0,00 | 0,244 | 44,35 | 44,35 |  0,00 | 0,244 | 281,54 | 281,54 |  0,00 | 8,192 | 285,65 | 285,65 |  0,00 | 124,870 | 28,52 | 28,52 | 278,634 |   NaN | NaN | 0,00 | 0,00 | NaN
  42 |  0,00 | 3,949 | 638,36 | 638,36 | 666,21 |  0,00 | 0,191 | 44,35 | 44,35 |  0,00 | 0,191 | 282,41 | 282,41 |  0,00 | 8,759 | 283,07 | 283,07 |  0,00 | 109,335 | 28,52 | 28,52 | 256,984 |   NaN | NaN | 0,00 | 0,00 | NaN
  43 |  0,00 | 1,743 | 641,13 | 641,13 | 673,52 |  0,00 | 0,269 | 44,35 | 44,35 |  0,00 | 0,272 | 284,77 | 284,77 |  0,00 | 2,834 | 283,48 | 283,48 |  0,00 | 58,106 | 28,52 | 28,52 | 154,092 |   NaN | NaN | 0,00 | 0,00 | NaN
  44 |  0,00 | 4,314 | 637,44 | 637,44 | 665,22 |  0,00 | 0,181 | 44,35 | 44,35 |  0,00 | 0,182 | 281,80 | 281,80 |  0,00 | 8,907 | 282,77 | 282,77 |  0,00 | 133,142 | 28,52 | 28,52 | 290,537 |   NaN | NaN | 0,00 | 0,00 | NaN
  45 |  0,00 | 3,747 | 636,20 | 636,20 | 670,35 |  0,00 | 0,265 | 44,35 | 44,35 |  0,00 | 0,264 | 283,96 | 283,96 |  0,00 | 7,793 | 279,36 | 279,36 |  0,00 | 110,449 | 28,52 | 28,52 | 259,622 |   NaN | NaN | 0,00 | 0,00 | NaN
  46 |  0,00 | 2,258 | 635,49 | 635,49 | 663,38 |  0,00 | 0,205 | 44,35 | 44,35 |  0,00 | 0,204 | 280,98 | 280,98 |  0,00 | 4,172 | 281,63 | 281,63 |  0,00 | 73,201 | 28,52 | 28,52 | 179,217 |   NaN | NaN | 0,00 | 0,00 | NaN
  47 |  0,00 | 4,070 | 634,99 | 634,99 | 662,85 |  0,00 | 0,202 | 44,35 | 44,35 |  0,00 | 0,202 | 283,11 | 283,11 |  0,00 | 7,719 | 279,00 | 279,00 |  0,00 | 137,971 | 28,52 | 28,52 | 280,292 |   NaN | NaN | 0,00 | 0,00 | NaN
  48 |  0,00 | 4,376 | 633,31 | 633,31 | 661,46 |  0,00 | 0,232 | 44,35 | 44,35 |  0,00 | 0,229 | 280,19 | 280,19 |  0,00 | 9,285 | 280,24 | 280,24 |  0,00 | 128,369 | 28,52 | 28,52 | 277,328 |   NaN | NaN | 0,00 | 0,00 | NaN
  49 |  0,00 | 3,982 | 634,28 | 634,28 | 663,14 |  0,00 | 0,244 | 44,35 | 44,35 |  0,00 | 0,243 | 282,28 | 282,28 |  0,00 | 7,410 | 279,12 | 279,12 |  0,00 | 135,035 | 28,52 | 28,52 | 275,427 |   NaN | NaN | 0,00 | 0,00 | NaN
  50 |  0,00 | 1,674 | 636,72 | 636,72 | 664,60 |  0,00 | 0,199 | 44,35 | 44,35 |  0,00 | 0,200 | 283,93 | 283,93 |  0,00 | 2,818 | 279,92 | 279,92 |  0,00 | 57,352 | 28,52 | 28,52 | 151,786 |   NaN | NaN | 0,00 | 0,00 | NaN
  51 |  0,00 | 4,357 | 636,62 | 636,62 | 664,50 |  0,00 | 0,197 | 44,35 | 44,35 |  0,00 | 0,196 | 280,47 | 280,47 |  0,00 | 9,228 | 283,28 | 283,28 |  0,00 | 128,897 | 28,52 | 28,52 | 287,508 |   NaN | NaN | 0,00 | 0,00 | NaN
  52 |  0,00 | 4,542 | 632,15 | 632,15 | 660,23 |  0,00 | 0,223 | 44,35 | 44,35 |  0,00 | 0,227 | 277,82 | 277,82 |  0,00 | 10,222 | 281,45 | 281,45 |  0,00 | 121,950 | 28,52 | 28,52 | 278,997 |   NaN | NaN | 0,00 | 0,00 | NaN
  53 |  0,00 | 2,845 | 637,01 | 637,01 | 664,93 |  0,00 | 0,210 | 44,35 | 44,35 |  0,00 | 0,211 | 282,40 | 282,40 |  0,00 | 5,575 | 281,74 | 281,74 |  0,00 | 88,973 | 28,52 | 28,52 | 211,209 |   NaN | NaN | 0,00 | 0,00 | NaN
  54 |  0,00 | 4,058 | 632,68 | 632,68 | 660,64 |  0,00 | 0,213 | 44,35 | 44,35 |  0,00 | 0,213 | 281,62 | 281,62 |  0,00 | 8,879 | 278,19 | 278,19 |  0,00 | 115,113 | 28,52 | 28,52 | 265,738 |   NaN | NaN | 0,00 | 0,00 | NaN
  55 |  0,00 | 0,955 | 634,35 | 634,35 | 662,19 |  0,00 | 0,198 | 44,35 | 44,35 |  0,00 | 0,201 | 280,09 | 280,09 |  0,00 | 1,310 | 281,38 | 281,38 |  0,00 | 33,560 | 28,52 | 28,52 | 95,520 |   NaN | NaN | 0,00 | 0,00 | NaN
  56 |  0,00 | 4,585 | 633,15 | 633,15 | 661,02 |  0,00 | 0,204 | 44,35 | 44,35 |  0,00 | 0,207 | 279,35 | 279,35 |  0,00 | 10,014 | 280,92 | 280,92 |  0,00 | 130,584 | 28,52 | 28,52 | 286,305 |   NaN | NaN | 0,00 | 0,00 | NaN
  57 |  0,00 | 4,109 | 635,80 | 635,80 | 663,73 |  0,00 | 0,201 | 44,35 | 44,35 |  0,00 | 0,203 | 281,07 | 281,07 |  0,00 | 7,732 | 281,85 | 281,85 |  0,00 | 139,409 | 28,52 | 28,52 | 290,008 |   NaN | NaN | 0,00 | 0,00 | NaN
  58 |  0,00 | 4,450 | 635,32 | 635,32 | 663,47 |  0,00 | 0,229 | 44,35 | 44,35 |  0,00 | 0,230 | 280,65 | 280,65 |  0,00 | 9,136 | 281,79 | 281,79 |  0,00 | 136,108 | 28,52 | 28,52 | 287,864 |   NaN | NaN | 0,00 | 0,00 | NaN
  59 |  0,00 | 0,743 | 639,61 | 639,61 | 668,99 |  0,00 | 0,248 | 44,35 | 44,35 |  0,00 | 0,252 | 281,96 | 281,96 |  0,00 | 0,761 | 284,77 | 284,77 |  0,00 | 26,058 | 28,52 | 28,52 | 70,989 |   NaN | NaN | 0,00 | 0,00 | NaN
  60 |  0,00 | 4,238 | 635,20 | 635,20 | 663,02 |  0,00 | 0,183 | 44,35 | 44,35 |  0,00 | 0,183 | 281,57 | 281,57 |  0,00 | 8,910 | 280,75 | 280,75 |  0,00 | 128,134 | 28,52 | 28,52 | 285,926 |   NaN | NaN | 0,00 | 0,00 | NaN
  61 |  0,00 | 2,480 | 637,64 | 637,64 | 665,56 |  0,00 | 0,206 | 44,35 | 44,35 |  0,00 | 0,206 | 282,01 | 282,01 |  0,00 | 4,503 | 282,76 | 282,76 |  0,00 | 82,834 | 28,52 | 28,52 | 196,128 |   NaN | NaN | 0,00 | 0,00 | NaN
  62 |  0,00 | 4,113 | 637,60 | 637,60 | 672,38 |  0,00 | 0,267 | 44,35 | 44,35 |  0,00 | 0,265 | 282,72 | 282,72 |  0,00 | 8,007 | 282,00 | 282,00 |  0,00 | 131,596 | 28,52 | 28,52 | 284,259 |   NaN | NaN | 0,00 | 0,00 | NaN
  63 |  0,00 | 0,981 | 637,42 | 637,42 | 665,41 |  0,00 | 0,223 | 44,35 | 44,35 |  0,00 | 0,222 | 282,99 | 282,99 |  0,00 | 1,111 | 281,55 | 281,55 |  0,00 | 38,004 | 28,52 | 28,52 | 93,753 |   NaN | NaN | 0,00 | 0,00 | NaN
  64 |  0,00 | 4,182 | 631,23 | 631,23 | 665,73 |  0,00 | 0,266 | 44,35 | 44,35 |  0,00 | 0,267 | 278,29 | 278,29 |  0,00 | 9,152 | 280,06 | 280,06 |  0,00 | 114,672 | 28,52 | 28,52 | 264,620 |   NaN | NaN | 0,00 | 0,00 | NaN

= = = = = = = = = = = = AVERAGE RESULTS system = = = = = = = = = = = =
meanPLR_system | 0,000000 
meanDelay_system | 2,058009 
meanLoad_system | 635,457938 
meanTHR_system | 635,457938 
meanGate_system | 664,723825 

meanPLR_EF_system | 0,000000 
meanPLR_AF_system | 0,000000 
meanPLR_BE_system | 0,000000 
meanPLR_FLA_system | 0,000000 
meanPLR_FLB_system | NaN 

meanTHR_EF_system | 44,352002 
meanTHR_AF_system | 281,533695 
meanTHR_BE_system | 281,048247 
meanTHR_FLA_system | 28,942808 
meanTHR_FLB_system | 0,000000 

meanLoad_EF_system | 44,352002 
meanLoad_AF_system | 281,533695 
meanLoad_BE_system | 281,048247 
meanLoad_FLA_system | 28,942808 
meanLoad_FLB_system | 0,000000 

meanDELAY_EF_system | 0,227443 
meanDELAY_AF_system | 0,227098 
meanDELAY_BE_system | 3,787479 
meanDELAY_FLA_system | 64,965177 
meanDELAY_FLB_system | NaN 
meanDELAY_CompleteFLA_system | 154,005499 
meanDELAY_CompleteFLB_system | NaN 

= = = = = = = = = = = = AVERAGE RESULTS = = = = = = = = = = = =
Packet Loss Ratio: 00,00 (%)
PROCESSED PACKAGES: 2254627556 
DISCARTED PACKAGES: 0 
TOTAL PACKAGES: 2254627556 
AVERAGE DELAY: 349,64 (ms) 
AVERAGE THROUGHPUT: 635,46 (Mbps) 
GRANTED THROUGHPUT: 42542,32 (Mbps) By 64 ONUs
EFFECTIVE THROUGHPUT: 40669,31 (Mbps) By 64 ONUs
TOTAL LOAD: 40669,31 (Mbps) By 64 ONUs
ON Arrival THROUGHPUT: 0,00 (Mbps) By 64 ONUs
FINISHTIMEFL: 204,320192 
FINISHTIME: 207,320192 


fileName | IPACT_STRICTPRIORITYFIRSTAF_5_28_75_0 
