
ONU ID 	|  PLR(%) | Delay(ms) | Throughput(Mbps) | Granted Throughput(Mbps) | Total Load (Mbps) 

  ID |  PLR(%) |  D  | Thr |  Gates  |  Load  | PLR-EF | D-EF | ThrEF | LoadEF | PLR-AF | D-AF | ThrAF | LoadAF | PLR-BE | D-BE | ThrBE | LoadBE | PLR-FA | D-FA | ThrFA | LoadFA | DTFA |  PLR-FB | D-FB | ThrFB | LoadFB | DTFB | 
   1 |  7,41 | 295,314 | 754,99 | 815,43 | 759,53 |  0,00 | 1,409 | 44,35 | 44,35 |  0,00 | 17,194 | 372,87 | 372,87 | 16,62 | 1134,653 | 303,18 | 363,61 |  0,00 | 139,109 | 34,59 | 34,59 | 298,425 |   NaN | NaN | 0,00 | 0,00 | NaN
   2 |  7,74 | 291,040 | 754,32 | 817,63 | 758,89 |  0,00 | 1,421 | 44,35 | 44,35 |  0,00 | 18,227 | 372,94 | 372,94 | 17,31 | 1118,424 | 302,45 | 365,76 |  0,00 | 139,099 | 34,59 | 34,59 | 298,381 |   NaN | NaN | 0,00 | 0,00 | NaN
   3 |  6,78 | 286,755 | 754,88 | 809,77 | 759,43 |  0,00 | 1,357 | 44,35 | 44,35 |  0,00 | 17,557 | 365,04 | 365,04 | 15,00 | 1073,557 | 310,91 | 365,79 |  0,00 | 138,957 | 34,59 | 34,59 | 298,253 |   NaN | NaN | 0,00 | 0,00 | NaN
   4 |  7,86 | 298,129 | 754,76 | 819,17 | 759,31 |  0,00 | 1,362 | 44,35 | 44,35 |  0,00 | 16,744 | 371,70 | 371,70 | 17,48 | 1142,686 | 304,12 | 368,53 |  0,00 | 139,095 | 34,59 | 34,59 | 298,398 |   NaN | NaN | 0,00 | 0,00 | NaN
   5 |  7,04 | 287,188 | 754,10 | 811,21 | 758,66 |  0,00 | 1,388 | 44,35 | 44,35 |  0,00 | 17,535 | 366,93 | 366,93 | 15,63 | 1083,412 | 308,24 | 365,35 |  0,00 | 139,085 | 34,59 | 34,59 | 298,390 |   NaN | NaN | 0,00 | 0,00 | NaN
   6 |  7,68 | 292,951 | 754,84 | 817,60 | 759,38 |  0,00 | 1,336 | 44,35 | 44,35 |  0,00 | 18,109 | 370,73 | 370,73 | 17,06 | 1117,003 | 305,17 | 367,93 |  0,00 | 139,049 | 34,59 | 34,59 | 298,328 |   NaN | NaN | 0,00 | 0,00 | NaN
   7 |  7,40 | 296,331 | 754,18 | 814,43 | 758,72 |  0,00 | 1,355 | 44,35 | 44,35 |  0,00 | 18,458 | 368,82 | 368,82 | 16,43 | 1124,454 | 306,42 | 366,67 |  0,00 | 139,003 | 34,59 | 34,59 | 298,282 |   NaN | NaN | 0,00 | 0,00 | NaN
   8 |  7,53 | 297,488 | 754,96 | 816,39 | 759,50 |  0,00 | 1,405 | 44,35 | 44,35 |  0,00 | 17,670 | 367,56 | 367,56 | 16,61 | 1123,318 | 308,46 | 369,90 |  0,00 | 139,050 | 34,59 | 34,59 | 298,309 |   NaN | NaN | 0,00 | 0,00 | NaN
   9 |  7,73 | 296,879 | 754,90 | 818,11 | 759,44 |  0,00 | 1,345 | 44,35 | 44,35 |  0,00 | 17,123 | 369,32 | 369,32 | 17,09 | 1128,046 | 306,64 | 369,85 |  0,00 | 139,001 | 34,59 | 34,59 | 298,334 |   NaN | NaN | 0,00 | 0,00 | NaN
  10 |  7,03 | 287,980 | 755,14 | 812,20 | 759,69 |  0,00 | 1,406 | 44,35 | 44,35 |  0,00 | 17,123 | 367,18 | 367,18 | 15,59 | 1085,351 | 309,03 | 366,08 |  0,00 | 139,078 | 34,59 | 34,59 | 298,342 |   NaN | NaN | 0,00 | 0,00 | NaN
  11 |  7,18 | 298,033 | 753,87 | 812,17 | 758,43 |  0,00 | 1,345 | 44,35 | 44,35 |  0,00 | 18,643 | 364,48 | 364,48 | 15,81 | 1116,344 | 310,46 | 368,75 |  0,00 | 138,964 | 34,59 | 34,59 | 298,221 |   NaN | NaN | 0,00 | 0,00 | NaN
  12 |  7,47 | 292,775 | 755,17 | 816,17 | 759,72 |  0,00 | 1,408 | 44,35 | 44,35 |  0,00 | 18,571 | 367,99 | 367,99 | 16,52 | 1104,774 | 308,24 | 369,24 |  0,00 | 139,017 | 34,59 | 34,59 | 298,304 |   NaN | NaN | 0,00 | 0,00 | NaN
  13 |  6,45 | 286,313 | 754,21 | 806,18 | 758,76 |  0,00 | 1,372 | 44,35 | 44,35 |  0,00 | 19,175 | 365,82 | 365,82 | 14,38 | 1074,161 | 309,45 | 361,42 |  0,00 | 139,131 | 34,59 | 34,59 | 298,421 |   NaN | NaN | 0,00 | 0,00 | NaN
  14 |  7,69 | 290,539 | 753,92 | 816,75 | 758,49 |  0,00 | 1,414 | 44,35 | 44,35 |  0,00 | 18,973 | 369,01 | 369,01 | 17,04 | 1102,534 | 305,98 | 368,81 |  0,00 | 139,239 | 34,59 | 34,59 | 298,539 |   NaN | NaN | 0,00 | 0,00 | NaN
  15 |  7,03 | 291,750 | 753,80 | 810,83 | 758,35 |  0,00 | 1,408 | 44,35 | 44,35 |  0,00 | 19,482 | 361,89 | 361,89 | 15,41 | 1082,264 | 312,97 | 370,00 |  0,00 | 139,186 | 34,59 | 34,59 | 298,504 |   NaN | NaN | 0,00 | 0,00 | NaN
  16 |  8,50 | 304,839 | 754,21 | 824,31 | 758,76 |  0,00 | 1,399 | 44,35 | 44,35 |  0,00 | 18,065 | 369,55 | 369,55 | 18,65 | 1160,445 | 305,73 | 375,83 |  0,00 | 139,160 | 34,59 | 34,59 | 298,454 |   NaN | NaN | 0,00 | 0,00 | NaN
  17 |  7,68 | 295,925 | 753,64 | 816,34 | 758,19 |  0,00 | 1,412 | 44,35 | 44,35 |  0,00 | 17,471 | 370,18 | 370,18 | 17,07 | 1130,570 | 304,53 | 367,22 |  0,00 | 139,134 | 34,59 | 34,59 | 298,414 |   NaN | NaN | 0,00 | 0,00 | NaN
  18 |  7,00 | 293,899 | 754,08 | 810,88 | 758,62 |  0,00 | 1,389 | 44,35 | 44,35 |  0,00 | 15,683 | 365,77 | 365,77 | 15,51 | 1107,904 | 309,37 | 366,17 |  0,00 | 138,967 | 34,59 | 34,59 | 298,214 |   NaN | NaN | 0,00 | 0,00 | NaN
  19 |  6,21 | 287,014 | 754,33 | 804,31 | 758,86 |  0,00 | 1,380 | 44,35 | 44,35 |  0,00 | 18,138 | 361,18 | 361,18 | 13,72 | 1062,651 | 314,21 | 364,19 |  0,00 | 139,006 | 34,59 | 34,59 | 298,292 |   NaN | NaN | 0,00 | 0,00 | NaN
  20 |  6,64 | 282,626 | 754,23 | 807,86 | 758,79 |  0,00 | 1,375 | 44,35 | 44,35 |  0,00 | 17,934 | 367,60 | 367,60 | 14,84 | 1067,824 | 307,69 | 361,33 |  0,00 | 139,038 | 34,59 | 34,59 | 298,324 |   NaN | NaN | 0,00 | 0,00 | NaN
  21 |  6,04 | 278,770 | 753,93 | 802,39 | 758,48 |  0,00 | 1,379 | 44,35 | 44,35 |  0,00 | 18,363 | 363,21 | 363,21 | 13,45 | 1038,216 | 311,78 | 360,24 |  0,00 | 139,095 | 34,59 | 34,59 | 298,401 |   NaN | NaN | 0,00 | 0,00 | NaN
  22 |  7,93 | 300,842 | 754,56 | 819,53 | 759,14 |  0,00 | 1,418 | 44,35 | 44,35 |  0,00 | 19,527 | 374,20 | 374,20 | 17,73 | 1159,456 | 301,43 | 366,39 |  0,00 | 139,081 | 34,59 | 34,59 | 298,383 |   NaN | NaN | 0,00 | 0,00 | NaN
  23 |  7,39 | 299,078 | 754,54 | 814,71 | 759,09 |  0,00 | 1,400 | 44,35 | 44,35 |  0,00 | 17,727 | 368,20 | 368,20 | 16,37 | 1133,011 | 307,41 | 367,58 |  0,00 | 139,091 | 34,59 | 34,59 | 298,344 |   NaN | NaN | 0,00 | 0,00 | NaN
  24 |  7,81 | 296,949 | 754,52 | 818,47 | 759,06 |  0,00 | 1,362 | 44,35 | 44,35 |  0,00 | 20,157 | 368,36 | 368,36 | 17,23 | 1122,296 | 307,23 | 371,17 |  0,00 | 138,996 | 34,59 | 34,59 | 298,269 |   NaN | NaN | 0,00 | 0,00 | NaN
  25 |  7,88 | 302,458 | 754,37 | 818,90 | 758,95 |  0,00 | 1,419 | 44,35 | 44,35 |  0,00 | 16,558 | 366,34 | 366,34 | 17,27 | 1140,868 | 309,09 | 373,62 |  0,00 | 139,144 | 34,59 | 34,59 | 298,458 |   NaN | NaN | 0,00 | 0,00 | NaN
  26 |  6,90 | 291,269 | 754,72 | 810,70 | 759,29 |  0,00 | 1,416 | 44,35 | 44,35 |  0,00 | 19,612 | 366,85 | 366,85 | 15,34 | 1094,902 | 308,94 | 364,92 |  0,00 | 139,136 | 34,59 | 34,59 | 298,426 |   NaN | NaN | 0,00 | 0,00 | NaN
  27 |  6,96 | 290,162 | 754,60 | 811,08 | 759,14 |  0,00 | 1,342 | 44,35 | 44,35 |  0,00 | 18,334 | 369,29 | 369,29 | 15,57 | 1101,422 | 306,38 | 362,86 |  0,00 | 138,911 | 34,59 | 34,59 | 298,178 |   NaN | NaN | 0,00 | 0,00 | NaN
  28 |  6,33 | 292,643 | 754,13 | 805,06 | 758,69 |  0,00 | 1,408 | 44,35 | 44,35 |  0,00 | 19,830 | 366,52 | 366,52 | 14,16 | 1100,637 | 308,68 | 359,61 |  0,00 | 139,184 | 34,59 | 34,59 | 298,435 |   NaN | NaN | 0,00 | 0,00 | NaN
  29 |  7,51 | 295,945 | 754,34 | 815,56 | 758,89 |  0,00 | 1,388 | 44,35 | 44,35 |  0,00 | 18,605 | 368,25 | 368,25 | 16,62 | 1120,260 | 307,15 | 368,37 |  0,00 | 139,058 | 34,59 | 34,59 | 298,326 |   NaN | NaN | 0,00 | 0,00 | NaN
  30 |  6,93 | 294,692 | 754,46 | 810,65 | 759,04 |  0,00 | 1,418 | 44,35 | 44,35 |  0,00 | 18,452 | 365,76 | 365,76 | 15,35 | 1106,676 | 309,77 | 365,96 |  0,00 | 139,143 | 34,59 | 34,59 | 298,387 |   NaN | NaN | 0,00 | 0,00 | NaN
  31 |  6,85 | 294,467 | 754,83 | 810,32 | 759,36 |  0,00 | 1,385 | 44,35 | 44,35 |  0,00 | 15,972 | 368,15 | 368,15 | 15,28 | 1116,256 | 307,74 | 363,24 |  0,00 | 139,024 | 34,59 | 34,59 | 298,286 |   NaN | NaN | 0,00 | 0,00 | NaN
  32 |  7,45 | 297,627 | 755,28 | 816,07 | 759,84 |  0,00 | 1,341 | 44,35 | 44,35 |  0,00 | 15,510 | 368,00 | 368,00 | 16,47 | 1127,554 | 308,35 | 369,14 |  0,00 | 138,993 | 34,59 | 34,59 | 298,256 |   NaN | NaN | 0,00 | 0,00 | NaN
  33 |  6,83 | 287,759 | 754,35 | 809,62 | 758,88 |  0,00 | 1,407 | 44,35 | 44,35 |  0,00 | 19,376 | 364,29 | 364,29 | 15,09 | 1074,007 | 311,13 | 366,40 |  0,00 | 139,061 | 34,59 | 34,59 | 298,304 |   NaN | NaN | 0,00 | 0,00 | NaN
  34 |  6,98 | 296,799 | 754,81 | 811,48 | 759,34 |  0,00 | 1,398 | 44,35 | 44,35 |  0,00 | 17,201 | 366,87 | 366,87 | 15,50 | 1119,388 | 309,00 | 365,66 |  0,00 | 138,917 | 34,59 | 34,59 | 298,094 |   NaN | NaN | 0,00 | 0,00 | NaN
  35 |  7,84 | 299,992 | 754,06 | 818,17 | 758,61 |  0,00 | 1,347 | 44,35 | 44,35 |  0,00 | 16,904 | 370,04 | 370,04 | 17,36 | 1145,392 | 305,08 | 369,19 |  0,00 | 138,840 | 34,59 | 34,59 | 297,932 |   NaN | NaN | 0,00 | 0,00 | NaN
  36 |  6,98 | 289,193 | 754,13 | 810,71 | 758,69 |  0,00 | 1,400 | 44,35 | 44,35 |  0,00 | 16,527 | 363,41 | 363,41 | 15,36 | 1080,268 | 311,79 | 368,37 |  0,00 | 138,870 | 34,59 | 34,59 | 298,073 |   NaN | NaN | 0,00 | 0,00 | NaN
  37 |  7,93 | 299,128 | 754,95 | 819,97 | 759,49 |  0,00 | 1,383 | 44,35 | 44,35 |  0,00 | 17,141 | 373,10 | 373,10 | 17,67 | 1150,604 | 302,91 | 367,92 |  0,00 | 139,082 | 34,59 | 34,59 | 298,324 |   NaN | NaN | 0,00 | 0,00 | NaN
  38 |  7,77 | 298,240 | 754,84 | 818,45 | 759,39 |  0,00 | 1,375 | 44,35 | 44,35 |  0,00 | 16,334 | 369,35 | 369,35 | 17,18 | 1134,685 | 306,56 | 370,17 |  0,00 | 138,971 | 34,59 | 34,59 | 298,187 |   NaN | NaN | 0,00 | 0,00 | NaN
  39 |  5,95 | 288,021 | 754,72 | 802,43 | 759,30 |  0,00 | 1,418 | 44,35 | 44,35 |  0,00 | 17,027 | 363,87 | 363,87 | 13,27 | 1075,284 | 311,91 | 359,62 |  0,00 | 138,944 | 34,59 | 34,59 | 298,176 |   NaN | NaN | 0,00 | 0,00 | NaN
  40 |  6,41 | 290,483 | 753,67 | 805,26 | 758,24 |  0,00 | 1,418 | 44,35 | 44,35 |  0,00 | 16,018 | 367,12 | 367,12 | 14,36 | 1099,847 | 307,62 | 359,21 |  0,00 | 139,053 | 34,59 | 34,59 | 298,274 |   NaN | NaN | 0,00 | 0,00 | NaN
  41 |  7,76 | 295,573 | 753,03 | 816,40 | 757,59 |  0,00 | 1,401 | 44,35 | 44,35 |  0,00 | 17,367 | 364,20 | 364,20 | 16,98 | 1109,113 | 309,89 | 373,26 |  0,00 | 139,058 | 34,59 | 34,59 | 298,330 |   NaN | NaN | 0,00 | 0,00 | NaN
  42 |  7,79 | 299,206 | 755,21 | 819,00 | 759,76 |  0,00 | 1,347 | 44,35 | 44,35 |  0,00 | 18,092 | 369,58 | 369,58 | 17,22 | 1136,086 | 306,69 | 370,48 |  0,00 | 139,024 | 34,59 | 34,59 | 298,293 |   NaN | NaN | 0,00 | 0,00 | NaN
  43 |  8,54 | 305,320 | 754,26 | 824,69 | 758,83 |  0,00 | 1,425 | 44,35 | 44,35 |  0,00 | 17,590 | 372,98 | 372,98 | 18,89 | 1175,686 | 302,35 | 372,77 |  0,00 | 138,999 | 34,59 | 34,59 | 298,246 |   NaN | NaN | 0,00 | 0,00 | NaN
  44 |  7,64 | 301,854 | 754,84 | 817,25 | 759,37 |  0,00 | 1,337 | 44,35 | 44,35 |  0,00 | 17,940 | 367,45 | 367,45 | 16,83 | 1139,867 | 308,46 | 370,86 |  0,00 | 139,043 | 34,59 | 34,59 | 298,322 |   NaN | NaN | 0,00 | 0,00 | NaN
  45 |  7,00 | 290,403 | 754,75 | 811,58 | 759,32 |  0,00 | 1,422 | 44,35 | 44,35 |  0,00 | 17,968 | 370,94 | 370,94 | 15,71 | 1107,810 | 304,87 | 361,70 |  0,00 | 139,026 | 34,59 | 34,59 | 298,290 |   NaN | NaN | 0,00 | 0,00 | NaN
  46 |  7,36 | 296,067 | 754,35 | 814,25 | 758,90 |  0,00 | 1,361 | 44,35 | 44,35 |  0,00 | 18,516 | 365,96 | 365,96 | 16,22 | 1112,909 | 309,45 | 369,36 |  0,00 | 138,932 | 34,59 | 34,59 | 298,164 |   NaN | NaN | 0,00 | 0,00 | NaN
  47 |  7,05 | 295,192 | 754,27 | 811,45 | 758,83 |  0,00 | 1,359 | 44,35 | 44,35 |  0,00 | 17,980 | 368,18 | 368,18 | 15,69 | 1118,478 | 307,15 | 364,33 |  0,00 | 139,012 | 34,59 | 34,59 | 298,278 |   NaN | NaN | 0,00 | 0,00 | NaN
  48 |  7,02 | 295,237 | 753,92 | 810,85 | 758,48 |  0,00 | 1,388 | 44,35 | 44,35 |  0,00 | 17,489 | 366,14 | 366,14 | 15,56 | 1112,367 | 308,84 | 365,77 |  0,00 | 139,085 | 34,59 | 34,59 | 298,379 |   NaN | NaN | 0,00 | 0,00 | NaN
  49 |  6,95 | 290,617 | 754,39 | 810,70 | 758,93 |  0,00 | 1,401 | 44,35 | 44,35 |  0,00 | 16,725 | 368,11 | 368,11 | 15,48 | 1101,304 | 307,34 | 363,65 |  0,00 | 139,136 | 34,59 | 34,59 | 298,401 |   NaN | NaN | 0,00 | 0,00 | NaN
  50 |  7,56 | 297,354 | 754,08 | 815,72 | 758,62 |  0,00 | 1,355 | 44,35 | 44,35 |  0,00 | 18,377 | 370,66 | 370,66 | 16,84 | 1135,554 | 304,48 | 366,12 |  0,00 | 138,951 | 34,59 | 34,59 | 298,206 |   NaN | NaN | 0,00 | 0,00 | NaN
  51 |  7,34 | 292,898 | 754,70 | 814,52 | 759,24 |  0,00 | 1,353 | 44,35 | 44,35 |  0,00 | 17,411 | 367,02 | 367,02 | 16,23 | 1104,680 | 308,74 | 368,56 |  0,00 | 138,918 | 34,59 | 34,59 | 298,189 |   NaN | NaN | 0,00 | 0,00 | NaN
  52 |  7,12 | 291,309 | 753,91 | 811,73 | 758,46 |  0,00 | 1,379 | 44,35 | 44,35 |  0,00 | 18,159 | 362,50 | 362,50 | 15,62 | 1084,067 | 312,47 | 370,29 |  0,00 | 138,995 | 34,59 | 34,59 | 298,271 |   NaN | NaN | 0,00 | 0,00 | NaN
  53 |  7,43 | 296,951 | 754,38 | 814,94 | 758,93 |  0,00 | 1,367 | 44,35 | 44,35 |  0,00 | 18,536 | 369,44 | 369,44 | 16,52 | 1128,602 | 306,00 | 366,56 |  0,00 | 138,975 | 34,59 | 34,59 | 298,234 |   NaN | NaN | 0,00 | 0,00 | NaN
  54 |  6,52 | 290,706 | 755,06 | 807,72 | 759,61 |  0,00 | 1,369 | 44,35 | 44,35 |  0,00 | 17,896 | 367,07 | 367,07 | 14,56 | 1095,086 | 309,06 | 361,72 |  0,00 | 139,047 | 34,59 | 34,59 | 298,319 |   NaN | NaN | 0,00 | 0,00 | NaN
  55 |  6,81 | 295,443 | 755,15 | 810,33 | 759,71 |  0,00 | 1,354 | 44,35 | 44,35 |  0,00 | 17,284 | 364,10 | 364,10 | 15,02 | 1103,573 | 312,12 | 367,30 |  0,00 | 139,049 | 34,59 | 34,59 | 298,296 |   NaN | NaN | 0,00 | 0,00 | NaN
  56 |  6,74 | 290,447 | 754,83 | 809,38 | 759,38 |  0,00 | 1,360 | 44,35 | 44,35 |  0,00 | 18,005 | 364,54 | 364,54 | 14,91 | 1085,688 | 311,35 | 365,90 |  0,00 | 139,005 | 34,59 | 34,59 | 298,277 |   NaN | NaN | 0,00 | 0,00 | NaN
  57 |  7,20 | 289,773 | 754,71 | 813,27 | 759,25 |  0,00 | 1,357 | 44,35 | 44,35 |  0,00 | 20,450 | 365,74 | 365,74 | 15,89 | 1084,518 | 310,03 | 368,60 |  0,00 | 138,950 | 34,59 | 34,59 | 298,197 |   NaN | NaN | 0,00 | 0,00 | NaN
  58 |  7,27 | 300,491 | 754,26 | 813,40 | 758,81 |  0,00 | 1,386 | 44,35 | 44,35 |  0,00 | 17,554 | 366,95 | 366,95 | 16,09 | 1134,800 | 308,38 | 367,51 |  0,00 | 139,034 | 34,59 | 34,59 | 298,288 |   NaN | NaN | 0,00 | 0,00 | NaN
  59 |  7,86 | 301,904 | 754,97 | 819,34 | 759,52 |  0,00 | 1,405 | 44,35 | 44,35 |  0,00 | 16,439 | 366,92 | 366,92 | 17,23 | 1139,453 | 309,11 | 373,48 |  0,00 | 139,030 | 34,59 | 34,59 | 298,171 |   NaN | NaN | 0,00 | 0,00 | NaN
  60 |  7,37 | 296,920 | 754,05 | 814,02 | 758,59 |  0,00 | 1,340 | 44,35 | 44,35 |  0,00 | 19,333 | 367,35 | 367,35 | 16,31 | 1120,980 | 307,76 | 367,73 |  0,00 | 139,026 | 34,59 | 34,59 | 298,269 |   NaN | NaN | 0,00 | 0,00 | NaN
  61 |  7,78 | 300,045 | 754,44 | 818,09 | 758,98 |  0,00 | 1,362 | 44,35 | 44,35 |  0,00 | 19,052 | 369,23 | 369,23 | 17,21 | 1139,070 | 306,27 | 369,93 |  0,00 | 139,024 | 34,59 | 34,59 | 298,286 |   NaN | NaN | 0,00 | 0,00 | NaN
  62 |  7,66 | 296,616 | 754,61 | 817,24 | 759,19 |  0,00 | 1,424 | 44,35 | 44,35 |  0,00 | 17,112 | 369,83 | 369,83 | 17,00 | 1129,877 | 305,84 | 368,47 |  0,00 | 139,117 | 34,59 | 34,59 | 298,403 |   NaN | NaN | 0,00 | 0,00 | NaN
  63 |  7,43 | 298,728 | 753,98 | 814,54 | 758,52 |  0,00 | 1,379 | 44,35 | 44,35 |  0,00 | 14,555 | 369,66 | 369,66 | 16,55 | 1142,160 | 305,38 | 365,94 |  0,00 | 139,008 | 34,59 | 34,59 | 298,250 |   NaN | NaN | 0,00 | 0,00 | NaN
  64 |  6,58 | 286,666 | 754,96 | 808,11 | 759,53 |  0,00 | 1,422 | 44,35 | 44,35 |  0,00 | 18,972 | 366,01 | 366,01 | 14,63 | 1074,263 | 310,02 | 363,16 |  0,00 | 139,091 | 34,59 | 34,59 | 298,368 |   NaN | NaN | 0,00 | 0,00 | NaN

= = = = = = = = = = = = AVERAGE RESULTS system = = = = = = = = = = = =
meanPLR_system | 7,257502 
meanDelay_system | 294,281334 
meanLoad_system | 813,527986 
meanTHR_system | 754,460556 
meanGate_system | 759,012384 

meanPLR_EF_system | 0,000000 
meanPLR_AF_system | 0,000000 
meanPLR_BE_system | 16,087543 
meanPLR_FLA_system | 0,000000 
meanPLR_FLB_system | NaN 

meanTHR_EF_system | 44,352003 
meanTHR_AF_system | 367,629424 
meanTHR_BE_system | 307,894110 
meanTHR_FLA_system | 35,160794 
meanTHR_FLB_system | 0,000000 

meanLoad_EF_system | 44,352003 
meanLoad_AF_system | 367,629424 
meanLoad_BE_system | 366,961540 
meanLoad_FLA_system | 35,160794 
meanLoad_FLB_system | 0,000000 

meanDELAY_EF_system | 1,383727 
meanDELAY_AF_system | 17,841441 
meanDELAY_BE_system | 1112,459350 
meanDELAY_FLA_system | 139,038998 
meanDELAY_FLB_system | NaN 
meanDELAY_CompleteFLA_system | 298,302632 
meanDELAY_CompleteFLB_system | NaN 

= = = = = = = = = = = = AVERAGE RESULTS = = = = = = = = = = = =
Packet Loss Ratio: 07,26 (%)
PROCESSED PACKAGES: 2206935300 
DISCARTED PACKAGES: 108010352 
TOTAL PACKAGES: 2314945652 
AVERAGE DELAY: 55391,81 (ms) 
AVERAGE THROUGHPUT: 754,46 (Mbps) 
GRANTED THROUGHPUT: 48576,79 (Mbps) By 64 ONUs
EFFECTIVE THROUGHPUT: 48285,48 (Mbps) By 64 ONUs
TOTAL LOAD: 52065,79 (Mbps) By 64 ONUs
ON Arrival THROUGHPUT: 0,00 (Mbps) By 64 ONUs
FINISHTIMEFL: 180,200708 
FINISHTIME: 183,200708 


fileName | IPACT_STRICTPRIORITY_4_30_98_0 
