
ONU ID 	|  PLR(%) | Delay(ms) | Throughput(Mbps) | Granted Throughput(Mbps) | Total Load (Mbps) 

  ID |  PLR(%) |  D  | Thr |  Gates  |  Load  | PLR-EF | D-EF | ThrEF | LoadEF | PLR-AF | D-AF | ThrAF | LoadAF | PLR-BE | D-BE | ThrBE | LoadBE | PLR-FA | D-FA | ThrFA | LoadFA | DTFA |  PLR-FB | D-FB | ThrFB | LoadFB | DTFB | 
   1 |  1,91 | 234,216 | 752,62 | 767,30 | 757,96 |  0,00 | 1,402 | 44,35 | 44,35 |  0,00 | 45,965 | 304,92 | 304,92 |  4,96 | 878,410 | 280,97 | 295,64 |  0,00 | 138,946 | 122,38 | 122,38 | 298,369 |   NaN | NaN | 0,00 | 0,00 | NaN
   2 |  2,04 | 206,231 | 751,03 | 766,64 | 755,99 |  0,00 | 1,414 | 44,35 | 44,35 |  0,00 | 38,906 | 298,68 | 298,68 |  5,18 | 753,439 | 285,62 | 301,22 |  0,00 | 160,198 | 122,38 | 122,38 | 464,665 |   NaN | NaN | 0,00 | 0,00 | NaN
   3 |  2,42 | 228,811 | 752,02 | 770,67 | 756,81 |  0,00 | 1,350 | 44,35 | 44,35 |  0,00 | 40,802 | 303,24 | 303,24 |  6,20 | 852,482 | 282,05 | 300,69 |  0,00 | 163,760 | 122,38 | 122,38 | 483,630 |   NaN | NaN | 0,00 | 0,00 | NaN
   4 |  2,51 | 229,622 | 752,27 | 771,66 | 757,57 |  0,00 | 1,356 | 44,35 | 44,35 |  0,00 | 50,318 | 306,63 | 306,63 |  6,50 | 860,673 | 278,91 | 298,30 |  0,00 | 138,971 | 122,38 | 122,38 | 298,038 |   NaN | NaN | 0,00 | 0,00 | NaN
   5 |  1,41 | 207,189 | 753,35 | 764,14 | 757,75 |  0,00 | 1,381 | 44,35 | 44,35 |  0,00 | 24,199 | 299,96 | 299,96 |  3,63 | 760,346 | 286,66 | 297,45 |  0,00 | 208,786 | 122,38 | 122,38 | 652,618 |   NaN | NaN | 0,00 | 0,00 | NaN
   6 |  2,26 | 228,265 | 754,29 | 771,73 | 758,94 |  0,00 | 1,330 | 44,35 | 44,35 |  0,00 | 32,996 | 303,42 | 303,42 |  5,78 | 851,328 | 284,13 | 301,58 |  0,00 | 177,461 | 122,38 | 122,38 | 538,589 |   NaN | NaN | 0,00 | 0,00 | NaN
   7 |  1,86 | 212,270 | 752,50 | 766,75 | 757,81 |  0,00 | 1,348 | 44,35 | 44,35 |  0,00 | 46,050 | 300,43 | 300,43 |  4,76 | 776,514 | 285,33 | 299,58 |  0,00 | 139,406 | 122,38 | 122,38 | 314,940 |   NaN | NaN | 0,00 | 0,00 | NaN
   8 |  2,43 | 233,111 | 752,56 | 771,34 | 757,42 |  0,00 | 1,398 | 44,35 | 44,35 |  0,00 | 35,405 | 300,63 | 300,63 |  6,18 | 866,920 | 285,19 | 303,98 |  0,00 | 164,099 | 122,38 | 122,38 | 482,999 |   NaN | NaN | 0,00 | 0,00 | NaN
   9 |  2,11 | 215,951 | 753,00 | 769,19 | 758,23 |  0,00 | 1,338 | 44,35 | 44,35 |  0,00 | 49,280 | 303,27 | 303,27 |  5,41 | 793,754 | 282,99 | 299,18 |  0,00 | 142,048 | 122,38 | 122,38 | 356,462 |   NaN | NaN | 0,00 | 0,00 | NaN
  10 |  1,69 | 219,265 | 754,09 | 767,08 | 759,44 |  0,00 | 1,399 | 44,35 | 44,35 |  0,00 | 51,333 | 301,15 | 301,15 |  4,34 | 798,252 | 286,20 | 299,19 |  0,00 | 139,018 | 122,38 | 122,38 | 298,456 |   NaN | NaN | 0,00 | 0,00 | NaN
  11 |  1,33 | 194,937 | 749,90 | 759,98 | 754,21 |  0,00 | 1,339 | 44,35 | 44,35 |  0,00 | 6,219 | 294,44 | 294,44 |  3,37 | 704,285 | 288,73 | 298,81 |  0,00 | 289,817 | 122,38 | 122,38 | 897,346 |   NaN | NaN | 0,00 | 0,00 | NaN
  12 |  2,03 | 218,655 | 754,31 | 769,91 | 758,97 |  0,00 | 1,401 | 44,35 | 44,35 |  0,00 | 32,279 | 301,08 | 301,08 |  5,17 | 805,580 | 286,49 | 302,10 |  0,00 | 179,868 | 122,38 | 122,38 | 554,669 |   NaN | NaN | 0,00 | 0,00 | NaN
  13 |  1,54 | 195,361 | 748,99 | 760,67 | 753,83 |  0,00 | 1,366 | 44,35 | 44,35 |  0,00 | 40,401 | 296,30 | 296,30 |  3,92 | 705,222 | 285,97 | 297,64 |  0,00 | 162,775 | 122,38 | 122,38 | 478,813 |   NaN | NaN | 0,00 | 0,00 | NaN
  14 |  2,81 | 227,187 | 749,82 | 771,51 | 754,34 |  0,00 | 1,407 | 44,35 | 44,35 |  0,00 | 26,152 | 302,83 | 302,83 |  7,18 | 857,026 | 280,26 | 301,95 |  0,00 | 200,011 | 122,38 | 122,38 | 624,389 |   NaN | NaN | 0,00 | 0,00 | NaN
  15 |  1,70 | 238,234 | 751,61 | 764,62 | 756,93 |  0,00 | 1,401 | 44,35 | 44,35 |  0,00 | 50,576 | 296,64 | 296,64 |  4,32 | 867,847 | 288,23 | 301,24 |  0,00 | 139,638 | 122,38 | 122,38 | 316,894 |   NaN | NaN | 0,00 | 0,00 | NaN
  16 |  2,61 | 246,222 | 753,40 | 773,55 | 758,47 |  0,00 | 1,392 | 44,35 | 44,35 |  0,00 | 43,886 | 301,38 | 301,38 |  6,60 | 914,958 | 285,28 | 305,44 |  0,00 | 149,248 | 122,38 | 122,38 | 408,082 |   NaN | NaN | 0,00 | 0,00 | NaN
  17 |  2,11 | 228,002 | 752,54 | 768,74 | 757,72 |  0,00 | 1,405 | 44,35 | 44,35 |  0,00 | 43,264 | 300,42 | 300,42 |  5,37 | 841,219 | 285,39 | 301,59 |  0,00 | 146,850 | 122,38 | 122,38 | 386,849 |   NaN | NaN | 0,00 | 0,00 | NaN
  18 |  1,82 | 196,171 | 752,93 | 766,89 | 757,26 |  0,00 | 1,382 | 44,35 | 44,35 |  0,00 | 5,071 | 299,68 | 299,68 |  4,65 | 713,440 | 286,52 | 300,48 |  0,00 | 308,930 | 122,38 | 122,38 | 957,165 |   NaN | NaN | 0,00 | 0,00 | NaN
  19 |  1,10 | 193,920 | 753,40 | 761,80 | 757,69 |  0,00 | 1,373 | 44,35 | 44,35 |  0,00 | 16,523 | 295,80 | 295,80 |  2,81 | 695,534 | 290,86 | 299,27 |  0,00 | 250,846 | 122,38 | 122,38 | 780,334 |   NaN | NaN | 0,00 | 0,00 | NaN
  20 |  1,42 | 188,266 | 751,86 | 762,66 | 756,17 |  0,00 | 1,368 | 44,35 | 44,35 |  0,00 | 8,055 | 299,84 | 299,84 |  3,65 | 684,125 | 285,28 | 296,08 |  0,00 | 293,734 | 122,38 | 122,38 | 909,601 |   NaN | NaN | 0,00 | 0,00 | NaN
  21 |  1,23 | 189,173 | 748,16 | 757,50 | 753,47 |  0,00 | 1,373 | 44,35 | 44,35 |  0,00 | 49,105 | 296,34 | 296,34 |  3,17 | 678,341 | 285,09 | 294,43 |  0,00 | 139,058 | 122,38 | 122,38 | 304,002 |   NaN | NaN | 0,00 | 0,00 | NaN
  22 |  2,40 | 233,262 | 754,44 | 773,03 | 758,93 |  0,00 | 1,411 | 44,35 | 44,35 |  0,00 | 24,741 | 307,76 | 307,76 |  6,23 | 884,051 | 279,95 | 298,54 |  0,00 | 216,273 | 122,38 | 122,38 | 675,201 |   NaN | NaN | 0,00 | 0,00 | NaN
  23 |  2,07 | 221,761 | 753,82 | 769,74 | 758,15 |  0,00 | 1,394 | 44,35 | 44,35 |  0,00 | 11,417 | 301,76 | 301,76 |  5,28 | 820,784 | 285,32 | 301,24 |  0,00 | 277,383 | 122,38 | 122,38 | 860,016 |   NaN | NaN | 0,00 | 0,00 | NaN
  24 |  2,15 | 231,016 | 752,66 | 769,23 | 757,50 |  0,00 | 1,355 | 44,35 | 44,35 |  0,00 | 36,962 | 300,80 | 300,80 |  5,49 | 857,050 | 285,12 | 301,70 |  0,00 | 164,211 | 122,38 | 122,38 | 480,081 |   NaN | NaN | 0,00 | 0,00 | NaN
  25 |  3,05 | 247,040 | 753,87 | 777,58 | 759,20 |  0,00 | 1,413 | 44,35 | 44,35 |  0,00 | 48,873 | 300,43 | 300,43 |  7,64 | 911,066 | 286,70 | 310,41 |  0,00 | 140,711 | 122,38 | 122,38 | 338,976 |   NaN | NaN | 0,00 | 0,00 | NaN
  26 |  1,84 | 218,502 | 751,95 | 766,04 | 757,31 |  0,00 | 1,409 | 44,35 | 44,35 |  0,00 | 50,374 | 299,01 | 299,01 |  4,69 | 794,541 | 286,21 | 300,30 |  0,00 | 139,134 | 122,38 | 122,38 | 306,525 |   NaN | NaN | 0,00 | 0,00 | NaN
  27 |  1,22 | 186,532 | 751,79 | 761,08 | 756,11 |  0,00 | 1,335 | 44,35 | 44,35 |  0,00 | 5,796 | 299,92 | 299,92 |  3,16 | 673,443 | 285,13 | 294,43 |  0,00 | 321,642 | 122,38 | 122,38 | 995,354 |   NaN | NaN | 0,00 | 0,00 | NaN
  28 |  1,32 | 211,647 | 751,90 | 761,92 | 756,25 |  0,00 | 1,402 | 44,35 | 44,35 |  0,00 | 8,763 | 299,90 | 299,90 |  3,39 | 778,523 | 285,27 | 295,29 |  0,00 | 290,314 | 122,38 | 122,38 | 898,748 |   NaN | NaN | 0,00 | 0,00 | NaN
  29 |  2,08 | 209,065 | 753,49 | 769,48 | 757,81 |  0,00 | 1,381 | 44,35 | 44,35 |  0,00 | 9,781 | 302,24 | 302,24 |  5,32 | 770,577 | 284,51 | 300,51 |  0,00 | 290,564 | 122,38 | 122,38 | 899,602 |   NaN | NaN | 0,00 | 0,00 | NaN
  30 |  1,00 | 192,123 | 752,46 | 760,06 | 756,84 |  0,00 | 1,411 | 44,35 | 44,35 |  0,00 | 6,850 | 295,48 | 295,48 |  2,55 | 688,142 | 290,25 | 297,85 |  0,00 | 299,475 | 122,38 | 122,38 | 927,230 |   NaN | NaN | 0,00 | 0,00 | NaN
  31 |  1,61 | 208,275 | 752,46 | 764,76 | 756,75 |  0,00 | 1,378 | 44,35 | 44,35 |  0,00 | 10,968 | 299,24 | 299,24 |  4,12 | 763,200 | 286,48 | 298,78 |  0,00 | 274,916 | 122,38 | 122,38 | 852,303 |   NaN | NaN | 0,00 | 0,00 | NaN
  32 |  1,41 | 178,314 | 751,34 | 762,10 | 755,64 |  0,00 | 1,335 | 44,35 | 44,35 |  0,00 | 8,247 | 296,77 | 296,77 |  3,60 | 638,823 | 287,84 | 298,60 |  0,00 | 287,918 | 122,38 | 122,38 | 891,594 |   NaN | NaN | 0,00 | 0,00 | NaN
  33 |  1,62 | 195,496 | 751,80 | 764,17 | 756,12 |  0,00 | 1,400 | 44,35 | 44,35 |  0,00 | 4,982 | 296,37 | 296,37 |  4,11 | 705,975 | 288,70 | 301,08 |  0,00 | 302,832 | 122,38 | 122,38 | 936,394 |   NaN | NaN | 0,00 | 0,00 | NaN
  34 |  1,09 | 195,222 | 749,90 | 758,13 | 754,21 |  0,00 | 1,392 | 44,35 | 44,35 |  0,00 | 4,695 | 298,15 | 298,15 |  2,81 | 708,997 | 285,02 | 293,25 |  0,00 | 319,723 | 122,38 | 122,38 | 990,461 |   NaN | NaN | 0,00 | 0,00 | NaN
  35 |  2,27 | 226,557 | 752,76 | 770,23 | 757,08 |  0,00 | 1,341 | 44,35 | 44,35 |  0,00 | 4,444 | 302,24 | 302,24 |  5,80 | 837,678 | 283,79 | 301,26 |  0,00 | 337,357 | 122,38 | 122,38 | 1043,584 |   NaN | NaN | 0,00 | 0,00 | NaN
  36 |  1,43 | 189,213 | 751,21 | 762,12 | 755,55 |  0,00 | 1,394 | 44,35 | 44,35 |  0,00 | 5,082 | 294,57 | 294,57 |  3,63 | 675,750 | 289,90 | 300,81 |  0,00 | 310,951 | 122,38 | 122,38 | 963,271 |   NaN | NaN | 0,00 | 0,00 | NaN
  37 |  2,36 | 211,589 | 754,99 | 773,26 | 759,31 |  0,00 | 1,377 | 44,35 | 44,35 |  0,00 | 7,956 | 305,47 | 305,47 |  6,07 | 787,927 | 282,78 | 301,06 |  0,00 | 292,141 | 122,38 | 122,38 | 904,486 |   NaN | NaN | 0,00 | 0,00 | NaN
  38 |  1,51 | 217,727 | 753,94 | 765,53 | 758,25 |  0,00 | 1,368 | 44,35 | 44,35 |  0,00 | 8,009 | 301,48 | 301,48 |  3,90 | 799,646 | 285,73 | 297,32 |  0,00 | 310,313 | 122,38 | 122,38 | 960,018 |   NaN | NaN | 0,00 | 0,00 | NaN
  39 |  1,13 | 186,146 | 751,00 | 759,55 | 755,36 |  0,00 | 1,411 | 44,35 | 44,35 |  0,00 | 8,235 | 297,25 | 297,25 |  2,90 | 671,164 | 287,01 | 295,57 |  0,00 | 292,221 | 122,38 | 122,38 | 905,142 |   NaN | NaN | 0,00 | 0,00 | NaN
  40 |  1,33 | 203,204 | 750,91 | 761,02 | 755,26 |  0,00 | 1,411 | 44,35 | 44,35 |  0,00 | 6,855 | 297,51 | 297,51 |  3,41 | 737,328 | 286,66 | 296,77 |  0,00 | 311,750 | 122,38 | 122,38 | 965,372 |   NaN | NaN | 0,00 | 0,00 | NaN
  41 |  2,65 | 221,789 | 750,20 | 770,60 | 754,53 |  0,00 | 1,394 | 44,35 | 44,35 |  0,00 | 10,039 | 299,74 | 299,74 |  6,71 | 822,963 | 283,72 | 304,13 |  0,00 | 283,665 | 122,38 | 122,38 | 878,719 |   NaN | NaN | 0,00 | 0,00 | NaN
  42 |  2,16 | 215,062 | 751,77 | 768,38 | 756,05 |  0,00 | 1,340 | 44,35 | 44,35 |  0,00 | 9,717 | 299,76 | 299,76 |  5,50 | 794,159 | 285,28 | 301,89 |  0,00 | 278,825 | 122,38 | 122,38 | 864,269 |   NaN | NaN | 0,00 | 0,00 | NaN
  43 |  2,34 | 211,074 | 752,38 | 770,43 | 756,72 |  0,00 | 1,419 | 44,35 | 44,35 |  0,00 | 6,545 | 300,69 | 300,69 |  5,96 | 779,734 | 284,95 | 303,00 |  0,00 | 291,360 | 122,38 | 122,38 | 902,500 |   NaN | NaN | 0,00 | 0,00 | NaN
  44 |  2,35 | 232,393 | 754,58 | 772,76 | 758,87 |  0,00 | 1,331 | 44,35 | 44,35 |  0,00 | 9,831 | 300,81 | 300,81 |  5,96 | 859,686 | 287,04 | 305,21 |  0,00 | 285,587 | 122,38 | 122,38 | 884,557 |   NaN | NaN | 0,00 | 0,00 | NaN
  45 |  2,19 | 216,786 | 753,69 | 770,54 | 758,05 |  0,00 | 1,415 | 44,35 | 44,35 |  0,00 | 8,800 | 307,03 | 307,03 |  5,68 | 816,831 | 279,93 | 296,78 |  0,00 | 284,902 | 122,38 | 122,38 | 882,425 |   NaN | NaN | 0,00 | 0,00 | NaN
  46 |  1,62 | 200,244 | 750,47 | 762,79 | 754,80 |  0,00 | 1,354 | 44,35 | 44,35 |  0,00 | 6,044 | 295,20 | 295,20 |  4,10 | 724,124 | 288,53 | 300,85 |  0,00 | 299,852 | 122,38 | 122,38 | 927,820 |   NaN | NaN | 0,00 | 0,00 | NaN
  47 |  1,09 | 188,737 | 751,25 | 759,51 | 755,55 |  0,00 | 1,352 | 44,35 | 44,35 |  0,00 | 11,133 | 299,28 | 299,28 |  2,82 | 688,314 | 285,24 | 293,50 |  0,00 | 268,228 | 122,38 | 122,38 | 832,192 |   NaN | NaN | 0,00 | 0,00 | NaN
  48 |  1,29 | 212,550 | 750,01 | 759,82 | 754,34 |  0,00 | 1,382 | 44,35 | 44,35 |  0,00 | 8,990 | 296,16 | 296,16 |  3,30 | 779,243 | 287,12 | 296,93 |  0,00 | 275,207 | 122,38 | 122,38 | 853,335 |   NaN | NaN | 0,00 | 0,00 | NaN
  49 |  1,10 | 176,533 | 750,85 | 759,19 | 755,19 |  0,00 | 1,394 | 44,35 | 44,35 |  0,00 | 9,361 | 296,08 | 296,08 |  2,82 | 632,357 | 288,04 | 296,38 |  0,00 | 276,964 | 122,38 | 122,38 | 858,559 |   NaN | NaN | 0,00 | 0,00 | NaN
  50 |  1,25 | 203,533 | 755,37 | 764,96 | 759,69 |  0,00 | 1,348 | 44,35 | 44,35 |  0,00 | 7,396 | 301,19 | 301,19 |  3,23 | 743,410 | 287,44 | 297,03 |  0,00 | 293,453 | 122,38 | 122,38 | 908,564 |   NaN | NaN | 0,00 | 0,00 | NaN
  51 |  1,31 | 199,816 | 751,80 | 761,76 | 756,10 |  0,00 | 1,346 | 44,35 | 44,35 |  0,00 | 10,785 | 296,24 | 296,24 |  3,33 | 723,166 | 288,82 | 298,78 |  0,00 | 274,940 | 122,38 | 122,38 | 852,587 |   NaN | NaN | 0,00 | 0,00 | NaN
  52 |  1,52 | 209,130 | 752,95 | 764,61 | 757,27 |  0,00 | 1,373 | 44,35 | 44,35 |  0,00 | 8,442 | 296,17 | 296,17 |  3,86 | 759,248 | 290,05 | 301,70 |  0,00 | 279,609 | 122,38 | 122,38 | 866,526 |   NaN | NaN | 0,00 | 0,00 | NaN
  53 |  2,06 | 218,694 | 751,36 | 767,14 | 755,67 |  0,00 | 1,360 | 44,35 | 44,35 |  0,00 | 6,900 | 298,64 | 298,64 |  5,23 | 805,787 | 285,98 | 301,77 |  0,00 | 294,963 | 122,38 | 122,38 | 913,139 |   NaN | NaN | 0,00 | 0,00 | NaN
  54 |  1,06 | 191,149 | 751,55 | 759,60 | 755,85 |  0,00 | 1,362 | 44,35 | 44,35 |  0,00 | 9,242 | 299,80 | 299,80 |  2,75 | 694,923 | 285,02 | 293,07 |  0,00 | 293,110 | 122,38 | 122,38 | 907,150 |   NaN | NaN | 0,00 | 0,00 | NaN
  55 |  1,42 | 201,059 | 754,53 | 765,43 | 758,84 |  0,00 | 1,347 | 44,35 | 44,35 |  0,00 | 6,904 | 298,06 | 298,06 |  3,62 | 726,017 | 289,74 | 300,64 |  0,00 | 301,612 | 122,38 | 122,38 | 934,471 |   NaN | NaN | 0,00 | 0,00 | NaN
  56 |  1,32 | 178,229 | 749,25 | 759,29 | 753,54 |  0,00 | 1,353 | 44,35 | 44,35 |  0,00 | 8,753 | 297,89 | 297,89 |  3,41 | 645,940 | 284,63 | 294,67 |  0,00 | 278,510 | 122,38 | 122,38 | 863,378 |   NaN | NaN | 0,00 | 0,00 | NaN
  57 |  1,84 | 191,126 | 749,46 | 763,50 | 753,75 |  0,00 | 1,350 | 44,35 | 44,35 |  0,00 | 10,570 | 297,67 | 297,67 |  4,69 | 698,002 | 285,06 | 299,10 |  0,00 | 267,766 | 122,38 | 122,38 | 830,868 |   NaN | NaN | 0,00 | 0,00 | NaN
  58 |  1,60 | 222,816 | 753,59 | 765,88 | 757,91 |  0,00 | 1,379 | 44,35 | 44,35 |  0,00 | 9,235 | 300,74 | 300,74 |  4,12 | 825,897 | 286,12 | 298,41 |  0,00 | 274,088 | 122,38 | 122,38 | 849,924 |   NaN | NaN | 0,00 | 0,00 | NaN
  59 |  2,21 | 211,930 | 753,69 | 770,76 | 758,04 |  0,00 | 1,398 | 44,35 | 44,35 |  0,00 | 3,884 | 298,78 | 298,78 |  5,59 | 770,344 | 288,18 | 305,24 |  0,00 | 325,101 | 122,38 | 122,38 | 1006,224 |   NaN | NaN | 0,00 | 0,00 | NaN
  60 |  1,74 | 210,349 | 752,63 | 765,92 | 756,92 |  0,00 | 1,333 | 44,35 | 44,35 |  0,00 | 10,426 | 300,45 | 300,45 |  4,45 | 773,037 | 285,44 | 298,73 |  0,00 | 284,629 | 122,38 | 122,38 | 881,349 |   NaN | NaN | 0,00 | 0,00 | NaN
  61 |  1,99 | 209,093 | 755,33 | 770,69 | 759,61 |  0,00 | 1,355 | 44,35 | 44,35 |  0,00 | 6,416 | 302,63 | 302,63 |  5,10 | 770,705 | 285,96 | 301,33 |  0,00 | 294,600 | 122,38 | 122,38 | 911,807 |   NaN | NaN | 0,00 | 0,00 | NaN
  62 |  2,05 | 213,221 | 751,99 | 767,71 | 756,36 |  0,00 | 1,417 | 44,35 | 44,35 |  0,00 | 9,291 | 299,47 | 299,47 |  5,22 | 784,860 | 285,78 | 301,51 |  0,00 | 283,153 | 122,38 | 122,38 | 877,102 |   NaN | NaN | 0,00 | 0,00 | NaN
  63 |  1,95 | 205,132 | 753,92 | 768,92 | 758,23 |  0,00 | 1,372 | 44,35 | 44,35 |  0,00 | 6,241 | 303,28 | 303,28 |  5,02 | 756,737 | 283,91 | 298,91 |  0,00 | 303,532 | 122,38 | 122,38 | 939,792 |   NaN | NaN | 0,00 | 0,00 | NaN
  64 |  1,33 | 200,146 | 750,22 | 760,37 | 754,59 |  0,00 | 1,416 | 44,35 | 44,35 |  0,00 | 9,815 | 297,65 | 297,65 |  3,43 | 730,132 | 285,83 | 295,98 |  0,00 | 283,131 | 122,38 | 122,38 | 877,074 |   NaN | NaN | 0,00 | 0,00 | NaN

= = = = = = = = = = = = AVERAGE RESULTS system = = = = = = = = = = = =
meanPLR_system | 1,791758 
meanDelay_system | 209,911574 
meanLoad_system | 765,998648 
meanTHR_system | 752,252133 
meanGate_system | 756,797865 

meanPLR_EF_system | 0,000000 
meanPLR_AF_system | 0,000000 
meanPLR_BE_system | 4,580073 
meanPLR_FLA_system | 0,000000 
meanPLR_FLB_system | NaN 

meanTHR_EF_system | 44,352005 
meanTHR_AF_system | 299,794339 
meanTHR_BE_system | 285,724410 
meanTHR_FLA_system | 125,592051 
meanTHR_FLB_system | 0,000000 

meanLoad_EF_system | 44,352005 
meanLoad_AF_system | 299,794339 
meanLoad_BE_system | 299,470925 
meanLoad_FLA_system | 125,592051 
meanLoad_FLB_system | 0,000000 

meanDELAY_EF_system | 1,377035 
meanDELAY_AF_system | 18,977741 
meanDELAY_BE_system | 769,843311 
meanDELAY_FLA_system | 248,282546 
meanDELAY_FLB_system | NaN 
meanDELAY_CompleteFLA_system | 748,524988 
meanDELAY_CompleteFLB_system | NaN 

= = = = = = = = = = = = AVERAGE RESULTS = = = = = = = = = = = =
Packet Loss Ratio: 01,79 (%)
PROCESSED PACKAGES: 1362024894 
DISCARTED PACKAGES: 16173072 
TOTAL PACKAGES: 1378197966 
AVERAGE DELAY: 38069,41 (ms) 
AVERAGE THROUGHPUT: 752,25 (Mbps) 
GRANTED THROUGHPUT: 48435,06 (Mbps) By 64 ONUs
EFFECTIVE THROUGHPUT: 48144,14 (Mbps) By 64 ONUs
TOTAL LOAD: 49023,91 (Mbps) By 64 ONUs
ON Arrival THROUGHPUT: 0,00 (Mbps) By 64 ONUs
FINISHTIMEFL: 114,351186 
FINISHTIME: 117,351186 


fileName | IPACT_LBVARIBLETOKENSBYCYCLE_1_68_80_0 
