
ONU ID 	|  PLR(%) | Delay(ms) | Throughput(Mbps) | Granted Throughput(Mbps) | Total Load (Mbps) 

  ID |  PLR(%) |  D  | Thr |  Gates  |  Load  | PLR-EF | D-EF | ThrEF | LoadEF | PLR-AF | D-AF | ThrAF | LoadAF | PLR-BE | D-BE | ThrBE | LoadBE | PLR-FA | D-FA | ThrFA | LoadFA | DTFA |  PLR-FB | D-FB | ThrFB | LoadFB | DTFB | 
   1 |  0,00 | 0,345 | 563,92 | 563,92 | 604,64 |  0,00 | 0,140 | 44,35 | 44,35 |  0,00 | 0,240 | 247,87 | 247,87 |  0,00 | 0,333 | 243,10 | 243,10 |  0,00 | 9,093 | 28,60 | 28,60 | 39,095 |   NaN | NaN | 0,00 | 0,00 | NaN
   2 |  0,00 | 0,857 | 562,43 | 562,43 | 607,89 |  0,00 | 0,152 | 44,35 | 44,35 |  0,00 | 0,165 | 246,73 | 246,73 |  0,00 | 0,226 | 242,74 | 242,74 |  0,00 | 45,591 | 28,60 | 28,60 | 148,541 |   NaN | NaN | 0,00 | 0,00 | NaN
   3 |  0,00 | 0,642 | 557,40 | 557,40 | 594,49 |  0,00 | 0,089 | 44,35 | 44,35 |  0,00 | 0,103 | 241,56 | 241,56 |  0,00 | 0,293 | 242,89 | 242,89 |  0,00 | 33,189 | 28,60 | 28,60 | 114,004 |   NaN | NaN | 0,00 | 0,00 | NaN
   4 |  0,00 | 0,324 | 563,64 | 563,64 | 600,78 |  0,00 | 0,094 | 44,35 | 44,35 |  0,00 | 0,192 | 246,77 | 246,77 |  0,00 | 0,394 | 243,91 | 243,91 |  0,00 | 9,013 | 28,60 | 28,60 | 39,072 |   NaN | NaN | 0,00 | 0,00 | NaN
   5 |  0,00 | 1,143 | 558,25 | 558,25 | 595,80 |  0,00 | 0,120 | 44,35 | 44,35 |  0,00 | 0,129 | 243,61 | 243,61 |  0,00 | 0,252 | 241,69 | 241,69 |  0,00 | 65,628 | 28,60 | 28,60 | 214,880 |   NaN | NaN | 0,00 | 0,00 | NaN
   6 |  0,00 | 0,719 | 562,10 | 562,10 | 598,58 |  0,00 | 0,070 | 44,35 | 44,35 |  0,00 | 0,074 | 245,50 | 245,50 |  0,00 | 0,305 | 243,64 | 243,64 |  0,00 | 39,334 | 28,60 | 28,60 | 136,373 |   NaN | NaN | 0,00 | 0,00 | NaN
   7 |  0,00 | 0,364 | 560,70 | 560,70 | 597,85 |  0,00 | 0,087 | 44,35 | 44,35 |  0,00 | 0,179 | 243,68 | 243,68 |  0,00 | 0,396 | 244,07 | 244,07 |  0,00 | 12,046 | 28,60 | 28,60 | 49,810 |   NaN | NaN | 0,00 | 0,00 | NaN
   8 |  0,00 | 0,816 | 564,80 | 564,80 | 604,62 |  0,00 | 0,137 | 44,35 | 44,35 |  0,00 | 0,143 | 245,36 | 245,36 |  0,00 | 0,227 | 246,49 | 246,49 |  0,00 | 43,807 | 28,60 | 28,60 | 157,346 |   NaN | NaN | 0,00 | 0,00 | NaN
   9 |  0,00 | 0,432 | 562,23 | 562,23 | 599,21 |  0,00 | 0,077 | 44,35 | 44,35 |  0,00 | 0,131 | 244,29 | 244,29 |  0,00 | 0,355 | 244,98 | 244,98 |  0,00 | 18,342 | 28,60 | 28,60 | 71,431 |   NaN | NaN | 0,00 | 0,00 | NaN
  10 |  0,00 | 0,343 | 560,63 | 560,63 | 600,59 |  0,00 | 0,138 | 44,35 | 44,35 |  0,00 | 0,237 | 245,00 | 245,00 |  0,00 | 0,338 | 242,68 | 242,68 |  0,00 | 8,980 | 28,60 | 28,60 | 38,895 |   NaN | NaN | 0,00 | 0,00 | NaN
  11 |  0,00 | 3,241 | 559,95 | 559,95 | 596,92 |  0,00 | 0,077 | 44,35 | 44,35 |  0,00 | 0,092 | 243,26 | 243,26 |  0,00 | 0,341 | 243,74 | 243,74 |  0,00 | 205,417 | 28,60 | 28,60 | 625,853 |   NaN | NaN | 0,00 | 0,00 | NaN
  12 |  0,00 | 0,962 | 561,38 | 561,38 | 601,84 |  0,00 | 0,139 | 44,35 | 44,35 |  0,00 | 0,144 | 243,96 | 243,96 |  0,00 | 0,224 | 244,47 | 244,47 |  0,00 | 53,364 | 28,60 | 28,60 | 181,280 |   NaN | NaN | 0,00 | 0,00 | NaN
  13 |  0,00 | 0,813 | 554,33 | 554,33 | 591,47 |  0,00 | 0,104 | 44,35 | 44,35 |  0,00 | 0,116 | 242,32 | 242,32 |  0,00 | 0,277 | 239,06 | 239,06 |  0,00 | 43,963 | 28,60 | 28,60 | 141,134 |   NaN | NaN | 0,00 | 0,00 | NaN
  14 |  0,00 | 1,105 | 563,55 | 563,55 | 606,01 |  0,00 | 0,145 | 44,35 | 44,35 |  0,00 | 0,148 | 244,57 | 244,57 |  0,00 | 0,219 | 246,04 | 246,04 |  0,00 | 62,786 | 28,60 | 28,60 | 205,440 |   NaN | NaN | 0,00 | 0,00 | NaN
  15 |  0,00 | 0,371 | 560,18 | 560,18 | 600,84 |  0,00 | 0,139 | 44,35 | 44,35 |  0,00 | 0,227 | 240,83 | 240,83 |  0,00 | 0,306 | 246,39 | 246,39 |  0,00 | 11,425 | 28,60 | 28,60 | 48,923 |   NaN | NaN | 0,00 | 0,00 | NaN
  16 |  0,00 | 0,546 | 566,78 | 566,78 | 605,31 |  0,00 | 0,131 | 44,35 | 44,35 |  0,00 | 0,153 | 245,59 | 245,59 |  0,00 | 0,266 | 248,23 | 248,23 |  0,00 | 25,308 | 28,60 | 28,60 | 93,693 |   NaN | NaN | 0,00 | 0,00 | NaN
  17 |  0,00 | 0,566 | 561,59 | 561,59 | 603,35 |  0,00 | 0,144 | 44,35 | 44,35 |  0,00 | 0,180 | 245,51 | 245,51 |  0,00 | 0,255 | 243,12 | 243,12 |  0,00 | 25,841 | 28,60 | 28,60 | 94,258 |   NaN | NaN | 0,00 | 0,00 | NaN
  18 |  0,00 | 2,379 | 558,29 | 558,29 | 595,81 |  0,00 | 0,120 | 44,35 | 44,35 |  0,00 | 0,130 | 243,18 | 243,18 |  0,00 | 0,249 | 242,16 | 242,16 |  0,00 | 147,440 | 28,60 | 28,60 | 534,059 |   NaN | NaN | 0,00 | 0,00 | NaN
  19 |  0,00 | 1,596 | 555,32 | 555,32 | 592,55 |  0,00 | 0,111 | 44,35 | 44,35 |  0,00 | 0,116 | 240,51 | 240,51 |  0,00 | 0,256 | 241,86 | 241,86 |  0,00 | 95,738 | 28,60 | 28,60 | 290,803 |   NaN | NaN | 0,00 | 0,00 | NaN
  20 |  0,00 | 3,007 | 555,16 | 555,16 | 592,29 |  0,00 | 0,107 | 44,35 | 44,35 |  0,00 | 0,142 | 243,42 | 243,42 |  0,00 | 0,292 | 238,79 | 238,79 |  0,00 | 188,026 | 28,60 | 28,60 | 628,357 |   NaN | NaN | 0,00 | 0,00 | NaN
  21 |  0,00 | 0,345 | 553,73 | 553,73 | 591,06 |  0,00 | 0,111 | 44,35 | 44,35 |  0,00 | 0,215 | 241,37 | 241,37 |  0,00 | 0,367 | 239,41 | 239,41 |  0,00 | 9,812 | 28,60 | 28,60 | 41,614 |   NaN | NaN | 0,00 | 0,00 | NaN
  22 |  0,00 | 1,217 | 563,54 | 563,54 | 607,80 |  0,00 | 0,150 | 44,35 | 44,35 |  0,00 | 0,153 | 247,89 | 247,89 |  0,00 | 0,215 | 242,70 | 242,70 |  0,00 | 70,054 | 28,60 | 28,60 | 230,677 |   NaN | NaN | 0,00 | 0,00 | NaN
  23 |  0,00 | 3,457 | 561,85 | 561,85 | 600,53 |  0,00 | 0,132 | 44,35 | 44,35 |  0,00 | 0,158 | 244,82 | 244,82 |  0,00 | 0,293 | 244,07 | 244,07 |  0,00 | 218,026 | 28,60 | 28,60 | 537,323 |   NaN | NaN | 0,00 | 0,00 | NaN
  24 |  0,00 | 0,838 | 564,44 | 564,44 | 601,52 |  0,00 | 0,094 | 44,35 | 44,35 |  0,00 | 0,103 | 245,07 | 245,07 |  0,00 | 0,279 | 246,42 | 246,42 |  0,00 | 46,527 | 28,60 | 28,60 | 149,678 |   NaN | NaN | 0,00 | 0,00 | NaN
  25 |  0,00 | 0,393 | 562,35 | 562,35 | 607,33 |  0,00 | 0,151 | 44,35 | 44,35 |  0,00 | 0,228 | 241,61 | 241,61 |  0,00 | 0,296 | 247,79 | 247,79 |  0,00 | 12,662 | 28,60 | 28,60 | 52,237 |   NaN | NaN | 0,00 | 0,00 | NaN
  26 |  0,00 | 0,418 | 559,00 | 559,00 | 602,32 |  0,00 | 0,147 | 44,35 | 44,35 |  0,00 | 0,251 | 243,72 | 243,72 |  0,00 | 0,332 | 242,33 | 242,33 |  0,00 | 13,486 | 28,60 | 28,60 | 49,987 |   NaN | NaN | 0,00 | 0,00 | NaN
  27 |  0,00 | 2,261 | 558,28 | 558,28 | 595,11 |  0,00 | 0,074 | 44,35 | 44,35 |  0,00 | 0,080 | 244,69 | 244,69 |  0,00 | 0,302 | 240,64 | 240,64 |  0,00 | 141,140 | 28,60 | 28,60 | 496,177 |   NaN | NaN | 0,00 | 0,00 | NaN
  28 |  0,00 | 3,369 | 555,74 | 555,74 | 596,38 |  0,00 | 0,140 | 44,35 | 44,35 |  0,00 | 0,211 | 243,17 | 243,17 |  0,00 | 0,325 | 239,61 | 239,61 |  0,00 | 209,334 | 28,60 | 28,60 | 522,638 |   NaN | NaN | 0,00 | 0,00 | NaN
  29 |  0,00 | 3,568 | 560,99 | 560,99 | 598,45 |  0,00 | 0,119 | 44,35 | 44,35 |  0,00 | 0,154 | 242,68 | 242,68 |  0,00 | 0,284 | 245,36 | 245,36 |  0,00 | 225,820 | 28,60 | 28,60 | 628,278 |   NaN | NaN | 0,00 | 0,00 | NaN
  30 |  0,00 | 2,587 | 559,16 | 559,16 | 603,63 |  0,00 | 0,150 | 44,35 | 44,35 |  0,00 | 0,155 | 242,80 | 242,80 |  0,00 | 0,213 | 243,41 | 243,41 |  0,00 | 160,525 | 28,60 | 28,60 | 609,884 |   NaN | NaN | 0,00 | 0,00 | NaN
  31 |  0,00 | 3,409 | 558,66 | 558,66 | 596,02 |  0,00 | 0,117 | 44,35 | 44,35 |  0,00 | 0,142 | 244,01 | 244,01 |  0,00 | 0,317 | 241,70 | 241,70 |  0,00 | 214,569 | 28,60 | 28,60 | 529,568 |   NaN | NaN | 0,00 | 0,00 | NaN
  32 |  0,00 | 3,312 | 562,10 | 562,10 | 598,94 |  0,00 | 0,074 | 44,35 | 44,35 |  0,00 | 0,103 | 244,02 | 244,02 |  0,00 | 0,330 | 245,13 | 245,13 |  0,00 | 210,682 | 28,60 | 28,60 | 644,240 |   NaN | NaN | 0,00 | 0,00 | NaN
  33 |  0,00 | 3,121 | 557,95 | 557,95 | 598,16 |  0,00 | 0,139 | 44,35 | 44,35 |  0,00 | 0,174 | 242,26 | 242,26 |  0,00 | 0,258 | 242,74 | 242,74 |  0,00 | 195,041 | 28,60 | 28,60 | 680,205 |   NaN | NaN | 0,00 | 0,00 | NaN
  34 |  0,00 | 2,159 | 559,84 | 559,84 | 598,21 |  0,00 | 0,130 | 44,35 | 44,35 |  0,00 | 0,136 | 242,79 | 242,79 |  0,00 | 0,235 | 244,09 | 244,09 |  0,00 | 132,866 | 28,60 | 28,60 | 436,584 |   NaN | NaN | 0,00 | 0,00 | NaN
  35 |  0,00 | 2,240 | 562,52 | 562,52 | 599,54 |  0,00 | 0,079 | 44,35 | 44,35 |  0,00 | 0,081 | 245,11 | 245,11 |  0,00 | 0,293 | 244,46 | 244,46 |  0,00 | 140,296 | 28,60 | 28,60 | 450,566 |   NaN | NaN | 0,00 | 0,00 | NaN
  36 |  0,00 | 2,249 | 558,69 | 558,69 | 597,50 |  0,00 | 0,132 | 44,35 | 44,35 |  0,00 | 0,136 | 242,11 | 242,11 |  0,00 | 0,232 | 243,62 | 243,62 |  0,00 | 138,656 | 28,60 | 28,60 | 469,089 |   NaN | NaN | 0,00 | 0,00 | NaN
  37 |  0,00 | 3,131 | 564,17 | 564,17 | 601,46 |  0,00 | 0,115 | 44,35 | 44,35 |  0,00 | 0,139 | 246,95 | 246,95 |  0,00 | 0,288 | 244,26 | 244,26 |  0,00 | 197,839 | 28,60 | 28,60 | 625,606 |   NaN | NaN | 0,00 | 0,00 | NaN
  38 |  0,00 | 2,452 | 564,27 | 564,27 | 601,41 |  0,00 | 0,106 | 44,35 | 44,35 |  0,00 | 0,114 | 245,26 | 245,26 |  0,00 | 0,262 | 246,06 | 246,06 |  0,00 | 153,709 | 28,60 | 28,60 | 580,738 |   NaN | NaN | 0,00 | 0,00 | NaN
  39 |  0,00 | 3,166 | 554,58 | 554,58 | 598,92 |  0,00 | 0,150 | 44,35 | 44,35 |  0,00 | 0,164 | 242,19 | 242,19 |  0,00 | 0,238 | 239,43 | 239,43 |  0,00 | 197,505 | 28,60 | 28,60 | 677,999 |   NaN | NaN | 0,00 | 0,00 | NaN
  40 |  0,00 | 2,301 | 554,78 | 554,78 | 599,12 |  0,00 | 0,150 | 44,35 | 44,35 |  0,00 | 0,160 | 242,99 | 242,99 |  0,00 | 0,223 | 238,85 | 238,85 |  0,00 | 140,760 | 28,60 | 28,60 | 499,813 |   NaN | NaN | 0,00 | 0,00 | NaN
  41 |  0,00 | 3,544 | 564,28 | 564,28 | 603,25 |  0,00 | 0,133 | 44,35 | 44,35 |  0,00 | 0,173 | 243,83 | 243,83 |  0,00 | 0,277 | 247,50 | 247,50 |  0,00 | 224,365 | 28,60 | 28,60 | 582,903 |   NaN | NaN | 0,00 | 0,00 | NaN
  42 |  0,00 | 3,400 | 562,92 | 562,92 | 599,92 |  0,00 | 0,079 | 44,35 | 44,35 |  0,00 | 0,112 | 244,68 | 244,68 |  0,00 | 0,362 | 245,28 | 245,28 |  0,00 | 215,896 | 28,60 | 28,60 | 610,977 |   NaN | NaN | 0,00 | 0,00 | NaN
  43 |  0,00 | 3,122 | 565,85 | 565,85 | 609,06 |  0,00 | 0,157 | 44,35 | 44,35 |  0,00 | 0,175 | 246,97 | 246,97 |  0,00 | 0,223 | 245,93 | 245,93 |  0,00 | 196,560 | 28,60 | 28,60 | 670,343 |   NaN | NaN | 0,00 | 0,00 | NaN
  44 |  0,00 | 3,499 | 562,43 | 562,43 | 599,00 |  0,00 | 0,071 | 44,35 | 44,35 |  0,00 | 0,110 | 244,20 | 244,20 |  0,00 | 0,407 | 245,28 | 245,28 |  0,00 | 221,914 | 28,60 | 28,60 | 565,037 |   NaN | NaN | 0,00 | 0,00 | NaN
  45 |  0,00 | 3,483 | 561,09 | 561,09 | 607,14 |  0,00 | 0,153 | 44,35 | 44,35 |  0,00 | 0,183 | 246,22 | 246,22 |  0,00 | 0,293 | 241,91 | 241,91 |  0,00 | 218,523 | 28,60 | 28,60 | 602,404 |   NaN | NaN | 0,00 | 0,00 | NaN
  46 |  0,00 | 3,037 | 560,48 | 560,48 | 597,58 |  0,00 | 0,093 | 44,35 | 44,35 |  0,00 | 0,106 | 243,31 | 243,31 |  0,00 | 0,293 | 244,22 | 244,22 |  0,00 | 192,008 | 28,60 | 28,60 | 643,814 |   NaN | NaN | 0,00 | 0,00 | NaN
  47 |  0,00 | 3,238 | 560,27 | 560,27 | 597,35 |  0,00 | 0,090 | 44,35 | 44,35 |  0,00 | 0,137 | 245,48 | 245,48 |  0,00 | 0,364 | 241,84 | 241,84 |  0,00 | 203,763 | 28,60 | 28,60 | 504,982 |   NaN | NaN | 0,00 | 0,00 | NaN
  48 |  0,00 | 3,503 | 558,45 | 558,45 | 595,96 |  0,00 | 0,120 | 44,35 | 44,35 |  0,00 | 0,165 | 242,73 | 242,73 |  0,00 | 0,320 | 242,77 | 242,77 |  0,00 | 220,265 | 28,60 | 28,60 | 559,020 |   NaN | NaN | 0,00 | 0,00 | NaN
  49 |  0,00 | 3,272 | 559,49 | 559,49 | 598,31 |  0,00 | 0,132 | 44,35 | 44,35 |  0,00 | 0,185 | 244,81 | 244,81 |  0,00 | 0,272 | 241,73 | 241,73 |  0,00 | 205,159 | 28,60 | 28,60 | 507,231 |   NaN | NaN | 0,00 | 0,00 | NaN
  50 |  0,00 | 2,865 | 561,83 | 561,83 | 598,89 |  0,00 | 0,087 | 44,35 | 44,35 |  0,00 | 0,101 | 246,30 | 246,30 |  0,00 | 0,304 | 242,57 | 242,57 |  0,00 | 180,942 | 28,60 | 28,60 | 631,519 |   NaN | NaN | 0,00 | 0,00 | NaN
  51 |  0,00 | 3,656 | 561,26 | 561,26 | 598,33 |  0,00 | 0,085 | 44,35 | 44,35 |  0,00 | 0,108 | 242,90 | 242,90 |  0,00 | 0,356 | 245,41 | 245,41 |  0,00 | 232,524 | 28,60 | 28,60 | 593,553 |   NaN | NaN | 0,00 | 0,00 | NaN
  52 |  0,00 | 3,610 | 557,50 | 557,50 | 594,75 |  0,00 | 0,111 | 44,35 | 44,35 |  0,00 | 0,161 | 240,56 | 240,56 |  0,00 | 0,321 | 243,98 | 243,98 |  0,00 | 227,428 | 28,60 | 28,60 | 603,573 |   NaN | NaN | 0,00 | 0,00 | NaN
  53 |  0,00 | 3,232 | 561,55 | 561,55 | 598,66 |  0,00 | 0,098 | 44,35 | 44,35 |  0,00 | 0,126 | 244,68 | 244,68 |  0,00 | 0,309 | 243,92 | 243,92 |  0,00 | 204,416 | 28,60 | 28,60 | 643,708 |   NaN | NaN | 0,00 | 0,00 | NaN
  54 |  0,00 | 3,648 | 557,59 | 557,59 | 594,69 |  0,00 | 0,101 | 44,35 | 44,35 |  0,00 | 0,145 | 243,91 | 243,91 |  0,00 | 0,323 | 240,73 | 240,73 |  0,00 | 230,605 | 28,60 | 28,60 | 627,542 |   NaN | NaN | 0,00 | 0,00 | NaN
  55 |  0,00 | 2,530 | 559,78 | 559,78 | 596,83 |  0,00 | 0,086 | 44,35 | 44,35 |  0,00 | 0,091 | 242,91 | 242,91 |  0,00 | 0,284 | 243,91 | 243,91 |  0,00 | 158,901 | 28,60 | 28,60 | 594,350 |   NaN | NaN | 0,00 | 0,00 | NaN
  56 |  0,00 | 3,430 | 558,17 | 558,17 | 595,26 |  0,00 | 0,091 | 44,35 | 44,35 |  0,00 | 0,157 | 241,84 | 241,84 |  0,00 | 0,364 | 243,38 | 243,38 |  0,00 | 215,723 | 28,60 | 28,60 | 555,985 |   NaN | NaN | 0,00 | 0,00 | NaN
  57 |  0,00 | 3,203 | 561,00 | 561,00 | 598,11 |  0,00 | 0,089 | 44,35 | 44,35 |  0,00 | 0,139 | 243,70 | 243,70 |  0,00 | 0,350 | 244,35 | 244,35 |  0,00 | 201,797 | 28,60 | 28,60 | 503,433 |   NaN | NaN | 0,00 | 0,00 | NaN
  58 |  0,00 | 3,249 | 560,48 | 560,48 | 597,94 |  0,00 | 0,117 | 44,35 | 44,35 |  0,00 | 0,157 | 243,28 | 243,28 |  0,00 | 0,299 | 244,25 | 244,25 |  0,00 | 204,368 | 28,60 | 28,60 | 513,305 |   NaN | NaN | 0,00 | 0,00 | NaN
  59 |  0,00 | 2,272 | 564,40 | 564,40 | 604,10 |  0,00 | 0,136 | 44,35 | 44,35 |  0,00 | 0,142 | 244,51 | 244,51 |  0,00 | 0,229 | 246,94 | 246,94 |  0,00 | 140,811 | 28,60 | 28,60 | 467,662 |   NaN | NaN | 0,00 | 0,00 | NaN
  60 |  0,00 | 3,538 | 560,32 | 560,32 | 597,05 |  0,00 | 0,072 | 44,35 | 44,35 |  0,00 | 0,130 | 244,16 | 244,16 |  0,00 | 0,381 | 243,21 | 243,21 |  0,00 | 224,152 | 28,60 | 28,60 | 579,426 |   NaN | NaN | 0,00 | 0,00 | NaN
  61 |  0,00 | 2,930 | 562,05 | 562,05 | 599,14 |  0,00 | 0,094 | 44,35 | 44,35 |  0,00 | 0,126 | 244,10 | 244,10 |  0,00 | 0,307 | 244,99 | 244,99 |  0,00 | 184,615 | 28,60 | 28,60 | 611,612 |   NaN | NaN | 0,00 | 0,00 | NaN
  62 |  0,00 | 3,503 | 562,68 | 562,68 | 609,49 |  0,00 | 0,155 | 44,35 | 44,35 |  0,00 | 0,176 | 245,18 | 245,18 |  0,00 | 0,288 | 244,55 | 244,55 |  0,00 | 220,272 | 28,60 | 28,60 | 561,183 |   NaN | NaN | 0,00 | 0,00 | NaN
  63 |  0,00 | 2,523 | 562,02 | 562,02 | 599,28 |  0,00 | 0,110 | 44,35 | 44,35 |  0,00 | 0,120 | 245,11 | 245,11 |  0,00 | 0,261 | 243,96 | 243,96 |  0,00 | 157,840 | 28,60 | 28,60 | 600,232 |   NaN | NaN | 0,00 | 0,00 | NaN
  64 |  0,00 | 3,455 | 557,02 | 557,02 | 603,48 |  0,00 | 0,154 | 44,35 | 44,35 |  0,00 | 0,191 | 241,30 | 241,30 |  0,00 | 0,270 | 242,77 | 242,77 |  0,00 | 215,947 | 28,60 | 28,60 | 602,387 |   NaN | NaN | 0,00 | 0,00 | NaN

= = = = = = = = = = = = AVERAGE RESULTS system = = = = = = = = = = = =
meanPLR_system | 0,000000 
meanDelay_system | 2,254820 
meanLoad_system | 560,503048 
meanTHR_system | 560,503048 
meanGate_system | 599,653895 

meanPLR_EF_system | 0,000000 
meanPLR_AF_system | 0,000000 
meanPLR_BE_system | 0,000000 
meanPLR_FLA_system | 0,000000 
meanPLR_FLB_system | NaN 

meanTHR_EF_system | 44,352003 
meanTHR_AF_system | 243,995032 
meanTHR_BE_system | 243,555135 
meanTHR_FLA_system | 29,021969 
meanTHR_FLB_system | 0,000000 

meanLoad_EF_system | 44,352003 
meanLoad_AF_system | 243,995032 
meanLoad_BE_system | 243,555135 
meanLoad_FLA_system | 29,021969 
meanLoad_FLB_system | 0,000000 

meanDELAY_EF_system | 0,115526 
meanDELAY_AF_system | 0,148641 
meanDELAY_BE_system | 0,294468 
meanDELAY_FLA_system | 138,631765 
meanDELAY_FLB_system | NaN 
meanDELAY_CompleteFLA_system | 417,223942 
meanDELAY_CompleteFLB_system | NaN 

= = = = = = = = = = = = AVERAGE RESULTS = = = = = = = = = = = =
Packet Loss Ratio: 00,00 (%)
PROCESSED PACKAGES: 2092728718 
DISCARTED PACKAGES: 0 
TOTAL PACKAGES: 2092728718 
AVERAGE DELAY: 356,52 (ms) 
AVERAGE THROUGHPUT: 560,50 (Mbps) 
GRANTED THROUGHPUT: 38377,85 (Mbps) By 64 ONUs
EFFECTIVE THROUGHPUT: 35872,20 (Mbps) By 64 ONUs
TOTAL LOAD: 35872,20 (Mbps) By 64 ONUs
ON Arrival THROUGHPUT: 0,00 (Mbps) By 64 ONUs
FINISHTIMEFL: 203,762879 
FINISHTIME: 206,762879 


fileName | IPACT_LBVARIBLETOKENSBYCYCLE_5_28_65_0 
