
ONU ID 	|  PLR(%) | Delay(ms) | Throughput(Mbps) | Granted Throughput(Mbps) | Total Load (Mbps) 

  ID |  PLR(%) |  D  | Thr |  Gates  |  Load  | PLR-EF | D-EF | ThrEF | LoadEF | PLR-AF | D-AF | ThrAF | LoadAF | PLR-BE | D-BE | ThrBE | LoadBE | PLR-FA | D-FA | ThrFA | LoadFA | DTFA |  PLR-FB | D-FB | ThrFB | LoadFB | DTFB | 
   1 |  2,89 | 256,203 | 755,48 | 777,93 | 760,10 |  0,00 | 1,425 | 44,35 | 44,35 |  0,00 | 1,413 | 343,92 | 343,92 |  6,74 | 947,088 | 310,42 | 332,87 |  0,00 | 307,723 | 56,80 | 56,80 | 630,960 |   NaN | NaN | 0,00 | 0,00 | NaN
   2 |  3,04 | 240,006 | 753,32 | 776,97 | 757,94 |  0,00 | 1,461 | 44,35 | 44,35 |  0,00 | 1,423 | 339,05 | 339,05 |  7,02 | 878,354 | 313,13 | 336,78 |  0,00 | 281,989 | 56,80 | 56,80 | 571,573 |   NaN | NaN | 0,00 | 0,00 | NaN
   3 |  2,81 | 221,759 | 751,19 | 772,92 | 755,78 |  0,00 | 1,366 | 44,35 | 44,35 |  0,00 | 1,361 | 336,50 | 336,50 |  6,48 | 806,536 | 313,54 | 335,27 |  0,00 | 286,431 | 56,80 | 56,80 | 584,147 |   NaN | NaN | 0,00 | 0,00 | NaN
   4 |  3,56 | 247,701 | 754,71 | 782,57 | 759,32 |  0,00 | 1,400 | 44,35 | 44,35 |  0,00 | 1,366 | 343,94 | 343,94 |  8,25 | 916,570 | 309,62 | 337,48 |  0,00 | 303,840 | 56,80 | 56,80 | 610,154 |   NaN | NaN | 0,00 | 0,00 | NaN
   5 |  2,70 | 225,782 | 753,30 | 774,18 | 757,87 |  0,00 | 1,412 | 44,35 | 44,35 |  0,00 | 1,392 | 336,58 | 336,58 |  6,21 | 817,640 | 315,57 | 336,45 |  0,00 | 285,883 | 56,80 | 56,80 | 556,878 |   NaN | NaN | 0,00 | 0,00 | NaN
   6 |  3,52 | 246,464 | 754,06 | 781,54 | 758,63 |  0,00 | 1,349 | 44,35 | 44,35 |  0,00 | 1,339 | 341,77 | 341,77 |  8,11 | 908,910 | 311,14 | 338,62 |  0,00 | 287,018 | 56,80 | 56,80 | 576,412 |   NaN | NaN | 0,00 | 0,00 | NaN
   7 |  2,94 | 250,101 | 754,68 | 777,54 | 759,26 |  0,00 | 1,365 | 44,35 | 44,35 |  0,00 | 1,359 | 339,45 | 339,45 |  6,79 | 914,967 | 314,07 | 336,94 |  0,00 | 280,187 | 56,80 | 56,80 | 566,928 |   NaN | NaN | 0,00 | 0,00 | NaN
   8 |  3,02 | 248,153 | 753,35 | 776,77 | 757,95 |  0,00 | 1,414 | 44,35 | 44,35 |  0,00 | 1,410 | 335,21 | 335,21 |  6,88 | 898,662 | 316,99 | 340,41 |  0,00 | 278,629 | 56,80 | 56,80 | 574,683 |   NaN | NaN | 0,00 | 0,00 | NaN
   9 |  3,50 | 244,847 | 754,81 | 782,16 | 759,37 |  0,00 | 1,356 | 44,35 | 44,35 |  0,00 | 1,347 | 342,85 | 342,85 |  8,09 | 904,563 | 310,82 | 338,16 |  0,00 | 282,371 | 56,80 | 56,80 | 573,874 |   NaN | NaN | 0,00 | 0,00 | NaN
  10 |  2,56 | 231,883 | 754,90 | 774,76 | 759,48 |  0,00 | 1,415 | 44,35 | 44,35 |  0,00 | 1,409 | 337,13 | 337,13 |  5,90 | 839,589 | 316,62 | 336,48 |  0,00 | 280,108 | 56,80 | 56,80 | 574,709 |   NaN | NaN | 0,00 | 0,00 | NaN
  11 |  2,39 | 228,174 | 753,47 | 771,89 | 758,06 |  0,00 | 1,354 | 44,35 | 44,35 |  0,00 | 1,350 | 332,11 | 332,11 |  5,44 | 816,120 | 320,21 | 338,63 |  0,00 | 276,798 | 56,80 | 56,80 | 559,341 |   NaN | NaN | 0,00 | 0,00 | NaN
  12 |  2,70 | 228,108 | 753,75 | 774,68 | 758,35 |  0,00 | 1,426 | 44,35 | 44,35 |  0,00 | 1,410 | 335,64 | 335,64 |  6,19 | 822,048 | 316,96 | 337,89 |  0,00 | 295,767 | 56,80 | 56,80 | 601,501 |   NaN | NaN | 0,00 | 0,00 | NaN
  13 |  2,23 | 204,557 | 751,35 | 768,50 | 755,91 |  0,00 | 1,382 | 44,35 | 44,35 |  0,00 | 1,377 | 335,36 | 335,36 |  5,17 | 739,552 | 314,84 | 332,00 |  0,00 | 274,620 | 56,80 | 56,80 | 567,351 |   NaN | NaN | 0,00 | 0,00 | NaN
  14 |  3,54 | 238,935 | 752,03 | 779,66 | 756,63 |  0,00 | 1,424 | 44,35 | 44,35 |  0,00 | 1,417 | 339,02 | 339,02 |  8,14 | 876,254 | 311,86 | 339,49 |  0,00 | 287,260 | 56,80 | 56,80 | 585,478 |   NaN | NaN | 0,00 | 0,00 | NaN
  15 |  2,66 | 246,299 | 753,96 | 774,55 | 758,55 |  0,00 | 1,433 | 44,35 | 44,35 |  0,00 | 1,412 | 333,38 | 333,38 |  6,06 | 884,456 | 319,43 | 340,02 |  0,00 | 286,536 | 56,80 | 56,80 | 586,671 |   NaN | NaN | 0,00 | 0,00 | NaN
  16 |  3,74 | 252,550 | 754,19 | 783,45 | 758,76 |  0,00 | 1,451 | 44,35 | 44,35 |  0,00 | 1,403 | 338,56 | 338,56 |  8,51 | 922,156 | 314,48 | 343,75 |  0,00 | 286,217 | 56,80 | 56,80 | 582,274 |   NaN | NaN | 0,00 | 0,00 | NaN
  17 |  3,60 | 247,137 | 753,72 | 781,86 | 758,34 |  0,00 | 1,421 | 44,35 | 44,35 |  0,00 | 1,417 | 340,73 | 340,73 |  8,28 | 909,654 | 311,85 | 339,99 |  0,00 | 277,639 | 56,80 | 56,80 | 577,505 |   NaN | NaN | 0,00 | 0,00 | NaN
  18 |  2,72 | 237,539 | 751,43 | 772,41 | 755,98 |  0,00 | 1,401 | 44,35 | 44,35 |  0,00 | 1,394 | 333,99 | 333,99 |  6,22 | 858,125 | 316,29 | 337,27 |  0,00 | 288,159 | 56,80 | 56,80 | 592,905 |   NaN | NaN | 0,00 | 0,00 | NaN
  19 |  2,03 | 241,071 | 754,91 | 770,59 | 759,50 |  0,00 | 1,390 | 44,35 | 44,35 |  0,00 | 1,382 | 334,00 | 334,00 |  4,67 | 866,678 | 319,76 | 335,44 |  0,00 | 269,624 | 56,80 | 56,80 | 564,314 |   NaN | NaN | 0,00 | 0,00 | NaN
  20 |  2,12 | 220,953 | 754,69 | 771,01 | 759,27 |  0,00 | 1,384 | 44,35 | 44,35 |  0,00 | 1,378 | 337,78 | 337,78 |  4,91 | 801,353 | 315,77 | 332,08 |  0,00 | 274,222 | 56,80 | 56,80 | 554,100 |   NaN | NaN | 0,00 | 0,00 | NaN
  21 |  1,67 | 206,882 | 751,88 | 764,63 | 756,46 |  0,00 | 1,389 | 44,35 | 44,35 |  0,00 | 1,383 | 332,60 | 332,60 |  3,85 | 740,169 | 318,14 | 330,88 |  0,00 | 284,162 | 56,80 | 56,80 | 569,872 |   NaN | NaN | 0,00 | 0,00 | NaN
  22 |  3,62 | 257,374 | 754,48 | 782,84 | 759,13 |  0,00 | 1,482 | 44,35 | 44,35 |  0,00 | 1,426 | 346,07 | 346,07 |  8,45 | 961,089 | 307,25 | 335,62 |  0,00 | 299,193 | 56,80 | 56,80 | 617,984 |   NaN | NaN | 0,00 | 0,00 | NaN
  23 |  3,00 | 242,469 | 754,05 | 777,37 | 758,64 |  0,00 | 1,411 | 44,35 | 44,35 |  0,00 | 1,405 | 339,88 | 339,88 |  6,94 | 888,909 | 313,02 | 336,35 |  0,00 | 279,086 | 56,80 | 56,80 | 567,213 |   NaN | NaN | 0,00 | 0,00 | NaN
  24 |  3,00 | 250,171 | 753,94 | 777,26 | 758,54 |  0,00 | 1,371 | 44,35 | 44,35 |  0,00 | 1,366 | 336,05 | 336,05 |  6,86 | 905,900 | 316,74 | 340,06 |  0,00 | 292,981 | 56,80 | 56,80 | 596,754 |   NaN | NaN | 0,00 | 0,00 | NaN
  25 |  3,77 | 261,681 | 754,26 | 783,78 | 758,89 |  0,00 | 1,429 | 44,35 | 44,35 |  0,00 | 1,423 | 338,25 | 338,25 |  8,57 | 955,465 | 314,87 | 344,39 |  0,00 | 287,085 | 56,80 | 56,80 | 579,570 |   NaN | NaN | 0,00 | 0,00 | NaN
  26 |  2,56 | 230,299 | 753,79 | 773,58 | 758,38 |  0,00 | 1,426 | 44,35 | 44,35 |  0,00 | 1,418 | 336,47 | 336,47 |  5,89 | 833,631 | 316,17 | 335,96 |  0,00 | 286,298 | 56,80 | 56,80 | 580,686 |   NaN | NaN | 0,00 | 0,00 | NaN
  27 |  2,45 | 235,235 | 752,89 | 771,84 | 757,45 |  0,00 | 1,380 | 44,35 | 44,35 |  0,00 | 1,346 | 337,33 | 337,33 |  5,68 | 857,284 | 314,41 | 333,36 |  0,00 | 275,180 | 56,80 | 56,80 | 581,542 |   NaN | NaN | 0,00 | 0,00 | NaN
  28 |  2,41 | 240,894 | 753,51 | 772,08 | 758,13 |  0,00 | 1,420 | 44,35 | 44,35 |  0,00 | 1,413 | 338,71 | 338,71 |  5,59 | 879,943 | 313,65 | 332,22 |  0,00 | 287,730 | 56,80 | 56,80 | 602,501 |   NaN | NaN | 0,00 | 0,00 | NaN
  29 |  3,51 | 244,190 | 753,15 | 780,56 | 757,71 |  0,00 | 1,402 | 44,35 | 44,35 |  0,00 | 1,392 | 339,45 | 339,45 |  8,07 | 895,122 | 312,54 | 339,96 |  0,00 | 287,780 | 56,80 | 56,80 | 595,533 |   NaN | NaN | 0,00 | 0,00 | NaN
  30 |  2,71 | 231,017 | 752,55 | 773,55 | 757,15 |  0,00 | 1,429 | 44,35 | 44,35 |  0,00 | 1,423 | 336,12 | 336,12 |  6,24 | 838,555 | 315,29 | 336,29 |  0,00 | 277,700 | 56,80 | 56,80 | 572,966 |   NaN | NaN | 0,00 | 0,00 | NaN
  31 |  2,63 | 229,701 | 754,17 | 774,52 | 758,73 |  0,00 | 1,394 | 44,35 | 44,35 |  0,00 | 1,389 | 337,76 | 337,76 |  6,06 | 835,471 | 315,26 | 335,62 |  0,00 | 268,062 | 56,80 | 56,80 | 557,639 |   NaN | NaN | 0,00 | 0,00 | NaN
  32 |  2,77 | 221,739 | 755,59 | 777,10 | 760,16 |  0,00 | 1,698 | 44,35 | 44,35 |  0,00 | 1,346 | 336,66 | 336,66 |  6,34 | 797,696 | 317,79 | 339,29 |  0,00 | 288,784 | 56,80 | 56,80 | 579,620 |   NaN | NaN | 0,00 | 0,00 | NaN
  33 |  2,28 | 235,129 | 753,85 | 771,44 | 758,43 |  0,00 | 1,416 | 44,35 | 44,35 |  0,00 | 1,410 | 335,04 | 335,04 |  5,25 | 848,198 | 317,66 | 335,25 |  0,00 | 279,121 | 56,80 | 56,80 | 565,292 |   NaN | NaN | 0,00 | 0,00 | NaN
  34 |  2,21 | 226,746 | 754,80 | 771,89 | 759,38 |  0,00 | 1,411 | 44,35 | 44,35 |  0,00 | 1,401 | 337,69 | 337,69 |  5,13 | 822,535 | 315,96 | 333,05 |  0,00 | 276,703 | 56,80 | 56,80 | 559,696 |   NaN | NaN | 0,00 | 0,00 | NaN
  35 |  3,48 | 257,231 | 755,11 | 782,34 | 759,67 |  0,00 | 1,356 | 44,35 | 44,35 |  0,00 | 1,350 | 339,36 | 339,36 |  7,96 | 940,364 | 314,60 | 341,82 |  0,00 | 285,092 | 56,80 | 56,80 | 580,545 |   NaN | NaN | 0,00 | 0,00 | NaN
  36 |  2,28 | 222,480 | 754,74 | 772,36 | 759,31 |  0,00 | 1,409 | 44,35 | 44,35 |  0,00 | 1,404 | 332,37 | 332,37 |  5,20 | 794,077 | 321,23 | 338,84 |  0,00 | 264,870 | 56,80 | 56,80 | 547,469 |   NaN | NaN | 0,00 | 0,00 | NaN
  37 |  3,47 | 253,329 | 755,42 | 782,56 | 760,00 |  0,00 | 1,414 | 44,35 | 44,35 |  0,00 | 1,390 | 343,16 | 343,16 |  8,02 | 937,224 | 311,11 | 338,25 |  0,00 | 273,994 | 56,80 | 56,80 | 576,676 |   NaN | NaN | 0,00 | 0,00 | NaN
  38 |  3,37 | 248,865 | 753,09 | 779,38 | 757,67 |  0,00 | 1,384 | 44,35 | 44,35 |  0,00 | 1,377 | 340,37 | 340,37 |  7,78 | 916,991 | 311,57 | 337,87 |  0,00 | 276,814 | 56,80 | 56,80 | 565,669 |   NaN | NaN | 0,00 | 0,00 | NaN
  39 |  1,62 | 208,976 | 752,49 | 764,91 | 757,10 |  0,00 | 1,432 | 44,35 | 44,35 |  0,00 | 1,423 | 332,97 | 332,97 |  3,75 | 748,682 | 318,38 | 330,79 |  0,00 | 270,241 | 56,80 | 56,80 | 562,678 |   NaN | NaN | 0,00 | 0,00 | NaN
  40 |  1,96 | 217,768 | 752,92 | 767,95 | 757,52 |  0,00 | 1,430 | 44,35 | 44,35 |  0,00 | 1,421 | 335,84 | 335,84 |  4,54 | 786,769 | 315,93 | 330,97 |  0,00 | 283,489 | 56,80 | 56,80 | 565,075 |   NaN | NaN | 0,00 | 0,00 | NaN
  41 |  3,35 | 235,178 | 751,78 | 777,81 | 756,36 |  0,00 | 1,413 | 44,35 | 44,35 |  0,00 | 1,406 | 334,10 | 334,10 |  7,60 | 848,766 | 316,53 | 342,56 |  0,00 | 292,541 | 56,80 | 56,80 | 595,784 |   NaN | NaN | 0,00 | 0,00 | NaN
  42 |  3,60 | 255,080 | 754,26 | 782,41 | 758,81 |  0,00 | 1,378 | 44,35 | 44,35 |  0,00 | 1,350 | 340,22 | 340,22 |  8,25 | 937,154 | 312,89 | 341,04 |  0,00 | 282,867 | 56,80 | 56,80 | 583,227 |   NaN | NaN | 0,00 | 0,00 | NaN
  43 |  3,61 | 249,155 | 753,86 | 782,11 | 758,47 |  0,00 | 1,434 | 44,35 | 44,35 |  0,00 | 1,430 | 340,32 | 340,32 |  8,30 | 916,452 | 312,39 | 340,65 |  0,00 | 271,779 | 56,80 | 56,80 | 565,259 |   NaN | NaN | 0,00 | 0,00 | NaN
  44 |  3,36 | 262,502 | 754,53 | 780,80 | 759,11 |  0,00 | 1,346 | 44,35 | 44,35 |  0,00 | 1,341 | 337,85 | 337,85 |  7,69 | 956,415 | 315,54 | 341,81 |  0,00 | 292,134 | 56,80 | 56,80 | 588,995 |   NaN | NaN | 0,00 | 0,00 | NaN
  45 |  2,91 | 233,884 | 753,44 | 776,04 | 758,04 |  0,00 | 1,431 | 44,35 | 44,35 |  0,00 | 1,424 | 341,53 | 341,53 |  6,78 | 862,370 | 310,76 | 333,36 |  0,00 | 278,545 | 56,80 | 56,80 | 572,681 |   NaN | NaN | 0,00 | 0,00 | NaN
  46 |  3,10 | 237,703 | 752,73 | 776,82 | 757,30 |  0,00 | 1,384 | 44,35 | 44,35 |  0,00 | 1,365 | 335,90 | 335,90 |  7,09 | 862,765 | 315,68 | 339,78 |  0,00 | 276,977 | 56,80 | 56,80 | 564,082 |   NaN | NaN | 0,00 | 0,00 | NaN
  47 |  2,58 | 222,069 | 751,53 | 771,40 | 756,12 |  0,00 | 1,368 | 44,35 | 44,35 |  0,00 | 1,362 | 336,64 | 336,64 |  5,96 | 806,129 | 313,74 | 333,61 |  0,00 | 297,006 | 56,80 | 56,80 | 597,719 |   NaN | NaN | 0,00 | 0,00 | NaN
  48 |  2,77 | 244,856 | 751,51 | 772,88 | 756,09 |  0,00 | 1,452 | 44,35 | 44,35 |  0,00 | 1,395 | 335,96 | 335,96 |  6,36 | 891,151 | 314,40 | 335,78 |  0,00 | 289,089 | 56,80 | 56,80 | 582,675 |   NaN | NaN | 0,00 | 0,00 | NaN
  49 |  2,25 | 229,271 | 753,40 | 770,78 | 757,99 |  0,00 | 1,410 | 44,35 | 44,35 |  0,00 | 1,405 | 335,41 | 335,41 |  5,20 | 827,778 | 316,84 | 334,22 |  0,00 | 284,187 | 56,80 | 56,80 | 602,903 |   NaN | NaN | 0,00 | 0,00 | NaN
  50 |  2,51 | 233,605 | 755,75 | 775,24 | 760,34 |  0,00 | 1,364 | 44,35 | 44,35 |  0,00 | 1,359 | 337,89 | 337,89 |  5,80 | 845,084 | 316,71 | 336,20 |  0,00 | 294,990 | 56,80 | 56,80 | 601,880 |   NaN | NaN | 0,00 | 0,00 | NaN
  51 |  3,00 | 231,643 | 752,99 | 776,29 | 757,55 |  0,00 | 1,362 | 44,35 | 44,35 |  0,00 | 1,357 | 336,85 | 336,85 |  6,89 | 842,700 | 315,00 | 338,29 |  0,00 | 271,809 | 56,80 | 56,80 | 554,203 |   NaN | NaN | 0,00 | 0,00 | NaN
  52 |  2,96 | 241,733 | 754,97 | 778,00 | 759,56 |  0,00 | 1,389 | 44,35 | 44,35 |  0,00 | 1,383 | 334,15 | 334,15 |  6,72 | 869,093 | 319,68 | 342,71 |  0,00 | 270,013 | 56,80 | 56,80 | 547,377 |   NaN | NaN | 0,00 | 0,00 | NaN
  53 |  2,94 | 237,426 | 752,56 | 775,34 | 757,12 |  0,00 | 1,376 | 44,35 | 44,35 |  0,00 | 1,371 | 337,97 | 337,97 |  6,78 | 867,432 | 313,44 | 336,22 |  0,00 | 281,885 | 56,80 | 56,80 | 563,702 |   NaN | NaN | 0,00 | 0,00 | NaN
  54 |  2,18 | 229,652 | 753,88 | 770,69 | 758,45 |  0,00 | 1,487 | 44,35 | 44,35 |  0,00 | 1,373 | 337,02 | 337,02 |  5,06 | 833,081 | 315,71 | 332,52 |  0,00 | 277,611 | 56,80 | 56,80 | 586,366 |   NaN | NaN | 0,00 | 0,00 | NaN
  55 |  2,36 | 226,958 | 752,66 | 770,84 | 757,22 |  0,00 | 1,363 | 44,35 | 44,35 |  0,00 | 1,358 | 334,37 | 334,37 |  5,42 | 818,314 | 317,14 | 335,32 |  0,00 | 280,622 | 56,80 | 56,80 | 579,749 |   NaN | NaN | 0,00 | 0,00 | NaN
  56 |  2,02 | 235,205 | 753,88 | 769,40 | 758,44 |  0,00 | 1,374 | 44,35 | 44,35 |  0,00 | 1,364 | 333,33 | 333,33 |  4,63 | 845,523 | 319,40 | 334,92 |  0,00 | 267,776 | 56,80 | 56,80 | 547,773 |   NaN | NaN | 0,00 | 0,00 | NaN
  57 |  2,75 | 222,473 | 752,81 | 774,10 | 757,40 |  0,00 | 1,367 | 44,35 | 44,35 |  0,00 | 1,361 | 335,09 | 335,09 |  6,30 | 801,669 | 316,58 | 337,87 |  0,00 | 291,429 | 56,80 | 56,80 | 582,400 |   NaN | NaN | 0,00 | 0,00 | NaN
  58 |  2,94 | 254,370 | 754,57 | 777,39 | 759,15 |  0,00 | 1,395 | 44,35 | 44,35 |  0,00 | 1,390 | 339,91 | 339,91 |  6,79 | 932,247 | 313,51 | 336,33 |  0,00 | 285,646 | 56,80 | 56,80 | 583,402 |   NaN | NaN | 0,00 | 0,00 | NaN
  59 |  3,50 | 239,863 | 754,10 | 781,48 | 758,69 |  0,00 | 1,414 | 44,35 | 44,35 |  0,00 | 1,408 | 336,14 | 336,14 |  7,95 | 868,779 | 316,82 | 344,19 |  0,00 | 273,295 | 56,80 | 56,80 | 548,055 |   NaN | NaN | 0,00 | 0,00 | NaN
  60 |  3,09 | 233,539 | 752,29 | 776,24 | 756,84 |  0,00 | 1,351 | 44,35 | 44,35 |  0,00 | 1,343 | 339,30 | 339,30 |  7,13 | 856,459 | 311,84 | 335,79 |  0,00 | 283,305 | 56,80 | 56,80 | 561,265 |   NaN | NaN | 0,00 | 0,00 | NaN
  61 |  3,26 | 249,740 | 754,24 | 779,68 | 758,82 |  0,00 | 1,491 | 44,35 | 44,35 |  0,00 | 1,366 | 339,62 | 339,62 |  7,51 | 912,335 | 313,47 | 338,91 |  0,00 | 303,410 | 56,80 | 56,80 | 604,913 |   NaN | NaN | 0,00 | 0,00 | NaN
  62 |  3,17 | 243,581 | 752,41 | 777,04 | 757,03 |  0,00 | 1,443 | 44,35 | 44,35 |  0,00 | 1,428 | 336,63 | 336,63 |  7,26 | 888,087 | 314,63 | 339,26 |  0,00 | 269,268 | 56,80 | 56,80 | 544,067 |   NaN | NaN | 0,00 | 0,00 | NaN
  63 |  2,84 | 239,648 | 752,01 | 774,03 | 756,59 |  0,00 | 1,388 | 44,35 | 44,35 |  0,00 | 1,383 | 338,60 | 338,60 |  6,59 | 877,453 | 312,25 | 334,27 |  0,00 | 294,716 | 56,80 | 56,80 | 618,515 |   NaN | NaN | 0,00 | 0,00 | NaN
  64 |  2,10 | 213,930 | 752,56 | 768,72 | 757,18 |  0,00 | 1,431 | 44,35 | 44,35 |  0,00 | 1,426 | 334,63 | 334,63 |  4,85 | 771,423 | 316,79 | 332,95 |  0,00 | 268,999 | 56,80 | 56,80 | 552,815 |   NaN | NaN | 0,00 | 0,00 | NaN

= = = = = = = = = = = = AVERAGE RESULTS system = = = = = = = = = = = =
meanPLR_system | 2,846660 
meanDelay_system | 237,241613 
meanLoad_system | 775,678433 
meanTHR_system | 753,573216 
meanGate_system | 758,157523 

meanPLR_EF_system | 0,000000 
meanPLR_AF_system | 0,000000 
meanPLR_BE_system | 6,549346 
meanPLR_FLA_system | 0,000000 
meanPLR_FLB_system | NaN 

meanTHR_EF_system | 44,352002 
meanTHR_AF_system | 337,477551 
meanTHR_BE_system | 314,947940 
meanTHR_FLA_system | 57,964812 
meanTHR_FLB_system | 0,000000 

meanLoad_EF_system | 44,352002 
meanLoad_AF_system | 337,477551 
meanLoad_BE_system | 337,053157 
meanLoad_FLA_system | 57,964812 
meanLoad_FLB_system | 0,000000 

meanDELAY_EF_system | 1,408156 
meanDELAY_AF_system | 1,387735 
meanDELAY_BE_system | 863,312552 
meanDELAY_FLA_system | 282,738862 
meanDELAY_FLB_system | NaN 
meanDELAY_CompleteFLA_system | 577,289790 
meanDELAY_CompleteFLB_system | NaN 

= = = = = = = = = = = = AVERAGE RESULTS = = = = = = = = = = = =
Packet Loss Ratio: 02,85 (%)
PROCESSED PACKAGES: 1774506045 
DISCARTED PACKAGES: 32876667 
TOTAL PACKAGES: 1807382712 
AVERAGE DELAY: 44224,26 (ms) 
AVERAGE THROUGHPUT: 753,57 (Mbps) 
GRANTED THROUGHPUT: 48522,08 (Mbps) By 64 ONUs
EFFECTIVE THROUGHPUT: 48228,69 (Mbps) By 64 ONUs
TOTAL LOAD: 49643,42 (Mbps) By 64 ONUs
ON Arrival THROUGHPUT: 0,00 (Mbps) By 64 ONUs
FINISHTIMEFL: 145,743593 
FINISHTIME: 148,743593 


fileName | IPACT_STRICTPRIORITYFIRSTAF_2_40_90_0 
