
ONU ID 	|  PLR(%) | Delay(ms) | Throughput(Mbps) | Granted Throughput(Mbps) | Total Load (Mbps) 

  ID |  PLR(%) |  D  | Thr |  Gates  |  Load  | PLR-EF | D-EF | ThrEF | LoadEF | PLR-AF | D-AF | ThrAF | LoadAF | PLR-BE | D-BE | ThrBE | LoadBE | PLR-FA | D-FA | ThrFA | LoadFA | DTFA |  PLR-FB | D-FB | ThrFB | LoadFB | DTFB | 
   1 |  0,00 | 1,172 | 602,43 | 602,43 | 632,07 |  0,00 | 0,342 | 44,35 | 44,35 |  0,00 | 0,852 | 210,46 | 210,46 |  0,00 | 0,977 | 203,21 | 203,21 |  0,00 | 8,031 | 144,41 | 144,41 | 38,175 |   NaN | NaN | 0,00 | 0,00 | NaN
   2 |  0,00 | 5,364 | 603,54 | 603,54 | 636,43 |  0,00 | 0,354 | 44,35 | 44,35 |  0,00 | 0,369 | 207,36 | 207,36 |  0,00 | 0,501 | 207,42 | 207,42 |  0,00 | 65,013 | 144,41 | 144,41 | 135,009 |   NaN | NaN | 0,00 | 0,00 | NaN
   3 |  0,00 | 4,441 | 604,87 | 604,87 | 631,12 |  0,00 | 0,290 | 44,35 | 44,35 |  0,00 | 0,321 | 208,79 | 208,79 |  0,00 | 0,595 | 207,33 | 207,33 |  0,00 | 53,394 | 144,41 | 144,41 | 116,335 |   NaN | NaN | 0,00 | 0,00 | NaN
   4 |  0,00 | 1,059 | 604,96 | 604,96 | 630,63 |  0,00 | 0,296 | 44,35 | 44,35 |  0,00 | 0,715 | 211,53 | 211,53 |  0,00 | 0,938 | 204,67 | 204,67 |  0,00 | 7,348 | 144,41 | 144,41 | 34,877 |   NaN | NaN | 0,00 | 0,00 | NaN
   5 |  0,00 | 11,432 | 599,52 | 599,52 | 626,40 |  0,00 | 0,321 | 44,35 | 44,35 |  0,00 | 0,396 | 205,60 | 205,60 |  0,00 | 0,594 | 205,16 | 205,16 |  0,00 | 143,193 | 144,41 | 144,41 | 271,195 |   NaN | NaN | 0,00 | 0,00 | NaN
   6 |  0,00 | 7,331 | 604,56 | 604,56 | 630,26 |  0,00 | 0,271 | 44,35 | 44,35 |  0,00 | 0,297 | 209,61 | 209,61 |  0,00 | 0,575 | 206,19 | 206,19 |  0,00 | 91,213 | 144,41 | 144,41 | 176,417 |   NaN | NaN | 0,00 | 0,00 | NaN
   7 |  0,00 | 1,543 | 600,60 | 600,60 | 627,68 |  0,00 | 0,289 | 44,35 | 44,35 |  0,00 | 1,023 | 207,96 | 207,96 |  0,00 | 1,283 | 203,88 | 203,88 |  0,00 | 11,904 | 144,41 | 144,41 | 45,088 |   NaN | NaN | 0,00 | 0,00 | NaN
   8 |  0,00 | 6,100 | 604,04 | 604,04 | 632,95 |  0,00 | 0,338 | 44,35 | 44,35 |  0,00 | 0,353 | 205,44 | 205,44 |  0,00 | 0,489 | 209,84 | 209,84 |  0,00 | 74,793 | 144,41 | 144,41 | 150,330 |   NaN | NaN | 0,00 | 0,00 | NaN
   9 |  0,00 | 1,421 | 605,77 | 605,77 | 631,76 |  0,00 | 0,279 | 44,35 | 44,35 |  0,00 | 0,571 | 209,30 | 209,30 |  0,00 | 1,032 | 207,71 | 207,71 |  0,00 | 12,312 | 144,41 | 144,41 | 42,329 |   NaN | NaN | 0,00 | 0,00 | NaN
  10 |  0,00 | 1,275 | 598,96 | 598,96 | 628,31 |  0,00 | 0,339 | 44,35 | 44,35 |  0,00 | 0,873 | 205,83 | 205,83 |  0,00 | 1,003 | 204,37 | 204,37 |  0,00 | 9,238 | 144,41 | 144,41 | 39,022 |   NaN | NaN | 0,00 | 0,00 | NaN
  11 |  0,00 | 15,796 | 596,75 | 596,75 | 622,92 |  0,00 | 0,279 | 44,35 | 44,35 |  0,00 | 0,466 | 201,00 | 201,00 |  0,00 | 0,736 | 206,99 | 206,99 |  0,00 | 198,809 | 144,41 | 144,41 | 436,199 |   NaN | NaN | 0,00 | 0,00 | NaN
  12 |  0,00 | 8,245 | 604,08 | 604,08 | 633,52 |  0,00 | 0,341 | 44,35 | 44,35 |  0,00 | 0,365 | 207,60 | 207,60 |  0,00 | 0,518 | 207,73 | 207,73 |  0,00 | 102,551 | 144,41 | 144,41 | 195,383 |   NaN | NaN | 0,00 | 0,00 | NaN
  13 |  0,00 | 5,397 | 599,94 | 599,94 | 626,32 |  0,00 | 0,306 | 44,35 | 44,35 |  0,00 | 0,339 | 204,45 | 204,45 |  0,00 | 0,611 | 206,74 | 206,74 |  0,00 | 65,306 | 144,41 | 144,41 | 135,487 |   NaN | NaN | 0,00 | 0,00 | NaN
  14 |  0,00 | 11,129 | 603,41 | 603,41 | 634,26 |  0,00 | 0,347 | 44,35 | 44,35 |  0,00 | 0,419 | 207,73 | 207,73 |  0,00 | 0,520 | 206,93 | 206,93 |  0,00 | 139,776 | 144,41 | 144,41 | 264,013 |   NaN | NaN | 0,00 | 0,00 | NaN
  15 |  0,00 | 1,425 | 599,40 | 599,40 | 629,43 |  0,00 | 0,341 | 44,35 | 44,35 |  0,00 | 1,039 | 203,01 | 203,01 |  0,00 | 1,131 | 207,64 | 207,64 |  0,00 | 10,382 | 144,41 | 144,41 | 44,004 |   NaN | NaN | 0,00 | 0,00 | NaN
  16 |  0,00 | 2,806 | 605,22 | 605,22 | 633,09 |  0,00 | 0,332 | 44,35 | 44,35 |  0,00 | 0,345 | 205,70 | 205,70 |  0,00 | 0,546 | 210,75 | 210,75 |  0,00 | 31,910 | 144,41 | 144,41 | 74,673 |   NaN | NaN | 0,00 | 0,00 | NaN
  17 |  0,00 | 2,307 | 602,92 | 602,92 | 633,09 |  0,00 | 0,345 | 44,35 | 44,35 |  0,00 | 0,355 | 206,00 | 206,00 |  0,00 | 0,730 | 208,16 | 208,16 |  0,00 | 24,744 | 144,41 | 144,41 | 62,131 |   NaN | NaN | 0,00 | 0,00 | NaN
  18 |  0,00 | 9,094 | 599,64 | 599,64 | 626,52 |  0,00 | 0,322 | 44,35 | 44,35 |  0,00 | 0,350 | 204,13 | 204,13 |  0,00 | 0,470 | 206,74 | 206,74 |  0,00 | 113,378 | 144,41 | 144,41 | 332,392 |   NaN | NaN | 0,00 | 0,00 | NaN
  19 |  0,00 | 14,829 | 597,65 | 597,65 | 624,18 |  0,00 | 0,312 | 44,35 | 44,35 |  0,00 | 0,571 | 202,37 | 202,37 |  0,00 | 0,776 | 206,52 | 206,52 |  0,00 | 185,886 | 144,41 | 144,41 | 370,388 |   NaN | NaN | 0,00 | 0,00 | NaN
  20 |  0,00 | 14,904 | 599,21 | 599,21 | 625,59 |  0,00 | 0,308 | 44,35 | 44,35 |  0,00 | 0,584 | 207,45 | 207,45 |  0,00 | 0,868 | 203,00 | 203,00 |  0,00 | 186,891 | 144,41 | 144,41 | 428,001 |   NaN | NaN | 0,00 | 0,00 | NaN
  21 |  0,00 | 1,108 | 595,57 | 595,57 | 621,56 |  0,00 | 0,313 | 44,35 | 44,35 |  0,00 | 0,748 | 204,31 | 204,31 |  0,00 | 0,947 | 202,50 | 202,50 |  0,00 | 7,717 | 144,41 | 144,41 | 35,383 |   NaN | NaN | 0,00 | 0,00 | NaN
  22 |  0,00 | 12,093 | 602,38 | 602,38 | 634,61 |  0,00 | 0,351 | 44,35 | 44,35 |  0,00 | 0,446 | 209,87 | 209,87 |  0,00 | 0,547 | 203,75 | 203,75 |  0,00 | 151,971 | 144,41 | 144,41 | 290,325 |   NaN | NaN | 0,00 | 0,00 | NaN
  23 |  0,00 | 16,445 | 604,43 | 604,43 | 632,54 |  0,00 | 0,333 | 44,35 | 44,35 |  0,00 | 0,626 | 207,43 | 207,43 |  0,00 | 0,906 | 208,24 | 208,24 |  0,00 | 207,516 | 144,41 | 144,41 | 426,986 |   NaN | NaN | 0,00 | 0,00 | NaN
  24 |  0,00 | 5,359 | 602,45 | 602,45 | 628,70 |  0,00 | 0,295 | 44,35 | 44,35 |  0,00 | 0,330 | 207,15 | 207,15 |  0,00 | 0,564 | 206,54 | 206,54 |  0,00 | 65,208 | 144,41 | 144,41 | 135,309 |   NaN | NaN | 0,00 | 0,00 | NaN
  25 |  0,00 | 1,014 | 605,50 | 605,50 | 637,24 |  0,00 | 0,353 | 44,35 | 44,35 |  0,00 | 0,741 | 204,29 | 204,29 |  0,00 | 0,870 | 212,45 | 212,45 |  0,00 | 6,494 | 144,41 | 144,41 | 34,479 |   NaN | NaN | 0,00 | 0,00 | NaN
  26 |  0,00 | 1,663 | 600,30 | 600,30 | 632,26 |  0,00 | 0,349 | 44,35 | 44,35 |  0,00 | 1,090 | 206,12 | 206,12 |  0,00 | 1,228 | 205,42 | 205,42 |  0,00 | 13,024 | 144,41 | 144,41 | 45,311 |   NaN | NaN | 0,00 | 0,00 | NaN
  27 |  0,00 | 7,798 | 598,07 | 598,07 | 624,10 |  0,00 | 0,276 | 44,35 | 44,35 |  0,00 | 0,296 | 204,56 | 204,56 |  0,00 | 0,520 | 204,75 | 204,75 |  0,00 | 96,778 | 144,41 | 144,41 | 302,437 |   NaN | NaN | 0,00 | 0,00 | NaN
  28 |  0,00 | 16,532 | 600,26 | 600,26 | 629,82 |  0,00 | 0,341 | 44,35 | 44,35 |  0,00 | 0,617 | 207,92 | 207,92 |  0,00 | 0,863 | 203,58 | 203,58 |  0,00 | 207,891 | 144,41 | 144,41 | 428,971 |   NaN | NaN | 0,00 | 0,00 | NaN
  29 |  0,00 | 16,286 | 602,57 | 602,57 | 629,47 |  0,00 | 0,321 | 44,35 | 44,35 |  0,00 | 0,645 | 208,43 | 208,43 |  0,00 | 0,970 | 205,38 | 205,38 |  0,00 | 204,921 | 144,41 | 144,41 | 438,529 |   NaN | NaN | 0,00 | 0,00 | NaN
  30 |  0,00 | 12,517 | 595,22 | 595,22 | 627,48 |  0,00 | 0,351 | 44,35 | 44,35 |  0,00 | 0,504 | 203,35 | 203,35 |  0,00 | 0,731 | 203,11 | 203,11 |  0,00 | 155,688 | 144,41 | 144,41 | 394,828 |   NaN | NaN | 0,00 | 0,00 | NaN
  31 |  0,00 | 16,495 | 600,00 | 600,00 | 626,71 |  0,00 | 0,318 | 44,35 | 44,35 |  0,00 | 0,612 | 206,02 | 206,02 |  0,00 | 0,882 | 205,22 | 205,22 |  0,00 | 207,496 | 144,41 | 144,41 | 427,044 |   NaN | NaN | 0,00 | 0,00 | NaN
  32 |  0,00 | 15,818 | 595,22 | 595,22 | 621,29 |  0,00 | 0,275 | 44,35 | 44,35 |  0,00 | 0,589 | 202,93 | 202,93 |  0,00 | 1,037 | 203,53 | 203,53 |  0,00 | 197,706 | 144,41 | 144,41 | 435,794 |   NaN | NaN | 0,00 | 0,00 | NaN
  33 |  0,00 | 14,226 | 597,12 | 597,12 | 626,42 |  0,00 | 0,340 | 44,35 | 44,35 |  0,00 | 0,493 | 203,04 | 203,04 |  0,00 | 0,790 | 205,33 | 205,33 |  0,00 | 178,010 | 144,41 | 144,41 | 419,666 |   NaN | NaN | 0,00 | 0,00 | NaN
  34 |  0,00 | 4,744 | 598,62 | 598,62 | 626,19 |  0,00 | 0,332 | 44,35 | 44,35 |  0,00 | 0,336 | 208,67 | 208,67 |  0,00 | 0,453 | 201,19 | 201,19 |  0,00 | 57,044 | 144,41 | 144,41 | 191,922 |   NaN | NaN | 0,00 | 0,00 | NaN
  35 |  0,00 | 3,796 | 603,58 | 603,58 | 629,66 |  0,00 | 0,281 | 44,35 | 44,35 |  0,00 | 0,286 | 207,47 | 207,47 |  0,00 | 0,501 | 207,36 | 207,36 |  0,00 | 45,352 | 144,41 | 144,41 | 126,408 |   NaN | NaN | 0,00 | 0,00 | NaN
  36 |  0,00 | 6,491 | 596,84 | 596,84 | 625,01 |  0,00 | 0,334 | 44,35 | 44,35 |  0,00 | 0,356 | 201,90 | 201,90 |  0,00 | 0,470 | 206,18 | 206,18 |  0,00 | 79,382 | 144,41 | 144,41 | 264,588 |   NaN | NaN | 0,00 | 0,00 | NaN
  37 |  0,00 | 15,691 | 602,83 | 602,83 | 629,47 |  0,00 | 0,316 | 44,35 | 44,35 |  0,00 | 0,583 | 209,09 | 209,09 |  0,00 | 0,959 | 204,98 | 204,98 |  0,00 | 197,497 | 144,41 | 144,41 | 435,593 |   NaN | NaN | 0,00 | 0,00 | NaN
  38 |  0,00 | 11,502 | 600,01 | 600,01 | 626,41 |  0,00 | 0,308 | 44,35 | 44,35 |  0,00 | 0,538 | 206,77 | 206,77 |  0,00 | 0,944 | 204,49 | 204,49 |  0,00 | 142,910 | 144,41 | 144,41 | 378,599 |   NaN | NaN | 0,00 | 0,00 | NaN
  39 |  0,00 | 14,490 | 596,08 | 596,08 | 628,25 |  0,00 | 0,351 | 44,35 | 44,35 |  0,00 | 0,512 | 204,18 | 204,18 |  0,00 | 0,739 | 203,14 | 203,14 |  0,00 | 181,249 | 144,41 | 144,41 | 423,056 |   NaN | NaN | 0,00 | 0,00 | NaN
  40 |  0,00 | 8,219 | 597,98 | 597,98 | 630,13 |  0,00 | 0,351 | 44,35 | 44,35 |  0,00 | 0,398 | 204,75 | 204,75 |  0,00 | 0,446 | 204,48 | 204,48 |  0,00 | 101,642 | 144,41 | 144,41 | 311,635 |   NaN | NaN | 0,00 | 0,00 | NaN
  41 |  0,00 | 16,427 | 606,00 | 606,00 | 634,26 |  0,00 | 0,334 | 44,35 | 44,35 |  0,00 | 0,557 | 207,82 | 207,82 |  0,00 | 0,637 | 209,43 | 209,43 |  0,00 | 208,528 | 144,41 | 144,41 | 436,275 |   NaN | NaN | 0,00 | 0,00 | NaN
  42 |  0,00 | 16,213 | 603,80 | 603,80 | 630,05 |  0,00 | 0,280 | 44,35 | 44,35 |  0,00 | 0,508 | 206,50 | 206,50 |  0,00 | 0,975 | 208,54 | 208,54 |  0,00 | 204,864 | 144,41 | 144,41 | 438,532 |   NaN | NaN | 0,00 | 0,00 | NaN
  43 |  0,00 | 14,490 | 599,58 | 599,58 | 630,50 |  0,00 | 0,358 | 44,35 | 44,35 |  0,00 | 0,542 | 205,14 | 205,14 |  0,00 | 0,809 | 205,68 | 205,68 |  0,00 | 181,533 | 144,41 | 144,41 | 423,367 |   NaN | NaN | 0,00 | 0,00 | NaN
  44 |  0,00 | 16,501 | 603,46 | 603,46 | 629,24 |  0,00 | 0,272 | 44,35 | 44,35 |  0,00 | 0,507 | 206,14 | 206,14 |  0,00 | 0,922 | 208,55 | 208,55 |  0,00 | 208,765 | 144,41 | 144,41 | 433,962 |   NaN | NaN | 0,00 | 0,00 | NaN
  45 |  0,00 | 16,396 | 602,52 | 602,52 | 635,82 |  0,00 | 0,355 | 44,35 | 44,35 |  0,00 | 0,762 | 209,91 | 209,91 |  0,00 | 0,885 | 203,85 | 203,85 |  0,00 | 206,080 | 144,41 | 144,41 | 438,728 |   NaN | NaN | 0,00 | 0,00 | NaN
  46 |  0,00 | 14,914 | 597,34 | 597,34 | 623,62 |  0,00 | 0,294 | 44,35 | 44,35 |  0,00 | 0,535 | 202,16 | 202,16 |  0,00 | 0,843 | 206,42 | 206,42 |  0,00 | 187,001 | 144,41 | 144,41 | 428,186 |   NaN | NaN | 0,00 | 0,00 | NaN
  47 |  0,00 | 16,359 | 596,67 | 596,67 | 623,00 |  0,00 | 0,292 | 44,35 | 44,35 |  0,00 | 0,386 | 205,19 | 205,19 |  0,00 | 0,784 | 202,72 | 202,72 |  0,00 | 206,065 | 144,41 | 144,41 | 422,776 |   NaN | NaN | 0,00 | 0,00 | NaN
  48 |  0,00 | 16,658 | 595,10 | 595,10 | 622,02 |  0,00 | 0,321 | 44,35 | 44,35 |  0,00 | 0,522 | 202,37 | 202,37 |  0,00 | 0,893 | 203,97 | 203,97 |  0,00 | 208,783 | 144,41 | 144,41 | 433,924 |   NaN | NaN | 0,00 | 0,00 | NaN
  49 |  0,00 | 16,421 | 596,85 | 596,85 | 625,13 |  0,00 | 0,334 | 44,35 | 44,35 |  0,00 | 0,573 | 203,71 | 203,71 |  0,00 | 0,782 | 204,39 | 204,39 |  0,00 | 206,138 | 144,41 | 144,41 | 422,790 |   NaN | NaN | 0,00 | 0,00 | NaN
  50 |  0,00 | 14,505 | 598,18 | 598,18 | 624,46 |  0,00 | 0,288 | 44,35 | 44,35 |  0,00 | 0,548 | 206,61 | 206,61 |  0,00 | 0,942 | 202,81 | 202,81 |  0,00 | 181,620 | 144,41 | 144,41 | 423,618 |   NaN | NaN | 0,00 | 0,00 | NaN
  51 |  0,00 | 16,589 | 598,78 | 598,78 | 625,05 |  0,00 | 0,286 | 44,35 | 44,35 |  0,00 | 0,575 | 204,84 | 204,84 |  0,00 | 1,066 | 205,18 | 205,18 |  0,00 | 208,235 | 144,41 | 144,41 | 436,544 |   NaN | NaN | 0,00 | 0,00 | NaN
  52 |  0,00 | 16,454 | 601,32 | 601,32 | 627,83 |  0,00 | 0,312 | 44,35 | 44,35 |  0,00 | 0,569 | 203,87 | 203,87 |  0,00 | 0,875 | 208,70 | 208,70 |  0,00 | 207,347 | 144,41 | 144,41 | 437,918 |   NaN | NaN | 0,00 | 0,00 | NaN
  53 |  0,00 | 15,426 | 602,55 | 602,55 | 628,87 |  0,00 | 0,300 | 44,35 | 44,35 |  0,00 | 0,458 | 205,92 | 205,92 |  0,00 | 0,756 | 207,87 | 207,87 |  0,00 | 195,002 | 144,41 | 144,41 | 434,058 |   NaN | NaN | 0,00 | 0,00 | NaN
  54 |  0,00 | 16,462 | 595,06 | 595,06 | 621,41 |  0,00 | 0,302 | 44,35 | 44,35 |  0,00 | 0,578 | 205,06 | 205,06 |  0,00 | 0,999 | 201,25 | 201,25 |  0,00 | 205,949 | 144,41 | 144,41 | 438,607 |   NaN | NaN | 0,00 | 0,00 | NaN
  55 |  0,00 | 11,361 | 600,23 | 600,23 | 626,51 |  0,00 | 0,287 | 44,35 | 44,35 |  0,00 | 0,414 | 204,20 | 204,20 |  0,00 | 0,681 | 207,27 | 207,27 |  0,00 | 142,278 | 144,41 | 144,41 | 377,463 |   NaN | NaN | 0,00 | 0,00 | NaN
  56 |  0,00 | 16,643 | 597,39 | 597,39 | 623,70 |  0,00 | 0,293 | 44,35 | 44,35 |  0,00 | 0,577 | 206,48 | 206,48 |  0,00 | 1,051 | 202,15 | 202,15 |  0,00 | 208,672 | 144,41 | 144,41 | 434,897 |   NaN | NaN | 0,00 | 0,00 | NaN
  57 |  0,00 | 16,486 | 599,23 | 599,23 | 625,54 |  0,00 | 0,290 | 44,35 | 44,35 |  0,00 | 0,541 | 204,13 | 204,13 |  0,00 | 0,929 | 206,35 | 206,35 |  0,00 | 207,433 | 144,41 | 144,41 | 426,917 |   NaN | NaN | 0,00 | 0,00 | NaN
  58 |  0,00 | 16,527 | 602,37 | 602,37 | 629,15 |  0,00 | 0,319 | 44,35 | 44,35 |  0,00 | 0,641 | 206,78 | 206,78 |  0,00 | 1,018 | 206,84 | 206,84 |  0,00 | 207,925 | 144,41 | 144,41 | 429,002 |   NaN | NaN | 0,00 | 0,00 | NaN
  59 |  0,00 | 5,292 | 600,52 | 600,52 | 629,37 |  0,00 | 0,338 | 44,35 | 44,35 |  0,00 | 0,370 | 205,13 | 205,13 |  0,00 | 0,476 | 206,63 | 206,63 |  0,00 | 64,044 | 144,41 | 144,41 | 219,752 |   NaN | NaN | 0,00 | 0,00 | NaN
  60 |  0,00 | 16,536 | 600,48 | 600,48 | 626,44 |  0,00 | 0,274 | 44,35 | 44,35 |  0,00 | 0,617 | 206,93 | 206,93 |  0,00 | 0,833 | 204,79 | 204,79 |  0,00 | 208,527 | 144,41 | 144,41 | 436,121 |   NaN | NaN | 0,00 | 0,00 | NaN
  61 |  0,00 | 15,221 | 602,74 | 602,74 | 629,07 |  0,00 | 0,295 | 44,35 | 44,35 |  0,00 | 0,538 | 208,15 | 208,15 |  0,00 | 0,897 | 205,83 | 205,83 |  0,00 | 191,834 | 144,41 | 144,41 | 431,920 |   NaN | NaN | 0,00 | 0,00 | NaN
  62 |  0,00 | 16,614 | 601,56 | 601,56 | 635,40 |  0,00 | 0,357 | 44,35 | 44,35 |  0,00 | 0,650 | 206,52 | 206,52 |  0,00 | 0,951 | 206,28 | 206,28 |  0,00 | 208,770 | 144,41 | 144,41 | 433,849 |   NaN | NaN | 0,00 | 0,00 | NaN
  63 |  0,00 | 12,343 | 604,90 | 604,90 | 631,44 |  0,00 | 0,312 | 44,35 | 44,35 |  0,00 | 0,418 | 209,07 | 209,07 |  0,00 | 0,678 | 207,08 | 207,08 |  0,00 | 155,583 | 144,41 | 144,41 | 394,676 |   NaN | NaN | 0,00 | 0,00 | NaN
  64 |  0,00 | 16,439 | 597,23 | 597,23 | 630,88 |  0,00 | 0,355 | 44,35 | 44,35 |  0,00 | 0,536 | 206,43 | 206,43 |  0,00 | 0,915 | 202,04 | 202,04 |  0,00 | 206,081 | 144,41 | 144,41 | 438,733 |   NaN | NaN | 0,00 | 0,00 | NaN

= = = = = = = = = = = = AVERAGE RESULTS system = = = = = = = = = = = =
meanPLR_system | 0,000000 
meanDelay_system | 10,884925 
meanLoad_system | 600,567997 
meanTHR_system | 600,567997 
meanGate_system | 628,634810 

meanPLR_EF_system | 0,000000 
meanPLR_AF_system | 0,000000 
meanPLR_BE_system | 0,000000 
meanPLR_FLA_system | 0,000000 
meanPLR_FLB_system | NaN 

meanTHR_EF_system | 44,352003 
meanTHR_AF_system | 206,071896 
meanTHR_BE_system | 205,737335 
meanTHR_FLA_system | 148,898308 
meanTHR_FLB_system | 0,000000 

meanLoad_EF_system | 44,352003 
meanLoad_AF_system | 206,071896 
meanLoad_BE_system | 205,737335 
meanLoad_FLA_system | 148,898308 
meanLoad_FLB_system | 0,000000 

meanDELAY_EF_system | 0,316983 
meanDELAY_AF_system | 0,535492 
meanDELAY_BE_system | 0,794653 
meanDELAY_FLA_system | 135,291020 
meanDELAY_FLB_system | NaN 
meanDELAY_CompleteFLA_system | 303,295626 
meanDELAY_CompleteFLB_system | NaN 

= = = = = = = = = = = = AVERAGE RESULTS = = = = = = = = = = = =
Packet Loss Ratio: 00,00 (%)
PROCESSED PACKAGES: 992312892 
DISCARTED PACKAGES: 0 
TOTAL PACKAGES: 992312892 
AVERAGE DELAY: 1696,17 (ms) 
AVERAGE THROUGHPUT: 600,57 (Mbps) 
GRANTED THROUGHPUT: 40232,63 (Mbps) By 64 ONUs
EFFECTIVE THROUGHPUT: 38436,35 (Mbps) By 64 ONUs
TOTAL LOAD: 38436,35 (Mbps) By 64 ONUs
ON Arrival THROUGHPUT: 0,00 (Mbps) By 64 ONUs
FINISHTIMEFL: 96,452406 
FINISHTIME: 99,452406 


fileName | IPACT_LBCONSTANTTOKENSBYCYCLE_1_68_55_0 
