
ONU ID 	|  PLR(%) | Delay(ms) | Throughput(Mbps) | Granted Throughput(Mbps) | Total Load (Mbps) 

  ID |  PLR(%) |  D  | Thr |  Gates  |  Load  | PLR-EF | D-EF | ThrEF | LoadEF | PLR-AF | D-AF | ThrAF | LoadAF | PLR-BE | D-BE | ThrBE | LoadBE | PLR-FA | D-FA | ThrFA | LoadFA | DTFA |  PLR-FB | D-FB | ThrFB | LoadFB | DTFB | 
   1 |  0,00 | 0,399 | 504,16 | 504,16 | 545,84 |  0,00 | 0,158 | 44,35 | 44,35 |  0,00 | 0,157 | 209,36 | 209,36 |  0,00 | 0,394 | 202,97 | 202,97 |  0,00 | 7,251 | 47,48 | 47,48 | 35,908 |   NaN | NaN | 0,00 | 0,00 | NaN
   2 |  0,00 | 0,557 | 505,46 | 505,46 | 552,06 |  0,00 | 0,170 | 44,35 | 44,35 |  0,00 | 0,168 | 207,67 | 207,67 |  0,00 | 0,483 | 205,96 | 205,96 |  0,00 | 12,119 | 47,48 | 47,48 | 45,555 |   NaN | NaN | 0,00 | 0,00 | NaN
   3 |  0,00 | 0,389 | 502,07 | 502,07 | 538,64 |  0,00 | 0,107 | 44,35 | 44,35 |  0,00 | 0,105 | 205,83 | 205,83 |  0,00 | 0,456 | 204,41 | 204,41 |  0,00 | 7,809 | 47,48 | 47,48 | 36,432 |   NaN | NaN | 0,00 | 0,00 | NaN
   4 |  0,00 | 0,369 | 507,47 | 507,47 | 544,10 |  0,00 | 0,113 | 44,35 | 44,35 |  0,00 | 0,110 | 209,68 | 209,68 |  0,00 | 0,423 | 205,96 | 205,96 |  0,00 | 7,231 | 47,48 | 47,48 | 35,375 |   NaN | NaN | 0,00 | 0,00 | NaN
   5 |  0,00 | 0,404 | 503,54 | 503,54 | 541,33 |  0,00 | 0,138 | 44,35 | 44,35 |  0,00 | 0,136 | 205,85 | 205,85 |  0,00 | 0,416 | 205,86 | 205,86 |  0,00 | 7,823 | 47,48 | 47,48 | 36,830 |   NaN | NaN | 0,00 | 0,00 | NaN
   6 |  0,00 | 0,414 | 506,92 | 506,92 | 542,27 |  0,00 | 0,090 | 44,35 | 44,35 |  0,00 | 0,090 | 208,57 | 208,57 |  0,00 | 0,506 | 206,52 | 206,52 |  0,00 | 8,835 | 47,48 | 47,48 | 38,641 |   NaN | NaN | 0,00 | 0,00 | NaN
   7 |  0,00 | 0,423 | 504,23 | 504,23 | 540,75 |  0,00 | 0,105 | 44,35 | 44,35 |  0,00 | 0,104 | 206,80 | 206,80 |  0,00 | 0,494 | 205,59 | 205,59 |  0,00 | 8,815 | 47,48 | 47,48 | 38,839 |   NaN | NaN | 0,00 | 0,00 | NaN
   8 |  0,00 | 0,420 | 504,91 | 504,91 | 545,76 |  0,00 | 0,155 | 44,35 | 44,35 |  0,00 | 0,152 | 205,30 | 205,30 |  0,00 | 0,401 | 207,77 | 207,77 |  0,00 | 8,077 | 47,48 | 47,48 | 36,633 |   NaN | NaN | 0,00 | 0,00 | NaN
   9 |  0,00 | 0,378 | 506,41 | 506,41 | 542,58 |  0,00 | 0,096 | 44,35 | 44,35 |  0,00 | 0,095 | 208,10 | 208,10 |  0,00 | 0,459 | 206,48 | 206,48 |  0,00 | 7,714 | 47,48 | 47,48 | 36,414 |   NaN | NaN | 0,00 | 0,00 | NaN
  10 |  0,00 | 0,410 | 503,22 | 503,22 | 544,17 |  0,00 | 0,155 | 44,35 | 44,35 |  0,00 | 0,156 | 206,00 | 206,00 |  0,00 | 0,392 | 205,39 | 205,39 |  0,00 | 7,717 | 47,48 | 47,48 | 36,040 |   NaN | NaN | 0,00 | 0,00 | NaN
  11 |  0,00 | 1,552 | 502,81 | 502,81 | 539,16 |  0,00 | 0,096 | 44,35 | 44,35 |  0,00 | 0,096 | 204,04 | 204,04 |  0,00 | 1,940 | 206,94 | 206,94 |  0,00 | 39,280 | 47,48 | 47,48 | 105,332 |   NaN | NaN | 0,00 | 0,00 | NaN
  12 |  0,00 | 0,400 | 503,54 | 503,54 | 545,08 |  0,00 | 0,157 | 44,35 | 44,35 |  0,00 | 0,157 | 205,59 | 205,59 |  0,00 | 0,402 | 206,12 | 206,12 |  0,00 | 7,220 | 47,48 | 47,48 | 35,456 |   NaN | NaN | 0,00 | 0,00 | NaN
  13 |  0,00 | 0,530 | 500,57 | 500,57 | 537,44 |  0,00 | 0,122 | 44,35 | 44,35 |  0,00 | 0,119 | 204,82 | 204,82 |  0,00 | 0,543 | 203,92 | 203,92 |  0,00 | 11,919 | 47,48 | 47,48 | 45,343 |   NaN | NaN | 0,00 | 0,00 | NaN
  14 |  0,00 | 0,422 | 505,75 | 505,75 | 549,29 |  0,00 | 0,163 | 44,35 | 44,35 |  0,00 | 0,162 | 206,45 | 206,45 |  0,00 | 0,372 | 207,46 | 207,46 |  0,00 | 8,159 | 47,48 | 47,48 | 36,822 |   NaN | NaN | 0,00 | 0,00 | NaN
  15 |  0,00 | 0,406 | 503,61 | 503,61 | 545,16 |  0,00 | 0,157 | 44,35 | 44,35 |  0,00 | 0,156 | 203,72 | 203,72 |  0,00 | 0,385 | 208,06 | 208,06 |  0,00 | 7,587 | 47,48 | 47,48 | 36,881 |   NaN | NaN | 0,00 | 0,00 | NaN
  16 |  0,00 | 0,391 | 509,49 | 509,49 | 548,80 |  0,00 | 0,149 | 44,35 | 44,35 |  0,00 | 0,148 | 207,21 | 207,21 |  0,00 | 0,395 | 210,45 | 210,45 |  0,00 | 7,201 | 47,48 | 47,48 | 35,470 |   NaN | NaN | 0,00 | 0,00 | NaN
  17 |  0,00 | 0,397 | 506,81 | 506,81 | 549,63 |  0,00 | 0,161 | 44,35 | 44,35 |  0,00 | 0,159 | 208,02 | 208,02 |  0,00 | 0,364 | 206,97 | 206,97 |  0,00 | 7,351 | 47,48 | 47,48 | 35,626 |   NaN | NaN | 0,00 | 0,00 | NaN
  18 |  0,00 | 0,491 | 502,18 | 502,18 | 539,94 |  0,00 | 0,138 | 44,35 | 44,35 |  0,00 | 0,138 | 204,32 | 204,32 |  0,00 | 0,438 | 206,03 | 206,03 |  0,00 | 10,831 | 47,48 | 47,48 | 40,798 |   NaN | NaN | 0,00 | 0,00 | NaN
  19 |  0,00 | 0,380 | 499,48 | 499,48 | 536,70 |  0,00 | 0,129 | 44,35 | 44,35 |  0,00 | 0,130 | 203,12 | 203,12 |  0,00 | 0,426 | 204,53 | 204,53 |  0,00 | 7,050 | 47,48 | 47,48 | 35,109 |   NaN | NaN | 0,00 | 0,00 | NaN
  20 |  0,00 | 1,216 | 501,95 | 501,95 | 538,83 |  0,00 | 0,125 | 44,35 | 44,35 |  0,00 | 0,125 | 207,01 | 207,01 |  0,00 | 1,275 | 203,10 | 203,10 |  0,00 | 31,557 | 47,48 | 47,48 | 88,869 |   NaN | NaN | 0,00 | 0,00 | NaN
  21 |  0,00 | 0,382 | 497,18 | 497,18 | 534,27 |  0,00 | 0,129 | 44,35 | 44,35 |  0,00 | 0,129 | 202,77 | 202,77 |  0,00 | 0,419 | 202,58 | 202,58 |  0,00 | 7,178 | 47,48 | 47,48 | 35,379 |   NaN | NaN | 0,00 | 0,00 | NaN
  22 |  0,00 | 0,399 | 507,94 | 507,94 | 553,31 |  0,00 | 0,168 | 44,35 | 44,35 |  0,00 | 0,165 | 210,92 | 210,92 |  0,00 | 0,363 | 205,20 | 205,20 |  0,00 | 7,297 | 47,48 | 47,48 | 35,766 |   NaN | NaN | 0,00 | 0,00 | NaN
  23 |  0,00 | 2,578 | 504,94 | 504,94 | 544,51 |  0,00 | 0,150 | 44,35 | 44,35 |  0,00 | 0,150 | 206,79 | 206,79 |  0,00 | 2,808 | 206,32 | 206,32 |  0,00 | 69,244 | 47,48 | 47,48 | 143,040 |   NaN | NaN | 0,00 | 0,00 | NaN
  24 |  0,00 | 0,520 | 504,48 | 504,48 | 541,11 |  0,00 | 0,112 | 44,35 | 44,35 |  0,00 | 0,107 | 205,75 | 205,75 |  0,00 | 0,553 | 206,91 | 206,91 |  0,00 | 11,776 | 47,48 | 47,48 | 45,312 |   NaN | NaN | 0,00 | 0,00 | NaN
  25 |  0,00 | 0,406 | 508,39 | 508,39 | 554,43 |  0,00 | 0,169 | 44,35 | 44,35 |  0,00 | 0,169 | 206,46 | 206,46 |  0,00 | 0,367 | 210,10 | 210,10 |  0,00 | 7,434 | 47,48 | 47,48 | 35,747 |   NaN | NaN | 0,00 | 0,00 | NaN
  26 |  0,00 | 0,452 | 503,02 | 503,02 | 547,41 |  0,00 | 0,165 | 44,35 | 44,35 |  0,00 | 0,164 | 206,48 | 206,48 |  0,00 | 0,415 | 204,71 | 204,71 |  0,00 | 8,864 | 47,48 | 47,48 | 37,811 |   NaN | NaN | 0,00 | 0,00 | NaN
  27 |  0,00 | 0,449 | 500,87 | 500,87 | 536,89 |  0,00 | 0,094 | 44,35 | 44,35 |  0,00 | 0,092 | 205,87 | 205,87 |  0,00 | 0,510 | 203,17 | 203,17 |  0,00 | 9,979 | 47,48 | 47,48 | 41,587 |   NaN | NaN | 0,00 | 0,00 | NaN
  28 |  0,00 | 2,651 | 500,17 | 500,17 | 541,89 |  0,00 | 0,158 | 44,35 | 44,35 |  0,00 | 0,155 | 205,38 | 205,38 |  0,00 | 3,153 | 202,95 | 202,95 |  0,00 | 68,833 | 47,48 | 47,48 | 147,415 |   NaN | NaN | 0,00 | 0,00 | NaN
  29 |  0,00 | 1,966 | 506,52 | 506,52 | 544,20 |  0,00 | 0,137 | 44,35 | 44,35 |  0,00 | 0,138 | 207,40 | 207,40 |  0,00 | 2,560 | 207,30 | 207,30 |  0,00 | 48,736 | 47,48 | 47,48 | 129,148 |   NaN | NaN | 0,00 | 0,00 | NaN
  30 |  0,00 | 0,664 | 501,53 | 501,53 | 547,09 |  0,00 | 0,168 | 44,35 | 44,35 |  0,00 | 0,167 | 204,32 | 204,32 |  0,00 | 0,611 | 205,38 | 205,38 |  0,00 | 15,056 | 47,48 | 47,48 | 49,626 |   NaN | NaN | 0,00 | 0,00 | NaN
  31 |  0,00 | 2,573 | 503,17 | 503,17 | 540,69 |  0,00 | 0,135 | 44,35 | 44,35 |  0,00 | 0,132 | 207,32 | 207,32 |  0,00 | 2,703 | 204,02 | 204,02 |  0,00 | 70,421 | 47,48 | 47,48 | 147,799 |   NaN | NaN | 0,00 | 0,00 | NaN
  32 |  0,00 | 1,512 | 505,96 | 505,96 | 542,02 |  0,00 | 0,093 | 44,35 | 44,35 |  0,00 | 0,093 | 206,86 | 206,86 |  0,00 | 1,839 | 207,27 | 207,27 |  0,00 | 38,877 | 47,48 | 47,48 | 103,496 |   NaN | NaN | 0,00 | 0,00 | NaN
  33 |  0,00 | 0,739 | 502,38 | 502,38 | 543,62 |  0,00 | 0,156 | 44,35 | 44,35 |  0,00 | 0,154 | 205,70 | 205,70 |  0,00 | 0,756 | 204,86 | 204,86 |  0,00 | 17,033 | 47,48 | 47,48 | 63,383 |   NaN | NaN | 0,00 | 0,00 | NaN
  34 |  0,00 | 0,411 | 501,92 | 501,92 | 541,02 |  0,00 | 0,148 | 44,35 | 44,35 |  0,00 | 0,147 | 205,78 | 205,78 |  0,00 | 0,421 | 204,31 | 204,31 |  0,00 | 7,751 | 47,48 | 47,48 | 37,710 |   NaN | NaN | 0,00 | 0,00 | NaN
  35 |  0,00 | 0,376 | 507,43 | 507,43 | 543,76 |  0,00 | 0,098 | 44,35 | 44,35 |  0,00 | 0,096 | 208,04 | 208,04 |  0,00 | 0,463 | 207,55 | 207,55 |  0,00 | 7,523 | 47,48 | 47,48 | 36,039 |   NaN | NaN | 0,00 | 0,00 | NaN
  36 |  0,00 | 0,415 | 503,24 | 503,24 | 542,90 |  0,00 | 0,150 | 44,35 | 44,35 |  0,00 | 0,151 | 203,66 | 203,66 |  0,00 | 0,409 | 207,75 | 207,75 |  0,00 | 7,887 | 47,48 | 47,48 | 36,983 |   NaN | NaN | 0,00 | 0,00 | NaN
  37 |  0,00 | 1,491 | 507,69 | 507,69 | 545,05 |  0,00 | 0,133 | 44,35 | 44,35 |  0,00 | 0,133 | 209,22 | 209,22 |  0,00 | 1,751 | 206,63 | 206,63 |  0,00 | 37,834 | 47,48 | 47,48 | 100,822 |   NaN | NaN | 0,00 | 0,00 | NaN
  38 |  0,00 | 0,495 | 506,73 | 506,73 | 543,69 |  0,00 | 0,125 | 44,35 | 44,35 |  0,00 | 0,123 | 208,18 | 208,18 |  0,00 | 0,523 | 206,71 | 206,71 |  0,00 | 10,757 | 47,48 | 47,48 | 44,903 |   NaN | NaN | 0,00 | 0,00 | NaN
  39 |  0,00 | 1,005 | 497,26 | 497,26 | 542,72 |  0,00 | 0,167 | 44,35 | 44,35 |  0,00 | 0,167 | 203,62 | 203,62 |  0,00 | 1,094 | 201,81 | 201,81 |  0,00 | 23,829 | 47,48 | 47,48 | 76,346 |   NaN | NaN | 0,00 | 0,00 | NaN
  40 |  0,00 | 0,526 | 499,30 | 499,30 | 544,71 |  0,00 | 0,167 | 44,35 | 44,35 |  0,00 | 0,165 | 205,37 | 205,37 |  0,00 | 0,476 | 202,11 | 202,11 |  0,00 | 11,052 | 47,48 | 47,48 | 44,226 |   NaN | NaN | 0,00 | 0,00 | NaN
  41 |  0,00 | 2,683 | 507,10 | 507,10 | 546,96 |  0,00 | 0,150 | 44,35 | 44,35 |  0,00 | 0,151 | 205,16 | 205,16 |  0,00 | 3,878 | 210,11 | 210,11 |  0,00 | 64,006 | 47,48 | 47,48 | 155,795 |   NaN | NaN | 0,00 | 0,00 | NaN
  42 |  0,00 | 1,902 | 508,67 | 508,67 | 545,05 |  0,00 | 0,097 | 44,35 | 44,35 |  0,00 | 0,093 | 208,35 | 208,35 |  0,00 | 2,578 | 208,49 | 208,49 |  0,00 | 47,371 | 47,48 | 47,48 | 125,705 |   NaN | NaN | 0,00 | 0,00 | NaN
  43 |  0,00 | 1,041 | 509,49 | 509,49 | 553,29 |  0,00 | 0,175 | 44,35 | 44,35 |  0,00 | 0,173 | 209,46 | 209,46 |  0,00 | 1,130 | 208,20 | 208,20 |  0,00 | 24,882 | 47,48 | 47,48 | 79,299 |   NaN | NaN | 0,00 | 0,00 | NaN
  44 |  0,00 | 2,655 | 506,95 | 506,95 | 542,44 |  0,00 | 0,091 | 44,35 | 44,35 |  0,00 | 0,088 | 206,57 | 206,57 |  0,00 | 3,533 | 208,55 | 208,55 |  0,00 | 67,778 | 47,48 | 47,48 | 156,337 |   NaN | NaN | 0,00 | 0,00 | NaN
  45 |  0,00 | 2,155 | 503,44 | 503,44 | 550,55 |  0,00 | 0,171 | 44,35 | 44,35 |  0,00 | 0,170 | 208,57 | 208,57 |  0,00 | 3,037 | 203,04 | 203,04 |  0,00 | 51,215 | 47,48 | 47,48 | 135,190 |   NaN | NaN | 0,00 | 0,00 | NaN
  46 |  0,00 | 1,166 | 503,88 | 503,88 | 540,53 |  0,00 | 0,111 | 44,35 | 44,35 |  0,00 | 0,109 | 204,74 | 204,74 |  0,00 | 1,255 | 207,31 | 207,31 |  0,00 | 30,160 | 47,48 | 47,48 | 85,812 |   NaN | NaN | 0,00 | 0,00 | NaN
  47 |  0,00 | 2,429 | 502,29 | 502,29 | 538,93 |  0,00 | 0,109 | 44,35 | 44,35 |  0,00 | 0,108 | 205,60 | 205,60 |  0,00 | 2,567 | 204,86 | 204,86 |  0,00 | 66,683 | 47,48 | 47,48 | 134,449 |   NaN | NaN | 0,00 | 0,00 | NaN
  48 |  0,00 | 2,658 | 502,58 | 502,58 | 540,34 |  0,00 | 0,138 | 44,35 | 44,35 |  0,00 | 0,136 | 205,40 | 205,40 |  0,00 | 3,316 | 205,35 | 205,35 |  0,00 | 68,289 | 47,48 | 47,48 | 156,947 |   NaN | NaN | 0,00 | 0,00 | NaN
  49 |  0,00 | 2,494 | 502,14 | 502,14 | 541,85 |  0,00 | 0,150 | 44,35 | 44,35 |  0,00 | 0,147 | 205,76 | 205,76 |  0,00 | 2,669 | 204,55 | 204,55 |  0,00 | 67,173 | 47,48 | 47,48 | 137,334 |   NaN | NaN | 0,00 | 0,00 | NaN
  50 |  0,00 | 0,890 | 504,25 | 504,25 | 540,84 |  0,00 | 0,105 | 44,35 | 44,35 |  0,00 | 0,103 | 206,91 | 206,91 |  0,00 | 0,942 | 205,51 | 205,51 |  0,00 | 22,643 | 47,48 | 47,48 | 74,059 |   NaN | NaN | 0,00 | 0,00 | NaN
  51 |  0,00 | 2,484 | 504,38 | 504,38 | 540,97 |  0,00 | 0,103 | 44,35 | 44,35 |  0,00 | 0,100 | 205,59 | 205,59 |  0,00 | 3,584 | 206,96 | 206,96 |  0,00 | 60,561 | 47,48 | 47,48 | 148,603 |   NaN | NaN | 0,00 | 0,00 | NaN
  52 |  0,00 | 2,382 | 505,15 | 505,15 | 542,36 |  0,00 | 0,129 | 44,35 | 44,35 |  0,00 | 0,127 | 203,89 | 203,89 |  0,00 | 3,399 | 209,43 | 209,43 |  0,00 | 57,271 | 47,48 | 47,48 | 145,340 |   NaN | NaN | 0,00 | 0,00 | NaN
  53 |  0,00 | 1,425 | 504,69 | 504,69 | 541,47 |  0,00 | 0,116 | 44,35 | 44,35 |  0,00 | 0,116 | 207,40 | 207,40 |  0,00 | 1,605 | 205,46 | 205,46 |  0,00 | 36,944 | 47,48 | 47,48 | 98,590 |   NaN | NaN | 0,00 | 0,00 | NaN
  54 |  0,00 | 2,162 | 500,35 | 500,35 | 537,18 |  0,00 | 0,119 | 44,35 | 44,35 |  0,00 | 0,119 | 205,76 | 205,76 |  0,00 | 2,980 | 202,76 | 202,76 |  0,00 | 53,177 | 47,48 | 47,48 | 137,844 |   NaN | NaN | 0,00 | 0,00 | NaN
  55 |  0,00 | 0,462 | 500,95 | 500,95 | 537,46 |  0,00 | 0,104 | 44,35 | 44,35 |  0,00 | 0,103 | 203,99 | 203,99 |  0,00 | 0,526 | 205,12 | 205,12 |  0,00 | 10,027 | 47,48 | 47,48 | 43,459 |   NaN | NaN | 0,00 | 0,00 | NaN
  56 |  0,00 | 2,612 | 500,52 | 500,52 | 537,18 |  0,00 | 0,110 | 44,35 | 44,35 |  0,00 | 0,108 | 204,54 | 204,54 |  0,00 | 3,460 | 204,14 | 204,14 |  0,00 | 66,178 | 47,48 | 47,48 | 154,819 |   NaN | NaN | 0,00 | 0,00 | NaN
  57 |  0,00 | 2,693 | 502,94 | 502,94 | 539,62 |  0,00 | 0,107 | 44,35 | 44,35 |  0,00 | 0,108 | 204,96 | 204,96 |  0,00 | 3,113 | 206,16 | 206,16 |  0,00 | 72,060 | 47,48 | 47,48 | 150,025 |   NaN | NaN | 0,00 | 0,00 | NaN
  58 |  0,00 | 2,754 | 506,04 | 506,04 | 543,54 |  0,00 | 0,135 | 44,35 | 44,35 |  0,00 | 0,134 | 207,95 | 207,95 |  0,00 | 3,478 | 206,26 | 206,26 |  0,00 | 70,876 | 47,48 | 47,48 | 152,060 |   NaN | NaN | 0,00 | 0,00 | NaN
  59 |  0,00 | 0,444 | 507,33 | 507,33 | 548,01 |  0,00 | 0,154 | 44,35 | 44,35 |  0,00 | 0,154 | 205,26 | 205,26 |  0,00 | 0,402 | 210,23 | 210,23 |  0,00 | 8,942 | 47,48 | 47,48 | 37,778 |   NaN | NaN | 0,00 | 0,00 | NaN
  60 |  0,00 | 2,470 | 503,49 | 503,49 | 539,19 |  0,00 | 0,092 | 44,35 | 44,35 |  0,00 | 0,091 | 206,40 | 206,40 |  0,00 | 3,289 | 205,26 | 205,26 |  0,00 | 62,871 | 47,48 | 47,48 | 153,936 |   NaN | NaN | 0,00 | 0,00 | NaN
  61 |  0,00 | 1,333 | 506,22 | 506,22 | 542,95 |  0,00 | 0,112 | 44,35 | 44,35 |  0,00 | 0,110 | 207,02 | 207,02 |  0,00 | 1,475 | 207,37 | 207,37 |  0,00 | 34,673 | 47,48 | 47,48 | 93,286 |   NaN | NaN | 0,00 | 0,00 | NaN
  62 |  0,00 | 2,693 | 505,96 | 505,96 | 553,89 |  0,00 | 0,173 | 44,35 | 44,35 |  0,00 | 0,174 | 206,33 | 206,33 |  0,00 | 3,336 | 207,80 | 207,80 |  0,00 | 68,462 | 47,48 | 47,48 | 157,642 |   NaN | NaN | 0,00 | 0,00 | NaN
  63 |  0,00 | 0,572 | 504,26 | 504,26 | 541,38 |  0,00 | 0,129 | 44,35 | 44,35 |  0,00 | 0,130 | 207,29 | 207,29 |  0,00 | 0,517 | 205,14 | 205,14 |  0,00 | 13,544 | 47,48 | 47,48 | 46,680 |   NaN | NaN | 0,00 | 0,00 | NaN
  64 |  0,00 | 2,121 | 500,09 | 500,09 | 547,65 |  0,00 | 0,172 | 44,35 | 44,35 |  0,00 | 0,173 | 204,04 | 204,04 |  0,00 | 2,773 | 204,22 | 204,22 |  0,00 | 51,653 | 47,48 | 47,48 | 135,906 |   NaN | NaN | 0,00 | 0,00 | NaN

= = = = = = = = = = = = AVERAGE RESULTS system = = = = = = = = = = = =
meanPLR_system | 0,000000 
meanDelay_system | 1,203757 
meanLoad_system | 504,028776 
meanTHR_system | 504,028776 
meanGate_system | 543,381982 

meanPLR_EF_system | 0,000000 
meanPLR_AF_system | 0,000000 
meanPLR_BE_system | 0,000000 
meanPLR_FLA_system | 0,000000 
meanPLR_FLB_system | NaN 

meanTHR_EF_system | 44,352003 
meanTHR_AF_system | 206,254340 
meanTHR_BE_system | 205,943735 
meanTHR_FLA_system | 48,385132 
meanTHR_FLB_system | 0,000000 

meanLoad_EF_system | 44,352003 
meanLoad_AF_system | 206,254340 
meanLoad_BE_system | 205,943735 
meanLoad_FLA_system | 48,385132 
meanLoad_FLB_system | 0,000000 

meanDELAY_EF_system | 0,133721 
meanDELAY_AF_system | 0,132619 
meanDELAY_BE_system | 1,437521 
meanDELAY_FLA_system | 29,474158 
meanDELAY_FLB_system | NaN 
meanDELAY_CompleteFLA_system | 80,653237 
meanDELAY_CompleteFLB_system | NaN 

= = = = = = = = = = = = AVERAGE RESULTS = = = = = = = = = = = =
Packet Loss Ratio: 00,00 (%)
PROCESSED PACKAGES: 1515670380 
DISCARTED PACKAGES: 0 
TOTAL PACKAGES: 1515670380 
AVERAGE DELAY: 178,01 (ms) 
AVERAGE THROUGHPUT: 504,03 (Mbps) 
GRANTED THROUGHPUT: 34776,45 (Mbps) By 64 ONUs
EFFECTIVE THROUGHPUT: 32257,84 (Mbps) By 64 ONUs
TOTAL LOAD: 32257,84 (Mbps) By 64 ONUs
ON Arrival THROUGHPUT: 0,00 (Mbps) By 64 ONUs
FINISHTIMEFL: 157,139182 
FINISHTIME: 160,139182 


fileName | IPACT_STRICTPRIORITYFIRSTAF_3_36_55_0 
