
ONU ID 	|  PLR(%) | Delay(ms) | Throughput(Mbps) | Granted Throughput(Mbps) | Total Load (Mbps) 

  ID |  PLR(%) |  D  | Thr |  Gates  |  Load  | PLR-EF | D-EF | ThrEF | LoadEF | PLR-AF | D-AF | ThrAF | LoadAF | PLR-BE | D-BE | ThrBE | LoadBE | PLR-FA | D-FA | ThrFA | LoadFA | DTFA |  PLR-FB | D-FB | ThrFB | LoadFB | DTFB | 
   1 |  1,18 | 213,497 | 755,11 | 764,10 | 759,42 |  0,00 | 1,400 | 44,35 | 44,35 |  0,00 | 26,865 | 305,42 | 305,42 |  3,04 | 791,156 | 286,64 | 295,62 |  0,00 | 188,036 | 118,71 | 118,71 | 395,196 |   NaN | NaN | 0,00 | 0,00 | NaN
   2 |  1,51 | 175,530 | 752,60 | 764,13 | 756,98 |  0,00 | 1,412 | 44,35 | 44,35 |  0,00 | 2,732 | 299,17 | 299,17 |  3,82 | 615,187 | 290,37 | 301,90 |  0,00 | 364,120 | 118,71 | 118,71 | 747,397 |   NaN | NaN | 0,00 | 0,00 | NaN
   3 |  1,82 | 204,215 | 753,35 | 767,28 | 757,66 |  0,00 | 1,348 | 44,35 | 44,35 |  0,00 | 3,656 | 303,29 | 303,29 |  4,63 | 739,956 | 287,00 | 300,94 |  0,00 | 352,524 | 118,71 | 118,71 | 724,245 |   NaN | NaN | 0,00 | 0,00 | NaN
   4 |  1,82 | 214,488 | 753,80 | 767,75 | 758,11 |  0,00 | 1,354 | 44,35 | 44,35 |  0,00 | 38,883 | 305,65 | 305,65 |  4,67 | 790,546 | 285,09 | 299,04 |  0,00 | 165,812 | 118,71 | 118,71 | 350,770 |   NaN | NaN | 0,00 | 0,00 | NaN
   5 |  1,03 | 166,624 | 754,01 | 761,83 | 758,36 |  0,00 | 1,379 | 44,35 | 44,35 |  0,00 | 2,852 | 299,75 | 299,75 |  2,61 | 559,520 | 291,21 | 299,03 |  0,00 | 452,577 | 118,71 | 118,71 | 924,401 |   NaN | NaN | 0,00 | 0,00 | NaN
   6 |  1,75 | 203,997 | 755,43 | 768,91 | 759,77 |  0,00 | 1,328 | 44,35 | 44,35 |  0,00 | 3,319 | 304,32 | 304,32 |  4,47 | 729,880 | 288,06 | 301,53 |  0,00 | 391,718 | 118,71 | 118,71 | 802,629 |   NaN | NaN | 0,00 | 0,00 | NaN
   7 |  1,27 | 190,791 | 752,61 | 762,26 | 756,92 |  0,00 | 1,346 | 44,35 | 44,35 |  0,00 | 14,476 | 300,56 | 300,56 |  3,23 | 695,037 | 288,99 | 298,64 |  0,00 | 234,688 | 118,71 | 118,71 | 488,434 |   NaN | NaN | 0,00 | 0,00 | NaN
   8 |  1,82 | 201,994 | 753,28 | 767,25 | 757,63 |  0,00 | 1,396 | 44,35 | 44,35 |  0,00 | 2,910 | 300,77 | 300,77 |  4,60 | 720,768 | 289,46 | 303,42 |  0,00 | 374,505 | 118,71 | 118,71 | 768,161 |   NaN | NaN | 0,00 | 0,00 | NaN
   9 |  1,52 | 186,894 | 754,06 | 765,72 | 758,37 |  0,00 | 1,336 | 44,35 | 44,35 |  0,00 | 7,277 | 303,33 | 303,33 |  3,90 | 678,465 | 287,67 | 299,33 |  0,00 | 292,200 | 118,71 | 118,71 | 603,530 |   NaN | NaN | 0,00 | 0,00 | NaN
  10 |  1,20 | 196,704 | 754,55 | 763,74 | 758,87 |  0,00 | 1,397 | 44,35 | 44,35 |  0,00 | 29,618 | 301,57 | 301,57 |  3,08 | 713,309 | 289,92 | 299,12 |  0,00 | 183,464 | 118,71 | 118,71 | 386,160 |   NaN | NaN | 0,00 | 0,00 | NaN
  11 |  0,84 | 169,107 | 749,92 | 756,28 | 754,24 |  0,00 | 1,337 | 44,35 | 44,35 |  0,00 | 1,714 | 294,19 | 294,19 |  2,13 | 537,968 | 292,67 | 299,03 |  0,00 | 580,680 | 118,71 | 118,71 | 1180,563 |   NaN | NaN | 0,00 | 0,00 | NaN
  12 |  1,55 | 181,481 | 753,82 | 765,67 | 758,18 |  0,00 | 1,399 | 44,35 | 44,35 |  0,00 | 2,322 | 301,15 | 301,15 |  3,93 | 632,796 | 289,62 | 301,47 |  0,00 | 404,208 | 118,71 | 118,71 | 827,499 |   NaN | NaN | 0,00 | 0,00 | NaN
  13 |  1,07 | 178,397 | 748,91 | 756,99 | 753,25 |  0,00 | 1,364 | 44,35 | 44,35 |  0,00 | 2,980 | 297,26 | 297,26 |  2,72 | 627,648 | 288,59 | 296,67 |  0,00 | 364,503 | 118,71 | 118,71 | 748,150 |   NaN | NaN | 0,00 | 0,00 | NaN
  14 |  2,28 | 202,920 | 750,11 | 767,61 | 754,49 |  0,00 | 1,405 | 44,35 | 44,35 |  0,00 | 2,034 | 302,50 | 302,50 |  5,79 | 719,487 | 284,55 | 302,05 |  0,00 | 448,000 | 118,71 | 118,71 | 915,121 |   NaN | NaN | 0,00 | 0,00 | NaN
  15 |  1,00 | 208,376 | 752,60 | 760,19 | 756,91 |  0,00 | 1,399 | 44,35 | 44,35 |  0,00 | 13,436 | 296,38 | 296,38 |  2,52 | 754,783 | 293,16 | 300,75 |  0,00 | 239,219 | 118,71 | 118,71 | 497,577 |   NaN | NaN | 0,00 | 0,00 | NaN
  16 |  1,96 | 231,406 | 753,67 | 768,75 | 758,01 |  0,00 | 1,390 | 44,35 | 44,35 |  0,00 | 5,218 | 300,71 | 300,71 |  4,94 | 846,575 | 289,91 | 304,98 |  0,00 | 321,613 | 118,71 | 118,71 | 662,338 |   NaN | NaN | 0,00 | 0,00 | NaN
  17 |  1,47 | 195,775 | 752,43 | 763,67 | 756,80 |  0,00 | 1,403 | 44,35 | 44,35 |  0,00 | 4,905 | 299,47 | 299,47 |  3,73 | 705,801 | 289,91 | 301,15 |  0,00 | 311,532 | 118,71 | 118,71 | 642,205 |   NaN | NaN | 0,00 | 0,00 | NaN
  18 |  1,50 | 180,908 | 751,55 | 762,97 | 755,89 |  0,00 | 1,380 | 44,35 | 44,35 |  0,00 | 1,572 | 299,12 | 299,12 |  3,80 | 584,761 | 289,38 | 300,79 |  0,00 | 615,158 | 118,71 | 118,71 | 1250,013 |   NaN | NaN | 0,00 | 0,00 | NaN
  19 |  0,67 | 164,422 | 752,99 | 758,07 | 757,34 |  0,00 | 1,371 | 44,35 | 44,35 |  0,00 | 2,026 | 295,67 | 295,67 |  1,70 | 531,290 | 294,26 | 299,34 |  0,00 | 518,462 | 118,71 | 118,71 | 1056,084 |   NaN | NaN | 0,00 | 0,00 | NaN
  20 |  0,97 | 164,894 | 751,77 | 759,14 | 756,10 |  0,00 | 1,366 | 44,35 | 44,35 |  0,00 | 2,036 | 300,78 | 300,78 |  2,50 | 528,742 | 287,93 | 295,30 |  0,00 | 588,848 | 118,71 | 118,71 | 1197,015 |   NaN | NaN | 0,00 | 0,00 | NaN
  21 |  0,74 | 177,933 | 748,90 | 754,48 | 753,21 |  0,00 | 1,371 | 44,35 | 44,35 |  0,00 | 19,806 | 296,84 | 296,84 |  1,89 | 641,367 | 289,00 | 294,58 |  0,00 | 210,484 | 118,71 | 118,71 | 440,153 |   NaN | NaN | 0,00 | 0,00 | NaN
  22 |  2,06 | 215,840 | 754,24 | 770,13 | 758,62 |  0,00 | 1,409 | 44,35 | 44,35 |  0,00 | 2,351 | 308,67 | 308,67 |  5,32 | 776,235 | 282,52 | 298,40 |  0,00 | 465,394 | 118,71 | 118,71 | 949,997 |   NaN | NaN | 0,00 | 0,00 | NaN
  23 |  1,53 | 183,355 | 754,36 | 766,11 | 758,71 |  0,00 | 1,392 | 44,35 | 44,35 |  0,00 | 1,997 | 302,61 | 302,61 |  3,91 | 609,684 | 288,69 | 300,44 |  0,00 | 556,672 | 118,71 | 118,71 | 1132,496 |   NaN | NaN | 0,00 | 0,00 | NaN
  24 |  1,58 | 209,004 | 753,44 | 765,56 | 757,75 |  0,00 | 1,353 | 44,35 | 44,35 |  0,00 | 3,857 | 300,23 | 300,23 |  4,01 | 748,372 | 290,15 | 302,28 |  0,00 | 364,478 | 118,71 | 118,71 | 748,165 |   NaN | NaN | 0,00 | 0,00 | NaN
  25 |  2,33 | 230,600 | 754,96 | 773,00 | 759,32 |  0,00 | 1,410 | 44,35 | 44,35 |  0,00 | 11,808 | 300,73 | 300,73 |  5,83 | 848,613 | 291,17 | 309,21 |  0,00 | 254,156 | 118,71 | 118,71 | 527,476 |   NaN | NaN | 0,00 | 0,00 | NaN
  26 |  1,19 | 201,543 | 752,58 | 761,67 | 756,93 |  0,00 | 1,407 | 44,35 | 44,35 |  0,00 | 17,854 | 299,03 | 299,03 |  3,04 | 731,710 | 290,49 | 299,59 |  0,00 | 230,492 | 118,71 | 118,71 | 480,123 |   NaN | NaN | 0,00 | 0,00 | NaN
  27 |  0,78 | 152,911 | 751,44 | 757,36 | 755,77 |  0,00 | 1,333 | 44,35 | 44,35 |  0,00 | 1,517 | 300,26 | 300,26 |  2,02 | 473,884 | 288,11 | 294,04 |  0,00 | 620,312 | 118,71 | 118,71 | 1260,240 |   NaN | NaN | 0,00 | 0,00 | NaN
  28 |  0,85 | 169,340 | 750,65 | 757,12 | 755,01 |  0,00 | 1,400 | 44,35 | 44,35 |  0,00 | 1,931 | 299,42 | 299,42 |  2,20 | 551,982 | 288,17 | 294,64 |  0,00 | 558,457 | 118,71 | 118,71 | 1136,030 |   NaN | NaN | 0,00 | 0,00 | NaN
  29 |  1,69 | 180,105 | 753,41 | 766,33 | 757,74 |  0,00 | 1,379 | 44,35 | 44,35 |  0,00 | 1,879 | 302,28 | 302,28 |  4,29 | 594,018 | 288,08 | 301,00 |  0,00 | 574,302 | 118,71 | 118,71 | 1167,723 |   NaN | NaN | 0,00 | 0,00 | NaN
  30 |  0,68 | 163,217 | 753,03 | 758,17 | 757,42 |  0,00 | 1,409 | 44,35 | 44,35 |  0,00 | 1,763 | 296,36 | 296,36 |  1,72 | 510,012 | 293,62 | 298,75 |  0,00 | 601,890 | 118,71 | 118,71 | 1223,152 |   NaN | NaN | 0,00 | 0,00 | NaN
  31 |  1,20 | 180,577 | 751,74 | 760,88 | 756,08 |  0,00 | 1,376 | 44,35 | 44,35 |  0,00 | 2,006 | 298,66 | 298,66 |  3,06 | 594,144 | 290,03 | 299,17 |  0,00 | 556,753 | 118,71 | 118,71 | 1132,512 |   NaN | NaN | 0,00 | 0,00 | NaN
  32 |  1,08 | 158,496 | 750,41 | 758,64 | 754,74 |  0,00 | 1,333 | 44,35 | 44,35 |  0,00 | 2,388 | 296,11 | 296,11 |  2,75 | 497,586 | 291,25 | 299,47 |  0,00 | 581,977 | 118,71 | 118,71 | 1183,124 |   NaN | NaN | 0,00 | 0,00 | NaN
  33 |  1,15 | 178,378 | 751,24 | 759,99 | 755,59 |  0,00 | 1,398 | 44,35 | 44,35 |  0,00 | 1,687 | 296,64 | 296,64 |  2,91 | 574,598 | 291,55 | 300,30 |  0,00 | 593,350 | 118,71 | 118,71 | 1205,854 |   NaN | NaN | 0,00 | 0,00 | NaN
  34 |  0,77 | 151,935 | 748,73 | 754,56 | 753,10 |  0,00 | 1,390 | 44,35 | 44,35 |  0,00 | 1,463 | 298,56 | 298,56 |  1,99 | 466,576 | 287,11 | 292,94 |  0,00 | 635,987 | 118,71 | 118,71 | 1291,474 |   NaN | NaN | 0,00 | 0,00 | NaN
  35 |  1,66 | 203,068 | 754,09 | 766,82 | 758,43 |  0,00 | 1,339 | 44,35 | 44,35 |  0,00 | 1,368 | 302,23 | 302,23 |  4,22 | 668,524 | 288,80 | 301,53 |  0,00 | 650,899 | 118,71 | 118,71 | 1320,936 |   NaN | NaN | 0,00 | 0,00 | NaN
  36 |  1,02 | 164,093 | 749,95 | 757,65 | 754,31 |  0,00 | 1,392 | 44,35 | 44,35 |  0,00 | 1,558 | 294,61 | 294,61 |  2,57 | 509,107 | 292,28 | 299,98 |  0,00 | 626,116 | 118,71 | 118,71 | 1271,861 |   NaN | NaN | 0,00 | 0,00 | NaN
  37 |  1,92 | 193,810 | 752,97 | 767,69 | 757,32 |  0,00 | 1,375 | 44,35 | 44,35 |  0,00 | 1,906 | 304,67 | 304,67 |  4,91 | 653,284 | 285,25 | 299,96 |  0,00 | 581,945 | 118,71 | 118,71 | 1182,971 |   NaN | NaN | 0,00 | 0,00 | NaN
  38 |  1,16 | 188,544 | 753,58 | 762,43 | 757,91 |  0,00 | 1,366 | 44,35 | 44,35 |  0,00 | 2,020 | 300,41 | 300,41 |  2,96 | 616,257 | 290,11 | 298,95 |  0,00 | 606,425 | 118,71 | 118,71 | 1232,197 |   NaN | NaN | 0,00 | 0,00 | NaN
  39 |  0,77 | 163,225 | 749,94 | 755,78 | 754,36 |  0,00 | 1,409 | 44,35 | 44,35 |  0,00 | 1,791 | 297,45 | 297,45 |  1,98 | 517,973 | 289,43 | 295,27 |  0,00 | 591,692 | 118,71 | 118,71 | 1202,792 |   NaN | NaN | 0,00 | 0,00 | NaN
  40 |  0,92 | 168,313 | 749,49 | 756,43 | 753,89 |  0,00 | 1,409 | 44,35 | 44,35 |  0,00 | 1,654 | 296,85 | 296,85 |  2,34 | 531,751 | 289,59 | 296,53 |  0,00 | 618,948 | 118,71 | 118,71 | 1257,553 |   NaN | NaN | 0,00 | 0,00 | NaN
  41 |  2,13 | 192,357 | 749,79 | 766,15 | 754,16 |  0,00 | 1,392 | 44,35 | 44,35 |  0,00 | 1,777 | 299,65 | 299,65 |  5,39 | 644,642 | 287,09 | 303,44 |  0,00 | 566,149 | 118,71 | 118,71 | 1151,403 |   NaN | NaN | 0,00 | 0,00 | NaN
  42 |  1,68 | 188,663 | 752,36 | 765,21 | 756,70 |  0,00 | 1,338 | 44,35 | 44,35 |  0,00 | 1,932 | 300,10 | 300,10 |  4,25 | 625,100 | 289,21 | 302,05 |  0,00 | 574,242 | 118,71 | 118,71 | 1167,639 |   NaN | NaN | 0,00 | 0,00 | NaN
  43 |  1,92 | 192,904 | 753,53 | 768,31 | 757,92 |  0,00 | 1,417 | 44,35 | 44,35 |  0,00 | 1,816 | 301,82 | 301,82 |  4,87 | 640,237 | 288,65 | 303,44 |  0,00 | 591,635 | 118,71 | 118,71 | 1202,518 |   NaN | NaN | 0,00 | 0,00 | NaN
  44 |  1,87 | 210,899 | 754,56 | 768,95 | 758,89 |  0,00 | 1,329 | 44,35 | 44,35 |  0,00 | 1,765 | 300,06 | 300,06 |  4,70 | 712,904 | 291,44 | 305,83 |  0,00 | 563,094 | 118,71 | 118,71 | 1145,283 |   NaN | NaN | 0,00 | 0,00 | NaN
  45 |  1,70 | 192,116 | 753,30 | 766,29 | 757,70 |  0,00 | 1,413 | 44,35 | 44,35 |  0,00 | 2,304 | 306,86 | 306,86 |  4,38 | 652,156 | 283,39 | 296,38 |  0,00 | 572,697 | 118,71 | 118,71 | 1164,486 |   NaN | NaN | 0,00 | 0,00 | NaN
  46 |  1,14 | 173,218 | 751,06 | 759,69 | 755,40 |  0,00 | 1,352 | 44,35 | 44,35 |  0,00 | 1,865 | 295,20 | 295,20 |  2,86 | 552,569 | 292,80 | 301,44 |  0,00 | 588,859 | 118,71 | 118,71 | 1196,973 |   NaN | NaN | 0,00 | 0,00 | NaN
  47 |  0,83 | 159,808 | 750,01 | 756,27 | 754,35 |  0,00 | 1,350 | 44,35 | 44,35 |  0,00 | 1,599 | 299,41 | 299,41 |  2,13 | 516,188 | 287,54 | 293,80 |  0,00 | 553,705 | 118,71 | 118,71 | 1126,540 |   NaN | NaN | 0,00 | 0,00 | NaN
  48 |  0,73 | 182,237 | 751,98 | 757,53 | 756,32 |  0,00 | 1,380 | 44,35 | 44,35 |  0,00 | 1,746 | 296,99 | 296,99 |  1,87 | 596,127 | 291,93 | 297,49 |  0,00 | 563,077 | 118,71 | 118,71 | 1145,348 |   NaN | NaN | 0,00 | 0,00 | NaN
  49 |  0,76 | 148,566 | 751,13 | 756,86 | 755,49 |  0,00 | 1,392 | 44,35 | 44,35 |  0,00 | 2,075 | 297,13 | 297,13 |  1,93 | 465,610 | 290,95 | 296,68 |  0,00 | 553,620 | 118,71 | 118,71 | 1126,346 |   NaN | NaN | 0,00 | 0,00 | NaN
  50 |  1,05 | 177,404 | 753,06 | 761,06 | 757,40 |  0,00 | 1,346 | 44,35 | 44,35 |  0,00 | 1,880 | 301,34 | 301,34 |  2,70 | 577,713 | 288,66 | 296,66 |  0,00 | 591,949 | 118,71 | 118,71 | 1203,035 |   NaN | NaN | 0,00 | 0,00 | NaN
  51 |  0,81 | 177,122 | 752,84 | 758,99 | 757,17 |  0,00 | 1,344 | 44,35 | 44,35 |  0,00 | 1,923 | 296,03 | 296,03 |  2,05 | 571,746 | 293,75 | 299,90 |  0,00 | 566,933 | 118,71 | 118,71 | 1152,979 |   NaN | NaN | 0,00 | 0,00 | NaN
  52 |  1,05 | 173,835 | 752,54 | 760,55 | 756,88 |  0,00 | 1,371 | 44,35 | 44,35 |  0,00 | 1,970 | 295,68 | 295,68 |  2,65 | 557,801 | 293,80 | 301,81 |  0,00 | 569,924 | 118,71 | 118,71 | 1158,954 |   NaN | NaN | 0,00 | 0,00 | NaN
  53 |  1,53 | 185,712 | 752,49 | 764,15 | 756,84 |  0,00 | 1,358 | 44,35 | 44,35 |  0,00 | 1,630 | 299,12 | 299,12 |  3,86 | 609,249 | 290,32 | 301,98 |  0,00 | 583,805 | 118,71 | 118,71 | 1186,779 |   NaN | NaN | 0,00 | 0,00 | NaN
  54 |  0,63 | 157,775 | 751,94 | 756,73 | 756,31 |  0,00 | 1,360 | 44,35 | 44,35 |  0,00 | 2,152 | 300,33 | 300,33 |  1,63 | 502,367 | 288,55 | 293,34 |  0,00 | 572,816 | 118,71 | 118,71 | 1164,740 |   NaN | NaN | 0,00 | 0,00 | NaN
  55 |  1,15 | 177,349 | 753,32 | 762,09 | 757,66 |  0,00 | 1,345 | 44,35 | 44,35 |  0,00 | 1,751 | 297,72 | 297,72 |  2,91 | 567,241 | 292,54 | 301,31 |  0,00 | 606,138 | 118,71 | 118,71 | 1231,870 |   NaN | NaN | 0,00 | 0,00 | NaN
  56 |  0,88 | 152,573 | 749,40 | 756,06 | 753,74 |  0,00 | 1,351 | 44,35 | 44,35 |  0,00 | 2,043 | 297,92 | 297,92 |  2,26 | 482,438 | 288,42 | 295,08 |  0,00 | 564,350 | 118,71 | 118,71 | 1147,672 |   NaN | NaN | 0,00 | 0,00 | NaN
  57 |  1,46 | 165,476 | 749,70 | 760,84 | 754,04 |  0,00 | 1,348 | 44,35 | 44,35 |  0,00 | 1,831 | 297,99 | 297,99 |  3,72 | 535,797 | 288,66 | 299,80 |  0,00 | 556,741 | 118,71 | 118,71 | 1132,564 |   NaN | NaN | 0,00 | 0,00 | NaN
  58 |  1,01 | 197,968 | 754,20 | 761,88 | 758,54 |  0,00 | 1,377 | 44,35 | 44,35 |  0,00 | 2,000 | 300,73 | 300,73 |  2,57 | 664,088 | 290,42 | 298,09 |  0,00 | 558,363 | 118,71 | 118,71 | 1135,869 |   NaN | NaN | 0,00 | 0,00 | NaN
  59 |  1,78 | 191,681 | 754,09 | 767,74 | 758,44 |  0,00 | 1,396 | 44,35 | 44,35 |  0,00 | 1,629 | 298,98 | 298,98 |  4,47 | 619,554 | 292,05 | 305,70 |  0,00 | 632,605 | 118,71 | 118,71 | 1284,899 |   NaN | NaN | 0,00 | 0,00 | NaN
  60 |  1,28 | 183,211 | 753,68 | 763,44 | 758,00 |  0,00 | 1,331 | 44,35 | 44,35 |  0,00 | 1,895 | 300,65 | 300,65 |  3,25 | 604,255 | 289,98 | 299,73 |  0,00 | 566,035 | 118,71 | 118,71 | 1151,233 |   NaN | NaN | 0,00 | 0,00 | NaN
  61 |  1,53 | 191,381 | 755,02 | 766,73 | 759,35 |  0,00 | 1,353 | 44,35 | 44,35 |  0,00 | 2,067 | 301,79 | 301,79 |  3,88 | 633,044 | 290,17 | 301,89 |  0,00 | 585,957 | 118,71 | 118,71 | 1191,215 |   NaN | NaN | 0,00 | 0,00 | NaN
  62 |  1,53 | 194,838 | 753,24 | 764,95 | 757,64 |  0,00 | 1,415 | 44,35 | 44,35 |  0,00 | 1,986 | 298,98 | 298,98 |  3,87 | 648,268 | 291,20 | 302,91 |  0,00 | 562,946 | 118,71 | 118,71 | 1144,945 |   NaN | NaN | 0,00 | 0,00 | NaN
  63 |  1,57 | 175,760 | 753,03 | 765,00 | 757,38 |  0,00 | 1,370 | 44,35 | 44,35 |  0,00 | 1,618 | 302,81 | 302,81 |  4,00 | 571,980 | 287,17 | 299,14 |  0,00 | 601,840 | 118,71 | 118,71 | 1223,187 |   NaN | NaN | 0,00 | 0,00 | NaN
  64 |  0,86 | 167,489 | 747,73 | 754,24 | 752,15 |  0,00 | 1,414 | 44,35 | 44,35 |  0,00 | 1,729 | 296,75 | 296,75 |  2,21 | 540,615 | 287,92 | 294,43 |  0,00 | 572,677 | 118,71 | 118,71 | 1164,414 |   NaN | NaN | 0,00 | 0,00 | NaN

= = = = = = = = = = = = AVERAGE RESULTS system = = = = = = = = = = = =
meanPLR_system | 1,315553 
meanDelay_system | 184,016324 
meanLoad_system | 762,387499 
meanTHR_system | 752,339107 
meanGate_system | 756,686583 

meanPLR_EF_system | 0,000000 
meanPLR_AF_system | 0,000000 
meanPLR_BE_system | 3,346066 
meanPLR_FLA_system | 0,000000 
meanPLR_FLB_system | NaN 

meanTHR_EF_system | 44,352001 
meanTHR_AF_system | 299,807631 
meanTHR_BE_system | 289,474428 
meanTHR_FLA_system | 121,723340 
meanTHR_FLB_system | 0,000000 

meanLoad_EF_system | 44,352001 
meanLoad_AF_system | 299,807631 
meanLoad_BE_system | 299,522820 
meanLoad_FLA_system | 121,723340 
meanLoad_FLB_system | 0,000000 

meanDELAY_EF_system | 1,375034 
meanDELAY_AF_system | 4,662778 
meanDELAY_BE_system | 620,485019 
meanDELAY_FLA_system | 495,199311 
meanDELAY_FLB_system | NaN 
meanDELAY_CompleteFLA_system | 1009,612642 
meanDELAY_CompleteFLB_system | NaN 

= = = = = = = = = = = = AVERAGE RESULTS = = = = = = = = = = = =
Packet Loss Ratio: 01,32 (%)
PROCESSED PACKAGES: 1406403358 
DISCARTED PACKAGES: 12185675 
TOTAL PACKAGES: 1418589033 
AVERAGE DELAY: 33426,96 (ms) 
AVERAGE THROUGHPUT: 752,34 (Mbps) 
GRANTED THROUGHPUT: 48427,94 (Mbps) By 64 ONUs
EFFECTIVE THROUGHPUT: 48149,70 (Mbps) By 64 ONUs
TOTAL LOAD: 48792,80 (Mbps) By 64 ONUs
ON Arrival THROUGHPUT: 0,00 (Mbps) By 64 ONUs
FINISHTIMEFL: 117,985590 
FINISHTIME: 120,985590 


fileName | IPACT_LEAKYBUCKET_1_68_80_0 
