
ONU ID 	|  PLR(%) | Delay(ms) | Throughput(Mbps) | Granted Throughput(Mbps) | Total Load (Mbps) 

  ID |  PLR(%) |  D  | Thr |  Gates  |  Load  | PLR-EF | D-EF | ThrEF | LoadEF | PLR-AF | D-AF | ThrAF | LoadAF | PLR-BE | D-BE | ThrBE | LoadBE | PLR-FA | D-FA | ThrFA | LoadFA | DTFA |  PLR-FB | D-FB | ThrFB | LoadFB | DTFB | 
   1 | 10,29 | 302,186 | 755,28 | 841,87 | 760,05 |  0,00 | 1,407 | 44,35 | 44,35 |  0,00 | 29,729 | 374,26 | 374,26 | 23,98 | 1244,388 | 274,47 | 361,06 |  0,00 | 139,854 | 62,19 | 62,19 | 313,578 |   NaN | NaN | 0,00 | 0,00 | NaN
   2 | 10,39 | 292,087 | 754,57 | 842,04 | 758,93 |  0,00 | 1,419 | 44,35 | 44,35 |  0,00 | 15,909 | 367,97 | 367,97 | 23,80 | 1179,958 | 280,05 | 367,52 |  0,00 | 267,400 | 62,19 | 62,19 | 826,086 |   NaN | NaN | 0,00 | 0,00 | NaN
   3 | 10,30 | 296,123 | 756,08 | 842,92 | 760,47 |  0,00 | 1,356 | 44,35 | 44,35 |  0,00 | 16,649 | 368,83 | 368,83 | 23,63 | 1198,866 | 280,71 | 367,55 |  0,00 | 234,890 | 62,19 | 62,19 | 720,337 |   NaN | NaN | 0,00 | 0,00 | NaN
   4 | 11,14 | 302,244 | 755,00 | 849,65 | 759,81 |  0,00 | 1,361 | 44,35 | 44,35 |  0,00 | 33,618 | 375,09 | 375,09 | 25,72 | 1243,888 | 273,36 | 368,01 |  0,00 | 139,168 | 62,19 | 62,19 | 302,098 |   NaN | NaN | 0,00 | 0,00 | NaN
   5 | 10,03 | 282,575 | 754,07 | 838,14 | 758,35 |  0,00 | 1,387 | 44,35 | 44,35 |  0,00 | 7,867 | 366,39 | 366,39 | 23,02 | 1132,829 | 281,14 | 365,21 |  0,00 | 374,231 | 62,19 | 62,19 | 1148,256 |   NaN | NaN | 0,00 | 0,00 | NaN
   6 | 10,96 | 294,130 | 755,78 | 848,82 | 760,05 |  0,00 | 1,335 | 44,35 | 44,35 |  0,00 | 12,384 | 372,37 | 372,37 | 25,15 | 1203,632 | 276,87 | 369,91 |  0,00 | 303,928 | 62,19 | 62,19 | 937,223 |   NaN | NaN | 0,00 | 0,00 | NaN
   7 | 10,44 | 301,305 | 754,61 | 842,60 | 759,30 |  0,00 | 1,354 | 44,35 | 44,35 |  0,00 | 29,359 | 368,94 | 368,94 | 23,97 | 1218,825 | 279,13 | 367,11 |  0,00 | 151,843 | 62,19 | 62,19 | 388,342 |   NaN | NaN | 0,00 | 0,00 | NaN
   8 | 10,67 | 301,220 | 755,10 | 845,28 | 759,43 |  0,00 | 1,404 | 44,35 | 44,35 |  0,00 | 14,916 | 366,57 | 366,57 | 24,23 | 1212,919 | 281,98 | 372,16 |  0,00 | 261,597 | 62,19 | 62,19 | 809,322 |   NaN | NaN | 0,00 | 0,00 | NaN
   9 | 10,78 | 300,826 | 755,43 | 846,68 | 759,96 |  0,00 | 1,344 | 44,35 | 44,35 |  0,00 | 26,536 | 372,71 | 372,71 | 24,84 | 1229,625 | 276,18 | 367,43 |  0,00 | 188,116 | 62,19 | 62,19 | 539,488 |   NaN | NaN | 0,00 | 0,00 | NaN
  10 | 10,42 | 299,289 | 755,23 | 843,08 | 760,04 |  0,00 | 1,405 | 44,35 | 44,35 |  0,00 | 30,319 | 369,10 | 369,10 | 23,91 | 1209,232 | 279,59 | 367,43 |  0,00 | 139,463 | 62,19 | 62,19 | 310,360 |   NaN | NaN | 0,00 | 0,00 | NaN
  11 |  9,81 | 289,252 | 754,40 | 836,50 | 758,68 |  0,00 | 1,344 | 44,35 | 44,35 |  0,00 | 2,802 | 360,92 | 360,92 | 22,25 | 1126,645 | 286,93 | 369,04 |  0,00 | 529,897 | 62,19 | 62,19 | 1615,193 |   NaN | NaN | 0,00 | 0,00 | NaN
  12 | 10,36 | 297,190 | 755,27 | 842,52 | 759,60 |  0,00 | 1,406 | 44,35 | 44,35 |  0,00 | 12,280 | 369,09 | 369,09 | 23,78 | 1202,915 | 279,63 | 366,88 |  0,00 | 317,465 | 62,19 | 62,19 | 977,999 |   NaN | NaN | 0,00 | 0,00 | NaN
  13 |  9,26 | 295,145 | 755,17 | 832,27 | 759,51 |  0,00 | 1,371 | 44,35 | 44,35 |  0,00 | 14,168 | 363,17 | 363,17 | 21,27 | 1174,953 | 285,45 | 362,56 |  0,00 | 255,393 | 62,19 | 62,19 | 783,431 |   NaN | NaN | 0,00 | 0,00 | NaN
  14 | 10,77 | 291,691 | 755,01 | 846,10 | 759,31 |  0,00 | 1,412 | 44,35 | 44,35 |  0,00 | 6,185 | 369,62 | 369,62 | 24,63 | 1183,516 | 278,84 | 369,94 |  0,00 | 377,121 | 62,19 | 62,19 | 1156,770 |   NaN | NaN | 0,00 | 0,00 | NaN
  15 |  9,98 | 296,749 | 754,12 | 837,69 | 758,88 |  0,00 | 1,406 | 44,35 | 44,35 |  0,00 | 27,566 | 363,01 | 363,01 | 22,70 | 1179,644 | 284,56 | 368,13 |  0,00 | 145,939 | 62,19 | 62,19 | 360,499 |   NaN | NaN | 0,00 | 0,00 | NaN
  16 | 10,90 | 299,617 | 754,47 | 846,74 | 758,99 |  0,00 | 1,398 | 44,35 | 44,35 |  0,00 | 20,228 | 367,51 | 367,51 | 24,76 | 1212,867 | 280,41 | 372,68 |  0,00 | 194,481 | 62,19 | 62,19 | 571,135 |   NaN | NaN | 0,00 | 0,00 | NaN
  17 | 10,80 | 301,807 | 753,82 | 845,07 | 758,34 |  0,00 | 1,411 | 44,35 | 44,35 |  0,00 | 19,749 | 368,92 | 368,92 | 24,69 | 1230,939 | 278,35 | 369,61 |  0,00 | 194,454 | 62,19 | 62,19 | 560,181 |   NaN | NaN | 0,00 | 0,00 | NaN
  18 | 10,41 | 295,086 | 754,83 | 842,54 | 759,12 |  0,00 | 1,387 | 44,35 | 44,35 |  0,00 | 2,986 | 366,30 | 366,30 | 23,73 | 1164,442 | 281,98 | 369,69 |  0,00 | 586,765 | 62,19 | 62,19 | 1786,152 |   NaN | NaN | 0,00 | 0,00 | NaN
  19 |  9,46 | 286,254 | 755,20 | 834,07 | 759,50 |  0,00 | 1,378 | 44,35 | 44,35 |  0,00 | 4,967 | 362,19 | 362,19 | 21,59 | 1121,162 | 286,47 | 365,34 |  0,00 | 470,929 | 62,19 | 62,19 | 1438,179 |   NaN | NaN | 0,00 | 0,00 | NaN
  20 |  9,74 | 286,969 | 756,03 | 837,59 | 760,34 |  0,00 | 1,374 | 44,35 | 44,35 |  0,00 | 2,179 | 369,87 | 369,87 | 22,58 | 1146,215 | 279,62 | 361,18 |  0,00 | 553,867 | 62,19 | 62,19 | 1687,186 |   NaN | NaN | 0,00 | 0,00 | NaN
  21 |  9,24 | 291,120 | 753,35 | 830,06 | 758,11 |  0,00 | 1,378 | 44,35 | 44,35 |  0,00 | 32,305 | 362,29 | 362,29 | 21,24 | 1150,334 | 284,52 | 361,23 |  0,00 | 142,075 | 62,19 | 62,19 | 335,059 |   NaN | NaN | 0,00 | 0,00 | NaN
  22 | 11,20 | 298,461 | 755,27 | 850,56 | 759,61 |  0,00 | 1,417 | 44,35 | 44,35 |  0,00 | 5,089 | 377,37 | 377,37 | 25,99 | 1244,546 | 271,36 | 366,65 |  0,00 | 400,302 | 62,19 | 62,19 | 1226,443 |   NaN | NaN | 0,00 | 0,00 | NaN
  23 | 10,71 | 296,953 | 754,81 | 845,32 | 759,11 |  0,00 | 1,399 | 44,35 | 44,35 |  0,00 | 2,842 | 371,48 | 371,48 | 24,64 | 1201,530 | 276,78 | 367,29 |  0,00 | 523,213 | 62,19 | 62,19 | 1595,180 |   NaN | NaN | 0,00 | 0,00 | NaN
  24 | 10,37 | 293,698 | 755,45 | 842,87 | 759,80 |  0,00 | 1,361 | 44,35 | 44,35 |  0,00 | 12,581 | 367,48 | 367,48 | 23,70 | 1186,933 | 281,42 | 368,85 |  0,00 | 264,918 | 62,19 | 62,19 | 815,165 |   NaN | NaN | 0,00 | 0,00 | NaN
  25 | 11,34 | 304,367 | 754,62 | 851,11 | 759,30 |  0,00 | 1,418 | 44,35 | 44,35 |  0,00 | 29,711 | 367,48 | 367,48 | 25,59 | 1224,265 | 280,60 | 377,09 |  0,00 | 155,476 | 62,19 | 62,19 | 414,326 |   NaN | NaN | 0,00 | 0,00 | NaN
  26 | 10,01 | 294,026 | 755,47 | 839,46 | 760,21 |  0,00 | 1,414 | 44,35 | 44,35 |  0,00 | 36,251 | 366,46 | 366,46 | 22,92 | 1166,561 | 282,46 | 366,46 |  0,00 | 145,498 | 62,19 | 62,19 | 352,565 |   NaN | NaN | 0,00 | 0,00 | NaN
  27 |  9,90 | 287,787 | 755,59 | 838,62 | 759,89 |  0,00 | 1,341 | 44,35 | 44,35 |  0,00 | 2,468 | 367,88 | 367,88 | 22,80 | 1137,217 | 281,17 | 364,19 |  0,00 | 599,124 | 62,19 | 62,19 | 1823,211 |   NaN | NaN | 0,00 | 0,00 | NaN
  28 |  9,66 | 298,446 | 754,67 | 835,34 | 758,97 |  0,00 | 1,407 | 44,35 | 44,35 |  0,00 | 3,931 | 367,71 | 367,71 | 22,34 | 1192,283 | 280,41 | 361,08 |  0,00 | 512,267 | 62,19 | 62,19 | 1562,354 |   NaN | NaN | 0,00 | 0,00 | NaN
  29 | 10,85 | 290,355 | 755,80 | 847,75 | 760,09 |  0,00 | 1,387 | 44,35 | 44,35 |  0,00 | 3,080 | 371,03 | 371,03 | 24,84 | 1165,365 | 278,23 | 370,18 |  0,00 | 544,758 | 62,19 | 62,19 | 1659,993 |   NaN | NaN | 0,00 | 0,00 | NaN
  30 |  9,80 | 289,616 | 755,25 | 837,33 | 759,57 |  0,00 | 1,417 | 44,35 | 44,35 |  0,00 | 2,609 | 365,20 | 365,20 | 22,45 | 1136,708 | 283,50 | 365,58 |  0,00 | 582,014 | 62,19 | 62,19 | 1771,841 |   NaN | NaN | 0,00 | 0,00 | NaN
  31 |  9,97 | 291,788 | 755,57 | 839,20 | 759,88 |  0,00 | 1,384 | 44,35 | 44,35 |  0,00 | 2,920 | 366,25 | 366,25 | 22,82 | 1155,566 | 282,78 | 366,41 |  0,00 | 521,889 | 62,19 | 62,19 | 1591,340 |   NaN | NaN | 0,00 | 0,00 | NaN
  32 | 10,11 | 295,030 | 755,42 | 840,41 | 759,70 |  0,00 | 1,340 | 44,35 | 44,35 |  0,00 | 3,482 | 366,69 | 366,69 | 23,15 | 1164,079 | 282,18 | 367,17 |  0,00 | 582,806 | 62,19 | 62,19 | 1773,914 |   NaN | NaN | 0,00 | 0,00 | NaN
  33 |  9,61 | 286,679 | 755,88 | 836,29 | 760,20 |  0,00 | 1,406 | 44,35 | 44,35 |  0,00 | 3,368 | 363,51 | 363,51 | 21,95 | 1115,455 | 285,82 | 366,23 |  0,00 | 576,315 | 62,19 | 62,19 | 1754,683 |   NaN | NaN | 0,00 | 0,00 | NaN
  34 |  9,42 | 287,426 | 755,99 | 834,57 | 760,28 |  0,00 | 1,397 | 44,35 | 44,35 |  0,00 | 2,549 | 366,77 | 366,77 | 21,75 | 1126,807 | 282,67 | 361,26 |  0,00 | 626,589 | 62,19 | 62,19 | 1905,699 |   NaN | NaN | 0,00 | 0,00 | NaN
  35 | 10,68 | 289,327 | 755,71 | 846,09 | 759,99 |  0,00 | 1,346 | 44,35 | 44,35 |  0,00 | 2,118 | 369,36 | 369,36 | 24,41 | 1143,238 | 279,81 | 370,19 |  0,00 | 651,454 | 62,19 | 62,19 | 1982,491 |   NaN | NaN | 0,00 | 0,00 | NaN
  36 |  9,60 | 283,364 | 755,64 | 835,85 | 759,94 |  0,00 | 1,399 | 44,35 | 44,35 |  0,00 | 3,225 | 361,53 | 361,53 | 21,81 | 1090,374 | 287,56 | 367,77 |  0,00 | 617,392 | 62,19 | 62,19 | 1877,861 |   NaN | NaN | 0,00 | 0,00 | NaN
  37 | 10,93 | 294,486 | 755,44 | 848,14 | 759,72 |  0,00 | 1,382 | 44,35 | 44,35 |  0,00 | 3,462 | 374,06 | 374,06 | 25,22 | 1196,024 | 274,84 | 367,54 |  0,00 | 548,495 | 62,19 | 62,19 | 1671,033 |   NaN | NaN | 0,00 | 0,00 | NaN
  38 | 10,18 | 286,815 | 756,00 | 841,72 | 760,28 |  0,00 | 1,373 | 44,35 | 44,35 |  0,00 | 3,241 | 368,59 | 368,59 | 23,38 | 1135,079 | 280,87 | 366,59 |  0,00 | 585,748 | 62,19 | 62,19 | 1782,910 |   NaN | NaN | 0,00 | 0,00 | NaN
  39 |  9,23 | 285,029 | 754,49 | 831,24 | 758,82 |  0,00 | 1,417 | 44,35 | 44,35 |  0,00 | 3,992 | 363,54 | 363,54 | 21,25 | 1115,068 | 284,41 | 361,16 |  0,00 | 549,000 | 62,19 | 62,19 | 1672,755 |   NaN | NaN | 0,00 | 0,00 | NaN
  40 |  9,22 | 278,993 | 754,40 | 831,05 | 758,71 |  0,00 | 1,417 | 44,35 | 44,35 |  0,00 | 3,434 | 363,58 | 363,58 | 21,24 | 1082,476 | 284,27 | 360,92 |  0,00 | 625,524 | 62,19 | 62,19 | 1902,390 |   NaN | NaN | 0,00 | 0,00 | NaN
  41 | 10,65 | 288,641 | 754,64 | 844,57 | 758,96 |  0,00 | 1,400 | 44,35 | 44,35 |  0,00 | 4,191 | 365,59 | 365,59 | 24,15 | 1139,607 | 282,51 | 372,44 |  0,00 | 529,663 | 62,19 | 62,19 | 1614,416 |   NaN | NaN | 0,00 | 0,00 | NaN
  42 | 10,77 | 292,214 | 755,87 | 847,10 | 760,18 |  0,00 | 1,346 | 44,35 | 44,35 |  0,00 | 2,506 | 370,53 | 370,53 | 24,65 | 1171,298 | 278,79 | 370,02 |  0,00 | 549,701 | 62,19 | 62,19 | 1674,503 |   NaN | NaN | 0,00 | 0,00 | NaN
  43 | 10,82 | 290,231 | 755,43 | 847,06 | 759,74 |  0,00 | 1,424 | 44,35 | 44,35 |  0,00 | 3,148 | 370,26 | 370,26 | 24,75 | 1158,842 | 278,62 | 370,25 |  0,00 | 576,905 | 62,19 | 62,19 | 1756,421 |   NaN | NaN | 0,00 | 0,00 | NaN
  44 | 10,93 | 296,747 | 755,68 | 848,41 | 759,96 |  0,00 | 1,336 | 44,35 | 44,35 |  0,00 | 3,241 | 368,03 | 368,03 | 24,81 | 1182,781 | 281,10 | 373,84 |  0,00 | 521,282 | 62,19 | 62,19 | 1589,458 |   NaN | NaN | 0,00 | 0,00 | NaN
  45 | 10,42 | 289,590 | 755,78 | 843,68 | 760,11 |  0,00 | 1,420 | 44,35 | 44,35 |  0,00 | 3,180 | 373,32 | 373,32 | 24,16 | 1171,527 | 275,92 | 363,82 |  0,00 | 547,341 | 62,19 | 62,19 | 1667,562 |   NaN | NaN | 0,00 | 0,00 | NaN
  46 | 10,12 | 286,611 | 755,55 | 840,66 | 759,84 |  0,00 | 1,360 | 44,35 | 44,35 |  0,00 | 3,047 | 363,38 | 363,38 | 22,96 | 1116,907 | 285,62 | 370,73 |  0,00 | 571,051 | 62,19 | 62,19 | 1738,726 |   NaN | NaN | 0,00 | 0,00 | NaN
  47 |  9,64 | 289,338 | 755,58 | 836,21 | 759,86 |  0,00 | 1,357 | 44,35 | 44,35 |  0,00 | 4,626 | 367,60 | 367,60 | 22,27 | 1147,588 | 281,43 | 362,07 |  0,00 | 532,822 | 62,19 | 62,19 | 1623,931 |   NaN | NaN | 0,00 | 0,00 | NaN
  48 |  9,67 | 286,018 | 754,80 | 835,60 | 759,10 |  0,00 | 1,387 | 44,35 | 44,35 |  0,00 | 4,099 | 364,76 | 364,76 | 22,18 | 1125,049 | 283,49 | 364,29 |  0,00 | 529,556 | 62,19 | 62,19 | 1614,240 |   NaN | NaN | 0,00 | 0,00 | NaN
  49 |  9,60 | 289,576 | 754,96 | 835,13 | 759,27 |  0,00 | 1,399 | 44,35 | 44,35 |  0,00 | 4,057 | 365,92 | 365,92 | 22,11 | 1147,141 | 282,49 | 362,66 |  0,00 | 508,898 | 62,19 | 62,19 | 1552,085 |   NaN | NaN | 0,00 | 0,00 | NaN
  50 | 10,14 | 282,362 | 754,68 | 839,83 | 758,97 |  0,00 | 1,354 | 44,35 | 44,35 |  0,00 | 2,883 | 368,01 | 368,01 | 23,31 | 1121,240 | 280,12 | 365,27 |  0,00 | 563,465 | 62,19 | 62,19 | 1715,880 |   NaN | NaN | 0,00 | 0,00 | NaN
  51 | 10,25 | 286,210 | 755,32 | 841,55 | 759,61 |  0,00 | 1,352 | 44,35 | 44,35 |  0,00 | 3,242 | 366,73 | 366,73 | 23,42 | 1134,090 | 282,04 | 368,28 |  0,00 | 526,200 | 62,19 | 62,19 | 1603,969 |   NaN | NaN | 0,00 | 0,00 | NaN
  52 | 10,11 | 291,642 | 755,43 | 840,39 | 759,74 |  0,00 | 1,378 | 44,35 | 44,35 |  0,00 | 2,340 | 362,26 | 362,26 | 22,86 | 1137,958 | 286,62 | 371,58 |  0,00 | 540,724 | 62,19 | 62,19 | 1647,808 |   NaN | NaN | 0,00 | 0,00 | NaN
  53 | 10,23 | 293,226 | 755,11 | 841,20 | 759,41 |  0,00 | 1,365 | 44,35 | 44,35 |  0,00 | 3,309 | 367,53 | 367,53 | 23,45 | 1162,367 | 281,04 | 367,12 |  0,00 | 570,868 | 62,19 | 62,19 | 1738,175 |   NaN | NaN | 0,00 | 0,00 | NaN
  54 |  9,51 | 285,056 | 755,51 | 834,90 | 759,82 |  0,00 | 1,368 | 44,35 | 44,35 |  0,00 | 3,921 | 366,20 | 366,20 | 21,92 | 1123,299 | 282,76 | 362,16 |  0,00 | 549,322 | 62,19 | 62,19 | 1673,385 |   NaN | NaN | 0,00 | 0,00 | NaN
  55 | 10,04 | 291,598 | 755,49 | 839,81 | 759,79 |  0,00 | 1,353 | 44,35 | 44,35 |  0,00 | 3,008 | 365,24 | 365,24 | 22,91 | 1145,867 | 283,70 | 368,03 |  0,00 | 566,674 | 62,19 | 62,19 | 1725,653 |   NaN | NaN | 0,00 | 0,00 | NaN
  56 |  9,42 | 286,908 | 755,67 | 834,21 | 759,97 |  0,00 | 1,359 | 44,35 | 44,35 |  0,00 | 3,509 | 364,92 | 364,92 | 21,65 | 1129,248 | 284,20 | 362,75 |  0,00 | 520,116 | 62,19 | 62,19 | 1585,791 |   NaN | NaN | 0,00 | 0,00 | NaN
  57 | 10,06 | 285,107 | 755,40 | 839,93 | 759,71 |  0,00 | 1,355 | 44,35 | 44,35 |  0,00 | 4,424 | 365,60 | 365,60 | 22,98 | 1124,565 | 283,25 | 367,78 |  0,00 | 517,029 | 62,19 | 62,19 | 1576,645 |   NaN | NaN | 0,00 | 0,00 | NaN
  58 | 10,22 | 293,731 | 755,81 | 841,83 | 760,11 |  0,00 | 1,384 | 44,35 | 44,35 |  0,00 | 3,274 | 370,47 | 370,47 | 23,58 | 1177,608 | 278,79 | 364,81 |  0,00 | 544,975 | 62,19 | 62,19 | 1660,411 |   NaN | NaN | 0,00 | 0,00 | NaN
  59 | 10,63 | 288,906 | 755,68 | 845,57 | 759,97 |  0,00 | 1,403 | 44,35 | 44,35 |  0,00 | 3,279 | 366,18 | 366,18 | 24,11 | 1129,355 | 282,96 | 372,84 |  0,00 | 634,546 | 62,19 | 62,19 | 1929,216 |   NaN | NaN | 0,00 | 0,00 | NaN
  60 | 10,48 | 294,370 | 754,26 | 842,54 | 758,57 |  0,00 | 1,338 | 44,35 | 44,35 |  0,00 | 3,447 | 368,53 | 368,53 | 24,02 | 1180,439 | 279,18 | 367,47 |  0,00 | 511,823 | 62,19 | 62,19 | 1561,005 |   NaN | NaN | 0,00 | 0,00 | NaN
  61 | 10,73 | 290,638 | 755,64 | 846,47 | 759,93 |  0,00 | 1,361 | 44,35 | 44,35 |  0,00 | 4,183 | 369,49 | 369,49 | 24,52 | 1157,410 | 279,61 | 370,43 |  0,00 | 561,171 | 62,19 | 62,19 | 1709,123 |   NaN | NaN | 0,00 | 0,00 | NaN
  62 | 10,48 | 286,615 | 755,14 | 843,58 | 759,49 |  0,00 | 1,422 | 44,35 | 44,35 |  0,00 | 4,184 | 366,64 | 366,64 | 23,88 | 1133,983 | 281,95 | 370,38 |  0,00 | 533,840 | 62,19 | 62,19 | 1627,144 |   NaN | NaN | 0,00 | 0,00 | NaN
  63 | 10,45 | 290,121 | 753,78 | 841,75 | 758,07 |  0,00 | 1,378 | 44,35 | 44,35 |  0,00 | 3,043 | 370,66 | 370,66 | 24,13 | 1164,826 | 276,58 | 364,55 |  0,00 | 583,963 | 62,19 | 62,19 | 1777,514 |   NaN | NaN | 0,00 | 0,00 | NaN
  64 |  9,28 | 286,168 | 755,96 | 833,29 | 760,30 |  0,00 | 1,421 | 44,35 | 44,35 |  0,00 | 3,080 | 364,98 | 364,98 | 21,38 | 1121,675 | 284,44 | 361,77 |  0,00 | 554,863 | 62,19 | 62,19 | 1690,155 |   NaN | NaN | 0,00 | 0,00 | NaN

= = = = = = = = = = = = AVERAGE RESULTS system = = = = = = = = = = = =
meanPLR_system | 10,212211 
meanDelay_system | 291,830215 
meanLoad_system | 841,101241 
meanTHR_system | 755,178435 
meanGate_system | 759,551498 

meanPLR_EF_system | 0,000000 
meanPLR_AF_system | 0,000000 
meanPLR_BE_system | 23,404489 
meanPLR_FLA_system | 0,000000 
meanPLR_FLB_system | NaN 

meanTHR_EF_system | 44,352003 
meanTHR_AF_system | 367,561077 
meanTHR_BE_system | 281,071358 
meanTHR_FLA_system | 63,598632 
meanTHR_FLB_system | 0,000000 

meanLoad_EF_system | 44,352003 
meanLoad_AF_system | 367,561077 
meanLoad_BE_system | 366,994164 
meanLoad_FLA_system | 63,598632 
meanLoad_FLB_system | 0,000000 

meanDELAY_EF_system | 1,382477 
meanDELAY_AF_system | 9,004264 
meanDELAY_BE_system | 1163,313080 
meanDELAY_FLA_system | 448,882090 
meanDELAY_FLB_system | NaN 
meanDELAY_CompleteFLA_system | 1355,566308 
meanDELAY_CompleteFLB_system | NaN 

= = = = = = = = = = = = AVERAGE RESULTS = = = = = = = = = = = =
Packet Loss Ratio: 10,22 (%)
PROCESSED PACKAGES: 1619673277 
DISCARTED PACKAGES: 116685495 
TOTAL PACKAGES: 1736358772 
AVERAGE DELAY: 54371,55 (ms) 
AVERAGE THROUGHPUT: 755,18 (Mbps) 
GRANTED THROUGHPUT: 48611,30 (Mbps) By 64 ONUs
EFFECTIVE THROUGHPUT: 48331,42 (Mbps) By 64 ONUs
TOTAL LOAD: 53830,48 (Mbps) By 64 ONUs
ON Arrival THROUGHPUT: 0,00 (Mbps) By 64 ONUs
FINISHTIMEFL: 132,833045 
FINISHTIME: 135,833045 


fileName | IPACT_LBVARIBLETOKENSBYCYCLE_2_40_98_0 
