
ONU ID 	|  PLR(%) | Delay(ms) | Throughput(Mbps) | Granted Throughput(Mbps) | Total Load (Mbps) 

  ID |  PLR(%) |  D  | Thr |  Gates  |  Load  | PLR-EF | D-EF | ThrEF | LoadEF | PLR-AF | D-AF | ThrAF | LoadAF | PLR-BE | D-BE | ThrBE | LoadBE | PLR-FA | D-FA | ThrFA | LoadFA | DTFA |  PLR-FB | D-FB | ThrFB | LoadFB | DTFB | 
   1 |  0,00 | 68,691 | 750,39 | 750,39 | 755,54 |  0,00 | 1,337 | 44,35 | 44,35 |  0,00 | 1,331 | 305,34 | 305,34 |  0,00 | 217,978 | 294,60 | 294,60 |  0,00 | 256,233 | 106,10 | 106,10 | 515,588 |   NaN | NaN | 0,00 | 0,00 | NaN
   2 |  0,00 | 88,837 | 751,11 | 751,11 | 756,44 |  0,00 | 1,348 | 44,35 | 44,35 |  0,00 | 1,344 | 300,48 | 300,48 |  0,00 | 294,756 | 300,17 | 300,17 |  0,00 | 242,065 | 106,10 | 106,10 | 513,275 |   NaN | NaN | 0,00 | 0,00 | NaN
   3 |  0,00 | 85,317 | 751,42 | 751,42 | 756,50 |  0,00 | 1,285 | 44,35 | 44,35 |  0,00 | 1,281 | 301,00 | 301,00 |  0,00 | 280,044 | 299,96 | 299,96 |  0,00 | 249,602 | 106,10 | 106,10 | 517,207 |   NaN | NaN | 0,00 | 0,00 | NaN
   4 |  0,00 | 81,513 | 757,42 | 757,42 | 762,50 |  0,00 | 1,291 | 44,35 | 44,35 |  0,00 | 1,284 | 306,57 | 306,57 |  0,00 | 267,100 | 300,40 | 300,40 |  0,00 | 247,030 | 106,10 | 106,10 | 506,102 |   NaN | NaN | 0,00 | 0,00 | NaN
   5 |  0,00 | 77,464 | 748,19 | 748,21 | 753,27 |  0,00 | 1,316 | 44,35 | 44,35 |  0,00 | 1,315 | 299,32 | 299,32 |  0,00 | 252,143 | 298,41 | 298,43 |  0,00 | 238,665 | 106,10 | 106,10 | 498,756 |   NaN | NaN | 0,00 | 0,00 | NaN
   6 |  0,00 | 80,229 | 756,60 | 756,60 | 761,65 |  0,00 | 1,264 | 44,35 | 44,35 |  0,00 | 1,257 | 304,04 | 304,04 |  0,00 | 261,995 | 302,10 | 302,10 |  0,00 | 238,987 | 106,10 | 106,10 | 501,138 |   NaN | NaN | 0,00 | 0,00 | NaN
   7 |  0,00 | 72,377 | 751,20 | 751,20 | 756,29 |  0,00 | 1,283 | 44,35 | 44,35 |  0,00 | 1,280 | 301,16 | 301,16 |  0,00 | 230,413 | 299,59 | 299,59 |  0,00 | 248,542 | 106,10 | 106,10 | 506,958 |   NaN | NaN | 0,00 | 0,00 | NaN
   8 |  0,00 | 86,066 | 754,09 | 754,09 | 759,23 |  0,00 | 1,333 | 44,35 | 44,35 |  0,00 | 1,329 | 299,67 | 299,67 |  0,00 | 280,044 | 303,96 | 303,96 |  0,00 | 248,847 | 106,10 | 106,10 | 510,964 |   NaN | NaN | 0,00 | 0,00 | NaN
   9 |  0,00 | 79,776 | 754,19 | 754,19 | 759,28 |  0,00 | 1,273 | 44,35 | 44,35 |  0,00 | 1,268 | 303,79 | 303,79 |  0,00 | 258,896 | 299,94 | 299,94 |  0,00 | 252,150 | 106,10 | 106,10 | 519,571 |   NaN | NaN | 0,00 | 0,00 | NaN
  10 |  0,00 | 74,567 | 752,03 | 752,03 | 757,17 |  0,00 | 1,334 | 44,35 | 44,35 |  0,00 | 1,329 | 301,24 | 301,24 |  0,00 | 237,492 | 300,33 | 300,33 |  0,00 | 253,699 | 106,10 | 106,10 | 515,902 |   NaN | NaN | 0,00 | 0,00 | NaN
  11 |  0,00 | 75,488 | 746,17 | 746,17 | 751,22 |  0,00 | 1,273 | 44,35 | 44,35 |  0,00 | 1,269 | 294,49 | 294,49 |  0,00 | 244,183 | 301,23 | 301,23 |  0,00 | 226,064 | 106,10 | 106,10 | 477,676 |   NaN | NaN | 0,00 | 0,00 | NaN
  12 |  0,00 | 88,645 | 751,64 | 751,64 | 756,79 |  0,00 | 1,336 | 44,35 | 44,35 |  0,00 | 1,329 | 301,43 | 301,43 |  0,00 | 294,429 | 299,76 | 299,76 |  0,00 | 242,416 | 106,10 | 106,10 | 498,613 |   NaN | NaN | 0,00 | 0,00 | NaN
  13 |  0,00 | 72,068 | 742,61 | 742,61 | 747,66 |  0,00 | 1,300 | 44,35 | 44,35 |  0,00 | 1,297 | 296,43 | 296,43 |  0,00 | 231,068 | 295,72 | 295,72 |  0,00 | 243,088 | 106,10 | 106,10 | 502,802 |   NaN | NaN | 0,00 | 0,00 | NaN
  14 |  0,00 | 91,928 | 753,86 | 753,86 | 759,06 |  0,00 | 1,342 | 44,35 | 44,35 |  0,00 | 1,338 | 301,43 | 301,43 |  0,00 | 304,871 | 301,98 | 301,98 |  0,00 | 246,614 | 106,10 | 106,10 | 507,868 |   NaN | NaN | 0,00 | 0,00 | NaN
  15 |  0,00 | 73,650 | 746,96 | 746,96 | 752,08 |  0,00 | 1,335 | 44,35 | 44,35 |  0,00 | 1,331 | 295,92 | 295,92 |  0,00 | 234,999 | 300,59 | 300,59 |  0,00 | 240,082 | 106,10 | 106,10 | 493,138 |   NaN | NaN | 0,00 | 0,00 | NaN
  16 |  0,00 | 77,119 | 755,16 | 755,16 | 760,26 |  0,00 | 1,327 | 44,35 | 44,35 |  0,00 | 1,325 | 300,23 | 300,23 |  0,00 | 245,951 | 304,48 | 304,48 |  0,00 | 247,295 | 106,10 | 106,10 | 518,676 |   NaN | NaN | 0,00 | 0,00 | NaN
  17 |  0,00 | 85,372 | 753,15 | 753,15 | 758,34 |  0,00 | 1,340 | 44,35 | 44,35 |  0,00 | 1,337 | 300,88 | 300,88 |  0,00 | 280,048 | 301,81 | 301,81 |  0,00 | 243,611 | 106,10 | 106,10 | 500,002 |   NaN | NaN | 0,00 | 0,00 | NaN
  18 |  0,00 | 64,187 | 751,10 | 751,10 | 756,14 |  0,00 | 1,316 | 44,35 | 44,35 |  0,00 | 1,314 | 298,89 | 298,89 |  0,00 | 205,326 | 301,76 | 301,76 |  0,00 | 204,853 | 106,10 | 106,10 | 442,075 |   NaN | NaN | 0,00 | 0,00 | NaN
  19 |  0,00 | 75,295 | 744,62 | 744,62 | 749,68 |  0,00 | 1,307 | 44,35 | 44,35 |  0,00 | 1,303 | 295,84 | 295,84 |  0,00 | 243,185 | 298,32 | 298,32 |  0,00 | 237,333 | 106,10 | 106,10 | 488,618 |   NaN | NaN | 0,00 | 0,00 | NaN
  20 |  0,00 | 68,951 | 747,32 | 747,32 | 752,38 |  0,00 | 1,303 | 44,35 | 44,35 |  0,00 | 1,297 | 301,95 | 301,95 |  0,00 | 221,074 | 294,91 | 294,91 |  0,00 | 241,164 | 106,10 | 106,10 | 498,152 |   NaN | NaN | 0,00 | 0,00 | NaN
  21 |  0,00 | 66,751 | 741,50 | 741,50 | 746,60 |  0,00 | 1,307 | 44,35 | 44,35 |  0,00 | 1,307 | 295,91 | 295,91 |  0,00 | 207,453 | 295,14 | 295,14 |  0,00 | 259,399 | 106,10 | 106,10 | 523,231 |   NaN | NaN | 0,00 | 0,00 | NaN
  22 |  0,01 | 85,417 | 757,57 | 757,67 | 762,85 |  0,00 | 1,346 | 44,35 | 44,35 |  0,00 | 1,345 | 308,17 | 308,17 |  0,03 | 283,608 | 298,94 | 299,04 |  0,00 | 246,268 | 106,10 | 106,10 | 510,608 |   NaN | NaN | 0,00 | 0,00 | NaN
  23 |  0,00 | 80,191 | 753,97 | 753,97 | 759,06 |  0,00 | 1,328 | 44,35 | 44,35 |  0,00 | 1,327 | 303,53 | 303,53 |  0,00 | 263,836 | 299,98 | 299,98 |  0,00 | 233,070 | 106,10 | 106,10 | 488,470 |   NaN | NaN | 0,00 | 0,00 | NaN
  24 |  0,00 | 72,315 | 751,83 | 751,83 | 756,91 |  0,00 | 1,290 | 44,35 | 44,35 |  0,00 | 1,284 | 300,12 | 300,12 |  0,00 | 229,233 | 301,26 | 301,26 |  0,00 | 247,321 | 106,10 | 106,10 | 509,630 |   NaN | NaN | 0,00 | 0,00 | NaN
  25 |  0,08 | 87,793 | 757,42 | 758,05 | 762,71 |  0,00 | 1,347 | 44,35 | 44,35 |  0,00 | 1,345 | 299,56 | 299,56 |  0,20 | 284,181 | 307,41 | 308,04 |  0,00 | 250,128 | 106,10 | 106,10 | 511,240 |   NaN | NaN | 0,00 | 0,00 | NaN
  26 |  0,05 | 75,555 | 748,41 | 748,78 | 753,67 |  0,00 | 1,343 | 44,35 | 44,35 |  0,00 | 1,340 | 299,07 | 299,07 |  0,12 | 243,360 | 298,89 | 299,25 |  0,00 | 243,759 | 106,10 | 106,10 | 503,864 |   NaN | NaN | 0,00 | 0,00 | NaN
  27 |  0,00 | 67,219 | 747,48 | 747,48 | 752,55 |  0,00 | 1,270 | 44,35 | 44,35 |  0,00 | 1,269 | 300,07 | 300,07 |  0,00 | 218,251 | 296,95 | 296,95 |  0,00 | 212,937 | 106,10 | 106,10 | 459,173 |   NaN | NaN | 0,00 | 0,00 | NaN
  28 |  0,00 | 78,765 | 745,93 | 745,93 | 751,08 |  0,00 | 1,336 | 44,35 | 44,35 |  0,00 | 1,332 | 300,38 | 300,38 |  0,00 | 259,602 | 295,09 | 295,09 |  0,00 | 237,512 | 106,10 | 106,10 | 485,998 |   NaN | NaN | 0,00 | 0,00 | NaN
  29 |  0,02 | 82,224 | 755,10 | 755,28 | 760,20 |  0,00 | 1,316 | 44,35 | 44,35 |  0,00 | 1,311 | 302,85 | 302,85 |  0,06 | 269,631 | 301,80 | 301,97 |  0,00 | 238,320 | 106,10 | 106,10 | 492,275 |   NaN | NaN | 0,00 | 0,00 | NaN
  30 |  0,00 | 69,747 | 747,12 | 747,12 | 752,37 |  0,00 | 1,346 | 44,35 | 44,35 |  0,00 | 1,340 | 298,53 | 298,53 |  0,00 | 225,815 | 298,13 | 298,13 |  0,00 | 218,839 | 106,10 | 106,10 | 464,241 |   NaN | NaN | 0,00 | 0,00 | NaN
  31 |  0,00 | 72,361 | 749,03 | 749,03 | 754,13 |  0,00 | 1,313 | 44,35 | 44,35 |  0,00 | 1,306 | 299,45 | 299,45 |  0,00 | 230,835 | 299,13 | 299,13 |  0,00 | 244,420 | 106,10 | 106,10 | 498,989 |   NaN | NaN | 0,00 | 0,00 | NaN
  32 |  0,00 | 82,287 | 749,79 | 749,79 | 754,83 |  0,00 | 1,269 | 44,35 | 44,35 |  0,00 | 1,268 | 299,68 | 299,68 |  0,00 | 273,529 | 299,66 | 299,66 |  0,00 | 220,927 | 106,10 | 106,10 | 469,913 |   NaN | NaN | 0,00 | 0,00 | NaN
  33 |  0,01 | 70,057 | 746,32 | 746,36 | 751,44 |  0,00 | 1,335 | 44,35 | 44,35 |  0,00 | 1,329 | 296,81 | 296,81 |  0,02 | 225,955 | 299,05 | 299,10 |  0,00 | 219,892 | 106,10 | 106,10 | 471,310 |   NaN | NaN | 0,00 | 0,00 | NaN
  34 |  0,00 | 61,133 | 744,56 | 744,56 | 749,61 |  0,00 | 1,326 | 44,35 | 44,35 |  0,00 | 1,322 | 299,54 | 299,54 |  0,00 | 197,985 | 294,57 | 294,57 |  0,00 | 198,866 | 106,10 | 106,10 | 436,915 |   NaN | NaN | 0,00 | 0,00 | NaN
  35 |  0,00 | 73,666 | 754,26 | 754,26 | 759,28 |  0,00 | 1,275 | 44,35 | 44,35 |  0,00 | 1,270 | 301,77 | 301,77 |  0,00 | 243,981 | 302,04 | 302,04 |  0,00 | 196,261 | 106,10 | 106,10 | 429,987 |   NaN | NaN | 0,00 | 0,00 | NaN
  36 |  0,00 | 67,206 | 745,92 | 745,92 | 751,02 |  0,00 | 1,328 | 44,35 | 44,35 |  0,00 | 1,327 | 295,13 | 295,13 |  0,00 | 217,949 | 300,34 | 300,34 |  0,00 | 198,555 | 106,10 | 106,10 | 436,069 |   NaN | NaN | 0,00 | 0,00 | NaN
  37 |  0,00 | 81,721 | 755,95 | 755,95 | 761,03 |  0,00 | 1,312 | 44,35 | 44,35 |  0,00 | 1,308 | 305,02 | 305,02 |  0,00 | 270,091 | 300,48 | 300,48 |  0,00 | 232,447 | 106,10 | 106,10 | 493,430 |   NaN | NaN | 0,00 | 0,00 | NaN
  38 |  0,00 | 69,772 | 750,27 | 750,27 | 755,34 |  0,00 | 1,303 | 44,35 | 44,35 |  0,00 | 1,298 | 300,94 | 300,94 |  0,00 | 225,795 | 298,87 | 298,87 |  0,00 | 220,753 | 106,10 | 106,10 | 472,988 |   NaN | NaN | 0,00 | 0,00 | NaN
  39 |  0,00 | 73,161 | 742,31 | 742,31 | 747,58 |  0,00 | 1,346 | 44,35 | 44,35 |  0,00 | 1,344 | 296,61 | 296,61 |  0,00 | 238,717 | 295,24 | 295,24 |  0,00 | 226,993 | 106,10 | 106,10 | 477,599 |   NaN | NaN | 0,00 | 0,00 | NaN
  40 |  0,00 | 65,811 | 741,77 | 741,77 | 747,03 |  0,00 | 1,346 | 44,35 | 44,35 |  0,00 | 1,342 | 296,71 | 296,71 |  0,00 | 213,043 | 294,60 | 294,60 |  0,00 | 212,588 | 106,10 | 106,10 | 458,187 |   NaN | NaN | 0,00 | 0,00 | NaN
  41 |  0,00 | 78,684 | 753,05 | 753,05 | 758,17 |  0,00 | 1,329 | 44,35 | 44,35 |  0,00 | 1,325 | 298,39 | 298,39 |  0,00 | 251,714 | 304,20 | 304,20 |  0,00 | 246,600 | 106,10 | 106,10 | 502,359 |   NaN | NaN | 0,00 | 0,00 | NaN
  42 |  0,04 | 81,857 | 754,40 | 754,72 | 759,50 |  0,00 | 1,275 | 44,35 | 44,35 |  0,00 | 1,271 | 302,17 | 302,17 |  0,10 | 269,199 | 301,77 | 302,09 |  0,00 | 232,190 | 106,10 | 106,10 | 484,995 |   NaN | NaN | 0,00 | 0,00 | NaN
  43 |  0,13 | 93,145 | 754,27 | 755,23 | 759,51 |  0,00 | 1,353 | 44,35 | 44,35 |  0,00 | 1,348 | 302,07 | 302,07 |  0,32 | 312,923 | 301,75 | 302,71 |  0,00 | 229,928 | 106,10 | 106,10 | 486,287 |   NaN | NaN | 0,00 | 0,00 | NaN
  44 |  0,00 | 78,510 | 756,12 | 756,12 | 761,16 |  0,00 | 1,265 | 44,35 | 44,35 |  0,00 | 1,259 | 300,22 | 300,22 |  0,00 | 252,969 | 305,44 | 305,44 |  0,00 | 236,341 | 106,10 | 106,10 | 494,032 |   NaN | NaN | 0,00 | 0,00 | NaN
  45 |  0,00 | 76,325 | 752,25 | 752,25 | 757,58 |  0,00 | 1,350 | 44,35 | 44,35 |  0,00 | 1,345 | 304,99 | 304,99 |  0,00 | 250,209 | 296,81 | 296,81 |  0,00 | 237,096 | 106,10 | 106,10 | 489,940 |   NaN | NaN | 0,00 | 0,00 | NaN
  46 |  0,06 | 79,150 | 749,27 | 749,76 | 754,34 |  0,00 | 1,289 | 44,35 | 44,35 |  0,00 | 1,282 | 296,57 | 296,57 |  0,16 | 258,562 | 302,25 | 302,73 |  0,00 | 223,804 | 106,10 | 106,10 | 476,079 |   NaN | NaN | 0,00 | 0,00 | NaN
  47 |  0,00 | 75,472 | 746,00 | 746,00 | 751,08 |  0,00 | 1,287 | 44,35 | 44,35 |  0,00 | 1,283 | 299,96 | 299,96 |  0,00 | 246,255 | 295,58 | 295,58 |  0,00 | 238,780 | 106,10 | 106,10 | 495,758 |   NaN | NaN | 0,00 | 0,00 | NaN
  48 |  0,00 | 69,754 | 745,43 | 745,43 | 750,50 |  0,00 | 1,316 | 44,35 | 44,35 |  0,00 | 1,310 | 297,54 | 297,54 |  0,00 | 223,849 | 297,43 | 297,43 |  0,00 | 230,497 | 106,10 | 106,10 | 487,714 |   NaN | NaN | 0,00 | 0,00 | NaN
  49 |  0,00 | 78,485 | 745,07 | 745,07 | 750,17 |  0,00 | 1,328 | 44,35 | 44,35 |  0,00 | 1,327 | 298,32 | 298,32 |  0,00 | 257,793 | 296,29 | 296,29 |  0,00 | 235,052 | 106,10 | 106,10 | 493,162 |   NaN | NaN | 0,00 | 0,00 | NaN
  50 |  0,00 | 77,241 | 749,85 | 749,85 | 754,92 |  0,00 | 1,283 | 44,35 | 44,35 |  0,00 | 1,279 | 300,73 | 300,73 |  0,00 | 251,138 | 298,66 | 298,66 |  0,00 | 240,867 | 106,10 | 106,10 | 502,139 |   NaN | NaN | 0,00 | 0,00 | NaN
  51 |  0,00 | 80,014 | 750,07 | 750,07 | 755,13 |  0,00 | 1,281 | 44,35 | 44,35 |  0,00 | 1,278 | 299,46 | 299,46 |  0,00 | 260,708 | 300,15 | 300,15 |  0,00 | 240,586 | 106,10 | 106,10 | 495,901 |   NaN | NaN | 0,00 | 0,00 | NaN
  52 |  0,00 | 73,574 | 749,49 | 749,49 | 754,55 |  0,00 | 1,307 | 44,35 | 44,35 |  0,00 | 1,300 | 295,86 | 295,86 |  0,00 | 233,954 | 303,18 | 303,18 |  0,00 | 236,940 | 106,10 | 106,10 | 488,172 |   NaN | NaN | 0,00 | 0,00 | NaN
  53 |  0,00 | 76,738 | 750,05 | 750,05 | 755,09 |  0,00 | 1,294 | 44,35 | 44,35 |  0,00 | 1,286 | 299,98 | 299,98 |  0,00 | 249,200 | 299,61 | 299,61 |  0,00 | 236,794 | 106,10 | 106,10 | 491,803 |   NaN | NaN | 0,00 | 0,00 | NaN
  54 |  0,00 | 68,083 | 745,47 | 745,47 | 750,56 |  0,00 | 1,297 | 44,35 | 44,35 |  0,00 | 1,290 | 299,25 | 299,25 |  0,00 | 216,462 | 295,77 | 295,77 |  0,00 | 241,671 | 106,10 | 106,10 | 499,819 |   NaN | NaN | 0,00 | 0,00 | NaN
  55 |  0,00 | 65,728 | 749,32 | 749,32 | 754,37 |  0,00 | 1,282 | 44,35 | 44,35 |  0,00 | 1,279 | 298,34 | 298,34 |  0,00 | 209,807 | 300,53 | 300,53 |  0,00 | 215,698 | 106,10 | 106,10 | 467,088 |   NaN | NaN | 0,00 | 0,00 | NaN
  56 |  0,00 | 76,401 | 743,60 | 743,60 | 748,69 |  0,00 | 1,288 | 44,35 | 44,35 |  0,00 | 1,285 | 297,28 | 297,28 |  0,00 | 249,781 | 295,87 | 295,87 |  0,00 | 234,543 | 106,10 | 106,10 | 488,274 |   NaN | NaN | 0,00 | 0,00 | NaN
  57 |  0,00 | 80,688 | 748,74 | 748,74 | 753,83 |  0,00 | 1,285 | 44,35 | 44,35 |  0,00 | 1,280 | 298,41 | 298,41 |  0,00 | 263,568 | 299,88 | 299,88 |  0,00 | 238,791 | 106,10 | 106,10 | 500,835 |   NaN | NaN | 0,00 | 0,00 | NaN
  58 |  0,00 | 82,681 | 750,69 | 750,69 | 755,74 |  0,00 | 1,314 | 44,35 | 44,35 |  0,00 | 1,311 | 302,35 | 302,35 |  0,00 | 273,400 | 297,88 | 297,88 |  0,00 | 239,448 | 106,10 | 106,10 | 496,051 |   NaN | NaN | 0,00 | 0,00 | NaN
  59 |  0,08 | 75,212 | 752,78 | 753,42 | 757,88 |  0,00 | 1,333 | 44,35 | 44,35 |  0,00 | 1,328 | 299,01 | 299,01 |  0,21 | 247,590 | 303,32 | 303,96 |  0,00 | 200,411 | 106,10 | 106,10 | 443,801 |   NaN | NaN | 0,00 | 0,00 | NaN
  60 |  0,00 | 75,994 | 751,54 | 751,54 | 756,60 |  0,00 | 1,267 | 44,35 | 44,35 |  0,00 | 1,265 | 301,39 | 301,39 |  0,00 | 247,345 | 299,70 | 299,70 |  0,00 | 233,296 | 106,10 | 106,10 | 491,060 |   NaN | NaN | 0,00 | 0,00 | NaN
  61 |  0,00 | 80,956 | 754,50 | 754,50 | 759,58 |  0,00 | 1,290 | 44,35 | 44,35 |  0,00 | 1,287 | 301,31 | 301,31 |  0,00 | 264,985 | 302,73 | 302,73 |  0,00 | 231,700 | 106,10 | 106,10 | 485,693 |   NaN | NaN | 0,00 | 0,00 | NaN
  62 |  0,00 | 89,871 | 751,95 | 751,97 | 757,26 |  0,00 | 1,351 | 44,35 | 44,35 |  0,00 | 1,346 | 299,10 | 299,10 |  0,00 | 297,573 | 302,40 | 302,41 |  0,00 | 237,865 | 106,10 | 106,10 | 490,600 |   NaN | NaN | 0,00 | 0,00 | NaN
  63 |  0,00 | 70,461 | 751,10 | 751,10 | 756,17 |  0,00 | 1,307 | 44,35 | 44,35 |  0,00 | 1,304 | 302,98 | 302,98 |  0,00 | 229,149 | 297,67 | 297,67 |  0,00 | 222,788 | 106,10 | 106,10 | 474,644 |   NaN | NaN | 0,00 | 0,00 | NaN
  64 |  0,00 | 69,630 | 744,01 | 744,01 | 749,36 |  0,00 | 1,350 | 44,35 | 44,35 |  0,00 | 1,342 | 298,10 | 298,10 |  0,00 | 223,424 | 295,45 | 295,45 |  0,00 | 235,808 | 106,10 | 106,10 | 485,116 |   NaN | NaN | 0,00 | 0,00 | NaN

= = = = = = = = = = = = AVERAGE RESULTS system = = = = = = = = = = = =
meanPLR_system | 0,007730 
meanDelay_system | 76,646029 
meanLoad_system | 750,132622 
meanTHR_system | 750,074343 
meanGate_system | 755,194908 

meanPLR_EF_system | 0,000000 
meanPLR_AF_system | 0,000000 
meanPLR_BE_system | 0,019220 
meanPLR_FLA_system | 0,000000 
meanPLR_FLB_system | NaN 

meanTHR_EF_system | 44,352002 
meanTHR_AF_system | 300,057750 
meanTHR_BE_system | 299,561545 
meanTHR_FLA_system | 108,508008 
meanTHR_FLB_system | 0,000000 

meanLoad_EF_system | 44,352002 
meanLoad_AF_system | 300,057750 
meanLoad_BE_system | 299,619823 
meanLoad_FLA_system | 108,508008 
meanLoad_FLB_system | 0,000000 

meanDELAY_EF_system | 1,311623 
meanDELAY_AF_system | 1,307579 
meanDELAY_BE_system | 249,224989 
meanDELAY_FLA_system | 234,454564 
meanDELAY_FLB_system | NaN 
meanDELAY_CompleteFLA_system | 489,664338 
meanDELAY_CompleteFLB_system | NaN 

= = = = = = = = = = = = AVERAGE RESULTS = = = = = = = = = = = =
Packet Loss Ratio: 00,01 (%)
PROCESSED PACKAGES: 1578375942 
DISCARTED PACKAGES: 79072 
TOTAL PACKAGES: 1578455014 
AVERAGE DELAY: 13967,93 (ms) 
AVERAGE THROUGHPUT: 750,07 (Mbps) 
GRANTED THROUGHPUT: 48332,47 (Mbps) By 64 ONUs
EFFECTIVE THROUGHPUT: 48004,76 (Mbps) By 64 ONUs
TOTAL LOAD: 48008,49 (Mbps) By 64 ONUs
ON Arrival THROUGHPUT: 0,00 (Mbps) By 64 ONUs
FINISHTIMEFL: 132,355208 
FINISHTIME: 135,355208 


fileName | IPACT_STRICTPRIORITYFIRSTAF_1_68_80_0 
