
ONU ID 	|  PLR(%) | Delay(ms) | Throughput(Mbps) | Granted Throughput(Mbps) | Total Load (Mbps) 

  ID |  PLR(%) |  D  | Thr |  Gates  |  Load  | PLR-EF | D-EF | ThrEF | LoadEF | PLR-AF | D-AF | ThrAF | LoadAF | PLR-BE | D-BE | ThrBE | LoadBE | PLR-FA | D-FA | ThrFA | LoadFA | DTFA |  PLR-FB | D-FB | ThrFB | LoadFB | DTFB | 
   1 | 12,50 | 295,607 | 754,64 | 862,49 | 759,35 |  0,00 | 1,462 | 44,35 | 44,35 |  0,00 | 1,418 | 366,37 | 366,37 | 30,40 | 1330,614 | 246,97 | 354,82 |  0,00 | 297,277 | 96,94 | 96,94 | 614,014 |   NaN | NaN | 0,00 | 0,00 | NaN
   2 | 12,56 | 293,772 | 753,62 | 861,86 | 758,35 |  0,00 | 1,510 | 44,35 | 44,35 |  0,00 | 1,434 | 361,60 | 361,60 | 30,15 | 1298,666 | 250,73 | 358,97 |  0,00 | 310,380 | 96,94 | 96,94 | 623,138 |   NaN | NaN | 0,00 | 0,00 | NaN
   3 | 12,07 | 291,436 | 754,84 | 858,44 | 759,54 |  0,00 | 1,373 | 44,35 | 44,35 |  0,00 | 1,367 | 359,50 | 359,50 | 28,97 | 1272,686 | 254,05 | 357,65 |  0,00 | 308,353 | 96,94 | 96,94 | 610,670 |   NaN | NaN | 0,00 | 0,00 | NaN
   4 | 13,06 | 297,572 | 754,93 | 868,35 | 759,62 |  0,00 | 1,504 | 44,35 | 44,35 |  0,00 | 1,377 | 366,59 | 366,59 | 31,47 | 1338,881 | 247,04 | 360,46 |  0,00 | 302,874 | 96,94 | 96,94 | 619,293 |   NaN | NaN | 0,00 | 0,00 | NaN
   5 | 12,26 | 291,225 | 754,44 | 859,87 | 759,12 |  0,00 | 1,500 | 44,35 | 44,35 |  0,00 | 1,400 | 359,13 | 359,13 | 29,33 | 1270,639 | 254,01 | 359,44 |  0,00 | 308,656 | 96,94 | 96,94 | 618,031 |   NaN | NaN | 0,00 | 0,00 | NaN
   6 | 12,92 | 295,423 | 755,34 | 867,41 | 760,01 |  0,00 | 1,443 | 44,35 | 44,35 |  0,00 | 1,347 | 364,56 | 364,56 | 31,00 | 1316,552 | 249,49 | 361,56 |  0,00 | 301,050 | 96,94 | 96,94 | 603,296 |   NaN | NaN | 0,00 | 0,00 | NaN
   7 | 12,56 | 294,985 | 754,04 | 862,35 | 758,75 |  0,00 | 1,399 | 44,35 | 44,35 |  0,00 | 1,364 | 362,27 | 362,27 | 30,19 | 1308,638 | 250,47 | 358,78 |  0,00 | 297,026 | 96,94 | 96,94 | 615,505 |   NaN | NaN | 0,00 | 0,00 | NaN
   8 | 12,53 | 298,753 | 754,04 | 862,06 | 758,75 |  0,00 | 1,425 | 44,35 | 44,35 |  0,00 | 1,415 | 357,79 | 357,79 | 29,76 | 1304,668 | 254,96 | 362,97 |  0,00 | 288,062 | 96,94 | 96,94 | 595,332 |   NaN | NaN | 0,00 | 0,00 | NaN
   9 | 13,01 | 294,146 | 755,27 | 868,24 | 759,96 |  0,00 | 1,614 | 44,35 | 44,35 |  0,00 | 1,357 | 366,18 | 366,18 | 31,31 | 1318,342 | 247,79 | 360,76 |  0,00 | 304,965 | 96,94 | 96,94 | 621,870 |   NaN | NaN | 0,00 | 0,00 | NaN
  10 | 12,22 | 294,505 | 754,61 | 859,62 | 759,31 |  0,00 | 1,473 | 44,35 | 44,35 |  0,00 | 1,414 | 359,96 | 359,96 | 29,30 | 1290,609 | 253,35 | 358,37 |  0,00 | 305,667 | 96,94 | 96,94 | 623,106 |   NaN | NaN | 0,00 | 0,00 | NaN
  11 | 11,89 | 291,457 | 754,18 | 855,91 | 758,89 |  0,00 | 1,388 | 44,35 | 44,35 |  0,00 | 1,355 | 353,83 | 353,83 | 28,20 | 1249,911 | 259,05 | 360,78 |  0,00 | 297,067 | 96,94 | 96,94 | 614,619 |   NaN | NaN | 0,00 | 0,00 | NaN
  12 | 12,22 | 295,322 | 754,82 | 859,91 | 759,54 |  0,00 | 1,451 | 44,35 | 44,35 |  0,00 | 1,418 | 358,31 | 358,31 | 29,17 | 1287,183 | 255,21 | 360,30 |  0,00 | 295,466 | 96,94 | 96,94 | 609,936 |   NaN | NaN | 0,00 | 0,00 | NaN
  13 | 11,64 | 292,310 | 754,13 | 853,43 | 758,82 |  0,00 | 1,395 | 44,35 | 44,35 |  0,00 | 1,383 | 357,69 | 357,69 | 28,02 | 1272,377 | 255,15 | 354,44 |  0,00 | 299,492 | 96,94 | 96,94 | 607,826 |   NaN | NaN | 0,00 | 0,00 | NaN
  14 | 12,77 | 296,336 | 754,88 | 865,35 | 759,61 |  0,00 | 1,441 | 44,35 | 44,35 |  0,00 | 1,423 | 361,52 | 361,52 | 30,47 | 1307,103 | 252,07 | 362,53 |  0,00 | 297,933 | 96,94 | 96,94 | 624,408 |   NaN | NaN | 0,00 | 0,00 | NaN
  15 | 12,25 | 293,031 | 754,32 | 859,59 | 759,04 |  0,00 | 1,513 | 44,35 | 44,35 |  0,00 | 1,420 | 355,83 | 355,83 | 29,04 | 1264,178 | 257,20 | 362,46 |  0,00 | 304,586 | 96,94 | 96,94 | 615,323 |   NaN | NaN | 0,00 | 0,00 | NaN
  16 | 13,19 | 295,605 | 753,97 | 868,51 | 758,67 |  0,00 | 1,589 | 44,35 | 44,35 |  0,00 | 1,419 | 360,98 | 360,98 | 31,28 | 1302,720 | 251,69 | 366,23 |  0,00 | 307,497 | 96,94 | 96,94 | 612,687 |   NaN | NaN | 0,00 | 0,00 | NaN
  17 | 13,02 | 293,873 | 754,66 | 867,64 | 759,38 |  0,00 | 1,431 | 44,35 | 44,35 |  0,00 | 1,422 | 363,58 | 363,58 | 31,14 | 1305,193 | 249,79 | 362,76 |  0,00 | 308,413 | 96,94 | 96,94 | 619,812 |   NaN | NaN | 0,00 | 0,00 | NaN
  18 | 12,20 | 294,380 | 753,08 | 857,72 | 757,76 |  0,00 | 1,454 | 44,35 | 44,35 |  0,00 | 1,399 | 356,37 | 356,37 | 29,06 | 1279,075 | 255,41 | 360,05 |  0,00 | 300,391 | 96,94 | 96,94 | 623,355 |   NaN | NaN | 0,00 | 0,00 | NaN
  19 | 11,70 | 290,891 | 755,06 | 855,12 | 759,75 |  0,00 | 1,432 | 44,35 | 44,35 |  0,00 | 1,388 | 356,25 | 356,25 | 27,98 | 1256,064 | 257,52 | 357,58 |  0,00 | 296,465 | 96,94 | 96,94 | 600,494 |   NaN | NaN | 0,00 | 0,00 | NaN
  20 | 11,74 | 293,647 | 754,69 | 855,08 | 759,40 |  0,00 | 1,398 | 44,35 | 44,35 |  0,00 | 1,385 | 360,37 | 360,37 | 28,41 | 1285,787 | 253,02 | 353,41 |  0,00 | 317,448 | 96,94 | 96,94 | 631,631 |   NaN | NaN | 0,00 | 0,00 | NaN
  21 | 11,05 | 289,908 | 754,49 | 848,21 | 759,19 |  0,00 | 1,404 | 44,35 | 44,35 |  0,00 | 1,389 | 354,71 | 354,71 | 26,61 | 1245,271 | 258,48 | 352,20 |  0,00 | 300,655 | 96,94 | 96,94 | 619,562 |   NaN | NaN | 0,00 | 0,00 | NaN
  22 | 13,14 | 296,740 | 753,81 | 867,89 | 758,56 |  0,00 | 1,540 | 44,35 | 44,35 |  0,00 | 1,440 | 369,12 | 369,12 | 31,91 | 1351,912 | 243,39 | 357,47 |  0,00 | 309,656 | 96,94 | 96,94 | 637,328 |   NaN | NaN | 0,00 | 0,00 | NaN
  23 | 12,59 | 296,605 | 754,21 | 862,80 | 758,94 |  0,00 | 1,518 | 44,35 | 44,35 |  0,00 | 1,412 | 362,51 | 362,51 | 30,25 | 1311,291 | 250,40 | 358,99 |  0,00 | 322,985 | 96,94 | 96,94 | 653,064 |   NaN | NaN | 0,00 | 0,00 | NaN
  24 | 12,51 | 294,697 | 754,49 | 862,40 | 759,21 |  0,00 | 1,408 | 44,35 | 44,35 |  0,00 | 1,371 | 358,54 | 358,54 | 29,76 | 1283,773 | 254,65 | 362,56 |  0,00 | 310,396 | 96,94 | 96,94 | 624,725 |   NaN | NaN | 0,00 | 0,00 | NaN
  25 | 13,31 | 298,602 | 753,25 | 868,90 | 757,99 |  0,00 | 1,448 | 44,35 | 44,35 |  0,00 | 1,429 | 360,56 | 360,56 | 31,51 | 1316,866 | 251,40 | 367,04 |  0,00 | 310,152 | 96,94 | 96,94 | 626,706 |   NaN | NaN | 0,00 | 0,00 | NaN
  26 | 12,17 | 288,000 | 754,24 | 858,73 | 758,95 |  0,00 | 1,470 | 44,35 | 44,35 |  0,00 | 1,425 | 358,94 | 358,94 | 29,15 | 1255,819 | 254,00 | 358,49 |  0,00 | 311,555 | 96,94 | 96,94 | 619,272 |   NaN | NaN | 0,00 | 0,00 | NaN
  27 | 11,93 | 292,723 | 754,43 | 856,66 | 759,15 |  0,00 | 1,504 | 44,35 | 44,35 |  0,00 | 1,358 | 360,07 | 360,07 | 28,77 | 1278,963 | 253,06 | 355,29 |  0,00 | 325,177 | 96,94 | 96,94 | 652,275 |   NaN | NaN | 0,00 | 0,00 | NaN
  28 | 11,96 | 292,737 | 753,89 | 856,28 | 758,58 |  0,00 | 1,457 | 44,35 | 44,35 |  0,00 | 1,419 | 361,12 | 361,12 | 28,94 | 1292,922 | 251,47 | 353,87 |  0,00 | 296,765 | 96,94 | 96,94 | 606,832 |   NaN | NaN | 0,00 | 0,00 | NaN
  29 | 12,86 | 297,525 | 754,51 | 865,81 | 759,19 |  0,00 | 1,415 | 44,35 | 44,35 |  0,00 | 1,397 | 361,98 | 361,98 | 30,70 | 1316,953 | 251,23 | 362,53 |  0,00 | 295,277 | 96,94 | 96,94 | 605,039 |   NaN | NaN | 0,00 | 0,00 | NaN
  30 | 12,15 | 296,387 | 754,92 | 859,34 | 759,65 |  0,00 | 1,460 | 44,35 | 44,35 |  0,00 | 1,428 | 358,88 | 358,88 | 29,07 | 1294,622 | 254,75 | 359,16 |  0,00 | 295,633 | 96,94 | 96,94 | 617,946 |   NaN | NaN | 0,00 | 0,00 | NaN
  31 | 12,16 | 297,136 | 755,19 | 859,71 | 759,88 |  0,00 | 1,427 | 44,35 | 44,35 |  0,00 | 1,395 | 360,47 | 360,47 | 29,20 | 1303,955 | 253,43 | 357,95 |  0,00 | 299,386 | 96,94 | 96,94 | 604,219 |   NaN | NaN | 0,00 | 0,00 | NaN
  32 | 12,46 | 292,316 | 755,24 | 862,69 | 759,96 |  0,00 | 1,842 | 44,35 | 44,35 |  0,00 | 1,411 | 359,02 | 359,02 | 29,65 | 1270,385 | 254,92 | 362,38 |  0,00 | 316,433 | 96,94 | 96,94 | 640,458 |   NaN | NaN | 0,00 | 0,00 | NaN
  33 | 11,79 | 294,354 | 755,59 | 856,54 | 760,32 |  0,00 | 1,494 | 44,35 | 44,35 |  0,00 | 1,415 | 357,64 | 357,64 | 28,23 | 1274,334 | 256,65 | 357,60 |  0,00 | 304,976 | 96,94 | 96,94 | 613,226 |   NaN | NaN | 0,00 | 0,00 | NaN
  34 | 11,73 | 291,489 | 755,74 | 856,16 | 760,44 |  0,00 | 1,432 | 44,35 | 44,35 |  0,00 | 1,407 | 359,64 | 359,64 | 28,27 | 1271,659 | 254,81 | 355,23 |  0,00 | 300,771 | 96,94 | 96,94 | 612,294 |   NaN | NaN | 0,00 | 0,00 | NaN
  35 | 12,90 | 293,576 | 755,89 | 867,86 | 760,58 |  0,00 | 1,368 | 44,35 | 44,35 |  0,00 | 1,356 | 361,79 | 361,79 | 30,69 | 1292,920 | 252,81 | 364,77 |  0,00 | 293,960 | 96,94 | 96,94 | 607,339 |   NaN | NaN | 0,00 | 0,00 | NaN
  36 | 11,97 | 297,580 | 754,66 | 857,32 | 759,39 |  0,00 | 1,419 | 44,35 | 44,35 |  0,00 | 1,410 | 354,44 | 354,44 | 28,39 | 1279,187 | 258,92 | 361,58 |  0,00 | 293,637 | 96,94 | 96,94 | 604,261 |   NaN | NaN | 0,00 | 0,00 | NaN
  37 | 12,98 | 298,132 | 754,82 | 867,38 | 759,52 |  0,00 | 1,438 | 44,35 | 44,35 |  0,00 | 1,399 | 365,85 | 365,85 | 31,25 | 1337,314 | 247,68 | 360,24 |  0,00 | 306,463 | 96,94 | 96,94 | 619,404 |   NaN | NaN | 0,00 | 0,00 | NaN
  38 | 12,74 | 295,147 | 754,86 | 865,10 | 759,57 |  0,00 | 1,395 | 44,35 | 44,35 |  0,00 | 1,383 | 363,54 | 363,54 | 30,60 | 1309,978 | 250,03 | 360,26 |  0,00 | 310,644 | 96,94 | 96,94 | 628,334 |   NaN | NaN | 0,00 | 0,00 | NaN
  39 | 11,31 | 290,131 | 753,64 | 849,76 | 758,39 |  0,00 | 1,467 | 44,35 | 44,35 |  0,00 | 1,430 | 355,05 | 355,05 | 27,20 | 1250,644 | 257,29 | 353,41 |  0,00 | 302,331 | 96,94 | 96,94 | 611,513 |   NaN | NaN | 0,00 | 0,00 | NaN
  40 | 11,43 | 290,588 | 755,30 | 852,75 | 760,05 |  0,00 | 1,459 | 44,35 | 44,35 |  0,00 | 1,427 | 358,37 | 358,37 | 27,60 | 1259,988 | 255,63 | 353,08 |  0,00 | 313,534 | 96,94 | 96,94 | 629,580 |   NaN | NaN | 0,00 | 0,00 | NaN
  41 | 12,61 | 294,345 | 754,31 | 863,15 | 759,03 |  0,00 | 1,459 | 44,35 | 44,35 |  0,00 | 1,411 | 356,33 | 356,33 | 29,78 | 1276,049 | 256,69 | 365,53 |  0,00 | 290,800 | 96,94 | 96,94 | 593,900 |   NaN | NaN | 0,00 | 0,00 | NaN
  42 | 13,05 | 296,110 | 754,38 | 867,63 | 759,10 |  0,00 | 1,447 | 44,35 | 44,35 |  0,00 | 1,360 | 363,00 | 363,00 | 31,17 | 1313,389 | 250,08 | 363,34 |  0,00 | 310,364 | 96,94 | 96,94 | 625,529 |   NaN | NaN | 0,00 | 0,00 | NaN
  43 | 13,05 | 294,472 | 754,31 | 867,52 | 759,02 |  0,00 | 1,444 | 44,35 | 44,35 |  0,00 | 1,435 | 362,60 | 362,60 | 31,13 | 1305,690 | 250,41 | 363,62 |  0,00 | 300,962 | 96,94 | 96,94 | 611,935 |   NaN | NaN | 0,00 | 0,00 | NaN
  44 | 12,89 | 298,254 | 755,03 | 866,80 | 759,70 |  0,00 | 1,361 | 44,35 | 44,35 |  0,00 | 1,346 | 360,41 | 360,41 | 30,61 | 1309,589 | 253,33 | 365,10 |  0,00 | 299,933 | 96,94 | 96,94 | 622,189 |   NaN | NaN | 0,00 | 0,00 | NaN
  45 | 12,51 | 292,321 | 753,56 | 861,28 | 758,29 |  0,00 | 1,584 | 44,35 | 44,35 |  0,00 | 1,430 | 364,48 | 364,48 | 30,30 | 1305,273 | 247,79 | 355,50 |  0,00 | 315,667 | 96,94 | 96,94 | 635,184 |   NaN | NaN | 0,00 | 0,00 | NaN
  46 | 12,53 | 292,236 | 754,29 | 862,31 | 758,96 |  0,00 | 1,428 | 44,35 | 44,35 |  0,00 | 1,374 | 358,21 | 358,21 | 29,77 | 1274,048 | 254,78 | 362,80 |  0,00 | 297,102 | 96,94 | 96,94 | 601,161 |   NaN | NaN | 0,00 | 0,00 | NaN
  47 | 11,83 | 292,681 | 755,17 | 856,46 | 759,87 |  0,00 | 1,388 | 44,35 | 44,35 |  0,00 | 1,367 | 359,19 | 359,19 | 28,45 | 1276,165 | 254,69 | 355,97 |  0,00 | 305,153 | 96,94 | 96,94 | 612,285 |   NaN | NaN | 0,00 | 0,00 | NaN
  48 | 12,06 | 295,599 | 754,34 | 857,80 | 759,03 |  0,00 | 1,489 | 44,35 | 44,35 |  0,00 | 1,409 | 358,59 | 358,59 | 28,91 | 1292,276 | 254,45 | 357,91 |  0,00 | 291,083 | 96,94 | 96,94 | 608,494 |   NaN | NaN | 0,00 | 0,00 | NaN
  49 | 11,84 | 291,777 | 754,21 | 855,50 | 758,90 |  0,00 | 1,745 | 44,35 | 44,35 |  0,00 | 1,411 | 357,88 | 357,88 | 28,43 | 1269,036 | 255,04 | 356,33 |  0,00 | 302,099 | 96,94 | 96,94 | 605,905 |   NaN | NaN | 0,00 | 0,00 | NaN
  50 | 12,26 | 294,484 | 754,81 | 860,30 | 759,52 |  0,00 | 1,399 | 44,35 | 44,35 |  0,00 | 1,365 | 360,56 | 360,56 | 29,43 | 1292,015 | 252,95 | 358,45 |  0,00 | 308,763 | 96,94 | 96,94 | 617,953 |   NaN | NaN | 0,00 | 0,00 | NaN
  51 | 12,40 | 294,325 | 754,26 | 861,06 | 759,00 |  0,00 | 1,381 | 44,35 | 44,35 |  0,00 | 1,363 | 359,53 | 359,53 | 29,65 | 1287,769 | 253,43 | 360,23 |  0,00 | 311,891 | 96,94 | 96,94 | 633,152 |   NaN | NaN | 0,00 | 0,00 | NaN
  52 | 12,57 | 297,869 | 754,79 | 863,26 | 759,53 |  0,00 | 1,415 | 44,35 | 44,35 |  0,00 | 1,389 | 356,16 | 356,16 | 29,65 | 1285,732 | 257,33 | 365,80 |  0,00 | 307,704 | 96,94 | 96,94 | 624,581 |   NaN | NaN | 0,00 | 0,00 | NaN
  53 | 12,32 | 293,851 | 754,71 | 860,78 | 759,41 |  0,00 | 1,412 | 44,35 | 44,35 |  0,00 | 1,375 | 361,15 | 361,15 | 29,60 | 1293,292 | 252,26 | 358,34 |  0,00 | 304,831 | 96,94 | 96,94 | 606,764 |   NaN | NaN | 0,00 | 0,00 | NaN
  54 | 11,81 | 295,778 | 754,58 | 855,64 | 759,27 |  0,00 | 1,751 | 44,35 | 44,35 |  0,00 | 1,394 | 359,55 | 359,55 | 28,48 | 1292,150 | 253,73 | 354,79 |  0,00 | 312,524 | 96,94 | 96,94 | 632,150 |   NaN | NaN | 0,00 | 0,00 | NaN
  55 | 11,84 | 297,022 | 754,92 | 856,30 | 759,62 |  0,00 | 1,369 | 44,35 | 44,35 |  0,00 | 1,363 | 357,04 | 357,04 | 28,32 | 1287,863 | 256,58 | 357,97 |  0,00 | 298,003 | 96,94 | 96,94 | 602,077 |   NaN | NaN | 0,00 | 0,00 | NaN
  56 | 11,67 | 293,669 | 754,89 | 854,64 | 759,59 |  0,00 | 1,466 | 44,35 | 44,35 |  0,00 | 1,372 | 356,22 | 356,22 | 27,93 | 1268,011 | 257,38 | 357,13 |  0,00 | 299,772 | 96,94 | 96,94 | 610,023 |   NaN | NaN | 0,00 | 0,00 | NaN
  57 | 12,03 | 290,374 | 755,32 | 858,64 | 760,02 |  0,00 | 1,447 | 44,35 | 44,35 |  0,00 | 1,366 | 357,29 | 357,29 | 28,69 | 1256,474 | 256,74 | 360,05 |  0,00 | 302,329 | 96,94 | 96,94 | 609,968 |   NaN | NaN | 0,00 | 0,00 | NaN
  58 | 12,60 | 296,934 | 754,24 | 863,02 | 758,98 |  0,00 | 1,412 | 44,35 | 44,35 |  0,00 | 1,396 | 362,57 | 362,57 | 30,29 | 1315,585 | 250,37 | 359,15 |  0,00 | 309,427 | 96,94 | 96,94 | 630,233 |   NaN | NaN | 0,00 | 0,00 | NaN
  59 | 12,90 | 293,767 | 755,39 | 867,31 | 760,12 |  0,00 | 1,426 | 44,35 | 44,35 |  0,00 | 1,413 | 358,36 | 358,36 | 30,44 | 1275,332 | 255,74 | 367,66 |  0,00 | 308,381 | 96,94 | 96,94 | 618,485 |   NaN | NaN | 0,00 | 0,00 | NaN
  60 | 12,48 | 294,208 | 753,59 | 861,02 | 758,26 |  0,00 | 1,372 | 44,35 | 44,35 |  0,00 | 1,349 | 361,31 | 361,31 | 29,97 | 1301,095 | 250,99 | 358,42 |  0,00 | 301,232 | 96,94 | 96,94 | 609,263 |   NaN | NaN | 0,00 | 0,00 | NaN
  61 | 12,89 | 291,444 | 753,52 | 865,00 | 758,24 |  0,00 | 1,706 | 44,35 | 44,35 |  0,00 | 1,399 | 362,24 | 362,24 | 30,84 | 1288,245 | 249,99 | 361,47 |  0,00 | 322,798 | 96,94 | 96,94 | 643,328 |   NaN | NaN | 0,00 | 0,00 | NaN
  62 | 12,56 | 295,643 | 754,02 | 862,30 | 758,75 |  0,00 | 1,469 | 44,35 | 44,35 |  0,00 | 1,435 | 359,04 | 359,04 | 29,92 | 1295,036 | 253,68 | 361,96 |  0,00 | 297,241 | 96,94 | 96,94 | 599,522 |   NaN | NaN | 0,00 | 0,00 | NaN
  63 | 12,29 | 292,346 | 753,85 | 859,49 | 758,57 |  0,00 | 1,394 | 44,35 | 44,35 |  0,00 | 1,389 | 361,32 | 361,32 | 29,60 | 1290,193 | 251,24 | 356,87 |  0,00 | 307,104 | 96,94 | 96,94 | 617,063 |   NaN | NaN | 0,00 | 0,00 | NaN
  64 | 11,45 | 290,213 | 755,34 | 853,00 | 760,06 |  0,00 | 1,442 | 44,35 | 44,35 |  0,00 | 1,431 | 357,07 | 357,07 | 27,54 | 1254,237 | 256,98 | 354,64 |  0,00 | 301,934 | 96,94 | 96,94 | 611,204 |   NaN | NaN | 0,00 | 0,00 | NaN

= = = = = = = = = = = = AVERAGE RESULTS system = = = = = = = = = = = =
meanPLR_system | 12,341827 
meanDelay_system | 294,193302 
meanLoad_system | 860,804313 
meanTHR_system | 754,540149 
meanGate_system | 759,250078 

meanPLR_EF_system | 0,000000 
meanPLR_AF_system | 0,000000 
meanPLR_BE_system | 29,551760 
meanPLR_FLA_system | 0,000000 
meanPLR_FLB_system | NaN 

meanTHR_EF_system | 44,352004 
meanTHR_AF_system | 360,015585 
meanTHR_BE_system | 253,227892 
meanTHR_FLA_system | 98,948455 
meanTHR_FLB_system | 0,000000 

meanLoad_EF_system | 44,352004 
meanLoad_AF_system | 360,015585 
meanLoad_BE_system | 359,492056 
meanLoad_FLA_system | 98,948455 
meanLoad_FLB_system | 0,000000 

meanDELAY_EF_system | 1,465055 
meanDELAY_AF_system | 1,396011 
meanDELAY_BE_system | 1290,049803 
meanDELAY_FLA_system | 304,321128 
meanDELAY_FLB_system | NaN 
meanDELAY_CompleteFLA_system | 617,501167 
meanDELAY_CompleteFLB_system | NaN 

= = = = = = = = = = = = AVERAGE RESULTS = = = = = = = = = = = =
Packet Loss Ratio: 12,34 (%)
PROCESSED PACKAGES: 1741172226 
DISCARTED PACKAGES: 157590638 
TOTAL PACKAGES: 1898762864 
AVERAGE DELAY: 54027,60 (ms) 
AVERAGE THROUGHPUT: 754,54 (Mbps) 
GRANTED THROUGHPUT: 48592,01 (Mbps) By 64 ONUs
EFFECTIVE THROUGHPUT: 48290,57 (Mbps) By 64 ONUs
TOTAL LOAD: 55091,48 (Mbps) By 64 ONUs
ON Arrival THROUGHPUT: 0,00 (Mbps) By 64 ONUs
FINISHTIMEFL: 145,142236 
FINISHTIME: 148,142236 


fileName | IPACT_STRICTPRIORITYFIRSTAF_1_68_96_0 
