
ONU ID 	|  PLR(%) | Delay(ms) | Throughput(Mbps) | Granted Throughput(Mbps) | Total Load (Mbps) 

  ID |  PLR(%) |  D  | Thr |  Gates  |  Load  | PLR-EF | D-EF | ThrEF | LoadEF | PLR-AF | D-AF | ThrAF | LoadAF | PLR-BE | D-BE | ThrBE | LoadBE | PLR-FA | D-FA | ThrFA | LoadFA | DTFA |  PLR-FB | D-FB | ThrFB | LoadFB | DTFB | 
   1 |  0,00 | 1,608 | 691,11 | 691,11 | 709,13 |  0,00 | 0,500 | 44,35 | 44,35 |  0,00 | 1,222 | 304,09 | 304,09 |  0,00 | 1,867 | 295,57 | 295,57 |  0,00 | 25,587 | 47,10 | 47,10 | 74,698 |   NaN | NaN | 0,00 | 0,00 | NaN
   2 |  0,00 | 3,330 | 693,40 | 693,40 | 713,46 |  0,00 | 0,512 | 44,35 | 44,35 |  0,00 | 1,266 | 302,16 | 302,16 |  0,00 | 2,780 | 299,78 | 299,78 |  0,00 | 91,734 | 47,10 | 47,10 | 255,466 |   NaN | NaN | 0,00 | 0,00 | NaN
   3 |  0,00 | 2,960 | 688,03 | 688,03 | 704,90 |  0,00 | 0,448 | 44,35 | 44,35 |  0,00 | 1,170 | 299,78 | 299,78 |  0,00 | 2,314 | 296,80 | 296,80 |  0,00 | 82,781 | 47,10 | 47,10 | 221,108 |   NaN | NaN | 0,00 | 0,00 | NaN
   4 |  0,00 | 1,514 | 695,82 | 695,82 | 712,84 |  0,00 | 0,454 | 44,35 | 44,35 |  0,00 | 1,102 | 304,87 | 304,87 |  0,00 | 1,770 | 299,49 | 299,49 |  0,00 | 24,864 | 47,10 | 47,10 | 70,237 |   NaN | NaN | 0,00 | 0,00 | NaN
   5 |  0,00 | 7,084 | 690,07 | 690,07 | 707,03 |  0,00 | 0,479 | 44,35 | 44,35 |  0,00 | 0,642 | 299,54 | 299,54 |  0,00 | 3,656 | 299,07 | 299,07 |  0,00 | 258,546 | 47,10 | 47,10 | 647,564 |   NaN | NaN | 0,00 | 0,00 | NaN
   6 |  0,00 | 3,483 | 695,94 | 695,94 | 712,77 |  0,00 | 0,428 | 44,35 | 44,35 |  0,00 | 0,769 | 303,53 | 303,53 |  0,00 | 1,992 | 300,95 | 300,95 |  0,00 | 116,029 | 47,10 | 47,10 | 351,945 |   NaN | NaN | 0,00 | 0,00 | NaN
   7 |  0,00 | 2,029 | 691,12 | 691,12 | 708,01 |  0,00 | 0,446 | 44,35 | 44,35 |  0,00 | 1,550 | 300,56 | 300,56 |  0,00 | 2,438 | 299,10 | 299,10 |  0,00 | 34,799 | 47,10 | 47,10 | 97,956 |   NaN | NaN | 0,00 | 0,00 | NaN
   8 |  0,00 | 3,265 | 692,28 | 692,28 | 709,88 |  0,00 | 0,496 | 44,35 | 44,35 |  0,00 | 0,950 | 298,96 | 298,96 |  0,00 | 2,353 | 301,86 | 301,86 |  0,00 | 97,830 | 47,10 | 47,10 | 289,749 |   NaN | NaN | 0,00 | 0,00 | NaN
   9 |  0,00 | 1,579 | 694,60 | 694,60 | 711,57 |  0,00 | 0,436 | 44,35 | 44,35 |  0,00 | 0,851 | 302,98 | 302,98 |  0,00 | 1,880 | 300,17 | 300,17 |  0,00 | 29,832 | 47,10 | 47,10 | 89,926 |   NaN | NaN | 0,00 | 0,00 | NaN
  10 |  0,00 | 1,734 | 690,29 | 690,29 | 707,98 |  0,00 | 0,497 | 44,35 | 44,35 |  0,00 | 1,288 | 299,64 | 299,64 |  0,00 | 1,943 | 299,19 | 299,19 |  0,00 | 29,515 | 47,10 | 47,10 | 78,757 |   NaN | NaN | 0,00 | 0,00 | NaN
  11 |  0,00 | 13,591 | 689,09 | 689,09 | 705,95 |  0,00 | 0,436 | 44,35 | 44,35 |  0,00 | 0,761 | 296,86 | 296,86 |  0,00 | 7,838 | 300,78 | 300,78 |  0,00 | 500,653 | 47,10 | 47,10 | 1330,941 |   NaN | NaN | 0,00 | 0,00 | NaN
  12 |  0,00 | 3,929 | 689,59 | 689,59 | 707,41 |  0,00 | 0,499 | 44,35 | 44,35 |  0,00 | 0,673 | 298,50 | 298,50 |  0,00 | 2,508 | 299,63 | 299,63 |  0,00 | 129,047 | 47,10 | 47,10 | 376,478 |   NaN | NaN | 0,00 | 0,00 | NaN
  13 |  0,00 | 3,272 | 685,91 | 685,91 | 702,78 |  0,00 | 0,464 | 44,35 | 44,35 |  0,00 | 1,056 | 297,95 | 297,95 |  0,00 | 2,422 | 296,51 | 296,51 |  0,00 | 96,452 | 47,10 | 47,10 | 262,929 |   NaN | NaN | 0,00 | 0,00 | NaN
  14 |  0,00 | 6,715 | 693,41 | 693,41 | 712,08 |  0,00 | 0,505 | 44,35 | 44,35 |  0,00 | 0,703 | 300,28 | 300,28 |  0,00 | 4,154 | 301,67 | 301,67 |  0,00 | 235,138 | 47,10 | 47,10 | 595,852 |   NaN | NaN | 0,00 | 0,00 | NaN
  15 |  0,00 | 1,823 | 689,58 | 689,58 | 707,48 |  0,00 | 0,499 | 44,35 | 44,35 |  0,00 | 1,270 | 295,86 | 295,86 |  0,00 | 2,157 | 302,27 | 302,27 |  0,00 | 31,065 | 47,10 | 47,10 | 97,028 |   NaN | NaN | 0,00 | 0,00 | NaN
  16 |  0,00 | 1,788 | 699,51 | 699,51 | 716,73 |  0,00 | 0,490 | 44,35 | 44,35 |  0,00 | 0,891 | 301,37 | 301,37 |  0,00 | 1,769 | 306,68 | 306,68 |  0,00 | 39,035 | 47,10 | 47,10 | 119,067 |   NaN | NaN | 0,00 | 0,00 | NaN
  17 |  0,00 | 1,670 | 694,28 | 694,28 | 712,66 |  0,00 | 0,503 | 44,35 | 44,35 |  0,00 | 1,015 | 301,94 | 301,94 |  0,00 | 1,308 | 300,88 | 300,88 |  0,00 | 37,508 | 47,10 | 47,10 | 110,821 |   NaN | NaN | 0,00 | 0,00 | NaN
  18 |  0,00 | 9,188 | 688,70 | 688,70 | 705,63 |  0,00 | 0,480 | 44,35 | 44,35 |  0,00 | 0,701 | 297,16 | 297,16 |  0,00 | 3,107 | 300,08 | 300,08 |  0,00 | 358,812 | 47,10 | 47,10 | 1352,540 |   NaN | NaN | 0,00 | 0,00 | NaN
  19 |  0,00 | 10,793 | 684,58 | 684,58 | 701,47 |  0,00 | 0,471 | 44,35 | 44,35 |  0,00 | 0,821 | 295,83 | 295,83 |  0,00 | 5,010 | 297,29 | 297,29 |  0,00 | 405,833 | 47,10 | 47,10 | 1003,099 |   NaN | NaN | 0,00 | 0,00 | NaN
  20 |  0,00 | 11,275 | 688,25 | 688,25 | 705,10 |  0,00 | 0,466 | 44,35 | 44,35 |  0,00 | 0,620 | 301,18 | 301,18 |  0,00 | 3,525 | 295,61 | 295,61 |  0,00 | 449,426 | 47,10 | 47,10 | 1285,765 |   NaN | NaN | 0,00 | 0,00 | NaN
  21 |  0,00 | 1,584 | 681,25 | 681,25 | 698,25 |  0,00 | 0,471 | 44,35 | 44,35 |  0,00 | 1,269 | 295,10 | 295,10 |  0,00 | 1,588 | 294,69 | 294,69 |  0,00 | 27,707 | 47,10 | 47,10 | 75,495 |   NaN | NaN | 0,00 | 0,00 | NaN
  22 |  0,00 | 8,263 | 697,19 | 697,19 | 716,63 |  0,00 | 0,509 | 44,35 | 44,35 |  0,00 | 0,916 | 307,16 | 307,16 |  0,00 | 6,171 | 298,58 | 298,58 |  0,00 | 279,962 | 47,10 | 47,10 | 696,403 |   NaN | NaN | 0,00 | 0,00 | NaN
  23 |  0,00 | 12,393 | 692,14 | 692,14 | 709,32 |  0,00 | 0,491 | 44,35 | 44,35 |  0,00 | 0,963 | 300,66 | 300,66 |  0,00 | 6,140 | 300,01 | 300,01 |  0,00 | 465,091 | 47,10 | 47,10 | 1178,801 |   NaN | NaN | 0,00 | 0,00 | NaN
  24 |  0,00 | 3,149 | 692,48 | 692,48 | 709,37 |  0,00 | 0,453 | 44,35 | 44,35 |  0,00 | 1,045 | 299,92 | 299,92 |  0,00 | 2,129 | 301,11 | 301,11 |  0,00 | 95,078 | 47,10 | 47,10 | 263,040 |   NaN | NaN | 0,00 | 0,00 | NaN
  25 |  0,00 | 1,622 | 697,24 | 697,24 | 717,11 |  0,00 | 0,510 | 44,35 | 44,35 |  0,00 | 1,011 | 300,21 | 300,21 |  0,00 | 1,952 | 305,57 | 305,57 |  0,00 | 27,353 | 47,10 | 47,10 | 88,791 |   NaN | NaN | 0,00 | 0,00 | NaN
  26 |  0,00 | 1,986 | 689,55 | 689,55 | 708,52 |  0,00 | 0,507 | 44,35 | 44,35 |  0,00 | 1,547 | 300,22 | 300,22 |  0,00 | 2,047 | 297,88 | 297,88 |  0,00 | 36,378 | 47,10 | 47,10 | 97,631 |   NaN | NaN | 0,00 | 0,00 | NaN
  27 |  0,00 | 8,219 | 686,97 | 686,97 | 703,83 |  0,00 | 0,433 | 44,35 | 44,35 |  0,00 | 0,532 | 299,81 | 299,81 |  0,00 | 2,327 | 295,70 | 295,70 |  0,00 | 327,212 | 47,10 | 47,10 | 1314,075 |   NaN | NaN | 0,00 | 0,00 | NaN
  28 |  0,00 | 12,670 | 686,01 | 686,01 | 703,89 |  0,00 | 0,500 | 44,35 | 44,35 |  0,00 | 1,014 | 299,38 | 299,38 |  0,00 | 4,573 | 295,18 | 295,18 |  0,00 | 493,332 | 47,10 | 47,10 | 1230,991 |   NaN | NaN | 0,00 | 0,00 | NaN
  29 |  0,00 | 13,532 | 694,90 | 694,90 | 711,85 |  0,00 | 0,479 | 44,35 | 44,35 |  0,00 | 0,857 | 301,22 | 301,22 |  0,00 | 7,685 | 302,23 | 302,23 |  0,00 | 500,336 | 47,10 | 47,10 | 1307,621 |   NaN | NaN | 0,00 | 0,00 | NaN
  30 |  0,00 | 11,101 | 687,79 | 687,79 | 707,32 |  0,00 | 0,509 | 44,35 | 44,35 |  0,00 | 0,849 | 297,10 | 297,10 |  0,00 | 3,554 | 299,24 | 299,24 |  0,00 | 436,922 | 47,10 | 47,10 | 1369,866 |   NaN | NaN | 0,00 | 0,00 | NaN
  31 |  0,00 | 12,802 | 689,67 | 689,67 | 706,56 |  0,00 | 0,476 | 44,35 | 44,35 |  0,00 | 0,720 | 301,76 | 301,76 |  0,00 | 5,911 | 296,45 | 296,45 |  0,00 | 489,013 | 47,10 | 47,10 | 1219,563 |   NaN | NaN | 0,00 | 0,00 | NaN
  32 |  0,00 | 12,481 | 693,90 | 693,90 | 710,75 |  0,00 | 0,432 | 44,35 | 44,35 |  0,00 | 0,807 | 301,06 | 301,06 |  0,00 | 5,308 | 301,38 | 301,38 |  0,00 | 482,637 | 47,10 | 47,10 | 1306,388 |   NaN | NaN | 0,00 | 0,00 | NaN
  33 |  0,00 | 12,362 | 689,19 | 689,19 | 706,90 |  0,00 | 0,498 | 44,35 | 44,35 |  0,00 | 0,871 | 298,95 | 298,95 |  0,00 | 4,017 | 298,79 | 298,79 |  0,00 | 488,865 | 47,10 | 47,10 | 1392,071 |   NaN | NaN | 0,00 | 0,00 | NaN
  34 |  0,00 | 6,360 | 687,68 | 687,68 | 704,77 |  0,00 | 0,489 | 44,35 | 44,35 |  0,00 | 0,551 | 298,99 | 298,99 |  0,00 | 0,968 | 297,23 | 297,23 |  0,00 | 258,430 | 47,10 | 47,10 | 1227,578 |   NaN | NaN | 0,00 | 0,00 | NaN
  35 |  0,00 | 4,825 | 695,89 | 695,89 | 712,73 |  0,00 | 0,438 | 44,35 | 44,35 |  0,00 | 0,463 | 302,56 | 302,56 |  0,00 | 1,150 | 301,87 | 301,87 |  0,00 | 190,521 | 47,10 | 47,10 | 1009,605 |   NaN | NaN | 0,00 | 0,00 | NaN
  36 |  0,00 | 7,821 | 689,10 | 689,10 | 706,36 |  0,00 | 0,492 | 44,35 | 44,35 |  0,00 | 0,636 | 295,98 | 295,98 |  0,00 | 2,402 | 301,66 | 301,66 |  0,00 | 306,198 | 47,10 | 47,10 | 1316,458 |   NaN | NaN | 0,00 | 0,00 | NaN
  37 |  0,00 | 12,423 | 696,03 | 696,03 | 712,92 |  0,00 | 0,474 | 44,35 | 44,35 |  0,00 | 0,939 | 303,66 | 303,66 |  0,00 | 4,452 | 300,92 | 300,92 |  0,00 | 488,973 | 47,10 | 47,10 | 1325,849 |   NaN | NaN | 0,00 | 0,00 | NaN
  38 |  0,00 | 9,891 | 694,76 | 694,76 | 711,63 |  0,00 | 0,466 | 44,35 | 44,35 |  0,00 | 0,552 | 302,86 | 302,86 |  0,00 | 2,719 | 300,44 | 300,44 |  0,00 | 399,445 | 47,10 | 47,10 | 1340,776 |   NaN | NaN | 0,00 | 0,00 | NaN
  39 |  0,00 | 12,173 | 682,42 | 682,42 | 701,89 |  0,00 | 0,509 | 44,35 | 44,35 |  0,00 | 0,662 | 296,57 | 296,57 |  0,00 | 3,405 | 294,39 | 294,39 |  0,00 | 487,308 | 47,10 | 47,10 | 1379,090 |   NaN | NaN | 0,00 | 0,00 | NaN
  40 |  0,00 | 8,811 | 684,72 | 684,72 | 704,23 |  0,00 | 0,509 | 44,35 | 44,35 |  0,00 | 0,707 | 299,03 | 299,03 |  0,00 | 1,548 | 294,24 | 294,24 |  0,00 | 358,739 | 47,10 | 47,10 | 1365,792 |   NaN | NaN | 0,00 | 0,00 | NaN
  41 |  0,00 | 12,981 | 695,93 | 695,93 | 713,24 |  0,00 | 0,492 | 44,35 | 44,35 |  0,00 | 0,999 | 298,29 | 298,29 |  0,00 | 6,761 | 306,18 | 306,18 |  0,00 | 484,099 | 47,10 | 47,10 | 1241,526 |   NaN | NaN | 0,00 | 0,00 | NaN
  42 |  0,00 | 12,948 | 697,77 | 697,77 | 714,64 |  0,00 | 0,438 | 44,35 | 44,35 |  0,00 | 0,671 | 302,93 | 302,93 |  0,00 | 6,795 | 303,39 | 303,39 |  0,00 | 488,841 | 47,10 | 47,10 | 1278,899 |   NaN | NaN | 0,00 | 0,00 | NaN
  43 |  0,00 | 12,511 | 698,59 | 698,59 | 717,89 |  0,00 | 0,516 | 44,35 | 44,35 |  0,00 | 0,579 | 304,16 | 304,16 |  0,00 | 4,106 | 302,97 | 302,97 |  0,00 | 501,611 | 47,10 | 47,10 | 1394,387 |   NaN | NaN | 0,00 | 0,00 | NaN
  44 |  0,00 | 13,955 | 695,10 | 695,10 | 711,96 |  0,00 | 0,428 | 44,35 | 44,35 |  0,00 | 0,716 | 300,33 | 300,33 |  0,00 | 10,451 | 303,31 | 303,31 |  0,00 | 488,471 | 47,10 | 47,10 | 1236,585 |   NaN | NaN | 0,00 | 0,00 | NaN
  45 |  0,00 | 13,613 | 689,74 | 689,74 | 710,03 |  0,00 | 0,513 | 44,35 | 44,35 |  0,00 | 0,854 | 303,23 | 303,23 |  0,00 | 8,082 | 295,05 | 295,05 |  0,00 | 498,013 | 47,10 | 47,10 | 1287,116 |   NaN | NaN | 0,00 | 0,00 | NaN
  46 |  0,00 | 12,156 | 690,82 | 690,82 | 707,65 |  0,00 | 0,452 | 44,35 | 44,35 |  0,00 | 0,634 | 297,47 | 297,47 |  0,00 | 3,483 | 301,90 | 301,90 |  0,00 | 490,221 | 47,10 | 47,10 | 1359,624 |   NaN | NaN | 0,00 | 0,00 | NaN
  47 |  0,00 | 12,535 | 688,56 | 688,56 | 705,41 |  0,00 | 0,450 | 44,35 | 44,35 |  0,00 | 0,751 | 299,09 | 299,09 |  0,00 | 7,181 | 298,01 | 298,01 |  0,00 | 461,178 | 47,10 | 47,10 | 1164,811 |   NaN | NaN | 0,00 | 0,00 | NaN
  48 |  0,00 | 13,234 | 688,36 | 688,36 | 705,31 |  0,00 | 0,479 | 44,35 | 44,35 |  0,00 | 0,939 | 298,89 | 298,89 |  0,00 | 6,607 | 298,01 | 298,01 |  0,00 | 496,597 | 47,10 | 47,10 | 1254,726 |   NaN | NaN | 0,00 | 0,00 | NaN
  49 |  0,00 | 13,161 | 688,36 | 688,36 | 705,62 |  0,00 | 0,492 | 44,35 | 44,35 |  0,00 | 0,803 | 299,27 | 299,27 |  0,00 | 8,460 | 297,63 | 297,63 |  0,00 | 472,683 | 47,10 | 47,10 | 1188,985 |   NaN | NaN | 0,00 | 0,00 | NaN
  50 |  0,00 | 11,596 | 691,88 | 691,88 | 708,74 |  0,00 | 0,446 | 44,35 | 44,35 |  0,00 | 0,665 | 301,21 | 301,21 |  0,00 | 4,228 | 299,21 | 299,21 |  0,00 | 456,448 | 47,10 | 47,10 | 1328,829 |   NaN | NaN | 0,00 | 0,00 | NaN
  51 |  0,00 | 12,519 | 691,71 | 691,71 | 708,59 |  0,00 | 0,444 | 44,35 | 44,35 |  0,00 | 0,731 | 298,64 | 298,64 |  0,00 | 5,301 | 301,61 | 301,61 |  0,00 | 484,097 | 47,10 | 47,10 | 1243,815 |   NaN | NaN | 0,00 | 0,00 | NaN
  52 |  0,00 | 13,399 | 691,90 | 691,90 | 708,76 |  0,00 | 0,470 | 44,35 | 44,35 |  0,00 | 0,773 | 296,31 | 296,31 |  0,00 | 6,976 | 304,13 | 304,13 |  0,00 | 502,057 | 47,10 | 47,10 | 1286,636 |   NaN | NaN | 0,00 | 0,00 | NaN
  53 |  0,00 | 11,687 | 691,86 | 691,86 | 708,72 |  0,00 | 0,458 | 44,35 | 44,35 |  0,00 | 0,653 | 301,54 | 301,54 |  0,00 | 3,710 | 298,87 | 298,87 |  0,00 | 466,711 | 47,10 | 47,10 | 1296,177 |   NaN | NaN | 0,00 | 0,00 | NaN
  54 |  0,00 | 13,199 | 686,60 | 686,60 | 703,51 |  0,00 | 0,460 | 44,35 | 44,35 |  0,00 | 0,936 | 299,71 | 299,71 |  0,00 | 5,404 | 295,43 | 295,43 |  0,00 | 509,378 | 47,10 | 47,10 | 1303,519 |   NaN | NaN | 0,00 | 0,00 | NaN
  55 |  0,00 | 10,633 | 686,60 | 686,60 | 703,45 |  0,00 | 0,445 | 44,35 | 44,35 |  0,00 | 0,645 | 296,42 | 296,42 |  0,00 | 2,858 | 298,72 | 298,72 |  0,00 | 427,518 | 47,10 | 47,10 | 1399,668 |   NaN | NaN | 0,00 | 0,00 | NaN
  56 |  0,00 | 13,004 | 685,57 | 685,57 | 702,41 |  0,00 | 0,451 | 44,35 | 44,35 |  0,00 | 0,730 | 297,52 | 297,52 |  0,00 | 6,515 | 296,59 | 296,59 |  0,00 | 489,362 | 47,10 | 47,10 | 1244,128 |   NaN | NaN | 0,00 | 0,00 | NaN
  57 |  0,00 | 13,920 | 689,11 | 689,11 | 705,97 |  0,00 | 0,448 | 44,35 | 44,35 |  0,00 | 0,864 | 297,87 | 297,87 |  0,00 | 9,321 | 299,78 | 299,78 |  0,00 | 496,484 | 47,10 | 47,10 | 1236,768 |   NaN | NaN | 0,00 | 0,00 | NaN
  58 |  0,00 | 12,647 | 692,69 | 692,69 | 709,60 |  0,00 | 0,477 | 44,35 | 44,35 |  0,00 | 0,818 | 301,64 | 301,64 |  0,00 | 5,498 | 299,60 | 299,60 |  0,00 | 486,640 | 47,10 | 47,10 | 1226,453 |   NaN | NaN | 0,00 | 0,00 | NaN
  59 |  0,00 | 6,557 | 695,83 | 695,83 | 713,34 |  0,00 | 0,496 | 44,35 | 44,35 |  0,00 | 0,553 | 298,69 | 298,69 |  0,00 | 1,565 | 305,69 | 305,69 |  0,00 | 261,619 | 47,10 | 47,10 | 1244,270 |   NaN | NaN | 0,00 | 0,00 | NaN
  60 |  0,00 | 13,348 | 690,43 | 690,43 | 707,26 |  0,00 | 0,431 | 44,35 | 44,35 |  0,00 | 0,605 | 300,19 | 300,19 |  0,00 | 7,870 | 298,78 | 298,78 |  0,00 | 492,509 | 47,10 | 47,10 | 1253,415 |   NaN | NaN | 0,00 | 0,00 | NaN
  61 |  0,00 | 12,182 | 695,18 | 695,18 | 712,05 |  0,00 | 0,453 | 44,35 | 44,35 |  0,00 | 0,638 | 301,35 | 301,35 |  0,00 | 4,325 | 302,38 | 302,38 |  0,00 | 483,031 | 47,10 | 47,10 | 1328,496 |   NaN | NaN | 0,00 | 0,00 | NaN
  62 |  0,00 | 13,220 | 694,13 | 694,13 | 714,76 |  0,00 | 0,515 | 44,35 | 44,35 |  0,00 | 0,789 | 300,42 | 300,42 |  0,00 | 7,217 | 302,25 | 302,25 |  0,00 | 491,601 | 47,10 | 47,10 | 1235,242 |   NaN | NaN | 0,00 | 0,00 | NaN
  63 |  0,00 | 11,142 | 691,13 | 691,13 | 708,00 |  0,00 | 0,470 | 44,35 | 44,35 |  0,00 | 0,758 | 301,36 | 301,36 |  0,00 | 3,334 | 298,32 | 298,32 |  0,00 | 444,880 | 47,10 | 47,10 | 1391,813 |   NaN | NaN | 0,00 | 0,00 | NaN
  64 |  0,00 | 14,041 | 685,79 | 685,79 | 706,22 |  0,00 | 0,513 | 44,35 | 44,35 |  0,00 | 0,808 | 297,17 | 297,17 |  0,00 | 8,926 | 297,16 | 297,16 |  0,00 | 505,080 | 47,10 | 47,10 | 1299,825 |   NaN | NaN | 0,00 | 0,00 | NaN

= = = = = = = = = = = = AVERAGE RESULTS system = = = = = = = = = = = =
meanPLR_system | 0,000000 
meanDelay_system | 8,863836 
meanLoad_system | 691,063987 
meanTHR_system | 691,063987 
meanGate_system | 708,638113 

meanPLR_EF_system | 0,000000 
meanPLR_AF_system | 0,000000 
meanPLR_BE_system | 0,000000 
meanPLR_FLA_system | 0,000000 
meanPLR_FLB_system | NaN 

meanTHR_EF_system | 44,352002 
meanTHR_AF_system | 299,983645 
meanTHR_BE_system | 299,623604 
meanTHR_FLA_system | 47,996812 
meanTHR_FLB_system | 0,000000 

meanLoad_EF_system | 44,352002 
meanLoad_AF_system | 299,983645 
meanLoad_BE_system | 299,623604 
meanLoad_FLA_system | 47,996812 
meanLoad_FLB_system | 0,000000 

meanDELAY_EF_system | 0,474839 
meanDELAY_AF_system | 0,846108 
meanDELAY_BE_system | 4,247021 
meanDELAY_FLA_system | 329,579920 
meanDELAY_FLB_system | NaN 
meanDELAY_CompleteFLA_system | 936,617595 
meanDELAY_CompleteFLB_system | NaN 

= = = = = = = = = = = = AVERAGE RESULTS = = = = = = = = = = = =
Packet Loss Ratio: 00,00 (%)
PROCESSED PACKAGES: 1831406311 
DISCARTED PACKAGES: 0 
TOTAL PACKAGES: 1831406311 
AVERAGE DELAY: 1571,06 (ms) 
AVERAGE THROUGHPUT: 691,06 (Mbps) 
GRANTED THROUGHPUT: 45352,84 (Mbps) By 64 ONUs
EFFECTIVE THROUGHPUT: 44228,10 (Mbps) By 64 ONUs
TOTAL LOAD: 44228,10 (Mbps) By 64 ONUs
ON Arrival THROUGHPUT: 0,00 (Mbps) By 64 ONUs
FINISHTIMEFL: 158,410522 
FINISHTIME: 161,410522 


fileName | IPACT_LBVARIBLETOKENSBYCYCLE_3_36_80_0 
