
ONU ID 	|  PLR(%) | Delay(ms) | Throughput(Mbps) | Granted Throughput(Mbps) | Total Load (Mbps) 

  ID |  PLR(%) |  D  | Thr |  Gates  |  Load  | PLR-EF | D-EF | ThrEF | LoadEF | PLR-AF | D-AF | ThrAF | LoadAF | PLR-BE | D-BE | ThrBE | LoadBE | PLR-FA | D-FA | ThrFA | LoadFA | DTFA |  PLR-FB | D-FB | ThrFB | LoadFB | DTFB | 
   1 |  0,00 | 0,311 | 526,15 | 526,15 | 568,30 |  0,00 | 0,139 | 44,35 | 44,35 |  0,00 | 0,222 | 228,89 | 228,89 |  0,00 | 0,313 | 224,30 | 224,30 |  0,00 | 7,329 | 28,62 | 28,62 | 35,575 |   NaN | NaN | 0,00 | 0,00 | NaN
   2 |  0,00 | 0,467 | 524,80 | 524,80 | 572,04 |  0,00 | 0,151 | 44,35 | 44,35 |  0,00 | 0,344 | 227,71 | 227,71 |  0,00 | 0,412 | 224,12 | 224,12 |  0,00 | 13,640 | 28,62 | 28,62 | 48,540 |   NaN | NaN | 0,00 | 0,00 | NaN
   3 |  0,00 | 0,295 | 520,06 | 520,06 | 558,01 |  0,00 | 0,087 | 44,35 | 44,35 |  0,00 | 0,179 | 222,94 | 222,94 |  0,00 | 0,384 | 224,15 | 224,15 |  0,00 | 7,593 | 28,62 | 28,62 | 36,308 |   NaN | NaN | 0,00 | 0,00 | NaN
   4 |  0,00 | 0,290 | 526,05 | 526,05 | 564,00 |  0,00 | 0,093 | 44,35 | 44,35 |  0,00 | 0,183 | 227,84 | 227,84 |  0,00 | 0,376 | 225,24 | 225,24 |  0,00 | 7,165 | 28,62 | 28,62 | 35,358 |   NaN | NaN | 0,00 | 0,00 | NaN
   5 |  0,00 | 0,300 | 520,96 | 520,96 | 559,53 |  0,00 | 0,118 | 44,35 | 44,35 |  0,00 | 0,196 | 224,85 | 224,85 |  0,00 | 0,347 | 223,14 | 223,14 |  0,00 | 7,199 | 28,62 | 28,62 | 35,355 |   NaN | NaN | 0,00 | 0,00 | NaN
   6 |  0,00 | 0,295 | 524,36 | 524,36 | 561,47 |  0,00 | 0,070 | 44,35 | 44,35 |  0,00 | 0,154 | 226,50 | 226,50 |  0,00 | 0,402 | 224,89 | 224,89 |  0,00 | 8,325 | 28,62 | 28,62 | 37,609 |   NaN | NaN | 0,00 | 0,00 | NaN
   7 |  0,00 | 0,293 | 523,17 | 523,17 | 561,15 |  0,00 | 0,085 | 44,35 | 44,35 |  0,00 | 0,174 | 224,87 | 224,87 |  0,00 | 0,383 | 225,33 | 225,33 |  0,00 | 7,618 | 28,62 | 28,62 | 36,801 |   NaN | NaN | 0,00 | 0,00 | NaN
   8 |  0,00 | 0,310 | 526,84 | 526,84 | 568,11 |  0,00 | 0,135 | 44,35 | 44,35 |  0,00 | 0,225 | 226,32 | 226,32 |  0,00 | 0,317 | 227,56 | 227,56 |  0,00 | 7,291 | 28,62 | 28,62 | 35,699 |   NaN | NaN | 0,00 | 0,00 | NaN
   9 |  0,00 | 0,283 | 524,78 | 524,78 | 562,52 |  0,00 | 0,075 | 44,35 | 44,35 |  0,00 | 0,163 | 225,64 | 225,64 |  0,00 | 0,392 | 226,17 | 226,17 |  0,00 | 7,332 | 28,62 | 28,62 | 35,714 |   NaN | NaN | 0,00 | 0,00 | NaN
  10 |  0,00 | 0,309 | 522,99 | 522,99 | 564,37 |  0,00 | 0,136 | 44,35 | 44,35 |  0,00 | 0,226 | 226,11 | 226,11 |  0,00 | 0,317 | 223,91 | 223,91 |  0,00 | 7,176 | 28,62 | 28,62 | 35,254 |   NaN | NaN | 0,00 | 0,00 | NaN
  11 |  0,00 | 0,636 | 522,57 | 522,57 | 560,58 |  0,00 | 0,076 | 44,35 | 44,35 |  0,00 | 0,355 | 224,54 | 224,54 |  0,00 | 0,608 | 225,06 | 225,06 |  0,00 | 23,817 | 28,62 | 28,62 | 63,858 |   NaN | NaN | 0,00 | 0,00 | NaN
  12 |  0,00 | 0,309 | 523,68 | 523,68 | 565,64 |  0,00 | 0,138 | 44,35 | 44,35 |  0,00 | 0,231 | 225,10 | 225,10 |  0,00 | 0,316 | 225,61 | 225,61 |  0,00 | 7,073 | 28,62 | 28,62 | 35,228 |   NaN | NaN | 0,00 | 0,00 | NaN
  13 |  0,00 | 0,436 | 517,38 | 517,38 | 555,69 |  0,00 | 0,103 | 44,35 | 44,35 |  0,00 | 0,266 | 223,72 | 223,72 |  0,00 | 0,445 | 220,69 | 220,69 |  0,00 | 13,851 | 28,62 | 28,62 | 49,175 |   NaN | NaN | 0,00 | 0,00 | NaN
  14 |  0,00 | 0,307 | 525,81 | 525,81 | 569,76 |  0,00 | 0,144 | 44,35 | 44,35 |  0,00 | 0,215 | 225,86 | 225,86 |  0,00 | 0,308 | 226,98 | 226,98 |  0,00 | 7,056 | 28,62 | 28,62 | 35,108 |   NaN | NaN | 0,00 | 0,00 | NaN
  15 |  0,00 | 0,311 | 522,74 | 522,74 | 564,80 |  0,00 | 0,138 | 44,35 | 44,35 |  0,00 | 0,233 | 222,41 | 222,41 |  0,00 | 0,309 | 227,36 | 227,36 |  0,00 | 7,226 | 28,62 | 28,62 | 35,562 |   NaN | NaN | 0,00 | 0,00 | NaN
  16 |  0,00 | 0,308 | 528,65 | 528,65 | 568,45 |  0,00 | 0,129 | 44,35 | 44,35 |  0,00 | 0,220 | 226,64 | 226,64 |  0,00 | 0,334 | 229,04 | 229,04 |  0,00 | 7,184 | 28,62 | 28,62 | 35,489 |   NaN | NaN | 0,00 | 0,00 | NaN
  17 |  0,00 | 0,315 | 524,00 | 524,00 | 567,28 |  0,00 | 0,142 | 44,35 | 44,35 |  0,00 | 0,230 | 226,65 | 226,65 |  0,00 | 0,314 | 224,38 | 224,38 |  0,00 | 7,320 | 28,62 | 28,62 | 35,509 |   NaN | NaN | 0,00 | 0,00 | NaN
  18 |  0,00 | 0,355 | 521,01 | 521,01 | 559,68 |  0,00 | 0,119 | 44,35 | 44,35 |  0,00 | 0,237 | 224,53 | 224,53 |  0,00 | 0,366 | 223,51 | 223,51 |  0,00 | 9,787 | 28,62 | 28,62 | 39,274 |   NaN | NaN | 0,00 | 0,00 | NaN
  19 |  0,00 | 0,306 | 518,30 | 518,30 | 556,53 |  0,00 | 0,110 | 44,35 | 44,35 |  0,00 | 0,211 | 222,03 | 222,03 |  0,00 | 0,350 | 223,30 | 223,30 |  0,00 | 7,592 | 28,62 | 28,62 | 36,160 |   NaN | NaN | 0,00 | 0,00 | NaN
  20 |  0,00 | 0,723 | 518,10 | 518,10 | 556,38 |  0,00 | 0,105 | 44,35 | 44,35 |  0,00 | 0,449 | 224,66 | 224,66 |  0,00 | 0,722 | 220,48 | 220,48 |  0,00 | 25,312 | 28,62 | 28,62 | 69,342 |   NaN | NaN | 0,00 | 0,00 | NaN
  21 |  0,00 | 0,300 | 516,87 | 516,87 | 555,05 |  0,00 | 0,110 | 44,35 | 44,35 |  0,00 | 0,200 | 222,89 | 222,89 |  0,00 | 0,346 | 221,01 | 221,01 |  0,00 | 7,432 | 28,62 | 28,62 | 35,935 |   NaN | NaN | 0,00 | 0,00 | NaN
  22 |  0,00 | 0,313 | 525,74 | 525,74 | 571,60 |  0,00 | 0,148 | 44,35 | 44,35 |  0,00 | 0,233 | 228,75 | 228,75 |  0,00 | 0,304 | 224,02 | 224,02 |  0,00 | 7,124 | 28,62 | 28,62 | 35,236 |   NaN | NaN | 0,00 | 0,00 | NaN
  23 |  0,00 | 1,151 | 524,25 | 524,25 | 564,38 |  0,00 | 0,130 | 44,35 | 44,35 |  0,00 | 0,858 | 226,02 | 226,02 |  0,00 | 1,078 | 225,26 | 225,26 |  0,00 | 40,508 | 28,62 | 28,62 | 97,382 |   NaN | NaN | 0,00 | 0,00 | NaN
  24 |  0,00 | 0,426 | 526,71 | 526,71 | 564,95 |  0,00 | 0,092 | 44,35 | 44,35 |  0,00 | 0,261 | 226,20 | 226,20 |  0,00 | 0,451 | 227,55 | 227,55 |  0,00 | 13,619 | 28,62 | 28,62 | 48,755 |   NaN | NaN | 0,00 | 0,00 | NaN
  25 |  0,00 | 0,319 | 524,75 | 524,75 | 571,28 |  0,00 | 0,150 | 44,35 | 44,35 |  0,00 | 0,243 | 223,01 | 223,01 |  0,00 | 0,303 | 228,78 | 228,78 |  0,00 | 7,300 | 28,62 | 28,62 | 35,640 |   NaN | NaN | 0,00 | 0,00 | NaN
  26 |  0,00 | 0,346 | 521,52 | 521,52 | 566,37 |  0,00 | 0,146 | 44,35 | 44,35 |  0,00 | 0,238 | 224,93 | 224,93 |  0,00 | 0,324 | 223,62 | 223,62 |  0,00 | 8,891 | 28,62 | 28,62 | 37,924 |   NaN | NaN | 0,00 | 0,00 | NaN
  27 |  0,00 | 0,323 | 520,90 | 520,90 | 558,63 |  0,00 | 0,073 | 44,35 | 44,35 |  0,00 | 0,188 | 225,77 | 225,77 |  0,00 | 0,440 | 222,16 | 222,16 |  0,00 | 8,946 | 28,62 | 28,62 | 40,587 |   NaN | NaN | 0,00 | 0,00 | NaN
  28 |  0,00 | 1,160 | 518,72 | 518,72 | 560,99 |  0,00 | 0,139 | 44,35 | 44,35 |  0,00 | 0,914 | 224,53 | 224,53 |  0,00 | 1,137 | 221,22 | 221,22 |  0,00 | 39,074 | 28,62 | 28,62 | 97,199 |   NaN | NaN | 0,00 | 0,00 | NaN
  29 |  0,00 | 0,590 | 523,50 | 523,50 | 562,23 |  0,00 | 0,118 | 44,35 | 44,35 |  0,00 | 0,402 | 224,02 | 224,02 |  0,00 | 0,593 | 226,52 | 226,52 |  0,00 | 19,019 | 28,62 | 28,62 | 63,887 |   NaN | NaN | 0,00 | 0,00 | NaN
  30 |  0,00 | 0,398 | 521,72 | 521,72 | 567,95 |  0,00 | 0,148 | 44,35 | 44,35 |  0,00 | 0,272 | 224,02 | 224,02 |  0,00 | 0,353 | 224,72 | 224,72 |  0,00 | 11,236 | 28,62 | 28,62 | 43,719 |   NaN | NaN | 0,00 | 0,00 | NaN
  31 |  0,00 | 1,141 | 521,27 | 521,27 | 559,77 |  0,00 | 0,115 | 44,35 | 44,35 |  0,00 | 0,813 | 225,23 | 225,23 |  0,00 | 1,074 | 223,07 | 223,07 |  0,00 | 41,080 | 28,62 | 28,62 | 98,252 |   NaN | NaN | 0,00 | 0,00 | NaN
  32 |  0,00 | 0,688 | 524,59 | 524,59 | 562,37 |  0,00 | 0,073 | 44,35 | 44,35 |  0,00 | 0,410 | 225,44 | 225,44 |  0,00 | 0,690 | 226,18 | 226,18 |  0,00 | 25,201 | 28,62 | 28,62 | 68,288 |   NaN | NaN | 0,00 | 0,00 | NaN
  33 |  0,00 | 0,444 | 520,57 | 520,57 | 562,46 |  0,00 | 0,137 | 44,35 | 44,35 |  0,00 | 0,322 | 223,57 | 223,57 |  0,00 | 0,423 | 224,03 | 224,03 |  0,00 | 12,706 | 28,62 | 28,62 | 51,080 |   NaN | NaN | 0,00 | 0,00 | NaN
  34 |  0,00 | 0,314 | 522,20 | 522,20 | 561,87 |  0,00 | 0,128 | 44,35 | 44,35 |  0,00 | 0,227 | 224,06 | 224,06 |  0,00 | 0,331 | 225,18 | 225,18 |  0,00 | 7,523 | 28,62 | 28,62 | 36,339 |   NaN | NaN | 0,00 | 0,00 | NaN
  35 |  0,00 | 0,288 | 524,79 | 524,79 | 562,65 |  0,00 | 0,078 | 44,35 | 44,35 |  0,00 | 0,173 | 226,23 | 226,23 |  0,00 | 0,397 | 225,59 | 225,59 |  0,00 | 7,331 | 28,62 | 28,62 | 35,789 |   NaN | NaN | 0,00 | 0,00 | NaN
  36 |  0,00 | 0,322 | 521,26 | 521,26 | 561,48 |  0,00 | 0,131 | 44,35 | 44,35 |  0,00 | 0,227 | 223,35 | 223,35 |  0,00 | 0,322 | 224,94 | 224,94 |  0,00 | 8,056 | 28,62 | 28,62 | 37,006 |   NaN | NaN | 0,00 | 0,00 | NaN
  37 |  0,00 | 0,672 | 526,41 | 526,41 | 564,90 |  0,00 | 0,113 | 44,35 | 44,35 |  0,00 | 0,419 | 228,01 | 228,01 |  0,00 | 0,611 | 225,42 | 225,42 |  0,00 | 23,930 | 28,62 | 28,62 | 66,141 |   NaN | NaN | 0,00 | 0,00 | NaN
  38 |  0,00 | 0,385 | 526,55 | 526,55 | 564,92 |  0,00 | 0,105 | 44,35 | 44,35 |  0,00 | 0,235 | 226,42 | 226,42 |  0,00 | 0,411 | 227,16 | 227,16 |  0,00 | 11,551 | 28,62 | 28,62 | 44,244 |   NaN | NaN | 0,00 | 0,00 | NaN
  39 |  0,00 | 0,640 | 517,57 | 517,57 | 563,71 |  0,00 | 0,148 | 44,35 | 44,35 |  0,00 | 0,455 | 223,51 | 223,51 |  0,00 | 0,614 | 221,09 | 221,09 |  0,00 | 20,102 | 28,62 | 28,62 | 63,926 |   NaN | NaN | 0,00 | 0,00 | NaN
  40 |  0,00 | 0,393 | 517,69 | 517,69 | 563,75 |  0,00 | 0,148 | 44,35 | 44,35 |  0,00 | 0,284 | 224,23 | 224,23 |  0,00 | 0,354 | 220,49 | 220,49 |  0,00 | 10,706 | 28,62 | 28,62 | 41,839 |   NaN | NaN | 0,00 | 0,00 | NaN
  41 |  0,00 | 0,947 | 526,48 | 526,48 | 566,95 |  0,00 | 0,131 | 44,35 | 44,35 |  0,00 | 0,640 | 225,01 | 225,01 |  0,00 | 1,022 | 228,51 | 228,51 |  0,00 | 31,463 | 28,62 | 28,62 | 85,388 |   NaN | NaN | 0,00 | 0,00 | NaN
  42 |  0,00 | 0,568 | 525,30 | 525,30 | 563,38 |  0,00 | 0,077 | 44,35 | 44,35 |  0,00 | 0,381 | 225,90 | 225,90 |  0,00 | 0,660 | 226,43 | 226,43 |  0,00 | 18,285 | 28,62 | 28,62 | 63,287 |   NaN | NaN | 0,00 | 0,00 | NaN
  43 |  0,00 | 0,634 | 527,87 | 527,87 | 572,50 |  0,00 | 0,155 | 44,35 | 44,35 |  0,00 | 0,469 | 227,91 | 227,91 |  0,00 | 0,578 | 226,99 | 226,99 |  0,00 | 19,844 | 28,62 | 28,62 | 63,973 |   NaN | NaN | 0,00 | 0,00 | NaN
  44 |  0,00 | 1,058 | 524,85 | 524,85 | 562,07 |  0,00 | 0,070 | 44,35 | 44,35 |  0,00 | 0,798 | 225,41 | 225,41 |  0,00 | 1,167 | 226,47 | 226,47 |  0,00 | 36,103 | 28,62 | 28,62 | 95,872 |   NaN | NaN | 0,00 | 0,00 | NaN
  45 |  0,00 | 0,745 | 523,50 | 523,50 | 571,33 |  0,00 | 0,152 | 44,35 | 44,35 |  0,00 | 0,524 | 227,17 | 227,17 |  0,00 | 0,692 | 223,36 | 223,36 |  0,00 | 24,533 | 28,62 | 28,62 | 70,897 |   NaN | NaN | 0,00 | 0,00 | NaN
  46 |  0,00 | 0,689 | 522,89 | 522,89 | 561,07 |  0,00 | 0,091 | 44,35 | 44,35 |  0,00 | 0,426 | 224,53 | 224,53 |  0,00 | 0,696 | 225,39 | 225,39 |  0,00 | 24,315 | 28,62 | 28,62 | 68,349 |   NaN | NaN | 0,00 | 0,00 | NaN
  47 |  0,00 | 0,979 | 522,73 | 522,73 | 560,79 |  0,00 | 0,089 | 44,35 | 44,35 |  0,00 | 0,678 | 226,53 | 226,53 |  0,00 | 0,961 | 223,23 | 223,23 |  0,00 | 35,288 | 28,62 | 28,62 | 84,591 |   NaN | NaN | 0,00 | 0,00 | NaN
  48 |  0,00 | 1,080 | 521,05 | 521,05 | 559,72 |  0,00 | 0,118 | 44,35 | 44,35 |  0,00 | 0,823 | 224,07 | 224,07 |  0,00 | 1,183 | 224,01 | 224,01 |  0,00 | 35,272 | 28,62 | 28,62 | 93,999 |   NaN | NaN | 0,00 | 0,00 | NaN
  49 |  0,00 | 0,980 | 522,04 | 522,04 | 562,30 |  0,00 | 0,131 | 44,35 | 44,35 |  0,00 | 0,684 | 225,83 | 225,83 |  0,00 | 0,876 | 223,25 | 223,25 |  0,00 | 35,093 | 28,62 | 28,62 | 84,005 |   NaN | NaN | 0,00 | 0,00 | NaN
  50 |  0,00 | 0,594 | 524,26 | 524,26 | 562,40 |  0,00 | 0,085 | 44,35 | 44,35 |  0,00 | 0,367 | 227,32 | 227,32 |  0,00 | 0,685 | 223,97 | 223,97 |  0,00 | 19,567 | 28,62 | 28,62 | 62,598 |   NaN | NaN | 0,00 | 0,00 | NaN
  51 |  0,00 | 0,942 | 523,53 | 523,53 | 561,60 |  0,00 | 0,083 | 44,35 | 44,35 |  0,00 | 0,642 | 224,12 | 224,12 |  0,00 | 1,068 | 226,44 | 226,44 |  0,00 | 32,022 | 28,62 | 28,62 | 86,544 |   NaN | NaN | 0,00 | 0,00 | NaN
  52 |  0,00 | 0,855 | 520,25 | 520,25 | 558,65 |  0,00 | 0,109 | 44,35 | 44,35 |  0,00 | 0,636 | 222,10 | 222,10 |  0,00 | 0,904 | 225,18 | 225,18 |  0,00 | 28,122 | 28,62 | 28,62 | 79,696 |   NaN | NaN | 0,00 | 0,00 | NaN
  53 |  0,00 | 0,667 | 523,93 | 523,93 | 562,15 |  0,00 | 0,097 | 44,35 | 44,35 |  0,00 | 0,413 | 225,85 | 225,85 |  0,00 | 0,693 | 225,11 | 225,11 |  0,00 | 22,973 | 28,62 | 28,62 | 67,534 |   NaN | NaN | 0,00 | 0,00 | NaN
  54 |  0,00 | 0,735 | 520,64 | 520,64 | 558,83 |  0,00 | 0,099 | 44,35 | 44,35 |  0,00 | 0,502 | 225,33 | 225,33 |  0,00 | 0,780 | 222,34 | 222,34 |  0,00 | 24,642 | 28,62 | 28,62 | 72,167 |   NaN | NaN | 0,00 | 0,00 | NaN
  55 |  0,00 | 0,394 | 522,44 | 522,44 | 560,63 |  0,00 | 0,084 | 44,35 | 44,35 |  0,00 | 0,243 | 224,34 | 224,34 |  0,00 | 0,450 | 225,13 | 225,13 |  0,00 | 12,068 | 28,62 | 28,62 | 45,769 |   NaN | NaN | 0,00 | 0,00 | NaN
  56 |  0,00 | 0,989 | 520,84 | 520,84 | 558,93 |  0,00 | 0,090 | 44,35 | 44,35 |  0,00 | 0,783 | 223,21 | 223,21 |  0,00 | 1,092 | 224,67 | 224,67 |  0,00 | 32,343 | 28,62 | 28,62 | 88,481 |   NaN | NaN | 0,00 | 0,00 | NaN
  57 |  0,00 | 1,115 | 523,44 | 523,44 | 561,51 |  0,00 | 0,087 | 44,35 | 44,35 |  0,00 | 0,868 | 224,98 | 224,98 |  0,00 | 1,096 | 225,49 | 225,49 |  0,00 | 39,194 | 28,62 | 28,62 | 94,660 |   NaN | NaN | 0,00 | 0,00 | NaN
  58 |  0,00 | 1,157 | 522,91 | 522,91 | 561,42 |  0,00 | 0,116 | 44,35 | 44,35 |  0,00 | 0,890 | 224,58 | 224,58 |  0,00 | 1,181 | 225,37 | 225,37 |  0,00 | 39,302 | 28,62 | 28,62 | 97,312 |   NaN | NaN | 0,00 | 0,00 | NaN
  59 |  0,00 | 0,336 | 526,62 | 526,62 | 567,78 |  0,00 | 0,135 | 44,35 | 44,35 |  0,00 | 0,235 | 225,75 | 225,75 |  0,00 | 0,324 | 227,91 | 227,91 |  0,00 | 8,669 | 28,62 | 28,62 | 37,734 |   NaN | NaN | 0,00 | 0,00 | NaN
  60 |  0,00 | 0,899 | 522,98 | 522,98 | 560,50 |  0,00 | 0,071 | 44,35 | 44,35 |  0,00 | 0,623 | 225,41 | 225,41 |  0,00 | 0,992 | 224,61 | 224,61 |  0,00 | 31,113 | 28,62 | 28,62 | 84,363 |   NaN | NaN | 0,00 | 0,00 | NaN
  61 |  0,00 | 0,689 | 524,53 | 524,53 | 562,71 |  0,00 | 0,092 | 44,35 | 44,35 |  0,00 | 0,462 | 225,40 | 225,40 |  0,00 | 0,681 | 226,16 | 226,16 |  0,00 | 24,017 | 28,62 | 28,62 | 69,144 |   NaN | NaN | 0,00 | 0,00 | NaN
  62 |  0,00 | 1,089 | 525,04 | 525,04 | 573,48 |  0,00 | 0,154 | 44,35 | 44,35 |  0,00 | 0,889 | 226,24 | 226,24 |  0,00 | 1,063 | 225,83 | 225,83 |  0,00 | 35,531 | 28,62 | 28,62 | 94,444 |   NaN | NaN | 0,00 | 0,00 | NaN
  63 |  0,00 | 0,389 | 524,48 | 524,48 | 562,94 |  0,00 | 0,109 | 44,35 | 44,35 |  0,00 | 0,235 | 226,27 | 226,27 |  0,00 | 0,419 | 225,24 | 225,24 |  0,00 | 11,530 | 28,62 | 28,62 | 43,972 |   NaN | NaN | 0,00 | 0,00 | NaN
  64 |  0,00 | 0,736 | 519,81 | 519,81 | 568,05 |  0,00 | 0,152 | 44,35 | 44,35 |  0,00 | 0,512 | 222,67 | 222,67 |  0,00 | 0,675 | 224,17 | 224,17 |  0,00 | 24,290 | 28,62 | 28,62 | 71,036 |   NaN | NaN | 0,00 | 0,00 | NaN

= = = = = = = = = = = = AVERAGE RESULTS system = = = = = = = = = = = =
meanPLR_system | 0,000000 
meanDelay_system | 0,578696 
meanLoad_system | 523,006116 
meanTHR_system | 523,006116 
meanGate_system | 563,394978 

meanPLR_EF_system | 0,000000 
meanPLR_AF_system | 0,000000 
meanPLR_BE_system | 0,000000 
meanPLR_FLA_system | 0,000000 
meanPLR_FLB_system | NaN 

meanTHR_EF_system | 44,352002 
meanTHR_AF_system | 225,217834 
meanTHR_BE_system | 224,820807 
meanTHR_FLA_system | 29,036996 
meanTHR_FLB_system | 0,000000 

meanLoad_EF_system | 44,352002 
meanLoad_AF_system | 225,217834 
meanLoad_BE_system | 224,820807 
meanLoad_FLA_system | 29,036996 
meanLoad_FLB_system | 0,000000 

meanDELAY_EF_system | 0,114097 
meanDELAY_AF_system | 0,403235 
meanDELAY_BE_system | 0,596937 
meanDELAY_FLA_system | 18,340642 
meanDELAY_FLB_system | NaN 
meanDELAY_CompleteFLA_system | 57,685906 
meanDELAY_CompleteFLB_system | NaN 

= = = = = = = = = = = = AVERAGE RESULTS = = = = = = = = = = = =
Packet Loss Ratio: 00,00 (%)
PROCESSED PACKAGES: 2013759645 
DISCARTED PACKAGES: 0 
TOTAL PACKAGES: 2013759645 
AVERAGE DELAY: 88,10 (ms) 
AVERAGE THROUGHPUT: 523,01 (Mbps) 
GRANTED THROUGHPUT: 36057,28 (Mbps) By 64 ONUs
EFFECTIVE THROUGHPUT: 33472,39 (Mbps) By 64 ONUs
TOTAL LOAD: 33472,39 (Mbps) By 64 ONUs
ON Arrival THROUGHPUT: 0,00 (Mbps) By 64 ONUs
FINISHTIMEFL: 203,657428 
FINISHTIME: 206,657428 


fileName | IPACT_STRICTPRIORITY_5_28_60_0 
