
ONU ID 	|  PLR(%) | Delay(ms) | Throughput(Mbps) | Granted Throughput(Mbps) | Total Load (Mbps) 

  ID |  PLR(%) |  D  | Thr |  Gates  |  Load  | PLR-EF | D-EF | ThrEF | LoadEF | PLR-AF | D-AF | ThrAF | LoadAF | PLR-BE | D-BE | ThrBE | LoadBE | PLR-FA | D-FA | ThrFA | LoadFA | DTFA |  PLR-FB | D-FB | ThrFB | LoadFB | DTFB | 
   1 |  0,00 | 2,354 | 601,91 | 601,91 | 639,43 |  0,00 | 0,151 | 44,35 | 44,35 |  0,00 | 0,285 | 267,07 | 267,07 |  0,00 | 0,375 | 262,29 | 262,29 |  0,00 | 148,176 | 28,20 | 28,20 | 317,304 |   NaN | NaN | 0,00 | 0,00 | NaN
   2 |  0,00 | 15,351 | 599,29 | 599,29 | 641,23 |  0,00 | 0,163 | 44,35 | 44,35 |  0,00 | 0,182 | 265,66 | 265,66 |  0,00 | 0,245 | 261,08 | 261,08 |  0,00 | 1060,090 | 28,20 | 28,20 | 2140,546 |   NaN | NaN | 0,00 | 0,00 | NaN
   3 |  0,00 | 14,352 | 594,54 | 594,54 | 629,08 |  0,00 | 0,099 | 44,35 | 44,35 |  0,00 | 0,108 | 260,40 | 260,40 |  0,00 | 0,293 | 261,59 | 261,59 |  0,00 | 988,368 | 28,20 | 28,20 | 1996,987 |   NaN | NaN | 0,00 | 0,00 | NaN
   4 |  0,00 | 0,669 | 601,11 | 601,11 | 635,78 |  0,00 | 0,105 | 44,35 | 44,35 |  0,00 | 0,418 | 265,61 | 265,61 |  0,00 | 0,700 | 262,95 | 262,95 |  0,00 | 23,569 | 28,20 | 28,20 | 66,907 |   NaN | NaN | 0,00 | 0,00 | NaN
   5 |  0,00 | 21,618 | 594,24 | 594,24 | 629,16 |  0,00 | 0,131 | 44,35 | 44,35 |  0,00 | 0,138 | 261,62 | 261,62 |  0,00 | 0,259 | 260,06 | 260,06 |  0,00 | 1492,448 | 28,20 | 28,20 | 3005,125 |   NaN | NaN | 0,00 | 0,00 | NaN
   6 |  0,00 | 17,369 | 598,91 | 598,91 | 633,24 |  0,00 | 0,079 | 44,35 | 44,35 |  0,00 | 0,084 | 264,20 | 264,20 |  0,00 | 0,314 | 262,16 | 262,16 |  0,00 | 1203,987 | 28,20 | 28,20 | 2428,311 |   NaN | NaN | 0,00 | 0,00 | NaN
   7 |  0,00 | 5,844 | 597,63 | 597,63 | 632,19 |  0,00 | 0,098 | 44,35 | 44,35 |  0,00 | 0,105 | 262,03 | 262,03 |  0,00 | 0,296 | 263,05 | 263,05 |  0,00 | 397,521 | 28,20 | 28,20 | 815,426 |   NaN | NaN | 0,00 | 0,00 | NaN
   8 |  0,00 | 16,069 | 601,70 | 601,70 | 638,37 |  0,00 | 0,148 | 44,35 | 44,35 |  0,00 | 0,155 | 263,83 | 263,83 |  0,00 | 0,238 | 265,32 | 265,32 |  0,00 | 1113,954 | 28,20 | 28,20 | 2248,131 |   NaN | NaN | 0,00 | 0,00 | NaN
   9 |  0,00 | 9,992 | 598,95 | 598,95 | 633,47 |  0,00 | 0,087 | 44,35 | 44,35 |  0,00 | 0,094 | 262,95 | 262,95 |  0,00 | 0,308 | 263,45 | 263,45 |  0,00 | 688,209 | 28,20 | 28,20 | 1396,681 |   NaN | NaN | 0,00 | 0,00 | NaN
  10 |  0,00 | 1,748 | 597,76 | 597,76 | 634,62 |  0,00 | 0,148 | 44,35 | 44,35 |  0,00 | 0,339 | 263,60 | 263,60 |  0,00 | 0,500 | 261,61 | 261,61 |  0,00 | 102,288 | 28,20 | 28,20 | 224,076 |   NaN | NaN | 0,00 | 0,00 | NaN
  11 |  0,00 | 31,296 | 597,25 | 597,25 | 631,76 |  0,00 | 0,088 | 44,35 | 44,35 |  0,00 | 0,112 | 261,78 | 261,78 |  0,00 | 0,408 | 262,93 | 262,93 |  0,00 | 2171,471 | 28,20 | 28,20 | 4363,377 |   NaN | NaN | 0,00 | 0,00 | NaN
  12 |  0,00 | 18,337 | 598,35 | 598,35 | 635,67 |  0,00 | 0,150 | 44,35 | 44,35 |  0,00 | 0,157 | 262,24 | 262,24 |  0,00 | 0,234 | 263,56 | 263,56 |  0,00 | 1268,573 | 28,20 | 28,20 | 2557,345 |   NaN | NaN | 0,00 | 0,00 | NaN
  13 |  0,00 | 15,386 | 590,92 | 590,92 | 625,51 |  0,00 | 0,115 | 44,35 | 44,35 |  0,00 | 0,123 | 260,87 | 260,87 |  0,00 | 0,286 | 257,50 | 257,50 |  0,00 | 1055,971 | 28,20 | 28,20 | 2132,415 |   NaN | NaN | 0,00 | 0,00 | NaN
  14 |  0,00 | 21,544 | 600,99 | 600,99 | 640,10 |  0,00 | 0,156 | 44,35 | 44,35 |  0,00 | 0,160 | 263,71 | 263,71 |  0,00 | 0,230 | 264,73 | 264,73 |  0,00 | 1496,260 | 28,20 | 28,20 | 3012,827 |   NaN | NaN | 0,00 | 0,00 | NaN
  15 |  0,00 | 6,161 | 596,75 | 596,75 | 634,13 |  0,00 | 0,150 | 44,35 | 44,35 |  0,00 | 0,173 | 259,12 | 259,12 |  0,00 | 0,248 | 265,08 | 265,08 |  0,00 | 417,215 | 28,20 | 28,20 | 854,929 |   NaN | NaN | 0,00 | 0,00 | NaN
  16 |  0,00 | 12,232 | 603,76 | 603,76 | 639,39 |  0,00 | 0,141 | 44,35 | 44,35 |  0,00 | 0,147 | 264,52 | 264,52 |  0,00 | 0,243 | 266,69 | 266,69 |  0,00 | 847,013 | 28,20 | 28,20 | 1714,308 |   NaN | NaN | 0,00 | 0,00 | NaN
  17 |  0,00 | 11,516 | 598,80 | 598,80 | 637,30 |  0,00 | 0,154 | 44,35 | 44,35 |  0,00 | 0,159 | 264,17 | 264,17 |  0,00 | 0,229 | 262,08 | 262,08 |  0,00 | 792,614 | 28,20 | 28,20 | 1605,550 |   NaN | NaN | 0,00 | 0,00 | NaN
  18 |  0,00 | 33,925 | 595,64 | 595,64 | 630,50 |  0,00 | 0,131 | 44,35 | 44,35 |  0,00 | 0,144 | 262,13 | 262,13 |  0,00 | 0,264 | 260,97 | 260,97 |  0,00 | 2351,405 | 28,20 | 28,20 | 4722,893 |   NaN | NaN | 0,00 | 0,00 | NaN
  19 |  0,00 | 26,869 | 592,20 | 592,20 | 626,88 |  0,00 | 0,122 | 44,35 | 44,35 |  0,00 | 0,128 | 259,24 | 259,24 |  0,00 | 0,266 | 260,41 | 260,41 |  0,00 | 1854,618 | 28,20 | 28,20 | 3729,572 |   NaN | NaN | 0,00 | 0,00 | NaN
  20 |  0,00 | 32,002 | 592,08 | 592,08 | 626,71 |  0,00 | 0,117 | 44,35 | 44,35 |  0,00 | 0,177 | 262,38 | 262,38 |  0,00 | 0,336 | 257,15 | 257,15 |  0,00 | 2208,675 | 28,20 | 28,20 | 4437,923 |   NaN | NaN | 0,00 | 0,00 | NaN
  21 |  0,00 | 4,202 | 590,15 | 590,15 | 624,79 |  0,00 | 0,122 | 44,35 | 44,35 |  0,00 | 0,153 | 259,70 | 259,70 |  0,00 | 0,293 | 257,91 | 257,91 |  0,00 | 279,353 | 28,20 | 28,20 | 579,157 |   NaN | NaN | 0,00 | 0,00 | NaN
  22 |  0,00 | 22,819 | 601,11 | 601,11 | 641,98 |  0,00 | 0,161 | 44,35 | 44,35 |  0,00 | 0,166 | 267,22 | 267,22 |  0,00 | 0,227 | 261,34 | 261,34 |  0,00 | 1585,491 | 28,20 | 28,20 | 3191,269 |   NaN | NaN | 0,00 | 0,00 | NaN
  23 |  0,00 | 29,679 | 598,90 | 598,90 | 634,61 |  0,00 | 0,143 | 44,35 | 44,35 |  0,00 | 0,208 | 263,51 | 263,51 |  0,00 | 0,385 | 262,83 | 262,83 |  0,00 | 2058,651 | 28,20 | 28,20 | 4137,166 |   NaN | NaN | 0,00 | 0,00 | NaN
  24 |  0,00 | 15,447 | 602,06 | 602,06 | 636,59 |  0,00 | 0,104 | 44,35 | 44,35 |  0,00 | 0,115 | 263,98 | 263,98 |  0,00 | 0,291 | 265,52 | 265,52 |  0,00 | 1071,977 | 28,20 | 28,20 | 2164,459 |   NaN | NaN | 0,00 | 0,00 | NaN
  25 |  0,00 | 7,212 | 599,76 | 599,76 | 641,19 |  0,00 | 0,162 | 44,35 | 44,35 |  0,00 | 0,175 | 260,66 | 260,66 |  0,00 | 0,236 | 266,55 | 266,55 |  0,00 | 491,685 | 28,20 | 28,20 | 1003,720 |   NaN | NaN | 0,00 | 0,00 | NaN
  26 |  0,00 | 5,534 | 595,68 | 595,68 | 635,54 |  0,00 | 0,158 | 44,35 | 44,35 |  0,00 | 0,173 | 262,43 | 262,43 |  0,00 | 0,243 | 260,70 | 260,70 |  0,00 | 372,894 | 28,20 | 28,20 | 766,371 |   NaN | NaN | 0,00 | 0,00 | NaN
  27 |  0,00 | 34,309 | 595,46 | 595,46 | 629,93 |  0,00 | 0,085 | 44,35 | 44,35 |  0,00 | 0,093 | 263,54 | 263,54 |  0,00 | 0,312 | 259,37 | 259,37 |  0,00 | 2379,552 | 28,20 | 28,20 | 4779,512 |   NaN | NaN | 0,00 | 0,00 | NaN
  28 |  0,00 | 29,899 | 592,69 | 592,69 | 630,18 |  0,00 | 0,151 | 44,35 | 44,35 |  0,00 | 0,280 | 261,68 | 261,68 |  0,00 | 0,422 | 258,46 | 258,46 |  0,00 | 2059,407 | 28,20 | 28,20 | 4139,124 |   NaN | NaN | 0,00 | 0,00 | NaN
  29 |  0,00 | 30,888 | 598,08 | 598,08 | 632,89 |  0,00 | 0,130 | 44,35 | 44,35 |  0,00 | 0,209 | 261,48 | 261,48 |  0,00 | 0,369 | 264,05 | 264,05 |  0,00 | 2141,945 | 28,20 | 28,20 | 4304,406 |   NaN | NaN | 0,00 | 0,00 | NaN
  30 |  0,00 | 32,890 | 596,67 | 596,67 | 637,59 |  0,00 | 0,161 | 44,35 | 44,35 |  0,00 | 0,166 | 261,65 | 261,65 |  0,00 | 0,225 | 262,47 | 262,47 |  0,00 | 2280,982 | 28,20 | 28,20 | 4582,125 |   NaN | NaN | 0,00 | 0,00 | NaN
  31 |  0,00 | 29,697 | 596,17 | 596,17 | 630,90 |  0,00 | 0,128 | 44,35 | 44,35 |  0,00 | 0,174 | 263,03 | 263,03 |  0,00 | 0,417 | 260,59 | 260,59 |  0,00 | 2055,021 | 28,20 | 28,20 | 4130,215 |   NaN | NaN | 0,00 | 0,00 | NaN
  32 |  0,00 | 31,332 | 599,73 | 599,73 | 634,25 |  0,00 | 0,084 | 44,35 | 44,35 |  0,00 | 0,140 | 263,02 | 263,02 |  0,00 | 0,371 | 264,16 | 264,16 |  0,00 | 2179,285 | 28,20 | 28,20 | 4378,981 |   NaN | NaN | 0,00 | 0,00 | NaN
  33 |  0,00 | 32,411 | 594,96 | 594,96 | 632,00 |  0,00 | 0,149 | 44,35 | 44,35 |  0,00 | 0,204 | 260,76 | 260,76 |  0,00 | 0,298 | 261,64 | 261,64 |  0,00 | 2242,578 | 28,20 | 28,20 | 4505,452 |   NaN | NaN | 0,00 | 0,00 | NaN
  34 |  0,00 | 35,431 | 596,55 | 596,55 | 632,02 |  0,00 | 0,141 | 44,35 | 44,35 |  0,00 | 0,149 | 261,41 | 261,41 |  0,00 | 0,247 | 262,59 | 262,59 |  0,00 | 2458,757 | 28,20 | 28,20 | 4937,649 |   NaN | NaN | 0,00 | 0,00 | NaN
  35 |  0,00 | 36,456 | 599,89 | 599,89 | 634,39 |  0,00 | 0,090 | 44,35 | 44,35 |  0,00 | 0,093 | 263,68 | 263,68 |  0,00 | 0,303 | 263,66 | 263,66 |  0,00 | 2539,626 | 28,20 | 28,20 | 5099,542 |   NaN | NaN | 0,00 | 0,00 | NaN
  36 |  0,00 | 34,828 | 595,99 | 595,99 | 631,88 |  0,00 | 0,143 | 44,35 | 44,35 |  0,00 | 0,149 | 260,55 | 260,55 |  0,00 | 0,243 | 262,89 | 262,89 |  0,00 | 2415,252 | 28,20 | 28,20 | 4850,753 |   NaN | NaN | 0,00 | 0,00 | NaN
  37 |  0,00 | 31,400 | 601,17 | 601,17 | 635,83 |  0,00 | 0,126 | 44,35 | 44,35 |  0,00 | 0,169 | 265,78 | 265,78 |  0,00 | 0,340 | 262,84 | 262,84 |  0,00 | 2185,447 | 28,20 | 28,20 | 4391,248 |   NaN | NaN | 0,00 | 0,00 | NaN
  38 |  0,00 | 33,067 | 601,69 | 601,69 | 636,27 |  0,00 | 0,117 | 44,35 | 44,35 |  0,00 | 0,128 | 264,49 | 264,49 |  0,00 | 0,276 | 264,65 | 264,65 |  0,00 | 2305,631 | 28,20 | 28,20 | 4631,602 |   NaN | NaN | 0,00 | 0,00 | NaN
  39 |  0,00 | 32,371 | 591,98 | 591,98 | 632,81 |  0,00 | 0,160 | 44,35 | 44,35 |  0,00 | 0,181 | 261,28 | 261,28 |  0,00 | 0,263 | 258,14 | 258,14 |  0,00 | 2233,851 | 28,20 | 28,20 | 4488,309 |   NaN | NaN | 0,00 | 0,00 | NaN
  40 |  0,00 | 34,353 | 591,19 | 591,19 | 632,04 |  0,00 | 0,160 | 44,35 | 44,35 |  0,00 | 0,175 | 261,52 | 261,52 |  0,00 | 0,239 | 257,11 | 257,11 |  0,00 | 2369,998 | 28,20 | 28,20 | 4760,151 |   NaN | NaN | 0,00 | 0,00 | NaN
  41 |  0,00 | 30,243 | 601,25 | 601,25 | 637,24 |  0,00 | 0,143 | 44,35 | 44,35 |  0,00 | 0,217 | 262,30 | 262,30 |  0,00 | 0,366 | 266,40 | 266,40 |  0,00 | 2102,962 | 28,20 | 28,20 | 4226,229 |   NaN | NaN | 0,00 | 0,00 | NaN
  42 |  0,00 | 30,843 | 600,07 | 600,07 | 634,61 |  0,00 | 0,089 | 44,35 | 44,35 |  0,00 | 0,164 | 263,13 | 263,13 |  0,00 | 0,492 | 264,40 | 264,40 |  0,00 | 2142,984 | 28,20 | 28,20 | 4306,400 |   NaN | NaN | 0,00 | 0,00 | NaN
  43 |  0,00 | 31,974 | 602,74 | 602,74 | 642,80 |  0,00 | 0,168 | 44,35 | 44,35 |  0,00 | 0,194 | 265,58 | 265,58 |  0,00 | 0,242 | 264,61 | 264,61 |  0,00 | 2229,051 | 28,20 | 28,20 | 4478,650 |   NaN | NaN | 0,00 | 0,00 | NaN
  44 |  0,00 | 30,087 | 599,91 | 599,91 | 634,31 |  0,00 | 0,080 | 44,35 | 44,35 |  0,00 | 0,145 | 263,42 | 263,42 |  0,00 | 0,518 | 263,93 | 263,93 |  0,00 | 2089,991 | 28,20 | 28,20 | 4200,383 |   NaN | NaN | 0,00 | 0,00 | NaN
  45 |  0,00 | 30,771 | 598,76 | 598,76 | 641,24 |  0,00 | 0,164 | 44,35 | 44,35 |  0,00 | 0,227 | 265,24 | 265,24 |  0,00 | 0,446 | 260,97 | 260,97 |  0,00 | 2132,357 | 28,20 | 28,20 | 4285,026 |   NaN | NaN | 0,00 | 0,00 | NaN
  46 |  0,00 | 31,850 | 598,14 | 598,14 | 632,67 |  0,00 | 0,103 | 44,35 | 44,35 |  0,00 | 0,122 | 262,59 | 262,59 |  0,00 | 0,316 | 263,00 | 263,00 |  0,00 | 2212,719 | 28,20 | 28,20 | 4445,897 |   NaN | NaN | 0,00 | 0,00 | NaN
  47 |  0,00 | 29,391 | 598,05 | 598,05 | 632,56 |  0,00 | 0,101 | 44,35 | 44,35 |  0,00 | 0,196 | 264,87 | 264,87 |  0,00 | 0,458 | 260,63 | 260,63 |  0,00 | 2037,012 | 28,20 | 28,20 | 4094,108 |   NaN | NaN | 0,00 | 0,00 | NaN
  48 |  0,00 | 30,089 | 595,64 | 595,64 | 630,49 |  0,00 | 0,131 | 44,35 | 44,35 |  0,00 | 0,207 | 262,04 | 262,04 |  0,00 | 0,403 | 261,05 | 261,05 |  0,00 | 2080,738 | 28,20 | 28,20 | 4181,754 |   NaN | NaN | 0,00 | 0,00 | NaN
  49 |  0,00 | 29,364 | 596,98 | 596,98 | 632,82 |  0,00 | 0,143 | 44,35 | 44,35 |  0,00 | 0,251 | 263,51 | 263,51 |  0,00 | 0,333 | 260,92 | 260,92 |  0,00 | 2033,006 | 28,20 | 28,20 | 4085,988 |   NaN | NaN | 0,00 | 0,00 | NaN
  50 |  0,00 | 32,002 | 598,98 | 598,98 | 633,52 |  0,00 | 0,097 | 44,35 | 44,35 |  0,00 | 0,117 | 265,09 | 265,09 |  0,00 | 0,326 | 261,34 | 261,34 |  0,00 | 2225,248 | 28,20 | 28,20 | 4471,045 |   NaN | NaN | 0,00 | 0,00 | NaN
  51 |  0,00 | 30,252 | 599,07 | 599,07 | 633,59 |  0,00 | 0,095 | 44,35 | 44,35 |  0,00 | 0,132 | 262,20 | 262,20 |  0,00 | 0,441 | 264,32 | 264,32 |  0,00 | 2101,016 | 28,20 | 28,20 | 4222,389 |   NaN | NaN | 0,00 | 0,00 | NaN
  52 |  0,00 | 30,702 | 594,08 | 594,08 | 628,76 |  0,00 | 0,122 | 44,35 | 44,35 |  0,00 | 0,246 | 258,75 | 258,75 |  0,00 | 0,481 | 262,77 | 262,77 |  0,00 | 2118,697 | 28,20 | 28,20 | 4257,699 |   NaN | NaN | 0,00 | 0,00 | NaN
  53 |  0,00 | 31,492 | 599,10 | 599,10 | 633,64 |  0,00 | 0,109 | 44,35 | 44,35 |  0,00 | 0,161 | 263,63 | 263,63 |  0,00 | 0,412 | 262,92 | 262,92 |  0,00 | 2187,180 | 28,20 | 28,20 | 4394,866 |   NaN | NaN | 0,00 | 0,00 | NaN
  54 |  0,00 | 30,903 | 594,52 | 594,52 | 629,07 |  0,00 | 0,112 | 44,35 | 44,35 |  0,00 | 0,197 | 262,76 | 262,76 |  0,00 | 0,414 | 259,20 | 259,20 |  0,00 | 2135,885 | 28,20 | 28,20 | 4292,118 |   NaN | NaN | 0,00 | 0,00 | NaN
  55 |  0,00 | 33,112 | 596,66 | 596,66 | 631,20 |  0,00 | 0,097 | 44,35 | 44,35 |  0,00 | 0,102 | 261,45 | 261,45 |  0,00 | 0,295 | 262,66 | 262,66 |  0,00 | 2298,620 | 28,20 | 28,20 | 4617,583 |   NaN | NaN | 0,00 | 0,00 | NaN
  56 |  0,00 | 30,092 | 594,80 | 594,80 | 629,35 |  0,00 | 0,102 | 44,35 | 44,35 |  0,00 | 0,209 | 260,56 | 260,56 |  0,00 | 0,476 | 261,69 | 261,69 |  0,00 | 2079,364 | 28,20 | 28,20 | 4179,120 |   NaN | NaN | 0,00 | 0,00 | NaN
  57 |  0,00 | 29,594 | 598,32 | 598,32 | 632,86 |  0,00 | 0,099 | 44,35 | 44,35 |  0,00 | 0,197 | 262,51 | 262,51 |  0,00 | 0,422 | 263,26 | 263,26 |  0,00 | 2052,627 | 28,20 | 28,20 | 4125,509 |   NaN | NaN | 0,00 | 0,00 | NaN
  58 |  0,00 | 29,788 | 597,52 | 597,52 | 632,28 |  0,00 | 0,128 | 44,35 | 44,35 |  0,00 | 0,224 | 261,93 | 261,93 |  0,00 | 0,387 | 263,04 | 263,04 |  0,00 | 2063,771 | 28,20 | 28,20 | 4147,530 |   NaN | NaN | 0,00 | 0,00 | NaN
  59 |  0,00 | 35,035 | 601,42 | 601,42 | 637,99 |  0,00 | 0,147 | 44,35 | 44,35 |  0,00 | 0,153 | 263,11 | 263,11 |  0,00 | 0,239 | 265,76 | 265,76 |  0,00 | 2442,260 | 28,20 | 28,20 | 4904,753 |   NaN | NaN | 0,00 | 0,00 | NaN
  60 |  0,00 | 30,319 | 596,85 | 596,85 | 631,27 |  0,00 | 0,082 | 44,35 | 44,35 |  0,00 | 0,180 | 262,76 | 262,76 |  0,00 | 0,520 | 261,53 | 261,53 |  0,00 | 2099,359 | 28,20 | 28,20 | 4219,104 |   NaN | NaN | 0,00 | 0,00 | NaN
  61 |  0,00 | 31,618 | 599,78 | 599,78 | 634,32 |  0,00 | 0,104 | 44,35 | 44,35 |  0,00 | 0,159 | 263,21 | 263,21 |  0,00 | 0,376 | 264,01 | 264,01 |  0,00 | 2198,153 | 28,20 | 28,20 | 4416,700 |   NaN | NaN | 0,00 | 0,00 | NaN
  62 |  0,00 | 30,076 | 599,68 | 599,68 | 642,88 |  0,00 | 0,166 | 44,35 | 44,35 |  0,00 | 0,200 | 263,79 | 263,79 |  0,00 | 0,385 | 263,34 | 263,34 |  0,00 | 2087,485 | 28,20 | 28,20 | 4195,277 |   NaN | NaN | 0,00 | 0,00 | NaN
  63 |  0,00 | 32,813 | 599,18 | 599,18 | 633,82 |  0,00 | 0,121 | 44,35 | 44,35 |  0,00 | 0,135 | 263,78 | 263,78 |  0,00 | 0,276 | 262,86 | 262,86 |  0,00 | 2282,085 | 28,20 | 28,20 | 4584,323 |   NaN | NaN | 0,00 | 0,00 | NaN
  64 |  0,00 | 30,954 | 594,53 | 594,53 | 637,40 |  0,00 | 0,165 | 44,35 | 44,35 |  0,00 | 0,242 | 259,89 | 259,89 |  0,00 | 0,380 | 262,08 | 262,08 |  0,00 | 2137,401 | 28,20 | 28,20 | 4295,121 |   NaN | NaN | 0,00 | 0,00 | NaN

= = = = = = = = = = = = AVERAGE RESULTS system = = = = = = = = = = = =
meanPLR_system | 0,000000 
meanDelay_system | 25,034753 
meanLoad_system | 597,636125 
meanTHR_system | 597,636125 
meanGate_system | 633,951599 

meanPLR_EF_system | 0,000000 
meanPLR_AF_system | 0,000000 
meanPLR_BE_system | 0,000000 
meanPLR_FLA_system | 0,000000 
meanPLR_FLB_system | NaN 

meanTHR_EF_system | 44,352002 
meanTHR_AF_system | 262,759382 
meanTHR_BE_system | 262,324890 
meanTHR_FLA_system | 28,609131 
meanTHR_FLB_system | 0,000000 

meanLoad_EF_system | 44,352002 
meanLoad_AF_system | 262,759382 
meanLoad_BE_system | 262,324890 
meanLoad_FLA_system | 28,609131 
meanLoad_FLB_system | 0,000000 

meanDELAY_EF_system | 0,126195 
meanDELAY_AF_system | 0,172904 
meanDELAY_BE_system | 0,338647 
meanDELAY_FLA_system | 1733,746581 
meanDELAY_FLB_system | NaN 
meanDELAY_CompleteFLA_system | 3487,803346 
meanDELAY_CompleteFLB_system | NaN 

= = = = = = = = = = = = AVERAGE RESULTS = = = = = = = = = = = =
Packet Loss Ratio: 00,00 (%)
PROCESSED PACKAGES: 2201150852 
DISCARTED PACKAGES: 0 
TOTAL PACKAGES: 2201150852 
AVERAGE DELAY: 4105,36 (ms) 
AVERAGE THROUGHPUT: 597,64 (Mbps) 
GRANTED THROUGHPUT: 40572,90 (Mbps) By 64 ONUs
EFFECTIVE THROUGHPUT: 38248,71 (Mbps) By 64 ONUs
TOTAL LOAD: 38248,71 (Mbps) By 64 ONUs
ON Arrival THROUGHPUT: 0,00 (Mbps) By 64 ONUs
FINISHTIMEFL: 206,703236 
FINISHTIME: 209,703236 


fileName | IPACT_LEAKYBUCKET_5_28_70_0 
