
ONU ID 	|  PLR(%) | Delay(ms) | Throughput(Mbps) | Granted Throughput(Mbps) | Total Load (Mbps) 

  ID |  PLR(%) |  D  | Thr |  Gates  |  Load  | PLR-EF | D-EF | ThrEF | LoadEF | PLR-AF | D-AF | ThrAF | LoadAF | PLR-BE | D-BE | ThrBE | LoadBE | PLR-FA | D-FA | ThrFA | LoadFA | DTFA |  PLR-FB | D-FB | ThrFB | LoadFB | DTFB | 
   1 |  0,00 | 4,989 | 712,63 | 712,63 | 726,25 |  0,00 | 0,759 | 44,35 | 44,35 |  0,00 | 4,038 | 306,45 | 306,45 |  0,00 | 7,027 | 295,19 | 295,19 |  0,00 | 56,530 | 66,65 | 66,65 | 128,672 |   NaN | NaN | 0,00 | 0,00 | NaN
   2 |  0,00 | 17,892 | 712,01 | 712,01 | 727,06 |  0,00 | 0,771 | 44,35 | 44,35 |  0,00 | 9,519 | 299,59 | 299,59 |  0,00 | 37,702 | 301,42 | 301,42 |  0,00 | 164,187 | 66,65 | 66,65 | 455,316 |   NaN | NaN | 0,00 | 0,00 | NaN
   3 |  0,00 | 17,125 | 713,94 | 713,94 | 726,81 |  0,00 | 0,708 | 44,35 | 44,35 |  0,00 | 8,277 | 302,00 | 302,00 |  0,00 | 35,131 | 300,94 | 300,94 |  0,00 | 173,548 | 66,65 | 66,65 | 482,505 |   NaN | NaN | 0,00 | 0,00 | NaN
   4 |  0,00 | 3,977 | 716,10 | 716,10 | 729,02 |  0,00 | 0,713 | 44,35 | 44,35 |  0,00 | 2,894 | 305,29 | 305,29 |  0,00 | 5,766 | 299,81 | 299,81 |  0,00 | 44,722 | 66,65 | 66,65 | 104,219 |   NaN | NaN | 0,00 | 0,00 | NaN
   5 |  0,00 | 22,059 | 708,70 | 708,70 | 721,59 |  0,00 | 0,739 | 44,35 | 44,35 |  0,00 | 3,485 | 300,08 | 300,08 |  0,00 | 46,978 | 297,62 | 297,62 |  0,00 | 274,002 | 66,65 | 66,65 | 802,963 |   NaN | NaN | 0,00 | 0,00 | NaN
   6 |  0,00 | 18,666 | 716,50 | 716,50 | 729,32 |  0,00 | 0,687 | 44,35 | 44,35 |  0,00 | 6,616 | 303,70 | 303,70 |  0,00 | 41,268 | 301,81 | 301,81 |  0,00 | 185,718 | 66,65 | 66,65 | 539,861 |   NaN | NaN | 0,00 | 0,00 | NaN
   7 |  0,00 | 8,010 | 711,38 | 711,38 | 724,33 |  0,00 | 0,706 | 44,35 | 44,35 |  0,00 | 6,847 | 301,53 | 301,53 |  0,00 | 13,592 | 298,85 | 298,85 |  0,00 | 74,914 | 66,65 | 66,65 | 166,487 |   NaN | NaN | 0,00 | 0,00 | NaN
   8 |  0,00 | 18,925 | 714,95 | 714,95 | 728,27 |  0,00 | 0,756 | 44,35 | 44,35 |  0,00 | 9,270 | 300,14 | 300,14 |  0,00 | 40,929 | 303,81 | 303,81 |  0,00 | 170,953 | 66,65 | 66,65 | 491,463 |   NaN | NaN | 0,00 | 0,00 | NaN
   9 |  0,00 | 11,964 | 713,59 | 713,59 | 726,51 |  0,00 | 0,695 | 44,35 | 44,35 |  0,00 | 9,056 | 303,23 | 303,23 |  0,00 | 22,610 | 299,36 | 299,36 |  0,00 | 107,467 | 66,65 | 66,65 | 270,510 |   NaN | NaN | 0,00 | 0,00 | NaN
  10 |  0,00 | 4,925 | 711,70 | 711,70 | 725,06 |  0,00 | 0,756 | 44,35 | 44,35 |  0,00 | 3,750 | 300,55 | 300,55 |  0,00 | 7,341 | 300,15 | 300,15 |  0,00 | 53,849 | 66,65 | 66,65 | 123,611 |   NaN | NaN | 0,00 | 0,00 | NaN
  11 |  0,00 | 22,326 | 704,70 | 704,70 | 717,54 |  0,00 | 0,696 | 44,35 | 44,35 |  0,00 | 1,093 | 293,58 | 293,58 |  0,00 | 33,989 | 300,13 | 300,13 |  0,00 | 408,123 | 66,65 | 66,65 | 1250,062 |   NaN | NaN | 0,00 | 0,00 | NaN
  12 |  0,00 | 21,091 | 713,10 | 713,10 | 726,58 |  0,00 | 0,758 | 44,35 | 44,35 |  0,00 | 6,645 | 301,06 | 301,06 |  0,00 | 47,163 | 301,04 | 301,04 |  0,00 | 212,033 | 66,65 | 66,65 | 617,936 |   NaN | NaN | 0,00 | 0,00 | NaN
  13 |  0,00 | 17,312 | 703,59 | 703,59 | 716,42 |  0,00 | 0,723 | 44,35 | 44,35 |  0,00 | 8,401 | 296,21 | 296,21 |  0,00 | 36,461 | 296,39 | 296,39 |  0,00 | 167,970 | 66,65 | 66,65 | 471,543 |   NaN | NaN | 0,00 | 0,00 | NaN
  14 |  0,00 | 20,616 | 713,63 | 713,63 | 727,66 |  0,00 | 0,764 | 44,35 | 44,35 |  0,00 | 1,821 | 302,20 | 302,20 |  0,00 | 41,952 | 300,43 | 300,43 |  0,00 | 283,123 | 66,65 | 66,65 | 816,928 |   NaN | NaN | 0,00 | 0,00 | NaN
  15 |  0,00 | 7,827 | 709,44 | 709,44 | 723,04 |  0,00 | 0,758 | 44,35 | 44,35 |  0,00 | 6,530 | 296,28 | 296,28 |  0,00 | 13,151 | 302,16 | 302,16 |  0,00 | 73,996 | 66,65 | 66,65 | 176,953 |   NaN | NaN | 0,00 | 0,00 | NaN
  16 |  0,00 | 13,737 | 716,63 | 716,63 | 729,80 |  0,00 | 0,750 | 44,35 | 44,35 |  0,00 | 8,810 | 300,65 | 300,65 |  0,00 | 26,899 | 304,98 | 304,98 |  0,00 | 127,326 | 66,65 | 66,65 | 329,062 |   NaN | NaN | 0,00 | 0,00 | NaN
  17 |  0,00 | 13,770 | 714,40 | 714,40 | 728,35 |  0,00 | 0,762 | 44,35 | 44,35 |  0,00 | 8,887 | 300,60 | 300,60 |  0,00 | 27,100 | 302,80 | 302,80 |  0,00 | 126,602 | 66,65 | 66,65 | 335,092 |   NaN | NaN | 0,00 | 0,00 | NaN
  18 |  0,00 | 15,178 | 710,22 | 710,22 | 723,11 |  0,00 | 0,739 | 44,35 | 44,35 |  0,00 | 0,976 | 298,77 | 298,77 |  0,00 | 15,767 | 300,45 | 300,45 |  0,00 | 336,098 | 66,65 | 66,65 | 1249,066 |   NaN | NaN | 0,00 | 0,00 | NaN
  19 |  0,00 | 23,050 | 706,08 | 706,08 | 718,96 |  0,00 | 0,730 | 44,35 | 44,35 |  0,00 | 1,588 | 296,05 | 296,05 |  0,00 | 43,412 | 299,03 | 299,03 |  0,00 | 348,843 | 66,65 | 66,65 | 1023,729 |   NaN | NaN | 0,00 | 0,00 | NaN
  20 |  0,00 | 21,036 | 707,36 | 707,36 | 720,22 |  0,00 | 0,726 | 44,35 | 44,35 |  0,00 | 0,841 | 301,07 | 301,07 |  0,00 | 27,628 | 295,30 | 295,30 |  0,00 | 427,579 | 66,65 | 66,65 | 1320,468 |   NaN | NaN | 0,00 | 0,00 | NaN
  21 |  0,00 | 6,037 | 702,77 | 702,77 | 715,71 |  0,00 | 0,730 | 44,35 | 44,35 |  0,00 | 4,958 | 296,25 | 296,25 |  0,00 | 9,434 | 295,52 | 295,52 |  0,00 | 62,371 | 66,65 | 66,65 | 142,503 |   NaN | NaN | 0,00 | 0,00 | NaN
  22 |  0,00 | 21,435 | 718,13 | 718,13 | 732,75 |  0,00 | 0,769 | 44,35 | 44,35 |  0,00 | 2,767 | 308,42 | 308,42 |  0,00 | 43,778 | 298,71 | 298,71 |  0,00 | 290,216 | 66,65 | 66,65 | 846,686 |   NaN | NaN | 0,00 | 0,00 | NaN
  23 |  0,00 | 28,709 | 714,64 | 714,64 | 727,76 |  0,00 | 0,751 | 44,35 | 44,35 |  0,00 | 1,179 | 302,96 | 302,96 |  0,00 | 59,042 | 300,68 | 300,68 |  0,00 | 405,252 | 66,65 | 66,65 | 1194,565 |   NaN | NaN | 0,00 | 0,00 | NaN
  24 |  0,00 | 17,937 | 711,79 | 711,79 | 724,63 |  0,00 | 0,712 | 44,35 | 44,35 |  0,00 | 9,234 | 299,28 | 299,28 |  0,00 | 39,664 | 301,52 | 301,52 |  0,00 | 151,962 | 66,65 | 66,65 | 425,587 |   NaN | NaN | 0,00 | 0,00 | NaN
  25 |  0,00 | 8,885 | 720,74 | 720,74 | 735,75 |  0,00 | 0,770 | 44,35 | 44,35 |  0,00 | 6,935 | 300,71 | 300,71 |  0,00 | 15,971 | 309,03 | 309,03 |  0,00 | 79,310 | 66,65 | 66,65 | 188,026 |   NaN | NaN | 0,00 | 0,00 | NaN
  26 |  0,00 | 7,691 | 709,16 | 709,16 | 723,67 |  0,00 | 0,766 | 44,35 | 44,35 |  0,00 | 7,103 | 298,83 | 298,83 |  0,00 | 12,245 | 299,34 | 299,34 |  0,00 | 72,861 | 66,65 | 66,65 | 169,360 |   NaN | NaN | 0,00 | 0,00 | NaN
  27 |  0,00 | 13,491 | 706,52 | 706,52 | 719,39 |  0,00 | 0,693 | 44,35 | 44,35 |  0,00 | 0,983 | 299,91 | 299,91 |  0,00 | 11,226 | 295,61 | 295,61 |  0,00 | 321,043 | 66,65 | 66,65 | 1252,095 |   NaN | NaN | 0,00 | 0,00 | NaN
  28 |  0,00 | 23,193 | 704,86 | 704,86 | 718,43 |  0,00 | 0,759 | 44,35 | 44,35 |  0,00 | 1,766 | 299,82 | 299,82 |  0,00 | 36,963 | 294,04 | 294,04 |  0,00 | 410,138 | 66,65 | 66,65 | 1209,005 |   NaN | NaN | 0,00 | 0,00 | NaN
  29 |  0,00 | 26,049 | 715,50 | 715,50 | 728,38 |  0,00 | 0,738 | 44,35 | 44,35 |  0,00 | 1,179 | 302,85 | 302,85 |  0,00 | 46,056 | 301,65 | 301,65 |  0,00 | 429,476 | 66,65 | 66,65 | 1288,781 |   NaN | NaN | 0,00 | 0,00 | NaN
  30 |  0,00 | 18,617 | 708,18 | 708,18 | 722,94 |  0,00 | 0,769 | 44,35 | 44,35 |  0,00 | 1,086 | 298,26 | 298,26 |  0,00 | 21,064 | 298,92 | 298,92 |  0,00 | 400,223 | 66,65 | 66,65 | 1317,642 |   NaN | NaN | 0,00 | 0,00 | NaN
  31 |  0,00 | 24,251 | 708,53 | 708,53 | 721,40 |  0,00 | 0,736 | 44,35 | 44,35 |  0,00 | 1,238 | 298,10 | 298,10 |  0,00 | 43,830 | 299,43 | 299,43 |  0,00 | 387,685 | 66,65 | 66,65 | 1156,720 |   NaN | NaN | 0,00 | 0,00 | NaN
  32 |  0,00 | 25,025 | 708,68 | 708,68 | 721,52 |  0,00 | 0,692 | 44,35 | 44,35 |  0,00 | 1,457 | 298,00 | 298,00 |  0,00 | 40,745 | 299,68 | 299,68 |  0,00 | 437,316 | 66,65 | 66,65 | 1327,861 |   NaN | NaN | 0,00 | 0,00 | NaN
  33 |  0,00 | 20,134 | 707,18 | 707,18 | 720,63 |  0,00 | 0,757 | 44,35 | 44,35 |  0,00 | 1,132 | 296,62 | 296,62 |  0,00 | 27,631 | 299,56 | 299,56 |  0,00 | 392,333 | 66,65 | 66,65 | 1254,228 |   NaN | NaN | 0,00 | 0,00 | NaN
  34 |  0,00 | 9,355 | 703,33 | 703,33 | 716,40 |  0,00 | 0,749 | 44,35 | 44,35 |  0,00 | 0,853 | 299,31 | 299,31 |  0,00 | 3,881 | 293,03 | 293,03 |  0,00 | 249,383 | 66,65 | 66,65 | 1146,302 |   NaN | NaN | 0,00 | 0,00 | NaN
  35 |  0,00 | 6,268 | 713,41 | 713,41 | 726,24 |  0,00 | 0,698 | 44,35 | 44,35 |  0,00 | 0,723 | 301,58 | 301,58 |  0,00 | 2,798 | 300,84 | 300,84 |  0,00 | 162,497 | 66,65 | 66,65 | 892,714 |   NaN | NaN | 0,00 | 0,00 | NaN
  36 |  0,00 | 12,077 | 706,06 | 706,06 | 719,22 |  0,00 | 0,751 | 44,35 | 44,35 |  0,00 | 0,968 | 295,21 | 295,21 |  0,00 | 9,194 | 299,85 | 299,85 |  0,00 | 290,770 | 66,65 | 66,65 | 1214,261 |   NaN | NaN | 0,00 | 0,00 | NaN
  37 |  0,00 | 22,786 | 716,31 | 716,31 | 729,17 |  0,00 | 0,734 | 44,35 | 44,35 |  0,00 | 1,417 | 304,65 | 304,65 |  0,00 | 34,542 | 300,67 | 300,67 |  0,00 | 421,426 | 66,65 | 66,65 | 1281,208 |   NaN | NaN | 0,00 | 0,00 | NaN
  38 |  0,00 | 16,081 | 709,60 | 709,60 | 722,48 |  0,00 | 0,725 | 44,35 | 44,35 |  0,00 | 1,227 | 300,89 | 300,89 |  0,00 | 15,045 | 297,71 | 297,71 |  0,00 | 370,195 | 66,65 | 66,65 | 1277,752 |   NaN | NaN | 0,00 | 0,00 | NaN
  39 |  0,00 | 18,334 | 704,65 | 704,65 | 719,38 |  0,00 | 0,768 | 44,35 | 44,35 |  0,00 | 1,362 | 297,63 | 297,63 |  0,00 | 19,463 | 296,03 | 296,03 |  0,00 | 402,200 | 66,65 | 66,65 | 1264,681 |   NaN | NaN | 0,00 | 0,00 | NaN
  40 |  0,00 | 14,619 | 703,55 | 703,55 | 718,34 |  0,00 | 0,769 | 44,35 | 44,35 |  0,00 | 1,027 | 296,97 | 296,97 |  0,00 | 13,765 | 295,58 | 295,58 |  0,00 | 333,426 | 66,65 | 66,65 | 1273,856 |   NaN | NaN | 0,00 | 0,00 | NaN
  41 |  0,00 | 25,726 | 713,08 | 713,08 | 726,23 |  0,00 | 0,751 | 44,35 | 44,35 |  0,00 | 1,566 | 298,51 | 298,51 |  0,00 | 45,754 | 303,57 | 303,57 |  0,00 | 413,806 | 66,65 | 66,65 | 1232,043 |   NaN | NaN | 0,00 | 0,00 | NaN
  42 |  0,00 | 24,976 | 715,36 | 715,36 | 728,22 |  0,00 | 0,697 | 44,35 | 44,35 |  0,00 | 1,368 | 301,29 | 301,29 |  0,00 | 41,687 | 303,07 | 303,07 |  0,00 | 429,147 | 66,65 | 66,65 | 1284,920 |   NaN | NaN | 0,00 | 0,00 | NaN
  43 |  0,00 | 21,171 | 715,53 | 715,53 | 730,12 |  0,00 | 0,776 | 44,35 | 44,35 |  0,00 | 1,216 | 301,93 | 301,93 |  0,00 | 27,745 | 302,60 | 302,60 |  0,00 | 426,163 | 66,65 | 66,65 | 1333,174 |   NaN | NaN | 0,00 | 0,00 | NaN
  44 |  0,00 | 24,291 | 716,91 | 716,91 | 729,76 |  0,00 | 0,688 | 44,35 | 44,35 |  0,00 | 1,072 | 300,83 | 300,83 |  0,00 | 41,343 | 305,09 | 305,09 |  0,00 | 411,417 | 66,65 | 66,65 | 1218,702 |   NaN | NaN | 0,00 | 0,00 | NaN
  45 |  0,00 | 23,343 | 714,55 | 714,55 | 729,74 |  0,00 | 0,772 | 44,35 | 44,35 |  0,00 | 1,285 | 306,32 | 306,32 |  0,00 | 37,680 | 297,24 | 297,24 |  0,00 | 415,706 | 66,65 | 66,65 | 1241,626 |   NaN | NaN | 0,00 | 0,00 | NaN
  46 |  0,00 | 21,200 | 708,90 | 708,90 | 721,77 |  0,00 | 0,711 | 44,35 | 44,35 |  0,00 | 0,956 | 295,53 | 295,53 |  0,00 | 30,177 | 302,37 | 302,37 |  0,00 | 405,824 | 66,65 | 66,65 | 1268,115 |   NaN | NaN | 0,00 | 0,00 | NaN
  47 |  0,00 | 23,137 | 705,77 | 705,77 | 718,63 |  0,00 | 0,709 | 44,35 | 44,35 |  0,00 | 1,299 | 300,42 | 300,42 |  0,00 | 38,994 | 294,35 | 294,35 |  0,00 | 396,481 | 66,65 | 66,65 | 1173,523 |   NaN | NaN | 0,00 | 0,00 | NaN
  48 |  0,00 | 22,456 | 705,82 | 705,82 | 718,74 |  0,00 | 0,739 | 44,35 | 44,35 |  0,00 | 1,297 | 296,75 | 296,75 |  0,00 | 33,382 | 298,08 | 298,08 |  0,00 | 417,647 | 66,65 | 66,65 | 1235,118 |   NaN | NaN | 0,00 | 0,00 | NaN
  49 |  0,00 | 25,191 | 704,42 | 704,42 | 717,55 |  0,00 | 0,751 | 44,35 | 44,35 |  0,00 | 1,698 | 297,20 | 297,20 |  0,00 | 45,670 | 296,22 | 296,22 |  0,00 | 399,628 | 66,65 | 66,65 | 1179,817 |   NaN | NaN | 0,00 | 0,00 | NaN
  50 |  0,00 | 21,424 | 709,20 | 709,20 | 722,05 |  0,00 | 0,705 | 44,35 | 44,35 |  0,00 | 1,008 | 301,16 | 301,16 |  0,00 | 30,779 | 297,04 | 297,04 |  0,00 | 412,116 | 66,65 | 66,65 | 1297,699 |   NaN | NaN | 0,00 | 0,00 | NaN
  51 |  0,00 | 22,337 | 709,14 | 709,14 | 721,99 |  0,00 | 0,703 | 44,35 | 44,35 |  0,00 | 0,963 | 297,74 | 297,74 |  0,00 | 33,719 | 300,41 | 300,41 |  0,00 | 414,058 | 66,65 | 66,65 | 1228,402 |   NaN | NaN | 0,00 | 0,00 | NaN
  52 |  0,00 | 23,764 | 709,28 | 709,28 | 722,13 |  0,00 | 0,730 | 44,35 | 44,35 |  0,00 | 1,113 | 295,81 | 295,81 |  0,00 | 37,566 | 302,47 | 302,47 |  0,00 | 423,621 | 66,65 | 66,65 | 1259,184 |   NaN | NaN | 0,00 | 0,00 | NaN
  53 |  0,00 | 21,350 | 711,23 | 711,23 | 724,08 |  0,00 | 0,717 | 44,35 | 44,35 |  0,00 | 1,573 | 300,16 | 300,16 |  0,00 | 28,108 | 300,07 | 300,07 |  0,00 | 426,090 | 66,65 | 66,65 | 1297,870 |   NaN | NaN | 0,00 | 0,00 | NaN
  54 |  0,00 | 24,847 | 704,69 | 704,69 | 717,57 |  0,00 | 0,720 | 44,35 | 44,35 |  0,00 | 1,595 | 299,68 | 299,68 |  0,00 | 41,386 | 294,01 | 294,01 |  0,00 | 428,399 | 66,65 | 66,65 | 1274,802 |   NaN | NaN | 0,00 | 0,00 | NaN
  55 |  0,00 | 17,206 | 710,58 | 710,58 | 723,41 |  0,00 | 0,705 | 44,35 | 44,35 |  0,00 | 0,976 | 299,03 | 299,03 |  0,00 | 19,815 | 300,56 | 300,56 |  0,00 | 367,617 | 66,65 | 66,65 | 1260,122 |   NaN | NaN | 0,00 | 0,00 | NaN
  56 |  0,00 | 24,190 | 703,66 | 703,66 | 716,51 |  0,00 | 0,710 | 44,35 | 44,35 |  0,00 | 1,405 | 297,56 | 297,56 |  0,00 | 40,352 | 295,11 | 295,11 |  0,00 | 415,851 | 66,65 | 66,65 | 1232,428 |   NaN | NaN | 0,00 | 0,00 | NaN
  57 |  0,00 | 28,302 | 709,08 | 709,08 | 721,91 |  0,00 | 0,707 | 44,35 | 44,35 |  0,00 | 1,937 | 298,05 | 298,05 |  0,00 | 56,152 | 300,03 | 300,03 |  0,00 | 407,753 | 66,65 | 66,65 | 1203,534 |   NaN | NaN | 0,00 | 0,00 | NaN
  58 |  0,00 | 23,684 | 710,27 | 710,27 | 723,17 |  0,00 | 0,736 | 44,35 | 44,35 |  0,00 | 1,286 | 301,01 | 301,01 |  0,00 | 40,190 | 298,26 | 298,26 |  0,00 | 402,341 | 66,65 | 66,65 | 1190,472 |   NaN | NaN | 0,00 | 0,00 | NaN
  59 |  0,00 | 10,598 | 713,36 | 713,36 | 726,69 |  0,00 | 0,755 | 44,35 | 44,35 |  0,00 | 0,991 | 298,57 | 298,57 |  0,00 | 7,983 | 303,79 | 303,79 |  0,00 | 254,518 | 66,65 | 66,65 | 1138,357 |   NaN | NaN | 0,00 | 0,00 | NaN
  60 |  0,00 | 23,514 | 711,95 | 711,95 | 724,81 |  0,00 | 0,690 | 44,35 | 44,35 |  0,00 | 1,176 | 300,73 | 300,73 |  0,00 | 37,478 | 300,23 | 300,23 |  0,00 | 420,384 | 66,65 | 66,65 | 1247,842 |   NaN | NaN | 0,00 | 0,00 | NaN
  61 |  0,00 | 23,632 | 715,39 | 715,39 | 728,24 |  0,00 | 0,712 | 44,35 | 44,35 |  0,00 | 1,125 | 301,72 | 301,72 |  0,00 | 39,916 | 302,67 | 302,67 |  0,00 | 403,222 | 66,65 | 66,65 | 1244,310 |   NaN | NaN | 0,00 | 0,00 | NaN
  62 |  0,00 | 26,576 | 712,53 | 712,53 | 728,05 |  0,00 | 0,774 | 44,35 | 44,35 |  0,00 | 1,802 | 299,06 | 299,06 |  0,00 | 49,632 | 302,47 | 302,47 |  0,00 | 406,938 | 66,65 | 66,65 | 1209,803 |   NaN | NaN | 0,00 | 0,00 | NaN
  63 |  0,00 | 18,906 | 713,61 | 713,61 | 726,48 |  0,00 | 0,729 | 44,35 | 44,35 |  0,00 | 1,333 | 303,50 | 303,50 |  0,00 | 24,773 | 299,11 | 299,11 |  0,00 | 379,280 | 66,65 | 66,65 | 1269,373 |   NaN | NaN | 0,00 | 0,00 | NaN
  64 |  0,00 | 22,307 | 703,10 | 703,10 | 718,49 |  0,00 | 0,773 | 44,35 | 44,35 |  0,00 | 1,359 | 297,53 | 297,53 |  0,00 | 32,687 | 294,58 | 294,58 |  0,00 | 419,136 | 66,65 | 66,65 | 1250,427 |   NaN | NaN | 0,00 | 0,00 | NaN

= = = = = = = = = = = = AVERAGE RESULTS system = = = = = = = = = = = =
meanPLR_system | 0,000000 
meanDelay_system | 18,587143 
meanLoad_system | 710,494600 
meanTHR_system | 710,494600 
meanGate_system | 723,850210 

meanPLR_EF_system | 0,000000 
meanPLR_AF_system | 0,000000 
meanPLR_BE_system | 0,000000 
meanPLR_FLA_system | 0,000000 
meanPLR_FLB_system | NaN 

meanTHR_EF_system | 44,352003 
meanTHR_AF_system | 299,927399 
meanTHR_BE_system | 299,569823 
meanTHR_FLA_system | 68,260884 
meanTHR_FLB_system | 0,000000 

meanLoad_EF_system | 44,352003 
meanLoad_AF_system | 299,927399 
meanLoad_BE_system | 299,569823 
meanLoad_FLA_system | 68,260884 
meanLoad_FLB_system | 0,000000 

meanDELAY_EF_system | 0,734242 
meanDELAY_AF_system | 2,958455 
meanDELAY_BE_system | 30,330787 
meanDELAY_FLA_system | 306,012567 
meanDELAY_FLB_system | NaN 
meanDELAY_CompleteFLA_system | 953,936567 
meanDELAY_CompleteFLB_system | NaN 

= = = = = = = = = = = = AVERAGE RESULTS = = = = = = = = = = = =
Packet Loss Ratio: 00,00 (%)
PROCESSED PACKAGES: 1451321034 
DISCARTED PACKAGES: 0 
TOTAL PACKAGES: 1451321034 
AVERAGE DELAY: 3324,87 (ms) 
AVERAGE THROUGHPUT: 710,49 (Mbps) 
GRANTED THROUGHPUT: 46326,41 (Mbps) By 64 ONUs
EFFECTIVE THROUGHPUT: 45471,65 (Mbps) By 64 ONUs
TOTAL LOAD: 45471,65 (Mbps) By 64 ONUs
ON Arrival THROUGHPUT: 0,00 (Mbps) By 64 ONUs
FINISHTIMEFL: 123,760484 
FINISHTIME: 126,760484 


fileName | IPACT_LBVARIBLETOKENSBYCYCLE_2_40_80_0 
