
ONU ID 	|  PLR(%) | Delay(ms) | Throughput(Mbps) | Granted Throughput(Mbps) | Total Load (Mbps) 

  ID |  PLR(%) |  D  | Thr |  Gates  |  Load  | PLR-EF | D-EF | ThrEF | LoadEF | PLR-AF | D-AF | ThrAF | LoadAF | PLR-BE | D-BE | ThrBE | LoadBE | PLR-FA | D-FA | ThrFA | LoadFA | DTFA |  PLR-FB | D-FB | ThrFB | LoadFB | DTFB | 
   1 |  0,00 | 1,727 | 691,11 | 691,11 | 709,13 |  0,00 | 0,520 | 44,35 | 44,35 |  0,00 | 1,245 | 304,09 | 304,09 |  0,00 | 2,264 | 295,57 | 295,57 |  0,00 | 25,595 | 47,10 | 47,10 | 74,752 |   NaN | NaN | 0,00 | 0,00 | NaN
   2 |  0,00 | 2,943 | 693,40 | 693,40 | 713,42 |  0,00 | 0,532 | 44,35 | 44,35 |  0,00 | 2,502 | 302,16 | 302,16 |  0,00 | 3,979 | 299,78 | 299,78 |  0,00 | 44,472 | 47,10 | 47,10 | 110,711 |   NaN | NaN | 0,00 | 0,00 | NaN
   3 |  0,00 | 2,740 | 688,03 | 688,03 | 704,95 |  0,00 | 0,469 | 44,35 | 44,35 |  0,00 | 2,122 | 299,78 | 299,78 |  0,00 | 3,498 | 296,80 | 296,80 |  0,00 | 46,980 | 47,10 | 47,10 | 109,306 |   NaN | NaN | 0,00 | 0,00 | NaN
   4 |  0,00 | 1,625 | 695,82 | 695,82 | 712,86 |  0,00 | 0,474 | 44,35 | 44,35 |  0,00 | 1,124 | 304,87 | 304,87 |  0,00 | 2,134 | 299,49 | 299,49 |  0,00 | 24,844 | 47,10 | 47,10 | 70,243 |   NaN | NaN | 0,00 | 0,00 | NaN
   5 |  0,00 | 7,906 | 690,07 | 690,07 | 707,17 |  0,00 | 0,500 | 44,35 | 44,35 |  0,00 | 7,594 | 299,54 | 299,54 |  0,00 | 13,090 | 299,07 | 299,07 |  0,00 | 99,064 | 47,10 | 47,10 | 208,720 |   NaN | NaN | 0,00 | 0,00 | NaN
   6 |  0,00 | 2,104 | 695,94 | 695,94 | 712,91 |  0,00 | 0,448 | 44,35 | 44,35 |  0,00 | 1,684 | 303,53 | 303,53 |  0,00 | 2,568 | 300,95 | 300,95 |  0,00 | 35,052 | 47,10 | 47,10 | 86,973 |   NaN | NaN | 0,00 | 0,00 | NaN
   7 |  0,00 | 2,128 | 691,12 | 691,12 | 708,00 |  0,00 | 0,467 | 44,35 | 44,35 |  0,00 | 1,644 | 300,56 | 300,56 |  0,00 | 2,752 | 299,10 | 299,10 |  0,00 | 34,003 | 47,10 | 47,10 | 89,754 |   NaN | NaN | 0,00 | 0,00 | NaN
   8 |  0,00 | 2,165 | 692,28 | 692,28 | 710,02 |  0,00 | 0,517 | 44,35 | 44,35 |  0,00 | 1,777 | 298,96 | 298,96 |  0,00 | 2,900 | 301,86 | 301,86 |  0,00 | 31,186 | 47,10 | 47,10 | 85,867 |   NaN | NaN | 0,00 | 0,00 | NaN
   9 |  0,00 | 1,651 | 694,60 | 694,60 | 711,64 |  0,00 | 0,456 | 44,35 | 44,35 |  0,00 | 1,052 | 302,98 | 302,98 |  0,00 | 2,357 | 300,17 | 300,17 |  0,00 | 24,545 | 47,10 | 47,10 | 69,883 |   NaN | NaN | 0,00 | 0,00 | NaN
  10 |  0,00 | 1,873 | 690,29 | 690,29 | 707,96 |  0,00 | 0,517 | 44,35 | 44,35 |  0,00 | 1,312 | 299,64 | 299,64 |  0,00 | 2,409 | 299,19 | 299,19 |  0,00 | 29,525 | 47,10 | 47,10 | 78,804 |   NaN | NaN | 0,00 | 0,00 | NaN
  11 |  0,00 | 17,917 | 689,09 | 689,09 | 705,99 |  0,00 | 0,457 | 44,35 | 44,35 |  0,00 | 11,011 | 296,86 | 296,86 |  0,00 | 46,760 | 300,78 | 300,78 |  0,00 | 105,195 | 47,10 | 47,10 | 240,931 |   NaN | NaN | 0,00 | 0,00 | NaN
  12 |  0,00 | 2,691 | 689,59 | 689,59 | 707,51 |  0,00 | 0,519 | 44,35 | 44,35 |  0,00 | 2,026 | 298,50 | 298,50 |  0,00 | 3,480 | 299,63 | 299,63 |  0,00 | 45,008 | 47,10 | 47,10 | 104,162 |   NaN | NaN | 0,00 | 0,00 | NaN
  13 |  0,00 | 2,811 | 685,91 | 685,91 | 702,80 |  0,00 | 0,484 | 44,35 | 44,35 |  0,00 | 2,287 | 297,95 | 297,95 |  0,00 | 3,850 | 296,51 | 296,51 |  0,00 | 43,652 | 47,10 | 47,10 | 109,576 |   NaN | NaN | 0,00 | 0,00 | NaN
  14 |  0,00 | 7,328 | 693,41 | 693,41 | 712,16 |  0,00 | 0,525 | 44,35 | 44,35 |  0,00 | 6,806 | 300,28 | 300,28 |  0,00 | 11,900 | 301,67 | 301,67 |  0,00 | 95,703 | 47,10 | 47,10 | 200,839 |   NaN | NaN | 0,00 | 0,00 | NaN
  15 |  0,00 | 2,022 | 689,58 | 689,58 | 707,48 |  0,00 | 0,519 | 44,35 | 44,35 |  0,00 | 1,428 | 295,86 | 295,86 |  0,00 | 2,844 | 302,27 | 302,27 |  0,00 | 29,450 | 47,10 | 47,10 | 84,207 |   NaN | NaN | 0,00 | 0,00 | NaN
  16 |  0,00 | 1,695 | 699,51 | 699,51 | 716,84 |  0,00 | 0,511 | 44,35 | 44,35 |  0,00 | 1,121 | 301,37 | 301,37 |  0,00 | 2,294 | 306,68 | 306,68 |  0,00 | 25,146 | 47,10 | 47,10 | 72,401 |   NaN | NaN | 0,00 | 0,00 | NaN
  17 |  0,00 | 1,635 | 694,28 | 694,28 | 712,74 |  0,00 | 0,523 | 44,35 | 44,35 |  0,00 | 1,248 | 301,94 | 301,94 |  0,00 | 1,700 | 300,88 | 300,88 |  0,00 | 27,946 | 47,10 | 47,10 | 74,314 |   NaN | NaN | 0,00 | 0,00 | NaN
  18 |  0,00 | 5,230 | 688,70 | 688,70 | 705,74 |  0,00 | 0,500 | 44,35 | 44,35 |  0,00 | 3,269 | 297,16 | 297,16 |  0,00 | 11,087 | 300,08 | 300,08 |  0,00 | 53,655 | 47,10 | 47,10 | 134,321 |   NaN | NaN | 0,00 | 0,00 | NaN
  19 |  0,00 | 14,723 | 684,58 | 684,58 | 701,42 |  0,00 | 0,491 | 44,35 | 44,35 |  0,00 | 10,971 | 295,83 | 295,83 |  0,00 | 33,862 | 297,29 | 297,29 |  0,00 | 118,650 | 47,10 | 47,10 | 256,125 |   NaN | NaN | 0,00 | 0,00 | NaN
  20 |  0,00 | 13,091 | 688,25 | 688,25 | 705,19 |  0,00 | 0,486 | 44,35 | 44,35 |  0,00 | 8,718 | 301,18 | 301,18 |  0,00 | 32,110 | 295,61 | 295,61 |  0,00 | 95,207 | 47,10 | 47,10 | 223,237 |   NaN | NaN | 0,00 | 0,00 | NaN
  21 |  0,00 | 1,616 | 681,25 | 681,25 | 698,29 |  0,00 | 0,491 | 44,35 | 44,35 |  0,00 | 1,288 | 295,10 | 295,10 |  0,00 | 1,662 | 294,69 | 294,69 |  0,00 | 27,636 | 47,10 | 47,10 | 75,404 |   NaN | NaN | 0,00 | 0,00 | NaN
  22 |  0,00 | 9,733 | 697,19 | 697,19 | 716,70 |  0,00 | 0,530 | 44,35 | 44,35 |  0,00 | 9,290 | 307,16 | 307,16 |  0,00 | 17,589 | 298,58 | 298,58 |  0,00 | 107,015 | 47,10 | 47,10 | 227,838 |   NaN | NaN | 0,00 | 0,00 | NaN
  23 |  0,00 | 17,580 | 692,14 | 692,14 | 709,25 |  0,00 | 0,512 | 44,35 | 44,35 |  0,00 | 14,260 | 300,66 | 300,66 |  0,00 | 41,053 | 300,02 | 300,02 |  0,00 | 120,090 | 47,10 | 47,10 | 260,404 |   NaN | NaN | 0,00 | 0,00 | NaN
  24 |  0,00 | 2,698 | 692,48 | 692,48 | 709,35 |  0,00 | 0,473 | 44,35 | 44,35 |  0,00 | 2,192 | 299,92 | 299,92 |  0,00 | 3,528 | 301,11 | 301,11 |  0,00 | 43,637 | 47,10 | 47,10 | 110,077 |   NaN | NaN | 0,00 | 0,00 | NaN
  25 |  0,00 | 1,833 | 697,24 | 697,24 | 717,14 |  0,00 | 0,531 | 44,35 | 44,35 |  0,00 | 1,174 | 300,21 | 300,21 |  0,00 | 2,757 | 305,57 | 305,57 |  0,00 | 24,712 | 47,10 | 47,10 | 70,991 |   NaN | NaN | 0,00 | 0,00 | NaN
  26 |  0,00 | 2,029 | 689,55 | 689,55 | 708,48 |  0,00 | 0,527 | 44,35 | 44,35 |  0,00 | 1,615 | 300,22 | 300,22 |  0,00 | 2,157 | 297,88 | 297,88 |  0,00 | 35,769 | 47,10 | 47,10 | 90,831 |   NaN | NaN | 0,00 | 0,00 | NaN
  27 |  0,00 | 4,229 | 686,97 | 686,97 | 703,89 |  0,00 | 0,453 | 44,35 | 44,35 |  0,00 | 2,920 | 299,81 | 299,81 |  0,00 | 8,090 | 295,70 | 295,70 |  0,00 | 50,460 | 47,10 | 47,10 | 125,522 |   NaN | NaN | 0,00 | 0,00 | NaN
  28 |  0,00 | 16,863 | 686,01 | 686,01 | 703,79 |  0,00 | 0,520 | 44,35 | 44,35 |  0,00 | 12,106 | 299,38 | 299,38 |  0,00 | 40,890 | 295,18 | 295,18 |  0,00 | 119,853 | 47,10 | 47,10 | 260,242 |   NaN | NaN | 0,00 | 0,00 | NaN
  29 |  0,00 | 18,537 | 694,90 | 694,90 | 711,85 |  0,00 | 0,499 | 44,35 | 44,35 |  0,00 | 12,266 | 301,22 | 301,22 |  0,00 | 47,216 | 302,23 | 302,23 |  0,00 | 111,464 | 47,10 | 47,10 | 250,231 |   NaN | NaN | 0,00 | 0,00 | NaN
  30 |  0,00 | 10,193 | 687,79 | 687,79 | 707,35 |  0,00 | 0,530 | 44,35 | 44,35 |  0,00 | 7,169 | 297,10 | 297,10 |  0,00 | 24,161 | 299,24 | 299,24 |  0,00 | 73,933 | 47,10 | 47,10 | 181,979 |   NaN | NaN | 0,00 | 0,00 | NaN
  31 |  0,00 | 17,895 | 689,67 | 689,67 | 706,50 |  0,00 | 0,497 | 44,35 | 44,35 |  0,00 | 12,554 | 301,76 | 301,76 |  0,00 | 44,306 | 296,45 | 296,45 |  0,00 | 120,090 | 47,10 | 47,10 | 260,462 |   NaN | NaN | 0,00 | 0,00 | NaN
  32 |  0,00 | 16,063 | 693,90 | 693,90 | 710,82 |  0,00 | 0,453 | 44,35 | 44,35 |  0,00 | 11,767 | 301,06 | 301,06 |  0,00 | 39,208 | 301,38 | 301,38 |  0,00 | 103,627 | 47,10 | 47,10 | 238,266 |   NaN | NaN | 0,00 | 0,00 | NaN
  33 |  0,00 | 13,657 | 689,19 | 689,19 | 706,93 |  0,00 | 0,518 | 44,35 | 44,35 |  0,00 | 8,160 | 298,95 | 298,95 |  0,00 | 35,180 | 298,79 | 298,79 |  0,00 | 87,255 | 47,10 | 47,10 | 208,935 |   NaN | NaN | 0,00 | 0,00 | NaN
  34 |  0,00 | 2,377 | 687,68 | 687,68 | 704,87 |  0,00 | 0,510 | 44,35 | 44,35 |  0,00 | 1,917 | 298,99 | 298,99 |  0,00 | 3,574 | 297,23 | 297,23 |  0,00 | 31,327 | 47,10 | 47,10 | 89,856 |   NaN | NaN | 0,00 | 0,00 | NaN
  35 |  0,00 | 1,533 | 695,89 | 695,89 | 712,95 |  0,00 | 0,459 | 44,35 | 44,35 |  0,00 | 1,046 | 302,56 | 302,56 |  0,00 | 2,023 | 301,87 | 301,87 |  0,00 | 23,187 | 47,10 | 47,10 | 68,388 |   NaN | NaN | 0,00 | 0,00 | NaN
  36 |  0,00 | 3,256 | 689,10 | 689,10 | 706,39 |  0,00 | 0,512 | 44,35 | 44,35 |  0,00 | 2,395 | 295,98 | 295,98 |  0,00 | 5,323 | 301,66 | 301,66 |  0,00 | 43,871 | 47,10 | 47,10 | 113,605 |   NaN | NaN | 0,00 | 0,00 | NaN
  37 |  0,00 | 15,896 | 696,03 | 696,03 | 712,99 |  0,00 | 0,495 | 44,35 | 44,35 |  0,00 | 11,030 | 303,66 | 303,66 |  0,00 | 39,352 | 300,92 | 300,92 |  0,00 | 103,428 | 47,10 | 47,10 | 238,078 |   NaN | NaN | 0,00 | 0,00 | NaN
  38 |  0,00 | 8,020 | 694,76 | 694,76 | 711,73 |  0,00 | 0,486 | 44,35 | 44,35 |  0,00 | 4,930 | 302,86 | 302,86 |  0,00 | 19,026 | 300,44 | 300,44 |  0,00 | 65,136 | 47,10 | 47,10 | 162,488 |   NaN | NaN | 0,00 | 0,00 | NaN
  39 |  0,00 | 14,401 | 682,42 | 682,42 | 701,88 |  0,00 | 0,529 | 44,35 | 44,35 |  0,00 | 9,323 | 296,57 | 296,57 |  0,00 | 36,849 | 294,39 | 294,39 |  0,00 | 90,270 | 47,10 | 47,10 | 214,199 |   NaN | NaN | 0,00 | 0,00 | NaN
  40 |  0,00 | 4,767 | 684,72 | 684,72 | 704,19 |  0,00 | 0,529 | 44,35 | 44,35 |  0,00 | 3,264 | 299,03 | 299,03 |  0,00 | 9,456 | 294,24 | 294,24 |  0,00 | 53,046 | 47,10 | 47,10 | 131,453 |   NaN | NaN | 0,00 | 0,00 | NaN
  41 |  0,00 | 18,989 | 695,93 | 695,93 | 713,14 |  0,00 | 0,512 | 44,35 | 44,35 |  0,00 | 13,404 | 298,29 | 298,29 |  0,00 | 46,879 | 306,18 | 306,18 |  0,00 | 116,758 | 47,10 | 47,10 | 256,843 |   NaN | NaN | 0,00 | 0,00 | NaN
  42 |  0,00 | 17,428 | 697,77 | 697,77 | 714,63 |  0,00 | 0,458 | 44,35 | 44,35 |  0,00 | 11,352 | 302,93 | 302,93 |  0,00 | 43,986 | 303,39 | 303,39 |  0,00 | 111,172 | 47,10 | 47,10 | 249,930 |   NaN | NaN | 0,00 | 0,00 | NaN
  43 |  0,00 | 14,797 | 698,59 | 698,59 | 717,88 |  0,00 | 0,537 | 44,35 | 44,35 |  0,00 | 8,268 | 304,16 | 304,16 |  0,00 | 38,759 | 302,97 | 302,97 |  0,00 | 91,520 | 47,10 | 47,10 | 216,005 |   NaN | NaN | 0,00 | 0,00 | NaN
  44 |  0,00 | 19,775 | 695,10 | 695,10 | 711,90 |  0,00 | 0,449 | 44,35 | 44,35 |  0,00 | 13,196 | 300,33 | 300,33 |  0,00 | 50,299 | 303,31 | 303,31 |  0,00 | 118,437 | 47,10 | 47,10 | 258,732 |   NaN | NaN | 0,00 | 0,00 | NaN
  45 |  0,00 | 18,265 | 689,74 | 689,74 | 709,90 |  0,00 | 0,533 | 44,35 | 44,35 |  0,00 | 13,977 | 303,23 | 303,23 |  0,00 | 44,958 | 295,05 | 295,05 |  0,00 | 112,920 | 47,10 | 47,10 | 252,052 |   NaN | NaN | 0,00 | 0,00 | NaN
  46 |  0,00 | 15,439 | 690,82 | 690,82 | 707,76 |  0,00 | 0,472 | 44,35 | 44,35 |  0,00 | 9,698 | 297,47 | 297,47 |  0,00 | 39,556 | 301,90 | 301,90 |  0,00 | 94,462 | 47,10 | 47,10 | 222,070 |   NaN | NaN | 0,00 | 0,00 | NaN
  47 |  0,00 | 16,917 | 688,56 | 688,56 | 705,37 |  0,00 | 0,470 | 44,35 | 44,35 |  0,00 | 12,000 | 299,09 | 299,09 |  0,00 | 41,018 | 298,01 | 298,01 |  0,00 | 120,313 | 47,10 | 47,10 | 260,662 |   NaN | NaN | 0,00 | 0,00 | NaN
  48 |  0,00 | 18,040 | 688,36 | 688,36 | 705,22 |  0,00 | 0,500 | 44,35 | 44,35 |  0,00 | 13,028 | 298,89 | 298,89 |  0,00 | 44,335 | 298,01 | 298,01 |  0,00 | 118,380 | 47,10 | 47,10 | 258,674 |   NaN | NaN | 0,00 | 0,00 | NaN
  49 |  0,00 | 18,749 | 688,36 | 688,36 | 705,55 |  0,00 | 0,512 | 44,35 | 44,35 |  0,00 | 14,508 | 299,27 | 299,27 |  0,00 | 45,396 | 297,63 | 297,63 |  0,00 | 120,316 | 47,10 | 47,10 | 260,693 |   NaN | NaN | 0,00 | 0,00 | NaN
  50 |  0,00 | 14,829 | 691,88 | 691,88 | 708,83 |  0,00 | 0,466 | 44,35 | 44,35 |  0,00 | 9,348 | 301,21 | 301,21 |  0,00 | 38,335 | 299,21 | 299,21 |  0,00 | 89,298 | 47,10 | 47,10 | 212,630 |   NaN | NaN | 0,00 | 0,00 | NaN
  51 |  0,00 | 16,481 | 691,71 | 691,71 | 708,51 |  0,00 | 0,464 | 44,35 | 44,35 |  0,00 | 10,994 | 298,64 | 298,64 |  0,00 | 40,378 | 301,61 | 301,61 |  0,00 | 116,848 | 47,10 | 47,10 | 256,903 |   NaN | NaN | 0,00 | 0,00 | NaN
  52 |  0,00 | 17,581 | 691,90 | 691,90 | 708,73 |  0,00 | 0,491 | 44,35 | 44,35 |  0,00 | 11,818 | 296,31 | 296,31 |  0,00 | 43,523 | 304,13 | 304,13 |  0,00 | 115,022 | 47,10 | 47,10 | 254,939 |   NaN | NaN | 0,00 | 0,00 | NaN
  53 |  0,00 | 16,136 | 691,86 | 691,86 | 708,79 |  0,00 | 0,478 | 44,35 | 44,35 |  0,00 | 12,255 | 301,54 | 301,54 |  0,00 | 39,357 | 298,87 | 298,87 |  0,00 | 101,252 | 47,10 | 47,10 | 234,196 |   NaN | NaN | 0,00 | 0,00 | NaN
  54 |  0,00 | 16,240 | 686,60 | 686,60 | 703,46 |  0,00 | 0,480 | 44,35 | 44,35 |  0,00 | 12,389 | 299,71 | 299,71 |  0,00 | 38,835 | 295,43 | 295,43 |  0,00 | 113,305 | 47,10 | 47,10 | 252,733 |   NaN | NaN | 0,00 | 0,00 | NaN
  55 |  0,00 | 8,085 | 686,60 | 686,60 | 703,54 |  0,00 | 0,466 | 44,35 | 44,35 |  0,00 | 4,975 | 296,42 | 296,42 |  0,00 | 19,268 | 298,72 | 298,72 |  0,00 | 65,107 | 47,10 | 47,10 | 162,227 |   NaN | NaN | 0,00 | 0,00 | NaN
  56 |  0,00 | 17,848 | 685,57 | 685,57 | 702,38 |  0,00 | 0,471 | 44,35 | 44,35 |  0,00 | 13,034 | 297,52 | 297,52 |  0,00 | 43,783 | 296,59 | 296,59 |  0,00 | 117,949 | 47,10 | 47,10 | 258,142 |   NaN | NaN | 0,00 | 0,00 | NaN
  57 |  0,00 | 19,024 | 689,11 | 689,11 | 705,90 |  0,00 | 0,468 | 44,35 | 44,35 |  0,00 | 12,604 | 297,87 | 297,87 |  0,00 | 48,196 | 299,78 | 299,78 |  0,00 | 120,106 | 47,10 | 47,10 | 260,502 |   NaN | NaN | 0,00 | 0,00 | NaN
  58 |  0,00 | 16,939 | 692,69 | 692,69 | 709,54 |  0,00 | 0,497 | 44,35 | 44,35 |  0,00 | 13,091 | 301,64 | 301,64 |  0,00 | 39,925 | 299,60 | 299,60 |  0,00 | 119,637 | 47,10 | 47,10 | 259,958 |   NaN | NaN | 0,00 | 0,00 | NaN
  59 |  0,00 | 2,293 | 695,83 | 695,83 | 713,35 |  0,00 | 0,516 | 44,35 | 44,35 |  0,00 | 1,669 | 298,69 | 298,69 |  0,00 | 3,124 | 305,69 | 305,69 |  0,00 | 35,460 | 47,10 | 47,10 | 96,350 |   NaN | NaN | 0,00 | 0,00 | NaN
  60 |  0,00 | 18,769 | 690,43 | 690,43 | 707,22 |  0,00 | 0,451 | 44,35 | 44,35 |  0,00 | 13,439 | 300,19 | 300,19 |  0,00 | 46,857 | 298,78 | 298,78 |  0,00 | 116,627 | 47,10 | 47,10 | 256,788 |   NaN | NaN | 0,00 | 0,00 | NaN
  61 |  0,00 | 15,650 | 695,18 | 695,18 | 712,11 |  0,00 | 0,473 | 44,35 | 44,35 |  0,00 | 10,057 | 301,35 | 301,35 |  0,00 | 39,658 | 302,38 | 302,38 |  0,00 | 98,914 | 47,10 | 47,10 | 230,090 |   NaN | NaN | 0,00 | 0,00 | NaN
  62 |  0,00 | 18,658 | 694,13 | 694,13 | 714,62 |  0,00 | 0,535 | 44,35 | 44,35 |  0,00 | 13,393 | 300,42 | 300,42 |  0,00 | 45,894 | 302,25 | 302,25 |  0,00 | 118,348 | 47,10 | 47,10 | 258,695 |   NaN | NaN | 0,00 | 0,00 | NaN
  63 |  0,00 | 10,309 | 691,13 | 691,13 | 708,12 |  0,00 | 0,490 | 44,35 | 44,35 |  0,00 | 6,523 | 301,36 | 301,36 |  0,00 | 25,499 | 298,32 | 298,32 |  0,00 | 72,695 | 47,10 | 47,10 | 179,573 |   NaN | NaN | 0,00 | 0,00 | NaN
  64 |  0,00 | 19,018 | 685,79 | 685,79 | 706,09 |  0,00 | 0,534 | 44,35 | 44,35 |  0,00 | 13,763 | 297,17 | 297,17 |  0,00 | 47,718 | 297,15 | 297,15 |  0,00 | 113,296 | 47,10 | 47,10 | 252,698 |   NaN | NaN | 0,00 | 0,00 | NaN

= = = = = = = = = = = = AVERAGE RESULTS system = = = = = = = = = = = =
meanPLR_system | 0,000000 
meanDelay_system | 10,397505 
meanLoad_system | 691,064132 
meanTHR_system | 691,064132 
meanGate_system | 708,652925 

meanPLR_EF_system | 0,000000 
meanPLR_AF_system | 0,000000 
meanPLR_BE_system | 0,000000 
meanPLR_FLA_system | 0,000000 
meanPLR_FLB_system | NaN 

meanTHR_EF_system | 44,352001 
meanTHR_AF_system | 299,983654 
meanTHR_BE_system | 299,623610 
meanTHR_FLA_system | 47,996948 
meanTHR_FLB_system | 0,000000 

meanLoad_EF_system | 44,352001 
meanLoad_AF_system | 299,983654 
meanLoad_BE_system | 299,623610 
meanLoad_FLA_system | 47,996948 
meanLoad_FLB_system | 0,000000 

meanDELAY_EF_system | 0,495215 
meanDELAY_AF_system | 7,349788 
meanDELAY_BE_system | 24,480864 
meanDELAY_FLA_system | 77,950351 
meanDELAY_FLB_system | NaN 
meanDELAY_CompleteFLA_system | 180,100919 
meanDELAY_CompleteFLB_system | NaN 

= = = = = = = = = = = = AVERAGE RESULTS = = = = = = = = = = = =
Packet Loss Ratio: 00,00 (%)
PROCESSED PACKAGES: 1831401311 
DISCARTED PACKAGES: 0 
TOTAL PACKAGES: 1831401311 
AVERAGE DELAY: 1843,04 (ms) 
AVERAGE THROUGHPUT: 691,06 (Mbps) 
GRANTED THROUGHPUT: 45353,79 (Mbps) By 64 ONUs
EFFECTIVE THROUGHPUT: 44228,10 (Mbps) By 64 ONUs
TOTAL LOAD: 44228,10 (Mbps) By 64 ONUs
ON Arrival THROUGHPUT: 0,00 (Mbps) By 64 ONUs
FINISHTIMEFL: 158,410071 
FINISHTIME: 161,410071 


fileName | IPACT_STRICTPRIORITY_3_36_80_0 
