
ONU ID 	|  PLR(%) | Delay(ms) | Throughput(Mbps) | Granted Throughput(Mbps) | Total Load (Mbps) 

  ID |  PLR(%) |  D  | Thr |  Gates  |  Load  | PLR-EF | D-EF | ThrEF | LoadEF | PLR-AF | D-AF | ThrAF | LoadAF | PLR-BE | D-BE | ThrBE | LoadBE | PLR-FA | D-FA | ThrFA | LoadFA | DTFA |  PLR-FB | D-FB | ThrFB | LoadFB | DTFB | 
   1 |  0,87 | 184,585 | 755,34 | 761,95 | 759,87 |  0,00 | 1,416 | 44,35 | 44,35 |  0,00 | 1,406 | 341,57 | 341,57 |  1,98 | 652,359 | 327,11 | 333,72 |  0,00 | 270,201 | 42,30 | 42,30 | 567,748 |   NaN | NaN | 0,00 | 0,00 | NaN
   2 |  1,46 | 195,845 | 752,23 | 763,38 | 756,82 |  0,00 | 1,441 | 44,35 | 44,35 |  0,00 | 1,417 | 341,56 | 341,56 |  3,33 | 695,647 | 324,01 | 335,16 |  0,00 | 306,825 | 42,30 | 42,30 | 602,230 |   NaN | NaN | 0,00 | 0,00 | NaN
   3 |  1,02 | 179,672 | 750,38 | 758,10 | 754,87 |  0,00 | 1,360 | 44,35 | 44,35 |  0,00 | 1,355 | 335,88 | 335,88 |  2,30 | 630,606 | 327,84 | 335,56 |  0,00 | 267,757 | 42,30 | 42,30 | 545,846 |   NaN | NaN | 0,00 | 0,00 | NaN
   4 |  1,34 | 191,938 | 756,26 | 766,53 | 760,76 |  0,00 | 1,385 | 44,35 | 44,35 |  0,00 | 1,359 | 341,73 | 341,73 |  3,04 | 677,571 | 327,87 | 338,15 |  0,00 | 278,159 | 42,30 | 42,30 | 561,458 |   NaN | NaN | 0,00 | 0,00 | NaN
   5 |  0,86 | 178,343 | 753,77 | 760,29 | 758,29 |  0,00 | 1,399 | 44,35 | 44,35 |  0,00 | 1,386 | 337,27 | 337,27 |  1,94 | 621,858 | 329,84 | 336,36 |  0,00 | 292,964 | 42,30 | 42,30 | 592,760 |   NaN | NaN | 0,00 | 0,00 | NaN
   6 |  1,23 | 204,626 | 754,45 | 763,85 | 758,95 |  0,00 | 1,341 | 44,35 | 44,35 |  0,00 | 1,332 | 339,37 | 339,37 |  2,78 | 721,475 | 328,42 | 337,82 |  0,00 | 281,441 | 42,30 | 42,30 | 572,799 |   NaN | NaN | 0,00 | 0,00 | NaN
   7 |  1,20 | 187,589 | 754,15 | 763,30 | 758,67 |  0,00 | 1,359 | 44,35 | 44,35 |  0,00 | 1,352 | 339,24 | 339,24 |  2,71 | 659,385 | 328,24 | 337,40 |  0,00 | 284,482 | 42,30 | 42,30 | 578,862 |   NaN | NaN | 0,00 | 0,00 | NaN
   8 |  1,16 | 183,415 | 753,78 | 762,64 | 758,31 |  0,00 | 1,408 | 44,35 | 44,35 |  0,00 | 1,404 | 336,83 | 336,83 |  2,61 | 641,162 | 330,29 | 339,15 |  0,00 | 269,660 | 42,30 | 42,30 | 562,528 |   NaN | NaN | 0,00 | 0,00 | NaN
   9 |  1,33 | 190,525 | 754,28 | 764,41 | 758,79 |  0,00 | 1,349 | 44,35 | 44,35 |  0,00 | 1,341 | 338,73 | 338,73 |  2,99 | 670,844 | 328,89 | 339,02 |  0,00 | 256,384 | 42,30 | 42,30 | 546,947 |   NaN | NaN | 0,00 | 0,00 | NaN
  10 |  0,81 | 172,534 | 754,13 | 760,31 | 758,64 |  0,00 | 1,409 | 44,35 | 44,35 |  0,00 | 1,403 | 337,52 | 337,52 |  1,84 | 601,999 | 329,95 | 336,14 |  0,00 | 276,165 | 42,30 | 42,30 | 569,532 |   NaN | NaN | 0,00 | 0,00 | NaN
  11 |  0,91 | 183,284 | 752,16 | 759,10 | 756,69 |  0,00 | 1,348 | 44,35 | 44,35 |  0,00 | 1,344 | 334,07 | 334,07 |  2,05 | 637,901 | 331,44 | 338,37 |  0,00 | 266,593 | 42,30 | 42,30 | 554,101 |   NaN | NaN | 0,00 | 0,00 | NaN
  12 |  1,15 | 177,064 | 753,94 | 762,67 | 758,45 |  0,00 | 1,418 | 44,35 | 44,35 |  0,00 | 1,404 | 337,48 | 337,48 |  2,58 | 618,538 | 329,81 | 338,54 |  0,00 | 275,084 | 42,30 | 42,30 | 567,305 |   NaN | NaN | 0,00 | 0,00 | NaN
  13 |  0,76 | 165,697 | 749,20 | 754,90 | 753,70 |  0,00 | 1,377 | 44,35 | 44,35 |  0,00 | 1,371 | 336,20 | 336,20 |  1,72 | 581,133 | 326,34 | 332,04 |  0,00 | 276,978 | 42,30 | 42,30 | 570,455 |   NaN | NaN | 0,00 | 0,00 | NaN
  14 |  1,51 | 193,323 | 752,51 | 764,02 | 757,06 |  0,00 | 1,418 | 44,35 | 44,35 |  0,00 | 1,411 | 339,08 | 339,08 |  3,40 | 681,242 | 326,77 | 338,28 |  0,00 | 298,859 | 42,30 | 42,30 | 605,557 |   NaN | NaN | 0,00 | 0,00 | NaN
  15 |  0,62 | 181,661 | 753,60 | 758,32 | 758,13 |  0,00 | 1,423 | 44,35 | 44,35 |  0,00 | 1,406 | 331,81 | 331,81 |  1,39 | 625,200 | 335,13 | 339,85 |  0,00 | 273,552 | 42,30 | 42,30 | 563,132 |   NaN | NaN | 0,00 | 0,00 | NaN
  16 |  1,81 | 230,239 | 757,11 | 771,03 | 761,62 |  0,00 | 1,437 | 44,35 | 44,35 |  0,00 | 1,396 | 339,33 | 339,33 |  4,03 | 809,067 | 331,12 | 345,04 |  0,00 | 288,669 | 42,30 | 42,30 | 588,190 |   NaN | NaN | 0,00 | 0,00 | NaN
  17 |  1,38 | 197,324 | 754,73 | 765,25 | 759,28 |  0,00 | 1,415 | 44,35 | 44,35 |  0,00 | 1,410 | 340,62 | 340,62 |  3,11 | 696,704 | 327,45 | 337,97 |  0,00 | 284,154 | 42,30 | 42,30 | 587,430 |   NaN | NaN | 0,00 | 0,00 | NaN
  18 |  0,92 | 185,104 | 751,94 | 758,90 | 756,45 |  0,00 | 1,394 | 44,35 | 44,35 |  0,00 | 1,387 | 336,03 | 336,03 |  2,07 | 647,464 | 329,26 | 336,21 |  0,00 | 277,528 | 42,30 | 42,30 | 564,510 |   NaN | NaN | 0,00 | 0,00 | NaN
  19 |  0,40 | 148,966 | 750,48 | 753,46 | 755,00 |  0,00 | 1,384 | 44,35 | 44,35 |  0,00 | 1,376 | 332,28 | 332,28 |  0,89 | 511,475 | 331,54 | 334,52 |  0,00 | 295,492 | 42,30 | 42,30 | 595,323 |   NaN | NaN | 0,00 | 0,00 | NaN
  20 |  0,56 | 165,227 | 752,31 | 756,57 | 756,84 |  0,00 | 1,379 | 44,35 | 44,35 |  0,00 | 1,373 | 337,85 | 337,85 |  1,28 | 578,598 | 327,80 | 332,06 |  0,00 | 275,017 | 42,30 | 42,30 | 570,028 |   NaN | NaN | 0,00 | 0,00 | NaN
  21 |  0,33 | 140,234 | 748,57 | 751,04 | 753,06 |  0,00 | 1,382 | 44,35 | 44,35 |  0,00 | 1,377 | 333,52 | 333,52 |  0,75 | 485,127 | 328,39 | 330,86 |  0,00 | 278,110 | 42,30 | 42,30 | 570,581 |   NaN | NaN | 0,00 | 0,00 | NaN
  22 |  1,53 | 224,836 | 755,22 | 766,93 | 759,79 |  0,00 | 1,460 | 44,35 | 44,35 |  0,00 | 1,418 | 343,85 | 343,85 |  3,48 | 802,967 | 324,71 | 336,41 |  0,00 | 300,101 | 42,30 | 42,30 | 598,252 |   NaN | NaN | 0,00 | 0,00 | NaN
  23 |  1,01 | 184,420 | 755,42 | 763,11 | 759,96 |  0,00 | 1,405 | 44,35 | 44,35 |  0,00 | 1,399 | 338,34 | 338,34 |  2,28 | 644,394 | 330,42 | 338,11 |  0,00 | 284,583 | 42,30 | 42,30 | 578,051 |   NaN | NaN | 0,00 | 0,00 | NaN
  24 |  1,22 | 197,686 | 756,21 | 765,57 | 760,73 |  0,00 | 1,365 | 44,35 | 44,35 |  0,00 | 1,360 | 337,92 | 337,92 |  2,74 | 691,068 | 331,63 | 340,99 |  0,00 | 271,751 | 42,30 | 42,30 | 560,031 |   NaN | NaN | 0,00 | 0,00 | NaN
  25 |  1,50 | 211,822 | 755,18 | 766,68 | 759,76 |  0,00 | 1,423 | 44,35 | 44,35 |  0,00 | 1,417 | 336,64 | 336,64 |  3,35 | 740,039 | 331,88 | 343,39 |  0,00 | 283,725 | 42,30 | 42,30 | 575,377 |   NaN | NaN | 0,00 | 0,00 | NaN
  26 |  0,58 | 170,857 | 753,93 | 758,31 | 758,49 |  0,00 | 1,419 | 44,35 | 44,35 |  0,00 | 1,412 | 336,37 | 336,37 |  1,30 | 593,942 | 330,91 | 335,29 |  0,00 | 280,831 | 42,30 | 42,30 | 565,008 |   NaN | NaN | 0,00 | 0,00 | NaN
  27 |  0,90 | 170,766 | 752,30 | 759,15 | 756,81 |  0,00 | 1,361 | 44,35 | 44,35 |  0,00 | 1,340 | 338,88 | 338,88 |  2,05 | 600,601 | 326,76 | 333,61 |  0,00 | 277,126 | 42,30 | 42,30 | 576,972 |   NaN | NaN | 0,00 | 0,00 | NaN
  28 |  0,59 | 148,604 | 749,15 | 753,60 | 753,68 |  0,00 | 1,413 | 44,35 | 44,35 |  0,00 | 1,407 | 336,38 | 336,38 |  1,35 | 519,815 | 326,11 | 330,56 |  0,00 | 270,483 | 42,30 | 42,30 | 555,277 |   NaN | NaN | 0,00 | 0,00 | NaN
  29 |  1,35 | 198,640 | 753,09 | 763,40 | 757,63 |  0,00 | 1,391 | 44,35 | 44,35 |  0,00 | 1,386 | 338,34 | 338,34 |  3,04 | 698,272 | 328,10 | 338,40 |  0,00 | 297,826 | 42,30 | 42,30 | 604,687 |   NaN | NaN | 0,00 | 0,00 | NaN
  30 |  0,92 | 170,973 | 751,51 | 758,49 | 756,09 |  0,00 | 1,425 | 44,35 | 44,35 |  0,00 | 1,416 | 335,62 | 335,62 |  2,08 | 596,419 | 329,23 | 336,21 |  0,00 | 276,862 | 42,30 | 42,30 | 573,554 |   NaN | NaN | 0,00 | 0,00 | NaN
  31 |  0,61 | 190,314 | 753,81 | 758,46 | 758,31 |  0,00 | 1,388 | 44,35 | 44,35 |  0,00 | 1,383 | 338,25 | 338,25 |  1,39 | 668,337 | 328,90 | 333,55 |  0,00 | 275,269 | 42,30 | 42,30 | 552,898 |   NaN | NaN | 0,00 | 0,00 | NaN
  32 |  1,54 | 185,267 | 751,69 | 763,42 | 756,20 |  0,00 | 1,631 | 44,35 | 44,35 |  0,00 | 1,339 | 338,09 | 338,09 |  3,46 | 651,719 | 326,94 | 338,68 |  0,00 | 284,210 | 42,30 | 42,30 | 590,202 |   NaN | NaN | 0,00 | 0,00 | NaN
  33 |  0,66 | 182,545 | 753,57 | 758,59 | 758,09 |  0,00 | 1,410 | 44,35 | 44,35 |  0,00 | 1,404 | 335,00 | 335,00 |  1,49 | 634,889 | 331,91 | 336,93 |  0,00 | 265,689 | 42,30 | 42,30 | 550,820 |   NaN | NaN | 0,00 | 0,00 | NaN
  34 |  1,04 | 177,681 | 752,22 | 760,14 | 756,73 |  0,00 | 1,403 | 44,35 | 44,35 |  0,00 | 1,395 | 337,73 | 337,73 |  2,36 | 624,660 | 327,83 | 335,76 |  0,00 | 263,103 | 42,30 | 42,30 | 539,865 |   NaN | NaN | 0,00 | 0,00 | NaN
  35 |  1,31 | 209,869 | 756,11 | 766,14 | 760,62 |  0,00 | 1,350 | 44,35 | 44,35 |  0,00 | 1,344 | 339,60 | 339,60 |  2,95 | 738,327 | 329,85 | 339,89 |  0,00 | 282,580 | 42,30 | 42,30 | 566,134 |   NaN | NaN | 0,00 | 0,00 | NaN
  36 |  0,93 | 170,022 | 752,01 | 759,06 | 756,54 |  0,00 | 1,403 | 44,35 | 44,35 |  0,00 | 1,398 | 333,22 | 333,22 |  2,08 | 587,722 | 332,14 | 339,19 |  0,00 | 279,067 | 42,30 | 42,30 | 564,578 |   NaN | NaN | 0,00 | 0,00 | NaN
  37 |  1,53 | 208,404 | 755,67 | 767,44 | 760,18 |  0,00 | 1,404 | 44,35 | 44,35 |  0,00 | 1,383 | 342,96 | 342,96 |  3,48 | 742,053 | 326,06 | 337,83 |  0,00 | 268,896 | 42,30 | 42,30 | 553,072 |   NaN | NaN | 0,00 | 0,00 | NaN
  38 |  1,23 | 203,418 | 755,45 | 764,85 | 759,98 |  0,00 | 1,378 | 44,35 | 44,35 |  0,00 | 1,371 | 338,56 | 338,56 |  2,77 | 713,113 | 330,24 | 339,63 |  0,00 | 290,204 | 42,30 | 42,30 | 593,046 |   NaN | NaN | 0,00 | 0,00 | NaN
  39 |  0,39 | 147,283 | 747,90 | 750,80 | 752,49 |  0,00 | 1,425 | 44,35 | 44,35 |  0,00 | 1,416 | 333,95 | 333,95 |  0,88 | 512,362 | 327,29 | 330,19 |  0,00 | 270,139 | 42,30 | 42,30 | 551,959 |   NaN | NaN | 0,00 | 0,00 | NaN
  40 |  0,44 | 156,119 | 750,58 | 753,89 | 755,13 |  0,00 | 1,427 | 44,35 | 44,35 |  0,00 | 1,415 | 337,07 | 337,07 |  1,00 | 546,160 | 326,85 | 330,16 |  0,00 | 275,289 | 42,30 | 42,30 | 577,355 |   NaN | NaN | 0,00 | 0,00 | NaN
  41 |  1,69 | 208,401 | 752,48 | 765,43 | 757,01 |  0,00 | 1,413 | 44,35 | 44,35 |  0,00 | 1,400 | 335,28 | 335,28 |  3,77 | 728,706 | 330,54 | 343,49 |  0,00 | 287,508 | 42,30 | 42,30 | 576,147 |   NaN | NaN | 0,00 | 0,00 | NaN
  42 |  1,68 | 209,088 | 753,62 | 766,48 | 758,11 |  0,00 | 1,478 | 44,35 | 44,35 |  0,00 | 1,346 | 339,68 | 339,68 |  3,78 | 740,132 | 327,28 | 340,15 |  0,00 | 273,459 | 42,30 | 42,30 | 550,885 |   NaN | NaN | 0,00 | 0,00 | NaN
  43 |  2,15 | 212,362 | 755,02 | 771,60 | 759,58 |  0,00 | 1,434 | 44,35 | 44,35 |  0,00 | 1,423 | 342,88 | 342,88 |  4,85 | 756,236 | 325,49 | 342,07 |  0,00 | 285,224 | 42,30 | 42,30 | 582,241 |   NaN | NaN | 0,00 | 0,00 | NaN
  44 |  1,08 | 212,419 | 756,67 | 764,94 | 761,19 |  0,00 | 1,340 | 44,35 | 44,35 |  0,00 | 1,335 | 337,18 | 337,18 |  2,42 | 741,511 | 332,83 | 341,10 |  0,00 | 279,863 | 42,30 | 42,30 | 580,495 |   NaN | NaN | 0,00 | 0,00 | NaN
  45 |  1,01 | 169,311 | 751,71 | 759,38 | 756,28 |  0,00 | 1,425 | 44,35 | 44,35 |  0,00 | 1,418 | 340,90 | 340,90 |  2,31 | 599,820 | 324,16 | 331,82 |  0,00 | 274,553 | 42,30 | 42,30 | 569,904 |   NaN | NaN | 0,00 | 0,00 | NaN
  46 |  1,11 | 183,576 | 752,34 | 760,75 | 756,85 |  0,00 | 1,375 | 44,35 | 44,35 |  0,00 | 1,359 | 335,32 | 335,32 |  2,48 | 640,585 | 330,36 | 338,77 |  0,00 | 273,026 | 42,30 | 42,30 | 555,384 |   NaN | NaN | 0,00 | 0,00 | NaN
  47 |  1,13 | 171,546 | 751,30 | 759,85 | 755,83 |  0,00 | 1,362 | 44,35 | 44,35 |  0,00 | 1,357 | 338,78 | 338,78 |  2,56 | 604,419 | 325,86 | 334,42 |  0,00 | 277,856 | 42,30 | 42,30 | 571,585 |   NaN | NaN | 0,00 | 0,00 | NaN
  48 |  0,58 | 181,386 | 753,62 | 758,04 | 758,14 |  0,00 | 1,437 | 44,35 | 44,35 |  0,00 | 1,387 | 335,27 | 335,27 |  1,31 | 629,740 | 331,70 | 336,11 |  0,00 | 287,718 | 42,30 | 42,30 | 587,075 |   NaN | NaN | 0,00 | 0,00 | NaN
  49 |  0,96 | 178,757 | 751,19 | 758,50 | 755,72 |  0,00 | 1,404 | 44,35 | 44,35 |  0,00 | 1,399 | 337,83 | 337,83 |  2,19 | 628,301 | 326,71 | 334,02 |  0,00 | 288,562 | 42,30 | 42,30 | 583,157 |   NaN | NaN | 0,00 | 0,00 | NaN
  50 |  1,06 | 183,435 | 755,72 | 763,78 | 760,22 |  0,00 | 1,364 | 44,35 | 44,35 |  0,00 | 1,353 | 340,86 | 340,86 |  2,40 | 645,876 | 328,21 | 336,27 |  0,00 | 275,143 | 42,30 | 42,30 | 556,617 |   NaN | NaN | 0,00 | 0,00 | NaN
  51 |  1,16 | 189,632 | 753,69 | 762,57 | 758,21 |  0,00 | 1,356 | 44,35 | 44,35 |  0,00 | 1,351 | 336,97 | 336,97 |  2,62 | 662,660 | 330,06 | 338,94 |  0,00 | 290,672 | 42,30 | 42,30 | 597,727 |   NaN | NaN | 0,00 | 0,00 | NaN
  52 |  1,09 | 186,667 | 751,43 | 759,68 | 755,93 |  0,00 | 1,406 | 44,35 | 44,35 |  0,00 | 1,377 | 332,60 | 332,60 |  2,42 | 647,524 | 332,17 | 340,42 |  0,00 | 272,450 | 42,30 | 42,30 | 567,250 |   NaN | NaN | 0,00 | 0,00 | NaN
  53 |  1,13 | 179,038 | 754,57 | 763,15 | 759,09 |  0,00 | 1,370 | 44,35 | 44,35 |  0,00 | 1,364 | 340,00 | 340,00 |  2,55 | 629,186 | 327,91 | 336,50 |  0,00 | 286,781 | 42,30 | 42,30 | 590,238 |   NaN | NaN | 0,00 | 0,00 | NaN
  54 |  0,59 | 164,873 | 751,41 | 755,84 | 755,91 |  0,00 | 1,450 | 44,35 | 44,35 |  0,00 | 1,366 | 337,26 | 337,26 |  1,33 | 576,640 | 327,50 | 331,93 |  0,00 | 284,898 | 42,30 | 42,30 | 584,902 |   NaN | NaN | 0,00 | 0,00 | NaN
  55 |  0,81 | 170,186 | 751,96 | 758,10 | 756,47 |  0,00 | 1,357 | 44,35 | 44,35 |  0,00 | 1,352 | 334,26 | 334,26 |  1,82 | 591,663 | 331,04 | 337,19 |  0,00 | 260,659 | 42,30 | 42,30 | 544,019 |   NaN | NaN | 0,00 | 0,00 | NaN
  56 |  0,66 | 165,019 | 752,10 | 757,11 | 756,60 |  0,00 | 1,365 | 44,35 | 44,35 |  0,00 | 1,357 | 334,59 | 334,59 |  1,49 | 572,540 | 330,85 | 335,87 |  0,00 | 276,804 | 42,30 | 42,30 | 575,603 |   NaN | NaN | 0,00 | 0,00 | NaN
  57 |  1,17 | 186,613 | 751,20 | 760,08 | 755,71 |  0,00 | 1,360 | 44,35 | 44,35 |  0,00 | 1,355 | 336,05 | 336,05 |  2,63 | 654,281 | 328,50 | 337,38 |  0,00 | 274,471 | 42,30 | 42,30 | 561,484 |   NaN | NaN | 0,00 | 0,00 | NaN
  58 |  0,88 | 197,367 | 755,48 | 762,19 | 759,99 |  0,00 | 1,389 | 44,35 | 44,35 |  0,00 | 1,384 | 337,46 | 337,46 |  1,99 | 689,622 | 331,36 | 338,07 |  0,00 | 277,952 | 42,30 | 42,30 | 569,326 |   NaN | NaN | 0,00 | 0,00 | NaN
  59 |  1,46 | 202,069 | 755,10 | 766,30 | 759,63 |  0,00 | 1,408 | 44,35 | 44,35 |  0,00 | 1,402 | 336,69 | 336,69 |  3,27 | 705,635 | 331,75 | 342,95 |  0,00 | 273,992 | 42,30 | 42,30 | 566,388 |   NaN | NaN | 0,00 | 0,00 | NaN
  60 |  0,94 | 187,797 | 754,69 | 761,86 | 759,18 |  0,00 | 1,345 | 44,35 | 44,35 |  0,00 | 1,337 | 337,88 | 337,88 |  2,13 | 657,334 | 330,15 | 337,32 |  0,00 | 275,090 | 42,30 | 42,30 | 555,475 |   NaN | NaN | 0,00 | 0,00 | NaN
  61 |  1,27 | 198,145 | 755,83 | 765,56 | 760,34 |  0,00 | 1,432 | 44,35 | 44,35 |  0,00 | 1,359 | 339,59 | 339,59 |  2,87 | 696,055 | 329,58 | 339,32 |  0,00 | 279,146 | 42,30 | 42,30 | 564,890 |   NaN | NaN | 0,00 | 0,00 | NaN
  62 |  1,32 | 210,988 | 754,69 | 764,78 | 759,25 |  0,00 | 1,435 | 44,35 | 44,35 |  0,00 | 1,421 | 339,22 | 339,22 |  2,98 | 743,954 | 328,81 | 338,91 |  0,00 | 277,614 | 42,30 | 42,30 | 568,083 |   NaN | NaN | 0,00 | 0,00 | NaN
  63 |  1,19 | 173,708 | 753,06 | 762,15 | 757,58 |  0,00 | 1,382 | 44,35 | 44,35 |  0,00 | 1,376 | 339,09 | 339,09 |  2,70 | 611,589 | 327,32 | 336,40 |  0,00 | 263,580 | 42,30 | 42,30 | 551,084 |   NaN | NaN | 0,00 | 0,00 | NaN
  64 |  0,88 | 174,758 | 749,83 | 756,47 | 754,42 |  0,00 | 1,431 | 44,35 | 44,35 |  0,00 | 1,420 | 335,93 | 335,93 |  1,99 | 612,676 | 327,24 | 333,88 |  0,00 | 278,477 | 42,30 | 42,30 | 581,612 |   NaN | NaN | 0,00 | 0,00 | NaN

= = = = = = = = = = = = AVERAGE RESULTS system = = = = = = = = = = = =
meanPLR_system | 1,060500 
meanDelay_system | 185,060405 
meanLoad_system | 761,291538 
meanTHR_system | 753,203366 
meanGate_system | 757,729630 

meanPLR_EF_system | 0,000000 
meanPLR_AF_system | 0,000000 
meanPLR_BE_system | 2,393926 
meanPLR_FLA_system | 0,000000 
meanPLR_FLB_system | NaN 

meanTHR_EF_system | 44,352002 
meanTHR_AF_system | 337,598986 
meanTHR_BE_system | 328,948157 
meanTHR_FLA_system | 43,022351 
meanTHR_FLB_system | 0,000000 

meanLoad_EF_system | 44,352002 
meanLoad_AF_system | 337,598986 
meanLoad_BE_system | 337,036329 
meanLoad_FLA_system | 43,022351 
meanLoad_FLB_system | 0,000000 

meanDELAY_EF_system | 1,400675 
meanDELAY_AF_system | 1,381406 
meanDELAY_BE_system | 648,732833 
meanDELAY_FLA_system | 278,864177 
meanDELAY_FLB_system | NaN 
meanDELAY_CompleteFLA_system | 571,188001 
meanDELAY_CompleteFLB_system | NaN 

= = = = = = = = = = = = AVERAGE RESULTS = = = = = = = = = = = =
Packet Loss Ratio: 01,06 (%)
PROCESSED PACKAGES: 2155640325 
DISCARTED PACKAGES: 14515583 
TOTAL PACKAGES: 2170155908 
AVERAGE DELAY: 34686,09 (ms) 
AVERAGE THROUGHPUT: 753,20 (Mbps) 
GRANTED THROUGHPUT: 48494,70 (Mbps) By 64 ONUs
EFFECTIVE THROUGHPUT: 48205,02 (Mbps) By 64 ONUs
TOTAL LOAD: 48722,66 (Mbps) By 64 ONUs
ON Arrival THROUGHPUT: 0,00 (Mbps) By 64 ONUs
FINISHTIMEFL: 176,726746 
FINISHTIME: 179,726746 


fileName | IPACT_STRICTPRIORITYFIRSTAF_3_36_90_0 
