
ONU ID 	|  PLR(%) | Delay(ms) | Throughput(Mbps) | Granted Throughput(Mbps) | Total Load (Mbps) 

  ID |  PLR(%) |  D  | Thr |  Gates  |  Load  | PLR-EF | D-EF | ThrEF | LoadEF | PLR-AF | D-AF | ThrAF | LoadAF | PLR-BE | D-BE | ThrBE | LoadBE | PLR-FA | D-FA | ThrFA | LoadFA | DTFA |  PLR-FB | D-FB | ThrFB | LoadFB | DTFB | 
   1 |  7,13 | 299,176 | 754,51 | 812,41 | 758,99 |  0,00 | 1,409 | 44,35 | 44,35 |  0,00 | 14,404 | 372,98 | 372,98 | 15,76 | 1134,096 | 309,54 | 367,44 |  0,00 | 139,159 | 27,63 | 27,63 | 298,471 |   NaN | NaN | 0,00 | 0,00 | NaN
   2 |  6,76 | 288,750 | 753,93 | 808,57 | 758,43 |  0,00 | 1,421 | 44,35 | 44,35 |  0,00 | 16,537 | 371,06 | 371,06 | 14,95 | 1085,707 | 310,88 | 365,53 |  0,00 | 139,144 | 27,63 | 27,63 | 298,441 |   NaN | NaN | 0,00 | 0,00 | NaN
   3 |  6,04 | 276,698 | 754,70 | 803,25 | 759,18 |  0,00 | 1,358 | 44,35 | 44,35 |  0,00 | 14,757 | 364,96 | 364,96 | 13,25 | 1020,217 | 317,75 | 366,30 |  0,00 | 139,101 | 27,63 | 27,63 | 298,401 |   NaN | NaN | 0,00 | 0,00 | NaN
   4 |  7,04 | 296,065 | 754,86 | 812,07 | 759,35 |  0,00 | 1,363 | 44,35 | 44,35 |  0,00 | 15,622 | 371,95 | 371,95 | 15,54 | 1116,036 | 310,93 | 368,14 |  0,00 | 139,078 | 27,63 | 27,63 | 298,380 |   NaN | NaN | 0,00 | 0,00 | NaN
   5 |  5,92 | 277,518 | 754,29 | 801,78 | 758,76 |  0,00 | 1,389 | 44,35 | 44,35 |  0,00 | 16,460 | 365,80 | 365,80 | 13,05 | 1024,815 | 316,51 | 364,00 |  0,00 | 138,995 | 27,63 | 27,63 | 298,277 |   NaN | NaN | 0,00 | 0,00 | NaN
   6 |  6,69 | 292,996 | 754,04 | 808,08 | 758,49 |  0,00 | 1,337 | 44,35 | 44,35 |  0,00 | 15,968 | 369,28 | 369,28 | 14,73 | 1096,624 | 312,77 | 366,82 |  0,00 | 139,045 | 27,63 | 27,63 | 298,345 |   NaN | NaN | 0,00 | 0,00 | NaN
   7 |  6,49 | 292,790 | 754,89 | 807,26 | 759,37 |  0,00 | 1,356 | 44,35 | 44,35 |  0,00 | 15,980 | 367,26 | 367,26 | 14,23 | 1086,752 | 315,65 | 368,02 |  0,00 | 138,991 | 27,63 | 27,63 | 298,284 |   NaN | NaN | 0,00 | 0,00 | NaN
   8 |  7,13 | 300,251 | 754,27 | 812,16 | 758,77 |  0,00 | 1,406 | 44,35 | 44,35 |  0,00 | 14,146 | 369,16 | 369,16 | 15,60 | 1125,306 | 313,13 | 371,02 |  0,00 | 139,150 | 27,63 | 27,63 | 298,452 |   NaN | NaN | 0,00 | 0,00 | NaN
   9 |  6,67 | 290,270 | 754,11 | 808,04 | 758,58 |  0,00 | 1,345 | 44,35 | 44,35 |  0,00 | 15,425 | 367,30 | 367,30 | 14,62 | 1079,840 | 314,83 | 368,75 |  0,00 | 138,994 | 27,63 | 27,63 | 298,269 |   NaN | NaN | 0,00 | 0,00 | NaN
  10 |  6,52 | 287,124 | 754,80 | 807,44 | 759,29 |  0,00 | 1,406 | 44,35 | 44,35 |  0,00 | 14,097 | 369,43 | 369,43 | 14,38 | 1074,698 | 313,38 | 366,02 |  0,00 | 139,151 | 27,63 | 27,63 | 298,449 |   NaN | NaN | 0,00 | 0,00 | NaN
  11 |  6,61 | 290,337 | 753,97 | 807,29 | 758,46 |  0,00 | 1,346 | 44,35 | 44,35 |  0,00 | 13,107 | 366,83 | 366,83 | 14,47 | 1081,835 | 315,16 | 368,49 |  0,00 | 139,016 | 27,63 | 27,63 | 298,304 |   NaN | NaN | 0,00 | 0,00 | NaN
  12 |  6,55 | 292,214 | 754,74 | 807,62 | 759,23 |  0,00 | 1,408 | 44,35 | 44,35 |  0,00 | 15,014 | 366,85 | 366,85 | 14,34 | 1084,464 | 315,90 | 368,79 |  0,00 | 139,101 | 27,63 | 27,63 | 298,378 |   NaN | NaN | 0,00 | 0,00 | NaN
  13 |  5,51 | 281,608 | 753,96 | 797,92 | 758,45 |  0,00 | 1,373 | 44,35 | 44,35 |  0,00 | 14,505 | 365,06 | 365,06 | 12,18 | 1040,921 | 316,92 | 360,88 |  0,00 | 139,124 | 27,63 | 27,63 | 298,427 |   NaN | NaN | 0,00 | 0,00 | NaN
  14 |  7,24 | 294,657 | 753,96 | 812,81 | 758,45 |  0,00 | 1,414 | 44,35 | 44,35 |  0,00 | 13,591 | 369,99 | 369,99 | 15,87 | 1108,070 | 311,99 | 370,84 |  0,00 | 139,135 | 27,63 | 27,63 | 298,430 |   NaN | NaN | 0,00 | 0,00 | NaN
  15 |  6,54 | 288,346 | 753,76 | 806,52 | 758,26 |  0,00 | 1,408 | 44,35 | 44,35 |  0,00 | 16,595 | 362,78 | 362,78 | 14,19 | 1057,018 | 319,00 | 371,76 |  0,00 | 139,129 | 27,63 | 27,63 | 298,432 |   NaN | NaN | 0,00 | 0,00 | NaN
  16 |  7,54 | 302,736 | 753,90 | 815,37 | 758,38 |  0,00 | 1,400 | 44,35 | 44,35 |  0,00 | 15,517 | 370,20 | 370,20 | 16,47 | 1137,471 | 311,72 | 373,20 |  0,00 | 139,032 | 27,63 | 27,63 | 298,362 |   NaN | NaN | 0,00 | 0,00 | NaN
  17 |  6,69 | 294,340 | 754,09 | 808,19 | 758,58 |  0,00 | 1,412 | 44,35 | 44,35 |  0,00 | 15,249 | 369,61 | 369,61 | 14,76 | 1103,577 | 312,50 | 366,60 |  0,00 | 139,155 | 27,63 | 27,63 | 298,470 |   NaN | NaN | 0,00 | 0,00 | NaN
  18 |  6,30 | 295,565 | 754,31 | 805,01 | 758,79 |  0,00 | 1,389 | 44,35 | 44,35 |  0,00 | 13,494 | 367,29 | 367,29 | 13,86 | 1101,674 | 315,04 | 365,74 |  0,00 | 138,945 | 27,63 | 27,63 | 298,040 |   NaN | NaN | 0,00 | 0,00 | NaN
  19 |  5,65 | 286,706 | 755,01 | 800,22 | 759,50 |  0,00 | 1,380 | 44,35 | 44,35 |  0,00 | 13,746 | 362,33 | 362,33 | 12,36 | 1049,768 | 320,70 | 365,91 |  0,00 | 139,008 | 27,63 | 27,63 | 298,294 |   NaN | NaN | 0,00 | 0,00 | NaN
  20 |  5,56 | 282,395 | 754,31 | 798,73 | 758,78 |  0,00 | 1,376 | 44,35 | 44,35 |  0,00 | 15,479 | 366,73 | 366,73 | 12,34 | 1047,735 | 315,60 | 360,02 |  0,00 | 138,898 | 27,63 | 27,63 | 298,089 |   NaN | NaN | 0,00 | 0,00 | NaN
  21 |  5,35 | 278,490 | 754,36 | 796,99 | 758,85 |  0,00 | 1,380 | 44,35 | 44,35 |  0,00 | 13,022 | 363,90 | 363,90 | 11,81 | 1026,408 | 318,48 | 361,11 |  0,00 | 139,033 | 27,63 | 27,63 | 298,335 |   NaN | NaN | 0,00 | 0,00 | NaN
  22 |  7,04 | 296,354 | 753,99 | 811,06 | 758,49 |  0,00 | 1,419 | 44,35 | 44,35 |  0,00 | 14,715 | 373,50 | 373,50 | 15,61 | 1125,830 | 308,51 | 365,58 |  0,00 | 139,131 | 27,63 | 27,63 | 298,438 |   NaN | NaN | 0,00 | 0,00 | NaN
  23 |  6,79 | 294,203 | 754,85 | 809,84 | 759,34 |  0,00 | 1,401 | 44,35 | 44,35 |  0,00 | 13,002 | 369,29 | 369,29 | 14,92 | 1102,705 | 313,57 | 368,56 |  0,00 | 139,068 | 27,63 | 27,63 | 298,340 |   NaN | NaN | 0,00 | 0,00 | NaN
  24 |  7,32 | 294,511 | 754,78 | 814,36 | 759,27 |  0,00 | 1,362 | 44,35 | 44,35 |  0,00 | 13,132 | 370,44 | 370,44 | 16,02 | 1107,853 | 312,35 | 371,94 |  0,00 | 139,023 | 27,63 | 27,63 | 298,322 |   NaN | NaN | 0,00 | 0,00 | NaN
  25 |  6,88 | 299,370 | 754,42 | 810,18 | 758,93 |  0,00 | 1,420 | 44,35 | 44,35 |  0,00 | 12,962 | 364,96 | 364,96 | 14,94 | 1108,250 | 317,48 | 373,24 |  0,00 | 139,098 | 27,63 | 27,63 | 298,430 |   NaN | NaN | 0,00 | 0,00 | NaN
  26 |  6,17 | 287,193 | 754,91 | 804,59 | 759,42 |  0,00 | 1,416 | 44,35 | 44,35 |  0,00 | 14,712 | 367,49 | 367,49 | 13,61 | 1067,579 | 315,44 | 365,12 |  0,00 | 139,150 | 27,63 | 27,63 | 298,447 |   NaN | NaN | 0,00 | 0,00 | NaN
  27 |  6,16 | 288,480 | 753,83 | 803,30 | 758,30 |  0,00 | 1,343 | 44,35 | 44,35 |  0,00 | 15,726 | 368,13 | 368,13 | 13,62 | 1076,233 | 313,72 | 363,18 |  0,00 | 138,906 | 27,63 | 27,63 | 298,043 |   NaN | NaN | 0,00 | 0,00 | NaN
  28 |  5,76 | 289,132 | 754,35 | 800,46 | 758,83 |  0,00 | 1,409 | 44,35 | 44,35 |  0,00 | 14,185 | 366,23 | 366,23 | 12,73 | 1072,868 | 316,13 | 362,25 |  0,00 | 139,035 | 27,63 | 27,63 | 298,328 |   NaN | NaN | 0,00 | 0,00 | NaN
  29 |  6,60 | 291,961 | 754,29 | 807,57 | 758,77 |  0,00 | 1,388 | 44,35 | 44,35 |  0,00 | 15,229 | 366,10 | 366,10 | 14,42 | 1081,769 | 316,20 | 369,48 |  0,00 | 139,034 | 27,63 | 27,63 | 298,310 |   NaN | NaN | 0,00 | 0,00 | NaN
  30 |  6,33 | 288,995 | 753,74 | 804,71 | 758,24 |  0,00 | 1,419 | 44,35 | 44,35 |  0,00 | 14,948 | 365,59 | 365,59 | 13,88 | 1070,834 | 316,17 | 367,14 |  0,00 | 138,840 | 27,63 | 27,63 | 297,961 |   NaN | NaN | 0,00 | 0,00 | NaN
  31 |  6,23 | 291,466 | 754,92 | 805,05 | 759,39 |  0,00 | 1,386 | 44,35 | 44,35 |  0,00 | 13,967 | 367,71 | 367,71 | 13,72 | 1085,258 | 315,23 | 365,36 |  0,00 | 139,022 | 27,63 | 27,63 | 298,279 |   NaN | NaN | 0,00 | 0,00 | NaN
  32 |  6,77 | 297,938 | 755,16 | 809,95 | 759,62 |  0,00 | 1,342 | 44,35 | 44,35 |  0,00 | 15,304 | 367,86 | 367,86 | 14,81 | 1108,581 | 315,32 | 370,11 |  0,00 | 138,906 | 27,63 | 27,63 | 298,169 |   NaN | NaN | 0,00 | 0,00 | NaN
  33 |  6,11 | 289,552 | 754,48 | 803,57 | 758,95 |  0,00 | 1,407 | 44,35 | 44,35 |  0,00 | 16,549 | 364,86 | 364,86 | 13,39 | 1066,625 | 317,63 | 366,72 |  0,00 | 138,926 | 27,63 | 27,63 | 298,146 |   NaN | NaN | 0,00 | 0,00 | NaN
  34 |  6,39 | 295,699 | 754,86 | 806,40 | 759,35 |  0,00 | 1,399 | 44,35 | 44,35 |  0,00 | 15,033 | 366,72 | 366,72 | 14,02 | 1097,030 | 316,16 | 367,70 |  0,00 | 138,995 | 27,63 | 27,63 | 298,136 |   NaN | NaN | 0,00 | 0,00 | NaN
  35 |  6,92 | 299,097 | 754,90 | 810,98 | 759,37 |  0,00 | 1,348 | 44,35 | 44,35 |  0,00 | 13,639 | 369,77 | 369,77 | 15,19 | 1122,112 | 313,15 | 369,23 |  0,00 | 138,903 | 27,63 | 27,63 | 298,088 |   NaN | NaN | 0,00 | 0,00 | NaN
  36 |  6,17 | 289,649 | 754,77 | 804,40 | 759,25 |  0,00 | 1,401 | 44,35 | 44,35 |  0,00 | 14,089 | 364,54 | 364,54 | 13,49 | 1067,893 | 318,25 | 367,88 |  0,00 | 138,973 | 27,63 | 27,63 | 298,141 |   NaN | NaN | 0,00 | 0,00 | NaN
  37 |  7,08 | 297,787 | 754,97 | 812,48 | 759,44 |  0,00 | 1,384 | 44,35 | 44,35 |  0,00 | 14,478 | 372,25 | 372,25 | 15,62 | 1124,765 | 310,73 | 368,25 |  0,00 | 138,939 | 27,63 | 27,63 | 298,199 |   NaN | NaN | 0,00 | 0,00 | NaN
  38 |  7,31 | 301,755 | 754,51 | 814,04 | 759,00 |  0,00 | 1,375 | 44,35 | 44,35 |  0,00 | 11,669 | 370,88 | 370,88 | 16,04 | 1139,752 | 311,65 | 371,18 |  0,00 | 138,844 | 27,63 | 27,63 | 297,939 |   NaN | NaN | 0,00 | 0,00 | NaN
  39 |  5,63 | 285,181 | 754,50 | 799,53 | 759,00 |  0,00 | 1,419 | 44,35 | 44,35 |  0,00 | 17,694 | 365,99 | 365,99 | 12,45 | 1052,419 | 316,53 | 361,56 |  0,00 | 139,014 | 27,63 | 27,63 | 298,207 |   NaN | NaN | 0,00 | 0,00 | NaN
  40 |  5,48 | 279,601 | 753,21 | 796,88 | 757,69 |  0,00 | 1,419 | 44,35 | 44,35 |  0,00 | 12,108 | 365,60 | 365,60 | 12,16 | 1039,608 | 315,63 | 359,30 |  0,00 | 138,995 | 27,63 | 27,63 | 298,133 |   NaN | NaN | 0,00 | 0,00 | NaN
  41 |  7,14 | 293,742 | 754,24 | 812,28 | 758,73 |  0,00 | 1,402 | 44,35 | 44,35 |  0,00 | 14,176 | 367,51 | 367,51 | 15,57 | 1094,511 | 314,75 | 372,78 |  0,00 | 139,086 | 27,63 | 27,63 | 298,341 |   NaN | NaN | 0,00 | 0,00 | NaN
  42 |  6,80 | 296,938 | 754,03 | 809,07 | 758,51 |  0,00 | 1,347 | 44,35 | 44,35 |  0,00 | 13,563 | 367,71 | 367,71 | 14,90 | 1108,857 | 314,34 | 369,37 |  0,00 | 139,070 | 27,63 | 27,63 | 298,337 |   NaN | NaN | 0,00 | 0,00 | NaN
  43 |  7,33 | 299,341 | 754,38 | 814,06 | 758,87 |  0,00 | 1,426 | 44,35 | 44,35 |  0,00 | 13,345 | 372,44 | 372,44 | 16,15 | 1133,976 | 309,96 | 369,64 |  0,00 | 138,934 | 27,63 | 27,63 | 298,140 |   NaN | NaN | 0,00 | 0,00 | NaN
  44 |  6,86 | 300,834 | 754,18 | 809,71 | 758,65 |  0,00 | 1,338 | 44,35 | 44,35 |  0,00 | 14,642 | 368,48 | 368,48 | 15,04 | 1124,745 | 313,72 | 369,25 |  0,00 | 139,098 | 27,63 | 27,63 | 298,340 |   NaN | NaN | 0,00 | 0,00 | NaN
  45 |  6,73 | 294,721 | 754,54 | 809,01 | 759,04 |  0,00 | 1,422 | 44,35 | 44,35 |  0,00 | 14,436 | 371,26 | 371,26 | 14,89 | 1110,288 | 311,30 | 365,76 |  0,00 | 139,097 | 27,63 | 27,63 | 298,371 |   NaN | NaN | 0,00 | 0,00 | NaN
  46 |  6,61 | 287,327 | 754,15 | 807,52 | 758,63 |  0,00 | 1,361 | 44,35 | 44,35 |  0,00 | 16,884 | 367,01 | 367,01 | 14,48 | 1065,886 | 315,15 | 368,53 |  0,00 | 138,939 | 27,63 | 27,63 | 298,177 |   NaN | NaN | 0,00 | 0,00 | NaN
  47 |  6,64 | 293,599 | 754,46 | 808,11 | 758,94 |  0,00 | 1,359 | 44,35 | 44,35 |  0,00 | 15,460 | 370,72 | 370,72 | 14,68 | 1103,488 | 311,76 | 365,41 |  0,00 | 138,942 | 27,63 | 27,63 | 298,203 |   NaN | NaN | 0,00 | 0,00 | NaN
  48 |  6,37 | 286,136 | 753,41 | 804,66 | 757,89 |  0,00 | 1,389 | 44,35 | 44,35 |  0,00 | 16,429 | 366,89 | 366,89 | 14,01 | 1063,156 | 314,54 | 365,78 |  0,00 | 139,063 | 27,63 | 27,63 | 298,330 |   NaN | NaN | 0,00 | 0,00 | NaN
  49 |  6,42 | 291,773 | 753,59 | 805,30 | 758,07 |  0,00 | 1,401 | 44,35 | 44,35 |  0,00 | 16,164 | 367,76 | 367,76 | 14,15 | 1087,519 | 313,85 | 365,56 |  0,00 | 139,064 | 27,63 | 27,63 | 298,351 |   NaN | NaN | 0,00 | 0,00 | NaN
  50 |  6,76 | 292,184 | 754,76 | 809,51 | 759,25 |  0,00 | 1,355 | 44,35 | 44,35 |  0,00 | 14,457 | 371,52 | 371,52 | 14,96 | 1100,938 | 311,25 | 366,00 |  0,00 | 138,772 | 27,63 | 27,63 | 297,966 |   NaN | NaN | 0,00 | 0,00 | NaN
  51 |  6,75 | 296,153 | 753,99 | 808,59 | 758,47 |  0,00 | 1,353 | 44,35 | 44,35 |  0,00 | 13,614 | 367,22 | 367,22 | 14,78 | 1104,163 | 314,79 | 369,39 |  0,00 | 139,057 | 27,63 | 27,63 | 298,334 |   NaN | NaN | 0,00 | 0,00 | NaN
  52 |  6,02 | 285,643 | 753,41 | 801,64 | 757,88 |  0,00 | 1,380 | 44,35 | 44,35 |  0,00 | 15,801 | 362,29 | 362,29 | 13,13 | 1046,917 | 319,14 | 367,38 |  0,00 | 139,065 | 27,63 | 27,63 | 298,322 |   NaN | NaN | 0,00 | 0,00 | NaN
  53 |  6,83 | 298,966 | 754,60 | 809,96 | 759,09 |  0,00 | 1,367 | 44,35 | 44,35 |  0,00 | 16,013 | 369,50 | 369,50 | 15,02 | 1118,639 | 313,11 | 368,47 |  0,00 | 139,056 | 27,63 | 27,63 | 298,333 |   NaN | NaN | 0,00 | 0,00 | NaN
  54 |  6,03 | 288,933 | 754,91 | 803,36 | 759,38 |  0,00 | 1,370 | 44,35 | 44,35 |  0,00 | 14,066 | 367,96 | 367,96 | 13,33 | 1076,801 | 314,97 | 363,42 |  0,00 | 139,036 | 27,63 | 27,63 | 298,319 |   NaN | NaN | 0,00 | 0,00 | NaN
  55 |  6,43 | 295,002 | 754,79 | 806,69 | 759,28 |  0,00 | 1,355 | 44,35 | 44,35 |  0,00 | 15,208 | 366,60 | 366,60 | 14,10 | 1094,189 | 316,21 | 368,11 |  0,00 | 138,846 | 27,63 | 27,63 | 297,970 |   NaN | NaN | 0,00 | 0,00 | NaN
  56 |  6,12 | 295,536 | 754,63 | 803,80 | 759,11 |  0,00 | 1,360 | 44,35 | 44,35 |  0,00 | 14,241 | 364,65 | 364,65 | 13,39 | 1090,903 | 318,00 | 367,17 |  0,00 | 139,056 | 27,63 | 27,63 | 298,338 |   NaN | NaN | 0,00 | 0,00 | NaN
  57 |  6,67 | 280,890 | 754,63 | 808,57 | 759,10 |  0,00 | 1,357 | 44,35 | 44,35 |  0,00 | 14,772 | 367,57 | 367,57 | 14,62 | 1044,517 | 315,08 | 369,02 |  0,00 | 138,980 | 27,63 | 27,63 | 298,266 |   NaN | NaN | 0,00 | 0,00 | NaN
  58 |  6,45 | 294,135 | 754,73 | 806,73 | 759,21 |  0,00 | 1,386 | 44,35 | 44,35 |  0,00 | 13,129 | 366,13 | 366,13 | 14,11 | 1091,665 | 316,62 | 368,62 |  0,00 | 139,107 | 27,63 | 27,63 | 298,410 |   NaN | NaN | 0,00 | 0,00 | NaN
  59 |  7,13 | 297,266 | 754,02 | 811,93 | 758,49 |  0,00 | 1,405 | 44,35 | 44,35 |  0,00 | 13,367 | 368,47 | 368,47 | 15,59 | 1113,066 | 313,57 | 371,48 |  0,00 | 138,988 | 27,63 | 27,63 | 298,131 |   NaN | NaN | 0,00 | 0,00 | NaN
  60 |  6,44 | 295,452 | 753,85 | 805,74 | 758,33 |  0,00 | 1,340 | 44,35 | 44,35 |  0,00 | 13,565 | 367,16 | 367,16 | 14,15 | 1102,032 | 314,70 | 366,59 |  0,00 | 139,042 | 27,63 | 27,63 | 298,280 |   NaN | NaN | 0,00 | 0,00 | NaN
  61 |  6,82 | 291,028 | 754,82 | 810,06 | 759,29 |  0,00 | 1,362 | 44,35 | 44,35 |  0,00 | 12,598 | 368,19 | 368,19 | 14,93 | 1087,050 | 314,65 | 369,89 |  0,00 | 138,841 | 27,63 | 27,63 | 298,106 |   NaN | NaN | 0,00 | 0,00 | NaN
  62 |  6,84 | 294,993 | 754,35 | 809,71 | 758,85 |  0,00 | 1,424 | 44,35 | 44,35 |  0,00 | 13,154 | 368,95 | 368,95 | 15,01 | 1105,503 | 313,42 | 368,78 |  0,00 | 139,088 | 27,63 | 27,63 | 298,353 |   NaN | NaN | 0,00 | 0,00 | NaN
  63 |  6,72 | 291,109 | 753,84 | 808,16 | 758,31 |  0,00 | 1,379 | 44,35 | 44,35 |  0,00 | 14,106 | 368,31 | 368,31 | 14,77 | 1088,435 | 313,55 | 367,87 |  0,00 | 138,811 | 27,63 | 27,63 | 297,927 |   NaN | NaN | 0,00 | 0,00 | NaN
  64 |  5,96 | 287,991 | 754,94 | 802,76 | 759,44 |  0,00 | 1,423 | 44,35 | 44,35 |  0,00 | 14,222 | 363,33 | 363,33 | 13,02 | 1057,204 | 319,63 | 367,45 |  0,00 | 139,088 | 27,63 | 27,63 | 298,335 |   NaN | NaN | 0,00 | 0,00 | NaN

= = = = = = = = = = = = AVERAGE RESULTS system = = = = = = = = = = = =
meanPLR_system | 6,530376 
meanDelay_system | 291,822671 
meanLoad_system | 807,094496 
meanTHR_system | 754,366562 
meanGate_system | 758,850328 

meanPLR_EF_system | 0,000000 
meanPLR_AF_system | 0,000000 
meanPLR_BE_system | 14,346337 
meanPLR_FLA_system | 0,000000 
meanPLR_FLB_system | NaN 

meanTHR_EF_system | 44,352002 
meanTHR_AF_system | 367,754196 
meanTHR_BE_system | 314,629512 
meanTHR_FLA_system | 28,023668 
meanTHR_FLB_system | 0,000000 

meanLoad_EF_system | 44,352002 
meanLoad_AF_system | 367,754196 
meanLoad_BE_system | 367,357446 
meanLoad_FLA_system | 28,023668 
meanLoad_FLB_system | 0,000000 

meanDELAY_EF_system | 1,384319 
meanDELAY_AF_system | 14,582275 
meanDELAY_BE_system | 1087,741332 
meanDELAY_FLA_system | 139,020571 
meanDELAY_FLB_system | NaN 
meanDELAY_CompleteFLA_system | 298,271336 
meanDELAY_CompleteFLB_system | NaN 

= = = = = = = = = = = = AVERAGE RESULTS = = = = = = = = = = = =
Packet Loss Ratio: 06,53 (%)
PROCESSED PACKAGES: 2584990976 
DISCARTED PACKAGES: 112584284 
TOTAL PACKAGES: 2697575260 
AVERAGE DELAY: 55073,30 (ms) 
AVERAGE THROUGHPUT: 754,37 (Mbps) 
GRANTED THROUGHPUT: 48566,42 (Mbps) By 64 ONUs
EFFECTIVE THROUGHPUT: 48279,46 (Mbps) By 64 ONUs
TOTAL LOAD: 51654,05 (Mbps) By 64 ONUs
ON Arrival THROUGHPUT: 0,00 (Mbps) By 64 ONUs
FINISHTIMEFL: 211,021630 
FINISHTIME: 214,021630 


fileName | IPACT_STRICTPRIORITY_5_28_98_0 
