
ONU ID 	|  PLR(%) | Delay(ms) | Throughput(Mbps) | Granted Throughput(Mbps) | Total Load (Mbps) 

  ID |  PLR(%) |  D  | Thr |  Gates  |  Load  | PLR-EF | D-EF | ThrEF | LoadEF | PLR-AF | D-AF | ThrAF | LoadAF | PLR-BE | D-BE | ThrBE | LoadBE | PLR-FA | D-FA | ThrFA | LoadFA | DTFA |  PLR-FB | D-FB | ThrFB | LoadFB | DTFB | 
   1 |  0,00 | 0,355 | 530,65 | 530,65 | 573,02 |  0,00 | 0,132 | 44,35 | 44,35 |  0,00 | 0,246 | 228,10 | 228,10 |  0,00 | 0,338 | 222,06 | 222,06 |  0,00 | 7,680 | 36,14 | 36,14 | 36,437 |   NaN | NaN | 0,00 | 0,00 | NaN
   2 |  0,00 | 1,683 | 532,89 | 532,89 | 580,27 |  0,00 | 0,144 | 44,35 | 44,35 |  0,00 | 0,152 | 227,93 | 227,93 |  0,00 | 0,204 | 224,47 | 224,47 |  0,00 | 77,625 | 36,14 | 36,14 | 176,171 |   NaN | NaN | 0,00 | 0,00 | NaN
   3 |  0,00 | 1,546 | 528,36 | 528,36 | 566,56 |  0,00 | 0,081 | 44,35 | 44,35 |  0,00 | 0,089 | 224,32 | 224,32 |  0,00 | 0,278 | 223,55 | 223,55 |  0,00 | 71,935 | 36,14 | 36,14 | 163,289 |   NaN | NaN | 0,00 | 0,00 | NaN
   4 |  0,00 | 0,324 | 534,09 | 534,09 | 572,16 |  0,00 | 0,086 | 44,35 | 44,35 |  0,00 | 0,211 | 228,26 | 228,26 |  0,00 | 0,393 | 225,33 | 225,33 |  0,00 | 7,124 | 36,14 | 36,14 | 35,221 |   NaN | NaN | 0,00 | 0,00 | NaN
   5 |  0,00 | 2,312 | 529,54 | 529,54 | 568,41 |  0,00 | 0,112 | 44,35 | 44,35 |  0,00 | 0,115 | 224,92 | 224,92 |  0,00 | 0,241 | 224,13 | 224,13 |  0,00 | 110,162 | 36,14 | 36,14 | 241,217 |   NaN | NaN | 0,00 | 0,00 | NaN
   6 |  0,00 | 1,873 | 532,66 | 532,66 | 570,01 |  0,00 | 0,063 | 44,35 | 44,35 |  0,00 | 0,072 | 226,44 | 226,44 |  0,00 | 0,306 | 225,73 | 225,73 |  0,00 | 89,157 | 36,14 | 36,14 | 199,542 |   NaN | NaN | 0,00 | 0,00 | NaN
   7 |  0,00 | 0,596 | 531,65 | 531,65 | 569,90 |  0,00 | 0,079 | 44,35 | 44,35 |  0,00 | 0,086 | 226,12 | 226,12 |  0,00 | 0,280 | 225,04 | 225,04 |  0,00 | 23,922 | 36,14 | 36,14 | 69,173 |   NaN | NaN | 0,00 | 0,00 | NaN
   8 |  0,00 | 1,707 | 531,36 | 531,36 | 572,97 |  0,00 | 0,129 | 44,35 | 44,35 |  0,00 | 0,135 | 224,57 | 224,57 |  0,00 | 0,224 | 226,29 | 226,29 |  0,00 | 79,132 | 36,14 | 36,14 | 180,303 |   NaN | NaN | 0,00 | 0,00 | NaN
   9 |  0,00 | 0,998 | 532,82 | 532,82 | 570,87 |  0,00 | 0,069 | 44,35 | 44,35 |  0,00 | 0,073 | 225,83 | 225,83 |  0,00 | 0,291 | 226,50 | 226,50 |  0,00 | 44,681 | 36,14 | 36,14 | 110,411 |   NaN | NaN | 0,00 | 0,00 | NaN
  10 |  0,00 | 0,364 | 529,82 | 529,82 | 571,42 |  0,00 | 0,129 | 44,35 | 44,35 |  0,00 | 0,267 | 225,24 | 225,24 |  0,00 | 0,358 | 224,08 | 224,08 |  0,00 | 7,743 | 36,14 | 36,14 | 36,386 |   NaN | NaN | 0,00 | 0,00 | NaN
  11 |  0,00 | 5,189 | 528,69 | 528,69 | 566,79 |  0,00 | 0,069 | 44,35 | 44,35 |  0,00 | 0,094 | 222,61 | 222,61 |  0,00 | 0,305 | 225,59 | 225,59 |  0,00 | 256,366 | 36,14 | 36,14 | 551,355 |   NaN | NaN | 0,00 | 0,00 | NaN
  12 |  0,00 | 1,931 | 530,48 | 530,48 | 572,81 |  0,00 | 0,131 | 44,35 | 44,35 |  0,00 | 0,137 | 224,86 | 224,86 |  0,00 | 0,215 | 225,13 | 225,13 |  0,00 | 90,420 | 36,14 | 36,14 | 202,596 |   NaN | NaN | 0,00 | 0,00 | NaN
  13 |  0,00 | 1,652 | 526,36 | 526,36 | 564,68 |  0,00 | 0,096 | 44,35 | 44,35 |  0,00 | 0,101 | 224,05 | 224,05 |  0,00 | 0,259 | 221,82 | 221,82 |  0,00 | 76,764 | 36,14 | 36,14 | 174,149 |   NaN | NaN | 0,00 | 0,00 | NaN
  14 |  0,00 | 2,287 | 531,89 | 531,89 | 576,19 |  0,00 | 0,137 | 44,35 | 44,35 |  0,00 | 0,142 | 225,74 | 225,74 |  0,00 | 0,212 | 225,65 | 225,65 |  0,00 | 108,466 | 36,14 | 36,14 | 237,610 |   NaN | NaN | 0,00 | 0,00 | NaN
  15 |  0,00 | 0,639 | 528,53 | 528,53 | 570,88 |  0,00 | 0,131 | 44,35 | 44,35 |  0,00 | 0,134 | 221,52 | 221,52 |  0,00 | 0,219 | 226,52 | 226,52 |  0,00 | 24,797 | 36,14 | 36,14 | 71,366 |   NaN | NaN | 0,00 | 0,00 | NaN
  16 |  0,00 | 1,262 | 536,09 | 536,09 | 576,21 |  0,00 | 0,123 | 44,35 | 44,35 |  0,00 | 0,129 | 225,97 | 225,97 |  0,00 | 0,226 | 229,62 | 229,62 |  0,00 | 56,969 | 36,14 | 36,14 | 135,225 |   NaN | NaN | 0,00 | 0,00 | NaN
  17 |  0,00 | 1,196 | 532,88 | 532,88 | 576,44 |  0,00 | 0,135 | 44,35 | 44,35 |  0,00 | 0,139 | 226,99 | 226,99 |  0,00 | 0,211 | 225,39 | 225,39 |  0,00 | 53,168 | 36,14 | 36,14 | 127,051 |   NaN | NaN | 0,00 | 0,00 | NaN
  18 |  0,00 | 3,965 | 528,57 | 528,57 | 567,43 |  0,00 | 0,112 | 44,35 | 44,35 |  0,00 | 0,119 | 224,00 | 224,00 |  0,00 | 0,243 | 224,08 | 224,08 |  0,00 | 193,673 | 36,14 | 36,14 | 442,599 |   NaN | NaN | 0,00 | 0,00 | NaN
  19 |  0,00 | 3,549 | 524,66 | 524,66 | 563,11 |  0,00 | 0,103 | 44,35 | 44,35 |  0,00 | 0,108 | 221,27 | 221,27 |  0,00 | 0,251 | 222,90 | 222,90 |  0,00 | 172,164 | 36,14 | 36,14 | 336,509 |   NaN | NaN | 0,00 | 0,00 | NaN
  20 |  0,00 | 4,913 | 527,44 | 527,44 | 565,77 |  0,00 | 0,099 | 44,35 | 44,35 |  0,00 | 0,116 | 225,45 | 225,45 |  0,00 | 0,271 | 221,49 | 221,49 |  0,00 | 241,540 | 36,14 | 36,14 | 542,834 |   NaN | NaN | 0,00 | 0,00 | NaN
  21 |  0,00 | 0,393 | 523,24 | 523,24 | 561,66 |  0,00 | 0,103 | 44,35 | 44,35 |  0,00 | 0,109 | 222,01 | 222,01 |  0,00 | 0,260 | 220,73 | 220,73 |  0,00 | 12,831 | 36,14 | 36,14 | 46,695 |   NaN | NaN | 0,00 | 0,00 | NaN
  22 |  0,00 | 2,415 | 533,83 | 533,83 | 580,00 |  0,00 | 0,142 | 44,35 | 44,35 |  0,00 | 0,145 | 229,33 | 229,33 |  0,00 | 0,208 | 224,01 | 224,01 |  0,00 | 115,140 | 36,14 | 36,14 | 251,747 |   NaN | NaN | 0,00 | 0,00 | NaN
  23 |  0,00 | 5,284 | 530,29 | 530,29 | 570,61 |  0,00 | 0,124 | 44,35 | 44,35 |  0,00 | 0,179 | 224,98 | 224,98 |  0,00 | 0,246 | 224,81 | 224,81 |  0,00 | 259,940 | 36,14 | 36,14 | 495,102 |   NaN | NaN | 0,00 | 0,00 | NaN
  24 |  0,00 | 1,656 | 533,31 | 533,31 | 571,53 |  0,00 | 0,085 | 44,35 | 44,35 |  0,00 | 0,092 | 225,20 | 225,20 |  0,00 | 0,270 | 227,61 | 227,61 |  0,00 | 77,739 | 36,14 | 36,14 | 176,621 |   NaN | NaN | 0,00 | 0,00 | NaN
  25 |  0,00 | 0,745 | 533,98 | 533,98 | 580,80 |  0,00 | 0,143 | 44,35 | 44,35 |  0,00 | 0,149 | 224,44 | 224,44 |  0,00 | 0,205 | 229,04 | 229,04 |  0,00 | 30,003 | 36,14 | 36,14 | 81,233 |   NaN | NaN | 0,00 | 0,00 | NaN
  26 |  0,00 | 0,616 | 528,46 | 528,46 | 573,61 |  0,00 | 0,139 | 44,35 | 44,35 |  0,00 | 0,150 | 224,64 | 224,64 |  0,00 | 0,214 | 223,32 | 223,32 |  0,00 | 23,270 | 36,14 | 36,14 | 66,670 |   NaN | NaN | 0,00 | 0,00 | NaN
  27 |  0,00 | 3,881 | 528,82 | 528,82 | 566,72 |  0,00 | 0,066 | 44,35 | 44,35 |  0,00 | 0,078 | 226,05 | 226,05 |  0,00 | 0,299 | 222,27 | 222,27 |  0,00 | 190,529 | 36,14 | 36,14 | 427,131 |   NaN | NaN | 0,00 | 0,00 | NaN
  28 |  0,00 | 5,398 | 526,05 | 526,05 | 568,54 |  0,00 | 0,132 | 44,35 | 44,35 |  0,00 | 0,183 | 225,18 | 225,18 |  0,00 | 0,308 | 220,38 | 220,38 |  0,00 | 263,575 | 36,14 | 36,14 | 504,704 |   NaN | NaN | 0,00 | 0,00 | NaN
  29 |  0,00 | 5,365 | 532,15 | 532,15 | 570,93 |  0,00 | 0,111 | 44,35 | 44,35 |  0,00 | 0,126 | 225,71 | 225,71 |  0,00 | 0,256 | 225,94 | 225,94 |  0,00 | 265,347 | 36,14 | 36,14 | 548,531 |   NaN | NaN | 0,00 | 0,00 | NaN
  30 |  0,00 | 4,340 | 528,66 | 528,66 | 575,00 |  0,00 | 0,142 | 44,35 | 44,35 |  0,00 | 0,151 | 223,63 | 223,63 |  0,00 | 0,211 | 224,53 | 224,53 |  0,00 | 211,939 | 36,14 | 36,14 | 499,456 |   NaN | NaN | 0,00 | 0,00 | NaN
  31 |  0,00 | 5,374 | 528,46 | 528,46 | 567,12 |  0,00 | 0,109 | 44,35 | 44,35 |  0,00 | 0,188 | 225,62 | 225,62 |  0,00 | 0,279 | 222,35 | 222,35 |  0,00 | 263,931 | 36,14 | 36,14 | 503,348 |   NaN | NaN | 0,00 | 0,00 | NaN
  32 |  0,00 | 5,135 | 532,09 | 532,09 | 569,99 |  0,00 | 0,066 | 44,35 | 44,35 |  0,00 | 0,096 | 225,31 | 225,31 |  0,00 | 0,331 | 226,29 | 226,29 |  0,00 | 254,320 | 36,14 | 36,14 | 550,847 |   NaN | NaN | 0,00 | 0,00 | NaN
  33 |  0,00 | 4,730 | 528,91 | 528,91 | 570,93 |  0,00 | 0,130 | 44,35 | 44,35 |  0,00 | 0,163 | 224,00 | 224,00 |  0,00 | 0,241 | 224,41 | 224,41 |  0,00 | 231,515 | 36,14 | 36,14 | 531,772 |   NaN | NaN | 0,00 | 0,00 | NaN
  34 |  0,00 | 3,848 | 528,76 | 528,76 | 568,72 |  0,00 | 0,122 | 44,35 | 44,35 |  0,00 | 0,128 | 224,95 | 224,95 |  0,00 | 0,231 | 223,31 | 223,31 |  0,00 | 187,573 | 36,14 | 36,14 | 405,771 |   NaN | NaN | 0,00 | 0,00 | NaN
  35 |  0,00 | 3,874 | 534,19 | 534,19 | 572,33 |  0,00 | 0,071 | 44,35 | 44,35 |  0,00 | 0,076 | 226,68 | 226,68 |  0,00 | 0,285 | 227,02 | 227,02 |  0,00 | 191,259 | 36,14 | 36,14 | 406,381 |   NaN | NaN | 0,00 | 0,00 | NaN
  36 |  0,00 | 3,851 | 528,98 | 528,98 | 569,49 |  0,00 | 0,124 | 44,35 | 44,35 |  0,00 | 0,138 | 222,07 | 222,07 |  0,00 | 0,229 | 226,42 | 226,42 |  0,00 | 187,620 | 36,14 | 36,14 | 414,228 |   NaN | NaN | 0,00 | 0,00 | NaN
  37 |  0,00 | 5,143 | 533,95 | 533,95 | 572,51 |  0,00 | 0,107 | 44,35 | 44,35 |  0,00 | 0,133 | 228,14 | 228,14 |  0,00 | 0,254 | 225,31 | 225,31 |  0,00 | 254,579 | 36,14 | 36,14 | 551,330 |   NaN | NaN | 0,00 | 0,00 | NaN
  38 |  0,00 | 4,182 | 532,83 | 532,83 | 571,18 |  0,00 | 0,098 | 44,35 | 44,35 |  0,00 | 0,102 | 226,33 | 226,33 |  0,00 | 0,254 | 226,00 | 226,00 |  0,00 | 205,992 | 36,14 | 36,14 | 482,636 |   NaN | NaN | 0,00 | 0,00 | NaN
  39 |  0,00 | 4,848 | 522,88 | 522,88 | 569,13 |  0,00 | 0,142 | 44,35 | 44,35 |  0,00 | 0,145 | 222,06 | 222,06 |  0,00 | 0,220 | 220,33 | 220,33 |  0,00 | 236,251 | 36,14 | 36,14 | 537,635 |   NaN | NaN | 0,00 | 0,00 | NaN
  40 |  0,00 | 3,931 | 525,91 | 525,91 | 572,07 |  0,00 | 0,142 | 44,35 | 44,35 |  0,00 | 0,148 | 224,86 | 224,86 |  0,00 | 0,217 | 220,55 | 220,55 |  0,00 | 190,644 | 36,14 | 36,14 | 428,816 |   NaN | NaN | 0,00 | 0,00 | NaN
  41 |  0,00 | 5,453 | 532,95 | 532,95 | 573,67 |  0,00 | 0,125 | 44,35 | 44,35 |  0,00 | 0,163 | 223,03 | 223,03 |  0,00 | 0,277 | 229,42 | 229,42 |  0,00 | 269,025 | 36,14 | 36,14 | 533,046 |   NaN | NaN | 0,00 | 0,00 | NaN
  42 |  0,00 | 5,329 | 534,45 | 534,45 | 572,59 |  0,00 | 0,071 | 44,35 | 44,35 |  0,00 | 0,088 | 226,66 | 226,66 |  0,00 | 0,299 | 227,30 | 227,30 |  0,00 | 265,160 | 36,14 | 36,14 | 548,631 |   NaN | NaN | 0,00 | 0,00 | NaN
  43 |  0,00 | 4,759 | 536,79 | 536,79 | 581,54 |  0,00 | 0,149 | 44,35 | 44,35 |  0,00 | 0,157 | 228,72 | 228,72 |  0,00 | 0,212 | 227,57 | 227,57 |  0,00 | 234,819 | 36,14 | 36,14 | 536,233 |   NaN | NaN | 0,00 | 0,00 | NaN
  44 |  0,00 | 5,447 | 532,67 | 532,67 | 570,13 |  0,00 | 0,063 | 44,35 | 44,35 |  0,00 | 0,177 | 224,57 | 224,57 |  0,00 | 0,382 | 227,61 | 227,61 |  0,00 | 268,836 | 36,14 | 36,14 | 525,853 |   NaN | NaN | 0,00 | 0,00 | NaN
  45 |  0,00 | 5,430 | 529,44 | 529,44 | 577,42 |  0,00 | 0,145 | 44,35 | 44,35 |  0,00 | 0,170 | 227,24 | 227,24 |  0,00 | 0,243 | 221,71 | 221,71 |  0,00 | 266,705 | 36,14 | 36,14 | 545,142 |   NaN | NaN | 0,00 | 0,00 | NaN
  46 |  0,00 | 4,932 | 529,77 | 529,77 | 568,01 |  0,00 | 0,084 | 44,35 | 44,35 |  0,00 | 0,100 | 223,40 | 223,40 |  0,00 | 0,285 | 225,87 | 225,87 |  0,00 | 243,403 | 36,14 | 36,14 | 543,835 |   NaN | NaN | 0,00 | 0,00 | NaN
  47 |  0,00 | 5,208 | 528,99 | 528,99 | 567,23 |  0,00 | 0,082 | 44,35 | 44,35 |  0,00 | 0,135 | 225,92 | 225,92 |  0,00 | 0,300 | 222,58 | 222,58 |  0,00 | 256,723 | 36,14 | 36,14 | 486,076 |   NaN | NaN | 0,00 | 0,00 | NaN
  48 |  0,00 | 5,434 | 528,27 | 528,27 | 567,17 |  0,00 | 0,112 | 44,35 | 44,35 |  0,00 | 0,129 | 223,71 | 223,71 |  0,00 | 0,292 | 224,06 | 224,06 |  0,00 | 267,325 | 36,14 | 36,14 | 522,080 |   NaN | NaN | 0,00 | 0,00 | NaN
  49 |  0,00 | 5,267 | 528,59 | 528,59 | 569,05 |  0,00 | 0,124 | 44,35 | 44,35 |  0,00 | 0,164 | 225,20 | 225,20 |  0,00 | 0,296 | 222,89 | 222,89 |  0,00 | 258,183 | 36,14 | 36,14 | 489,224 |   NaN | NaN | 0,00 | 0,00 | NaN
  50 |  0,00 | 4,832 | 532,06 | 532,06 | 570,29 |  0,00 | 0,078 | 44,35 | 44,35 |  0,00 | 0,088 | 226,99 | 226,99 |  0,00 | 0,281 | 224,58 | 224,58 |  0,00 | 239,252 | 36,14 | 36,14 | 539,453 |   NaN | NaN | 0,00 | 0,00 | NaN
  51 |  0,00 | 5,439 | 530,65 | 530,65 | 568,89 |  0,00 | 0,076 | 44,35 | 44,35 |  0,00 | 0,178 | 224,41 | 224,41 |  0,00 | 0,331 | 225,74 | 225,74 |  0,00 | 268,159 | 36,14 | 36,14 | 530,550 |   NaN | NaN | 0,00 | 0,00 | NaN
  52 |  0,00 | 5,436 | 530,55 | 530,55 | 569,05 |  0,00 | 0,103 | 44,35 | 44,35 |  0,00 | 0,153 | 222,26 | 222,26 |  0,00 | 0,319 | 227,80 | 227,80 |  0,00 | 267,647 | 36,14 | 36,14 | 541,628 |   NaN | NaN | 0,00 | 0,00 | NaN
  53 |  0,00 | 5,085 | 531,39 | 531,39 | 569,67 |  0,00 | 0,090 | 44,35 | 44,35 |  0,00 | 0,112 | 226,47 | 226,47 |  0,00 | 0,268 | 224,42 | 224,42 |  0,00 | 251,474 | 36,14 | 36,14 | 549,504 |   NaN | NaN | 0,00 | 0,00 | NaN
  54 |  0,00 | 5,409 | 526,90 | 526,90 | 565,18 |  0,00 | 0,093 | 44,35 | 44,35 |  0,00 | 0,124 | 225,05 | 225,05 |  0,00 | 0,290 | 221,36 | 221,36 |  0,00 | 266,283 | 36,14 | 36,14 | 546,619 |   NaN | NaN | 0,00 | 0,00 | NaN
  55 |  0,00 | 4,138 | 527,98 | 527,98 | 566,19 |  0,00 | 0,078 | 44,35 | 44,35 |  0,00 | 0,085 | 222,76 | 222,76 |  0,00 | 0,281 | 224,73 | 224,73 |  0,00 | 203,147 | 36,14 | 36,14 | 477,483 |   NaN | NaN | 0,00 | 0,00 | NaN
  56 |  0,00 | 5,459 | 527,23 | 527,23 | 565,49 |  0,00 | 0,083 | 44,35 | 44,35 |  0,00 | 0,130 | 223,24 | 223,24 |  0,00 | 0,326 | 223,49 | 223,49 |  0,00 | 268,697 | 36,14 | 36,14 | 529,209 |   NaN | NaN | 0,00 | 0,00 | NaN
  57 |  0,00 | 5,340 | 530,02 | 530,02 | 568,25 |  0,00 | 0,080 | 44,35 | 44,35 |  0,00 | 0,104 | 224,34 | 224,34 |  0,00 | 0,322 | 225,19 | 225,19 |  0,00 | 263,820 | 36,14 | 36,14 | 503,213 |   NaN | NaN | 0,00 | 0,00 | NaN
  58 |  0,00 | 5,394 | 530,92 | 530,92 | 569,61 |  0,00 | 0,109 | 44,35 | 44,35 |  0,00 | 0,218 | 225,36 | 225,36 |  0,00 | 0,329 | 225,07 | 225,07 |  0,00 | 264,640 | 36,14 | 36,14 | 506,938 |   NaN | NaN | 0,00 | 0,00 | NaN
  59 |  0,00 | 3,832 | 533,90 | 533,90 | 575,32 |  0,00 | 0,128 | 44,35 | 44,35 |  0,00 | 0,130 | 224,69 | 224,69 |  0,00 | 0,220 | 228,72 | 228,72 |  0,00 | 187,681 | 36,14 | 36,14 | 407,976 |   NaN | NaN | 0,00 | 0,00 | NaN
  60 |  0,00 | 5,459 | 530,20 | 530,20 | 567,90 |  0,00 | 0,065 | 44,35 | 44,35 |  0,00 | 0,151 | 224,74 | 224,74 |  0,00 | 0,363 | 224,96 | 224,96 |  0,00 | 269,251 | 36,14 | 36,14 | 533,228 |   NaN | NaN | 0,00 | 0,00 | NaN
  61 |  0,00 | 5,002 | 533,39 | 533,39 | 571,64 |  0,00 | 0,085 | 44,35 | 44,35 |  0,00 | 0,104 | 226,55 | 226,55 |  0,00 | 0,284 | 226,34 | 226,34 |  0,00 | 247,775 | 36,14 | 36,14 | 547,480 |   NaN | NaN | 0,00 | 0,00 | NaN
  62 |  0,00 | 5,440 | 533,30 | 533,30 | 582,05 |  0,00 | 0,147 | 44,35 | 44,35 |  0,00 | 0,200 | 226,86 | 226,86 |  0,00 | 0,227 | 225,95 | 225,95 |  0,00 | 267,972 | 36,14 | 36,14 | 523,266 |   NaN | NaN | 0,00 | 0,00 | NaN
  63 |  0,00 | 4,371 | 530,92 | 530,92 | 569,32 |  0,00 | 0,102 | 44,35 | 44,35 |  0,00 | 0,113 | 226,23 | 226,23 |  0,00 | 0,255 | 224,20 | 224,20 |  0,00 | 214,948 | 36,14 | 36,14 | 504,157 |   NaN | NaN | 0,00 | 0,00 | NaN
  64 |  0,00 | 5,447 | 527,59 | 527,59 | 575,92 |  0,00 | 0,146 | 44,35 | 44,35 |  0,00 | 0,187 | 223,94 | 223,94 |  0,00 | 0,251 | 223,16 | 223,16 |  0,00 | 266,725 | 36,14 | 36,14 | 547,950 |   NaN | NaN | 0,00 | 0,00 | NaN

= = = = = = = = = = = = AVERAGE RESULTS system = = = = = = = = = = = =
meanPLR_system | 0,000000 
meanDelay_system | 3,698320 
meanLoad_system | 530,376575 
meanTHR_system | 530,376575 
meanGate_system | 570,942642 

meanPLR_EF_system | 0,000000 
meanPLR_AF_system | 0,000000 
meanPLR_BE_system | 0,000000 
meanPLR_FLA_system | 0,000000 
meanPLR_FLB_system | NaN 

meanTHR_EF_system | 44,352003 
meanTHR_AF_system | 225,120684 
meanTHR_BE_system | 224,761341 
meanTHR_FLA_system | 36,771822 
meanTHR_FLB_system | 0,000000 

meanLoad_EF_system | 44,352003 
meanLoad_AF_system | 225,120684 
meanLoad_BE_system | 224,761341 
meanLoad_FLA_system | 36,771822 
meanLoad_FLB_system | 0,000000 

meanDELAY_EF_system | 0,107490 
meanDELAY_AF_system | 0,135971 
meanDELAY_BE_system | 0,269957 
meanDELAY_FLA_system | 180,080199 
meanDELAY_FLB_system | NaN 
meanDELAY_CompleteFLA_system | 382,794895 
meanDELAY_CompleteFLB_system | NaN 

= = = = = = = = = = = = AVERAGE RESULTS = = = = = = = = = = = =
Packet Loss Ratio: 00,00 (%)
PROCESSED PACKAGES: 1715009633 
DISCARTED PACKAGES: 0 
TOTAL PACKAGES: 1715009633 
AVERAGE DELAY: 565,23 (ms) 
AVERAGE THROUGHPUT: 530,38 (Mbps) 
GRANTED THROUGHPUT: 36540,33 (Mbps) By 64 ONUs
EFFECTIVE THROUGHPUT: 33944,10 (Mbps) By 64 ONUs
TOTAL LOAD: 33944,10 (Mbps) By 64 ONUs
ON Arrival THROUGHPUT: 0,00 (Mbps) By 64 ONUs
FINISHTIMEFL: 172,305849 
FINISHTIME: 175,305849 


fileName | IPACT_LBCONSTANTTOKENSBYCYCLE_4_30_60_0 
