
ONU ID 	|  PLR(%) | Delay(ms) | Throughput(Mbps) | Granted Throughput(Mbps) | Total Load (Mbps) 

  ID |  PLR(%) |  D  | Thr |  Gates  |  Load  | PLR-EF | D-EF | ThrEF | LoadEF | PLR-AF | D-AF | ThrAF | LoadAF | PLR-BE | D-BE | ThrBE | LoadBE | PLR-FA | D-FA | ThrFA | LoadFA | DTFA |  PLR-FB | D-FB | ThrFB | LoadFB | DTFB | 
   1 |  0,00 | 0,465 | 601,79 | 601,79 | 638,36 |  0,00 | 0,187 | 44,35 | 44,35 |  0,00 | 0,337 | 266,98 | 266,98 |  0,00 | 0,446 | 261,89 | 261,89 |  0,00 | 12,256 | 28,58 | 28,58 | 45,815 |   NaN | NaN | 0,00 | 0,00 | NaN
   2 |  0,00 | 0,693 | 600,08 | 600,08 | 640,85 |  0,00 | 0,199 | 44,35 | 44,35 |  0,00 | 0,486 | 265,74 | 265,74 |  0,00 | 0,670 | 261,42 | 261,42 |  0,00 | 21,157 | 28,58 | 28,58 | 64,063 |   NaN | NaN | 0,00 | 0,00 | NaN
   3 |  0,00 | 0,456 | 594,71 | 594,71 | 628,44 |  0,00 | 0,136 | 44,35 | 44,35 |  0,00 | 0,281 | 260,16 | 260,16 |  0,00 | 0,506 | 261,62 | 261,62 |  0,00 | 13,223 | 28,58 | 28,58 | 47,462 |   NaN | NaN | 0,00 | 0,00 | NaN
   4 |  0,00 | 0,444 | 601,31 | 601,31 | 635,05 |  0,00 | 0,141 | 44,35 | 44,35 |  0,00 | 0,302 | 265,66 | 265,66 |  0,00 | 0,490 | 262,72 | 262,72 |  0,00 | 12,238 | 28,58 | 28,58 | 45,613 |   NaN | NaN | 0,00 | 0,00 | NaN
   5 |  0,00 | 0,450 | 595,51 | 595,51 | 629,55 |  0,00 | 0,167 | 44,35 | 44,35 |  0,00 | 0,303 | 262,22 | 262,22 |  0,00 | 0,458 | 260,36 | 260,36 |  0,00 | 12,252 | 28,58 | 28,58 | 45,548 |   NaN | NaN | 0,00 | 0,00 | NaN
   6 |  0,00 | 0,434 | 599,56 | 599,56 | 632,99 |  0,00 | 0,116 | 44,35 | 44,35 |  0,00 | 0,263 | 264,29 | 264,29 |  0,00 | 0,512 | 262,34 | 262,34 |  0,00 | 12,647 | 28,58 | 28,58 | 46,495 |   NaN | NaN | 0,00 | 0,00 | NaN
   7 |  0,00 | 0,485 | 598,27 | 598,27 | 631,99 |  0,00 | 0,134 | 44,35 | 44,35 |  0,00 | 0,310 | 262,51 | 262,51 |  0,00 | 0,557 | 262,84 | 262,84 |  0,00 | 13,931 | 28,58 | 28,58 | 50,046 |   NaN | NaN | 0,00 | 0,00 | NaN
   8 |  0,00 | 0,482 | 602,52 | 602,52 | 638,31 |  0,00 | 0,184 | 44,35 | 44,35 |  0,00 | 0,337 | 264,12 | 264,12 |  0,00 | 0,476 | 265,47 | 265,47 |  0,00 | 13,025 | 28,58 | 28,58 | 47,235 |   NaN | NaN | 0,00 | 0,00 | NaN
   9 |  0,00 | 0,430 | 599,55 | 599,55 | 633,23 |  0,00 | 0,124 | 44,35 | 44,35 |  0,00 | 0,281 | 262,93 | 262,93 |  0,00 | 0,498 | 263,68 | 263,68 |  0,00 | 12,008 | 28,58 | 28,58 | 45,285 |   NaN | NaN | 0,00 | 0,00 | NaN
  10 |  0,00 | 0,477 | 598,04 | 598,04 | 633,90 |  0,00 | 0,185 | 44,35 | 44,35 |  0,00 | 0,351 | 263,71 | 263,71 |  0,00 | 0,458 | 261,40 | 261,40 |  0,00 | 12,737 | 28,58 | 28,58 | 45,905 |   NaN | NaN | 0,00 | 0,00 | NaN
  11 |  0,00 | 1,641 | 597,17 | 597,17 | 630,73 |  0,00 | 0,124 | 44,35 | 44,35 |  0,00 | 1,327 | 261,77 | 261,77 |  0,00 | 2,191 | 262,48 | 262,48 |  0,00 | 48,030 | 28,58 | 28,58 | 118,014 |   NaN | NaN | 0,00 | 0,00 | NaN
  12 |  0,00 | 0,465 | 599,19 | 599,19 | 635,60 |  0,00 | 0,187 | 44,35 | 44,35 |  0,00 | 0,341 | 262,82 | 262,82 |  0,00 | 0,444 | 263,45 | 263,45 |  0,00 | 12,237 | 28,58 | 28,58 | 45,604 |   NaN | NaN | 0,00 | 0,00 | NaN
  13 |  0,00 | 0,680 | 591,46 | 591,46 | 625,15 |  0,00 | 0,151 | 44,35 | 44,35 |  0,00 | 0,455 | 261,02 | 261,02 |  0,00 | 0,699 | 257,51 | 257,51 |  0,00 | 21,801 | 28,58 | 28,58 | 65,269 |   NaN | NaN | 0,00 | 0,00 | NaN
  14 |  0,00 | 0,459 | 601,21 | 601,21 | 639,30 |  0,00 | 0,192 | 44,35 | 44,35 |  0,00 | 0,330 | 263,44 | 263,44 |  0,00 | 0,420 | 264,84 | 264,84 |  0,00 | 12,262 | 28,58 | 28,58 | 45,481 |   NaN | NaN | 0,00 | 0,00 | NaN
  15 |  0,00 | 0,468 | 597,38 | 597,38 | 633,83 |  0,00 | 0,186 | 44,35 | 44,35 |  0,00 | 0,357 | 259,25 | 259,25 |  0,00 | 0,433 | 265,20 | 265,20 |  0,00 | 12,350 | 28,58 | 28,58 | 46,100 |   NaN | NaN | 0,00 | 0,00 | NaN
  16 |  0,00 | 0,457 | 604,66 | 604,66 | 639,42 |  0,00 | 0,178 | 44,35 | 44,35 |  0,00 | 0,319 | 264,47 | 264,47 |  0,00 | 0,458 | 267,26 | 267,26 |  0,00 | 12,106 | 28,58 | 28,58 | 45,459 |   NaN | NaN | 0,00 | 0,00 | NaN
  17 |  0,00 | 0,463 | 599,12 | 599,12 | 636,68 |  0,00 | 0,191 | 44,35 | 44,35 |  0,00 | 0,341 | 264,31 | 264,31 |  0,00 | 0,429 | 261,89 | 261,89 |  0,00 | 12,225 | 28,58 | 28,58 | 45,341 |   NaN | NaN | 0,00 | 0,00 | NaN
  18 |  0,00 | 0,620 | 595,80 | 595,80 | 629,75 |  0,00 | 0,167 | 44,35 | 44,35 |  0,00 | 0,412 | 262,00 | 262,00 |  0,00 | 0,597 | 260,88 | 260,88 |  0,00 | 19,671 | 28,58 | 28,58 | 56,956 |   NaN | NaN | 0,00 | 0,00 | NaN
  19 |  0,00 | 0,460 | 592,35 | 592,35 | 626,20 |  0,00 | 0,158 | 44,35 | 44,35 |  0,00 | 0,316 | 259,08 | 259,08 |  0,00 | 0,471 | 260,34 | 260,34 |  0,00 | 12,780 | 28,58 | 28,58 | 46,589 |   NaN | NaN | 0,00 | 0,00 | NaN
  20 |  0,00 | 1,392 | 592,32 | 592,32 | 625,90 |  0,00 | 0,154 | 44,35 | 44,35 |  0,00 | 1,151 | 262,16 | 262,16 |  0,00 | 1,654 | 257,23 | 257,23 |  0,00 | 42,280 | 28,58 | 28,58 | 110,268 |   NaN | NaN | 0,00 | 0,00 | NaN
  21 |  0,00 | 0,461 | 590,96 | 590,96 | 624,79 |  0,00 | 0,158 | 44,35 | 44,35 |  0,00 | 0,315 | 260,05 | 260,05 |  0,00 | 0,477 | 257,98 | 257,98 |  0,00 | 12,745 | 28,58 | 28,58 | 46,684 |   NaN | NaN | 0,00 | 0,00 | NaN
  22 |  0,00 | 0,449 | 601,37 | 601,37 | 641,16 |  0,00 | 0,197 | 44,35 | 44,35 |  0,00 | 0,329 | 267,11 | 267,11 |  0,00 | 0,403 | 261,33 | 261,33 |  0,00 | 11,761 | 28,58 | 28,58 | 44,652 |   NaN | NaN | 0,00 | 0,00 | NaN
  23 |  0,00 | 2,786 | 599,41 | 599,41 | 634,09 |  0,00 | 0,179 | 44,35 | 44,35 |  0,00 | 2,513 | 263,57 | 263,57 |  0,00 | 3,790 | 262,91 | 262,91 |  0,00 | 76,795 | 28,58 | 28,58 | 170,755 |   NaN | NaN | 0,00 | 0,00 | NaN
  24 |  0,00 | 0,671 | 602,09 | 602,09 | 635,74 |  0,00 | 0,141 | 44,35 | 44,35 |  0,00 | 0,447 | 263,78 | 263,78 |  0,00 | 0,722 | 265,38 | 265,38 |  0,00 | 21,328 | 28,58 | 28,58 | 64,672 |   NaN | NaN | 0,00 | 0,00 | NaN
  25 |  0,00 | 0,474 | 599,89 | 599,89 | 640,29 |  0,00 | 0,198 | 44,35 | 44,35 |  0,00 | 0,357 | 260,24 | 260,24 |  0,00 | 0,428 | 266,72 | 266,72 |  0,00 | 12,459 | 28,58 | 28,58 | 46,295 |   NaN | NaN | 0,00 | 0,00 | NaN
  26 |  0,00 | 0,550 | 596,35 | 596,35 | 635,20 |  0,00 | 0,194 | 44,35 | 44,35 |  0,00 | 0,386 | 262,45 | 262,45 |  0,00 | 0,475 | 260,97 | 260,97 |  0,00 | 16,528 | 28,58 | 28,58 | 52,199 |   NaN | NaN | 0,00 | 0,00 | NaN
  27 |  0,00 | 0,499 | 595,62 | 595,62 | 629,22 |  0,00 | 0,121 | 44,35 | 44,35 |  0,00 | 0,308 | 263,43 | 263,43 |  0,00 | 0,588 | 259,26 | 259,26 |  0,00 | 14,868 | 28,58 | 28,58 | 53,551 |   NaN | NaN | 0,00 | 0,00 | NaN
  28 |  0,00 | 2,840 | 592,98 | 592,98 | 629,37 |  0,00 | 0,187 | 44,35 | 44,35 |  0,00 | 2,789 | 262,00 | 262,00 |  0,00 | 3,904 | 258,05 | 258,05 |  0,00 | 73,848 | 28,58 | 28,58 | 167,250 |   NaN | NaN | 0,00 | 0,00 | NaN
  29 |  0,00 | 1,879 | 598,53 | 598,53 | 632,42 |  0,00 | 0,167 | 44,35 | 44,35 |  0,00 | 1,587 | 261,33 | 261,33 |  0,00 | 2,532 | 264,27 | 264,27 |  0,00 | 52,524 | 28,58 | 28,58 | 130,998 |   NaN | NaN | 0,00 | 0,00 | NaN
  30 |  0,00 | 0,695 | 596,60 | 596,60 | 636,48 |  0,00 | 0,197 | 44,35 | 44,35 |  0,00 | 0,494 | 261,53 | 261,53 |  0,00 | 0,598 | 262,14 | 262,14 |  0,00 | 22,409 | 28,58 | 28,58 | 63,315 |   NaN | NaN | 0,00 | 0,00 | NaN
  31 |  0,00 | 2,829 | 596,07 | 596,07 | 629,78 |  0,00 | 0,164 | 44,35 | 44,35 |  0,00 | 2,556 | 262,87 | 262,87 |  0,00 | 3,959 | 260,28 | 260,28 |  0,00 | 76,829 | 28,58 | 28,58 | 170,542 |   NaN | NaN | 0,00 | 0,00 | NaN
  32 |  0,00 | 1,536 | 599,61 | 599,61 | 633,08 |  0,00 | 0,120 | 44,35 | 44,35 |  0,00 | 1,190 | 262,79 | 262,79 |  0,00 | 1,936 | 263,89 | 263,89 |  0,00 | 47,673 | 28,58 | 28,58 | 115,687 |   NaN | NaN | 0,00 | 0,00 | NaN
  33 |  0,00 | 0,790 | 595,16 | 595,16 | 631,16 |  0,00 | 0,186 | 44,35 | 44,35 |  0,00 | 0,645 | 260,84 | 260,84 |  0,00 | 0,854 | 261,39 | 261,39 |  0,00 | 22,257 | 28,58 | 28,58 | 74,262 |   NaN | NaN | 0,00 | 0,00 | NaN
  34 |  0,00 | 0,501 | 597,29 | 597,29 | 631,91 |  0,00 | 0,177 | 44,35 | 44,35 |  0,00 | 0,351 | 261,52 | 261,52 |  0,00 | 0,508 | 262,85 | 262,85 |  0,00 | 13,768 | 28,58 | 28,58 | 50,329 |   NaN | NaN | 0,00 | 0,00 | NaN
  35 |  0,00 | 0,442 | 600,17 | 600,17 | 633,87 |  0,00 | 0,126 | 44,35 | 44,35 |  0,00 | 0,290 | 264,00 | 264,00 |  0,00 | 0,523 | 263,24 | 263,24 |  0,00 | 12,196 | 28,58 | 28,58 | 45,724 |   NaN | NaN | 0,00 | 0,00 | NaN
  36 |  0,00 | 0,478 | 595,87 | 595,87 | 630,90 |  0,00 | 0,179 | 44,35 | 44,35 |  0,00 | 0,349 | 260,68 | 260,68 |  0,00 | 0,437 | 262,26 | 262,26 |  0,00 | 13,338 | 28,58 | 28,58 | 47,603 |   NaN | NaN | 0,00 | 0,00 | NaN
  37 |  0,00 | 1,569 | 602,09 | 602,09 | 635,80 |  0,00 | 0,162 | 44,35 | 44,35 |  0,00 | 1,249 | 265,98 | 265,98 |  0,00 | 2,007 | 263,18 | 263,18 |  0,00 | 46,402 | 28,58 | 28,58 | 113,517 |   NaN | NaN | 0,00 | 0,00 | NaN
  38 |  0,00 | 0,629 | 602,28 | 602,28 | 636,04 |  0,00 | 0,153 | 44,35 | 44,35 |  0,00 | 0,435 | 264,35 | 264,35 |  0,00 | 0,669 | 265,01 | 265,01 |  0,00 | 19,155 | 28,58 | 28,58 | 61,314 |   NaN | NaN | 0,00 | 0,00 | NaN
  39 |  0,00 | 1,056 | 591,63 | 591,63 | 631,24 |  0,00 | 0,197 | 44,35 | 44,35 |  0,00 | 0,869 | 260,79 | 260,79 |  0,00 | 1,140 | 257,91 | 257,91 |  0,00 | 31,405 | 28,58 | 28,58 | 89,658 |   NaN | NaN | 0,00 | 0,00 | NaN
  40 |  0,00 | 0,615 | 591,87 | 591,87 | 631,67 |  0,00 | 0,197 | 44,35 | 44,35 |  0,00 | 0,442 | 261,67 | 261,67 |  0,00 | 0,559 | 257,27 | 257,27 |  0,00 | 18,440 | 28,58 | 28,58 | 58,927 |   NaN | NaN | 0,00 | 0,00 | NaN
  41 |  0,00 | 2,804 | 602,23 | 602,23 | 637,19 |  0,00 | 0,180 | 44,35 | 44,35 |  0,00 | 2,508 | 262,71 | 262,71 |  0,00 | 4,520 | 266,59 | 266,59 |  0,00 | 65,056 | 28,58 | 28,58 | 157,861 |   NaN | NaN | 0,00 | 0,00 | NaN
  42 |  0,00 | 2,061 | 600,50 | 600,50 | 634,14 |  0,00 | 0,126 | 44,35 | 44,35 |  0,00 | 1,717 | 263,46 | 263,46 |  0,00 | 3,184 | 264,11 | 264,11 |  0,00 | 52,847 | 28,58 | 28,58 | 131,404 |   NaN | NaN | 0,00 | 0,00 | NaN
  43 |  0,00 | 1,120 | 603,54 | 603,54 | 642,44 |  0,00 | 0,204 | 44,35 | 44,35 |  0,00 | 0,869 | 265,83 | 265,83 |  0,00 | 1,359 | 264,78 | 264,78 |  0,00 | 31,807 | 28,58 | 28,58 | 91,318 |   NaN | NaN | 0,00 | 0,00 | NaN
  44 |  0,00 | 2,876 | 599,93 | 599,93 | 633,29 |  0,00 | 0,117 | 44,35 | 44,35 |  0,00 | 2,687 | 262,95 | 262,95 |  0,00 | 4,408 | 264,05 | 264,05 |  0,00 | 71,228 | 28,58 | 28,58 | 167,845 |   NaN | NaN | 0,00 | 0,00 | NaN
  45 |  0,00 | 2,154 | 598,52 | 598,52 | 639,78 |  0,00 | 0,200 | 44,35 | 44,35 |  0,00 | 1,829 | 265,07 | 265,07 |  0,00 | 3,127 | 260,52 | 260,52 |  0,00 | 56,120 | 28,58 | 28,58 | 137,605 |   NaN | NaN | 0,00 | 0,00 | NaN
  46 |  0,00 | 1,394 | 598,05 | 598,05 | 631,57 |  0,00 | 0,140 | 44,35 | 44,35 |  0,00 | 1,069 | 262,26 | 262,26 |  0,00 | 1,808 | 262,87 | 262,87 |  0,00 | 41,538 | 28,58 | 28,58 | 109,468 |   NaN | NaN | 0,00 | 0,00 | NaN
  47 |  0,00 | 2,611 | 597,80 | 597,80 | 631,35 |  0,00 | 0,137 | 44,35 | 44,35 |  0,00 | 2,412 | 264,24 | 264,24 |  0,00 | 3,392 | 260,63 | 260,63 |  0,00 | 74,907 | 28,58 | 28,58 | 163,440 |   NaN | NaN | 0,00 | 0,00 | NaN
  48 |  0,00 | 2,746 | 596,07 | 596,07 | 629,91 |  0,00 | 0,167 | 44,35 | 44,35 |  0,00 | 2,413 | 261,56 | 261,56 |  0,00 | 4,142 | 261,58 | 261,58 |  0,00 | 70,206 | 28,58 | 28,58 | 165,493 |   NaN | NaN | 0,00 | 0,00 | NaN
  49 |  0,00 | 2,470 | 596,98 | 596,98 | 631,83 |  0,00 | 0,179 | 44,35 | 44,35 |  0,00 | 2,314 | 263,57 | 263,57 |  0,00 | 3,024 | 260,48 | 260,48 |  0,00 | 71,821 | 28,58 | 28,58 | 158,361 |   NaN | NaN | 0,00 | 0,00 | NaN
  50 |  0,00 | 1,042 | 599,37 | 599,37 | 632,89 |  0,00 | 0,134 | 44,35 | 44,35 |  0,00 | 0,757 | 265,18 | 265,18 |  0,00 | 1,301 | 261,26 | 261,26 |  0,00 | 31,807 | 28,58 | 28,58 | 89,579 |   NaN | NaN | 0,00 | 0,00 | NaN
  51 |  0,00 | 2,777 | 599,01 | 599,01 | 632,57 |  0,00 | 0,132 | 44,35 | 44,35 |  0,00 | 2,480 | 261,86 | 261,86 |  0,00 | 4,485 | 264,23 | 264,23 |  0,00 | 66,111 | 28,58 | 28,58 | 160,559 |   NaN | NaN | 0,00 | 0,00 | NaN
  52 |  0,00 | 2,501 | 594,74 | 594,74 | 628,47 |  0,00 | 0,158 | 44,35 | 44,35 |  0,00 | 2,168 | 259,11 | 259,11 |  0,00 | 4,033 | 262,70 | 262,70 |  0,00 | 59,596 | 28,58 | 28,58 | 147,858 |   NaN | NaN | 0,00 | 0,00 | NaN
  53 |  0,00 | 1,553 | 599,32 | 599,32 | 632,86 |  0,00 | 0,145 | 44,35 | 44,35 |  0,00 | 1,172 | 263,43 | 263,43 |  0,00 | 1,987 | 262,96 | 262,96 |  0,00 | 47,428 | 28,58 | 28,58 | 115,107 |   NaN | NaN | 0,00 | 0,00 | NaN
  54 |  0,00 | 2,185 | 595,06 | 595,06 | 628,68 |  0,00 | 0,148 | 44,35 | 44,35 |  0,00 | 1,719 | 262,76 | 262,76 |  0,00 | 3,491 | 259,38 | 259,38 |  0,00 | 55,695 | 28,58 | 28,58 | 137,276 |   NaN | NaN | 0,00 | 0,00 | NaN
  55 |  0,00 | 0,679 | 597,05 | 597,05 | 630,73 |  0,00 | 0,133 | 44,35 | 44,35 |  0,00 | 0,462 | 261,53 | 261,53 |  0,00 | 0,820 | 262,59 | 262,59 |  0,00 | 20,138 | 28,58 | 28,58 | 63,601 |   NaN | NaN | 0,00 | 0,00 | NaN
  56 |  0,00 | 2,809 | 595,44 | 595,44 | 629,01 |  0,00 | 0,138 | 44,35 | 44,35 |  0,00 | 2,524 | 260,45 | 260,45 |  0,00 | 4,499 | 262,06 | 262,06 |  0,00 | 67,307 | 28,58 | 28,58 | 161,178 |   NaN | NaN | 0,00 | 0,00 | NaN
  57 |  0,00 | 2,745 | 598,50 | 598,50 | 632,04 |  0,00 | 0,136 | 44,35 | 44,35 |  0,00 | 2,536 | 262,47 | 262,47 |  0,00 | 3,692 | 263,10 | 263,10 |  0,00 | 76,690 | 28,58 | 28,58 | 169,371 |   NaN | NaN | 0,00 | 0,00 | NaN
  58 |  0,00 | 2,956 | 597,93 | 597,93 | 631,67 |  0,00 | 0,164 | 44,35 | 44,35 |  0,00 | 2,699 | 262,05 | 262,05 |  0,00 | 4,361 | 262,95 | 262,95 |  0,00 | 75,891 | 28,58 | 28,58 | 170,701 |   NaN | NaN | 0,00 | 0,00 | NaN
  59 |  0,00 | 0,556 | 601,94 | 601,94 | 637,67 |  0,00 | 0,184 | 44,35 | 44,35 |  0,00 | 0,376 | 263,19 | 263,19 |  0,00 | 0,513 | 265,83 | 265,83 |  0,00 | 16,853 | 28,58 | 28,58 | 52,524 |   NaN | NaN | 0,00 | 0,00 | NaN
  60 |  0,00 | 2,650 | 597,85 | 597,85 | 631,26 |  0,00 | 0,119 | 44,35 | 44,35 |  0,00 | 2,274 | 262,94 | 262,94 |  0,00 | 4,266 | 261,98 | 261,98 |  0,00 | 65,448 | 28,58 | 28,58 | 158,067 |   NaN | NaN | 0,00 | 0,00 | NaN
  61 |  0,00 | 1,470 | 599,82 | 599,82 | 633,35 |  0,00 | 0,141 | 44,35 | 44,35 |  0,00 | 1,203 | 263,10 | 263,10 |  0,00 | 1,763 | 263,79 | 263,79 |  0,00 | 45,198 | 28,58 | 28,58 | 112,341 |   NaN | NaN | 0,00 | 0,00 | NaN
  62 |  0,00 | 2,785 | 600,33 | 600,33 | 642,28 |  0,00 | 0,202 | 44,35 | 44,35 |  0,00 | 2,632 | 263,99 | 263,99 |  0,00 | 3,957 | 263,41 | 263,41 |  0,00 | 70,968 | 28,58 | 28,58 | 166,352 |   NaN | NaN | 0,00 | 0,00 | NaN
  63 |  0,00 | 0,695 | 599,56 | 599,56 | 633,36 |  0,00 | 0,158 | 44,35 | 44,35 |  0,00 | 0,444 | 263,94 | 263,94 |  0,00 | 0,685 | 262,70 | 262,70 |  0,00 | 23,085 | 28,58 | 28,58 | 64,230 |   NaN | NaN | 0,00 | 0,00 | NaN
  64 |  0,00 | 2,243 | 594,10 | 594,10 | 635,70 |  0,00 | 0,201 | 44,35 | 44,35 |  0,00 | 1,814 | 259,81 | 259,81 |  0,00 | 3,536 | 261,37 | 261,37 |  0,00 | 55,207 | 28,58 | 28,58 | 136,384 |   NaN | NaN | 0,00 | 0,00 | NaN

= = = = = = = = = = = = AVERAGE RESULTS system = = = = = = = = = = = =
meanPLR_system | 0,000000 
meanDelay_system | 1,305517 
meanLoad_system | 597,992073 
meanTHR_system | 597,992073 
meanGate_system | 633,335431 

meanPLR_EF_system | 0,000000 
meanPLR_AF_system | 0,000000 
meanPLR_BE_system | 0,000000 
meanPLR_FLA_system | 0,000000 
meanPLR_FLB_system | NaN 

meanTHR_EF_system | 44,352001 
meanTHR_AF_system | 262,766846 
meanTHR_BE_system | 262,297448 
meanTHR_FLA_system | 28,996124 
meanTHR_FLB_system | 0,000000 

meanLoad_EF_system | 44,352001 
meanLoad_AF_system | 262,766846 
meanLoad_BE_system | 262,297448 
meanLoad_FLA_system | 28,996124 
meanLoad_FLB_system | 0,000000 

meanDELAY_EF_system | 0,162548 
meanDELAY_AF_system | 1,087185 
meanDELAY_BE_system | 1,745772 
meanDELAY_FLA_system | 35,482698 
meanDELAY_FLB_system | NaN 
meanDELAY_CompleteFLA_system | 93,193819 
meanDELAY_CompleteFLB_system | NaN 

= = = = = = = = = = = = AVERAGE RESULTS = = = = = = = = = = = =
Packet Loss Ratio: 00,00 (%)
PROCESSED PACKAGES: 2172567062 
DISCARTED PACKAGES: 0 
TOTAL PACKAGES: 2172567062 
AVERAGE DELAY: 214,12 (ms) 
AVERAGE THROUGHPUT: 597,99 (Mbps) 
GRANTED THROUGHPUT: 40533,47 (Mbps) By 64 ONUs
EFFECTIVE THROUGHPUT: 38271,49 (Mbps) By 64 ONUs
TOTAL LOAD: 38271,49 (Mbps) By 64 ONUs
ON Arrival THROUGHPUT: 0,00 (Mbps) By 64 ONUs
FINISHTIMEFL: 203,944501 
FINISHTIME: 206,944501 


fileName | IPACT_STRICTPRIORITY_5_28_70_0 
