
ONU ID 	|  PLR(%) | Delay(ms) | Throughput(Mbps) | Granted Throughput(Mbps) | Total Load (Mbps) 

  ID |  PLR(%) |  D  | Thr |  Gates  |  Load  | PLR-EF | D-EF | ThrEF | LoadEF | PLR-AF | D-AF | ThrAF | LoadAF | PLR-BE | D-BE | ThrBE | LoadBE | PLR-FA | D-FA | ThrFA | LoadFA | DTFA |  PLR-FB | D-FB | ThrFB | LoadFB | DTFB | 
   1 |  0,00 | 0,815 | 643,11 | 643,11 | 671,77 |  0,00 | 0,288 | 44,35 | 44,35 |  0,00 | 0,606 | 285,11 | 285,11 |  0,00 | 0,785 | 277,63 | 277,63 |  0,00 | 18,264 | 36,02 | 36,02 | 58,727 |   NaN | NaN | 0,00 | 0,00 | NaN
   2 |  0,00 | 1,136 | 645,44 | 645,44 | 677,33 |  0,00 | 0,300 | 44,35 | 44,35 |  0,00 | 0,892 | 284,98 | 284,98 |  0,00 | 1,026 | 280,09 | 280,09 |  0,00 | 28,466 | 36,02 | 36,02 | 78,477 |   NaN | NaN | 0,00 | 0,00 | NaN
   3 |  0,00 | 0,877 | 640,49 | 640,49 | 667,18 |  0,00 | 0,236 | 44,35 | 44,35 |  0,00 | 0,597 | 280,57 | 280,57 |  0,00 | 0,891 | 279,55 | 279,55 |  0,00 | 21,665 | 36,02 | 36,02 | 61,728 |   NaN | NaN | 0,00 | 0,00 | NaN
   4 |  0,00 | 0,738 | 647,30 | 647,30 | 674,07 |  0,00 | 0,242 | 44,35 | 44,35 |  0,00 | 0,507 | 285,29 | 285,29 |  0,00 | 0,755 | 281,63 | 281,63 |  0,00 | 17,040 | 36,02 | 36,02 | 54,992 |   NaN | NaN | 0,00 | 0,00 | NaN
   5 |  0,00 | 0,810 | 641,74 | 641,74 | 668,71 |  0,00 | 0,268 | 44,35 | 44,35 |  0,00 | 0,612 | 280,95 | 280,95 |  0,00 | 0,823 | 280,42 | 280,42 |  0,00 | 17,840 | 36,02 | 36,02 | 58,375 |   NaN | NaN | 0,00 | 0,00 | NaN
   6 |  0,00 | 0,749 | 645,54 | 645,54 | 672,26 |  0,00 | 0,216 | 44,35 | 44,35 |  0,00 | 0,522 | 282,93 | 282,93 |  0,00 | 0,798 | 282,23 | 282,23 |  0,00 | 17,464 | 36,02 | 36,02 | 56,318 |   NaN | NaN | 0,00 | 0,00 | NaN
   7 |  0,00 | 0,964 | 644,33 | 644,33 | 671,00 |  0,00 | 0,234 | 44,35 | 44,35 |  0,00 | 0,725 | 282,88 | 282,88 |  0,00 | 1,026 | 281,08 | 281,08 |  0,00 | 22,853 | 36,02 | 36,02 | 67,577 |   NaN | NaN | 0,00 | 0,00 | NaN
   8 |  0,00 | 0,875 | 644,07 | 644,07 | 672,20 |  0,00 | 0,285 | 44,35 | 44,35 |  0,00 | 0,683 | 280,72 | 280,72 |  0,00 | 0,840 | 282,98 | 282,98 |  0,00 | 19,789 | 36,02 | 36,02 | 61,313 |   NaN | NaN | 0,00 | 0,00 | NaN
   9 |  0,00 | 0,698 | 645,93 | 645,93 | 672,73 |  0,00 | 0,224 | 44,35 | 44,35 |  0,00 | 0,469 | 282,50 | 282,50 |  0,00 | 0,732 | 283,05 | 283,05 |  0,00 | 16,107 | 36,02 | 36,02 | 53,559 |   NaN | NaN | 0,00 | 0,00 | NaN
  10 |  0,00 | 0,843 | 641,92 | 641,92 | 670,11 |  0,00 | 0,285 | 44,35 | 44,35 |  0,00 | 0,624 | 281,32 | 281,32 |  0,00 | 0,793 | 280,22 | 280,22 |  0,00 | 19,494 | 36,02 | 36,02 | 59,248 |   NaN | NaN | 0,00 | 0,00 | NaN
  11 |  0,00 | 5,802 | 640,66 | 640,66 | 667,24 |  0,00 | 0,225 | 44,35 | 44,35 |  0,00 | 4,983 | 278,26 | 278,26 |  0,00 | 11,875 | 282,03 | 282,03 |  0,00 | 75,245 | 36,02 | 36,02 | 182,326 |   NaN | NaN | 0,00 | 0,00 | NaN
  12 |  0,00 | 0,767 | 643,08 | 643,08 | 671,68 |  0,00 | 0,287 | 44,35 | 44,35 |  0,00 | 0,582 | 281,35 | 281,35 |  0,00 | 0,714 | 281,36 | 281,36 |  0,00 | 16,940 | 36,02 | 36,02 | 55,279 |   NaN | NaN | 0,00 | 0,00 | NaN
  13 |  0,00 | 1,140 | 637,29 | 637,29 | 663,94 |  0,00 | 0,252 | 44,35 | 44,35 |  0,00 | 0,838 | 279,81 | 279,81 |  0,00 | 1,224 | 277,11 | 277,11 |  0,00 | 27,812 | 36,02 | 36,02 | 77,084 |   NaN | NaN | 0,00 | 0,00 | NaN
  14 |  0,00 | 0,853 | 644,29 | 644,29 | 674,15 |  0,00 | 0,293 | 44,35 | 44,35 |  0,00 | 0,652 | 282,02 | 282,02 |  0,00 | 0,739 | 281,90 | 281,90 |  0,00 | 20,280 | 36,02 | 36,02 | 59,618 |   NaN | NaN | 0,00 | 0,00 | NaN
  15 |  0,00 | 0,882 | 640,56 | 640,56 | 669,11 |  0,00 | 0,287 | 44,35 | 44,35 |  0,00 | 0,691 | 276,96 | 276,96 |  0,00 | 0,848 | 283,24 | 283,24 |  0,00 | 19,842 | 36,02 | 36,02 | 62,125 |   NaN | NaN | 0,00 | 0,00 | NaN
  16 |  0,00 | 0,764 | 649,99 | 649,99 | 677,44 |  0,00 | 0,278 | 44,35 | 44,35 |  0,00 | 0,570 | 282,61 | 282,61 |  0,00 | 0,733 | 287,00 | 287,00 |  0,00 | 16,918 | 36,02 | 36,02 | 54,882 |   NaN | NaN | 0,00 | 0,00 | NaN
  17 |  0,00 | 0,750 | 645,39 | 645,39 | 674,85 |  0,00 | 0,291 | 44,35 | 44,35 |  0,00 | 0,575 | 283,52 | 283,52 |  0,00 | 0,658 | 281,50 | 281,50 |  0,00 | 16,804 | 36,02 | 36,02 | 54,512 |   NaN | NaN | 0,00 | 0,00 | NaN
  18 |  0,00 | 1,235 | 640,19 | 640,19 | 666,95 |  0,00 | 0,268 | 44,35 | 44,35 |  0,00 | 0,952 | 279,83 | 279,83 |  0,00 | 1,309 | 279,99 | 279,99 |  0,00 | 29,837 | 36,02 | 36,02 | 79,654 |   NaN | NaN | 0,00 | 0,00 | NaN
  19 |  0,00 | 3,084 | 635,45 | 635,45 | 662,07 |  0,00 | 0,259 | 44,35 | 44,35 |  0,00 | 2,569 | 276,81 | 276,81 |  0,00 | 3,495 | 278,26 | 278,26 |  0,00 | 79,106 | 36,02 | 36,02 | 160,269 |   NaN | NaN | 0,00 | 0,00 | NaN
  20 |  0,00 | 3,835 | 639,00 | 639,00 | 665,66 |  0,00 | 0,254 | 44,35 | 44,35 |  0,00 | 2,926 | 281,95 | 281,95 |  0,00 | 7,425 | 276,68 | 276,68 |  0,00 | 59,755 | 36,02 | 36,02 | 149,788 |   NaN | NaN | 0,00 | 0,00 | NaN
  21 |  0,00 | 0,765 | 633,35 | 633,35 | 660,18 |  0,00 | 0,259 | 44,35 | 44,35 |  0,00 | 0,552 | 277,45 | 277,45 |  0,00 | 0,768 | 275,54 | 275,54 |  0,00 | 17,151 | 36,02 | 36,02 | 55,447 |   NaN | NaN | 0,00 | 0,00 | NaN
  22 |  0,00 | 0,730 | 647,43 | 647,43 | 678,64 |  0,00 | 0,298 | 44,35 | 44,35 |  0,00 | 0,554 | 286,57 | 286,57 |  0,00 | 0,660 | 280,49 | 280,49 |  0,00 | 15,786 | 36,02 | 36,02 | 52,929 |   NaN | NaN | 0,00 | 0,00 | NaN
  23 |  0,00 | 7,413 | 643,33 | 643,33 | 670,80 |  0,00 | 0,279 | 44,35 | 44,35 |  0,00 | 7,039 | 281,57 | 281,57 |  0,00 | 14,005 | 281,38 | 281,38 |  0,00 | 104,146 | 36,02 | 36,02 | 226,370 |   NaN | NaN | 0,00 | 0,00 | NaN
  24 |  0,00 | 1,092 | 646,09 | 646,09 | 672,71 |  0,00 | 0,241 | 44,35 | 44,35 |  0,00 | 0,782 | 281,22 | 281,22 |  0,00 | 1,153 | 284,50 | 284,50 |  0,00 | 27,185 | 36,02 | 36,02 | 75,745 |   NaN | NaN | 0,00 | 0,00 | NaN
  25 |  0,00 | 0,755 | 647,69 | 647,69 | 679,35 |  0,00 | 0,299 | 44,35 | 44,35 |  0,00 | 0,584 | 280,82 | 280,82 |  0,00 | 0,660 | 286,49 | 286,49 |  0,00 | 16,751 | 36,02 | 36,02 | 54,904 |   NaN | NaN | 0,00 | 0,00 | NaN
  26 |  0,00 | 0,962 | 640,26 | 640,26 | 670,73 |  0,00 | 0,295 | 44,35 | 44,35 |  0,00 | 0,686 | 280,73 | 280,73 |  0,00 | 0,864 | 279,16 | 279,16 |  0,00 | 24,034 | 36,02 | 36,02 | 67,807 |   NaN | NaN | 0,00 | 0,00 | NaN
  27 |  0,00 | 1,141 | 640,79 | 640,79 | 667,42 |  0,00 | 0,221 | 44,35 | 44,35 |  0,00 | 0,834 | 282,54 | 282,54 |  0,00 | 1,366 | 277,88 | 277,88 |  0,00 | 26,671 | 36,02 | 36,02 | 76,673 |   NaN | NaN | 0,00 | 0,00 | NaN
  28 |  0,00 | 6,778 | 637,29 | 637,29 | 665,89 |  0,00 | 0,288 | 44,35 | 44,35 |  0,00 | 5,677 | 281,21 | 281,21 |  0,00 | 13,031 | 275,71 | 275,71 |  0,00 | 104,033 | 36,02 | 36,02 | 227,347 |   NaN | NaN | 0,00 | 0,00 | NaN
  29 |  0,00 | 6,203 | 644,52 | 644,52 | 671,31 |  0,00 | 0,267 | 44,35 | 44,35 |  0,00 | 5,356 | 281,92 | 281,92 |  0,00 | 12,145 | 282,23 | 282,23 |  0,00 | 87,609 | 36,02 | 36,02 | 206,417 |   NaN | NaN | 0,00 | 0,00 | NaN
  30 |  0,00 | 1,623 | 640,63 | 640,63 | 671,76 |  0,00 | 0,298 | 44,35 | 44,35 |  0,00 | 1,286 | 279,56 | 279,56 |  0,00 | 2,017 | 280,70 | 280,70 |  0,00 | 35,735 | 36,02 | 36,02 | 93,361 |   NaN | NaN | 0,00 | 0,00 | NaN
  31 |  0,00 | 7,418 | 640,70 | 640,70 | 667,54 |  0,00 | 0,264 | 44,35 | 44,35 |  0,00 | 6,751 | 281,98 | 281,98 |  0,00 | 14,394 | 278,35 | 278,35 |  0,00 | 104,413 | 36,02 | 36,02 | 227,461 |   NaN | NaN | 0,00 | 0,00 | NaN
  32 |  0,00 | 5,807 | 644,81 | 644,81 | 671,41 |  0,00 | 0,221 | 44,35 | 44,35 |  0,00 | 4,385 | 281,69 | 281,69 |  0,00 | 12,623 | 282,75 | 282,75 |  0,00 | 73,329 | 36,02 | 36,02 | 177,587 |   NaN | NaN | 0,00 | 0,00 | NaN
  33 |  0,00 | 3,063 | 640,75 | 640,75 | 668,96 |  0,00 | 0,286 | 44,35 | 44,35 |  0,00 | 2,552 | 279,73 | 279,73 |  0,00 | 5,470 | 280,65 | 280,65 |  0,00 | 48,500 | 36,02 | 36,02 | 128,566 |   NaN | NaN | 0,00 | 0,00 | NaN
  34 |  0,00 | 0,892 | 640,57 | 640,57 | 667,88 |  0,00 | 0,278 | 44,35 | 44,35 |  0,00 | 0,683 | 281,07 | 281,07 |  0,00 | 0,980 | 279,12 | 279,12 |  0,00 | 18,890 | 36,02 | 36,02 | 61,806 |   NaN | NaN | 0,00 | 0,00 | NaN
  35 |  0,00 | 0,715 | 647,57 | 647,57 | 674,35 |  0,00 | 0,227 | 44,35 | 44,35 |  0,00 | 0,505 | 283,23 | 283,23 |  0,00 | 0,750 | 283,98 | 283,98 |  0,00 | 16,175 | 36,02 | 36,02 | 53,705 |   NaN | NaN | 0,00 | 0,00 | NaN
  36 |  0,00 | 0,967 | 641,44 | 641,44 | 668,95 |  0,00 | 0,280 | 44,35 | 44,35 |  0,00 | 0,750 | 278,02 | 278,02 |  0,00 | 0,952 | 283,04 | 283,04 |  0,00 | 22,480 | 36,02 | 36,02 | 65,352 |   NaN | NaN | 0,00 | 0,00 | NaN
  37 |  0,00 | 5,626 | 647,37 | 647,37 | 674,04 |  0,00 | 0,262 | 44,35 | 44,35 |  0,00 | 4,313 | 285,32 | 285,32 |  0,00 | 11,936 | 281,67 | 281,67 |  0,00 | 73,745 | 36,02 | 36,02 | 178,149 |   NaN | NaN | 0,00 | 0,00 | NaN
  38 |  0,00 | 1,404 | 646,19 | 646,19 | 672,82 |  0,00 | 0,254 | 44,35 | 44,35 |  0,00 | 1,047 | 282,92 | 282,92 |  0,00 | 1,623 | 282,90 | 282,90 |  0,00 | 33,796 | 36,02 | 36,02 | 91,761 |   NaN | NaN | 0,00 | 0,00 | NaN
  39 |  0,00 | 3,151 | 633,61 | 633,61 | 664,69 |  0,00 | 0,297 | 44,35 | 44,35 |  0,00 | 2,456 | 277,57 | 277,57 |  0,00 | 5,513 | 275,67 | 275,67 |  0,00 | 54,515 | 36,02 | 36,02 | 139,013 |   NaN | NaN | 0,00 | 0,00 | NaN
  40 |  0,00 | 1,160 | 637,10 | 637,10 | 668,11 |  0,00 | 0,297 | 44,35 | 44,35 |  0,00 | 0,902 | 281,37 | 281,37 |  0,00 | 1,133 | 275,36 | 275,36 |  0,00 | 28,102 | 36,02 | 36,02 | 78,695 |   NaN | NaN | 0,00 | 0,00 | NaN
  41 |  0,00 | 8,124 | 645,96 | 645,96 | 673,63 |  0,00 | 0,280 | 44,35 | 44,35 |  0,00 | 7,969 | 278,60 | 278,60 |  0,00 | 16,013 | 286,98 | 286,98 |  0,00 | 98,937 | 36,02 | 36,02 | 222,765 |   NaN | NaN | 0,00 | 0,00 | NaN
  42 |  0,00 | 6,161 | 647,98 | 647,98 | 674,61 |  0,00 | 0,226 | 44,35 | 44,35 |  0,00 | 5,009 | 283,53 | 283,53 |  0,00 | 12,385 | 284,08 | 284,08 |  0,00 | 87,310 | 36,02 | 36,02 | 205,756 |   NaN | NaN | 0,00 | 0,00 | NaN
  43 |  0,00 | 3,417 | 651,30 | 651,30 | 681,95 |  0,00 | 0,305 | 44,35 | 44,35 |  0,00 | 2,635 | 286,15 | 286,15 |  0,00 | 6,404 | 284,78 | 284,78 |  0,00 | 52,717 | 36,02 | 36,02 | 135,809 |   NaN | NaN | 0,00 | 0,00 | NaN
  44 |  0,00 | 7,515 | 645,32 | 645,32 | 672,00 |  0,00 | 0,217 | 44,35 | 44,35 |  0,00 | 7,412 | 280,73 | 280,73 |  0,00 | 14,239 | 284,22 | 284,22 |  0,00 | 101,592 | 36,02 | 36,02 | 225,720 |   NaN | NaN | 0,00 | 0,00 | NaN
  45 |  0,00 | 7,170 | 640,70 | 640,70 | 673,08 |  0,00 | 0,301 | 44,35 | 44,35 |  0,00 | 7,026 | 283,78 | 283,78 |  0,00 | 14,033 | 276,55 | 276,55 |  0,00 | 91,267 | 36,02 | 36,02 | 212,384 |   NaN | NaN | 0,00 | 0,00 | NaN
  46 |  0,00 | 3,820 | 642,04 | 642,04 | 668,63 |  0,00 | 0,240 | 44,35 | 44,35 |  0,00 | 2,700 | 279,27 | 279,27 |  0,00 | 7,350 | 282,40 | 282,40 |  0,00 | 62,456 | 36,02 | 36,02 | 155,130 |   NaN | NaN | 0,00 | 0,00 | NaN
  47 |  0,00 | 7,089 | 640,76 | 640,76 | 667,42 |  0,00 | 0,238 | 44,35 | 44,35 |  0,00 | 6,634 | 282,37 | 282,37 |  0,00 | 13,308 | 278,02 | 278,02 |  0,00 | 104,115 | 36,02 | 36,02 | 225,342 |   NaN | NaN | 0,00 | 0,00 | NaN
  48 |  0,00 | 6,878 | 640,11 | 640,11 | 667,01 |  0,00 | 0,267 | 44,35 | 44,35 |  0,00 | 5,926 | 279,61 | 279,61 |  0,00 | 13,263 | 280,13 | 280,13 |  0,00 | 101,653 | 36,02 | 36,02 | 225,566 |   NaN | NaN | 0,00 | 0,00 | NaN
  49 |  0,00 | 6,807 | 640,84 | 640,84 | 668,32 |  0,00 | 0,280 | 44,35 | 44,35 |  0,00 | 6,284 | 281,79 | 281,79 |  0,00 | 12,457 | 278,68 | 278,68 |  0,00 | 104,329 | 36,02 | 36,02 | 226,000 |   NaN | NaN | 0,00 | 0,00 | NaN
  50 |  0,00 | 3,634 | 644,68 | 644,68 | 671,29 |  0,00 | 0,234 | 44,35 | 44,35 |  0,00 | 3,047 | 283,73 | 283,73 |  0,00 | 6,676 | 280,58 | 280,58 |  0,00 | 57,378 | 36,02 | 36,02 | 144,462 |   NaN | NaN | 0,00 | 0,00 | NaN
  51 |  0,00 | 8,022 | 643,50 | 643,50 | 670,20 |  0,00 | 0,232 | 44,35 | 44,35 |  0,00 | 7,198 | 280,76 | 280,76 |  0,00 | 16,570 | 282,37 | 282,37 |  0,00 | 99,358 | 36,02 | 36,02 | 223,055 |   NaN | NaN | 0,00 | 0,00 | NaN
  52 |  0,00 | 6,976 | 642,86 | 642,86 | 669,58 |  0,00 | 0,259 | 44,35 | 44,35 |  0,00 | 6,320 | 277,96 | 277,96 |  0,00 | 13,669 | 284,53 | 284,53 |  0,00 | 94,095 | 36,02 | 36,02 | 216,891 |   NaN | NaN | 0,00 | 0,00 | NaN
  53 |  0,00 | 4,989 | 643,81 | 643,81 | 670,38 |  0,00 | 0,246 | 44,35 | 44,35 |  0,00 | 4,273 | 283,15 | 283,15 |  0,00 | 9,758 | 280,29 | 280,29 |  0,00 | 70,867 | 36,02 | 36,02 | 171,864 |   NaN | NaN | 0,00 | 0,00 | NaN
  54 |  0,00 | 6,828 | 638,77 | 638,77 | 665,42 |  0,00 | 0,248 | 44,35 | 44,35 |  0,00 | 6,695 | 281,59 | 281,59 |  0,00 | 13,210 | 276,82 | 276,82 |  0,00 | 90,023 | 36,02 | 36,02 | 210,440 |   NaN | NaN | 0,00 | 0,00 | NaN
  55 |  0,00 | 1,321 | 639,49 | 639,49 | 666,07 |  0,00 | 0,233 | 44,35 | 44,35 |  0,00 | 1,015 | 278,07 | 278,07 |  0,00 | 1,529 | 281,05 | 281,05 |  0,00 | 31,412 | 36,02 | 36,02 | 86,108 |   NaN | NaN | 0,00 | 0,00 | NaN
  56 |  0,00 | 7,535 | 639,35 | 639,35 | 666,05 |  0,00 | 0,239 | 44,35 | 44,35 |  0,00 | 6,916 | 279,19 | 279,19 |  0,00 | 14,966 | 279,79 | 279,79 |  0,00 | 100,297 | 36,02 | 36,02 | 224,617 |   NaN | NaN | 0,00 | 0,00 | NaN
  57 |  0,00 | 7,249 | 642,08 | 642,08 | 668,80 |  0,00 | 0,236 | 44,35 | 44,35 |  0,00 | 6,062 | 280,35 | 280,35 |  0,00 | 14,397 | 281,36 | 281,36 |  0,00 | 104,476 | 36,02 | 36,02 | 227,491 |   NaN | NaN | 0,00 | 0,00 | NaN
  58 |  0,00 | 7,481 | 643,29 | 643,29 | 670,12 |  0,00 | 0,265 | 44,35 | 44,35 |  0,00 | 6,937 | 281,48 | 281,48 |  0,00 | 14,407 | 281,43 | 281,43 |  0,00 | 103,941 | 36,02 | 36,02 | 227,462 |   NaN | NaN | 0,00 | 0,00 | NaN
  59 |  0,00 | 0,979 | 646,82 | 646,82 | 674,74 |  0,00 | 0,284 | 44,35 | 44,35 |  0,00 | 0,732 | 280,75 | 280,75 |  0,00 | 0,948 | 285,70 | 285,70 |  0,00 | 23,441 | 36,02 | 36,02 | 67,602 |   NaN | NaN | 0,00 | 0,00 | NaN
  60 |  0,00 | 7,511 | 642,38 | 642,38 | 669,08 |  0,00 | 0,219 | 44,35 | 44,35 |  0,00 | 6,989 | 280,86 | 280,86 |  0,00 | 14,875 | 281,16 | 281,16 |  0,00 | 99,264 | 36,02 | 36,02 | 223,142 |   NaN | NaN | 0,00 | 0,00 | NaN
  61 |  0,00 | 4,444 | 646,44 | 646,44 | 673,03 |  0,00 | 0,241 | 44,35 | 44,35 |  0,00 | 3,159 | 283,00 | 283,00 |  0,00 | 9,038 | 283,07 | 283,07 |  0,00 | 66,288 | 36,02 | 36,02 | 163,034 |   NaN | NaN | 0,00 | 0,00 | NaN
  62 |  0,00 | 7,446 | 646,24 | 646,24 | 679,24 |  0,00 | 0,303 | 44,35 | 44,35 |  0,00 | 6,860 | 283,25 | 283,25 |  0,00 | 14,401 | 282,62 | 282,62 |  0,00 | 101,749 | 36,02 | 36,02 | 225,784 |   NaN | NaN | 0,00 | 0,00 | NaN
  63 |  0,00 | 1,889 | 643,47 | 643,47 | 670,09 |  0,00 | 0,258 | 44,35 | 44,35 |  0,00 | 1,436 | 282,99 | 282,99 |  0,00 | 2,767 | 280,11 | 280,11 |  0,00 | 38,771 | 36,02 | 36,02 | 101,457 |   NaN | NaN | 0,00 | 0,00 | NaN
  64 |  0,00 | 7,315 | 639,40 | 639,40 | 672,05 |  0,00 | 0,301 | 44,35 | 44,35 |  0,00 | 6,257 | 280,19 | 280,19 |  0,00 | 15,408 | 278,84 | 278,84 |  0,00 | 89,821 | 36,02 | 36,02 | 210,172 |   NaN | NaN | 0,00 | 0,00 | NaN

= = = = = = = = = = = = AVERAGE RESULTS system = = = = = = = = = = = =
meanPLR_system | 0,000000 
meanDelay_system | 3,529375 
meanLoad_system | 642,731987 
meanTHR_system | 642,731987 
meanGate_system | 670,636984 

meanPLR_EF_system | 0,000000 
meanPLR_AF_system | 0,000000 
meanPLR_BE_system | 0,000000 
meanPLR_FLA_system | 0,000000 
meanPLR_FLB_system | NaN 

meanTHR_EF_system | 44,352002 
meanTHR_AF_system | 281,406573 
meanTHR_BE_system | 280,953838 
meanTHR_FLA_system | 36,644536 
meanTHR_FLB_system | 0,000000 

meanLoad_EF_system | 44,352002 
meanLoad_AF_system | 281,406573 
meanLoad_BE_system | 280,953838 
meanLoad_FLA_system | 36,644536 
meanLoad_FLB_system | 0,000000 

meanDELAY_EF_system | 0,263038 
meanDELAY_AF_system | 3,043080 
meanDELAY_BE_system | 6,431256 
meanDELAY_FLA_system | 54,220631 
meanDELAY_FLB_system | NaN 
meanDELAY_CompleteFLA_system | 131,921822 
meanDELAY_CompleteFLB_system | NaN 

= = = = = = = = = = = = AVERAGE RESULTS = = = = = = = = = = = =
Packet Loss Ratio: 00,00 (%)
PROCESSED PACKAGES: 1919612700 
DISCARTED PACKAGES: 0 
TOTAL PACKAGES: 1919612700 
AVERAGE DELAY: 601,68 (ms) 
AVERAGE THROUGHPUT: 642,73 (Mbps) 
GRANTED THROUGHPUT: 42920,77 (Mbps) By 64 ONUs
EFFECTIVE THROUGHPUT: 41134,85 (Mbps) By 64 ONUs
TOTAL LOAD: 41134,85 (Mbps) By 64 ONUs
ON Arrival THROUGHPUT: 0,00 (Mbps) By 64 ONUs
FINISHTIMEFL: 172,904360 
FINISHTIME: 175,904360 


fileName | IPACT_STRICTPRIORITY_4_30_75_0 
