
ONU ID 	|  PLR(%) | Delay(ms) | Throughput(Mbps) | Granted Throughput(Mbps) | Total Load (Mbps) 

  ID |  PLR(%) |  D  | Thr |  Gates  |  Load  | PLR-EF | D-EF | ThrEF | LoadEF | PLR-AF | D-AF | ThrAF | LoadAF | PLR-BE | D-BE | ThrBE | LoadBE | PLR-FA | D-FA | ThrFA | LoadFA | DTFA |  PLR-FB | D-FB | ThrFB | LoadFB | DTFB | 
   1 |  3,48 | 263,281 | 754,97 | 782,22 | 759,27 |  0,00 | 1,406 | 44,35 | 44,35 |  0,00 | 5,510 | 357,97 | 357,97 |  7,73 | 951,595 | 325,32 | 352,56 |  0,00 | 286,749 | 27,34 | 27,34 | 593,763 |   NaN | NaN | 0,00 | 0,00 | NaN
   2 |  3,18 | 232,512 | 753,63 | 778,38 | 757,94 |  0,00 | 1,418 | 44,35 | 44,35 |  0,00 | 2,149 | 355,81 | 355,81 |  7,05 | 799,726 | 326,13 | 350,88 |  0,00 | 1157,379 | 27,34 | 27,34 | 2334,958 |   NaN | NaN | 0,00 | 0,00 | NaN
   3 |  2,72 | 226,132 | 752,26 | 773,27 | 756,56 |  0,00 | 1,355 | 44,35 | 44,35 |  0,00 | 1,889 | 350,06 | 350,06 |  5,98 | 768,673 | 330,50 | 351,52 |  0,00 | 1087,705 | 27,34 | 27,34 | 2195,511 |   NaN | NaN | 0,00 | 0,00 | NaN
   4 |  3,42 | 261,862 | 755,42 | 782,19 | 759,76 |  0,00 | 1,360 | 44,35 | 44,35 |  0,00 | 11,159 | 357,10 | 357,10 |  7,57 | 941,351 | 326,64 | 353,40 |  0,00 | 179,360 | 27,34 | 27,34 | 378,968 |   NaN | NaN | 0,00 | 0,00 | NaN
   5 |  2,39 | 220,020 | 752,92 | 771,33 | 757,20 |  0,00 | 1,386 | 44,35 | 44,35 |  0,00 | 1,953 | 350,75 | 350,75 |  5,27 | 725,087 | 330,48 | 348,88 |  0,00 | 1581,235 | 27,34 | 27,34 | 3182,760 |   NaN | NaN | 0,00 | 0,00 | NaN
   6 |  3,08 | 244,877 | 754,10 | 778,06 | 758,38 |  0,00 | 1,334 | 44,35 | 44,35 |  0,00 | 1,901 | 353,89 | 353,89 |  6,80 | 833,757 | 328,52 | 352,48 |  0,00 | 1298,790 | 27,34 | 27,34 | 2617,851 |   NaN | NaN | 0,00 | 0,00 | NaN
   7 |  2,88 | 237,777 | 754,76 | 777,16 | 759,04 |  0,00 | 1,353 | 44,35 | 44,35 |  0,00 | 2,350 | 351,90 | 351,90 |  6,33 | 835,912 | 331,18 | 353,58 |  0,00 | 508,938 | 27,34 | 27,34 | 1038,040 |   NaN | NaN | 0,00 | 0,00 | NaN
   8 |  3,40 | 244,709 | 755,72 | 782,34 | 760,02 |  0,00 | 1,403 | 44,35 | 44,35 |  0,00 | 2,198 | 354,60 | 354,60 |  7,48 | 835,291 | 329,43 | 356,05 |  0,00 | 1210,604 | 27,34 | 27,34 | 2441,489 |   NaN | NaN | 0,00 | 0,00 | NaN
   9 |  3,00 | 238,607 | 754,06 | 777,39 | 758,35 |  0,00 | 1,343 | 44,35 | 44,35 |  0,00 | 2,321 | 352,03 | 352,03 |  6,59 | 827,960 | 330,35 | 353,67 |  0,00 | 793,862 | 27,34 | 27,34 | 1607,890 |   NaN | NaN | 0,00 | 0,00 | NaN
  10 |  2,88 | 241,954 | 754,64 | 777,00 | 758,94 |  0,00 | 1,404 | 44,35 | 44,35 |  0,00 | 5,388 | 354,56 | 354,56 |  6,37 | 865,573 | 328,39 | 350,74 |  0,00 | 262,985 | 27,34 | 27,34 | 546,090 |   NaN | NaN | 0,00 | 0,00 | NaN
  11 |  3,02 | 217,356 | 753,62 | 777,06 | 757,91 |  0,00 | 1,343 | 44,35 | 44,35 |  0,00 | 1,535 | 351,91 | 351,91 |  6,63 | 688,393 | 330,03 | 353,47 |  0,00 | 2243,892 | 27,34 | 27,34 | 4508,504 |   NaN | NaN | 0,00 | 0,00 | NaN
  12 |  2,94 | 224,986 | 754,78 | 777,64 | 759,08 |  0,00 | 1,405 | 44,35 | 44,35 |  0,00 | 1,850 | 351,87 | 351,87 |  6,46 | 752,444 | 331,23 | 354,09 |  0,00 | 1362,077 | 27,34 | 27,34 | 2744,338 |   NaN | NaN | 0,00 | 0,00 | NaN
  13 |  2,00 | 209,679 | 752,97 | 768,34 | 757,25 |  0,00 | 1,370 | 44,35 | 44,35 |  0,00 | 1,788 | 350,17 | 350,17 |  4,44 | 705,361 | 331,11 | 346,49 |  0,00 | 1153,387 | 27,34 | 27,34 | 2326,925 |   NaN | NaN | 0,00 | 0,00 | NaN
  14 |  3,74 | 246,080 | 752,68 | 781,92 | 756,98 |  0,00 | 1,411 | 44,35 | 44,35 |  0,00 | 1,597 | 354,86 | 354,86 |  8,23 | 830,485 | 326,13 | 355,37 |  0,00 | 1585,123 | 27,34 | 27,34 | 3190,434 |   NaN | NaN | 0,00 | 0,00 | NaN
  15 |  2,95 | 242,356 | 753,22 | 776,10 | 757,52 |  0,00 | 1,405 | 44,35 | 44,35 |  0,00 | 3,090 | 348,07 | 348,07 |  6,42 | 843,950 | 333,46 | 356,34 |  0,00 | 528,150 | 27,34 | 27,34 | 1076,466 |   NaN | NaN | 0,00 | 0,00 | NaN
  16 |  3,91 | 263,349 | 754,73 | 785,48 | 759,02 |  0,00 | 1,397 | 44,35 | 44,35 |  0,00 | 2,156 | 355,50 | 355,50 |  8,58 | 919,136 | 327,55 | 358,29 |  0,00 | 949,128 | 27,34 | 27,34 | 1918,481 |   NaN | NaN | 0,00 | 0,00 | NaN
  17 |  3,02 | 241,336 | 754,41 | 777,93 | 758,72 |  0,00 | 1,410 | 44,35 | 44,35 |  0,00 | 1,724 | 354,39 | 354,39 |  6,68 | 839,113 | 328,33 | 351,85 |  0,00 | 896,077 | 27,34 | 27,34 | 1812,334 |   NaN | NaN | 0,00 | 0,00 | NaN
  18 |  2,70 | 226,666 | 753,32 | 774,25 | 757,59 |  0,00 | 1,386 | 44,35 | 44,35 |  0,00 | 1,679 | 352,15 | 352,15 |  5,97 | 715,221 | 329,48 | 350,41 |  0,00 | 2420,953 | 27,34 | 27,34 | 4862,619 |   NaN | NaN | 0,00 | 0,00 | NaN
  19 |  1,98 | 216,999 | 754,62 | 769,87 | 758,91 |  0,00 | 1,377 | 44,35 | 44,35 |  0,00 | 2,030 | 347,27 | 347,27 |  4,34 | 688,728 | 335,67 | 350,92 |  0,00 | 1935,812 | 27,34 | 27,34 | 3891,989 |   NaN | NaN | 0,00 | 0,00 | NaN
  20 |  2,04 | 202,700 | 753,09 | 768,77 | 757,37 |  0,00 | 1,373 | 44,35 | 44,35 |  0,00 | 2,032 | 351,62 | 351,62 |  4,54 | 632,920 | 329,78 | 345,46 |  0,00 | 2280,642 | 27,34 | 27,34 | 4582,296 |   NaN | NaN | 0,00 | 0,00 | NaN
  21 |  1,88 | 207,036 | 752,73 | 767,18 | 757,01 |  0,00 | 1,377 | 44,35 | 44,35 |  0,00 | 2,706 | 349,54 | 349,54 |  4,18 | 726,888 | 331,51 | 345,96 |  0,00 | 395,197 | 27,34 | 27,34 | 810,632 |   NaN | NaN | 0,00 | 0,00 | NaN
  22 |  3,35 | 247,247 | 754,36 | 780,52 | 758,67 |  0,00 | 1,416 | 44,35 | 44,35 |  0,00 | 1,754 | 357,84 | 357,84 |  7,45 | 835,415 | 324,83 | 350,99 |  0,00 | 1672,281 | 27,34 | 27,34 | 3364,844 |   NaN | NaN | 0,00 | 0,00 | NaN
  23 |  3,17 | 233,736 | 754,49 | 779,23 | 758,79 |  0,00 | 1,398 | 44,35 | 44,35 |  0,00 | 1,819 | 353,75 | 353,75 |  6,99 | 755,284 | 329,05 | 353,79 |  0,00 | 2132,847 | 27,34 | 27,34 | 4286,270 |   NaN | NaN | 0,00 | 0,00 | NaN
  24 |  3,71 | 252,156 | 754,95 | 784,02 | 759,23 |  0,00 | 1,360 | 44,35 | 44,35 |  0,00 | 1,807 | 355,96 | 355,96 |  8,16 | 869,869 | 327,30 | 356,37 |  0,00 | 1168,986 | 27,34 | 27,34 | 2358,217 |   NaN | NaN | 0,00 | 0,00 | NaN
  25 |  3,15 | 251,522 | 755,26 | 779,81 | 759,58 |  0,00 | 1,417 | 44,35 | 44,35 |  0,00 | 1,913 | 350,01 | 350,01 |  6,85 | 875,733 | 333,56 | 358,11 |  0,00 | 605,507 | 27,34 | 27,34 | 1231,160 |   NaN | NaN | 0,00 | 0,00 | NaN
  26 |  2,49 | 238,843 | 755,01 | 774,30 | 759,31 |  0,00 | 1,413 | 44,35 | 44,35 |  0,00 | 2,335 | 352,40 | 352,40 |  5,51 | 841,391 | 330,92 | 350,21 |  0,00 | 486,693 | 27,34 | 27,34 | 993,404 |   NaN | NaN | 0,00 | 0,00 | NaN
  27 |  2,49 | 211,486 | 754,02 | 773,29 | 758,28 |  0,00 | 1,340 | 44,35 | 44,35 |  0,00 | 1,567 | 352,88 | 352,88 |  5,53 | 659,366 | 329,45 | 348,72 |  0,00 | 2448,661 | 27,34 | 27,34 | 4918,183 |   NaN | NaN | 0,00 | 0,00 | NaN
  28 |  2,22 | 214,833 | 753,48 | 770,59 | 757,78 |  0,00 | 1,406 | 44,35 | 44,35 |  0,00 | 1,880 | 351,20 | 351,20 |  4,92 | 682,381 | 330,59 | 347,69 |  0,00 | 2133,326 | 27,34 | 27,34 | 4287,438 |   NaN | NaN | 0,00 | 0,00 | NaN
  29 |  3,02 | 218,753 | 753,52 | 776,95 | 757,79 |  0,00 | 1,386 | 44,35 | 44,35 |  0,00 | 1,750 | 351,39 | 351,39 |  6,62 | 693,288 | 330,44 | 353,87 |  0,00 | 2214,892 | 27,34 | 27,34 | 4450,429 |   NaN | NaN | 0,00 | 0,00 | NaN
  30 |  2,74 | 216,540 | 753,59 | 774,83 | 757,89 |  0,00 | 1,416 | 44,35 | 44,35 |  0,00 | 1,602 | 350,56 | 350,56 |  6,02 | 677,895 | 331,34 | 352,58 |  0,00 | 2352,027 | 27,34 | 27,34 | 4724,843 |   NaN | NaN | 0,00 | 0,00 | NaN
  31 |  2,61 | 229,536 | 754,87 | 775,11 | 759,15 |  0,00 | 1,383 | 44,35 | 44,35 |  0,00 | 1,626 | 352,41 | 352,41 |  5,77 | 736,867 | 330,78 | 351,02 |  0,00 | 2129,148 | 27,34 | 27,34 | 4278,974 |   NaN | NaN | 0,00 | 0,00 | NaN
  32 |  3,13 | 220,927 | 754,98 | 779,35 | 759,26 |  0,00 | 1,339 | 44,35 | 44,35 |  0,00 | 1,941 | 352,90 | 352,90 |  6,87 | 700,503 | 330,38 | 354,76 |  0,00 | 2251,597 | 27,34 | 27,34 | 4524,077 |   NaN | NaN | 0,00 | 0,00 | NaN
  33 |  2,53 | 219,482 | 754,16 | 773,74 | 758,43 |  0,00 | 1,405 | 44,35 | 44,35 |  0,00 | 1,862 | 350,08 | 350,08 |  5,56 | 687,935 | 332,39 | 351,97 |  0,00 | 2313,722 | 27,34 | 27,34 | 4648,265 |   NaN | NaN | 0,00 | 0,00 | NaN
  34 |  2,86 | 222,264 | 754,61 | 776,85 | 758,88 |  0,00 | 1,396 | 44,35 | 44,35 |  0,00 | 1,655 | 352,05 | 352,05 |  6,30 | 692,589 | 330,86 | 353,10 |  0,00 | 2525,836 | 27,34 | 27,34 | 5072,645 |   NaN | NaN | 0,00 | 0,00 | NaN
  35 |  3,19 | 237,406 | 755,60 | 780,46 | 759,86 |  0,00 | 1,345 | 44,35 | 44,35 |  0,00 | 1,426 | 354,67 | 354,67 |  7,02 | 748,608 | 329,24 | 354,11 |  0,00 | 2605,213 | 27,34 | 27,34 | 5231,164 |   NaN | NaN | 0,00 | 0,00 | NaN
  36 |  2,58 | 209,139 | 754,12 | 774,13 | 758,41 |  0,00 | 1,398 | 44,35 | 44,35 |  0,00 | 1,524 | 349,97 | 349,97 |  5,68 | 643,329 | 332,47 | 352,48 |  0,00 | 2483,429 | 27,34 | 27,34 | 4987,946 |   NaN | NaN | 0,00 | 0,00 | NaN
  37 |  3,41 | 242,147 | 754,97 | 781,62 | 759,25 |  0,00 | 1,381 | 44,35 | 44,35 |  0,00 | 1,799 | 356,85 | 356,85 |  7,55 | 786,989 | 326,43 | 353,08 |  0,00 | 2257,611 | 27,34 | 27,34 | 4536,130 |   NaN | NaN | 0,00 | 0,00 | NaN
  38 |  3,59 | 240,428 | 754,98 | 783,07 | 759,26 |  0,00 | 1,372 | 44,35 | 44,35 |  0,00 | 1,685 | 355,81 | 355,81 |  7,90 | 773,045 | 327,48 | 355,57 |  0,00 | 2376,133 | 27,34 | 27,34 | 4773,201 |   NaN | NaN | 0,00 | 0,00 | NaN
  39 |  2,06 | 197,708 | 754,28 | 770,13 | 758,61 |  0,00 | 1,416 | 44,35 | 44,35 |  0,00 | 1,936 | 351,34 | 351,34 |  4,57 | 611,782 | 331,25 | 347,10 |  0,00 | 2305,565 | 27,34 | 27,34 | 4632,086 |   NaN | NaN | 0,00 | 0,00 | NaN
  40 |  1,89 | 201,839 | 752,07 | 766,58 | 756,37 |  0,00 | 1,416 | 44,35 | 44,35 |  0,00 | 1,788 | 350,08 | 350,08 |  4,21 | 621,642 | 330,30 | 344,81 |  0,00 | 2438,985 | 27,34 | 27,34 | 4898,845 |   NaN | NaN | 0,00 | 0,00 | NaN
  41 |  3,57 | 225,138 | 753,24 | 781,12 | 757,53 |  0,00 | 1,399 | 44,35 | 44,35 |  0,00 | 1,709 | 352,58 | 352,58 |  7,81 | 721,290 | 328,96 | 356,84 |  0,00 | 2176,278 | 27,34 | 27,34 | 4373,187 |   NaN | NaN | 0,00 | 0,00 | NaN
  42 |  3,22 | 228,715 | 753,73 | 778,84 | 758,01 |  0,00 | 1,345 | 44,35 | 44,35 |  0,00 | 1,835 | 352,56 | 352,56 |  7,08 | 731,728 | 329,48 | 354,59 |  0,00 | 2215,872 | 27,34 | 27,34 | 4452,385 |   NaN | NaN | 0,00 | 0,00 | NaN
  43 |  3,78 | 233,758 | 753,93 | 783,53 | 758,24 |  0,00 | 1,423 | 44,35 | 44,35 |  0,00 | 1,952 | 357,08 | 357,08 |  8,34 | 756,108 | 325,17 | 354,77 |  0,00 | 2301,197 | 27,34 | 27,34 | 4623,304 |   NaN | NaN | 0,00 | 0,00 | NaN
  44 |  3,14 | 243,056 | 754,23 | 778,67 | 758,50 |  0,00 | 1,335 | 44,35 | 44,35 |  0,00 | 1,642 | 352,74 | 352,74 |  6,90 | 786,146 | 329,80 | 354,24 |  0,00 | 2163,618 | 27,34 | 27,34 | 4347,953 |   NaN | NaN | 0,00 | 0,00 | NaN
  45 |  3,08 | 224,257 | 753,77 | 777,72 | 758,08 |  0,00 | 1,419 | 44,35 | 44,35 |  0,00 | 1,818 | 355,83 | 355,83 |  6,84 | 722,835 | 326,26 | 350,20 |  0,00 | 2205,352 | 27,34 | 27,34 | 4431,364 |   NaN | NaN | 0,00 | 0,00 | NaN
  46 |  3,07 | 216,404 | 753,76 | 777,60 | 758,04 |  0,00 | 1,359 | 44,35 | 44,35 |  0,00 | 1,578 | 351,99 | 351,99 |  6,74 | 683,112 | 330,08 | 353,93 |  0,00 | 2284,580 | 27,34 | 27,34 | 4589,980 |   NaN | NaN | 0,00 | 0,00 | NaN
  47 |  3,07 | 225,437 | 753,32 | 777,20 | 757,60 |  0,00 | 1,356 | 44,35 | 44,35 |  0,00 | 1,866 | 355,53 | 355,53 |  6,82 | 731,551 | 326,10 | 349,99 |  0,00 | 2111,673 | 27,34 | 27,34 | 4243,844 |   NaN | NaN | 0,00 | 0,00 | NaN
  48 |  2,73 | 222,622 | 753,38 | 774,54 | 757,67 |  0,00 | 1,386 | 44,35 | 44,35 |  0,00 | 1,738 | 351,99 | 351,99 |  6,03 | 711,608 | 329,71 | 350,86 |  0,00 | 2154,573 | 27,34 | 27,34 | 4329,767 |   NaN | NaN | 0,00 | 0,00 | NaN
  49 |  2,73 | 222,952 | 753,23 | 774,36 | 757,51 |  0,00 | 1,398 | 44,35 | 44,35 |  0,00 | 1,947 | 352,51 | 352,51 |  6,04 | 715,886 | 329,03 | 350,16 |  0,00 | 2107,623 | 27,34 | 27,34 | 4235,939 |   NaN | NaN | 0,00 | 0,00 | NaN
  50 |  3,10 | 229,068 | 755,21 | 779,35 | 759,48 |  0,00 | 1,353 | 44,35 | 44,35 |  0,00 | 1,921 | 356,22 | 356,22 |  6,87 | 735,097 | 327,30 | 351,44 |  0,00 | 2297,401 | 27,34 | 27,34 | 4615,824 |   NaN | NaN | 0,00 | 0,00 | NaN
  51 |  3,09 | 234,393 | 754,73 | 778,76 | 759,00 |  0,00 | 1,351 | 44,35 | 44,35 |  0,00 | 1,502 | 352,14 | 352,14 |  6,77 | 752,059 | 330,90 | 354,93 |  0,00 | 2174,271 | 27,34 | 27,34 | 4369,201 |   NaN | NaN | 0,00 | 0,00 | NaN
  52 |  2,36 | 219,585 | 753,31 | 771,51 | 757,59 |  0,00 | 1,377 | 44,35 | 44,35 |  0,00 | 2,083 | 347,62 | 347,62 |  5,17 | 689,545 | 334,01 | 352,21 |  0,00 | 2191,791 | 27,34 | 27,34 | 4404,313 |   NaN | NaN | 0,00 | 0,00 | NaN
  53 |  3,17 | 236,754 | 755,07 | 779,76 | 759,36 |  0,00 | 1,364 | 44,35 | 44,35 |  0,00 | 1,799 | 354,63 | 354,63 |  6,98 | 761,927 | 328,76 | 353,44 |  0,00 | 2259,312 | 27,34 | 27,34 | 4539,404 |   NaN | NaN | 0,00 | 0,00 | NaN
  54 |  2,43 | 226,509 | 754,96 | 773,76 | 759,25 |  0,00 | 1,367 | 44,35 | 44,35 |  0,00 | 1,705 | 353,12 | 353,12 |  5,39 | 723,502 | 330,16 | 348,96 |  0,00 | 2208,839 | 27,34 | 27,34 | 4438,303 |   NaN | NaN | 0,00 | 0,00 | NaN
  55 |  2,86 | 217,420 | 754,12 | 776,34 | 758,40 |  0,00 | 1,352 | 44,35 | 44,35 |  0,00 | 1,580 | 352,30 | 352,30 |  6,30 | 683,108 | 330,14 | 352,35 |  0,00 | 2369,481 | 27,34 | 27,34 | 4759,985 |   NaN | NaN | 0,00 | 0,00 | NaN
  56 |  2,44 | 219,816 | 754,44 | 773,32 | 758,72 |  0,00 | 1,358 | 44,35 | 44,35 |  0,00 | 1,713 | 349,61 | 349,61 |  5,37 | 695,003 | 333,14 | 352,02 |  0,00 | 2153,137 | 27,34 | 27,34 | 4326,947 |   NaN | NaN | 0,00 | 0,00 | NaN
  57 |  3,10 | 219,847 | 753,79 | 777,92 | 758,07 |  0,00 | 1,355 | 44,35 | 44,35 |  0,00 | 1,711 | 352,20 | 352,20 |  6,81 | 702,574 | 329,90 | 354,02 |  0,00 | 2127,012 | 27,34 | 27,34 | 4274,425 |   NaN | NaN | 0,00 | 0,00 | NaN
  58 |  2,79 | 229,580 | 754,77 | 776,42 | 759,07 |  0,00 | 1,383 | 44,35 | 44,35 |  0,00 | 1,792 | 351,28 | 351,28 |  6,12 | 733,768 | 331,80 | 353,45 |  0,00 | 2137,826 | 27,34 | 27,34 | 4296,293 |   NaN | NaN | 0,00 | 0,00 | NaN
  59 |  3,46 | 230,357 | 754,36 | 781,36 | 758,65 |  0,00 | 1,403 | 44,35 | 44,35 |  0,00 | 1,624 | 353,14 | 353,14 |  7,57 | 725,351 | 329,53 | 356,53 |  0,00 | 2509,777 | 27,34 | 27,34 | 5040,492 |   NaN | NaN | 0,00 | 0,00 | NaN
  60 |  2,80 | 223,526 | 754,55 | 776,25 | 758,84 |  0,00 | 1,337 | 44,35 | 44,35 |  0,00 | 1,734 | 352,62 | 352,62 |  6,16 | 713,906 | 330,24 | 351,94 |  0,00 | 2172,743 | 27,34 | 27,34 | 4366,092 |   NaN | NaN | 0,00 | 0,00 | NaN
  61 |  3,12 | 222,920 | 755,77 | 780,11 | 760,05 |  0,00 | 1,360 | 44,35 | 44,35 |  0,00 | 1,817 | 353,30 | 353,30 |  6,85 | 706,636 | 330,79 | 355,13 |  0,00 | 2270,186 | 27,34 | 27,34 | 4561,268 |   NaN | NaN | 0,00 | 0,00 | NaN
  62 |  3,23 | 244,856 | 754,33 | 779,47 | 758,66 |  0,00 | 1,421 | 44,35 | 44,35 |  0,00 | 1,549 | 354,36 | 354,36 |  7,11 | 796,524 | 328,28 | 353,42 |  0,00 | 2161,239 | 27,34 | 27,34 | 4343,066 |   NaN | NaN | 0,00 | 0,00 | NaN
  63 |  3,08 | 215,292 | 753,99 | 777,98 | 758,27 |  0,00 | 1,377 | 44,35 | 44,35 |  0,00 | 1,626 | 353,47 | 353,47 |  6,80 | 678,606 | 328,83 | 352,82 |  0,00 | 2352,845 | 27,34 | 27,34 | 4726,588 |   NaN | NaN | 0,00 | 0,00 | NaN
  64 |  2,46 | 207,875 | 752,95 | 771,98 | 757,29 |  0,00 | 1,420 | 44,35 | 44,35 |  0,00 | 1,687 | 348,21 | 348,21 |  5,40 | 648,779 | 333,06 | 352,09 |  0,00 | 2210,156 | 27,34 | 27,34 | 4440,986 |   NaN | NaN | 0,00 | 0,00 | NaN

= = = = = = = = = = = = AVERAGE RESULTS system = = = = = = = = = = = =
meanPLR_system | 2,916776 
meanDelay_system | 228,693836 
meanLoad_system | 776,817108 
meanTHR_system | 754,139495 
meanGate_system | 758,429391 

meanPLR_EF_system | 0,000000 
meanPLR_AF_system | 0,000000 
meanPLR_BE_system | 6,428567 
meanPLR_FLA_system | 0,000000 
meanPLR_FLB_system | NaN 

meanTHR_EF_system | 44,352003 
meanTHR_AF_system | 352,737606 
meanTHR_BE_system | 329,713890 
meanTHR_FLA_system | 27,720415 
meanTHR_FLB_system | 0,000000 

meanLoad_EF_system | 44,352003 
meanLoad_AF_system | 352,737606 
meanLoad_BE_system | 352,391502 
meanLoad_FLA_system | 27,720415 
meanLoad_FLB_system | 0,000000 

meanDELAY_EF_system | 1,381510 
meanDELAY_AF_system | 2,103119 
meanDELAY_BE_system | 748,876992 
meanDELAY_FLA_system | 1817,770078 
meanDELAY_FLB_system | NaN 
meanDELAY_CompleteFLA_system | 3656,115115 
meanDELAY_CompleteFLB_system | NaN 

= = = = = = = = = = = = AVERAGE RESULTS = = = = = = = = = = = =
Packet Loss Ratio: 02,92 (%)
PROCESSED PACKAGES: 2612204979 
DISCARTED PACKAGES: 48939269 
TOTAL PACKAGES: 2661144248 
AVERAGE DELAY: 43149,44 (ms) 
AVERAGE THROUGHPUT: 754,14 (Mbps) 
GRANTED THROUGHPUT: 48539,48 (Mbps) By 64 ONUs
EFFECTIVE THROUGHPUT: 48264,93 (Mbps) By 64 ONUs
TOTAL LOAD: 49716,29 (Mbps) By 64 ONUs
ON Arrival THROUGHPUT: 0,00 (Mbps) By 64 ONUs
FINISHTIMEFL: 213,330137 
FINISHTIME: 216,330137 


fileName | IPACT_LBCONSTANTTOKENSBYCYCLE_5_28_94_0 
