
ONU ID 	|  PLR(%) | Delay(ms) | Throughput(Mbps) | Granted Throughput(Mbps) | Total Load (Mbps) 

  ID |  PLR(%) |  D  | Thr |  Gates  |  Load  | PLR-EF | D-EF | ThrEF | LoadEF | PLR-AF | D-AF | ThrAF | LoadAF | PLR-BE | D-BE | ThrBE | LoadBE | PLR-FA | D-FA | ThrFA | LoadFA | DTFA |  PLR-FB | D-FB | ThrFB | LoadFB | DTFB | 
   1 |  0,00 | 1,180 | 602,23 | 602,23 | 631,53 |  0,00 | 0,405 | 44,35 | 44,35 |  0,00 | 0,405 | 210,45 | 210,45 |  0,00 | 1,045 | 203,15 | 203,15 |  0,00 | 8,773 | 144,28 | 144,28 | 39,575 |   NaN | NaN | 0,00 | 0,00 | NaN
   2 |  0,00 | 3,431 | 603,44 | 603,44 | 636,17 |  0,00 | 0,417 | 44,35 | 44,35 |  0,00 | 0,413 | 207,38 | 207,38 |  0,00 | 2,949 | 207,42 | 207,42 |  0,00 | 32,767 | 144,28 | 144,28 | 80,014 |   NaN | NaN | 0,00 | 0,00 | NaN
   3 |  0,00 | 2,901 | 604,67 | 604,67 | 630,66 |  0,00 | 0,354 | 44,35 | 44,35 |  0,00 | 0,352 | 208,77 | 208,77 |  0,00 | 2,277 | 207,26 | 207,26 |  0,00 | 28,327 | 144,28 | 144,28 | 68,705 |   NaN | NaN | 0,00 | 0,00 | NaN
   4 |  0,00 | 1,075 | 604,93 | 604,93 | 630,83 |  0,00 | 0,359 | 44,35 | 44,35 |  0,00 | 0,356 | 211,49 | 211,49 |  0,00 | 1,014 | 204,80 | 204,80 |  0,00 | 7,937 | 144,28 | 144,28 | 36,124 |   NaN | NaN | 0,00 | 0,00 | NaN
   5 |  0,00 | 10,617 | 599,45 | 599,45 | 626,27 |  0,00 | 0,384 | 44,35 | 44,35 |  0,00 | 0,371 | 205,65 | 205,65 |  0,00 | 13,004 | 205,16 | 205,16 |  0,00 | 99,150 | 144,28 | 144,28 | 177,553 |   NaN | NaN | 0,00 | 0,00 | NaN
   6 |  0,00 | 4,542 | 604,36 | 604,36 | 629,64 |  0,00 | 0,335 | 44,35 | 44,35 |  0,00 | 0,337 | 209,53 | 209,53 |  0,00 | 4,523 | 206,19 | 206,19 |  0,00 | 43,815 | 144,28 | 144,28 | 98,557 |   NaN | NaN | 0,00 | 0,00 | NaN
   7 |  0,00 | 1,536 | 600,55 | 600,55 | 626,48 |  0,00 | 0,352 | 44,35 | 44,35 |  0,00 | 0,337 | 207,94 | 207,94 |  0,00 | 1,381 | 203,98 | 203,98 |  0,00 | 13,009 | 144,28 | 144,28 | 47,113 |   NaN | NaN | 0,00 | 0,00 | NaN
   8 |  0,00 | 3,588 | 603,94 | 603,94 | 632,68 |  0,00 | 0,401 | 44,35 | 44,35 |  0,00 | 0,392 | 205,58 | 205,58 |  0,00 | 3,373 | 209,72 | 209,72 |  0,00 | 33,743 | 144,28 | 144,28 | 84,697 |   NaN | NaN | 0,00 | 0,00 | NaN
   9 |  0,00 | 1,075 | 605,72 | 605,72 | 631,43 |  0,00 | 0,342 | 44,35 | 44,35 |  0,00 | 0,337 | 209,25 | 209,25 |  0,00 | 1,051 | 207,83 | 207,83 |  0,00 | 7,988 | 144,28 | 144,28 | 36,743 |   NaN | NaN | 0,00 | 0,00 | NaN
  10 |  0,00 | 1,261 | 598,73 | 598,73 | 627,58 |  0,00 | 0,402 | 44,35 | 44,35 |  0,00 | 0,400 | 205,81 | 205,81 |  0,00 | 1,030 | 204,28 | 204,28 |  0,00 | 9,844 | 144,28 | 144,28 | 40,231 |   NaN | NaN | 0,00 | 0,00 | NaN
  11 |  0,00 | 16,076 | 596,67 | 596,67 | 622,58 |  0,00 | 0,342 | 44,35 | 44,35 |  0,00 | 0,331 | 201,03 | 201,03 |  0,00 | 32,787 | 207,00 | 207,00 |  0,00 | 115,869 | 144,28 | 144,28 | 264,807 |   NaN | NaN | 0,00 | 0,00 | NaN
  12 |  0,00 | 5,647 | 603,94 | 603,94 | 633,27 |  0,00 | 0,404 | 44,35 | 44,35 |  0,00 | 0,403 | 207,62 | 207,62 |  0,00 | 5,307 | 207,68 | 207,68 |  0,00 | 55,321 | 144,28 | 144,28 | 112,645 |   NaN | NaN | 0,00 | 0,00 | NaN
  13 |  0,00 | 3,419 | 599,84 | 599,84 | 626,00 |  0,00 | 0,369 | 44,35 | 44,35 |  0,00 | 0,370 | 204,51 | 204,51 |  0,00 | 2,937 | 206,69 | 206,69 |  0,00 | 32,952 | 144,28 | 144,28 | 80,350 |   NaN | NaN | 0,00 | 0,00 | NaN
  14 |  0,00 | 10,429 | 603,28 | 603,28 | 634,03 |  0,00 | 0,410 | 44,35 | 44,35 |  0,00 | 0,417 | 207,74 | 207,74 |  0,00 | 12,754 | 206,91 | 206,91 |  0,00 | 97,304 | 144,28 | 144,28 | 172,465 |   NaN | NaN | 0,00 | 0,00 | NaN
  15 |  0,00 | 1,422 | 599,18 | 599,18 | 628,43 |  0,00 | 0,404 | 44,35 | 44,35 |  0,00 | 0,402 | 202,92 | 202,92 |  0,00 | 1,209 | 207,62 | 207,62 |  0,00 | 11,417 | 144,28 | 144,28 | 46,256 |   NaN | NaN | 0,00 | 0,00 | NaN
  16 |  0,00 | 1,340 | 605,11 | 605,11 | 632,89 |  0,00 | 0,395 | 44,35 | 44,35 |  0,00 | 0,390 | 205,78 | 205,78 |  0,00 | 1,095 | 210,70 | 210,70 |  0,00 | 10,786 | 144,28 | 144,28 | 41,572 |   NaN | NaN | 0,00 | 0,00 | NaN
  17 |  0,00 | 1,259 | 602,80 | 602,80 | 632,84 |  0,00 | 0,408 | 44,35 | 44,35 |  0,00 | 0,395 | 206,01 | 206,01 |  0,00 | 1,017 | 208,15 | 208,15 |  0,00 | 9,843 | 144,28 | 144,28 | 39,111 |   NaN | NaN | 0,00 | 0,00 | NaN
  18 |  0,00 | 4,687 | 599,51 | 599,51 | 626,33 |  0,00 | 0,385 | 44,35 | 44,35 |  0,00 | 0,394 | 204,16 | 204,16 |  0,00 | 7,822 | 206,72 | 206,72 |  0,00 | 36,012 | 144,28 | 144,28 | 122,977 |   NaN | NaN | 0,00 | 0,00 | NaN
  19 |  0,00 | 15,743 | 597,57 | 597,57 | 624,03 |  0,00 | 0,375 | 44,35 | 44,35 |  0,00 | 0,368 | 202,37 | 202,37 |  0,00 | 27,304 | 206,57 | 206,57 |  0,00 | 126,428 | 144,28 | 144,28 | 258,700 |   NaN | NaN | 0,00 | 0,00 | NaN
  20 |  0,00 | 14,460 | 599,11 | 599,11 | 625,39 |  0,00 | 0,371 | 44,35 | 44,35 |  0,00 | 0,365 | 207,47 | 207,47 |  0,00 | 30,279 | 203,01 | 203,01 |  0,00 | 103,520 | 144,28 | 144,28 | 251,835 |   NaN | NaN | 0,00 | 0,00 | NaN
  21 |  0,00 | 1,130 | 595,37 | 595,37 | 621,66 |  0,00 | 0,376 | 44,35 | 44,35 |  0,00 | 0,381 | 204,31 | 204,31 |  0,00 | 1,017 | 202,42 | 202,42 |  0,00 | 8,394 | 144,28 | 144,28 | 36,722 |   NaN | NaN | 0,00 | 0,00 | NaN
  22 |  0,00 | 11,866 | 602,33 | 602,33 | 634,42 |  0,00 | 0,414 | 44,35 | 44,35 |  0,00 | 0,423 | 209,83 | 209,83 |  0,00 | 15,283 | 203,87 | 203,87 |  0,00 | 109,565 | 144,28 | 144,28 | 196,968 |   NaN | NaN | 0,00 | 0,00 | NaN
  23 |  0,00 | 18,001 | 604,15 | 604,15 | 632,12 |  0,00 | 0,396 | 44,35 | 44,35 |  0,00 | 0,390 | 207,33 | 207,33 |  0,00 | 35,920 | 208,18 | 208,18 |  0,00 | 132,983 | 144,28 | 144,28 | 280,315 |   NaN | NaN | 0,00 | 0,00 | NaN
  24 |  0,00 | 3,380 | 602,31 | 602,31 | 628,33 |  0,00 | 0,358 | 44,35 | 44,35 |  0,00 | 0,362 | 207,10 | 207,10 |  0,00 | 2,868 | 206,58 | 206,58 |  0,00 | 32,824 | 144,28 | 144,28 | 80,143 |   NaN | NaN | 0,00 | 0,00 | NaN
  25 |  0,00 | 1,039 | 605,37 | 605,37 | 637,65 |  0,00 | 0,416 | 44,35 | 44,35 |  0,00 | 0,416 | 204,30 | 204,30 |  0,00 | 0,920 | 212,43 | 212,43 |  0,00 | 7,143 | 144,28 | 144,28 | 35,936 |   NaN | NaN | 0,00 | 0,00 | NaN
  26 |  0,00 | 1,652 | 600,06 | 600,06 | 631,26 |  0,00 | 0,412 | 44,35 | 44,35 |  0,00 | 0,408 | 206,04 | 206,04 |  0,00 | 1,297 | 205,39 | 205,39 |  0,00 | 14,116 | 144,28 | 144,28 | 47,240 |   NaN | NaN | 0,00 | 0,00 | NaN
  27 |  0,00 | 3,426 | 597,89 | 597,89 | 623,61 |  0,00 | 0,339 | 44,35 | 44,35 |  0,00 | 0,342 | 204,51 | 204,51 |  0,00 | 4,708 | 204,75 | 204,75 |  0,00 | 28,562 | 144,28 | 144,28 | 95,864 |   NaN | NaN | 0,00 | 0,00 | NaN
  28 |  0,00 | 17,079 | 600,08 | 600,08 | 629,45 |  0,00 | 0,404 | 44,35 | 44,35 |  0,00 | 0,394 | 207,84 | 207,84 |  0,00 | 32,332 | 203,60 | 203,60 |  0,00 | 131,645 | 144,28 | 144,28 | 280,088 |   NaN | NaN | 0,00 | 0,00 | NaN
  29 |  0,00 | 17,365 | 602,49 | 602,49 | 629,27 |  0,00 | 0,384 | 44,35 | 44,35 |  0,00 | 0,386 | 208,47 | 208,47 |  0,00 | 36,186 | 205,38 | 205,38 |  0,00 | 124,935 | 144,28 | 144,28 | 277,716 |   NaN | NaN | 0,00 | 0,00 | NaN
  30 |  0,00 | 10,086 | 595,11 | 595,11 | 627,16 |  0,00 | 0,414 | 44,35 | 44,35 |  0,00 | 0,419 | 203,38 | 203,38 |  0,00 | 21,071 | 203,10 | 203,10 |  0,00 | 70,315 | 144,28 | 144,28 | 204,668 |   NaN | NaN | 0,00 | 0,00 | NaN
  31 |  0,00 | 17,959 | 599,83 | 599,83 | 626,46 |  0,00 | 0,381 | 44,35 | 44,35 |  0,00 | 0,382 | 206,04 | 206,04 |  0,00 | 35,654 | 205,16 | 205,16 |  0,00 | 133,661 | 144,28 | 144,28 | 281,865 |   NaN | NaN | 0,00 | 0,00 | NaN
  32 |  0,00 | 15,902 | 595,13 | 595,13 | 620,82 |  0,00 | 0,338 | 44,35 | 44,35 |  0,00 | 0,332 | 202,93 | 202,93 |  0,00 | 32,901 | 203,56 | 203,56 |  0,00 | 114,515 | 144,28 | 144,28 | 264,168 |   NaN | NaN | 0,00 | 0,00 | NaN
  33 |  0,00 | 13,643 | 597,04 | 597,04 | 626,26 |  0,00 | 0,402 | 44,35 | 44,35 |  0,00 | 0,405 | 203,06 | 203,06 |  0,00 | 29,218 | 205,34 | 205,34 |  0,00 | 94,183 | 144,28 | 144,28 | 240,780 |   NaN | NaN | 0,00 | 0,00 | NaN
  34 |  0,00 | 1,414 | 598,55 | 598,55 | 626,04 |  0,00 | 0,395 | 44,35 | 44,35 |  0,00 | 0,378 | 208,65 | 208,65 |  0,00 | 1,356 | 201,26 | 201,26 |  0,00 | 11,098 | 144,28 | 144,28 | 48,989 |   NaN | NaN | 0,00 | 0,00 | NaN
  35 |  0,00 | 1,036 | 603,44 | 603,44 | 629,12 |  0,00 | 0,344 | 44,35 | 44,35 |  0,00 | 0,341 | 207,43 | 207,43 |  0,00 | 1,023 | 207,37 | 207,37 |  0,00 | 7,512 | 144,28 | 144,28 | 36,554 |   NaN | NaN | 0,00 | 0,00 | NaN
  36 |  0,00 | 2,407 | 596,65 | 596,65 | 624,69 |  0,00 | 0,397 | 44,35 | 44,35 |  0,00 | 0,390 | 201,95 | 201,95 |  0,00 | 2,471 | 206,06 | 206,06 |  0,00 | 20,801 | 144,28 | 144,28 | 71,894 |   NaN | NaN | 0,00 | 0,00 | NaN
  37 |  0,00 | 16,543 | 602,83 | 602,83 | 629,40 |  0,00 | 0,379 | 44,35 | 44,35 |  0,00 | 0,384 | 209,10 | 209,10 |  0,00 | 35,127 | 205,10 | 205,10 |  0,00 | 117,351 | 144,28 | 144,28 | 270,566 |   NaN | NaN | 0,00 | 0,00 | NaN
  38 |  0,00 | 8,244 | 599,77 | 599,77 | 626,03 |  0,00 | 0,371 | 44,35 | 44,35 |  0,00 | 0,376 | 206,77 | 206,77 |  0,00 | 16,975 | 204,37 | 204,37 |  0,00 | 58,042 | 144,28 | 144,28 | 183,088 |   NaN | NaN | 0,00 | 0,00 | NaN
  39 |  0,00 | 13,886 | 596,03 | 596,03 | 627,98 |  0,00 | 0,413 | 44,35 | 44,35 |  0,00 | 0,410 | 204,18 | 204,18 |  0,00 | 29,552 | 203,22 | 203,22 |  0,00 | 96,966 | 144,28 | 144,28 | 242,695 |   NaN | NaN | 0,00 | 0,00 | NaN
  40 |  0,00 | 3,784 | 597,77 | 597,77 | 629,80 |  0,00 | 0,414 | 44,35 | 44,35 |  0,00 | 0,423 | 204,70 | 204,70 |  0,00 | 5,348 | 204,43 | 204,43 |  0,00 | 30,793 | 144,28 | 144,28 | 103,381 |   NaN | NaN | 0,00 | 0,00 | NaN
  41 |  0,00 | 17,745 | 605,95 | 605,95 | 634,08 |  0,00 | 0,397 | 44,35 | 44,35 |  0,00 | 0,388 | 207,85 | 207,85 |  0,00 | 36,233 | 209,46 | 209,46 |  0,00 | 128,543 | 144,28 | 144,28 | 277,669 |   NaN | NaN | 0,00 | 0,00 | NaN
  42 |  0,00 | 17,754 | 603,58 | 603,58 | 629,49 |  0,00 | 0,343 | 44,35 | 44,35 |  0,00 | 0,354 | 206,53 | 206,53 |  0,00 | 37,919 | 208,42 | 208,42 |  0,00 | 124,479 | 144,28 | 144,28 | 277,590 |   NaN | NaN | 0,00 | 0,00 | NaN
  43 |  0,00 | 14,467 | 599,57 | 599,57 | 630,40 |  0,00 | 0,421 | 44,35 | 44,35 |  0,00 | 0,423 | 205,20 | 205,20 |  0,00 | 31,521 | 205,73 | 205,73 |  0,00 | 98,810 | 144,28 | 144,28 | 247,049 |   NaN | NaN | 0,00 | 0,00 | NaN
  44 |  0,00 | 17,907 | 603,38 | 603,38 | 628,92 |  0,00 | 0,335 | 44,35 | 44,35 |  0,00 | 0,341 | 206,07 | 206,07 |  0,00 | 35,705 | 208,67 | 208,67 |  0,00 | 132,461 | 144,28 | 144,28 | 283,415 |   NaN | NaN | 0,00 | 0,00 | NaN
  45 |  0,00 | 17,346 | 602,38 | 602,38 | 635,40 |  0,00 | 0,417 | 44,35 | 44,35 |  0,00 | 0,420 | 209,95 | 209,95 |  0,00 | 35,585 | 203,79 | 203,79 |  0,00 | 126,733 | 144,28 | 144,28 | 279,300 |   NaN | NaN | 0,00 | 0,00 | NaN
  46 |  0,00 | 15,270 | 597,13 | 597,13 | 623,13 |  0,00 | 0,357 | 44,35 | 44,35 |  0,00 | 0,355 | 202,07 | 202,07 |  0,00 | 33,541 | 206,42 | 206,42 |  0,00 | 103,579 | 144,28 | 144,28 | 251,457 |   NaN | NaN | 0,00 | 0,00 | NaN
  47 |  0,00 | 17,446 | 596,57 | 596,57 | 622,69 |  0,00 | 0,354 | 44,35 | 44,35 |  0,00 | 0,351 | 205,18 | 205,18 |  0,00 | 33,896 | 202,76 | 202,76 |  0,00 | 132,318 | 144,28 | 144,28 | 279,572 |   NaN | NaN | 0,00 | 0,00 | NaN
  48 |  0,00 | 17,779 | 595,02 | 595,02 | 621,83 |  0,00 | 0,384 | 44,35 | 44,35 |  0,00 | 0,381 | 202,45 | 202,45 |  0,00 | 35,558 | 203,93 | 203,93 |  0,00 | 131,023 | 144,28 | 144,28 | 279,659 |   NaN | NaN | 0,00 | 0,00 | NaN
  49 |  0,00 | 17,953 | 596,65 | 596,65 | 624,89 |  0,00 | 0,396 | 44,35 | 44,35 |  0,00 | 0,402 | 203,70 | 203,70 |  0,00 | 34,943 | 204,31 | 204,31 |  0,00 | 134,981 | 144,28 | 144,28 | 282,033 |   NaN | NaN | 0,00 | 0,00 | NaN
  50 |  0,00 | 14,320 | 598,04 | 598,04 | 624,06 |  0,00 | 0,351 | 44,35 | 44,35 |  0,00 | 0,352 | 206,58 | 206,58 |  0,00 | 30,995 | 202,82 | 202,82 |  0,00 | 99,852 | 144,28 | 144,28 | 248,129 |   NaN | NaN | 0,00 | 0,00 | NaN
  51 |  0,00 | 18,017 | 598,66 | 598,66 | 624,70 |  0,00 | 0,349 | 44,35 | 44,35 |  0,00 | 0,351 | 204,83 | 204,83 |  0,00 | 37,314 | 205,19 | 205,19 |  0,00 | 129,958 | 144,28 | 144,28 | 279,611 |   NaN | NaN | 0,00 | 0,00 | NaN
  52 |  0,00 | 17,474 | 601,15 | 601,15 | 627,63 |  0,00 | 0,375 | 44,35 | 44,35 |  0,00 | 0,372 | 203,86 | 203,86 |  0,00 | 35,006 | 208,65 | 208,65 |  0,00 | 127,822 | 144,28 | 144,28 | 277,703 |   NaN | NaN | 0,00 | 0,00 | NaN
  53 |  0,00 | 15,616 | 602,42 | 602,42 | 628,64 |  0,00 | 0,362 | 44,35 | 44,35 |  0,00 | 0,353 | 205,92 | 205,92 |  0,00 | 32,235 | 207,86 | 207,86 |  0,00 | 112,040 | 144,28 | 144,28 | 261,257 |   NaN | NaN | 0,00 | 0,00 | NaN
  54 |  0,00 | 17,817 | 594,97 | 594,97 | 621,18 |  0,00 | 0,365 | 44,35 | 44,35 |  0,00 | 0,362 | 205,10 | 205,10 |  0,00 | 38,307 | 201,23 | 201,23 |  0,00 | 125,694 | 144,28 | 144,28 | 276,843 |   NaN | NaN | 0,00 | 0,00 | NaN
  55 |  0,00 | 7,757 | 600,22 | 600,22 | 626,31 |  0,00 | 0,350 | 44,35 | 44,35 |  0,00 | 0,360 | 204,28 | 204,28 |  0,00 | 15,109 | 207,31 | 207,31 |  0,00 | 56,375 | 144,28 | 144,28 | 178,738 |   NaN | NaN | 0,00 | 0,00 | NaN
  56 |  0,00 | 17,413 | 597,32 | 597,32 | 623,37 |  0,00 | 0,356 | 44,35 | 44,35 |  0,00 | 0,354 | 206,47 | 206,47 |  0,00 | 34,543 | 202,21 | 202,21 |  0,00 | 130,544 | 144,28 | 144,28 | 280,423 |   NaN | NaN | 0,00 | 0,00 | NaN
  57 |  0,00 | 17,762 | 599,21 | 599,21 | 625,34 |  0,00 | 0,353 | 44,35 | 44,35 |  0,00 | 0,356 | 204,22 | 204,22 |  0,00 | 34,625 | 206,36 | 206,36 |  0,00 | 133,388 | 144,28 | 144,28 | 282,593 |   NaN | NaN | 0,00 | 0,00 | NaN
  58 |  0,00 | 17,817 | 602,39 | 602,39 | 629,07 |  0,00 | 0,381 | 44,35 | 44,35 |  0,00 | 0,382 | 206,83 | 206,83 |  0,00 | 35,701 | 206,92 | 206,92 |  0,00 | 131,442 | 144,28 | 144,28 | 281,990 |   NaN | NaN | 0,00 | 0,00 | NaN
  59 |  0,00 | 1,680 | 600,51 | 600,51 | 629,27 |  0,00 | 0,401 | 44,35 | 44,35 |  0,00 | 0,400 | 205,18 | 205,18 |  0,00 | 1,621 | 206,69 | 206,69 |  0,00 | 13,698 | 144,28 | 144,28 | 55,760 |   NaN | NaN | 0,00 | 0,00 | NaN
  60 |  0,00 | 17,978 | 600,35 | 600,35 | 625,96 |  0,00 | 0,337 | 44,35 | 44,35 |  0,00 | 0,335 | 206,88 | 206,88 |  0,00 | 37,147 | 204,84 | 204,84 |  0,00 | 130,574 | 144,28 | 144,28 | 282,147 |   NaN | NaN | 0,00 | 0,00 | NaN
  61 |  0,00 | 15,758 | 602,68 | 602,68 | 628,78 |  0,00 | 0,358 | 44,35 | 44,35 |  0,00 | 0,364 | 208,18 | 208,18 |  0,00 | 33,993 | 205,87 | 205,87 |  0,00 | 110,021 | 144,28 | 144,28 | 261,569 |   NaN | NaN | 0,00 | 0,00 | NaN
  62 |  0,00 | 18,325 | 601,38 | 601,38 | 634,91 |  0,00 | 0,419 | 44,35 | 44,35 |  0,00 | 0,417 | 206,50 | 206,50 |  0,00 | 38,220 | 206,25 | 206,25 |  0,00 | 130,992 | 144,28 | 144,28 | 280,839 |   NaN | NaN | 0,00 | 0,00 | NaN
  63 |  0,00 | 10,407 | 604,78 | 604,78 | 631,23 |  0,00 | 0,375 | 44,35 | 44,35 |  0,00 | 0,388 | 209,12 | 209,12 |  0,00 | 22,219 | 207,02 | 207,02 |  0,00 | 71,909 | 144,28 | 144,28 | 211,371 |   NaN | NaN | 0,00 | 0,00 | NaN
  64 |  0,00 | 17,542 | 597,14 | 597,14 | 630,51 |  0,00 | 0,418 | 44,35 | 44,35 |  0,00 | 0,428 | 206,46 | 206,46 |  0,00 | 36,349 | 202,04 | 202,04 |  0,00 | 126,910 | 144,28 | 144,28 | 278,825 |   NaN | NaN | 0,00 | 0,00 | NaN

= = = = = = = = = = = = AVERAGE RESULTS system = = = = = = = = = = = =
meanPLR_system | 0,000000 
meanDelay_system | 10,388767 
meanLoad_system | 600,447563 
meanTHR_system | 600,447563 
meanGate_system | 628,318987 

meanPLR_EF_system | 0,000000 
meanPLR_AF_system | 0,000000 
meanPLR_BE_system | 0,000000 
meanPLR_FLA_system | 0,000000 
meanPLR_FLB_system | NaN 

meanTHR_EF_system | 44,352005 
meanTHR_AF_system | 206,074952 
meanTHR_BE_system | 205,736895 
meanTHR_FLA_system | 148,767486 
meanTHR_FLB_system | 0,000000 

meanLoad_EF_system | 44,352005 
meanLoad_AF_system | 206,074952 
meanLoad_BE_system | 205,736895 
meanLoad_FLA_system | 148,767486 
meanLoad_FLB_system | 0,000000 

meanDELAY_EF_system | 0,379891 
meanDELAY_AF_system | 0,379165 
meanDELAY_BE_system | 19,901055 
meanDELAY_FLA_system | 77,724258 
meanDELAY_FLB_system | NaN 
meanDELAY_CompleteFLA_system | 180,862705 
meanDELAY_CompleteFLB_system | NaN 

= = = = = = = = = = = = AVERAGE RESULTS = = = = = = = = = = = =
Packet Loss Ratio: 00,00 (%)
PROCESSED PACKAGES: 993096096 
DISCARTED PACKAGES: 0 
TOTAL PACKAGES: 993096096 
AVERAGE DELAY: 1618,71 (ms) 
AVERAGE THROUGHPUT: 600,45 (Mbps) 
GRANTED THROUGHPUT: 40212,42 (Mbps) By 64 ONUs
EFFECTIVE THROUGHPUT: 38428,64 (Mbps) By 64 ONUs
TOTAL LOAD: 38428,64 (Mbps) By 64 ONUs
ON Arrival THROUGHPUT: 0,00 (Mbps) By 64 ONUs
FINISHTIMEFL: 96,537223 
FINISHTIME: 99,537223 


fileName | IPACT_STRICTPRIORITYFIRSTAF_1_68_55_0 
