
ONU ID 	|  PLR(%) | Delay(ms) | Throughput(Mbps) | Granted Throughput(Mbps) | Total Load (Mbps) 

  ID |  PLR(%) |  D  | Thr |  Gates  |  Load  | PLR-EF | D-EF | ThrEF | LoadEF | PLR-AF | D-AF | ThrAF | LoadAF | PLR-BE | D-BE | ThrBE | LoadBE | PLR-FA | D-FA | ThrFA | LoadFA | DTFA |  PLR-FB | D-FB | ThrFB | LoadFB | DTFB | 
   1 |  1,74 | 226,106 | 755,92 | 769,33 | 760,39 |  0,00 | 1,426 | 44,35 | 44,35 |  0,00 | 1,411 | 349,74 | 349,74 |  3,92 | 804,842 | 328,95 | 342,36 |  0,00 | 310,235 | 32,87 | 32,87 | 623,736 |   NaN | NaN | 0,00 | 0,00 | NaN
   2 |  2,19 | 205,424 | 753,17 | 770,06 | 757,67 |  0,00 | 1,576 | 44,35 | 44,35 |  0,00 | 1,425 | 349,08 | 349,08 |  4,91 | 732,598 | 326,86 | 343,76 |  0,00 | 301,194 | 32,87 | 32,87 | 598,287 |   NaN | NaN | 0,00 | 0,00 | NaN
   3 |  1,60 | 196,575 | 751,36 | 763,54 | 755,81 |  0,00 | 1,365 | 44,35 | 44,35 |  0,00 | 1,359 | 342,13 | 342,13 |  3,54 | 689,494 | 332,01 | 344,19 |  0,00 | 285,892 | 32,87 | 32,87 | 575,341 |   NaN | NaN | 0,00 | 0,00 | NaN
   4 |  1,99 | 225,317 | 755,51 | 770,84 | 759,95 |  0,00 | 1,404 | 44,35 | 44,35 |  0,00 | 1,365 | 348,08 | 348,08 |  4,44 | 799,895 | 330,20 | 345,53 |  0,00 | 289,658 | 32,87 | 32,87 | 587,861 |   NaN | NaN | 0,00 | 0,00 | NaN
   5 |  1,41 | 213,854 | 753,37 | 764,17 | 757,80 |  0,00 | 1,417 | 44,35 | 44,35 |  0,00 | 1,390 | 344,51 | 344,51 |  3,15 | 753,435 | 331,64 | 342,43 |  0,00 | 290,571 | 32,87 | 32,87 | 580,611 |   NaN | NaN | 0,00 | 0,00 | NaN
   6 |  1,88 | 235,963 | 755,83 | 770,34 | 760,26 |  0,00 | 1,358 | 44,35 | 44,35 |  0,00 | 1,337 | 348,05 | 348,05 |  4,20 | 838,325 | 330,56 | 345,07 |  0,00 | 281,123 | 32,87 | 32,87 | 578,781 |   NaN | NaN | 0,00 | 0,00 | NaN
   7 |  1,88 | 204,861 | 753,33 | 767,73 | 757,80 |  0,00 | 1,365 | 44,35 | 44,35 |  0,00 | 1,357 | 345,65 | 345,65 |  4,18 | 723,069 | 330,46 | 344,86 |  0,00 | 303,056 | 32,87 | 32,87 | 617,911 |   NaN | NaN | 0,00 | 0,00 | NaN
   8 |  1,97 | 207,678 | 755,42 | 770,62 | 759,88 |  0,00 | 1,413 | 44,35 | 44,35 |  0,00 | 1,408 | 345,90 | 345,90 |  4,37 | 731,707 | 332,30 | 347,50 |  0,00 | 277,201 | 32,87 | 32,87 | 559,245 |   NaN | NaN | 0,00 | 0,00 | NaN
   9 |  2,04 | 223,954 | 755,74 | 771,47 | 760,19 |  0,00 | 1,383 | 44,35 | 44,35 |  0,00 | 1,346 | 346,68 | 346,68 |  4,53 | 791,984 | 331,83 | 347,56 |  0,00 | 273,239 | 32,87 | 32,87 | 550,869 |   NaN | NaN | 0,00 | 0,00 | NaN
  10 |  1,49 | 207,732 | 755,41 | 766,80 | 759,87 |  0,00 | 1,415 | 44,35 | 44,35 |  0,00 | 1,407 | 344,99 | 344,99 |  3,31 | 729,317 | 333,19 | 344,59 |  0,00 | 285,809 | 32,87 | 32,87 | 583,966 |   NaN | NaN | 0,00 | 0,00 | NaN
  11 |  1,68 | 205,237 | 752,64 | 765,54 | 757,09 |  0,00 | 1,354 | 44,35 | 44,35 |  0,00 | 1,348 | 343,18 | 343,18 |  3,74 | 719,456 | 332,24 | 345,13 |  0,00 | 313,402 | 32,87 | 32,87 | 623,457 |   NaN | NaN | 0,00 | 0,00 | NaN
  12 |  1,98 | 208,219 | 754,45 | 769,73 | 758,91 |  0,00 | 1,427 | 44,35 | 44,35 |  0,00 | 1,409 | 344,89 | 344,89 |  4,39 | 731,983 | 332,33 | 347,61 |  0,00 | 293,475 | 32,87 | 32,87 | 587,446 |   NaN | NaN | 0,00 | 0,00 | NaN
  13 |  1,28 | 191,288 | 749,55 | 759,23 | 754,00 |  0,00 | 1,390 | 44,35 | 44,35 |  0,00 | 1,375 | 343,39 | 343,39 |  2,86 | 675,077 | 328,93 | 338,61 |  0,00 | 295,312 | 32,87 | 32,87 | 620,235 |   NaN | NaN | 0,00 | 0,00 | NaN
  14 |  2,21 | 229,386 | 753,41 | 770,42 | 757,88 |  0,00 | 1,424 | 44,35 | 44,35 |  0,00 | 1,416 | 345,48 | 345,48 |  4,89 | 811,650 | 330,71 | 347,72 |  0,00 | 290,048 | 32,87 | 32,87 | 585,216 |   NaN | NaN | 0,00 | 0,00 | NaN
  15 |  1,47 | 220,129 | 754,08 | 765,33 | 758,51 |  0,00 | 1,468 | 44,35 | 44,35 |  0,00 | 1,410 | 340,59 | 340,59 |  3,24 | 767,317 | 336,27 | 347,52 |  0,00 | 263,970 | 32,87 | 32,87 | 540,436 |   NaN | NaN | 0,00 | 0,00 | NaN
  16 |  2,66 | 248,555 | 754,56 | 775,20 | 759,00 |  0,00 | 1,471 | 44,35 | 44,35 |  0,00 | 1,401 | 346,47 | 346,47 |  5,87 | 880,883 | 330,86 | 351,50 |  0,00 | 304,506 | 32,87 | 32,87 | 611,323 |   NaN | NaN | 0,00 | 0,00 | NaN
  17 |  2,03 | 230,735 | 754,41 | 770,02 | 758,89 |  0,00 | 1,422 | 44,35 | 44,35 |  0,00 | 1,415 | 348,14 | 348,14 |  4,53 | 822,240 | 329,05 | 344,66 |  0,00 | 279,444 | 32,87 | 32,87 | 571,009 |   NaN | NaN | 0,00 | 0,00 | NaN
  18 |  1,47 | 206,259 | 753,13 | 764,36 | 757,58 |  0,00 | 1,411 | 44,35 | 44,35 |  0,00 | 1,391 | 343,69 | 343,69 |  3,27 | 725,294 | 332,22 | 343,45 |  0,00 | 277,714 | 32,87 | 32,87 | 564,238 |   NaN | NaN | 0,00 | 0,00 | NaN
  19 |  0,54 | 176,161 | 754,96 | 759,05 | 759,40 |  0,00 | 1,392 | 44,35 | 44,35 |  0,00 | 1,381 | 339,54 | 339,54 |  1,19 | 606,226 | 338,20 | 342,29 |  0,00 | 291,545 | 32,87 | 32,87 | 587,382 |   NaN | NaN | 0,00 | 0,00 | NaN
  20 |  1,13 | 178,053 | 750,62 | 759,24 | 755,06 |  0,00 | 1,387 | 44,35 | 44,35 |  0,00 | 1,377 | 344,39 | 344,39 |  2,55 | 628,299 | 329,01 | 337,62 |  0,00 | 281,592 | 32,87 | 32,87 | 568,504 |   NaN | NaN | 0,00 | 0,00 | NaN
  21 |  1,00 | 177,885 | 751,64 | 759,23 | 756,10 |  0,00 | 1,388 | 44,35 | 44,35 |  0,00 | 1,381 | 342,10 | 342,10 |  2,23 | 620,962 | 332,32 | 339,91 |  0,00 | 299,143 | 32,87 | 32,87 | 586,584 |   NaN | NaN | 0,00 | 0,00 | NaN
  22 |  2,18 | 241,671 | 755,35 | 772,21 | 759,85 |  0,00 | 1,479 | 44,35 | 44,35 |  0,00 | 1,424 | 351,02 | 351,02 |  4,90 | 866,708 | 327,11 | 343,96 |  0,00 | 295,500 | 32,87 | 32,87 | 605,201 |   NaN | NaN | 0,00 | 0,00 | NaN
  23 |  1,71 | 200,855 | 754,22 | 767,35 | 758,67 |  0,00 | 1,429 | 44,35 | 44,35 |  0,00 | 1,403 | 346,00 | 346,00 |  3,81 | 708,811 | 331,00 | 344,13 |  0,00 | 284,131 | 32,87 | 32,87 | 571,105 |   NaN | NaN | 0,00 | 0,00 | NaN
  24 |  2,37 | 233,558 | 755,16 | 773,48 | 759,60 |  0,00 | 1,373 | 44,35 | 44,35 |  0,00 | 1,364 | 346,74 | 346,74 |  5,24 | 826,041 | 331,20 | 349,52 |  0,00 | 306,433 | 32,87 | 32,87 | 618,500 |   NaN | NaN | 0,00 | 0,00 | NaN
  25 |  2,05 | 226,522 | 754,16 | 769,92 | 758,67 |  0,00 | 1,429 | 44,35 | 44,35 |  0,00 | 1,421 | 342,90 | 342,90 |  4,51 | 794,017 | 334,03 | 349,79 |  0,00 | 289,458 | 32,87 | 32,87 | 615,015 |   NaN | NaN | 0,00 | 0,00 | NaN
  26 |  1,29 | 218,274 | 754,44 | 764,28 | 758,90 |  0,00 | 1,428 | 44,35 | 44,35 |  0,00 | 1,417 | 344,39 | 344,39 |  2,87 | 767,356 | 332,83 | 342,67 |  0,00 | 290,003 | 32,87 | 32,87 | 580,781 |   NaN | NaN | 0,00 | 0,00 | NaN
  27 |  1,59 | 191,037 | 752,83 | 765,02 | 757,26 |  0,00 | 1,387 | 44,35 | 44,35 |  0,00 | 1,345 | 346,36 | 346,36 |  3,57 | 674,720 | 329,24 | 341,44 |  0,00 | 308,301 | 32,87 | 32,87 | 610,251 |   NaN | NaN | 0,00 | 0,00 | NaN
  28 |  1,06 | 180,703 | 750,88 | 758,92 | 755,34 |  0,00 | 1,423 | 44,35 | 44,35 |  0,00 | 1,411 | 343,90 | 343,90 |  2,38 | 637,350 | 329,75 | 337,80 |  0,00 | 267,494 | 32,87 | 32,87 | 568,407 |   NaN | NaN | 0,00 | 0,00 | NaN
  29 |  1,98 | 208,421 | 752,39 | 767,59 | 756,82 |  0,00 | 1,399 | 44,35 | 44,35 |  0,00 | 1,390 | 344,47 | 344,47 |  4,39 | 735,286 | 330,69 | 345,89 |  0,00 | 293,390 | 32,87 | 32,87 | 596,575 |   NaN | NaN | 0,00 | 0,00 | NaN
  30 |  1,54 | 206,982 | 753,52 | 765,27 | 758,00 |  0,00 | 1,431 | 44,35 | 44,35 |  0,00 | 1,421 | 343,79 | 343,79 |  3,41 | 726,744 | 332,50 | 344,25 |  0,00 | 292,346 | 32,87 | 32,87 | 598,883 |   NaN | NaN | 0,00 | 0,00 | NaN
  31 |  1,46 | 211,843 | 753,66 | 764,81 | 758,11 |  0,00 | 1,395 | 44,35 | 44,35 |  0,00 | 1,387 | 345,72 | 345,72 |  3,26 | 749,264 | 330,71 | 341,86 |  0,00 | 279,418 | 32,87 | 32,87 | 574,260 |   NaN | NaN | 0,00 | 0,00 | NaN
  32 |  2,01 | 210,990 | 754,88 | 770,34 | 759,32 |  0,00 | 1,704 | 44,35 | 44,35 |  0,00 | 1,358 | 346,15 | 346,15 |  4,46 | 743,899 | 331,50 | 346,96 |  0,00 | 293,994 | 32,87 | 32,87 | 595,530 |   NaN | NaN | 0,00 | 0,00 | NaN
  33 |  1,37 | 201,236 | 752,55 | 763,00 | 757,02 |  0,00 | 1,416 | 44,35 | 44,35 |  0,00 | 1,408 | 342,19 | 342,19 |  3,04 | 703,617 | 333,13 | 343,58 |  0,00 | 302,023 | 32,87 | 32,87 | 611,984 |   NaN | NaN | 0,00 | 0,00 | NaN
  34 |  1,63 | 204,657 | 751,83 | 764,26 | 756,28 |  0,00 | 1,410 | 44,35 | 44,35 |  0,00 | 1,400 | 343,10 | 343,10 |  3,61 | 720,030 | 331,51 | 343,94 |  0,00 | 282,709 | 32,87 | 32,87 | 561,855 |   NaN | NaN | 0,00 | 0,00 | NaN
  35 |  1,99 | 225,641 | 754,63 | 769,94 | 759,05 |  0,00 | 1,355 | 44,35 | 44,35 |  0,00 | 1,349 | 346,78 | 346,78 |  4,43 | 800,582 | 330,62 | 345,93 |  0,00 | 268,573 | 32,87 | 32,87 | 550,375 |   NaN | NaN | 0,00 | 0,00 | NaN
  36 |  1,46 | 199,277 | 752,44 | 763,58 | 756,89 |  0,00 | 1,408 | 44,35 | 44,35 |  0,00 | 1,402 | 341,36 | 341,36 |  3,23 | 695,603 | 333,86 | 344,99 |  0,00 | 293,383 | 32,87 | 32,87 | 596,940 |   NaN | NaN | 0,00 | 0,00 | NaN
  37 |  2,10 | 229,055 | 755,65 | 771,88 | 760,10 |  0,00 | 1,410 | 44,35 | 44,35 |  0,00 | 1,388 | 350,03 | 350,03 |  4,71 | 817,878 | 328,40 | 344,63 |  0,00 | 292,116 | 32,87 | 32,87 | 601,741 |   NaN | NaN | 0,00 | 0,00 | NaN
  38 |  2,34 | 240,056 | 754,88 | 772,93 | 759,31 |  0,00 | 1,398 | 44,35 | 44,35 |  0,00 | 1,377 | 347,82 | 347,82 |  5,19 | 854,977 | 329,83 | 347,89 |  0,00 | 266,229 | 32,87 | 32,87 | 551,933 |   NaN | NaN | 0,00 | 0,00 | NaN
  39 |  0,75 | 176,375 | 752,14 | 757,82 | 756,64 |  0,00 | 1,432 | 44,35 | 44,35 |  0,00 | 1,421 | 342,72 | 342,72 |  1,68 | 616,845 | 332,20 | 337,87 |  0,00 | 282,499 | 32,87 | 32,87 | 573,808 |   NaN | NaN | 0,00 | 0,00 | NaN
  40 |  0,98 | 187,991 | 750,60 | 758,06 | 755,07 |  0,00 | 1,442 | 44,35 | 44,35 |  0,00 | 1,420 | 343,63 | 343,63 |  2,21 | 662,739 | 329,74 | 337,20 |  0,00 | 281,914 | 32,87 | 32,87 | 562,209 |   NaN | NaN | 0,00 | 0,00 | NaN
  41 |  2,32 | 216,786 | 752,16 | 770,04 | 756,64 |  0,00 | 1,420 | 44,35 | 44,35 |  0,00 | 1,405 | 342,99 | 342,99 |  5,11 | 762,883 | 331,94 | 349,82 |  0,00 | 282,384 | 32,87 | 32,87 | 584,121 |   NaN | NaN | 0,00 | 0,00 | NaN
  42 |  2,20 | 234,214 | 753,65 | 770,57 | 758,07 |  0,00 | 1,531 | 44,35 | 44,35 |  0,00 | 1,357 | 346,03 | 346,03 |  4,87 | 829,832 | 330,39 | 347,31 |  0,00 | 293,586 | 32,87 | 32,87 | 606,877 |   NaN | NaN | 0,00 | 0,00 | NaN
  43 |  3,04 | 230,987 | 753,08 | 776,66 | 757,53 |  0,00 | 1,459 | 44,35 | 44,35 |  0,00 | 1,428 | 350,61 | 350,61 |  6,76 | 832,271 | 325,24 | 348,82 |  0,00 | 264,602 | 32,87 | 32,87 | 541,041 |   NaN | NaN | 0,00 | 0,00 | NaN
  44 |  1,94 | 249,512 | 756,13 | 771,09 | 760,57 |  0,00 | 1,345 | 44,35 | 44,35 |  0,00 | 1,339 | 345,67 | 345,67 |  4,30 | 880,365 | 333,24 | 348,19 |  0,00 | 286,530 | 32,87 | 32,87 | 577,542 |   NaN | NaN | 0,00 | 0,00 | NaN
  45 |  1,58 | 189,237 | 754,59 | 766,67 | 759,09 |  0,00 | 1,437 | 44,35 | 44,35 |  0,00 | 1,423 | 348,83 | 348,83 |  3,55 | 671,382 | 328,54 | 340,62 |  0,00 | 293,019 | 32,87 | 32,87 | 597,429 |   NaN | NaN | 0,00 | 0,00 | NaN
  46 |  1,74 | 224,259 | 753,11 | 766,42 | 757,54 |  0,00 | 1,434 | 44,35 | 44,35 |  0,00 | 1,364 | 343,59 | 343,59 |  3,85 | 790,354 | 332,30 | 345,60 |  0,00 | 271,502 | 32,87 | 32,87 | 568,593 |   NaN | NaN | 0,00 | 0,00 | NaN
  47 |  1,80 | 200,869 | 753,15 | 766,97 | 757,59 |  0,00 | 1,367 | 44,35 | 44,35 |  0,00 | 1,361 | 346,92 | 346,92 |  4,03 | 712,610 | 329,00 | 342,83 |  0,00 | 281,385 | 32,87 | 32,87 | 570,951 |   NaN | NaN | 0,00 | 0,00 | NaN
  48 |  1,52 | 225,158 | 753,11 | 764,70 | 757,54 |  0,00 | 1,447 | 44,35 | 44,35 |  0,00 | 1,394 | 343,78 | 343,78 |  3,37 | 793,058 | 332,10 | 343,69 |  0,00 | 291,172 | 32,87 | 32,87 | 576,866 |   NaN | NaN | 0,00 | 0,00 | NaN
  49 |  1,50 | 199,451 | 752,66 | 764,13 | 757,13 |  0,00 | 1,456 | 44,35 | 44,35 |  0,00 | 1,403 | 345,34 | 345,34 |  3,36 | 704,311 | 330,09 | 341,56 |  0,00 | 291,994 | 32,87 | 32,87 | 610,440 |   NaN | NaN | 0,00 | 0,00 | NaN
  50 |  1,86 | 220,010 | 754,12 | 768,41 | 758,54 |  0,00 | 1,375 | 44,35 | 44,35 |  0,00 | 1,358 | 347,79 | 347,79 |  4,16 | 783,960 | 329,10 | 343,40 |  0,00 | 259,492 | 32,87 | 32,87 | 534,027 |   NaN | NaN | 0,00 | 0,00 | NaN
  51 |  1,72 | 198,712 | 754,01 | 767,24 | 758,46 |  0,00 | 1,362 | 44,35 | 44,35 |  0,00 | 1,355 | 344,80 | 344,80 |  3,83 | 697,376 | 331,98 | 345,21 |  0,00 | 309,984 | 32,87 | 32,87 | 619,099 |   NaN | NaN | 0,00 | 0,00 | NaN
  52 |  1,64 | 212,281 | 750,97 | 763,52 | 755,41 |  0,00 | 1,447 | 44,35 | 44,35 |  0,00 | 1,382 | 339,77 | 339,77 |  3,62 | 741,109 | 333,97 | 346,52 |  0,00 | 284,801 | 32,87 | 32,87 | 582,981 |   NaN | NaN | 0,00 | 0,00 | NaN
  53 |  1,83 | 219,678 | 754,94 | 769,03 | 759,39 |  0,00 | 1,375 | 44,35 | 44,35 |  0,00 | 1,369 | 346,74 | 346,74 |  4,08 | 777,344 | 330,98 | 345,07 |  0,00 | 287,760 | 32,87 | 32,87 | 581,363 |   NaN | NaN | 0,00 | 0,00 | NaN
  54 |  1,10 | 191,344 | 754,26 | 762,66 | 758,71 |  0,00 | 1,541 | 44,35 | 44,35 |  0,00 | 1,374 | 344,95 | 344,95 |  2,47 | 671,233 | 332,08 | 340,48 |  0,00 | 298,152 | 32,87 | 32,87 | 602,968 |   NaN | NaN | 0,00 | 0,00 | NaN
  55 |  1,52 | 186,986 | 752,58 | 764,23 | 757,00 |  0,00 | 1,362 | 44,35 | 44,35 |  0,00 | 1,356 | 342,09 | 342,09 |  3,38 | 653,902 | 333,27 | 344,92 |  0,00 | 272,465 | 32,87 | 32,87 | 566,410 |   NaN | NaN | 0,00 | 0,00 | NaN
  56 |  1,27 | 195,954 | 753,16 | 762,87 | 757,59 |  0,00 | 1,423 | 44,35 | 44,35 |  0,00 | 1,362 | 342,26 | 342,26 |  2,83 | 683,885 | 333,68 | 343,38 |  0,00 | 302,544 | 32,87 | 32,87 | 611,829 |   NaN | NaN | 0,00 | 0,00 | NaN
  57 |  1,96 | 214,272 | 752,12 | 767,15 | 756,58 |  0,00 | 1,365 | 44,35 | 44,35 |  0,00 | 1,359 | 344,32 | 344,32 |  4,35 | 756,835 | 330,58 | 345,61 |  0,00 | 289,839 | 32,87 | 32,87 | 576,058 |   NaN | NaN | 0,00 | 0,00 | NaN
  58 |  1,62 | 223,827 | 755,16 | 767,56 | 759,61 |  0,00 | 1,393 | 44,35 | 44,35 |  0,00 | 1,388 | 344,86 | 344,86 |  3,59 | 786,994 | 333,08 | 345,48 |  0,00 | 298,881 | 32,87 | 32,87 | 609,895 |   NaN | NaN | 0,00 | 0,00 | NaN
  59 |  2,18 | 227,190 | 754,80 | 771,59 | 759,25 |  0,00 | 1,414 | 44,35 | 44,35 |  0,00 | 1,407 | 344,82 | 344,82 |  4,80 | 800,710 | 332,76 | 349,54 |  0,00 | 275,290 | 32,87 | 32,87 | 556,710 |   NaN | NaN | 0,00 | 0,00 | NaN
  60 |  1,65 | 226,569 | 754,92 | 767,58 | 759,38 |  0,00 | 1,354 | 44,35 | 44,35 |  0,00 | 1,342 | 345,80 | 345,80 |  3,67 | 799,528 | 331,90 | 344,56 |  0,00 | 299,462 | 32,87 | 32,87 | 598,896 |   NaN | NaN | 0,00 | 0,00 | NaN
  61 |  2,01 | 220,745 | 755,62 | 771,13 | 760,05 |  0,00 | 1,525 | 44,35 | 44,35 |  0,00 | 1,368 | 346,63 | 346,63 |  4,47 | 780,382 | 331,77 | 347,28 |  0,00 | 274,995 | 32,87 | 32,87 | 557,209 |   NaN | NaN | 0,00 | 0,00 | NaN
  62 |  1,97 | 241,367 | 754,65 | 769,82 | 759,14 |  0,00 | 1,443 | 44,35 | 44,35 |  0,00 | 1,426 | 346,70 | 346,70 |  4,39 | 855,702 | 330,72 | 345,89 |  0,00 | 291,165 | 32,87 | 32,87 | 600,539 |   NaN | NaN | 0,00 | 0,00 | NaN
  63 |  1,85 | 208,623 | 753,65 | 767,86 | 758,09 |  0,00 | 1,387 | 44,35 | 44,35 |  0,00 | 1,381 | 346,92 | 346,92 |  4,13 | 739,881 | 329,51 | 343,72 |  0,00 | 281,430 | 32,87 | 32,87 | 590,757 |   NaN | NaN | 0,00 | 0,00 | NaN
  64 |  1,36 | 194,680 | 751,00 | 761,36 | 755,52 |  0,00 | 1,438 | 44,35 | 44,35 |  0,00 | 1,424 | 342,06 | 342,06 |  3,03 | 682,417 | 331,71 | 342,07 |  0,00 | 294,679 | 32,87 | 32,87 | 598,045 |   NaN | NaN | 0,00 | 0,00 | NaN

= = = = = = = = = = = = AVERAGE RESULTS system = = = = = = = = = = = =
meanPLR_system | 1,729120 
meanDelay_system | 211,987860 
meanLoad_system | 766,908128 
meanTHR_system | 753,629723 
meanGate_system | 758,083530 

meanPLR_EF_system | 0,000000 
meanPLR_AF_system | 0,000000 
meanPLR_BE_system | 3,847226 
meanPLR_FLA_system | 0,000000 
meanPLR_FLB_system | NaN 

meanTHR_EF_system | 44,352002 
meanTHR_AF_system | 345,156456 
meanTHR_BE_system | 331,248662 
meanTHR_FLA_system | 33,392344 
meanTHR_FLB_system | 0,000000 

meanLoad_EF_system | 44,352002 
meanLoad_AF_system | 345,156456 
meanLoad_BE_system | 344,527067 
meanLoad_FLA_system | 33,392344 
meanLoad_FLB_system | 0,000000 

meanDELAY_EF_system | 1,420352 
meanDELAY_AF_system | 1,386642 
meanDELAY_BE_system | 748,044432 
meanDELAY_FLA_system | 288,049313 
meanDELAY_FLB_system | NaN 
meanDELAY_CompleteFLA_system | 585,444349 
meanDELAY_CompleteFLB_system | NaN 

= = = = = = = = = = = = AVERAGE RESULTS = = = = = = = = = = = =
Packet Loss Ratio: 01,73 (%)
PROCESSED PACKAGES: 2321238067 
DISCARTED PACKAGES: 25545933 
TOTAL PACKAGES: 2346784000 
AVERAGE DELAY: 39893,29 (ms) 
AVERAGE THROUGHPUT: 753,63 (Mbps) 
GRANTED THROUGHPUT: 48517,35 (Mbps) By 64 ONUs
EFFECTIVE THROUGHPUT: 48232,30 (Mbps) By 64 ONUs
TOTAL LOAD: 49082,12 (Mbps) By 64 ONUs
ON Arrival THROUGHPUT: 0,00 (Mbps) By 64 ONUs
FINISHTIMEFL: 189,744094 
FINISHTIME: 192,744094 


fileName | IPACT_STRICTPRIORITYFIRSTAF_4_30_92_0 
