
ONU ID 	|  PLR(%) | Delay(ms) | Throughput(Mbps) | Granted Throughput(Mbps) | Total Load (Mbps) 

  ID |  PLR(%) |  D  | Thr |  Gates  |  Load  | PLR-EF | D-EF | ThrEF | LoadEF | PLR-AF | D-AF | ThrAF | LoadAF | PLR-BE | D-BE | ThrBE | LoadBE | PLR-FA | D-FA | ThrFA | LoadFA | DTFA |  PLR-FB | D-FB | ThrFB | LoadFB | DTFB | 
   1 |  0,00 | 0,582 | 530,47 | 530,47 | 574,23 |  0,00 | 0,126 | 44,35 | 44,35 |  0,00 | 0,354 | 228,08 | 228,08 |  0,00 | 0,497 | 222,06 | 222,06 |  0,00 | 16,365 | 35,98 | 35,98 | 53,700 |   NaN | NaN | 0,00 | 0,00 | NaN
   2 |  0,00 | 16,141 | 532,14 | 532,14 | 580,71 |  0,00 | 0,138 | 44,35 | 44,35 |  0,00 | 0,146 | 227,85 | 227,85 |  0,00 | 0,198 | 223,95 | 223,95 |  0,00 | 816,653 | 35,98 | 35,98 | 1653,756 |   NaN | NaN | 0,00 | 0,00 | NaN
   3 |  0,00 | 15,285 | 528,48 | 528,48 | 567,67 |  0,00 | 0,074 | 44,35 | 44,35 |  0,00 | 0,082 | 224,47 | 224,47 |  0,00 | 0,271 | 223,68 | 223,68 |  0,00 | 771,773 | 35,98 | 35,98 | 1564,006 |   NaN | NaN | 0,00 | 0,00 | NaN
   4 |  0,00 | 0,487 | 533,98 | 533,98 | 573,39 |  0,00 | 0,080 | 44,35 | 44,35 |  0,00 | 0,269 | 228,31 | 228,31 |  0,00 | 0,461 | 225,34 | 225,34 |  0,00 | 14,156 | 35,98 | 35,98 | 47,401 |   NaN | NaN | 0,00 | 0,00 | NaN
   5 |  0,00 | 23,236 | 529,52 | 529,52 | 569,37 |  0,00 | 0,105 | 44,35 | 44,35 |  0,00 | 0,109 | 224,90 | 224,90 |  0,00 | 0,233 | 224,28 | 224,28 |  0,00 | 1176,833 | 35,98 | 35,98 | 2374,038 |   NaN | NaN | 0,00 | 0,00 | NaN
   6 |  0,00 | 18,277 | 532,27 | 532,27 | 570,62 |  0,00 | 0,056 | 44,35 | 44,35 |  0,00 | 0,065 | 226,24 | 226,24 |  0,00 | 0,299 | 225,70 | 225,70 |  0,00 | 927,899 | 35,98 | 35,98 | 1876,026 |   NaN | NaN | 0,00 | 0,00 | NaN
   7 |  0,00 | 5,794 | 531,51 | 531,51 | 570,68 |  0,00 | 0,072 | 44,35 | 44,35 |  0,00 | 0,079 | 226,32 | 226,32 |  0,00 | 0,273 | 224,86 | 224,86 |  0,00 | 289,704 | 35,98 | 35,98 | 599,960 |   NaN | NaN | 0,00 | 0,00 | NaN
   8 |  0,00 | 16,764 | 531,18 | 531,18 | 573,84 |  0,00 | 0,122 | 44,35 | 44,35 |  0,00 | 0,129 | 224,62 | 224,62 |  0,00 | 0,217 | 226,23 | 226,23 |  0,00 | 848,158 | 35,98 | 35,98 | 1716,684 |   NaN | NaN | 0,00 | 0,00 | NaN
   9 |  0,00 | 10,375 | 532,84 | 532,84 | 571,85 |  0,00 | 0,062 | 44,35 | 44,35 |  0,00 | 0,067 | 226,04 | 226,04 |  0,00 | 0,285 | 226,47 | 226,47 |  0,00 | 524,478 | 35,98 | 35,98 | 1069,339 |   NaN | NaN | 0,00 | 0,00 | NaN
  10 |  0,00 | 0,594 | 529,71 | 529,71 | 572,64 |  0,00 | 0,123 | 44,35 | 44,35 |  0,00 | 0,368 | 225,16 | 225,16 |  0,00 | 0,499 | 224,22 | 224,22 |  0,00 | 16,824 | 35,98 | 35,98 | 52,889 |   NaN | NaN | 0,00 | 0,00 | NaN
  11 |  0,00 | 33,511 | 528,74 | 528,74 | 567,81 |  0,00 | 0,063 | 44,35 | 44,35 |  0,00 | 0,087 | 222,68 | 222,68 |  0,00 | 0,298 | 225,73 | 225,73 |  0,00 | 1699,381 | 35,98 | 35,98 | 3419,074 |   NaN | NaN | 0,00 | 0,00 | NaN
  12 |  0,00 | 19,363 | 530,51 | 530,51 | 573,89 |  0,00 | 0,125 | 44,35 | 44,35 |  0,00 | 0,130 | 225,06 | 225,06 |  0,00 | 0,209 | 225,11 | 225,11 |  0,00 | 980,123 | 35,98 | 35,98 | 1980,643 |   NaN | NaN | 0,00 | 0,00 | NaN
  13 |  0,00 | 16,106 | 525,84 | 525,84 | 565,18 |  0,00 | 0,089 | 44,35 | 44,35 |  0,00 | 0,095 | 223,85 | 223,85 |  0,00 | 0,253 | 221,65 | 221,65 |  0,00 | 810,854 | 35,98 | 35,98 | 1642,165 |   NaN | NaN | 0,00 | 0,00 | NaN
  14 |  0,00 | 22,820 | 531,45 | 531,45 | 576,89 |  0,00 | 0,131 | 44,35 | 44,35 |  0,00 | 0,136 | 225,63 | 225,63 |  0,00 | 0,206 | 225,49 | 225,49 |  0,00 | 1157,199 | 35,98 | 35,98 | 2334,776 |   NaN | NaN | 0,00 | 0,00 | NaN
  15 |  0,00 | 6,163 | 528,59 | 528,59 | 571,98 |  0,00 | 0,125 | 44,35 | 44,35 |  0,00 | 0,128 | 221,59 | 221,59 |  0,00 | 0,212 | 226,67 | 226,67 |  0,00 | 306,349 | 35,98 | 35,98 | 633,031 |   NaN | NaN | 0,00 | 0,00 | NaN
  16 |  0,00 | 12,712 | 535,74 | 535,74 | 576,88 |  0,00 | 0,116 | 44,35 | 44,35 |  0,00 | 0,123 | 226,06 | 226,06 |  0,00 | 0,219 | 229,35 | 229,35 |  0,00 | 644,614 | 35,98 | 35,98 | 1309,708 |   NaN | NaN | 0,00 | 0,00 | NaN
  17 |  0,00 | 11,975 | 532,41 | 532,41 | 577,11 |  0,00 | 0,129 | 44,35 | 44,35 |  0,00 | 0,132 | 226,87 | 226,87 |  0,00 | 0,205 | 225,21 | 225,21 |  0,00 | 604,353 | 35,98 | 35,98 | 1229,134 |   NaN | NaN | 0,00 | 0,00 | NaN
  18 |  0,00 | 36,248 | 528,49 | 528,49 | 568,30 |  0,00 | 0,106 | 44,35 | 44,35 |  0,00 | 0,113 | 223,97 | 223,97 |  0,00 | 0,237 | 224,19 | 224,19 |  0,00 | 1837,506 | 35,98 | 35,98 | 3695,214 |   NaN | NaN | 0,00 | 0,00 | NaN
  19 |  0,00 | 28,637 | 524,29 | 524,29 | 563,69 |  0,00 | 0,097 | 44,35 | 44,35 |  0,00 | 0,102 | 221,34 | 221,34 |  0,00 | 0,245 | 222,62 | 222,62 |  0,00 | 1444,362 | 35,98 | 35,98 | 2909,081 |   NaN | NaN | 0,00 | 0,00 | NaN
  20 |  0,00 | 34,213 | 527,44 | 527,44 | 566,76 |  0,00 | 0,092 | 44,35 | 44,35 |  0,00 | 0,109 | 225,62 | 225,62 |  0,00 | 0,264 | 221,49 | 221,49 |  0,00 | 1732,353 | 35,98 | 35,98 | 3485,129 |   NaN | NaN | 0,00 | 0,00 | NaN
  21 |  0,00 | 3,961 | 522,85 | 522,85 | 562,25 |  0,00 | 0,097 | 44,35 | 44,35 |  0,00 | 0,103 | 222,05 | 222,05 |  0,00 | 0,246 | 220,46 | 220,46 |  0,00 | 193,773 | 35,98 | 35,98 | 407,895 |   NaN | NaN | 0,00 | 0,00 | NaN
  22 |  0,00 | 24,170 | 533,98 | 533,98 | 581,29 |  0,00 | 0,135 | 44,35 | 44,35 |  0,00 | 0,138 | 229,28 | 229,28 |  0,00 | 0,201 | 224,36 | 224,36 |  0,00 | 1229,441 | 35,98 | 35,98 | 2479,300 |   NaN | NaN | 0,00 | 0,00 | NaN
  23 |  0,00 | 31,438 | 530,88 | 530,88 | 572,28 |  0,00 | 0,117 | 44,35 | 44,35 |  0,00 | 0,172 | 225,49 | 225,49 |  0,00 | 0,239 | 225,06 | 225,06 |  0,00 | 1595,778 | 35,98 | 35,98 | 3211,621 |   NaN | NaN | 0,00 | 0,00 | NaN
  24 |  0,00 | 16,220 | 533,03 | 533,03 | 572,25 |  0,00 | 0,079 | 44,35 | 44,35 |  0,00 | 0,086 | 225,04 | 225,04 |  0,00 | 0,264 | 227,66 | 227,66 |  0,00 | 822,926 | 35,98 | 35,98 | 1666,321 |   NaN | NaN | 0,00 | 0,00 | NaN
  25 |  0,00 | 7,415 | 534,22 | 534,22 | 582,26 |  0,00 | 0,136 | 44,35 | 44,35 |  0,00 | 0,143 | 224,55 | 224,55 |  0,00 | 0,199 | 229,34 | 229,34 |  0,00 | 371,871 | 35,98 | 35,98 | 764,174 |   NaN | NaN | 0,00 | 0,00 | NaN
  26 |  0,00 | 5,677 | 528,28 | 528,28 | 574,60 |  0,00 | 0,133 | 44,35 | 44,35 |  0,00 | 0,143 | 224,59 | 224,59 |  0,00 | 0,207 | 223,36 | 223,36 |  0,00 | 281,228 | 35,98 | 35,98 | 582,772 |   NaN | NaN | 0,00 | 0,00 | NaN
  27 |  0,00 | 36,665 | 528,93 | 528,93 | 567,83 |  0,00 | 0,060 | 44,35 | 44,35 |  0,00 | 0,071 | 226,14 | 226,14 |  0,00 | 0,292 | 222,46 | 222,46 |  0,00 | 1860,671 | 35,98 | 35,98 | 3741,656 |   NaN | NaN | 0,00 | 0,00 | NaN
  28 |  0,00 | 31,799 | 525,85 | 525,85 | 569,43 |  0,00 | 0,126 | 44,35 | 44,35 |  0,00 | 0,176 | 225,03 | 225,03 |  0,00 | 0,301 | 220,49 | 220,49 |  0,00 | 1604,798 | 35,98 | 35,98 | 3229,897 |   NaN | NaN | 0,00 | 0,00 | NaN
  29 |  0,00 | 32,862 | 531,67 | 531,67 | 571,42 |  0,00 | 0,105 | 44,35 | 44,35 |  0,00 | 0,120 | 225,53 | 225,53 |  0,00 | 0,250 | 225,81 | 225,81 |  0,00 | 1670,462 | 35,98 | 35,98 | 3361,284 |   NaN | NaN | 0,00 | 0,00 | NaN
  30 |  0,00 | 35,193 | 528,46 | 528,46 | 576,00 |  0,00 | 0,135 | 44,35 | 44,35 |  0,00 | 0,144 | 223,57 | 223,57 |  0,00 | 0,204 | 224,56 | 224,56 |  0,00 | 1783,190 | 35,98 | 35,98 | 3586,619 |   NaN | NaN | 0,00 | 0,00 | NaN
  31 |  0,00 | 31,659 | 528,47 | 528,47 | 568,10 |  0,00 | 0,102 | 44,35 | 44,35 |  0,00 | 0,180 | 225,48 | 225,48 |  0,00 | 0,271 | 222,66 | 222,66 |  0,00 | 1603,069 | 35,98 | 35,98 | 3226,320 |   NaN | NaN | 0,00 | 0,00 | NaN
  32 |  0,00 | 33,498 | 531,98 | 531,98 | 570,83 |  0,00 | 0,059 | 44,35 | 44,35 |  0,00 | 0,089 | 225,46 | 225,46 |  0,00 | 0,323 | 226,19 | 226,19 |  0,00 | 1704,226 | 35,98 | 35,98 | 3428,717 |   NaN | NaN | 0,00 | 0,00 | NaN
  33 |  0,00 | 34,535 | 528,71 | 528,71 | 571,76 |  0,00 | 0,124 | 44,35 | 44,35 |  0,00 | 0,156 | 223,96 | 223,96 |  0,00 | 0,235 | 224,42 | 224,42 |  0,00 | 1749,850 | 35,98 | 35,98 | 3520,010 |   NaN | NaN | 0,00 | 0,00 | NaN
  34 |  0,00 | 37,906 | 528,33 | 528,33 | 569,28 |  0,00 | 0,115 | 44,35 | 44,35 |  0,00 | 0,121 | 224,79 | 224,79 |  0,00 | 0,225 | 223,20 | 223,20 |  0,00 | 1921,592 | 35,98 | 35,98 | 3863,566 |   NaN | NaN | 0,00 | 0,00 | NaN
  35 |  0,00 | 39,008 | 534,11 | 534,11 | 573,24 |  0,00 | 0,064 | 44,35 | 44,35 |  0,00 | 0,070 | 226,71 | 226,71 |  0,00 | 0,279 | 227,07 | 227,07 |  0,00 | 1990,848 | 35,98 | 35,98 | 4001,913 |   NaN | NaN | 0,00 | 0,00 | NaN
  36 |  0,00 | 37,170 | 529,12 | 529,12 | 570,64 |  0,00 | 0,118 | 44,35 | 44,35 |  0,00 | 0,132 | 222,31 | 222,31 |  0,00 | 0,222 | 226,48 | 226,48 |  0,00 | 1885,458 | 35,98 | 35,98 | 3791,305 |   NaN | NaN | 0,00 | 0,00 | NaN
  37 |  0,00 | 33,450 | 533,93 | 533,93 | 573,50 |  0,00 | 0,100 | 44,35 | 44,35 |  0,00 | 0,127 | 228,31 | 228,31 |  0,00 | 0,247 | 225,29 | 225,29 |  0,00 | 1704,654 | 35,98 | 35,98 | 3429,523 |   NaN | NaN | 0,00 | 0,00 | NaN
  38 |  0,00 | 35,317 | 533,08 | 533,08 | 572,38 |  0,00 | 0,092 | 44,35 | 44,35 |  0,00 | 0,096 | 226,35 | 226,35 |  0,00 | 0,247 | 226,40 | 226,40 |  0,00 | 1799,065 | 35,98 | 35,98 | 3618,479 |   NaN | NaN | 0,00 | 0,00 | NaN
  39 |  0,00 | 34,580 | 522,82 | 522,82 | 570,24 |  0,00 | 0,135 | 44,35 | 44,35 |  0,00 | 0,139 | 222,06 | 222,06 |  0,00 | 0,213 | 220,42 | 220,42 |  0,00 | 1741,789 | 35,98 | 35,98 | 3504,084 |   NaN | NaN | 0,00 | 0,00 | NaN
  40 |  0,00 | 36,731 | 525,86 | 525,86 | 573,21 |  0,00 | 0,135 | 44,35 | 44,35 |  0,00 | 0,142 | 225,19 | 225,19 |  0,00 | 0,211 | 220,33 | 220,33 |  0,00 | 1856,371 | 35,98 | 35,98 | 3733,017 |   NaN | NaN | 0,00 | 0,00 | NaN
  41 |  0,00 | 32,200 | 532,86 | 532,86 | 574,55 |  0,00 | 0,118 | 44,35 | 44,35 |  0,00 | 0,155 | 222,99 | 222,99 |  0,00 | 0,270 | 229,53 | 229,53 |  0,00 | 1637,717 | 35,98 | 35,98 | 3295,953 |   NaN | NaN | 0,00 | 0,00 | NaN
  42 |  0,00 | 32,771 | 534,23 | 534,23 | 573,37 |  0,00 | 0,064 | 44,35 | 44,35 |  0,00 | 0,082 | 226,72 | 226,72 |  0,00 | 0,293 | 227,17 | 227,17 |  0,00 | 1671,494 | 35,98 | 35,98 | 3363,396 |   NaN | NaN | 0,00 | 0,00 | NaN
  43 |  0,00 | 34,142 | 536,90 | 536,90 | 582,76 |  0,00 | 0,142 | 44,35 | 44,35 |  0,00 | 0,150 | 228,81 | 228,81 |  0,00 | 0,204 | 227,76 | 227,76 |  0,00 | 1744,543 | 35,98 | 35,98 | 3509,582 |   NaN | NaN | 0,00 | 0,00 | NaN
  44 |  0,00 | 32,013 | 532,34 | 532,34 | 570,79 |  0,00 | 0,057 | 44,35 | 44,35 |  0,00 | 0,170 | 224,61 | 224,61 |  0,00 | 0,375 | 227,39 | 227,39 |  0,00 | 1627,510 | 35,98 | 35,98 | 3275,546 |   NaN | NaN | 0,00 | 0,00 | NaN
  45 |  0,00 | 32,807 | 528,52 | 528,52 | 577,70 |  0,00 | 0,139 | 44,35 | 44,35 |  0,00 | 0,163 | 226,94 | 226,94 |  0,00 | 0,237 | 221,25 | 221,25 |  0,00 | 1661,157 | 35,98 | 35,98 | 3342,834 |   NaN | NaN | 0,00 | 0,00 | NaN
  46 |  0,00 | 34,029 | 529,60 | 529,60 | 568,81 |  0,00 | 0,078 | 44,35 | 44,35 |  0,00 | 0,093 | 223,47 | 223,47 |  0,00 | 0,278 | 225,80 | 225,80 |  0,00 | 1727,141 | 35,98 | 35,98 | 3474,636 |   NaN | NaN | 0,00 | 0,00 | NaN
  47 |  0,00 | 31,318 | 528,88 | 528,88 | 568,06 |  0,00 | 0,076 | 44,35 | 44,35 |  0,00 | 0,128 | 226,00 | 226,00 |  0,00 | 0,293 | 222,54 | 222,54 |  0,00 | 1587,370 | 35,98 | 35,98 | 3194,697 |   NaN | NaN | 0,00 | 0,00 | NaN
  48 |  0,00 | 32,078 | 528,19 | 528,19 | 568,06 |  0,00 | 0,105 | 44,35 | 44,35 |  0,00 | 0,122 | 223,81 | 223,81 |  0,00 | 0,285 | 224,05 | 224,05 |  0,00 | 1624,227 | 35,98 | 35,98 | 3268,989 |   NaN | NaN | 0,00 | 0,00 | NaN
  49 |  0,00 | 31,405 | 528,75 | 528,75 | 570,23 |  0,00 | 0,118 | 44,35 | 44,35 |  0,00 | 0,157 | 225,36 | 225,36 |  0,00 | 0,289 | 223,06 | 223,06 |  0,00 | 1590,201 | 35,98 | 35,98 | 3200,323 |   NaN | NaN | 0,00 | 0,00 | NaN
  50 |  0,00 | 34,108 | 532,11 | 532,11 | 571,33 |  0,00 | 0,072 | 44,35 | 44,35 |  0,00 | 0,081 | 227,18 | 227,18 |  0,00 | 0,275 | 224,60 | 224,60 |  0,00 | 1735,886 | 35,98 | 35,98 | 3492,196 |   NaN | NaN | 0,00 | 0,00 | NaN
  51 |  0,00 | 32,198 | 530,79 | 530,79 | 569,95 |  0,00 | 0,070 | 44,35 | 44,35 |  0,00 | 0,171 | 224,66 | 224,66 |  0,00 | 0,324 | 225,80 | 225,80 |  0,00 | 1634,749 | 35,98 | 35,98 | 3290,112 |   NaN | NaN | 0,00 | 0,00 | NaN
  52 |  0,00 | 32,594 | 530,38 | 530,38 | 569,84 |  0,00 | 0,096 | 44,35 | 44,35 |  0,00 | 0,146 | 222,23 | 222,23 |  0,00 | 0,312 | 227,81 | 227,81 |  0,00 | 1653,713 | 35,98 | 35,98 | 3328,043 |   NaN | NaN | 0,00 | 0,00 | NaN
  53 |  0,00 | 33,656 | 531,16 | 531,16 | 570,41 |  0,00 | 0,084 | 44,35 | 44,35 |  0,00 | 0,105 | 226,58 | 226,58 |  0,00 | 0,261 | 224,25 | 224,25 |  0,00 | 1710,613 | 35,98 | 35,98 | 3441,652 |   NaN | NaN | 0,00 | 0,00 | NaN
  54 |  0,00 | 32,915 | 526,91 | 526,91 | 566,15 |  0,00 | 0,086 | 44,35 | 44,35 |  0,00 | 0,116 | 225,28 | 225,28 |  0,00 | 0,284 | 221,30 | 221,30 |  0,00 | 1665,096 | 35,98 | 35,98 | 3350,739 |   NaN | NaN | 0,00 | 0,00 | NaN
  55 |  0,00 | 35,604 | 527,77 | 527,77 | 566,95 |  0,00 | 0,071 | 44,35 | 44,35 |  0,00 | 0,077 | 222,52 | 222,52 |  0,00 | 0,274 | 224,91 | 224,91 |  0,00 | 1804,327 | 35,98 | 35,98 | 3628,999 |   NaN | NaN | 0,00 | 0,00 | NaN
  56 |  0,00 | 32,256 | 527,45 | 527,45 | 566,70 |  0,00 | 0,077 | 44,35 | 44,35 |  0,00 | 0,124 | 223,31 | 223,31 |  0,00 | 0,319 | 223,81 | 223,81 |  0,00 | 1632,639 | 35,98 | 35,98 | 3285,885 |   NaN | NaN | 0,00 | 0,00 | NaN
  57 |  0,00 | 31,596 | 529,61 | 529,61 | 568,79 |  0,00 | 0,074 | 44,35 | 44,35 |  0,00 | 0,097 | 224,27 | 224,27 |  0,00 | 0,315 | 225,01 | 225,01 |  0,00 | 1602,897 | 35,98 | 35,98 | 3225,812 |   NaN | NaN | 0,00 | 0,00 | NaN
  58 |  0,00 | 31,683 | 530,67 | 530,67 | 570,36 |  0,00 | 0,103 | 44,35 | 44,35 |  0,00 | 0,211 | 225,29 | 225,29 |  0,00 | 0,322 | 225,04 | 225,04 |  0,00 | 1606,861 | 35,98 | 35,98 | 3234,028 |   NaN | NaN | 0,00 | 0,00 | NaN
  59 |  0,00 | 37,440 | 533,46 | 533,46 | 575,93 |  0,00 | 0,122 | 44,35 | 44,35 |  0,00 | 0,124 | 224,65 | 224,65 |  0,00 | 0,214 | 228,49 | 228,49 |  0,00 | 1907,816 | 35,98 | 35,98 | 3835,809 |   NaN | NaN | 0,00 | 0,00 | NaN
  60 |  0,00 | 32,287 | 529,97 | 529,97 | 568,65 |  0,00 | 0,058 | 44,35 | 44,35 |  0,00 | 0,144 | 224,57 | 224,57 |  0,00 | 0,357 | 225,06 | 225,06 |  0,00 | 1638,026 | 35,98 | 35,98 | 3296,657 |   NaN | NaN | 0,00 | 0,00 | NaN
  61 |  0,00 | 33,759 | 533,18 | 533,18 | 572,44 |  0,00 | 0,079 | 44,35 | 44,35 |  0,00 | 0,097 | 226,37 | 226,37 |  0,00 | 0,278 | 226,48 | 226,48 |  0,00 | 1719,493 | 35,98 | 35,98 | 3459,382 |   NaN | NaN | 0,00 | 0,00 | NaN
  62 |  0,00 | 31,947 | 533,10 | 533,10 | 583,10 |  0,00 | 0,141 | 44,35 | 44,35 |  0,00 | 0,193 | 226,51 | 226,51 |  0,00 | 0,220 | 226,26 | 226,26 |  0,00 | 1624,544 | 35,98 | 35,98 | 3269,567 |   NaN | NaN | 0,00 | 0,00 | NaN
  63 |  0,00 | 34,987 | 530,76 | 530,76 | 570,22 |  0,00 | 0,096 | 44,35 | 44,35 |  0,00 | 0,106 | 226,25 | 226,25 |  0,00 | 0,248 | 224,18 | 224,18 |  0,00 | 1777,871 | 35,98 | 35,98 | 3576,021 |   NaN | NaN | 0,00 | 0,00 | NaN
  64 |  0,00 | 32,946 | 527,58 | 527,58 | 577,20 |  0,00 | 0,139 | 44,35 | 44,35 |  0,00 | 0,181 | 224,08 | 224,08 |  0,00 | 0,244 | 223,17 | 223,17 |  0,00 | 1666,268 | 35,98 | 35,98 | 3353,014 |   NaN | NaN | 0,00 | 0,00 | NaN

= = = = = = = = = = = = AVERAGE RESULTS system = = = = = = = = = = = =
meanPLR_system | 0,000000 
meanDelay_system | 26,582438 
meanLoad_system | 530,239519 
meanTHR_system | 530,239519 
meanGate_system | 571,853327 

meanPLR_EF_system | 0,000000 
meanPLR_AF_system | 0,000000 
meanPLR_BE_system | 0,000000 
meanPLR_FLA_system | 0,000000 
meanPLR_FLB_system | NaN 

meanTHR_EF_system | 44,352002 
meanTHR_AF_system | 225,140706 
meanTHR_BE_system | 224,766680 
meanTHR_FLA_system | 36,603714 
meanTHR_FLB_system | 0,000000 

meanLoad_EF_system | 44,352002 
meanLoad_AF_system | 225,140706 
meanLoad_BE_system | 224,766680 
meanLoad_FLA_system | 36,603714 
meanLoad_FLB_system | 0,000000 

meanDELAY_EF_system | 0,100997 
meanDELAY_AF_system | 0,133824 
meanDELAY_BE_system | 0,269211 
meanDELAY_FLA_system | 1347,549331 
meanDELAY_FLB_system | NaN 
meanDELAY_CompleteFLA_system | 2715,439000 
meanDELAY_CompleteFLB_system | NaN 

= = = = = = = = = = = = AVERAGE RESULTS = = = = = = = = = = = =
Packet Loss Ratio: 00,00 (%)
PROCESSED PACKAGES: 1722643588 
DISCARTED PACKAGES: 0 
TOTAL PACKAGES: 1722643588 
AVERAGE DELAY: 4062,65 (ms) 
AVERAGE THROUGHPUT: 530,24 (Mbps) 
GRANTED THROUGHPUT: 36598,61 (Mbps) By 64 ONUs
EFFECTIVE THROUGHPUT: 33935,33 (Mbps) By 64 ONUs
TOTAL LOAD: 33935,33 (Mbps) By 64 ONUs
ON Arrival THROUGHPUT: 0,00 (Mbps) By 64 ONUs
FINISHTIMEFL: 173,097189 
FINISHTIME: 176,097189 


fileName | IPACT_LEAKYBUCKET_4_30_60_0 
