
ONU ID 	|  PLR(%) | Delay(ms) | Throughput(Mbps) | Granted Throughput(Mbps) | Total Load (Mbps) 

  ID |  PLR(%) |  D  | Thr |  Gates  |  Load  | PLR-EF | D-EF | ThrEF | LoadEF | PLR-AF | D-AF | ThrAF | LoadAF | PLR-BE | D-BE | ThrBE | LoadBE | PLR-FA | D-FA | ThrFA | LoadFA | DTFA |  PLR-FB | D-FB | ThrFB | LoadFB | DTFB | 
   1 |  0,00 | 5,065 | 597,47 | 597,47 | 633,23 |  0,00 | 0,178 | 44,35 | 44,35 |  0,00 | 0,663 | 248,52 | 248,52 |  0,00 | 0,844 | 239,68 | 239,68 |  0,00 | 137,762 | 64,91 | 64,91 | 294,382 |   NaN | NaN | 0,00 | 0,00 | NaN
   2 |  0,00 | 17,426 | 597,41 | 597,41 | 637,46 |  0,00 | 0,190 | 44,35 | 44,35 |  0,00 | 0,197 | 243,62 | 243,62 |  0,00 | 0,253 | 244,53 | 244,53 |  0,00 | 513,574 | 64,91 | 64,91 | 1047,689 |   NaN | NaN | 0,00 | 0,00 | NaN
   3 |  0,00 | 16,488 | 598,30 | 598,30 | 630,92 |  0,00 | 0,126 | 44,35 | 44,35 |  0,00 | 0,138 | 244,93 | 244,93 |  0,00 | 0,324 | 244,11 | 244,11 |  0,00 | 486,880 | 64,91 | 64,91 | 994,284 |   NaN | NaN | 0,00 | 0,00 | NaN
   4 |  0,00 | 3,367 | 600,35 | 600,35 | 633,07 |  0,00 | 0,132 | 44,35 | 44,35 |  0,00 | 0,738 | 247,91 | 247,91 |  0,00 | 1,076 | 243,18 | 243,18 |  0,00 | 85,847 | 64,91 | 64,91 | 186,321 |   NaN | NaN | 0,00 | 0,00 | NaN
   5 |  0,00 | 23,666 | 595,83 | 595,83 | 628,90 |  0,00 | 0,157 | 44,35 | 44,35 |  0,00 | 0,172 | 243,88 | 243,88 |  0,00 | 0,289 | 242,69 | 242,69 |  0,00 | 698,887 | 64,91 | 64,91 | 1418,318 |   NaN | NaN | 0,00 | 0,00 | NaN
   6 |  0,00 | 19,380 | 600,12 | 600,12 | 632,39 |  0,00 | 0,107 | 44,35 | 44,35 |  0,00 | 0,117 | 246,00 | 246,00 |  0,00 | 0,352 | 244,85 | 244,85 |  0,00 | 574,353 | 64,91 | 64,91 | 1169,106 |   NaN | NaN | 0,00 | 0,00 | NaN
   7 |  0,00 | 8,250 | 597,07 | 597,07 | 629,65 |  0,00 | 0,124 | 44,35 | 44,35 |  0,00 | 0,138 | 244,65 | 244,65 |  0,00 | 0,343 | 243,16 | 243,16 |  0,00 | 240,643 | 64,91 | 64,91 | 501,627 |   NaN | NaN | 0,00 | 0,00 | NaN
   8 |  0,00 | 18,005 | 599,72 | 599,72 | 634,80 |  0,00 | 0,175 | 44,35 | 44,35 |  0,00 | 0,185 | 243,59 | 243,59 |  0,00 | 0,265 | 246,87 | 246,87 |  0,00 | 532,237 | 64,91 | 64,91 | 1084,909 |   NaN | NaN | 0,00 | 0,00 | NaN
   9 |  0,00 | 12,192 | 598,74 | 598,74 | 631,33 |  0,00 | 0,114 | 44,35 | 44,35 |  0,00 | 0,128 | 245,96 | 245,96 |  0,00 | 0,346 | 243,52 | 243,52 |  0,00 | 358,956 | 64,91 | 64,91 | 738,342 |   NaN | NaN | 0,00 | 0,00 | NaN
  10 |  0,00 | 4,588 | 597,49 | 597,49 | 632,74 |  0,00 | 0,175 | 44,35 | 44,35 |  0,00 | 0,831 | 244,71 | 244,71 |  0,00 | 0,994 | 243,53 | 243,53 |  0,00 | 121,280 | 64,91 | 64,91 | 258,353 |   NaN | NaN | 0,00 | 0,00 | NaN
  11 |  0,00 | 33,049 | 591,99 | 591,99 | 624,55 |  0,00 | 0,115 | 44,35 | 44,35 |  0,00 | 0,221 | 238,98 | 238,98 |  0,00 | 0,525 | 243,75 | 243,75 |  0,00 | 973,209 | 64,91 | 64,91 | 1967,390 |   NaN | NaN | 0,00 | 0,00 | NaN
  12 |  0,00 | 20,210 | 598,30 | 598,30 | 633,87 |  0,00 | 0,177 | 44,35 | 44,35 |  0,00 | 0,191 | 244,81 | 244,81 |  0,00 | 0,269 | 244,23 | 244,23 |  0,00 | 597,269 | 64,91 | 64,91 | 1215,148 |   NaN | NaN | 0,00 | 0,00 | NaN
  13 |  0,00 | 17,335 | 590,00 | 590,00 | 622,65 |  0,00 | 0,142 | 44,35 | 44,35 |  0,00 | 0,149 | 240,31 | 240,31 |  0,00 | 0,302 | 240,43 | 240,43 |  0,00 | 507,874 | 64,91 | 64,91 | 1036,257 |   NaN | NaN | 0,00 | 0,00 | NaN
  14 |  0,00 | 23,342 | 598,43 | 598,43 | 635,80 |  0,00 | 0,183 | 44,35 | 44,35 |  0,00 | 0,193 | 244,98 | 244,98 |  0,00 | 0,257 | 244,18 | 244,18 |  0,00 | 690,650 | 64,91 | 64,91 | 1401,862 |   NaN | NaN | 0,00 | 0,00 | NaN
  15 |  0,00 | 8,161 | 594,48 | 594,48 | 630,14 |  0,00 | 0,177 | 44,35 | 44,35 |  0,00 | 0,184 | 239,97 | 239,97 |  0,00 | 0,260 | 245,25 | 245,25 |  0,00 | 236,888 | 64,91 | 64,91 | 494,195 |   NaN | NaN | 0,00 | 0,00 | NaN
  16 |  0,00 | 14,162 | 601,10 | 601,10 | 634,99 |  0,00 | 0,168 | 44,35 | 44,35 |  0,00 | 0,175 | 244,07 | 244,07 |  0,00 | 0,278 | 247,77 | 247,77 |  0,00 | 417,995 | 64,91 | 64,91 | 856,471 |   NaN | NaN | 0,00 | 0,00 | NaN
  17 |  0,00 | 13,684 | 599,63 | 599,63 | 636,44 |  0,00 | 0,181 | 44,35 | 44,35 |  0,00 | 0,194 | 244,27 | 244,27 |  0,00 | 0,266 | 246,10 | 246,10 |  0,00 | 402,901 | 64,91 | 64,91 | 826,297 |   NaN | NaN | 0,00 | 0,00 | NaN
  18 |  0,00 | 35,238 | 596,99 | 596,99 | 629,98 |  0,00 | 0,158 | 44,35 | 44,35 |  0,00 | 0,193 | 242,74 | 242,74 |  0,00 | 0,336 | 245,00 | 245,00 |  0,00 | 1044,194 | 64,91 | 64,91 | 2108,951 |   NaN | NaN | 0,00 | 0,00 | NaN
  19 |  0,00 | 28,448 | 592,06 | 592,06 | 624,87 |  0,00 | 0,149 | 44,35 | 44,35 |  0,00 | 0,338 | 239,81 | 239,81 |  0,00 | 0,508 | 242,99 | 242,99 |  0,00 | 835,625 | 64,91 | 64,91 | 1691,396 |   NaN | NaN | 0,00 | 0,00 | NaN
  20 |  0,00 | 33,455 | 593,41 | 593,41 | 626,11 |  0,00 | 0,144 | 44,35 | 44,35 |  0,00 | 0,172 | 245,11 | 245,11 |  0,00 | 0,337 | 239,03 | 239,03 |  0,00 | 987,868 | 64,91 | 64,91 | 1996,449 |   NaN | NaN | 0,00 | 0,00 | NaN
  21 |  0,00 | 6,230 | 590,71 | 590,71 | 623,46 |  0,00 | 0,149 | 44,35 | 44,35 |  0,00 | 0,235 | 240,91 | 240,91 |  0,00 | 0,486 | 240,54 | 240,54 |  0,00 | 177,347 | 64,91 | 64,91 | 375,085 |   NaN | NaN | 0,00 | 0,00 | NaN
  22 |  0,00 | 24,449 | 602,12 | 602,12 | 641,07 |  0,00 | 0,187 | 44,35 | 44,35 |  0,00 | 0,210 | 249,98 | 249,98 |  0,00 | 0,267 | 242,87 | 242,87 |  0,00 | 726,102 | 64,91 | 64,91 | 1472,204 |   NaN | NaN | 0,00 | 0,00 | NaN
  23 |  0,00 | 31,033 | 600,31 | 600,31 | 634,31 |  0,00 | 0,170 | 44,35 | 44,35 |  0,00 | 0,313 | 246,14 | 246,14 |  0,00 | 0,875 | 244,90 | 244,90 |  0,00 | 916,890 | 64,91 | 64,91 | 1854,440 |   NaN | NaN | 0,00 | 0,00 | NaN
  24 |  0,00 | 17,176 | 597,40 | 597,40 | 630,01 |  0,00 | 0,131 | 44,35 | 44,35 |  0,00 | 0,138 | 243,50 | 243,50 |  0,00 | 0,320 | 244,64 | 244,64 |  0,00 | 506,828 | 64,91 | 64,91 | 1034,181 |   NaN | NaN | 0,00 | 0,00 | NaN
  25 |  0,00 | 9,248 | 603,95 | 603,95 | 643,43 |  0,00 | 0,189 | 44,35 | 44,35 |  0,00 | 0,204 | 244,47 | 244,47 |  0,00 | 0,258 | 250,22 | 250,22 |  0,00 | 271,351 | 64,91 | 64,91 | 563,017 |   NaN | NaN | 0,00 | 0,00 | NaN
  26 |  0,00 | 7,890 | 595,22 | 595,22 | 633,32 |  0,00 | 0,185 | 44,35 | 44,35 |  0,00 | 0,221 | 243,21 | 243,21 |  0,00 | 0,401 | 242,74 | 242,74 |  0,00 | 227,582 | 64,91 | 64,91 | 475,597 |   NaN | NaN | 0,00 | 0,00 | NaN
  27 |  0,00 | 35,758 | 593,91 | 593,91 | 626,40 |  0,00 | 0,112 | 44,35 | 44,35 |  0,00 | 0,165 | 244,13 | 244,13 |  0,00 | 0,435 | 240,52 | 240,52 |  0,00 | 1056,640 | 64,91 | 64,91 | 2133,877 |   NaN | NaN | 0,00 | 0,00 | NaN
  28 |  0,00 | 31,459 | 591,81 | 591,81 | 627,67 |  0,00 | 0,178 | 44,35 | 44,35 |  0,00 | 0,553 | 243,25 | 243,25 |  0,00 | 0,602 | 239,30 | 239,30 |  0,00 | 922,178 | 64,91 | 64,91 | 1864,973 |   NaN | NaN | 0,00 | 0,00 | NaN
  29 |  0,00 | 32,439 | 600,04 | 600,04 | 632,97 |  0,00 | 0,157 | 44,35 | 44,35 |  0,00 | 0,323 | 245,94 | 245,94 |  0,00 | 0,476 | 244,83 | 244,83 |  0,00 | 961,606 | 64,91 | 64,91 | 1944,147 |   NaN | NaN | 0,00 | 0,00 | NaN
  30 |  0,00 | 34,332 | 593,26 | 593,26 | 632,35 |  0,00 | 0,188 | 44,35 | 44,35 |  0,00 | 0,248 | 241,94 | 241,94 |  0,00 | 0,376 | 242,05 | 242,05 |  0,00 | 1012,323 | 64,91 | 64,91 | 2045,244 |   NaN | NaN | 0,00 | 0,00 | NaN
  31 |  0,00 | 31,172 | 595,22 | 595,22 | 628,10 |  0,00 | 0,154 | 44,35 | 44,35 |  0,00 | 0,370 | 242,44 | 242,44 |  0,00 | 0,646 | 243,52 | 243,52 |  0,00 | 917,868 | 64,91 | 64,91 | 1856,267 |   NaN | NaN | 0,00 | 0,00 | NaN
  32 |  0,00 | 33,148 | 595,60 | 595,60 | 628,07 |  0,00 | 0,111 | 44,35 | 44,35 |  0,00 | 0,424 | 242,53 | 242,53 |  0,00 | 0,744 | 243,81 | 243,81 |  0,00 | 976,655 | 64,91 | 64,91 | 1974,085 |   NaN | NaN | 0,00 | 0,00 | NaN
  33 |  0,00 | 34,008 | 593,47 | 593,47 | 628,83 |  0,00 | 0,176 | 44,35 | 44,35 |  0,00 | 0,289 | 240,81 | 240,81 |  0,00 | 0,661 | 243,39 | 243,39 |  0,00 | 1000,615 | 64,91 | 64,91 | 2022,001 |   NaN | NaN | 0,00 | 0,00 | NaN
  34 |  0,00 | 36,934 | 591,12 | 591,12 | 624,88 |  0,00 | 0,168 | 44,35 | 44,35 |  0,00 | 0,179 | 242,89 | 242,89 |  0,00 | 0,279 | 238,96 | 238,96 |  0,00 | 1088,609 | 64,91 | 64,91 | 2197,835 |   NaN | NaN | 0,00 | 0,00 | NaN
  35 |  0,00 | 37,781 | 599,26 | 599,26 | 631,85 |  0,00 | 0,117 | 44,35 | 44,35 |  0,00 | 0,124 | 245,12 | 245,12 |  0,00 | 0,333 | 244,88 | 244,88 |  0,00 | 1123,613 | 64,91 | 64,91 | 2267,723 |   NaN | NaN | 0,00 | 0,00 | NaN
  36 |  0,00 | 36,212 | 593,07 | 593,07 | 627,25 |  0,00 | 0,170 | 44,35 | 44,35 |  0,00 | 0,189 | 239,77 | 239,77 |  0,00 | 0,296 | 244,04 | 244,04 |  0,00 | 1069,065 | 64,91 | 64,91 | 2158,766 |   NaN | NaN | 0,00 | 0,00 | NaN
  37 |  0,00 | 32,883 | 600,62 | 600,62 | 633,41 |  0,00 | 0,153 | 44,35 | 44,35 |  0,00 | 0,453 | 247,44 | 247,44 |  0,00 | 0,673 | 243,91 | 243,91 |  0,00 | 973,207 | 64,91 | 64,91 | 1967,286 |   NaN | NaN | 0,00 | 0,00 | NaN
  38 |  0,00 | 34,672 | 596,00 | 596,00 | 628,67 |  0,00 | 0,144 | 44,35 | 44,35 |  0,00 | 0,227 | 244,28 | 244,28 |  0,00 | 0,385 | 242,46 | 242,46 |  0,00 | 1025,916 | 64,91 | 64,91 | 2072,533 |   NaN | NaN | 0,00 | 0,00 | NaN
  39 |  0,00 | 33,744 | 590,70 | 590,70 | 629,75 |  0,00 | 0,187 | 44,35 | 44,35 |  0,00 | 0,331 | 241,10 | 241,10 |  0,00 | 0,442 | 240,34 | 240,34 |  0,00 | 991,349 | 64,91 | 64,91 | 2003,311 |   NaN | NaN | 0,00 | 0,00 | NaN
  40 |  0,00 | 35,769 | 590,63 | 590,63 | 629,67 |  0,00 | 0,187 | 44,35 | 44,35 |  0,00 | 0,223 | 241,69 | 241,69 |  0,00 | 0,286 | 239,68 | 239,68 |  0,00 | 1053,006 | 64,91 | 64,91 | 2126,673 |   NaN | NaN | 0,00 | 0,00 | NaN
  41 |  0,00 | 31,953 | 598,76 | 598,76 | 633,02 |  0,00 | 0,170 | 44,35 | 44,35 |  0,00 | 0,461 | 241,97 | 241,97 |  0,00 | 0,910 | 247,53 | 247,53 |  0,00 | 941,740 | 64,91 | 64,91 | 1904,208 |   NaN | NaN | 0,00 | 0,00 | NaN
  42 |  0,00 | 32,301 | 600,80 | 600,80 | 633,40 |  0,00 | 0,116 | 44,35 | 44,35 |  0,00 | 0,428 | 245,37 | 245,37 |  0,00 | 0,768 | 246,17 | 246,17 |  0,00 | 955,952 | 64,91 | 64,91 | 1932,466 |   NaN | NaN | 0,00 | 0,00 | NaN
  43 |  0,00 | 33,468 | 601,17 | 601,17 | 639,17 |  0,00 | 0,195 | 44,35 | 44,35 |  0,00 | 0,282 | 246,06 | 246,06 |  0,00 | 0,336 | 245,85 | 245,85 |  0,00 | 994,223 | 64,91 | 64,91 | 2009,082 |   NaN | NaN | 0,00 | 0,00 | NaN
  44 |  0,00 | 31,561 | 601,59 | 601,59 | 633,97 |  0,00 | 0,108 | 44,35 | 44,35 |  0,00 | 0,278 | 244,72 | 244,72 |  0,00 | 0,788 | 247,61 | 247,61 |  0,00 | 935,498 | 64,91 | 64,91 | 1891,588 |   NaN | NaN | 0,00 | 0,00 | NaN
  45 |  0,00 | 32,172 | 599,52 | 599,52 | 639,94 |  0,00 | 0,191 | 44,35 | 44,35 |  0,00 | 0,415 | 248,97 | 248,97 |  0,00 | 0,747 | 241,29 | 241,29 |  0,00 | 950,062 | 64,91 | 64,91 | 1920,879 |   NaN | NaN | 0,00 | 0,00 | NaN
  46 |  0,00 | 33,496 | 595,23 | 595,23 | 627,86 |  0,00 | 0,130 | 44,35 | 44,35 |  0,00 | 0,229 | 240,19 | 240,19 |  0,00 | 0,541 | 245,78 | 245,78 |  0,00 | 989,107 | 64,91 | 64,91 | 1999,164 |   NaN | NaN | 0,00 | 0,00 | NaN
  47 |  0,00 | 31,287 | 592,44 | 592,44 | 625,04 |  0,00 | 0,128 | 44,35 | 44,35 |  0,00 | 0,326 | 243,60 | 243,60 |  0,00 | 0,827 | 239,58 | 239,58 |  0,00 | 918,240 | 64,91 | 64,91 | 1857,083 |   NaN | NaN | 0,00 | 0,00 | NaN
  48 |  0,00 | 31,810 | 592,36 | 592,36 | 625,39 |  0,00 | 0,158 | 44,35 | 44,35 |  0,00 | 0,449 | 240,82 | 240,82 |  0,00 | 0,462 | 242,28 | 242,28 |  0,00 | 935,089 | 64,91 | 64,91 | 1890,660 |   NaN | NaN | 0,00 | 0,00 | NaN
  49 |  0,00 | 31,253 | 592,00 | 592,00 | 626,23 |  0,00 | 0,170 | 44,35 | 44,35 |  0,00 | 0,570 | 242,22 | 242,22 |  0,00 | 0,858 | 240,52 | 240,52 |  0,00 | 914,375 | 64,91 | 64,91 | 1849,549 |   NaN | NaN | 0,00 | 0,00 | NaN
  50 |  0,00 | 33,649 | 596,47 | 596,47 | 629,06 |  0,00 | 0,124 | 44,35 | 44,35 |  0,00 | 0,205 | 244,69 | 244,69 |  0,00 | 0,440 | 242,52 | 242,52 |  0,00 | 995,887 | 64,91 | 64,91 | 2012,457 |   NaN | NaN | 0,00 | 0,00 | NaN
  51 |  0,00 | 31,839 | 596,28 | 596,28 | 628,89 |  0,00 | 0,122 | 44,35 | 44,35 |  0,00 | 0,236 | 242,81 | 242,81 |  0,00 | 0,543 | 244,21 | 244,21 |  0,00 | 940,858 | 64,91 | 64,91 | 1902,417 |   NaN | NaN | 0,00 | 0,00 | NaN
  52 |  0,00 | 32,263 | 595,12 | 595,12 | 627,90 |  0,00 | 0,149 | 44,35 | 44,35 |  0,00 | 0,282 | 239,65 | 239,65 |  0,00 | 0,702 | 246,20 | 246,20 |  0,00 | 950,551 | 64,91 | 64,91 | 1921,722 |   NaN | NaN | 0,00 | 0,00 | NaN
  53 |  0,00 | 33,167 | 596,50 | 596,50 | 629,10 |  0,00 | 0,136 | 44,35 | 44,35 |  0,00 | 0,459 | 243,57 | 243,57 |  0,00 | 1,130 | 243,67 | 243,67 |  0,00 | 974,701 | 64,91 | 64,91 | 1970,314 |   NaN | NaN | 0,00 | 0,00 | NaN
  54 |  0,00 | 32,417 | 591,24 | 591,24 | 623,85 |  0,00 | 0,138 | 44,35 | 44,35 |  0,00 | 0,465 | 242,81 | 242,81 |  0,00 | 0,688 | 239,17 | 239,17 |  0,00 | 950,710 | 64,91 | 64,91 | 1922,338 |   NaN | NaN | 0,00 | 0,00 | NaN
  55 |  0,00 | 34,519 | 595,96 | 595,96 | 628,59 |  0,00 | 0,123 | 44,35 | 44,35 |  0,00 | 0,174 | 242,72 | 242,72 |  0,00 | 0,404 | 243,98 | 243,98 |  0,00 | 1021,827 | 64,91 | 64,91 | 2064,295 |   NaN | NaN | 0,00 | 0,00 | NaN
  56 |  0,00 | 32,001 | 590,72 | 590,72 | 623,34 |  0,00 | 0,129 | 44,35 | 44,35 |  0,00 | 0,398 | 241,63 | 241,63 |  0,00 | 0,791 | 239,83 | 239,83 |  0,00 | 937,754 | 64,91 | 64,91 | 1895,974 |   NaN | NaN | 0,00 | 0,00 | NaN
  57 |  0,00 | 31,383 | 595,09 | 595,09 | 627,70 |  0,00 | 0,126 | 44,35 | 44,35 |  0,00 | 0,565 | 242,24 | 242,24 |  0,00 | 0,680 | 243,59 | 243,59 |  0,00 | 922,944 | 64,91 | 64,91 | 1866,419 |   NaN | NaN | 0,00 | 0,00 | NaN
  58 |  0,00 | 31,194 | 597,10 | 597,10 | 629,99 |  0,00 | 0,155 | 44,35 | 44,35 |  0,00 | 0,362 | 245,12 | 245,12 |  0,00 | 0,601 | 242,72 | 242,72 |  0,00 | 920,609 | 64,91 | 64,91 | 1861,576 |   NaN | NaN | 0,00 | 0,00 | NaN
  59 |  0,00 | 36,518 | 599,05 | 599,05 | 633,92 |  0,00 | 0,174 | 44,35 | 44,35 |  0,00 | 0,203 | 242,67 | 242,67 |  0,00 | 0,302 | 247,12 | 247,12 |  0,00 | 1084,293 | 64,91 | 64,91 | 2189,371 |   NaN | NaN | 0,00 | 0,00 | NaN
  60 |  0,00 | 31,940 | 596,98 | 596,98 | 629,39 |  0,00 | 0,109 | 44,35 | 44,35 |  0,00 | 0,309 | 244,26 | 244,26 |  0,00 | 0,940 | 243,45 | 243,45 |  0,00 | 941,474 | 64,91 | 64,91 | 1903,838 |   NaN | NaN | 0,00 | 0,00 | NaN
  61 |  0,00 | 32,996 | 598,90 | 598,90 | 631,54 |  0,00 | 0,131 | 44,35 | 44,35 |  0,00 | 0,240 | 244,53 | 244,53 |  0,00 | 0,563 | 245,11 | 245,11 |  0,00 | 977,665 | 64,91 | 64,91 | 1976,109 |   NaN | NaN | 0,00 | 0,00 | NaN
  62 |  0,00 | 31,707 | 597,98 | 597,98 | 639,27 |  0,00 | 0,193 | 44,35 | 44,35 |  0,00 | 0,648 | 243,28 | 243,28 |  0,00 | 0,548 | 245,44 | 245,44 |  0,00 | 934,573 | 64,91 | 64,91 | 1889,647 |   NaN | NaN | 0,00 | 0,00 | NaN
  63 |  0,00 | 34,290 | 598,80 | 598,80 | 631,53 |  0,00 | 0,148 | 44,35 | 44,35 |  0,00 | 0,275 | 246,86 | 246,86 |  0,00 | 0,603 | 242,68 | 242,68 |  0,00 | 1015,294 | 64,91 | 64,91 | 2051,277 |   NaN | NaN | 0,00 | 0,00 | NaN
  64 |  0,00 | 32,493 | 590,03 | 590,03 | 630,87 |  0,00 | 0,192 | 44,35 | 44,35 |  0,00 | 0,398 | 241,66 | 241,66 |  0,00 | 0,680 | 239,12 | 239,12 |  0,00 | 951,449 | 64,91 | 64,91 | 1923,843 |   NaN | NaN | 0,00 | 0,00 | NaN

= = = = = = = = = = = = AVERAGE RESULTS system = = = = = = = = = = = =
meanPLR_system | 0,000000 
meanDelay_system | 26,773781 
meanLoad_system | 596,302798 
meanTHR_system | 596,302798 
meanGate_system | 630,754503 

meanPLR_EF_system | 0,000000 
meanPLR_AF_system | 0,000000 
meanPLR_BE_system | 0,000000 
meanPLR_FLA_system | 0,000000 
meanPLR_FLB_system | NaN 

meanTHR_EF_system | 44,352003 
meanTHR_AF_system | 243,637806 
meanTHR_BE_system | 243,403562 
meanTHR_FLA_system | 66,440905 
meanTHR_FLB_system | 0,000000 

meanLoad_EF_system | 44,352003 
meanLoad_AF_system | 243,637806 
meanLoad_BE_system | 243,403562 
meanLoad_FLA_system | 66,440905 
meanLoad_FLB_system | 0,000000 

meanDELAY_EF_system | 0,153103 
meanDELAY_AF_system | 0,303026 
meanDELAY_BE_system | 0,523689 
meanDELAY_FLA_system | 789,039310 
meanDELAY_FLB_system | NaN 
meanDELAY_CompleteFLA_system | 1598,488630 
meanDELAY_CompleteFLB_system | NaN 

= = = = = = = = = = = = AVERAGE RESULTS = = = = = = = = = = = =
Packet Loss Ratio: 00,00 (%)
PROCESSED PACKAGES: 1341835184 
DISCARTED PACKAGES: 0 
TOTAL PACKAGES: 1341835184 
AVERAGE DELAY: 4311,74 (ms) 
AVERAGE THROUGHPUT: 596,30 (Mbps) 
GRANTED THROUGHPUT: 40368,29 (Mbps) By 64 ONUs
EFFECTIVE THROUGHPUT: 38163,38 (Mbps) By 64 ONUs
TOTAL LOAD: 38163,38 (Mbps) By 64 ONUs
ON Arrival THROUGHPUT: 0,00 (Mbps) By 64 ONUs
FINISHTIMEFL: 127,150585 
FINISHTIME: 130,150585 


fileName | IPACT_LEAKYBUCKET_2_40_65_0 
