
ONU ID 	|  PLR(%) | Delay(ms) | Throughput(Mbps) | Granted Throughput(Mbps) | Total Load (Mbps) 

  ID |  PLR(%) |  D  | Thr |  Gates  |  Load  | PLR-EF | D-EF | ThrEF | LoadEF | PLR-AF | D-AF | ThrAF | LoadAF | PLR-BE | D-BE | ThrBE | LoadBE | PLR-FA | D-FA | ThrFA | LoadFA | DTFA |  PLR-FB | D-FB | ThrFB | LoadFB | DTFB | 
   1 |  1,29 | 203,956 | 754,86 | 764,75 | 759,57 |  0,00 | 1,400 | 44,35 | 44,35 |  0,00 | 21,274 | 342,09 | 342,09 |  2,97 | 717,483 | 323,59 | 333,48 |  0,00 | 138,906 | 44,84 | 44,84 | 301,734 |   NaN | NaN | 0,00 | 0,00 | NaN
   2 |  1,75 | 206,207 | 754,11 | 767,54 | 758,53 |  0,00 | 1,412 | 44,35 | 44,35 |  0,00 | 8,284 | 341,11 | 341,11 |  3,98 | 727,542 | 323,81 | 337,23 |  0,00 | 288,776 | 44,84 | 44,84 | 888,804 |   NaN | NaN | 0,00 | 0,00 | NaN
   3 |  1,31 | 177,901 | 751,43 | 761,38 | 755,84 |  0,00 | 1,348 | 44,35 | 44,35 |  0,00 | 7,300 | 337,45 | 337,45 |  2,97 | 620,224 | 324,80 | 334,75 |  0,00 | 301,958 | 44,84 | 44,84 | 918,983 |   NaN | NaN | 0,00 | 0,00 | NaN
   4 |  1,64 | 222,651 | 756,65 | 769,27 | 761,34 |  0,00 | 1,354 | 44,35 | 44,35 |  0,00 | 20,797 | 342,62 | 342,62 |  3,74 | 784,957 | 324,85 | 337,47 |  0,00 | 138,766 | 44,84 | 44,84 | 297,623 |   NaN | NaN | 0,00 | 0,00 | NaN
   5 |  1,22 | 196,972 | 752,92 | 762,22 | 757,24 |  0,00 | 1,379 | 44,35 | 44,35 |  0,00 | 2,693 | 336,27 | 336,27 |  2,76 | 676,553 | 327,46 | 336,76 |  0,00 | 485,146 | 44,84 | 44,84 | 1481,405 |   NaN | NaN | 0,00 | 0,00 | NaN
   6 |  1,69 | 213,703 | 755,35 | 768,36 | 759,67 |  0,00 | 1,328 | 44,35 | 44,35 |  0,00 | 4,439 | 341,23 | 341,23 |  3,85 | 750,657 | 324,93 | 337,93 |  0,00 | 381,605 | 44,84 | 44,84 | 1170,217 |   NaN | NaN | 0,00 | 0,00 | NaN
   7 |  1,37 | 198,085 | 754,68 | 765,13 | 759,28 |  0,00 | 1,346 | 44,35 | 44,35 |  0,00 | 18,717 | 339,28 | 339,28 |  3,10 | 691,959 | 326,21 | 336,66 |  0,00 | 151,394 | 44,84 | 44,84 | 391,077 |   NaN | NaN | 0,00 | 0,00 | NaN
   8 |  1,40 | 202,351 | 754,55 | 765,26 | 758,93 |  0,00 | 1,396 | 44,35 | 44,35 |  0,00 | 6,245 | 336,16 | 336,16 |  3,15 | 701,605 | 329,21 | 339,92 |  0,00 | 325,202 | 44,84 | 44,84 | 999,823 |   NaN | NaN | 0,00 | 0,00 | NaN
   9 |  1,79 | 206,704 | 753,91 | 767,67 | 758,47 |  0,00 | 1,336 | 44,35 | 44,35 |  0,00 | 15,024 | 340,00 | 340,00 |  4,06 | 727,949 | 324,73 | 338,49 |  0,00 | 182,659 | 44,84 | 44,84 | 506,470 |   NaN | NaN | 0,00 | 0,00 | NaN
  10 |  1,22 | 194,234 | 754,50 | 763,82 | 759,20 |  0,00 | 1,397 | 44,35 | 44,35 |  0,00 | 20,966 | 338,05 | 338,05 |  2,77 | 674,232 | 327,27 | 336,58 |  0,00 | 138,840 | 44,84 | 44,84 | 298,845 |   NaN | NaN | 0,00 | 0,00 | NaN
  11 |  1,11 | 183,914 | 753,23 | 761,69 | 757,57 |  0,00 | 1,337 | 44,35 | 44,35 |  0,00 | 1,866 | 333,56 | 333,56 |  2,50 | 607,864 | 330,48 | 338,95 |  0,00 | 718,352 | 44,84 | 44,84 | 2181,811 |   NaN | NaN | 0,00 | 0,00 | NaN
  12 |  1,42 | 178,679 | 753,16 | 764,05 | 757,52 |  0,00 | 1,399 | 44,35 | 44,35 |  0,00 | 4,343 | 337,39 | 337,39 |  3,23 | 617,170 | 326,58 | 337,47 |  0,00 | 386,730 | 44,84 | 44,84 | 1185,803 |   NaN | NaN | 0,00 | 0,00 | NaN
  13 |  1,04 | 178,476 | 749,66 | 757,57 | 754,01 |  0,00 | 1,364 | 44,35 | 44,35 |  0,00 | 8,334 | 335,58 | 335,58 |  2,38 | 620,618 | 324,89 | 332,80 |  0,00 | 293,156 | 44,84 | 44,84 | 903,847 |   NaN | NaN | 0,00 | 0,00 | NaN
  14 |  1,85 | 190,665 | 752,61 | 766,77 | 756,97 |  0,00 | 1,405 | 44,35 | 44,35 |  0,00 | 3,948 | 338,77 | 338,77 |  4,18 | 659,942 | 324,65 | 338,82 |  0,00 | 455,639 | 44,84 | 44,84 | 1392,753 |   NaN | NaN | 0,00 | 0,00 | NaN
  15 |  1,06 | 200,583 | 753,93 | 762,02 | 758,54 |  0,00 | 1,399 | 44,35 | 44,35 |  0,00 | 19,107 | 333,10 | 333,10 |  2,38 | 688,695 | 331,64 | 339,73 |  0,00 | 159,310 | 44,84 | 44,84 | 414,651 |   NaN | NaN | 0,00 | 0,00 | NaN
  16 |  2,27 | 241,098 | 756,25 | 773,80 | 760,69 |  0,00 | 1,390 | 44,35 | 44,35 |  0,00 | 10,795 | 339,57 | 339,57 |  5,09 | 849,474 | 327,48 | 345,04 |  0,00 | 232,476 | 44,84 | 44,84 | 693,728 |   NaN | NaN | 0,00 | 0,00 | NaN
  17 |  1,74 | 204,370 | 753,88 | 767,22 | 758,38 |  0,00 | 1,403 | 44,35 | 44,35 |  0,00 | 9,973 | 340,13 | 340,13 |  3,95 | 721,447 | 324,56 | 337,90 |  0,00 | 229,003 | 44,84 | 44,84 | 674,836 |   NaN | NaN | 0,00 | 0,00 | NaN
  18 |  1,15 | 180,756 | 752,40 | 761,18 | 756,74 |  0,00 | 1,380 | 44,35 | 44,35 |  0,00 | 2,051 | 334,90 | 334,90 |  2,60 | 591,283 | 328,32 | 337,10 |  0,00 | 830,795 | 44,84 | 44,84 | 2521,252 |   NaN | NaN | 0,00 | 0,00 | NaN
  19 |  0,44 | 156,713 | 752,76 | 756,11 | 757,08 |  0,00 | 1,371 | 44,35 | 44,35 |  0,00 | 2,244 | 332,04 | 332,04 |  1,00 | 515,293 | 331,53 | 334,88 |  0,00 | 609,009 | 44,84 | 44,84 | 1852,934 |   NaN | NaN | 0,00 | 0,00 | NaN
  20 |  0,88 | 175,193 | 753,48 | 760,18 | 757,81 |  0,00 | 1,366 | 44,35 | 44,35 |  0,00 | 1,834 | 338,28 | 338,28 |  2,01 | 582,303 | 326,02 | 332,72 |  0,00 | 745,566 | 44,84 | 44,84 | 2263,865 |   NaN | NaN | 0,00 | 0,00 | NaN
  21 |  0,50 | 150,797 | 749,15 | 752,94 | 753,83 |  0,00 | 1,371 | 44,35 | 44,35 |  0,00 | 18,839 | 333,01 | 333,01 |  1,15 | 516,494 | 326,95 | 330,74 |  0,00 | 140,852 | 44,84 | 44,84 | 321,571 |   NaN | NaN | 0,00 | 0,00 | NaN
  22 |  1,94 | 229,868 | 755,98 | 770,94 | 760,36 |  0,00 | 1,409 | 44,35 | 44,35 |  0,00 | 2,959 | 344,91 | 344,91 |  4,44 | 811,759 | 321,88 | 336,84 |  0,00 | 486,299 | 44,84 | 44,84 | 1484,744 |   NaN | NaN | 0,00 | 0,00 | NaN
  23 |  1,29 | 193,771 | 754,99 | 764,89 | 759,35 |  0,00 | 1,391 | 44,35 | 44,35 |  0,00 | 2,248 | 337,99 | 337,99 |  2,93 | 648,982 | 327,81 | 337,70 |  0,00 | 720,167 | 44,84 | 44,84 | 2186,713 |   NaN | NaN | 0,00 | 0,00 | NaN
  24 |  1,35 | 203,237 | 756,25 | 766,59 | 760,64 |  0,00 | 1,353 | 44,35 | 44,35 |  0,00 | 8,234 | 337,09 | 337,09 |  3,04 | 704,928 | 329,97 | 340,31 |  0,00 | 285,102 | 44,84 | 44,84 | 877,656 |   NaN | NaN | 0,00 | 0,00 | NaN
  25 |  1,88 | 224,400 | 755,67 | 770,16 | 760,29 |  0,00 | 1,410 | 44,35 | 44,35 |  0,00 | 19,145 | 336,27 | 336,27 |  4,20 | 778,418 | 330,22 | 344,71 |  0,00 | 161,705 | 44,84 | 44,84 | 422,043 |   NaN | NaN | 0,00 | 0,00 | NaN
  26 |  1,00 | 196,264 | 754,55 | 762,14 | 759,24 |  0,00 | 1,407 | 44,35 | 44,35 |  0,00 | 21,469 | 337,26 | 337,26 |  2,26 | 679,346 | 328,10 | 335,69 |  0,00 | 143,881 | 44,84 | 44,84 | 345,633 |   NaN | NaN | 0,00 | 0,00 | NaN
  27 |  0,92 | 160,138 | 753,74 | 760,72 | 758,09 |  0,00 | 1,333 | 44,35 | 44,35 |  0,00 | 1,702 | 338,67 | 338,67 |  2,10 | 521,834 | 325,88 | 332,86 |  0,00 | 826,388 | 44,84 | 44,84 | 2508,097 |   NaN | NaN | 0,00 | 0,00 | NaN
  28 |  0,85 | 162,125 | 751,40 | 757,85 | 755,77 |  0,00 | 1,400 | 44,35 | 44,35 |  0,00 | 2,239 | 337,62 | 337,62 |  1,95 | 540,106 | 324,59 | 331,04 |  0,00 | 682,521 | 44,84 | 44,84 | 2073,228 |   NaN | NaN | 0,00 | 0,00 | NaN
  29 |  1,74 | 203,630 | 755,28 | 768,63 | 759,62 |  0,00 | 1,379 | 44,35 | 44,35 |  0,00 | 2,024 | 339,30 | 339,30 |  3,93 | 686,679 | 326,79 | 340,14 |  0,00 | 729,069 | 44,84 | 44,84 | 2213,758 |   NaN | NaN | 0,00 | 0,00 | NaN
  30 |  1,11 | 163,728 | 752,59 | 761,00 | 756,98 |  0,00 | 1,409 | 44,35 | 44,35 |  0,00 | 2,288 | 334,60 | 334,60 |  2,49 | 531,879 | 328,81 | 337,22 |  0,00 | 786,916 | 44,84 | 44,84 | 2388,643 |   NaN | NaN | 0,00 | 0,00 | NaN
  31 |  0,96 | 192,663 | 753,52 | 760,86 | 757,86 |  0,00 | 1,376 | 44,35 | 44,35 |  0,00 | 1,853 | 338,60 | 338,60 |  2,20 | 649,142 | 325,74 | 333,08 |  0,00 | 710,314 | 44,84 | 44,84 | 2156,967 |   NaN | NaN | 0,00 | 0,00 | NaN
  32 |  1,80 | 190,159 | 752,22 | 766,03 | 756,55 |  0,00 | 1,333 | 44,35 | 44,35 |  0,00 | 2,327 | 338,07 | 338,07 |  4,08 | 639,539 | 324,96 | 338,77 |  0,00 | 720,597 | 44,84 | 44,84 | 2188,441 |   NaN | NaN | 0,00 | 0,00 | NaN
  33 |  0,82 | 185,646 | 755,26 | 761,53 | 759,61 |  0,00 | 1,398 | 44,35 | 44,35 |  0,00 | 2,002 | 336,27 | 336,27 |  1,86 | 612,732 | 329,80 | 336,06 |  0,00 | 765,356 | 44,84 | 44,84 | 2323,491 |   NaN | NaN | 0,00 | 0,00 | NaN
  34 |  1,20 | 169,230 | 751,61 | 760,71 | 755,94 |  0,00 | 1,389 | 44,35 | 44,35 |  0,00 | 1,867 | 337,13 | 337,13 |  2,72 | 553,235 | 325,30 | 334,40 |  0,00 | 848,468 | 44,84 | 44,84 | 2576,154 |   NaN | NaN | 0,00 | 0,00 | NaN
  35 |  1,73 | 215,958 | 755,80 | 769,12 | 760,13 |  0,00 | 1,338 | 44,35 | 44,35 |  0,00 | 1,564 | 340,39 | 340,39 |  3,92 | 724,909 | 326,22 | 339,54 |  0,00 | 852,824 | 44,84 | 44,84 | 2591,128 |   NaN | NaN | 0,00 | 0,00 | NaN
  36 |  1,13 | 174,858 | 752,99 | 761,63 | 757,33 |  0,00 | 1,391 | 44,35 | 44,35 |  0,00 | 2,027 | 333,36 | 333,36 |  2,55 | 567,804 | 330,44 | 339,09 |  0,00 | 813,895 | 44,84 | 44,84 | 2471,093 |   NaN | NaN | 0,00 | 0,00 | NaN
  37 |  1,79 | 208,085 | 757,04 | 770,85 | 761,37 |  0,00 | 1,374 | 44,35 | 44,35 |  0,00 | 2,247 | 343,22 | 343,22 |  4,08 | 707,798 | 324,63 | 338,43 |  0,00 | 738,762 | 44,84 | 44,84 | 2243,215 |   NaN | NaN | 0,00 | 0,00 | NaN
  38 |  1,57 | 211,388 | 755,70 | 767,76 | 760,02 |  0,00 | 1,366 | 44,35 | 44,35 |  0,00 | 1,671 | 340,02 | 340,02 |  3,56 | 712,177 | 326,49 | 338,55 |  0,00 | 786,936 | 44,84 | 44,84 | 2389,131 |   NaN | NaN | 0,00 | 0,00 | NaN
  39 |  0,52 | 138,954 | 748,11 | 752,05 | 752,51 |  0,00 | 1,409 | 44,35 | 44,35 |  0,00 | 1,708 | 332,66 | 332,66 |  1,19 | 447,998 | 326,26 | 330,21 |  0,00 | 734,296 | 44,84 | 44,84 | 2230,352 |   NaN | NaN | 0,00 | 0,00 | NaN
  40 |  0,68 | 159,530 | 751,04 | 756,18 | 755,43 |  0,00 | 1,409 | 44,35 | 44,35 |  0,00 | 1,896 | 336,26 | 336,26 |  1,55 | 518,955 | 325,59 | 330,73 |  0,00 | 820,368 | 44,84 | 44,84 | 2489,698 |   NaN | NaN | 0,00 | 0,00 | NaN
  41 |  2,12 | 199,352 | 751,32 | 767,58 | 755,67 |  0,00 | 1,392 | 44,35 | 44,35 |  0,00 | 2,145 | 334,82 | 334,82 |  4,73 | 668,744 | 327,31 | 343,57 |  0,00 | 711,416 | 44,84 | 44,84 | 2160,193 |   NaN | NaN | 0,00 | 0,00 | NaN
  42 |  2,11 | 205,898 | 754,64 | 770,90 | 758,98 |  0,00 | 1,338 | 44,35 | 44,35 |  0,00 | 1,748 | 341,10 | 341,10 |  4,77 | 700,162 | 324,36 | 340,62 |  0,00 | 729,208 | 44,84 | 44,84 | 2214,113 |   NaN | NaN | 0,00 | 0,00 | NaN
  43 |  2,37 | 212,517 | 754,82 | 773,17 | 759,20 |  0,00 | 1,416 | 44,35 | 44,35 |  0,00 | 1,854 | 342,97 | 342,97 |  5,38 | 729,196 | 322,66 | 341,01 |  0,00 | 713,894 | 44,84 | 44,84 | 2169,081 |   NaN | NaN | 0,00 | 0,00 | NaN
  44 |  1,51 | 208,767 | 755,55 | 767,17 | 759,88 |  0,00 | 1,328 | 44,35 | 44,35 |  0,00 | 1,982 | 336,85 | 336,85 |  3,41 | 701,956 | 329,52 | 341,14 |  0,00 | 701,928 | 44,84 | 44,84 | 2131,614 |   NaN | NaN | 0,00 | 0,00 | NaN
  45 |  1,17 | 180,041 | 752,78 | 761,67 | 757,17 |  0,00 | 1,413 | 44,35 | 44,35 |  0,00 | 1,972 | 340,39 | 340,39 |  2,68 | 608,319 | 323,20 | 332,09 |  0,00 | 696,348 | 44,84 | 44,84 | 2115,297 |   NaN | NaN | 0,00 | 0,00 | NaN
  46 |  1,46 | 189,498 | 753,22 | 764,38 | 757,56 |  0,00 | 1,352 | 44,35 | 44,35 |  0,00 | 1,685 | 335,67 | 335,67 |  3,29 | 630,571 | 328,36 | 339,52 |  0,00 | 740,262 | 44,84 | 44,84 | 2247,855 |   NaN | NaN | 0,00 | 0,00 | NaN
  47 |  1,23 | 171,795 | 752,73 | 762,08 | 757,08 |  0,00 | 1,350 | 44,35 | 44,35 |  0,00 | 2,034 | 337,63 | 337,63 |  2,79 | 574,445 | 325,91 | 335,26 |  0,00 | 677,021 | 44,84 | 44,84 | 2056,838 |   NaN | NaN | 0,00 | 0,00 | NaN
  48 |  0,99 | 184,285 | 752,37 | 759,88 | 756,71 |  0,00 | 1,379 | 44,35 | 44,35 |  0,00 | 2,148 | 335,42 | 335,42 |  2,24 | 613,848 | 327,77 | 335,27 |  0,00 | 711,355 | 44,84 | 44,84 | 2159,970 |   NaN | NaN | 0,00 | 0,00 | NaN
  49 |  1,22 | 182,997 | 752,43 | 761,72 | 756,80 |  0,00 | 1,392 | 44,35 | 44,35 |  0,00 | 2,084 | 337,27 | 337,27 |  2,77 | 613,712 | 325,98 | 335,26 |  0,00 | 694,396 | 44,84 | 44,84 | 2109,238 |   NaN | NaN | 0,00 | 0,00 | NaN
  50 |  1,31 | 186,802 | 755,92 | 765,98 | 760,25 |  0,00 | 1,346 | 44,35 | 44,35 |  0,00 | 1,777 | 340,15 | 340,15 |  2,99 | 624,771 | 326,58 | 336,64 |  0,00 | 749,392 | 44,84 | 44,84 | 2275,628 |   NaN | NaN | 0,00 | 0,00 | NaN
  51 |  1,35 | 175,989 | 754,02 | 764,33 | 758,36 |  0,00 | 1,344 | 44,35 | 44,35 |  0,00 | 1,914 | 336,67 | 336,67 |  3,04 | 583,920 | 328,17 | 338,47 |  0,00 | 714,861 | 44,84 | 44,84 | 2170,705 |   NaN | NaN | 0,00 | 0,00 | NaN
  52 |  1,30 | 206,500 | 754,91 | 764,89 | 759,26 |  0,00 | 1,370 | 44,35 | 44,35 |  0,00 | 1,939 | 334,19 | 334,19 |  2,92 | 688,108 | 331,53 | 341,51 |  0,00 | 714,298 | 44,84 | 44,84 | 2169,331 |   NaN | NaN | 0,00 | 0,00 | NaN
  53 |  1,41 | 185,710 | 755,38 | 766,20 | 759,73 |  0,00 | 1,358 | 44,35 | 44,35 |  0,00 | 1,697 | 339,99 | 339,99 |  3,21 | 622,806 | 326,20 | 337,02 |  0,00 | 730,091 | 44,84 | 44,84 | 2217,523 |   NaN | NaN | 0,00 | 0,00 | NaN
  54 |  0,82 | 168,008 | 751,48 | 757,71 | 755,82 |  0,00 | 1,360 | 44,35 | 44,35 |  0,00 | 2,281 | 336,88 | 336,88 |  1,88 | 557,888 | 325,41 | 331,64 |  0,00 | 713,911 | 44,84 | 44,84 | 2167,816 |   NaN | NaN | 0,00 | 0,00 | NaN
  55 |  0,91 | 164,849 | 753,55 | 760,51 | 757,87 |  0,00 | 1,345 | 44,35 | 44,35 |  0,00 | 1,826 | 334,48 | 334,48 |  2,07 | 533,123 | 329,89 | 336,85 |  0,00 | 814,939 | 44,84 | 44,84 | 2473,193 |   NaN | NaN | 0,00 | 0,00 | NaN
  56 |  0,78 | 166,771 | 753,69 | 759,60 | 758,04 |  0,00 | 1,351 | 44,35 | 44,35 |  0,00 | 1,947 | 335,31 | 335,31 |  1,76 | 548,859 | 329,19 | 335,10 |  0,00 | 711,064 | 44,84 | 44,84 | 2159,177 |   NaN | NaN | 0,00 | 0,00 | NaN
  57 |  1,33 | 178,988 | 752,38 | 762,53 | 756,72 |  0,00 | 1,348 | 44,35 | 44,35 |  0,00 | 2,158 | 336,02 | 336,02 |  3,01 | 597,357 | 327,17 | 337,32 |  0,00 | 684,911 | 44,84 | 44,84 | 2080,819 |   NaN | NaN | 0,00 | 0,00 | NaN
  58 |  1,28 | 205,445 | 754,52 | 764,33 | 758,87 |  0,00 | 1,377 | 44,35 | 44,35 |  0,00 | 2,021 | 337,79 | 337,79 |  2,91 | 693,955 | 327,54 | 337,36 |  0,00 | 691,235 | 44,84 | 44,84 | 2099,788 |   NaN | NaN | 0,00 | 0,00 | NaN
  59 |  1,85 | 204,901 | 754,42 | 768,66 | 758,75 |  0,00 | 1,396 | 44,35 | 44,35 |  0,00 | 1,656 | 336,44 | 336,44 |  4,15 | 677,641 | 328,79 | 343,03 |  0,00 | 855,665 | 44,84 | 44,84 | 2596,769 |   NaN | NaN | 0,00 | 0,00 | NaN
  60 |  1,19 | 194,960 | 753,22 | 762,31 | 757,53 |  0,00 | 1,331 | 44,35 | 44,35 |  0,00 | 1,630 | 336,80 | 336,80 |  2,71 | 654,081 | 327,23 | 336,33 |  0,00 | 718,900 | 44,84 | 44,84 | 2182,813 |   NaN | NaN | 0,00 | 0,00 | NaN
  61 |  1,55 | 195,926 | 756,44 | 768,37 | 760,79 |  0,00 | 1,353 | 44,35 | 44,35 |  0,00 | 1,823 | 339,21 | 339,21 |  3,51 | 655,751 | 328,04 | 339,97 |  0,00 | 743,158 | 44,84 | 44,84 | 2256,205 |   NaN | NaN | 0,00 | 0,00 | NaN
  62 |  1,56 | 206,098 | 756,10 | 768,10 | 760,52 |  0,00 | 1,415 | 44,35 | 44,35 |  0,00 | 1,888 | 339,13 | 339,13 |  3,53 | 695,103 | 327,78 | 339,78 |  0,00 | 717,118 | 44,84 | 44,84 | 2177,535 |   NaN | NaN | 0,00 | 0,00 | NaN
  63 |  1,54 | 184,106 | 753,04 | 764,81 | 757,37 |  0,00 | 1,370 | 44,35 | 44,35 |  0,00 | 2,043 | 339,20 | 339,20 |  3,50 | 615,267 | 324,65 | 336,43 |  0,00 | 769,220 | 44,84 | 44,84 | 2335,488 |   NaN | NaN | 0,00 | 0,00 | NaN
  64 |  0,87 | 176,869 | 751,39 | 757,99 | 755,80 |  0,00 | 1,413 | 44,35 | 44,35 |  0,00 | 2,069 | 334,97 | 334,97 |  1,98 | 587,544 | 327,23 | 333,84 |  0,00 | 708,351 | 44,84 | 44,84 | 2151,445 |   NaN | NaN | 0,00 | 0,00 | NaN

= = = = = = = = = = = = AVERAGE RESULTS system = = = = = = = = = = = =
meanPLR_system | 1,339079 
meanDelay_system | 190,386173 
meanLoad_system | 763,959694 
meanTHR_system | 753,711619 
meanGate_system | 758,109427 

meanPLR_EF_system | 0,000000 
meanPLR_AF_system | 0,000000 
meanPLR_BE_system | 3,032788 
meanPLR_FLA_system | 0,000000 
meanPLR_FLB_system | NaN 

meanTHR_EF_system | 44,352003 
meanTHR_AF_system | 337,650350 
meanTHR_BE_system | 326,873796 
meanTHR_FLA_system | 45,642928 
meanTHR_FLB_system | 0,000000 

meanLoad_EF_system | 44,352003 
meanLoad_AF_system | 337,650350 
meanLoad_BE_system | 337,121872 
meanLoad_FLA_system | 45,642928 
meanLoad_FLB_system | 0,000000 

meanDELAY_EF_system | 1,374846 
meanDELAY_AF_system | 5,263490 
meanDELAY_BE_system | 644,673315 
meanDELAY_FLA_system | 583,764811 
meanDELAY_FLB_system | NaN 
meanDELAY_CompleteFLA_system | 1760,947672 
meanDELAY_CompleteFLB_system | NaN 

= = = = = = = = = = = = AVERAGE RESULTS = = = = = = = = = = = =
Packet Loss Ratio: 01,34 (%)
PROCESSED PACKAGES: 2032812373 
DISCARTED PACKAGES: 17353376 
TOTAL PACKAGES: 2050165749 
AVERAGE DELAY: 35664,17 (ms) 
AVERAGE THROUGHPUT: 753,71 (Mbps) 
GRANTED THROUGHPUT: 48519,00 (Mbps) By 64 ONUs
EFFECTIVE THROUGHPUT: 48237,54 (Mbps) By 64 ONUs
TOTAL LOAD: 48893,42 (Mbps) By 64 ONUs
ON Arrival THROUGHPUT: 0,00 (Mbps) By 64 ONUs
FINISHTIMEFL: 166,580025 
FINISHTIME: 169,580025 


fileName | IPACT_LBVARIBLETOKENSBYCYCLE_3_36_90_0 
