
ONU ID 	|  PLR(%) | Delay(ms) | Throughput(Mbps) | Granted Throughput(Mbps) | Total Load (Mbps) 

  ID |  PLR(%) |  D  | Thr |  Gates  |  Load  | PLR-EF | D-EF | ThrEF | LoadEF | PLR-AF | D-AF | ThrAF | LoadAF | PLR-BE | D-BE | ThrBE | LoadBE | PLR-FA | D-FA | ThrFA | LoadFA | DTFA |  PLR-FB | D-FB | ThrFB | LoadFB | DTFB | 
   1 |  0,00 | 35,573 | 733,65 | 733,65 | 742,70 |  0,00 | 1,024 | 44,35 | 44,35 |  0,00 | 32,107 | 286,61 | 286,61 |  0,00 | 77,709 | 278,11 | 278,11 |  0,00 | 136,946 | 124,57 | 124,57 | 287,703 |   NaN | NaN | 0,00 | 0,00 | NaN
   2 |  0,00 | 39,954 | 732,10 | 732,10 | 742,04 |  0,00 | 1,036 | 44,35 | 44,35 |  0,00 | 1,992 | 280,78 | 280,78 |  0,00 | 87,277 | 282,40 | 282,40 |  0,00 | 295,971 | 124,57 | 124,57 | 612,189 |   NaN | NaN | 0,00 | 0,00 | NaN
   3 |  0,00 | 41,507 | 736,15 | 736,15 | 744,78 |  0,00 | 0,972 | 44,35 | 44,35 |  0,00 | 2,206 | 284,76 | 284,76 |  0,00 | 96,270 | 282,46 | 282,46 |  0,00 | 286,086 | 124,57 | 124,57 | 591,459 |   NaN | NaN | 0,00 | 0,00 | NaN
   4 |  0,00 | 33,194 | 737,17 | 737,17 | 745,70 |  0,00 | 0,978 | 44,35 | 44,35 |  0,00 | 31,988 | 288,24 | 288,24 |  0,00 | 70,175 | 280,00 | 280,00 |  0,00 | 127,550 | 124,57 | 124,57 | 267,719 |   NaN | NaN | 0,00 | 0,00 | NaN
   5 |  0,00 | 39,671 | 728,39 | 728,39 | 737,09 |  0,00 | 1,003 | 44,35 | 44,35 |  0,00 | 1,521 | 280,37 | 280,37 |  0,00 | 70,889 | 279,09 | 279,09 |  0,00 | 364,771 | 124,57 | 124,57 | 762,117 |   NaN | NaN | 0,00 | 0,00 | NaN
   6 |  0,00 | 44,517 | 735,40 | 735,40 | 744,00 |  0,00 | 0,951 | 44,35 | 44,35 |  0,00 | 2,050 | 284,34 | 284,34 |  0,00 | 101,109 | 282,14 | 282,14 |  0,00 | 318,041 | 124,57 | 124,57 | 659,877 |   NaN | NaN | 0,00 | 0,00 | NaN
   7 |  0,00 | 39,497 | 730,92 | 730,92 | 739,51 |  0,00 | 0,970 | 44,35 | 44,35 |  0,00 | 17,845 | 282,24 | 282,24 |  0,00 | 97,387 | 279,75 | 279,75 |  0,00 | 180,899 | 124,57 | 124,57 | 375,657 |   NaN | NaN | 0,00 | 0,00 | NaN
   8 |  0,00 | 42,362 | 736,90 | 736,90 | 745,86 |  0,00 | 1,020 | 44,35 | 44,35 |  0,00 | 1,997 | 282,18 | 282,18 |  0,00 | 94,575 | 285,78 | 285,78 |  0,00 | 304,377 | 124,57 | 124,57 | 630,238 |   NaN | NaN | 0,00 | 0,00 | NaN
   9 |  0,00 | 39,884 | 732,81 | 732,81 | 741,40 |  0,00 | 0,960 | 44,35 | 44,35 |  0,00 | 5,087 | 283,39 | 283,39 |  0,00 | 99,486 | 280,49 | 280,49 |  0,00 | 233,130 | 124,57 | 124,57 | 482,060 |   NaN | NaN | 0,00 | 0,00 | NaN
  10 |  0,00 | 36,256 | 731,03 | 731,03 | 739,99 |  0,00 | 1,021 | 44,35 | 44,35 |  0,00 | 35,567 | 282,30 | 282,30 |  0,00 | 77,696 | 279,81 | 279,81 |  0,00 | 132,607 | 124,57 | 124,57 | 279,091 |   NaN | NaN | 0,00 | 0,00 | NaN
  11 |  0,00 | 34,568 | 725,17 | 725,17 | 733,84 |  0,00 | 0,960 | 44,35 | 44,35 |  0,00 | 1,237 | 275,86 | 275,86 |  0,00 | 33,606 | 280,39 | 280,39 |  0,00 | 434,089 | 124,57 | 124,57 | 939,992 |   NaN | NaN | 0,00 | 0,00 | NaN
  12 |  0,00 | 40,871 | 734,08 | 734,08 | 743,14 |  0,00 | 1,023 | 44,35 | 44,35 |  0,00 | 1,474 | 282,24 | 282,24 |  0,00 | 84,182 | 282,91 | 282,91 |  0,00 | 327,675 | 124,57 | 124,57 | 681,101 |   NaN | NaN | 0,00 | 0,00 | NaN
  13 |  0,00 | 40,799 | 725,72 | 725,72 | 734,35 |  0,00 | 0,988 | 44,35 | 44,35 |  0,00 | 2,065 | 277,39 | 277,39 |  0,00 | 90,660 | 279,41 | 279,41 |  0,00 | 296,273 | 124,57 | 124,57 | 612,879 |   NaN | NaN | 0,00 | 0,00 | NaN
  14 |  0,00 | 38,351 | 735,44 | 735,44 | 744,83 |  0,00 | 1,029 | 44,35 | 44,35 |  0,00 | 1,419 | 284,09 | 284,09 |  0,00 | 66,564 | 282,42 | 282,42 |  0,00 | 361,285 | 124,57 | 124,57 | 754,532 |   NaN | NaN | 0,00 | 0,00 | NaN
  15 |  0,00 | 40,053 | 729,46 | 729,46 | 738,53 |  0,00 | 1,023 | 44,35 | 44,35 |  0,00 | 16,457 | 277,96 | 277,96 |  0,00 | 98,986 | 282,58 | 282,58 |  0,00 | 185,091 | 124,57 | 124,57 | 384,128 |   NaN | NaN | 0,00 | 0,00 | NaN
  16 |  0,00 | 41,702 | 737,15 | 737,15 | 745,93 |  0,00 | 1,014 | 44,35 | 44,35 |  0,00 | 3,481 | 281,81 | 281,81 |  0,00 | 100,751 | 286,42 | 286,42 |  0,00 | 259,200 | 124,57 | 124,57 | 535,646 |   NaN | NaN | 0,00 | 0,00 | NaN
  17 |  0,00 | 40,941 | 733,17 | 733,17 | 742,43 |  0,00 | 1,027 | 44,35 | 44,35 |  0,00 | 4,731 | 282,10 | 282,10 |  0,00 | 99,427 | 282,14 | 282,14 |  0,00 | 250,328 | 124,57 | 124,57 | 517,383 |   NaN | NaN | 0,00 | 0,00 | NaN
  18 |  0,00 | 26,105 | 731,53 | 731,53 | 740,21 |  0,00 | 1,004 | 44,35 | 44,35 |  0,00 | 1,100 | 280,25 | 280,25 |  0,00 | 20,725 | 282,35 | 282,35 |  0,00 | 346,581 | 124,57 | 124,57 | 852,690 |   NaN | NaN | 0,00 | 0,00 | NaN
  19 |  0,00 | 39,090 | 726,35 | 726,35 | 735,02 |  0,00 | 0,994 | 44,35 | 44,35 |  0,00 | 1,469 | 277,23 | 277,23 |  0,00 | 57,028 | 280,18 | 280,18 |  0,00 | 411,483 | 124,57 | 124,57 | 866,864 |   NaN | NaN | 0,00 | 0,00 | NaN
  20 |  0,00 | 34,824 | 727,71 | 727,71 | 736,37 |  0,00 | 0,990 | 44,35 | 44,35 |  0,00 | 1,550 | 281,42 | 281,42 |  0,00 | 37,258 | 277,36 | 277,36 |  0,00 | 424,430 | 124,57 | 124,57 | 934,883 |   NaN | NaN | 0,00 | 0,00 | NaN
  21 |  0,00 | 35,309 | 724,21 | 724,21 | 732,81 |  0,00 | 0,995 | 44,35 | 44,35 |  0,00 | 22,435 | 278,80 | 278,80 |  0,00 | 81,488 | 276,49 | 276,49 |  0,00 | 158,252 | 124,57 | 124,57 | 330,259 |   NaN | NaN | 0,00 | 0,00 | NaN
  22 |  0,00 | 38,346 | 736,11 | 736,11 | 745,81 |  0,00 | 1,033 | 44,35 | 44,35 |  0,00 | 1,540 | 288,07 | 288,07 |  0,00 | 64,210 | 279,11 | 279,11 |  0,00 | 374,262 | 124,57 | 124,57 | 783,086 |   NaN | NaN | 0,00 | 0,00 | NaN
  23 |  0,00 | 38,674 | 734,80 | 734,80 | 743,66 |  0,00 | 1,015 | 44,35 | 44,35 |  0,00 | 1,505 | 283,57 | 283,57 |  0,00 | 50,046 | 282,31 | 282,31 |  0,00 | 436,838 | 124,57 | 124,57 | 924,594 |   NaN | NaN | 0,00 | 0,00 | NaN
  24 |  0,00 | 41,342 | 733,29 | 733,29 | 741,92 |  0,00 | 0,977 | 44,35 | 44,35 |  0,00 | 2,171 | 282,13 | 282,13 |  0,00 | 92,922 | 282,23 | 282,23 |  0,00 | 296,300 | 124,57 | 124,57 | 612,800 |   NaN | NaN | 0,00 | 0,00 | NaN
  25 |  0,00 | 42,021 | 741,05 | 741,05 | 750,83 |  0,00 | 1,034 | 44,35 | 44,35 |  0,00 | 14,077 | 281,55 | 281,55 |  0,00 | 104,568 | 290,58 | 290,58 |  0,00 | 198,778 | 124,57 | 124,57 | 411,824 |   NaN | NaN | 0,00 | 0,00 | NaN
  26 |  0,00 | 39,259 | 730,43 | 730,43 | 739,99 |  0,00 | 1,031 | 44,35 | 44,35 |  0,00 | 19,459 | 280,15 | 280,15 |  0,00 | 95,106 | 281,36 | 281,36 |  0,00 | 177,057 | 124,57 | 124,57 | 367,816 |   NaN | NaN | 0,00 | 0,00 | NaN
  27 |  0,00 | 23,400 | 726,28 | 726,28 | 734,93 |  0,00 | 0,957 | 44,35 | 44,35 |  0,00 | 1,035 | 281,29 | 281,29 |  0,00 | 15,001 | 276,06 | 276,06 |  0,00 | 324,879 | 124,57 | 124,57 | 824,507 |   NaN | NaN | 0,00 | 0,00 | NaN
  28 |  0,00 | 36,579 | 727,70 | 727,70 | 736,84 |  0,00 | 1,024 | 44,35 | 44,35 |  0,00 | 1,419 | 281,23 | 281,23 |  0,00 | 41,284 | 277,54 | 277,54 |  0,00 | 437,639 | 124,57 | 124,57 | 926,901 |   NaN | NaN | 0,00 | 0,00 | NaN
  29 |  0,00 | 35,279 | 733,54 | 733,54 | 742,23 |  0,00 | 1,003 | 44,35 | 44,35 |  0,00 | 1,453 | 283,15 | 283,15 |  0,00 | 36,107 | 281,46 | 281,46 |  0,00 | 438,183 | 124,57 | 124,57 | 939,640 |   NaN | NaN | 0,00 | 0,00 | NaN
  30 |  0,00 | 29,786 | 724,31 | 724,31 | 734,20 |  0,00 | 1,033 | 44,35 | 44,35 |  0,00 | 1,330 | 277,25 | 277,25 |  0,00 | 23,765 | 278,13 | 278,13 |  0,00 | 393,759 | 124,57 | 124,57 | 906,703 |   NaN | NaN | 0,00 | 0,00 | NaN
  31 |  0,00 | 36,912 | 729,63 | 729,63 | 738,29 |  0,00 | 1,000 | 44,35 | 44,35 |  0,00 | 1,511 | 280,71 | 280,71 |  0,00 | 42,666 | 280,00 | 280,00 |  0,00 | 436,859 | 124,57 | 124,57 | 924,767 |   NaN | NaN | 0,00 | 0,00 | NaN
  32 |  0,00 | 34,344 | 727,58 | 727,58 | 736,23 |  0,00 | 0,957 | 44,35 | 44,35 |  0,00 | 1,601 | 278,31 | 278,31 |  0,00 | 32,881 | 280,34 | 280,34 |  0,00 | 433,135 | 124,57 | 124,57 | 939,722 |   NaN | NaN | 0,00 | 0,00 | NaN
  33 |  0,00 | 32,865 | 727,79 | 727,79 | 736,90 |  0,00 | 1,022 | 44,35 | 44,35 |  0,00 | 1,252 | 277,10 | 277,10 |  0,00 | 31,077 | 281,77 | 281,77 |  0,00 | 415,976 | 124,57 | 124,57 | 927,771 |   NaN | NaN | 0,00 | 0,00 | NaN
  34 |  0,00 | 18,070 | 723,38 | 723,38 | 732,16 |  0,00 | 1,014 | 44,35 | 44,35 |  0,00 | 1,046 | 280,21 | 280,21 |  0,00 | 11,646 | 274,25 | 274,25 |  0,00 | 247,016 | 124,57 | 124,57 | 708,301 |   NaN | NaN | 0,00 | 0,00 | NaN
  35 |  0,00 | 12,746 | 734,91 | 734,91 | 743,51 |  0,00 | 0,963 | 44,35 | 44,35 |  0,00 | 0,974 | 283,16 | 283,16 |  0,00 | 7,779 | 282,82 | 282,82 |  0,00 | 174,317 | 124,57 | 124,57 | 568,849 |   NaN | NaN | 0,00 | 0,00 | NaN
  36 |  0,00 | 21,771 | 726,74 | 726,74 | 735,66 |  0,00 | 1,016 | 44,35 | 44,35 |  0,00 | 1,119 | 276,10 | 276,10 |  0,00 | 14,157 | 281,72 | 281,72 |  0,00 | 298,844 | 124,57 | 124,57 | 788,795 |   NaN | NaN | 0,00 | 0,00 | NaN
  37 |  0,00 | 34,483 | 737,28 | 737,28 | 745,97 |  0,00 | 0,998 | 44,35 | 44,35 |  0,00 | 1,431 | 286,42 | 286,42 |  0,00 | 34,499 | 281,93 | 281,93 |  0,00 | 433,056 | 124,57 | 124,57 | 939,817 |   NaN | NaN | 0,00 | 0,00 | NaN
  38 |  0,00 | 29,840 | 730,11 | 730,11 | 738,76 |  0,00 | 0,990 | 44,35 | 44,35 |  0,00 | 1,503 | 282,26 | 282,26 |  0,00 | 27,569 | 278,92 | 278,92 |  0,00 | 380,495 | 124,57 | 124,57 | 892,721 |   NaN | NaN | 0,00 | 0,00 | NaN
  39 |  0,00 | 31,970 | 724,88 | 724,88 | 734,77 |  0,00 | 1,033 | 44,35 | 44,35 |  0,00 | 1,349 | 279,02 | 279,02 |  0,00 | 26,761 | 276,93 | 276,93 |  0,00 | 419,042 | 124,57 | 124,57 | 930,500 |   NaN | NaN | 0,00 | 0,00 | NaN
  40 |  0,00 | 24,702 | 726,95 | 726,95 | 736,87 |  0,00 | 1,033 | 44,35 | 44,35 |  0,00 | 1,205 | 279,14 | 279,14 |  0,00 | 18,288 | 278,89 | 278,89 |  0,00 | 331,549 | 124,57 | 124,57 | 833,544 |   NaN | NaN | 0,00 | 0,00 | NaN
  41 |  0,00 | 37,784 | 736,66 | 736,66 | 745,57 |  0,00 | 1,016 | 44,35 | 44,35 |  0,00 | 1,353 | 281,76 | 281,76 |  0,00 | 45,592 | 285,98 | 285,98 |  0,00 | 439,851 | 124,57 | 124,57 | 935,420 |   NaN | NaN | 0,00 | 0,00 | NaN
  42 |  0,00 | 36,892 | 734,24 | 734,24 | 742,87 |  0,00 | 0,962 | 44,35 | 44,35 |  0,00 | 1,409 | 281,33 | 281,33 |  0,00 | 42,403 | 283,99 | 283,99 |  0,00 | 438,271 | 124,57 | 124,57 | 939,816 |   NaN | NaN | 0,00 | 0,00 | NaN
  43 |  0,00 | 34,547 | 734,96 | 734,96 | 744,67 |  0,00 | 1,040 | 44,35 | 44,35 |  0,00 | 1,362 | 281,68 | 281,68 |  0,00 | 37,392 | 284,36 | 284,36 |  0,00 | 419,329 | 124,57 | 124,57 | 930,872 |   NaN | NaN | 0,00 | 0,00 | NaN
  44 |  0,00 | 36,306 | 737,78 | 737,78 | 746,39 |  0,00 | 0,952 | 44,35 | 44,35 |  0,00 | 1,257 | 282,65 | 282,65 |  0,00 | 40,104 | 286,20 | 286,20 |  0,00 | 439,428 | 124,57 | 124,57 | 932,528 |   NaN | NaN | 0,00 | 0,00 | NaN
  45 |  0,00 | 37,523 | 735,60 | 735,60 | 745,71 |  0,00 | 1,037 | 44,35 | 44,35 |  0,00 | 1,727 | 287,80 | 287,80 |  0,00 | 45,284 | 278,87 | 278,87 |  0,00 | 438,979 | 124,57 | 124,57 | 939,411 |   NaN | NaN | 0,00 | 0,00 | NaN
  46 |  0,00 | 35,383 | 728,73 | 728,73 | 737,38 |  0,00 | 0,976 | 44,35 | 44,35 |  0,00 | 1,421 | 277,30 | 277,30 |  0,00 | 39,082 | 282,50 | 282,50 |  0,00 | 424,520 | 124,57 | 124,57 | 935,002 |   NaN | NaN | 0,00 | 0,00 | NaN
  47 |  0,00 | 38,031 | 724,39 | 724,39 | 733,02 |  0,00 | 0,974 | 44,35 | 44,35 |  0,00 | 1,125 | 280,54 | 280,54 |  0,00 | 48,172 | 274,93 | 274,93 |  0,00 | 435,155 | 124,57 | 124,57 | 920,469 |   NaN | NaN | 0,00 | 0,00 | NaN
  48 |  0,00 | 36,366 | 725,86 | 725,86 | 734,55 |  0,00 | 1,003 | 44,35 | 44,35 |  0,00 | 1,297 | 278,04 | 278,04 |  0,00 | 39,776 | 278,90 | 278,90 |  0,00 | 439,324 | 124,57 | 124,57 | 932,304 |   NaN | NaN | 0,00 | 0,00 | NaN
  49 |  0,00 | 36,192 | 723,85 | 723,85 | 732,74 |  0,00 | 1,016 | 44,35 | 44,35 |  0,00 | 1,438 | 277,32 | 277,32 |  0,00 | 39,831 | 277,60 | 277,60 |  0,00 | 435,040 | 124,57 | 124,57 | 920,195 |   NaN | NaN | 0,00 | 0,00 | NaN
  50 |  0,00 | 34,397 | 728,49 | 728,49 | 737,13 |  0,00 | 0,970 | 44,35 | 44,35 |  0,00 | 1,406 | 281,82 | 281,82 |  0,00 | 37,023 | 277,74 | 277,74 |  0,00 | 419,121 | 124,57 | 124,57 | 930,710 |   NaN | NaN | 0,00 | 0,00 | NaN
  51 |  0,00 | 36,596 | 727,02 | 727,02 | 735,68 |  0,00 | 0,968 | 44,35 | 44,35 |  0,00 | 1,443 | 278,12 | 278,12 |  0,00 | 40,520 | 279,97 | 279,97 |  0,00 | 439,707 | 124,57 | 124,57 | 935,737 |   NaN | NaN | 0,00 | 0,00 | NaN
  52 |  0,00 | 36,955 | 729,37 | 729,37 | 738,02 |  0,00 | 0,994 | 44,35 | 44,35 |  0,00 | 1,416 | 277,60 | 277,60 |  0,00 | 41,787 | 282,84 | 282,84 |  0,00 | 439,762 | 124,57 | 124,57 | 938,110 |   NaN | NaN | 0,00 | 0,00 | NaN
  53 |  0,00 | 34,729 | 732,41 | 732,41 | 741,04 |  0,00 | 0,982 | 44,35 | 44,35 |  0,00 | 1,223 | 280,33 | 280,33 |  0,00 | 35,474 | 283,16 | 283,16 |  0,00 | 431,122 | 124,57 | 124,57 | 938,976 |   NaN | NaN | 0,00 | 0,00 | NaN
  54 |  0,00 | 35,562 | 725,18 | 725,18 | 733,83 |  0,00 | 0,984 | 44,35 | 44,35 |  0,00 | 1,427 | 281,40 | 281,40 |  0,00 | 36,956 | 274,85 | 274,85 |  0,00 | 438,846 | 124,57 | 124,57 | 939,283 |   NaN | NaN | 0,00 | 0,00 | NaN
  55 |  0,00 | 28,293 | 729,31 | 729,31 | 737,96 |  0,00 | 0,969 | 44,35 | 44,35 |  0,00 | 1,279 | 279,03 | 279,03 |  0,00 | 21,405 | 281,35 | 281,35 |  0,00 | 380,059 | 124,57 | 124,57 | 892,144 |   NaN | NaN | 0,00 | 0,00 | NaN
  56 |  0,00 | 36,168 | 725,55 | 725,55 | 734,20 |  0,00 | 0,975 | 44,35 | 44,35 |  0,00 | 1,471 | 280,42 | 280,42 |  0,00 | 39,086 | 276,21 | 276,21 |  0,00 | 439,585 | 124,57 | 124,57 | 933,612 |   NaN | NaN | 0,00 | 0,00 | NaN
  57 |  0,00 | 38,449 | 728,10 | 728,10 | 736,75 |  0,00 | 0,972 | 44,35 | 44,35 |  0,00 | 1,331 | 278,37 | 278,37 |  0,00 | 48,757 | 280,81 | 280,81 |  0,00 | 436,881 | 124,57 | 124,57 | 924,759 |   NaN | NaN | 0,00 | 0,00 | NaN
  58 |  0,00 | 36,396 | 730,68 | 730,68 | 739,36 |  0,00 | 1,001 | 44,35 | 44,35 |  0,00 | 1,521 | 281,28 | 281,28 |  0,00 | 40,478 | 280,47 | 280,47 |  0,00 | 437,593 | 124,57 | 124,57 | 926,752 |   NaN | NaN | 0,00 | 0,00 | NaN
  59 |  0,00 | 20,614 | 734,38 | 734,38 | 743,40 |  0,00 | 1,020 | 44,35 | 44,35 |  0,00 | 1,175 | 279,55 | 279,55 |  0,00 | 17,090 | 285,91 | 285,91 |  0,00 | 267,556 | 124,57 | 124,57 | 741,859 |   NaN | NaN | 0,00 | 0,00 | NaN
  60 |  0,00 | 36,181 | 730,00 | 730,00 | 738,64 |  0,00 | 0,955 | 44,35 | 44,35 |  0,00 | 1,440 | 281,85 | 281,85 |  0,00 | 39,327 | 279,22 | 279,22 |  0,00 | 439,780 | 124,57 | 124,57 | 935,149 |   NaN | NaN | 0,00 | 0,00 | NaN
  61 |  0,00 | 36,173 | 735,20 | 735,20 | 743,84 |  0,00 | 0,977 | 44,35 | 44,35 |  0,00 | 1,413 | 283,33 | 283,33 |  0,00 | 42,043 | 282,94 | 282,94 |  0,00 | 428,461 | 124,57 | 124,57 | 937,422 |   NaN | NaN | 0,00 | 0,00 | NaN
  62 |  0,00 | 37,065 | 733,04 | 733,04 | 743,30 |  0,00 | 1,039 | 44,35 | 44,35 |  0,00 | 1,529 | 281,18 | 281,18 |  0,00 | 42,623 | 282,94 | 282,94 |  0,00 | 439,291 | 124,57 | 124,57 | 932,185 |   NaN | NaN | 0,00 | 0,00 | NaN
  63 |  0,00 | 32,784 | 733,45 | 733,45 | 742,12 |  0,00 | 0,994 | 44,35 | 44,35 |  0,00 | 1,211 | 284,56 | 284,56 |  0,00 | 36,895 | 279,97 | 279,97 |  0,00 | 393,703 | 124,57 | 124,57 | 906,607 |   NaN | NaN | 0,00 | 0,00 | NaN
  64 |  0,00 | 34,226 | 725,08 | 725,08 | 735,31 |  0,00 | 1,037 | 44,35 | 44,35 |  0,00 | 1,272 | 279,56 | 279,56 |  0,00 | 31,351 | 276,59 | 276,59 |  0,00 | 438,858 | 124,57 | 124,57 | 939,151 |   NaN | NaN | 0,00 | 0,00 | NaN

= = = = = = = = = = = = AVERAGE RESULTS system = = = = = = = = = = = =
meanPLR_system | 0,000000 
meanDelay_system | 35,172309 
meanLoad_system | 730,790750 
meanTHR_system | 730,790750 
meanGate_system | 739,742760 

meanPLR_EF_system | 0,000000 
meanPLR_AF_system | 0,000000 
meanPLR_BE_system | 0,000000 
meanPLR_FLA_system | 0,000000 
meanPLR_FLB_system | NaN 

meanTHR_EF_system | 44,352003 
meanTHR_AF_system | 281,125463 
meanTHR_BE_system | 280,739221 
meanTHR_FLA_system | 127,902380 
meanTHR_FLB_system | 0,000000 

meanLoad_EF_system | 44,352003 
meanLoad_AF_system | 281,125463 
meanLoad_BE_system | 280,739221 
meanLoad_FLA_system | 127,902380 
meanLoad_FLB_system | 0,000000 

meanDELAY_EF_system | 0,998842 
meanDELAY_AF_system | 4,370309 
meanDELAY_BE_system | 52,219231 
meanDELAY_FLA_system | 354,113595 
meanDELAY_FLB_system | NaN 
meanDELAY_CompleteFLA_system | 775,774981 
meanDELAY_CompleteFLB_system | NaN 

= = = = = = = = = = = = AVERAGE RESULTS = = = = = = = = = = = =
Packet Loss Ratio: 00,00 (%)
PROCESSED PACKAGES: 1311961294 
DISCARTED PACKAGES: 0 
TOTAL PACKAGES: 1311961294 
AVERAGE DELAY: 6255,22 (ms) 
AVERAGE THROUGHPUT: 730,79 (Mbps) 
GRANTED THROUGHPUT: 47343,54 (Mbps) By 64 ONUs
EFFECTIVE THROUGHPUT: 46770,61 (Mbps) By 64 ONUs
TOTAL LOAD: 46770,61 (Mbps) By 64 ONUs
ON Arrival THROUGHPUT: 0,00 (Mbps) By 64 ONUs
FINISHTIMEFL: 112,285635 
FINISHTIME: 115,285635 


fileName | IPACT_LBCONSTANTTOKENSBYCYCLE_1_68_75_0 
