
ONU ID 	|  PLR(%) | Delay(ms) | Throughput(Mbps) | Granted Throughput(Mbps) | Total Load (Mbps) 

  ID |  PLR(%) |  D  | Thr |  Gates  |  Load  | PLR-EF | D-EF | ThrEF | LoadEF | PLR-AF | D-AF | ThrAF | LoadAF | PLR-BE | D-BE | ThrBE | LoadBE | PLR-FA | D-FA | ThrFA | LoadFA | DTFA |  PLR-FB | D-FB | ThrFB | LoadFB | DTFB | 
   1 |  0,00 | 0,803 | 601,11 | 601,11 | 634,95 |  0,00 | 0,277 | 44,35 | 44,35 |  0,00 | 0,587 | 248,25 | 248,25 |  0,00 | 0,725 | 240,52 | 240,52 |  0,00 | 10,171 | 67,99 | 67,99 | 42,614 |   NaN | NaN | 0,00 | 0,00 | NaN
   2 |  0,00 | 1,164 | 601,52 | 601,52 | 639,37 |  0,00 | 0,289 | 44,35 | 44,35 |  0,00 | 0,827 | 243,32 | 243,32 |  0,00 | 0,954 | 245,86 | 245,86 |  0,00 | 17,105 | 67,99 | 67,99 | 55,689 |   NaN | NaN | 0,00 | 0,00 | NaN
   3 |  0,00 | 1,051 | 603,10 | 603,10 | 634,01 |  0,00 | 0,225 | 44,35 | 44,35 |  0,00 | 0,672 | 246,06 | 246,06 |  0,00 | 0,906 | 244,70 | 244,70 |  0,00 | 16,155 | 67,99 | 67,99 | 50,403 |   NaN | NaN | 0,00 | 0,00 | NaN
   4 |  0,00 | 0,748 | 603,03 | 603,03 | 633,89 |  0,00 | 0,231 | 44,35 | 44,35 |  0,00 | 0,519 | 248,07 | 248,07 |  0,00 | 0,694 | 242,62 | 242,62 |  0,00 | 9,921 | 67,99 | 67,99 | 40,642 |   NaN | NaN | 0,00 | 0,00 | NaN
   5 |  0,00 | 0,882 | 598,50 | 598,50 | 629,85 |  0,00 | 0,256 | 44,35 | 44,35 |  0,00 | 0,607 | 244,02 | 244,02 |  0,00 | 0,765 | 242,13 | 242,13 |  0,00 | 12,261 | 67,99 | 67,99 | 45,882 |   NaN | NaN | 0,00 | 0,00 | NaN
   6 |  0,00 | 0,763 | 604,08 | 604,08 | 634,59 |  0,00 | 0,206 | 44,35 | 44,35 |  0,00 | 0,526 | 246,98 | 246,98 |  0,00 | 0,760 | 244,76 | 244,76 |  0,00 | 10,191 | 67,99 | 67,99 | 41,515 |   NaN | NaN | 0,00 | 0,00 | NaN
   7 |  0,00 | 0,904 | 599,94 | 599,94 | 630,81 |  0,00 | 0,223 | 44,35 | 44,35 |  0,00 | 0,597 | 244,44 | 244,44 |  0,00 | 0,827 | 243,15 | 243,15 |  0,00 | 13,029 | 67,99 | 67,99 | 47,291 |   NaN | NaN | 0,00 | 0,00 | NaN
   8 |  0,00 | 0,987 | 603,27 | 603,27 | 636,37 |  0,00 | 0,273 | 44,35 | 44,35 |  0,00 | 0,715 | 244,24 | 244,24 |  0,00 | 0,866 | 246,68 | 246,68 |  0,00 | 13,648 | 67,99 | 67,99 | 49,077 |   NaN | NaN | 0,00 | 0,00 | NaN
   9 |  0,00 | 0,721 | 602,16 | 602,16 | 632,93 |  0,00 | 0,213 | 44,35 | 44,35 |  0,00 | 0,459 | 246,42 | 246,42 |  0,00 | 0,737 | 243,41 | 243,41 |  0,00 | 9,498 | 67,99 | 67,99 | 39,956 |   NaN | NaN | 0,00 | 0,00 | NaN
  10 |  0,00 | 0,868 | 600,03 | 600,03 | 633,37 |  0,00 | 0,274 | 44,35 | 44,35 |  0,00 | 0,609 | 244,73 | 244,73 |  0,00 | 0,699 | 242,96 | 242,96 |  0,00 | 12,078 | 67,99 | 67,99 | 44,291 |   NaN | NaN | 0,00 | 0,00 | NaN
  11 |  0,00 | 8,263 | 594,26 | 594,26 | 625,03 |  0,00 | 0,213 | 44,35 | 44,35 |  0,00 | 7,859 | 238,53 | 238,53 |  0,00 | 15,496 | 243,39 | 243,39 |  0,00 | 74,658 | 67,99 | 67,99 | 187,016 |   NaN | NaN | 0,00 | 0,00 | NaN
  12 |  0,00 | 0,767 | 601,28 | 601,28 | 634,88 |  0,00 | 0,276 | 44,35 | 44,35 |  0,00 | 0,554 | 244,51 | 244,51 |  0,00 | 0,674 | 244,43 | 244,43 |  0,00 | 9,700 | 67,99 | 67,99 | 40,440 |   NaN | NaN | 0,00 | 0,00 | NaN
  13 |  0,00 | 1,166 | 594,93 | 594,93 | 625,98 |  0,00 | 0,240 | 44,35 | 44,35 |  0,00 | 0,816 | 241,21 | 241,21 |  0,00 | 1,113 | 241,38 | 241,38 |  0,00 | 16,794 | 67,99 | 67,99 | 55,903 |   NaN | NaN | 0,00 | 0,00 | NaN
  14 |  0,00 | 0,891 | 602,42 | 602,42 | 637,73 |  0,00 | 0,282 | 44,35 | 44,35 |  0,00 | 0,601 | 245,56 | 245,56 |  0,00 | 0,705 | 244,52 | 244,52 |  0,00 | 12,654 | 67,99 | 67,99 | 45,166 |   NaN | NaN | 0,00 | 0,00 | NaN
  15 |  0,00 | 0,891 | 598,97 | 598,97 | 632,65 |  0,00 | 0,276 | 44,35 | 44,35 |  0,00 | 0,664 | 240,98 | 240,98 |  0,00 | 0,820 | 245,65 | 245,65 |  0,00 | 11,506 | 67,99 | 67,99 | 45,127 |   NaN | NaN | 0,00 | 0,00 | NaN
  16 |  0,00 | 0,789 | 604,11 | 604,11 | 636,19 |  0,00 | 0,267 | 44,35 | 44,35 |  0,00 | 0,566 | 244,20 | 244,20 |  0,00 | 0,690 | 247,58 | 247,58 |  0,00 | 10,281 | 67,99 | 67,99 | 42,057 |   NaN | NaN | 0,00 | 0,00 | NaN
  17 |  0,00 | 0,840 | 601,62 | 601,62 | 636,36 |  0,00 | 0,280 | 44,35 | 44,35 |  0,00 | 0,604 | 244,15 | 244,15 |  0,00 | 0,707 | 245,13 | 245,13 |  0,00 | 11,177 | 67,99 | 67,99 | 42,823 |   NaN | NaN | 0,00 | 0,00 | NaN
  18 |  0,00 | 1,609 | 599,63 | 599,63 | 630,84 |  0,00 | 0,256 | 44,35 | 44,35 |  0,00 | 1,170 | 243,00 | 243,00 |  0,00 | 1,507 | 244,29 | 244,29 |  0,00 | 24,160 | 67,99 | 67,99 | 71,374 |   NaN | NaN | 0,00 | 0,00 | NaN
  19 |  0,00 | 6,738 | 595,79 | 595,79 | 626,69 |  0,00 | 0,247 | 44,35 | 44,35 |  0,00 | 6,796 | 240,32 | 240,32 |  0,00 | 8,169 | 243,13 | 243,13 |  0,00 | 87,429 | 67,99 | 67,99 | 179,107 |   NaN | NaN | 0,00 | 0,00 | NaN
  20 |  0,00 | 6,809 | 596,64 | 596,64 | 627,54 |  0,00 | 0,243 | 44,35 | 44,35 |  0,00 | 6,241 | 244,63 | 244,63 |  0,00 | 13,012 | 239,67 | 239,67 |  0,00 | 61,263 | 67,99 | 67,99 | 161,251 |   NaN | NaN | 0,00 | 0,00 | NaN
  21 |  0,00 | 0,766 | 593,43 | 593,43 | 624,40 |  0,00 | 0,248 | 44,35 | 44,35 |  0,00 | 0,545 | 240,84 | 240,84 |  0,00 | 0,674 | 240,25 | 240,25 |  0,00 | 10,100 | 67,99 | 67,99 | 40,776 |   NaN | NaN | 0,00 | 0,00 | NaN
  22 |  0,00 | 1,055 | 605,23 | 605,23 | 641,91 |  0,00 | 0,286 | 44,35 | 44,35 |  0,00 | 0,731 | 250,70 | 250,70 |  0,00 | 0,783 | 242,19 | 242,19 |  0,00 | 15,871 | 67,99 | 67,99 | 48,832 |   NaN | NaN | 0,00 | 0,00 | NaN
  23 |  0,00 | 9,847 | 603,57 | 603,57 | 635,85 |  0,00 | 0,268 | 44,35 | 44,35 |  0,00 | 10,069 | 246,52 | 246,52 |  0,00 | 16,080 | 244,71 | 244,71 |  0,00 | 99,968 | 67,99 | 67,99 | 217,845 |   NaN | NaN | 0,00 | 0,00 | NaN
  24 |  0,00 | 1,191 | 601,30 | 601,30 | 632,30 |  0,00 | 0,230 | 44,35 | 44,35 |  0,00 | 0,832 | 243,58 | 243,58 |  0,00 | 1,117 | 245,37 | 245,37 |  0,00 | 17,539 | 67,99 | 67,99 | 57,081 |   NaN | NaN | 0,00 | 0,00 | NaN
  25 |  0,00 | 0,783 | 608,06 | 608,06 | 645,20 |  0,00 | 0,287 | 44,35 | 44,35 |  0,00 | 0,575 | 244,28 | 244,28 |  0,00 | 0,660 | 251,43 | 251,43 |  0,00 | 9,969 | 67,99 | 67,99 | 41,332 |   NaN | NaN | 0,00 | 0,00 | NaN
  26 |  0,00 | 0,954 | 599,04 | 599,04 | 635,11 |  0,00 | 0,284 | 44,35 | 44,35 |  0,00 | 0,672 | 242,91 | 242,91 |  0,00 | 0,726 | 243,80 | 243,80 |  0,00 | 13,758 | 67,99 | 67,99 | 47,677 |   NaN | NaN | 0,00 | 0,00 | NaN
  27 |  0,00 | 1,445 | 596,62 | 596,62 | 627,39 |  0,00 | 0,210 | 44,35 | 44,35 |  0,00 | 0,973 | 244,12 | 244,12 |  0,00 | 1,516 | 240,15 | 240,15 |  0,00 | 21,424 | 67,99 | 67,99 | 65,039 |   NaN | NaN | 0,00 | 0,00 | NaN
  28 |  0,00 | 9,970 | 594,80 | 594,80 | 628,72 |  0,00 | 0,276 | 44,35 | 44,35 |  0,00 | 9,626 | 243,21 | 243,21 |  0,00 | 17,165 | 239,25 | 239,25 |  0,00 | 100,075 | 67,99 | 67,99 | 218,550 |   NaN | NaN | 0,00 | 0,00 | NaN
  29 |  0,00 | 9,505 | 602,52 | 602,52 | 633,72 |  0,00 | 0,255 | 44,35 | 44,35 |  0,00 | 9,401 | 246,17 | 246,17 |  0,00 | 17,907 | 244,00 | 244,00 |  0,00 | 82,698 | 67,99 | 67,99 | 198,634 |   NaN | NaN | 0,00 | 0,00 | NaN
  30 |  0,00 | 3,208 | 596,51 | 596,51 | 633,24 |  0,00 | 0,286 | 44,35 | 44,35 |  0,00 | 2,670 | 242,22 | 242,22 |  0,00 | 4,773 | 241,95 | 241,95 |  0,00 | 37,166 | 67,99 | 67,99 | 107,389 |   NaN | NaN | 0,00 | 0,00 | NaN
  31 |  0,00 | 10,358 | 598,50 | 598,50 | 629,72 |  0,00 | 0,253 | 44,35 | 44,35 |  0,00 | 10,812 | 242,73 | 242,73 |  0,00 | 17,555 | 243,44 | 243,44 |  0,00 | 100,000 | 67,99 | 67,99 | 218,005 |   NaN | NaN | 0,00 | 0,00 | NaN
  32 |  0,00 | 7,976 | 597,41 | 597,41 | 628,07 |  0,00 | 0,210 | 44,35 | 44,35 |  0,00 | 6,726 | 241,37 | 241,37 |  0,00 | 15,735 | 243,69 | 243,69 |  0,00 | 72,503 | 67,99 | 67,99 | 182,440 |   NaN | NaN | 0,00 | 0,00 | NaN
  33 |  0,00 | 4,884 | 597,24 | 597,24 | 630,45 |  0,00 | 0,275 | 44,35 | 44,35 |  0,00 | 4,259 | 240,93 | 240,93 |  0,00 | 8,370 | 243,98 | 243,98 |  0,00 | 49,920 | 67,99 | 67,99 | 136,980 |   NaN | NaN | 0,00 | 0,00 | NaN
  34 |  0,00 | 0,919 | 592,83 | 592,83 | 624,89 |  0,00 | 0,266 | 44,35 | 44,35 |  0,00 | 0,668 | 242,68 | 242,68 |  0,00 | 0,802 | 237,80 | 237,80 |  0,00 | 12,486 | 67,99 | 67,99 | 47,710 |   NaN | NaN | 0,00 | 0,00 | NaN
  35 |  0,00 | 0,710 | 603,05 | 603,05 | 633,85 |  0,00 | 0,215 | 44,35 | 44,35 |  0,00 | 0,477 | 245,70 | 245,70 |  0,00 | 0,728 | 245,01 | 245,01 |  0,00 | 9,077 | 67,99 | 67,99 | 39,289 |   NaN | NaN | 0,00 | 0,00 | NaN
  36 |  0,00 | 1,176 | 595,53 | 595,53 | 627,99 |  0,00 | 0,268 | 44,35 | 44,35 |  0,00 | 0,874 | 239,31 | 239,31 |  0,00 | 1,046 | 243,87 | 243,87 |  0,00 | 16,744 | 67,99 | 67,99 | 57,244 |   NaN | NaN | 0,00 | 0,00 | NaN
  37 |  0,00 | 8,594 | 604,19 | 604,19 | 635,20 |  0,00 | 0,251 | 44,35 | 44,35 |  0,00 | 8,539 | 247,69 | 247,69 |  0,00 | 15,991 | 244,16 | 244,16 |  0,00 | 75,557 | 67,99 | 67,99 | 188,344 |   NaN | NaN | 0,00 | 0,00 | NaN
  38 |  0,00 | 2,295 | 598,72 | 598,72 | 629,55 |  0,00 | 0,243 | 44,35 | 44,35 |  0,00 | 1,891 | 244,21 | 244,21 |  0,00 | 2,827 | 242,16 | 242,16 |  0,00 | 30,162 | 67,99 | 67,99 | 87,069 |   NaN | NaN | 0,00 | 0,00 | NaN
  39 |  0,00 | 6,144 | 593,74 | 593,74 | 630,39 |  0,00 | 0,286 | 44,35 | 44,35 |  0,00 | 5,402 | 241,85 | 241,85 |  0,00 | 11,475 | 239,54 | 239,54 |  0,00 | 57,615 | 67,99 | 67,99 | 152,175 |   NaN | NaN | 0,00 | 0,00 | NaN
  40 |  0,00 | 1,491 | 594,67 | 594,67 | 631,55 |  0,00 | 0,286 | 44,35 | 44,35 |  0,00 | 1,096 | 241,54 | 241,54 |  0,00 | 1,320 | 240,78 | 240,78 |  0,00 | 22,115 | 67,99 | 67,99 | 67,349 |   NaN | NaN | 0,00 | 0,00 | NaN
  41 |  0,00 | 10,862 | 601,54 | 601,54 | 634,03 |  0,00 | 0,269 | 44,35 | 44,35 |  0,00 | 10,851 | 242,63 | 242,63 |  0,00 | 20,228 | 246,57 | 246,57 |  0,00 | 95,003 | 67,99 | 67,99 | 214,593 |   NaN | NaN | 0,00 | 0,00 | NaN
  42 |  0,00 | 9,981 | 603,89 | 603,89 | 634,71 |  0,00 | 0,215 | 44,35 | 44,35 |  0,00 | 10,263 | 245,41 | 245,41 |  0,00 | 18,229 | 246,14 | 246,14 |  0,00 | 88,336 | 67,99 | 67,99 | 207,012 |   NaN | NaN | 0,00 | 0,00 | NaN
  43 |  0,00 | 5,907 | 603,20 | 603,20 | 638,91 |  0,00 | 0,293 | 44,35 | 44,35 |  0,00 | 5,097 | 245,16 | 245,16 |  0,00 | 11,163 | 245,70 | 245,70 |  0,00 | 54,089 | 67,99 | 67,99 | 145,299 |   NaN | NaN | 0,00 | 0,00 | NaN
  44 |  0,00 | 10,193 | 604,84 | 604,84 | 635,44 |  0,00 | 0,206 | 44,35 | 44,35 |  0,00 | 10,423 | 244,37 | 244,37 |  0,00 | 17,522 | 248,13 | 248,13 |  0,00 | 97,851 | 67,99 | 67,99 | 217,578 |   NaN | NaN | 0,00 | 0,00 | NaN
  45 |  0,00 | 10,516 | 602,54 | 602,54 | 640,66 |  0,00 | 0,289 | 44,35 | 44,35 |  0,00 | 10,214 | 249,17 | 249,17 |  0,00 | 20,195 | 241,03 | 241,03 |  0,00 | 90,875 | 67,99 | 67,99 | 210,117 |   NaN | NaN | 0,00 | 0,00 | NaN
  46 |  0,00 | 6,961 | 596,29 | 596,29 | 627,07 |  0,00 | 0,229 | 44,35 | 44,35 |  0,00 | 5,960 | 239,56 | 239,56 |  0,00 | 13,874 | 244,39 | 244,39 |  0,00 | 60,895 | 67,99 | 67,99 | 159,675 |   NaN | NaN | 0,00 | 0,00 | NaN
  47 |  0,00 | 10,450 | 594,88 | 594,88 | 625,91 |  0,00 | 0,226 | 44,35 | 44,35 |  0,00 | 10,867 | 243,49 | 243,49 |  0,00 | 18,098 | 239,05 | 239,05 |  0,00 | 99,874 | 67,99 | 67,99 | 218,004 |   NaN | NaN | 0,00 | 0,00 | NaN
  48 |  0,00 | 10,450 | 594,94 | 594,94 | 626,32 |  0,00 | 0,256 | 44,35 | 44,35 |  0,00 | 11,062 | 240,41 | 240,41 |  0,00 | 17,987 | 242,19 | 242,19 |  0,00 | 98,282 | 67,99 | 67,99 | 218,200 |   NaN | NaN | 0,00 | 0,00 | NaN
  49 |  0,00 | 9,769 | 595,35 | 595,35 | 627,77 |  0,00 | 0,268 | 44,35 | 44,35 |  0,00 | 9,954 | 242,07 | 242,07 |  0,00 | 15,941 | 240,94 | 240,94 |  0,00 | 100,117 | 67,99 | 67,99 | 217,790 |   NaN | NaN | 0,00 | 0,00 | NaN
  50 |  0,00 | 5,774 | 598,25 | 598,25 | 628,98 |  0,00 | 0,223 | 44,35 | 44,35 |  0,00 | 5,397 | 244,28 | 244,28 |  0,00 | 10,661 | 241,63 | 241,63 |  0,00 | 53,182 | 67,99 | 67,99 | 143,554 |   NaN | NaN | 0,00 | 0,00 | NaN
  51 |  0,00 | 10,134 | 597,89 | 597,89 | 628,86 |  0,00 | 0,221 | 44,35 | 44,35 |  0,00 | 10,106 | 241,20 | 241,20 |  0,00 | 18,071 | 244,35 | 244,35 |  0,00 | 95,158 | 67,99 | 67,99 | 214,708 |   NaN | NaN | 0,00 | 0,00 | NaN
  52 |  0,00 | 9,950 | 598,37 | 598,37 | 629,42 |  0,00 | 0,247 | 44,35 | 44,35 |  0,00 | 10,147 | 240,20 | 240,20 |  0,00 | 17,829 | 245,83 | 245,83 |  0,00 | 90,620 | 67,99 | 67,99 | 209,438 |   NaN | NaN | 0,00 | 0,00 | NaN
  53 |  0,00 | 8,771 | 600,22 | 600,22 | 631,05 |  0,00 | 0,234 | 44,35 | 44,35 |  0,00 | 8,590 | 243,61 | 243,61 |  0,00 | 16,956 | 244,27 | 244,27 |  0,00 | 73,916 | 67,99 | 67,99 | 184,840 |   NaN | NaN | 0,00 | 0,00 | NaN
  54 |  0,00 | 10,038 | 594,84 | 594,84 | 625,76 |  0,00 | 0,237 | 44,35 | 44,35 |  0,00 | 10,575 | 243,40 | 243,40 |  0,00 | 18,088 | 239,09 | 239,09 |  0,00 | 90,052 | 67,99 | 67,99 | 209,100 |   NaN | NaN | 0,00 | 0,00 | NaN
  55 |  0,00 | 2,549 | 600,05 | 600,05 | 630,75 |  0,00 | 0,222 | 44,35 | 44,35 |  0,00 | 1,931 | 242,95 | 242,95 |  0,00 | 3,669 | 244,76 | 244,76 |  0,00 | 31,654 | 67,99 | 67,99 | 91,661 |   NaN | NaN | 0,00 | 0,00 | NaN
  56 |  0,00 | 10,791 | 594,80 | 594,80 | 625,80 |  0,00 | 0,227 | 44,35 | 44,35 |  0,00 | 11,134 | 242,13 | 242,13 |  0,00 | 19,635 | 240,34 | 240,34 |  0,00 | 97,246 | 67,99 | 67,99 | 217,180 |   NaN | NaN | 0,00 | 0,00 | NaN
  57 |  0,00 | 10,026 | 598,44 | 598,44 | 629,47 |  0,00 | 0,225 | 44,35 | 44,35 |  0,00 | 10,312 | 242,29 | 242,29 |  0,00 | 16,669 | 243,81 | 243,81 |  0,00 | 100,220 | 67,99 | 67,99 | 218,969 |   NaN | NaN | 0,00 | 0,00 | NaN
  58 |  0,00 | 10,100 | 599,01 | 599,01 | 630,28 |  0,00 | 0,253 | 44,35 | 44,35 |  0,00 | 10,038 | 244,60 | 244,60 |  0,00 | 17,283 | 242,07 | 242,07 |  0,00 | 99,964 | 67,99 | 67,99 | 218,331 |   NaN | NaN | 0,00 | 0,00 | NaN
  59 |  0,00 | 1,070 | 603,81 | 603,81 | 636,98 |  0,00 | 0,273 | 44,35 | 44,35 |  0,00 | 0,773 | 243,37 | 243,37 |  0,00 | 0,934 | 248,10 | 248,10 |  0,00 | 15,161 | 67,99 | 67,99 | 53,070 |   NaN | NaN | 0,00 | 0,00 | NaN
  60 |  0,00 | 10,491 | 600,45 | 600,45 | 631,10 |  0,00 | 0,208 | 44,35 | 44,35 |  0,00 | 10,513 | 244,27 | 244,27 |  0,00 | 19,317 | 243,83 | 243,83 |  0,00 | 94,428 | 67,99 | 67,99 | 213,935 |   NaN | NaN | 0,00 | 0,00 | NaN
  61 |  0,00 | 7,823 | 602,93 | 602,93 | 633,78 |  0,00 | 0,230 | 44,35 | 44,35 |  0,00 | 7,461 | 245,38 | 245,38 |  0,00 | 14,648 | 245,20 | 245,20 |  0,00 | 70,045 | 67,99 | 67,99 | 177,980 |   NaN | NaN | 0,00 | 0,00 | NaN
  62 |  0,00 | 10,546 | 601,08 | 601,08 | 639,96 |  0,00 | 0,291 | 44,35 | 44,35 |  0,00 | 10,650 | 243,03 | 243,03 |  0,00 | 18,750 | 245,71 | 245,71 |  0,00 | 97,311 | 67,99 | 67,99 | 216,671 |   NaN | NaN | 0,00 | 0,00 | NaN
  63 |  0,00 | 3,049 | 602,45 | 602,45 | 633,29 |  0,00 | 0,247 | 44,35 | 44,35 |  0,00 | 2,523 | 246,24 | 246,24 |  0,00 | 4,600 | 243,87 | 243,87 |  0,00 | 35,337 | 67,99 | 67,99 | 102,146 |   NaN | NaN | 0,00 | 0,00 | NaN
  64 |  0,00 | 9,669 | 593,59 | 593,59 | 632,05 |  0,00 | 0,290 | 44,35 | 44,35 |  0,00 | 9,772 | 241,72 | 241,72 |  0,00 | 17,333 | 239,53 | 239,53 |  0,00 | 89,184 | 67,99 | 67,99 | 207,843 |   NaN | NaN | 0,00 | 0,00 | NaN

= = = = = = = = = = = = AVERAGE RESULTS system = = = = = = = = = = = =
meanPLR_system | 0,000000 
meanDelay_system | 5,106213 
meanLoad_system | 599,484526 
meanTHR_system | 599,484526 
meanGate_system | 632,060562 

meanPLR_EF_system | 0,000000 
meanPLR_AF_system | 0,000000 
meanPLR_BE_system | 0,000000 
meanPLR_FLA_system | 0,000000 
meanPLR_FLB_system | NaN 

meanTHR_EF_system | 44,352005 
meanTHR_AF_system | 243,704871 
meanTHR_BE_system | 243,437633 
meanTHR_FLA_system | 69,672196 
meanTHR_FLB_system | 0,000000 

meanLoad_EF_system | 44,352005 
meanLoad_AF_system | 243,704871 
meanLoad_BE_system | 243,437633 
meanLoad_FLA_system | 69,672196 
meanLoad_FLB_system | 0,000000 

meanDELAY_EF_system | 0,251687 
meanDELAY_AF_system | 4,897459 
meanDELAY_BE_system | 8,683673 
meanDELAY_FLA_system | 50,269128 
meanDELAY_FLB_system | NaN 
meanDELAY_CompleteFLA_system | 125,548089 
meanDELAY_CompleteFLB_system | NaN 

= = = = = = = = = = = = AVERAGE RESULTS = = = = = = = = = = = =
Packet Loss Ratio: 00,00 (%)
PROCESSED PACKAGES: 1283203913 
DISCARTED PACKAGES: 0 
TOTAL PACKAGES: 1283203913 
AVERAGE DELAY: 823,47 (ms) 
AVERAGE THROUGHPUT: 599,48 (Mbps) 
GRANTED THROUGHPUT: 40451,88 (Mbps) By 64 ONUs
EFFECTIVE THROUGHPUT: 38367,01 (Mbps) By 64 ONUs
TOTAL LOAD: 38367,01 (Mbps) By 64 ONUs
ON Arrival THROUGHPUT: 0,00 (Mbps) By 64 ONUs
FINISHTIMEFL: 121,253535 
FINISHTIME: 124,253535 


fileName | IPACT_STRICTPRIORITY_2_40_65_0 
