
ONU ID 	|  PLR(%) | Delay(ms) | Throughput(Mbps) | Granted Throughput(Mbps) | Total Load (Mbps) 

  ID |  PLR(%) |  D  | Thr |  Gates  |  Load  | PLR-EF | D-EF | ThrEF | LoadEF | PLR-AF | D-AF | ThrAF | LoadAF | PLR-BE | D-BE | ThrBE | LoadBE | PLR-FA | D-FA | ThrFA | LoadFA | DTFA |  PLR-FB | D-FB | ThrFB | LoadFB | DTFB | 
   1 |  0,00 | 1,599 | 691,14 | 691,14 | 709,08 |  0,00 | 0,524 | 44,35 | 44,35 |  0,00 | 0,531 | 304,08 | 304,08 |  0,00 | 2,093 | 295,67 | 295,67 |  0,00 | 30,490 | 47,04 | 47,04 | 85,308 |   NaN | NaN | 0,00 | 0,00 | NaN
   2 |  0,00 | 2,762 | 693,49 | 693,49 | 713,55 |  0,00 | 0,536 | 44,35 | 44,35 |  0,00 | 0,542 | 302,15 | 302,15 |  0,00 | 4,058 | 299,94 | 299,94 |  0,00 | 59,039 | 47,04 | 47,04 | 139,693 |   NaN | NaN | 0,00 | 0,00 | NaN
   3 |  0,00 | 2,595 | 688,18 | 688,18 | 705,08 |  0,00 | 0,473 | 44,35 | 44,35 |  0,00 | 0,469 | 299,94 | 299,94 |  0,00 | 3,541 | 296,85 | 296,85 |  0,00 | 59,782 | 47,04 | 47,04 | 128,758 |   NaN | NaN | 0,00 | 0,00 | NaN
   4 |  0,00 | 1,490 | 695,72 | 695,72 | 712,60 |  0,00 | 0,478 | 44,35 | 44,35 |  0,00 | 0,480 | 304,88 | 304,88 |  0,00 | 1,983 | 299,45 | 299,45 |  0,00 | 28,360 | 47,04 | 47,04 | 77,282 |   NaN | NaN | 0,00 | 0,00 | NaN
   5 |  0,00 | 6,915 | 689,84 | 689,84 | 706,89 |  0,00 | 0,504 | 44,35 | 44,35 |  0,00 | 0,502 | 299,48 | 299,48 |  0,00 | 12,532 | 298,96 | 298,96 |  0,00 | 146,113 | 47,04 | 47,04 | 273,498 |   NaN | NaN | 0,00 | 0,00 | NaN
   6 |  0,00 | 1,937 | 695,84 | 695,84 | 712,74 |  0,00 | 0,452 | 44,35 | 44,35 |  0,00 | 0,455 | 303,57 | 303,57 |  0,00 | 2,670 | 300,88 | 300,88 |  0,00 | 41,131 | 47,04 | 47,04 | 98,989 |   NaN | NaN | 0,00 | 0,00 | NaN
   7 |  0,00 | 1,939 | 691,06 | 691,06 | 707,93 |  0,00 | 0,471 | 44,35 | 44,35 |  0,00 | 0,466 | 300,59 | 300,59 |  0,00 | 2,525 | 299,08 | 299,08 |  0,00 | 42,316 | 47,04 | 47,04 | 106,284 |   NaN | NaN | 0,00 | 0,00 | NaN
   8 |  0,00 | 2,019 | 692,30 | 692,30 | 709,95 |  0,00 | 0,521 | 44,35 | 44,35 |  0,00 | 0,524 | 299,08 | 299,08 |  0,00 | 2,829 | 301,83 | 301,83 |  0,00 | 40,382 | 47,04 | 47,04 | 108,618 |   NaN | NaN | 0,00 | 0,00 | NaN
   9 |  0,00 | 1,506 | 694,37 | 694,37 | 711,23 |  0,00 | 0,461 | 44,35 | 44,35 |  0,00 | 0,460 | 302,78 | 302,78 |  0,00 | 2,134 | 300,20 | 300,20 |  0,00 | 27,729 | 47,04 | 47,04 | 75,829 |   NaN | NaN | 0,00 | 0,00 | NaN
  10 |  0,00 | 1,683 | 690,26 | 690,26 | 707,95 |  0,00 | 0,521 | 44,35 | 44,35 |  0,00 | 0,523 | 299,66 | 299,66 |  0,00 | 2,121 | 299,21 | 299,21 |  0,00 | 33,819 | 47,04 | 47,04 | 86,375 |   NaN | NaN | 0,00 | 0,00 | NaN
  11 |  0,00 | 16,941 | 688,74 | 688,74 | 705,71 |  0,00 | 0,461 | 44,35 | 44,35 |  0,00 | 0,462 | 296,71 | 296,71 |  0,00 | 47,824 | 300,64 | 300,64 |  0,00 | 173,915 | 47,04 | 47,04 | 389,460 |   NaN | NaN | 0,00 | 0,00 | NaN
  12 |  0,00 | 2,437 | 689,79 | 689,79 | 707,69 |  0,00 | 0,523 | 44,35 | 44,35 |  0,00 | 0,522 | 298,68 | 298,68 |  0,00 | 3,323 | 299,72 | 299,72 |  0,00 | 53,378 | 47,04 | 47,04 | 117,190 |   NaN | NaN | 0,00 | 0,00 | NaN
  13 |  0,00 | 2,633 | 685,77 | 685,77 | 702,72 |  0,00 | 0,488 | 44,35 | 44,35 |  0,00 | 0,489 | 297,90 | 297,90 |  0,00 | 3,752 | 296,47 | 296,47 |  0,00 | 58,243 | 47,04 | 47,04 | 137,984 |   NaN | NaN | 0,00 | 0,00 | NaN
  14 |  0,00 | 6,673 | 693,23 | 693,23 | 711,97 |  0,00 | 0,529 | 44,35 | 44,35 |  0,00 | 0,533 | 300,36 | 300,36 |  0,00 | 12,324 | 301,47 | 301,47 |  0,00 | 136,456 | 47,04 | 47,04 | 259,148 |   NaN | NaN | 0,00 | 0,00 | NaN
  15 |  0,00 | 1,834 | 689,49 | 689,49 | 707,41 |  0,00 | 0,523 | 44,35 | 44,35 |  0,00 | 0,526 | 295,77 | 295,77 |  0,00 | 2,495 | 302,33 | 302,33 |  0,00 | 35,788 | 47,04 | 47,04 | 98,870 |   NaN | NaN | 0,00 | 0,00 | NaN
  16 |  0,00 | 1,573 | 699,40 | 699,40 | 716,61 |  0,00 | 0,515 | 44,35 | 44,35 |  0,00 | 0,514 | 301,32 | 301,32 |  0,00 | 2,181 | 306,68 | 306,68 |  0,00 | 28,302 | 47,04 | 47,04 | 80,202 |   NaN | NaN | 0,00 | 0,00 | NaN
  17 |  0,00 | 1,587 | 693,90 | 693,90 | 712,30 |  0,00 | 0,527 | 44,35 | 44,35 |  0,00 | 0,527 | 301,87 | 301,87 |  0,00 | 1,817 | 300,63 | 300,63 |  0,00 | 33,064 | 47,04 | 47,04 | 84,316 |   NaN | NaN | 0,00 | 0,00 | NaN
  18 |  0,00 | 4,569 | 688,55 | 688,55 | 705,57 |  0,00 | 0,504 | 44,35 | 44,35 |  0,00 | 0,500 | 297,19 | 297,19 |  0,00 | 9,897 | 299,96 | 299,96 |  0,00 | 71,113 | 47,04 | 47,04 | 176,548 |   NaN | NaN | 0,00 | 0,00 | NaN
  19 |  0,00 | 13,519 | 684,61 | 684,61 | 701,61 |  0,00 | 0,495 | 44,35 | 44,35 |  0,00 | 0,487 | 295,82 | 295,82 |  0,00 | 34,232 | 297,40 | 297,40 |  0,00 | 184,328 | 47,04 | 47,04 | 386,476 |   NaN | NaN | 0,00 | 0,00 | NaN
  20 |  0,00 | 11,994 | 688,05 | 688,05 | 705,04 |  0,00 | 0,490 | 44,35 | 44,35 |  0,00 | 0,489 | 301,09 | 301,09 |  0,00 | 32,030 | 295,57 | 295,57 |  0,00 | 146,003 | 47,04 | 47,04 | 340,346 |   NaN | NaN | 0,00 | 0,00 | NaN
  21 |  0,00 | 1,462 | 681,30 | 681,30 | 698,24 |  0,00 | 0,495 | 44,35 | 44,35 |  0,00 | 0,489 | 295,05 | 295,05 |  0,00 | 1,508 | 294,85 | 294,85 |  0,00 | 31,958 | 47,04 | 47,04 | 83,166 |   NaN | NaN | 0,00 | 0,00 | NaN
  22 |  0,00 | 8,580 | 697,40 | 697,40 | 716,91 |  0,00 | 0,534 | 44,35 | 44,35 |  0,00 | 0,535 | 307,28 | 307,28 |  0,00 | 17,424 | 298,73 | 298,73 |  0,00 | 164,345 | 47,04 | 47,04 | 314,877 |   NaN | NaN | 0,00 | 0,00 | NaN
  23 |  0,00 | 16,011 | 691,81 | 691,81 | 709,10 |  0,00 | 0,516 | 44,35 | 44,35 |  0,00 | 0,516 | 300,44 | 300,44 |  0,00 | 41,750 | 299,97 | 299,97 |  0,00 | 206,232 | 47,04 | 47,04 | 419,597 |   NaN | NaN | 0,00 | 0,00 | NaN
  24 |  0,00 | 2,686 | 692,22 | 692,22 | 709,16 |  0,00 | 0,478 | 44,35 | 44,35 |  0,00 | 0,483 | 299,85 | 299,85 |  0,00 | 3,977 | 300,98 | 300,98 |  0,00 | 58,198 | 47,04 | 47,04 | 139,013 |   NaN | NaN | 0,00 | 0,00 | NaN
  25 |  0,00 | 1,754 | 697,18 | 697,18 | 716,98 |  0,00 | 0,535 | 44,35 | 44,35 |  0,00 | 0,538 | 300,28 | 300,28 |  0,00 | 2,746 | 305,51 | 305,51 |  0,00 | 28,880 | 47,04 | 47,04 | 79,713 |   NaN | NaN | 0,00 | 0,00 | NaN
  26 |  0,00 | 1,952 | 689,84 | 689,84 | 708,84 |  0,00 | 0,531 | 44,35 | 44,35 |  0,00 | 0,522 | 300,37 | 300,37 |  0,00 | 2,234 | 298,07 | 298,07 |  0,00 | 44,504 | 47,04 | 47,04 | 105,642 |   NaN | NaN | 0,00 | 0,00 | NaN
  27 |  0,00 | 3,782 | 687,03 | 687,03 | 703,93 |  0,00 | 0,458 | 44,35 | 44,35 |  0,00 | 0,463 | 299,83 | 299,83 |  0,00 | 7,546 | 295,80 | 295,80 |  0,00 | 66,188 | 47,04 | 47,04 | 163,849 |   NaN | NaN | 0,00 | 0,00 | NaN
  28 |  0,00 | 15,838 | 686,20 | 686,20 | 704,18 |  0,00 | 0,524 | 44,35 | 44,35 |  0,00 | 0,523 | 299,47 | 299,47 |  0,00 | 42,194 | 295,33 | 295,33 |  0,00 | 197,089 | 47,04 | 47,04 | 412,693 |   NaN | NaN | 0,00 | 0,00 | NaN
  29 |  0,00 | 16,919 | 694,92 | 694,92 | 711,96 |  0,00 | 0,503 | 44,35 | 44,35 |  0,00 | 0,504 | 301,28 | 301,28 |  0,00 | 46,832 | 302,24 | 302,24 |  0,00 | 184,710 | 47,04 | 47,04 | 407,872 |   NaN | NaN | 0,00 | 0,00 | NaN
  30 |  0,00 | 9,012 | 687,80 | 687,80 | 707,40 |  0,00 | 0,533 | 44,35 | 44,35 |  0,00 | 0,532 | 297,17 | 297,17 |  0,00 | 22,898 | 299,24 | 299,24 |  0,00 | 114,807 | 47,04 | 47,04 | 285,300 |   NaN | NaN | 0,00 | 0,00 | NaN
  31 |  0,00 | 16,212 | 689,80 | 689,80 | 706,84 |  0,00 | 0,501 | 44,35 | 44,35 |  0,00 | 0,502 | 301,86 | 301,86 |  0,00 | 43,306 | 296,54 | 296,54 |  0,00 | 201,610 | 47,04 | 47,04 | 419,648 |   NaN | NaN | 0,00 | 0,00 | NaN
  32 |  0,00 | 14,504 | 693,71 | 693,71 | 710,70 |  0,00 | 0,457 | 44,35 | 44,35 |  0,00 | 0,463 | 301,03 | 301,03 |  0,00 | 38,854 | 301,28 | 301,28 |  0,00 | 173,660 | 47,04 | 47,04 | 387,226 |   NaN | NaN | 0,00 | 0,00 | NaN
  33 |  0,00 | 12,100 | 689,23 | 689,23 | 707,02 |  0,00 | 0,522 | 44,35 | 44,35 |  0,00 | 0,524 | 299,08 | 299,08 |  0,00 | 32,890 | 298,76 | 298,76 |  0,00 | 135,907 | 47,04 | 47,04 | 331,958 |   NaN | NaN | 0,00 | 0,00 | NaN
  34 |  0,00 | 2,069 | 687,80 | 687,80 | 704,94 |  0,00 | 0,514 | 44,35 | 44,35 |  0,00 | 0,514 | 299,08 | 299,08 |  0,00 | 3,235 | 297,33 | 297,33 |  0,00 | 38,246 | 47,04 | 47,04 | 107,986 |   NaN | NaN | 0,00 | 0,00 | NaN
  35 |  0,00 | 1,442 | 695,97 | 695,97 | 712,85 |  0,00 | 0,463 | 44,35 | 44,35 |  0,00 | 0,459 | 302,53 | 302,53 |  0,00 | 1,878 | 302,05 | 302,05 |  0,00 | 27,855 | 47,04 | 47,04 | 77,182 |   NaN | NaN | 0,00 | 0,00 | NaN
  36 |  0,00 | 3,022 | 689,37 | 689,37 | 706,71 |  0,00 | 0,516 | 44,35 | 44,35 |  0,00 | 0,514 | 296,08 | 296,08 |  0,00 | 5,382 | 301,89 | 301,89 |  0,00 | 54,847 | 47,04 | 47,04 | 140,352 |   NaN | NaN | 0,00 | 0,00 | NaN
  37 |  0,00 | 15,126 | 696,23 | 696,23 | 713,23 |  0,00 | 0,499 | 44,35 | 44,35 |  0,00 | 0,496 | 303,66 | 303,66 |  0,00 | 41,241 | 301,17 | 301,17 |  0,00 | 173,639 | 47,04 | 47,04 | 383,236 |   NaN | NaN | 0,00 | 0,00 | NaN
  38 |  0,00 | 7,849 | 694,54 | 694,54 | 711,48 |  0,00 | 0,490 | 44,35 | 44,35 |  0,00 | 0,491 | 302,79 | 302,79 |  0,00 | 20,298 | 300,35 | 300,35 |  0,00 | 95,973 | 47,04 | 47,04 | 239,023 |   NaN | NaN | 0,00 | 0,00 | NaN
  39 |  0,00 | 13,320 | 682,60 | 682,60 | 702,12 |  0,00 | 0,533 | 44,35 | 44,35 |  0,00 | 0,533 | 296,67 | 296,67 |  0,00 | 36,837 | 294,54 | 294,54 |  0,00 | 146,279 | 47,04 | 47,04 | 350,535 |   NaN | NaN | 0,00 | 0,00 | NaN
  40 |  0,00 | 3,987 | 684,55 | 684,55 | 704,07 |  0,00 | 0,533 | 44,35 | 44,35 |  0,00 | 0,528 | 298,96 | 298,96 |  0,00 | 7,831 | 294,20 | 294,20 |  0,00 | 69,856 | 47,04 | 47,04 | 174,170 |   NaN | NaN | 0,00 | 0,00 | NaN
  41 |  0,00 | 17,340 | 695,80 | 695,80 | 713,25 |  0,00 | 0,516 | 44,35 | 44,35 |  0,00 | 0,515 | 298,17 | 298,17 |  0,00 | 46,713 | 306,24 | 306,24 |  0,00 | 197,769 | 47,04 | 47,04 | 413,191 |   NaN | NaN | 0,00 | 0,00 | NaN
  42 |  0,00 | 16,567 | 697,31 | 697,31 | 714,27 |  0,00 | 0,462 | 44,35 | 44,35 |  0,00 | 0,456 | 302,66 | 302,66 |  0,00 | 45,342 | 303,26 | 303,26 |  0,00 | 187,773 | 47,04 | 47,04 | 405,853 |   NaN | NaN | 0,00 | 0,00 | NaN
  43 |  0,00 | 14,018 | 698,62 | 698,62 | 717,97 |  0,00 | 0,541 | 44,35 | 44,35 |  0,00 | 0,542 | 304,30 | 304,30 |  0,00 | 39,305 | 302,92 | 302,92 |  0,00 | 143,717 | 47,04 | 47,04 | 346,666 |   NaN | NaN | 0,00 | 0,00 | NaN
  44 |  0,00 | 18,066 | 694,71 | 694,71 | 711,64 |  0,00 | 0,453 | 44,35 | 44,35 |  0,00 | 0,454 | 300,12 | 300,12 |  0,00 | 49,614 | 303,19 | 303,19 |  0,00 | 202,601 | 47,04 | 47,04 | 426,531 |   NaN | NaN | 0,00 | 0,00 | NaN
  45 |  0,00 | 16,880 | 689,59 | 689,59 | 709,95 |  0,00 | 0,537 | 44,35 | 44,35 |  0,00 | 0,547 | 303,21 | 303,21 |  0,00 | 46,160 | 294,98 | 294,98 |  0,00 | 199,363 | 47,04 | 47,04 | 425,751 |   NaN | NaN | 0,00 | 0,00 | NaN
  46 |  0,00 | 13,509 | 690,43 | 690,43 | 707,36 |  0,00 | 0,476 | 44,35 | 44,35 |  0,00 | 0,475 | 297,24 | 297,24 |  0,00 | 37,175 | 301,80 | 301,80 |  0,00 | 145,901 | 47,04 | 47,04 | 343,693 |   NaN | NaN | 0,00 | 0,00 | NaN
  47 |  0,00 | 15,630 | 688,63 | 688,63 | 705,58 |  0,00 | 0,474 | 44,35 | 44,35 |  0,00 | 0,464 | 299,21 | 299,21 |  0,00 | 41,982 | 298,02 | 298,02 |  0,00 | 189,056 | 47,04 | 47,04 | 395,319 |   NaN | NaN | 0,00 | 0,00 | NaN
  48 |  0,00 | 16,903 | 688,24 | 688,24 | 705,31 |  0,00 | 0,504 | 44,35 | 44,35 |  0,00 | 0,501 | 298,85 | 298,85 |  0,00 | 45,762 | 298,00 | 298,00 |  0,00 | 200,095 | 47,04 | 47,04 | 417,293 |   NaN | NaN | 0,00 | 0,00 | NaN
  49 |  0,00 | 16,616 | 688,11 | 688,11 | 705,53 |  0,00 | 0,516 | 44,35 | 44,35 |  0,00 | 0,520 | 299,15 | 299,15 |  0,00 | 44,209 | 297,57 | 297,57 |  0,00 | 205,959 | 47,04 | 47,04 | 419,838 |   NaN | NaN | 0,00 | 0,00 | NaN
  50 |  0,00 | 12,741 | 692,01 | 692,01 | 708,96 |  0,00 | 0,470 | 44,35 | 44,35 |  0,00 | 0,466 | 301,42 | 301,42 |  0,00 | 35,034 | 299,20 | 299,20 |  0,00 | 141,617 | 47,04 | 47,04 | 337,351 |   NaN | NaN | 0,00 | 0,00 | NaN
  51 |  0,00 | 15,630 | 691,54 | 691,54 | 708,49 |  0,00 | 0,468 | 44,35 | 44,35 |  0,00 | 0,464 | 298,56 | 298,56 |  0,00 | 42,156 | 301,59 | 301,59 |  0,00 | 182,878 | 47,04 | 47,04 | 393,796 |   NaN | NaN | 0,00 | 0,00 | NaN
  52 |  0,00 | 15,491 | 691,88 | 691,88 | 708,87 |  0,00 | 0,495 | 44,35 | 44,35 |  0,00 | 0,488 | 296,34 | 296,34 |  0,00 | 41,042 | 304,15 | 304,15 |  0,00 | 185,204 | 47,04 | 47,04 | 398,780 |   NaN | NaN | 0,00 | 0,00 | NaN
  53 |  0,00 | 14,279 | 691,73 | 691,73 | 708,69 |  0,00 | 0,482 | 44,35 | 44,35 |  0,00 | 0,484 | 301,55 | 301,55 |  0,00 | 38,224 | 298,79 | 298,79 |  0,00 | 173,068 | 47,04 | 47,04 | 384,505 |   NaN | NaN | 0,00 | 0,00 | NaN
  54 |  0,00 | 13,853 | 686,30 | 686,30 | 703,27 |  0,00 | 0,484 | 44,35 | 44,35 |  0,00 | 0,473 | 299,61 | 299,61 |  0,00 | 35,900 | 295,30 | 295,30 |  0,00 | 183,665 | 47,04 | 47,04 | 390,433 |   NaN | NaN | 0,00 | 0,00 | NaN
  55 |  0,00 | 7,161 | 686,32 | 686,32 | 703,23 |  0,00 | 0,470 | 44,35 | 44,35 |  0,00 | 0,468 | 296,40 | 296,40 |  0,00 | 17,670 | 298,52 | 298,52 |  0,00 | 96,187 | 47,04 | 47,04 | 243,485 |   NaN | NaN | 0,00 | 0,00 | NaN
  56 |  0,00 | 16,330 | 685,65 | 685,65 | 702,60 |  0,00 | 0,475 | 44,35 | 44,35 |  0,00 | 0,483 | 297,41 | 297,41 |  0,00 | 43,788 | 296,84 | 296,84 |  0,00 | 198,862 | 47,04 | 47,04 | 425,067 |   NaN | NaN | 0,00 | 0,00 | NaN
  57 |  0,00 | 16,646 | 688,87 | 688,87 | 705,82 |  0,00 | 0,472 | 44,35 | 44,35 |  0,00 | 0,472 | 297,87 | 297,87 |  0,00 | 44,843 | 299,61 | 299,61 |  0,00 | 197,999 | 47,04 | 47,04 | 409,241 |   NaN | NaN | 0,00 | 0,00 | NaN
  58 |  0,00 | 15,598 | 692,60 | 692,60 | 709,66 |  0,00 | 0,501 | 44,35 | 44,35 |  0,00 | 0,504 | 301,63 | 301,63 |  0,00 | 40,641 | 299,58 | 299,58 |  0,00 | 202,444 | 47,04 | 47,04 | 421,752 |   NaN | NaN | 0,00 | 0,00 | NaN
  59 |  0,00 | 2,131 | 695,88 | 695,88 | 713,45 |  0,00 | 0,520 | 44,35 | 44,35 |  0,00 | 0,522 | 298,77 | 298,77 |  0,00 | 3,102 | 305,72 | 305,72 |  0,00 | 42,041 | 47,04 | 47,04 | 113,870 |   NaN | NaN | 0,00 | 0,00 | NaN
  60 |  0,00 | 16,852 | 690,45 | 690,45 | 707,38 |  0,00 | 0,455 | 44,35 | 44,35 |  0,00 | 0,452 | 300,14 | 300,14 |  0,00 | 45,792 | 298,91 | 298,91 |  0,00 | 198,764 | 47,04 | 47,04 | 416,281 |   NaN | NaN | 0,00 | 0,00 | NaN
  61 |  0,00 | 14,343 | 695,01 | 695,01 | 711,97 |  0,00 | 0,477 | 44,35 | 44,35 |  0,00 | 0,471 | 301,16 | 301,16 |  0,00 | 39,307 | 302,46 | 302,46 |  0,00 | 159,464 | 47,04 | 47,04 | 368,910 |   NaN | NaN | 0,00 | 0,00 | NaN
  62 |  0,00 | 17,180 | 693,83 | 693,83 | 714,51 |  0,00 | 0,539 | 44,35 | 44,35 |  0,00 | 0,536 | 300,34 | 300,34 |  0,00 | 46,356 | 302,09 | 302,09 |  0,00 | 200,728 | 47,04 | 47,04 | 416,097 |   NaN | NaN | 0,00 | 0,00 | NaN
  63 |  0,00 | 9,495 | 691,10 | 691,10 | 708,06 |  0,00 | 0,494 | 44,35 | 44,35 |  0,00 | 0,487 | 301,44 | 301,44 |  0,00 | 24,964 | 298,27 | 298,27 |  0,00 | 115,213 | 47,04 | 47,04 | 286,566 |   NaN | NaN | 0,00 | 0,00 | NaN
  64 |  0,00 | 16,848 | 685,82 | 685,82 | 706,27 |  0,00 | 0,537 | 44,35 | 44,35 |  0,00 | 0,531 | 297,27 | 297,27 |  0,00 | 45,757 | 297,15 | 297,15 |  0,00 | 196,563 | 47,04 | 47,04 | 414,495 |   NaN | NaN | 0,00 | 0,00 | NaN

= = = = = = = = = = = = AVERAGE RESULTS system = = = = = = = = = = = =
meanPLR_system | 0,000000 
meanDelay_system | 9,467786 
meanLoad_system | 690,994333 
meanTHR_system | 690,994333 
meanGate_system | 708,630486 

meanPLR_EF_system | 0,000000 
meanPLR_AF_system | 0,000000 
meanPLR_BE_system | 0,000000 
meanPLR_FLA_system | 0,000000 
meanPLR_FLB_system | NaN 

meanTHR_EF_system | 44,352001 
meanTHR_AF_system | 299,976762 
meanTHR_BE_system | 299,623443 
meanTHR_FLA_system | 47,931810 
meanTHR_FLB_system | 0,000000 

meanLoad_EF_system | 44,352001 
meanLoad_AF_system | 299,976762 
meanLoad_BE_system | 299,623443 
meanLoad_FLA_system | 47,931810 
meanLoad_FLB_system | 0,000000 

meanDELAY_EF_system | 0,499192 
meanDELAY_AF_system | 0,498488 
meanDELAY_BE_system | 24,188390 
meanDELAY_FLA_system | 121,741640 
meanDELAY_FLB_system | NaN 
meanDELAY_CompleteFLA_system | 270,140275 
meanDELAY_CompleteFLB_system | NaN 

= = = = = = = = = = = = AVERAGE RESULTS = = = = = = = = = = = =
Packet Loss Ratio: 00,00 (%)
PROCESSED PACKAGES: 1833778003 
DISCARTED PACKAGES: 0 
TOTAL PACKAGES: 1833778003 
AVERAGE DELAY: 1678,19 (ms) 
AVERAGE THROUGHPUT: 690,99 (Mbps) 
GRANTED THROUGHPUT: 45352,35 (Mbps) By 64 ONUs
EFFECTIVE THROUGHPUT: 44223,64 (Mbps) By 64 ONUs
TOTAL LOAD: 44223,64 (Mbps) By 64 ONUs
ON Arrival THROUGHPUT: 0,00 (Mbps) By 64 ONUs
FINISHTIMEFL: 158,625348 
FINISHTIME: 161,625348 


fileName | IPACT_STRICTPRIORITYFIRSTAF_3_36_80_0 
