
ONU ID 	|  PLR(%) | Delay(ms) | Throughput(Mbps) | Granted Throughput(Mbps) | Total Load (Mbps) 

  ID |  PLR(%) |  D  | Thr |  Gates  |  Load  | PLR-EF | D-EF | ThrEF | LoadEF | PLR-AF | D-AF | ThrAF | LoadAF | PLR-BE | D-BE | ThrBE | LoadBE | PLR-FA | D-FA | ThrFA | LoadFA | DTFA |  PLR-FB | D-FB | ThrFB | LoadFB | DTFB | 
   1 |  0,00 | 0,282 | 488,38 | 488,38 | 531,96 |  0,00 | 0,132 | 44,35 | 44,35 |  0,00 | 0,131 | 209,82 | 209,82 |  0,00 | 0,295 | 205,59 | 205,59 |  0,00 | 7,226 | 28,62 | 28,62 | 35,373 |   NaN | NaN | 0,00 | 0,00 | NaN
   2 |  0,00 | 0,390 | 487,06 | 487,06 | 535,74 |  0,00 | 0,143 | 44,35 | 44,35 |  0,00 | 0,142 | 208,81 | 208,81 |  0,00 | 0,357 | 205,28 | 205,28 |  0,00 | 12,435 | 28,62 | 28,62 | 45,871 |   NaN | NaN | 0,00 | 0,00 | NaN
   3 |  0,00 | 0,262 | 482,88 | 482,88 | 521,11 |  0,00 | 0,080 | 44,35 | 44,35 |  0,00 | 0,079 | 204,39 | 204,39 |  0,00 | 0,365 | 205,51 | 205,51 |  0,00 | 7,342 | 28,62 | 28,62 | 35,716 |   NaN | NaN | 0,00 | 0,00 | NaN
   4 |  0,00 | 0,260 | 488,25 | 488,25 | 526,52 |  0,00 | 0,086 | 44,35 | 44,35 |  0,00 | 0,084 | 208,83 | 208,83 |  0,00 | 0,359 | 206,46 | 206,46 |  0,00 | 7,117 | 28,62 | 28,62 | 35,227 |   NaN | NaN | 0,00 | 0,00 | NaN
   5 |  0,00 | 0,272 | 483,50 | 483,50 | 522,94 |  0,00 | 0,111 | 44,35 | 44,35 |  0,00 | 0,110 | 206,07 | 206,07 |  0,00 | 0,330 | 204,46 | 204,46 |  0,00 | 7,034 | 28,62 | 28,62 | 35,010 |   NaN | NaN | 0,00 | 0,00 | NaN
   6 |  0,00 | 0,279 | 486,78 | 486,78 | 523,62 |  0,00 | 0,064 | 44,35 | 44,35 |  0,00 | 0,063 | 207,71 | 207,71 |  0,00 | 0,396 | 206,11 | 206,11 |  0,00 | 8,753 | 28,62 | 28,62 | 38,496 |   NaN | NaN | 0,00 | 0,00 | NaN
   7 |  0,00 | 0,260 | 485,58 | 485,58 | 523,79 |  0,00 | 0,079 | 44,35 | 44,35 |  0,00 | 0,077 | 206,12 | 206,12 |  0,00 | 0,362 | 206,50 | 206,50 |  0,00 | 7,372 | 28,62 | 28,62 | 36,064 |   NaN | NaN | 0,00 | 0,00 | NaN
   8 |  0,00 | 0,281 | 489,00 | 489,00 | 531,66 |  0,00 | 0,128 | 44,35 | 44,35 |  0,00 | 0,127 | 207,46 | 207,46 |  0,00 | 0,300 | 208,57 | 208,57 |  0,00 | 7,183 | 28,62 | 28,62 | 35,419 |   NaN | NaN | 0,00 | 0,00 | NaN
   9 |  0,00 | 0,262 | 487,06 | 487,06 | 524,91 |  0,00 | 0,069 | 44,35 | 44,35 |  0,00 | 0,068 | 206,78 | 206,78 |  0,00 | 0,380 | 207,31 | 207,31 |  0,00 | 7,711 | 28,62 | 28,62 | 36,451 |   NaN | NaN | 0,00 | 0,00 | NaN
  10 |  0,00 | 0,280 | 485,56 | 485,56 | 528,31 |  0,00 | 0,129 | 44,35 | 44,35 |  0,00 | 0,127 | 207,24 | 207,24 |  0,00 | 0,301 | 205,35 | 205,35 |  0,00 | 7,124 | 28,62 | 28,62 | 35,198 |   NaN | NaN | 0,00 | 0,00 | NaN
  11 |  0,00 | 0,456 | 485,15 | 485,15 | 523,14 |  0,00 | 0,070 | 44,35 | 44,35 |  0,00 | 0,068 | 205,88 | 205,88 |  0,00 | 0,477 | 206,31 | 206,31 |  0,00 | 18,262 | 28,62 | 28,62 | 52,989 |   NaN | NaN | 0,00 | 0,00 | NaN
  12 |  0,00 | 0,281 | 486,26 | 486,26 | 529,71 |  0,00 | 0,131 | 44,35 | 44,35 |  0,00 | 0,129 | 206,46 | 206,46 |  0,00 | 0,299 | 206,83 | 206,83 |  0,00 | 7,098 | 28,62 | 28,62 | 35,218 |   NaN | NaN | 0,00 | 0,00 | NaN
  13 |  0,00 | 0,361 | 480,27 | 480,27 | 518,81 |  0,00 | 0,096 | 44,35 | 44,35 |  0,00 | 0,094 | 205,02 | 205,02 |  0,00 | 0,395 | 202,28 | 202,28 |  0,00 | 12,339 | 28,62 | 28,62 | 45,868 |   NaN | NaN | 0,00 | 0,00 | NaN
  14 |  0,00 | 0,282 | 488,04 | 488,04 | 533,61 |  0,00 | 0,136 | 44,35 | 44,35 |  0,00 | 0,135 | 206,96 | 206,96 |  0,00 | 0,292 | 208,11 | 208,11 |  0,00 | 6,967 | 28,62 | 28,62 | 34,916 |   NaN | NaN | 0,00 | 0,00 | NaN
  15 |  0,00 | 0,281 | 485,11 | 485,11 | 528,62 |  0,00 | 0,130 | 44,35 | 44,35 |  0,00 | 0,130 | 203,76 | 203,76 |  0,00 | 0,293 | 208,38 | 208,38 |  0,00 | 7,145 | 28,62 | 28,62 | 35,355 |   NaN | NaN | 0,00 | 0,00 | NaN
  16 |  0,00 | 0,279 | 490,73 | 490,73 | 531,78 |  0,00 | 0,122 | 44,35 | 44,35 |  0,00 | 0,120 | 207,83 | 207,83 |  0,00 | 0,317 | 209,93 | 209,93 |  0,00 | 7,151 | 28,62 | 28,62 | 35,384 |   NaN | NaN | 0,00 | 0,00 | NaN
  17 |  0,00 | 0,286 | 486,39 | 486,39 | 531,18 |  0,00 | 0,135 | 44,35 | 44,35 |  0,00 | 0,134 | 207,74 | 207,74 |  0,00 | 0,297 | 205,68 | 205,68 |  0,00 | 7,214 | 28,62 | 28,62 | 35,338 |   NaN | NaN | 0,00 | 0,00 | NaN
  18 |  0,00 | 0,295 | 483,72 | 483,72 | 523,19 |  0,00 | 0,112 | 44,35 | 44,35 |  0,00 | 0,111 | 205,80 | 205,80 |  0,00 | 0,336 | 204,96 | 204,96 |  0,00 | 8,308 | 28,62 | 28,62 | 37,054 |   NaN | NaN | 0,00 | 0,00 | NaN
  19 |  0,00 | 0,272 | 481,11 | 481,11 | 519,91 |  0,00 | 0,103 | 44,35 | 44,35 |  0,00 | 0,101 | 203,49 | 203,49 |  0,00 | 0,331 | 204,65 | 204,65 |  0,00 | 7,372 | 28,62 | 28,62 | 35,690 |   NaN | NaN | 0,00 | 0,00 | NaN
  20 |  0,00 | 0,539 | 481,11 | 481,11 | 519,72 |  0,00 | 0,098 | 44,35 | 44,35 |  0,00 | 0,097 | 206,05 | 206,05 |  0,00 | 0,531 | 202,09 | 202,09 |  0,00 | 21,246 | 28,62 | 28,62 | 60,253 |   NaN | NaN | 0,00 | 0,00 | NaN
  21 |  0,00 | 0,269 | 479,72 | 479,72 | 518,45 |  0,00 | 0,103 | 44,35 | 44,35 |  0,00 | 0,101 | 204,27 | 204,27 |  0,00 | 0,329 | 202,48 | 202,48 |  0,00 | 7,242 | 28,62 | 28,62 | 35,545 |   NaN | NaN | 0,00 | 0,00 | NaN
  22 |  0,00 | 0,285 | 488,08 | 488,08 | 535,57 |  0,00 | 0,141 | 44,35 | 44,35 |  0,00 | 0,140 | 209,70 | 209,70 |  0,00 | 0,287 | 205,41 | 205,41 |  0,00 | 7,054 | 28,62 | 28,62 | 35,086 |   NaN | NaN | 0,00 | 0,00 | NaN
  23 |  0,00 | 0,763 | 486,67 | 486,67 | 527,99 |  0,00 | 0,123 | 44,35 | 44,35 |  0,00 | 0,122 | 207,15 | 207,15 |  0,00 | 0,708 | 206,56 | 206,56 |  0,00 | 31,523 | 28,62 | 28,62 | 81,576 |   NaN | NaN | 0,00 | 0,00 | NaN
  24 |  0,00 | 0,353 | 488,94 | 488,94 | 527,29 |  0,00 | 0,085 | 44,35 | 44,35 |  0,00 | 0,084 | 207,40 | 207,40 |  0,00 | 0,402 | 208,58 | 208,58 |  0,00 | 12,228 | 28,62 | 28,62 | 45,719 |   NaN | NaN | 0,00 | 0,00 | NaN
  25 |  0,00 | 0,289 | 487,14 | 487,14 | 535,32 |  0,00 | 0,142 | 44,35 | 44,35 |  0,00 | 0,141 | 204,48 | 204,48 |  0,00 | 0,285 | 209,69 | 209,69 |  0,00 | 7,190 | 28,62 | 28,62 | 35,432 |   NaN | NaN | 0,00 | 0,00 | NaN
  26 |  0,00 | 0,302 | 484,29 | 484,29 | 530,69 |  0,00 | 0,138 | 44,35 | 44,35 |  0,00 | 0,138 | 206,21 | 206,21 |  0,00 | 0,300 | 205,12 | 205,12 |  0,00 | 8,003 | 28,62 | 28,62 | 36,487 |   NaN | NaN | 0,00 | 0,00 | NaN
  27 |  0,00 | 0,283 | 483,55 | 483,55 | 521,08 |  0,00 | 0,067 | 44,35 | 44,35 |  0,00 | 0,065 | 207,02 | 207,02 |  0,00 | 0,410 | 203,57 | 203,57 |  0,00 | 8,695 | 28,62 | 28,62 | 39,191 |   NaN | NaN | 0,00 | 0,00 | NaN
  28 |  0,00 | 0,751 | 481,52 | 481,52 | 525,18 |  0,00 | 0,131 | 44,35 | 44,35 |  0,00 | 0,130 | 205,77 | 205,77 |  0,00 | 0,718 | 202,78 | 202,78 |  0,00 | 30,165 | 28,62 | 28,62 | 81,295 |   NaN | NaN | 0,00 | 0,00 | NaN
  29 |  0,00 | 0,438 | 485,98 | 485,98 | 525,34 |  0,00 | 0,111 | 44,35 | 44,35 |  0,00 | 0,109 | 205,43 | 205,43 |  0,00 | 0,469 | 207,59 | 207,59 |  0,00 | 15,355 | 28,62 | 28,62 | 56,779 |   NaN | NaN | 0,00 | 0,00 | NaN
  30 |  0,00 | 0,334 | 484,35 | 484,35 | 531,98 |  0,00 | 0,141 | 44,35 | 44,35 |  0,00 | 0,140 | 205,46 | 205,46 |  0,00 | 0,313 | 205,92 | 205,92 |  0,00 | 9,645 | 28,62 | 28,62 | 40,469 |   NaN | NaN | 0,00 | 0,00 | NaN
  31 |  0,00 | 0,766 | 483,88 | 483,88 | 523,06 |  0,00 | 0,108 | 44,35 | 44,35 |  0,00 | 0,107 | 206,41 | 206,41 |  0,00 | 0,714 | 204,50 | 204,50 |  0,00 | 32,280 | 28,62 | 28,62 | 82,575 |   NaN | NaN | 0,00 | 0,00 | NaN
  32 |  0,00 | 0,484 | 486,83 | 486,83 | 524,45 |  0,00 | 0,067 | 44,35 | 44,35 |  0,00 | 0,065 | 206,53 | 206,53 |  0,00 | 0,534 | 207,34 | 207,34 |  0,00 | 19,346 | 28,62 | 28,62 | 58,097 |   NaN | NaN | 0,00 | 0,00 | NaN
  33 |  0,00 | 0,365 | 483,17 | 483,17 | 526,30 |  0,00 | 0,130 | 44,35 | 44,35 |  0,00 | 0,129 | 204,88 | 204,88 |  0,00 | 0,361 | 205,32 | 205,32 |  0,00 | 11,455 | 28,62 | 28,62 | 47,763 |   NaN | NaN | 0,00 | 0,00 | NaN
  34 |  0,00 | 0,281 | 484,92 | 484,92 | 525,77 |  0,00 | 0,121 | 44,35 | 44,35 |  0,00 | 0,120 | 205,46 | 205,46 |  0,00 | 0,312 | 206,49 | 206,49 |  0,00 | 7,330 | 28,62 | 28,62 | 35,835 |   NaN | NaN | 0,00 | 0,00 | NaN
  35 |  0,00 | 0,262 | 487,11 | 487,11 | 525,07 |  0,00 | 0,071 | 44,35 | 44,35 |  0,00 | 0,069 | 207,33 | 207,33 |  0,00 | 0,382 | 206,81 | 206,81 |  0,00 | 7,602 | 28,62 | 28,62 | 36,291 |   NaN | NaN | 0,00 | 0,00 | NaN
  36 |  0,00 | 0,285 | 483,95 | 483,95 | 525,33 |  0,00 | 0,123 | 44,35 | 44,35 |  0,00 | 0,122 | 204,78 | 204,78 |  0,00 | 0,303 | 206,20 | 206,20 |  0,00 | 7,606 | 28,62 | 28,62 | 36,084 |   NaN | NaN | 0,00 | 0,00 | NaN
  37 |  0,00 | 0,480 | 488,66 | 488,66 | 527,63 |  0,00 | 0,106 | 44,35 | 44,35 |  0,00 | 0,105 | 209,04 | 209,04 |  0,00 | 0,466 | 206,65 | 206,65 |  0,00 | 18,265 | 28,62 | 28,62 | 56,135 |   NaN | NaN | 0,00 | 0,00 | NaN
  38 |  0,00 | 0,318 | 488,81 | 488,81 | 527,43 |  0,00 | 0,098 | 44,35 | 44,35 |  0,00 | 0,097 | 207,59 | 207,59 |  0,00 | 0,369 | 208,25 | 208,25 |  0,00 | 9,955 | 28,62 | 28,62 | 40,778 |   NaN | NaN | 0,00 | 0,00 | NaN
  39 |  0,00 | 0,509 | 480,53 | 480,53 | 528,06 |  0,00 | 0,141 | 44,35 | 44,35 |  0,00 | 0,140 | 204,97 | 204,97 |  0,00 | 0,485 | 202,60 | 202,60 |  0,00 | 18,005 | 28,62 | 28,62 | 59,253 |   NaN | NaN | 0,00 | 0,00 | NaN
  40 |  0,00 | 0,328 | 480,56 | 480,56 | 528,04 |  0,00 | 0,141 | 44,35 | 44,35 |  0,00 | 0,140 | 205,48 | 205,48 |  0,00 | 0,315 | 202,12 | 202,12 |  0,00 | 9,284 | 28,62 | 28,62 | 38,959 |   NaN | NaN | 0,00 | 0,00 | NaN
  41 |  0,00 | 0,627 | 488,63 | 488,63 | 530,25 |  0,00 | 0,124 | 44,35 | 44,35 |  0,00 | 0,123 | 206,30 | 206,30 |  0,00 | 0,638 | 209,37 | 209,37 |  0,00 | 24,002 | 28,62 | 28,62 | 72,523 |   NaN | NaN | 0,00 | 0,00 | NaN
  42 |  0,00 | 0,410 | 487,79 | 487,79 | 525,74 |  0,00 | 0,071 | 44,35 | 44,35 |  0,00 | 0,069 | 207,22 | 207,22 |  0,00 | 0,516 | 207,60 | 207,60 |  0,00 | 14,850 | 28,62 | 28,62 | 56,884 |   NaN | NaN | 0,00 | 0,00 | NaN
  43 |  0,00 | 0,498 | 490,09 | 490,09 | 535,89 |  0,00 | 0,148 | 44,35 | 44,35 |  0,00 | 0,147 | 209,02 | 209,02 |  0,00 | 0,452 | 208,10 | 208,10 |  0,00 | 17,580 | 28,62 | 28,62 | 59,153 |   NaN | NaN | 0,00 | 0,00 | NaN
  44 |  0,00 | 0,713 | 487,08 | 487,08 | 523,97 |  0,00 | 0,065 | 44,35 | 44,35 |  0,00 | 0,064 | 206,52 | 206,52 |  0,00 | 0,762 | 207,59 | 207,59 |  0,00 | 30,443 | 28,62 | 28,62 | 81,974 |   NaN | NaN | 0,00 | 0,00 | NaN
  45 |  0,00 | 0,568 | 485,93 | 485,93 | 535,25 |  0,00 | 0,144 | 44,35 | 44,35 |  0,00 | 0,144 | 208,28 | 208,28 |  0,00 | 0,503 | 204,68 | 204,68 |  0,00 | 21,352 | 28,62 | 28,62 | 62,921 |   NaN | NaN | 0,00 | 0,00 | NaN
  46 |  0,00 | 0,509 | 485,30 | 485,30 | 523,55 |  0,00 | 0,084 | 44,35 | 44,35 |  0,00 | 0,083 | 205,75 | 205,75 |  0,00 | 0,525 | 206,57 | 206,57 |  0,00 | 20,195 | 28,62 | 28,62 | 59,354 |   NaN | NaN | 0,00 | 0,00 | NaN
  47 |  0,00 | 0,645 | 485,36 | 485,36 | 523,61 |  0,00 | 0,082 | 44,35 | 44,35 |  0,00 | 0,081 | 207,66 | 207,66 |  0,00 | 0,648 | 204,73 | 204,73 |  0,00 | 27,015 | 28,62 | 28,62 | 67,214 |   NaN | NaN | 0,00 | 0,00 | NaN
  48 |  0,00 | 0,736 | 483,75 | 483,75 | 523,19 |  0,00 | 0,111 | 44,35 | 44,35 |  0,00 | 0,110 | 205,44 | 205,44 |  0,00 | 0,742 | 205,34 | 205,34 |  0,00 | 29,901 | 28,62 | 28,62 | 80,810 |   NaN | NaN | 0,00 | 0,00 | NaN
  49 |  0,00 | 0,657 | 484,68 | 484,68 | 526,09 |  0,00 | 0,124 | 44,35 | 44,35 |  0,00 | 0,123 | 207,09 | 207,09 |  0,00 | 0,570 | 204,63 | 204,63 |  0,00 | 26,831 | 28,62 | 28,62 | 66,438 |   NaN | NaN | 0,00 | 0,00 | NaN
  50 |  0,00 | 0,464 | 486,52 | 486,52 | 524,73 |  0,00 | 0,078 | 44,35 | 44,35 |  0,00 | 0,077 | 208,29 | 208,29 |  0,00 | 0,560 | 205,27 | 205,27 |  0,00 | 17,274 | 28,62 | 28,62 | 57,726 |   NaN | NaN | 0,00 | 0,00 | NaN
  51 |  0,00 | 0,612 | 486,05 | 486,05 | 524,21 |  0,00 | 0,076 | 44,35 | 44,35 |  0,00 | 0,075 | 205,56 | 205,56 |  0,00 | 0,699 | 207,53 | 207,53 |  0,00 | 24,475 | 28,62 | 28,62 | 73,258 |   NaN | NaN | 0,00 | 0,00 | NaN
  52 |  0,00 | 0,571 | 483,05 | 483,05 | 521,92 |  0,00 | 0,102 | 44,35 | 44,35 |  0,00 | 0,101 | 203,65 | 203,65 |  0,00 | 0,584 | 206,43 | 206,43 |  0,00 | 22,264 | 28,62 | 28,62 | 65,703 |   NaN | NaN | 0,00 | 0,00 | NaN
  53 |  0,00 | 0,456 | 486,32 | 486,32 | 524,74 |  0,00 | 0,090 | 44,35 | 44,35 |  0,00 | 0,088 | 206,97 | 206,97 |  0,00 | 0,507 | 206,38 | 206,38 |  0,00 | 16,913 | 28,62 | 28,62 | 55,844 |   NaN | NaN | 0,00 | 0,00 | NaN
  54 |  0,00 | 0,553 | 483,20 | 483,20 | 521,65 |  0,00 | 0,092 | 44,35 | 44,35 |  0,00 | 0,091 | 206,46 | 206,46 |  0,00 | 0,572 | 203,77 | 203,77 |  0,00 | 21,892 | 28,62 | 28,62 | 64,896 |   NaN | NaN | 0,00 | 0,00 | NaN
  55 |  0,00 | 0,318 | 485,04 | 485,04 | 523,25 |  0,00 | 0,078 | 44,35 | 44,35 |  0,00 | 0,076 | 205,61 | 205,61 |  0,00 | 0,399 | 206,46 | 206,46 |  0,00 | 10,487 | 28,62 | 28,62 | 42,361 |   NaN | NaN | 0,00 | 0,00 | NaN
  56 |  0,00 | 0,659 | 483,59 | 483,59 | 521,86 |  0,00 | 0,083 | 44,35 | 44,35 |  0,00 | 0,083 | 204,64 | 204,64 |  0,00 | 0,703 | 205,98 | 205,98 |  0,00 | 26,977 | 28,62 | 28,62 | 76,191 |   NaN | NaN | 0,00 | 0,00 | NaN
  57 |  0,00 | 0,726 | 485,87 | 485,87 | 524,15 |  0,00 | 0,080 | 44,35 | 44,35 |  0,00 | 0,079 | 206,24 | 206,24 |  0,00 | 0,735 | 206,66 | 206,66 |  0,00 | 30,848 | 28,62 | 28,62 | 79,976 |   NaN | NaN | 0,00 | 0,00 | NaN
  58 |  0,00 | 0,741 | 485,34 | 485,34 | 524,59 |  0,00 | 0,109 | 44,35 | 44,35 |  0,00 | 0,108 | 205,78 | 205,78 |  0,00 | 0,750 | 206,59 | 206,59 |  0,00 | 30,222 | 28,62 | 28,62 | 81,495 |   NaN | NaN | 0,00 | 0,00 | NaN
  59 |  0,00 | 0,293 | 488,90 | 488,90 | 531,41 |  0,00 | 0,128 | 44,35 | 44,35 |  0,00 | 0,127 | 206,97 | 206,97 |  0,00 | 0,302 | 208,96 | 208,96 |  0,00 | 7,893 | 28,62 | 28,62 | 36,501 |   NaN | NaN | 0,00 | 0,00 | NaN
  60 |  0,00 | 0,582 | 485,46 | 485,46 | 522,72 |  0,00 | 0,066 | 44,35 | 44,35 |  0,00 | 0,064 | 206,64 | 206,64 |  0,00 | 0,660 | 205,85 | 205,85 |  0,00 | 23,735 | 28,62 | 28,62 | 71,379 |   NaN | NaN | 0,00 | 0,00 | NaN
  61 |  0,00 | 0,456 | 486,78 | 486,78 | 525,13 |  0,00 | 0,085 | 44,35 | 44,35 |  0,00 | 0,084 | 206,54 | 206,54 |  0,00 | 0,486 | 207,27 | 207,27 |  0,00 | 17,412 | 28,62 | 28,62 | 55,989 |   NaN | NaN | 0,00 | 0,00 | NaN
  62 |  0,00 | 0,747 | 487,31 | 487,31 | 537,37 |  0,00 | 0,146 | 44,35 | 44,35 |  0,00 | 0,146 | 207,38 | 207,38 |  0,00 | 0,665 | 206,97 | 206,97 |  0,00 | 30,012 | 28,62 | 28,62 | 81,115 |   NaN | NaN | 0,00 | 0,00 | NaN
  63 |  0,00 | 0,321 | 486,86 | 486,86 | 525,64 |  0,00 | 0,102 | 44,35 | 44,35 |  0,00 | 0,101 | 207,40 | 207,40 |  0,00 | 0,374 | 206,49 | 206,49 |  0,00 | 9,874 | 28,62 | 28,62 | 40,619 |   NaN | NaN | 0,00 | 0,00 | NaN
  64 |  0,00 | 0,572 | 482,48 | 482,48 | 532,23 |  0,00 | 0,145 | 44,35 | 44,35 |  0,00 | 0,143 | 204,07 | 204,07 |  0,00 | 0,498 | 205,43 | 205,43 |  0,00 | 21,537 | 28,62 | 28,62 | 63,818 |   NaN | NaN | 0,00 | 0,00 | NaN

= = = = = = = = = = = = AVERAGE RESULTS system = = = = = = = = = = = =
meanPLR_system | 0,000000 
meanDelay_system | 0,433413 
meanLoad_system | 485,500220 
meanTHR_system | 485,500220 
meanGate_system | 526,615372 

meanPLR_EF_system | 0,000000 
meanPLR_AF_system | 0,000000 
meanPLR_BE_system | 0,000000 
meanPLR_FLA_system | 0,000000 
meanPLR_FLB_system | NaN 

meanTHR_EF_system | 44,352001 
meanTHR_AF_system | 206,454266 
meanTHR_BE_system | 206,078055 
meanTHR_FLA_system | 29,037435 
meanTHR_FLB_system | 0,000000 

meanLoad_EF_system | 44,352001 
meanLoad_AF_system | 206,454266 
meanLoad_BE_system | 206,078055 
meanLoad_FLA_system | 29,037435 
meanLoad_FLB_system | 0,000000 

meanDELAY_EF_system | 0,107114 
meanDELAY_AF_system | 0,105927 
meanDELAY_BE_system | 0,458213 
meanDELAY_FLA_system | 15,384576 
meanDELAY_FLB_system | NaN 
meanDELAY_CompleteFLA_system | 51,724670 
meanDELAY_CompleteFLB_system | NaN 

= = = = = = = = = = = = AVERAGE RESULTS = = = = = = = = = = = =
Packet Loss Ratio: 00,00 (%)
PROCESSED PACKAGES: 1935835317 
DISCARTED PACKAGES: 0 
TOTAL PACKAGES: 1935835317 
AVERAGE DELAY: 63,43 (ms) 
AVERAGE THROUGHPUT: 485,50 (Mbps) 
GRANTED THROUGHPUT: 33703,38 (Mbps) By 64 ONUs
EFFECTIVE THROUGHPUT: 31072,01 (Mbps) By 64 ONUs
TOTAL LOAD: 31072,01 (Mbps) By 64 ONUs
ON Arrival THROUGHPUT: 0,00 (Mbps) By 64 ONUs
FINISHTIMEFL: 203,654351 
FINISHTIME: 206,654351 


fileName | IPACT_STRICTPRIORITYFIRSTAF_5_28_55_0 
