
ONU ID 	|  PLR(%) | Delay(ms) | Throughput(Mbps) | Granted Throughput(Mbps) | Total Load (Mbps) 

  ID |  PLR(%) |  D  | Thr |  Gates  |  Load  | PLR-EF | D-EF | ThrEF | LoadEF | PLR-AF | D-AF | ThrAF | LoadAF | PLR-BE | D-BE | ThrBE | LoadBE | PLR-FA | D-FA | ThrFA | LoadFA | DTFA |  PLR-FB | D-FB | ThrFB | LoadFB | DTFB | 
   1 |  5,68 | 283,734 | 754,84 | 800,29 | 759,41 |  0,00 | 1,408 | 44,35 | 44,35 |  0,00 | 16,820 | 365,17 | 365,17 | 12,76 | 1063,466 | 310,73 | 356,19 |  0,00 | 139,103 | 34,59 | 34,59 | 298,356 |   NaN | NaN | 0,00 | 0,00 | NaN
   2 |  6,01 | 274,977 | 754,44 | 802,64 | 758,75 |  0,00 | 1,420 | 44,35 | 44,35 |  0,00 | 5,087 | 365,32 | 365,32 | 13,45 | 1029,915 | 310,18 | 358,38 |  0,00 | 394,359 | 34,59 | 34,59 | 1206,920 |   NaN | NaN | 0,00 | 0,00 | NaN
   3 |  5,13 | 270,639 | 754,36 | 795,12 | 758,66 |  0,00 | 1,356 | 44,35 | 44,35 |  0,00 | 6,728 | 357,79 | 357,79 | 11,37 | 992,354 | 317,63 | 358,40 |  0,00 | 312,717 | 34,59 | 34,59 | 958,650 |   NaN | NaN | 0,00 | 0,00 | NaN
   4 |  6,16 | 287,090 | 754,59 | 804,16 | 759,15 |  0,00 | 1,362 | 44,35 | 44,35 |  0,00 | 16,356 | 364,14 | 364,14 | 13,73 | 1074,294 | 311,52 | 361,08 |  0,00 | 139,110 | 34,59 | 34,59 | 298,408 |   NaN | NaN | 0,00 | 0,00 | NaN
   5 |  5,34 | 267,904 | 753,92 | 796,47 | 758,20 |  0,00 | 1,387 | 44,35 | 44,35 |  0,00 | 2,905 | 359,59 | 359,59 | 11,89 | 973,652 | 315,39 | 357,94 |  0,00 | 641,991 | 34,59 | 34,59 | 1950,418 |   NaN | NaN | 0,00 | 0,00 | NaN
   6 |  5,92 | 277,020 | 754,85 | 802,31 | 759,12 |  0,00 | 1,336 | 44,35 | 44,35 |  0,00 | 4,559 | 362,97 | 362,97 | 13,17 | 1026,376 | 312,94 | 360,40 |  0,00 | 453,528 | 34,59 | 34,59 | 1384,853 |   NaN | NaN | 0,00 | 0,00 | NaN
   7 |  5,68 | 284,298 | 754,09 | 799,51 | 758,64 |  0,00 | 1,354 | 44,35 | 44,35 |  0,00 | 17,657 | 361,32 | 361,32 | 12,64 | 1053,529 | 313,84 | 359,25 |  0,00 | 143,565 | 34,59 | 34,59 | 324,517 |   NaN | NaN | 0,00 | 0,00 | NaN
   8 |  5,76 | 279,962 | 755,31 | 801,46 | 759,61 |  0,00 | 1,404 | 44,35 | 44,35 |  0,00 | 4,538 | 360,17 | 360,17 | 12,73 | 1029,920 | 316,21 | 362,35 |  0,00 | 405,358 | 34,59 | 34,59 | 1240,093 |   NaN | NaN | 0,00 | 0,00 | NaN
   9 |  5,96 | 281,945 | 755,07 | 802,90 | 759,45 |  0,00 | 1,344 | 44,35 | 44,35 |  0,00 | 11,475 | 361,70 | 361,70 | 13,20 | 1045,952 | 314,44 | 362,26 |  0,00 | 218,117 | 34,59 | 34,59 | 638,260 |   NaN | NaN | 0,00 | 0,00 | NaN
  10 |  5,32 | 274,416 | 754,78 | 797,21 | 759,35 |  0,00 | 1,405 | 44,35 | 44,35 |  0,00 | 16,714 | 359,64 | 359,64 | 11,83 | 1010,280 | 316,20 | 358,63 |  0,00 | 139,158 | 34,59 | 34,59 | 302,719 |   NaN | NaN | 0,00 | 0,00 | NaN
  11 |  5,41 | 272,574 | 754,00 | 797,13 | 758,28 |  0,00 | 1,345 | 44,35 | 44,35 |  0,00 | 2,039 | 357,02 | 357,02 | 11,94 | 965,877 | 318,05 | 361,17 |  0,00 | 961,018 | 34,59 | 34,59 | 2907,375 |   NaN | NaN | 0,00 | 0,00 | NaN
  12 |  5,70 | 273,826 | 755,45 | 801,15 | 759,75 |  0,00 | 1,407 | 44,35 | 44,35 |  0,00 | 3,204 | 360,41 | 360,41 | 12,63 | 1002,745 | 316,10 | 361,80 |  0,00 | 508,935 | 34,59 | 34,59 | 1550,925 |   NaN | NaN | 0,00 | 0,00 | NaN
  13 |  4,79 | 270,009 | 753,51 | 791,40 | 757,83 |  0,00 | 1,372 | 44,35 | 44,35 |  0,00 | 8,090 | 358,32 | 358,32 | 10,70 | 991,336 | 316,25 | 354,15 |  0,00 | 326,680 | 34,59 | 34,59 | 998,761 |   NaN | NaN | 0,00 | 0,00 | NaN
  14 |  6,03 | 274,491 | 753,30 | 801,62 | 757,60 |  0,00 | 1,413 | 44,35 | 44,35 |  0,00 | 2,635 | 361,41 | 361,41 | 13,38 | 1010,307 | 312,95 | 361,28 |  0,00 | 573,307 | 34,59 | 34,59 | 1744,207 |   NaN | NaN | 0,00 | 0,00 | NaN
  15 |  5,33 | 278,955 | 753,64 | 796,05 | 758,13 |  0,00 | 1,407 | 44,35 | 44,35 |  0,00 | 17,370 | 354,56 | 354,56 | 11,70 | 1012,296 | 320,14 | 362,55 |  0,00 | 155,208 | 34,59 | 34,59 | 396,751 |   NaN | NaN | 0,00 | 0,00 | NaN
  16 |  6,77 | 293,981 | 754,24 | 809,05 | 758,59 |  0,00 | 1,398 | 44,35 | 44,35 |  0,00 | 9,426 | 361,89 | 361,89 | 14,88 | 1093,831 | 313,42 | 368,23 |  0,00 | 271,866 | 34,59 | 34,59 | 816,752 |   NaN | NaN | 0,00 | 0,00 | NaN
  17 |  5,93 | 282,972 | 753,65 | 801,16 | 758,02 |  0,00 | 1,411 | 44,35 | 44,35 |  0,00 | 9,284 | 362,65 | 362,65 | 13,21 | 1055,704 | 312,07 | 359,57 |  0,00 | 271,100 | 34,59 | 34,59 | 808,313 |   NaN | NaN | 0,00 | 0,00 | NaN
  18 |  5,24 | 266,569 | 754,40 | 796,15 | 758,69 |  0,00 | 1,388 | 44,35 | 44,35 |  0,00 | 2,394 | 358,41 | 358,41 | 11,63 | 940,697 | 317,05 | 358,80 |  0,00 | 1059,369 | 34,59 | 34,59 | 3202,188 |   NaN | NaN | 0,00 | 0,00 | NaN
  19 |  4,45 | 261,247 | 754,45 | 789,56 | 758,72 |  0,00 | 1,379 | 44,35 | 44,35 |  0,00 | 2,031 | 353,88 | 353,88 |  9,84 | 921,575 | 321,63 | 356,75 |  0,00 | 821,863 | 34,59 | 34,59 | 2489,663 |   NaN | NaN | 0,00 | 0,00 | NaN
  20 |  4,94 | 255,525 | 753,94 | 793,08 | 758,22 |  0,00 | 1,374 | 44,35 | 44,35 |  0,00 | 2,454 | 360,30 | 360,30 | 11,06 | 911,352 | 314,70 | 353,84 |  0,00 | 950,109 | 34,59 | 34,59 | 2874,384 |   NaN | NaN | 0,00 | 0,00 | NaN
  21 |  4,29 | 258,416 | 753,73 | 787,51 | 758,27 |  0,00 | 1,379 | 44,35 | 44,35 |  0,00 | 17,773 | 355,72 | 355,72 |  9,57 | 939,204 | 319,07 | 352,86 |  0,00 | 140,694 | 34,59 | 34,59 | 319,792 |   NaN | NaN | 0,00 | 0,00 | NaN
  22 |  6,16 | 284,011 | 754,78 | 804,33 | 759,10 |  0,00 | 1,417 | 44,35 | 44,35 |  0,00 | 2,462 | 366,43 | 366,43 | 13,80 | 1058,693 | 309,41 | 358,96 |  0,00 | 597,737 | 34,59 | 34,59 | 1817,686 |   NaN | NaN | 0,00 | 0,00 | NaN
  23 |  5,62 | 278,069 | 754,76 | 799,72 | 759,05 |  0,00 | 1,400 | 44,35 | 44,35 |  0,00 | 2,187 | 360,67 | 360,67 | 12,49 | 1002,085 | 315,15 | 360,12 |  0,00 | 860,126 | 34,59 | 34,59 | 2604,636 |   NaN | NaN | 0,00 | 0,00 | NaN
  24 |  6,03 | 279,739 | 754,81 | 803,29 | 759,10 |  0,00 | 1,361 | 44,35 | 44,35 |  0,00 | 6,230 | 360,83 | 360,83 | 13,34 | 1031,513 | 315,05 | 363,52 |  0,00 | 386,215 | 34,59 | 34,59 | 1182,416 |   NaN | NaN | 0,00 | 0,00 | NaN
  25 |  6,15 | 291,758 | 754,38 | 803,78 | 758,87 |  0,00 | 1,418 | 44,35 | 44,35 |  0,00 | 12,488 | 358,79 | 358,79 | 13,49 | 1076,465 | 316,65 | 366,05 |  0,00 | 181,198 | 34,59 | 34,59 | 482,690 |   NaN | NaN | 0,00 | 0,00 | NaN
  26 |  5,19 | 279,555 | 754,48 | 795,75 | 759,01 |  0,00 | 1,415 | 44,35 | 44,35 |  0,00 | 18,111 | 359,34 | 359,34 | 11,55 | 1027,084 | 316,20 | 357,47 |  0,00 | 149,496 | 34,59 | 34,59 | 360,675 |   NaN | NaN | 0,00 | 0,00 | NaN
  27 |  5,20 | 263,033 | 754,64 | 796,05 | 758,92 |  0,00 | 1,341 | 44,35 | 44,35 |  0,00 | 1,890 | 361,78 | 361,78 | 11,65 | 938,428 | 313,92 | 355,33 |  0,00 | 1037,526 | 34,59 | 34,59 | 3136,847 |   NaN | NaN | 0,00 | 0,00 | NaN
  28 |  4,55 | 268,406 | 754,20 | 790,19 | 758,50 |  0,00 | 1,408 | 44,35 | 44,35 |  0,00 | 2,026 | 358,98 | 358,98 | 10,22 | 960,781 | 316,28 | 352,27 |  0,00 | 875,107 | 34,59 | 34,59 | 2649,406 |   NaN | NaN | 0,00 | 0,00 | NaN
  29 |  5,75 | 274,586 | 754,42 | 800,42 | 758,69 |  0,00 | 1,387 | 44,35 | 44,35 |  0,00 | 1,917 | 360,73 | 360,73 | 12,75 | 987,585 | 314,75 | 360,75 |  0,00 | 898,245 | 34,59 | 34,59 | 2719,134 |   NaN | NaN | 0,00 | 0,00 | NaN
  30 |  5,16 | 267,335 | 754,71 | 795,77 | 759,01 |  0,00 | 1,417 | 44,35 | 44,35 |  0,00 | 2,067 | 358,30 | 358,30 | 11,45 | 945,400 | 317,48 | 358,53 |  0,00 | 1017,031 | 34,59 | 34,59 | 3075,506 |   NaN | NaN | 0,00 | 0,00 | NaN
  31 |  5,09 | 268,095 | 754,90 | 795,37 | 759,19 |  0,00 | 1,384 | 44,35 | 44,35 |  0,00 | 2,046 | 360,66 | 360,66 | 11,38 | 962,384 | 315,31 | 355,78 |  0,00 | 885,484 | 34,59 | 34,59 | 2680,616 |   NaN | NaN | 0,00 | 0,00 | NaN
  32 |  5,67 | 271,192 | 755,67 | 801,13 | 759,96 |  0,00 | 1,341 | 44,35 | 44,35 |  0,00 | 2,500 | 360,61 | 360,61 | 12,57 | 968,450 | 316,13 | 361,58 |  0,00 | 945,205 | 34,59 | 34,59 | 2859,993 |   NaN | NaN | 0,00 | 0,00 | NaN
  33 |  5,09 | 261,687 | 754,29 | 794,77 | 758,58 |  0,00 | 1,406 | 44,35 | 44,35 |  0,00 | 2,403 | 356,90 | 356,90 | 11,28 | 924,358 | 318,45 | 358,93 |  0,00 | 948,320 | 34,59 | 34,59 | 2869,513 |   NaN | NaN | 0,00 | 0,00 | NaN
  34 |  5,26 | 267,983 | 754,72 | 796,59 | 758,99 |  0,00 | 1,397 | 44,35 | 44,35 |  0,00 | 1,909 | 359,41 | 359,41 | 11,69 | 947,212 | 316,37 | 358,24 |  0,00 | 1087,952 | 34,59 | 34,59 | 3288,105 |   NaN | NaN | 0,00 | 0,00 | NaN
  35 |  6,07 | 275,517 | 754,13 | 802,87 | 758,40 |  0,00 | 1,346 | 44,35 | 44,35 |  0,00 | 1,826 | 362,36 | 362,36 | 13,48 | 981,319 | 312,84 | 361,58 |  0,00 | 1168,048 | 34,59 | 34,59 | 3528,425 |   NaN | NaN | 0,00 | 0,00 | NaN
  36 |  5,23 | 261,004 | 754,44 | 796,04 | 758,73 |  0,00 | 1,400 | 44,35 | 44,35 |  0,00 | 1,946 | 356,06 | 356,06 | 11,52 | 914,169 | 319,45 | 361,05 |  0,00 | 1045,789 | 34,59 | 34,59 | 3161,667 |   NaN | NaN | 0,00 | 0,00 | NaN
  37 |  6,15 | 275,395 | 755,22 | 804,72 | 759,50 |  0,00 | 1,382 | 44,35 | 44,35 |  0,00 | 2,007 | 365,32 | 365,32 | 13,73 | 1000,329 | 310,96 | 360,47 |  0,00 | 956,318 | 34,59 | 34,59 | 2893,330 |   NaN | NaN | 0,00 | 0,00 | NaN
  38 |  6,00 | 275,441 | 755,08 | 803,25 | 759,36 |  0,00 | 1,374 | 44,35 | 44,35 |  0,00 | 1,698 | 361,69 | 361,69 | 13,29 | 988,103 | 314,45 | 362,62 |  0,00 | 981,338 | 34,59 | 34,59 | 2968,016 |   NaN | NaN | 0,00 | 0,00 | NaN
  39 |  4,16 | 259,524 | 755,09 | 787,82 | 759,41 |  0,00 | 1,417 | 44,35 | 44,35 |  0,00 | 1,708 | 356,47 | 356,47 |  9,29 | 912,154 | 319,68 | 352,42 |  0,00 | 984,846 | 34,59 | 34,59 | 2978,764 |   NaN | NaN | 0,00 | 0,00 | NaN
  40 |  4,62 | 260,743 | 753,69 | 790,19 | 757,97 |  0,00 | 1,417 | 44,35 | 44,35 |  0,00 | 1,831 | 359,40 | 359,40 | 10,37 | 925,264 | 315,35 | 351,85 |  0,00 | 1028,910 | 34,59 | 34,59 | 3111,213 |   NaN | NaN | 0,00 | 0,00 | NaN
  41 |  6,03 | 272,624 | 753,03 | 801,39 | 757,33 |  0,00 | 1,400 | 44,35 | 44,35 |  0,00 | 1,892 | 356,61 | 356,61 | 13,22 | 969,878 | 317,48 | 365,84 |  0,00 | 915,690 | 34,59 | 34,59 | 2771,638 |   NaN | NaN | 0,00 | 0,00 | NaN
  42 |  6,03 | 275,098 | 755,43 | 803,93 | 759,72 |  0,00 | 1,346 | 44,35 | 44,35 |  0,00 | 1,825 | 362,01 | 362,01 | 13,36 | 990,426 | 314,48 | 362,98 |  0,00 | 918,115 | 34,59 | 34,59 | 2778,693 |   NaN | NaN | 0,00 | 0,00 | NaN
  43 |  6,80 | 282,420 | 754,30 | 809,36 | 758,61 |  0,00 | 1,424 | 44,35 | 44,35 |  0,00 | 2,075 | 365,28 | 365,28 | 15,08 | 1026,651 | 310,09 | 365,14 |  0,00 | 992,557 | 34,59 | 34,59 | 3001,850 |   NaN | NaN | 0,00 | 0,00 | NaN
  44 |  5,89 | 281,673 | 755,02 | 802,30 | 759,30 |  0,00 | 1,337 | 44,35 | 44,35 |  0,00 | 2,658 | 359,88 | 359,88 | 13,01 | 1011,303 | 316,20 | 363,48 |  0,00 | 877,432 | 34,59 | 34,59 | 2656,261 |   NaN | NaN | 0,00 | 0,00 | NaN
  45 |  5,24 | 266,731 | 754,95 | 796,69 | 759,26 |  0,00 | 1,421 | 44,35 | 44,35 |  0,00 | 1,950 | 363,32 | 363,32 | 11,78 | 964,473 | 312,70 | 354,43 |  0,00 | 901,746 | 34,59 | 34,59 | 2729,654 |   NaN | NaN | 0,00 | 0,00 | NaN
  46 |  5,59 | 271,975 | 754,60 | 799,27 | 758,89 |  0,00 | 1,360 | 44,35 | 44,35 |  0,00 | 2,087 | 358,57 | 358,57 | 12,35 | 966,658 | 317,10 | 361,77 |  0,00 | 965,988 | 34,59 | 34,59 | 2922,107 |   NaN | NaN | 0,00 | 0,00 | NaN
  47 |  5,28 | 271,198 | 754,42 | 796,43 | 758,69 |  0,00 | 1,358 | 44,35 | 44,35 |  0,00 | 2,083 | 360,65 | 360,65 | 11,77 | 974,135 | 314,83 | 356,84 |  0,00 | 905,835 | 34,59 | 34,59 | 2741,551 |   NaN | NaN | 0,00 | 0,00 | NaN
  48 |  5,27 | 275,094 | 753,86 | 795,82 | 758,14 |  0,00 | 1,387 | 44,35 | 44,35 |  0,00 | 1,542 | 358,57 | 358,57 | 11,71 | 985,976 | 316,35 | 358,32 |  0,00 | 873,535 | 34,59 | 34,59 | 2644,904 |   NaN | NaN | 0,00 | 0,00 | NaN
  49 |  5,16 | 265,254 | 754,64 | 795,68 | 758,94 |  0,00 | 1,400 | 44,35 | 44,35 |  0,00 | 1,882 | 360,54 | 360,54 | 11,52 | 952,452 | 315,16 | 356,20 |  0,00 | 879,441 | 34,59 | 34,59 | 2662,349 |   NaN | NaN | 0,00 | 0,00 | NaN
  50 |  5,81 | 274,812 | 754,33 | 800,87 | 758,61 |  0,00 | 1,354 | 44,35 | 44,35 |  0,00 | 1,810 | 363,21 | 363,21 | 12,97 | 993,930 | 312,18 | 358,72 |  0,00 | 946,832 | 34,59 | 34,59 | 2864,516 |   NaN | NaN | 0,00 | 0,00 | NaN
  51 |  5,60 | 271,592 | 754,67 | 799,45 | 758,95 |  0,00 | 1,352 | 44,35 | 44,35 |  0,00 | 2,191 | 359,48 | 359,48 | 12,40 | 971,135 | 316,25 | 361,03 |  0,00 | 910,084 | 34,59 | 34,59 | 2754,573 |   NaN | NaN | 0,00 | 0,00 | NaN
  52 |  5,40 | 264,930 | 753,72 | 796,73 | 758,00 |  0,00 | 1,379 | 44,35 | 44,35 |  0,00 | 2,367 | 354,95 | 354,95 | 11,85 | 933,710 | 319,83 | 362,84 |  0,00 | 925,736 | 34,59 | 34,59 | 2801,698 |   NaN | NaN | 0,00 | 0,00 | NaN
  53 |  5,65 | 272,243 | 754,63 | 799,84 | 758,91 |  0,00 | 1,366 | 44,35 | 44,35 |  0,00 | 2,253 | 361,90 | 361,90 | 12,59 | 978,484 | 313,79 | 359,01 |  0,00 | 951,931 | 34,59 | 34,59 | 2880,117 |   NaN | NaN | 0,00 | 0,00 | NaN
  54 |  4,76 | 264,681 | 754,94 | 792,70 | 759,23 |  0,00 | 1,368 | 44,35 | 44,35 |  0,00 | 1,898 | 359,56 | 359,56 | 10,66 | 945,389 | 316,45 | 354,21 |  0,00 | 901,779 | 34,59 | 34,59 | 2729,567 |   NaN | NaN | 0,00 | 0,00 | NaN
  55 |  5,03 | 265,584 | 755,37 | 795,38 | 759,66 |  0,00 | 1,353 | 44,35 | 44,35 |  0,00 | 1,621 | 356,63 | 356,63 | 11,12 | 934,986 | 319,81 | 359,81 |  0,00 | 983,918 | 34,59 | 34,59 | 2976,032 |   NaN | NaN | 0,00 | 0,00 | NaN
  56 |  4,97 | 266,021 | 754,96 | 794,46 | 759,26 |  0,00 | 1,359 | 44,35 | 44,35 |  0,00 | 1,958 | 357,15 | 357,15 | 11,02 | 941,613 | 318,87 | 358,37 |  0,00 | 927,641 | 34,59 | 34,59 | 2807,051 |   NaN | NaN | 0,00 | 0,00 | NaN
  57 |  5,44 | 264,362 | 754,70 | 798,10 | 758,98 |  0,00 | 1,356 | 44,35 | 44,35 |  0,00 | 1,971 | 358,17 | 358,17 | 12,02 | 941,628 | 317,59 | 361,00 |  0,00 | 881,248 | 34,59 | 34,59 | 2667,998 |   NaN | NaN | 0,00 | 0,00 | NaN
  58 |  5,52 | 278,641 | 754,21 | 798,26 | 758,49 |  0,00 | 1,385 | 44,35 | 44,35 |  0,00 | 2,520 | 359,49 | 359,49 | 12,24 | 1000,197 | 315,78 | 359,84 |  0,00 | 873,821 | 34,59 | 34,59 | 2645,481 |   NaN | NaN | 0,00 | 0,00 | NaN
  59 |  6,11 | 279,405 | 755,16 | 804,30 | 759,42 |  0,00 | 1,404 | 44,35 | 44,35 |  0,00 | 1,592 | 359,48 | 359,48 | 13,43 | 990,169 | 316,74 | 365,89 |  0,00 | 1077,856 | 34,59 | 34,59 | 3257,709 |   NaN | NaN | 0,00 | 0,00 | NaN
  60 |  5,61 | 273,908 | 754,15 | 798,96 | 758,43 |  0,00 | 1,339 | 44,35 | 44,35 |  0,00 | 2,308 | 359,92 | 359,92 | 12,44 | 982,045 | 315,30 | 360,11 |  0,00 | 909,728 | 34,59 | 34,59 | 2753,343 |   NaN | NaN | 0,00 | 0,00 | NaN
  61 |  6,04 | 277,293 | 754,73 | 803,25 | 759,02 |  0,00 | 1,361 | 44,35 | 44,35 |  0,00 | 2,299 | 361,78 | 361,78 | 13,39 | 997,257 | 314,01 | 362,54 |  0,00 | 952,832 | 34,59 | 34,59 | 2882,854 |   NaN | NaN | 0,00 | 0,00 | NaN
  62 |  5,97 | 276,382 | 754,37 | 802,23 | 758,70 |  0,00 | 1,423 | 44,35 | 44,35 |  0,00 | 1,786 | 362,39 | 362,39 | 13,26 | 1001,253 | 313,05 | 360,90 |  0,00 | 876,318 | 34,59 | 34,59 | 2653,125 |   NaN | NaN | 0,00 | 0,00 | NaN
  63 |  5,68 | 274,837 | 754,29 | 799,68 | 758,57 |  0,00 | 1,378 | 44,35 | 44,35 |  0,00 | 2,201 | 362,28 | 362,28 | 12,66 | 985,710 | 313,08 | 358,46 |  0,00 | 1031,493 | 34,59 | 34,59 | 3118,738 |   NaN | NaN | 0,00 | 0,00 | NaN
  64 |  4,83 | 259,167 | 754,96 | 793,30 | 759,27 |  0,00 | 1,421 | 44,35 | 44,35 |  0,00 | 2,238 | 358,53 | 358,53 | 10,77 | 920,459 | 317,49 | 355,83 |  0,00 | 909,105 | 34,59 | 34,59 | 2751,776 |   NaN | NaN | 0,00 | 0,00 | NaN

= = = = = = = = = = = = AVERAGE RESULTS system = = = = = = = = = = = =
meanPLR_system | 5,510777 
meanDelay_system | 272,805418 
meanLoad_system | 798,536371 
meanTHR_system | 754,505760 
meanGate_system | 758,830234 

meanPLR_EF_system | 0,000000 
meanPLR_AF_system | 0,000000 
meanPLR_BE_system | 12,239238 
meanPLR_FLA_system | 0,000000 
meanPLR_FLB_system | NaN 

meanTHR_EF_system | 44,352004 
meanTHR_AF_system | 360,116074 
meanTHR_BE_system | 315,452679 
meanTHR_FLA_system | 35,160778 
meanTHR_FLB_system | 0,000000 

meanLoad_EF_system | 44,352004 
meanLoad_AF_system | 360,116074 
meanLoad_BE_system | 359,483290 
meanLoad_FLA_system | 35,160778 
meanLoad_FLB_system | 0,000000 

meanDELAY_EF_system | 1,382965 
meanDELAY_AF_system | 4,653110 
meanDELAY_BE_system | 985,255518 
meanDELAY_FLA_system | 739,886087 
meanDELAY_FLB_system | NaN 
meanDELAY_CompleteFLA_system | 2227,101918 
meanDELAY_CompleteFLB_system | NaN 

= = = = = = = = = = = = AVERAGE RESULTS = = = = = = = = = = = =
Packet Loss Ratio: 05,51 (%)
PROCESSED PACKAGES: 2206825169 
DISCARTED PACKAGES: 80518088 
TOTAL PACKAGES: 2287343257 
AVERAGE DELAY: 51346,90 (ms) 
AVERAGE THROUGHPUT: 754,51 (Mbps) 
GRANTED THROUGHPUT: 48565,13 (Mbps) By 64 ONUs
EFFECTIVE THROUGHPUT: 48288,37 (Mbps) By 64 ONUs
TOTAL LOAD: 51106,33 (Mbps) By 64 ONUs
ON Arrival THROUGHPUT: 0,00 (Mbps) By 64 ONUs
FINISHTIMEFL: 180,200793 
FINISHTIME: 183,200793 


fileName | IPACT_LBVARIBLETOKENSBYCYCLE_4_30_96_0 
