
ONU ID 	|  PLR(%) | Delay(ms) | Throughput(Mbps) | Granted Throughput(Mbps) | Total Load (Mbps) 

  ID |  PLR(%) |  D  | Thr |  Gates  |  Load  | PLR-EF | D-EF | ThrEF | LoadEF | PLR-AF | D-AF | ThrAF | LoadAF | PLR-BE | D-BE | ThrBE | LoadBE | PLR-FA | D-FA | ThrFA | LoadFA | DTFA |  PLR-FB | D-FB | ThrFB | LoadFB | DTFB | 
   1 |  6,65 | 280,883 | 751,47 | 805,03 | 756,79 |  0,00 | 1,407 | 44,35 | 44,35 |  0,00 | 48,824 | 324,13 | 324,13 | 17,05 | 1145,376 | 260,62 | 314,18 |  0,00 | 139,091 | 122,37 | 122,37 | 298,362 |   NaN | NaN | 0,00 | 0,00 | NaN
   2 |  6,54 | 270,590 | 751,46 | 804,08 | 756,83 |  0,00 | 1,419 | 44,35 | 44,35 |  0,00 | 49,718 | 317,44 | 317,44 | 16,45 | 1072,024 | 267,30 | 319,93 |  0,00 | 139,095 | 122,37 | 122,37 | 298,357 |   NaN | NaN | 0,00 | 0,00 | NaN
   3 |  7,01 | 273,523 | 751,87 | 808,51 | 757,18 |  0,00 | 1,356 | 44,35 | 44,35 |  0,00 | 53,577 | 322,17 | 322,17 | 17,72 | 1097,962 | 262,99 | 319,63 |  0,00 | 139,057 | 122,37 | 122,37 | 298,324 |   NaN | NaN | 0,00 | 0,00 | NaN
   4 |  7,12 | 276,165 | 751,93 | 809,55 | 757,26 |  0,00 | 1,361 | 44,35 | 44,35 |  0,00 | 53,507 | 325,92 | 325,92 | 18,18 | 1124,495 | 259,29 | 316,91 |  0,00 | 139,029 | 122,37 | 122,37 | 298,318 |   NaN | NaN | 0,00 | 0,00 | NaN
   5 |  6,05 | 267,624 | 752,98 | 801,48 | 758,30 |  0,00 | 1,387 | 44,35 | 44,35 |  0,00 | 53,971 | 318,69 | 318,69 | 15,34 | 1054,823 | 267,57 | 316,07 |  0,00 | 138,984 | 122,37 | 122,37 | 298,191 |   NaN | NaN | 0,00 | 0,00 | NaN
   6 |  6,80 | 275,159 | 754,43 | 809,51 | 759,74 |  0,00 | 1,335 | 44,35 | 44,35 |  0,00 | 49,546 | 322,45 | 322,45 | 17,19 | 1102,905 | 265,27 | 320,35 |  0,00 | 138,944 | 122,37 | 122,37 | 298,196 |   NaN | NaN | 0,00 | 0,00 | NaN
   7 |  6,38 | 278,165 | 753,06 | 804,39 | 758,38 |  0,00 | 1,354 | 44,35 | 44,35 |  0,00 | 49,025 | 319,30 | 319,30 | 16,12 | 1108,283 | 267,03 | 318,37 |  0,00 | 139,039 | 122,37 | 122,37 | 298,309 |   NaN | NaN | 0,00 | 0,00 | NaN
   8 |  7,12 | 281,414 | 751,43 | 809,01 | 756,78 |  0,00 | 1,404 | 44,35 | 44,35 |  0,00 | 48,123 | 319,37 | 319,37 | 17,83 | 1128,699 | 265,34 | 322,91 |  0,00 | 139,036 | 122,37 | 122,37 | 298,307 |   NaN | NaN | 0,00 | 0,00 | NaN
   9 |  6,50 | 277,290 | 754,33 | 806,79 | 759,65 |  0,00 | 1,343 | 44,35 | 44,35 |  0,00 | 53,467 | 322,19 | 322,19 | 16,50 | 1106,367 | 265,42 | 317,89 |  0,00 | 139,019 | 122,37 | 122,37 | 298,304 |   NaN | NaN | 0,00 | 0,00 | NaN
  10 |  6,24 | 274,444 | 754,26 | 804,49 | 759,58 |  0,00 | 1,404 | 44,35 | 44,35 |  0,00 | 54,360 | 319,99 | 319,99 | 15,81 | 1084,833 | 267,55 | 317,78 |  0,00 | 139,077 | 122,37 | 122,37 | 298,358 |   NaN | NaN | 0,00 | 0,00 | NaN
  11 |  5,75 | 269,133 | 751,30 | 797,17 | 756,61 |  0,00 | 1,344 | 44,35 | 44,35 |  0,00 | 49,554 | 313,05 | 313,05 | 14,45 | 1050,337 | 271,53 | 317,40 |  0,00 | 138,818 | 122,37 | 122,37 | 297,891 |   NaN | NaN | 0,00 | 0,00 | NaN
  12 |  6,69 | 281,115 | 753,85 | 807,90 | 759,21 |  0,00 | 1,406 | 44,35 | 44,35 |  0,00 | 51,104 | 320,07 | 320,07 | 16,83 | 1119,146 | 267,06 | 321,11 |  0,00 | 139,018 | 122,37 | 122,37 | 298,266 |   NaN | NaN | 0,00 | 0,00 | NaN
  13 |  5,69 | 267,430 | 752,55 | 797,92 | 757,89 |  0,00 | 1,371 | 44,35 | 44,35 |  0,00 | 53,369 | 314,87 | 314,87 | 14,34 | 1041,640 | 270,97 | 316,33 |  0,00 | 139,016 | 122,37 | 122,37 | 298,283 |   NaN | NaN | 0,00 | 0,00 | NaN
  14 |  7,00 | 272,720 | 752,68 | 809,35 | 758,02 |  0,00 | 1,412 | 44,35 | 44,35 |  0,00 | 51,889 | 321,80 | 321,80 | 17,66 | 1092,395 | 264,16 | 320,83 |  0,00 | 138,945 | 122,37 | 122,37 | 298,149 |   NaN | NaN | 0,00 | 0,00 | NaN
  15 |  6,26 | 277,001 | 751,90 | 802,13 | 757,24 |  0,00 | 1,406 | 44,35 | 44,35 |  0,00 | 53,962 | 315,20 | 315,20 | 15,69 | 1085,179 | 269,98 | 320,22 |  0,00 | 139,117 | 122,37 | 122,37 | 298,408 |   NaN | NaN | 0,00 | 0,00 | NaN
  16 |  7,18 | 280,575 | 753,27 | 811,56 | 758,62 |  0,00 | 1,398 | 44,35 | 44,35 |  0,00 | 51,635 | 320,33 | 320,33 | 17,96 | 1118,834 | 266,22 | 324,52 |  0,00 | 139,038 | 122,37 | 122,37 | 298,301 |   NaN | NaN | 0,00 | 0,00 | NaN
  17 |  6,68 | 276,488 | 752,82 | 806,74 | 758,18 |  0,00 | 1,410 | 44,35 | 44,35 |  0,00 | 48,905 | 319,42 | 319,42 | 16,82 | 1102,347 | 266,68 | 320,60 |  0,00 | 139,087 | 122,37 | 122,37 | 298,354 |   NaN | NaN | 0,00 | 0,00 | NaN
  18 |  6,38 | 272,691 | 753,19 | 804,56 | 758,51 |  0,00 | 1,387 | 44,35 | 44,35 |  0,00 | 49,460 | 318,48 | 318,48 | 16,08 | 1081,156 | 267,99 | 319,36 |  0,00 | 138,114 | 122,37 | 122,37 | 297,039 |   NaN | NaN | 0,00 | 0,00 | NaN
  19 |  5,67 | 271,320 | 753,74 | 799,03 | 759,05 |  0,00 | 1,378 | 44,35 | 44,35 |  0,00 | 55,201 | 314,42 | 314,42 | 14,25 | 1051,055 | 272,60 | 317,89 |  0,00 | 138,839 | 122,37 | 122,37 | 297,912 |   NaN | NaN | 0,00 | 0,00 | NaN
  20 |  5,76 | 266,925 | 753,64 | 799,71 | 758,92 |  0,00 | 1,374 | 44,35 | 44,35 |  0,00 | 51,742 | 318,58 | 318,58 | 14,65 | 1051,790 | 268,35 | 314,42 |  0,00 | 138,770 | 122,37 | 122,37 | 297,836 |   NaN | NaN | 0,00 | 0,00 | NaN
  21 |  5,51 | 264,129 | 750,81 | 794,56 | 756,14 |  0,00 | 1,378 | 44,35 | 44,35 |  0,00 | 51,478 | 315,00 | 315,00 | 13,98 | 1035,212 | 269,09 | 312,83 |  0,00 | 139,064 | 122,37 | 122,37 | 298,349 |   NaN | NaN | 0,00 | 0,00 | NaN
  22 |  6,97 | 281,583 | 754,27 | 810,81 | 759,65 |  0,00 | 1,417 | 44,35 | 44,35 |  0,00 | 55,731 | 326,90 | 326,90 | 17,83 | 1141,863 | 260,65 | 317,20 |  0,00 | 138,930 | 122,37 | 122,37 | 298,146 |   NaN | NaN | 0,00 | 0,00 | NaN
  23 |  6,89 | 275,611 | 751,91 | 807,57 | 757,23 |  0,00 | 1,399 | 44,35 | 44,35 |  0,00 | 54,693 | 320,57 | 320,57 | 17,38 | 1099,080 | 264,63 | 320,28 |  0,00 | 138,871 | 122,37 | 122,37 | 297,956 |   NaN | NaN | 0,00 | 0,00 | NaN
  24 |  6,63 | 279,491 | 753,13 | 806,65 | 758,44 |  0,00 | 1,360 | 44,35 | 44,35 |  0,00 | 49,951 | 319,29 | 319,29 | 16,69 | 1112,980 | 267,12 | 320,64 |  0,00 | 138,993 | 122,37 | 122,37 | 298,250 |   NaN | NaN | 0,00 | 0,00 | NaN
  25 |  7,72 | 281,777 | 752,79 | 815,79 | 758,16 |  0,00 | 1,418 | 44,35 | 44,35 |  0,00 | 52,600 | 319,28 | 319,28 | 19,10 | 1120,522 | 266,79 | 329,79 |  0,00 | 139,020 | 122,37 | 122,37 | 298,300 |   NaN | NaN | 0,00 | 0,00 | NaN
  26 |  6,17 | 269,014 | 753,68 | 803,27 | 759,05 |  0,00 | 1,414 | 44,35 | 44,35 |  0,00 | 53,152 | 317,51 | 317,51 | 15,54 | 1055,089 | 269,46 | 319,05 |  0,00 | 139,058 | 122,37 | 122,37 | 298,346 |   NaN | NaN | 0,00 | 0,00 | NaN
  27 |  5,70 | 271,920 | 752,70 | 798,20 | 758,02 |  0,00 | 1,340 | 44,35 | 44,35 |  0,00 | 52,831 | 318,67 | 318,67 | 14,55 | 1075,738 | 267,31 | 312,81 |  0,00 | 137,862 | 122,37 | 122,37 | 296,565 |   NaN | NaN | 0,00 | 0,00 | NaN
  28 |  5,90 | 274,629 | 751,64 | 798,80 | 756,94 |  0,00 | 1,407 | 44,35 | 44,35 |  0,00 | 49,681 | 318,45 | 318,45 | 15,04 | 1092,975 | 266,47 | 313,63 |  0,00 | 138,832 | 122,37 | 122,37 | 297,886 |   NaN | NaN | 0,00 | 0,00 | NaN
  29 |  6,61 | 271,365 | 753,88 | 807,24 | 759,19 |  0,00 | 1,386 | 44,35 | 44,35 |  0,00 | 55,137 | 321,30 | 321,30 | 16,72 | 1076,878 | 265,87 | 319,23 |  0,00 | 138,843 | 122,37 | 122,37 | 297,917 |   NaN | NaN | 0,00 | 0,00 | NaN
  30 |  5,35 | 270,069 | 754,12 | 796,74 | 759,45 |  0,00 | 1,417 | 44,35 | 44,35 |  0,00 | 53,720 | 313,74 | 313,74 | 13,48 | 1043,831 | 273,66 | 316,29 |  0,00 | 138,647 | 122,37 | 122,37 | 297,693 |   NaN | NaN | 0,00 | 0,00 | NaN
  31 |  6,15 | 274,567 | 752,65 | 802,00 | 757,95 |  0,00 | 1,384 | 44,35 | 44,35 |  0,00 | 52,464 | 317,87 | 317,87 | 15,55 | 1083,992 | 268,06 | 317,41 |  0,00 | 138,900 | 122,37 | 122,37 | 297,976 |   NaN | NaN | 0,00 | 0,00 | NaN
  32 |  5,84 | 272,178 | 752,48 | 799,18 | 757,76 |  0,00 | 1,340 | 44,35 | 44,35 |  0,00 | 51,793 | 315,16 | 315,16 | 14,72 | 1065,364 | 270,59 | 317,30 |  0,00 | 138,833 | 122,37 | 122,37 | 297,918 |   NaN | NaN | 0,00 | 0,00 | NaN
  33 |  5,85 | 265,563 | 754,54 | 801,39 | 759,88 |  0,00 | 1,405 | 44,35 | 44,35 |  0,00 | 49,233 | 314,81 | 314,81 | 14,65 | 1032,537 | 273,01 | 319,86 |  0,00 | 138,914 | 122,37 | 122,37 | 297,996 |   NaN | NaN | 0,00 | 0,00 | NaN
  34 |  5,40 | 268,531 | 752,12 | 795,05 | 757,42 |  0,00 | 1,397 | 44,35 | 44,35 |  0,00 | 53,854 | 316,80 | 316,80 | 13,78 | 1054,470 | 268,60 | 311,54 |  0,00 | 137,390 | 122,37 | 122,37 | 295,447 |   NaN | NaN | 0,00 | 0,00 | NaN
  35 |  6,79 | 273,000 | 753,22 | 808,11 | 758,51 |  0,00 | 1,346 | 44,35 | 44,35 |  0,00 | 49,697 | 321,15 | 321,15 | 17,14 | 1092,321 | 265,34 | 320,24 |  0,00 | 137,073 | 122,37 | 122,37 | 294,471 |   NaN | NaN | 0,00 | 0,00 | NaN
  36 |  5,75 | 269,543 | 753,16 | 799,13 | 758,47 |  0,00 | 1,399 | 44,35 | 44,35 |  0,00 | 49,101 | 312,90 | 312,90 | 14,39 | 1046,660 | 273,54 | 319,51 |  0,00 | 137,934 | 122,37 | 122,37 | 296,693 |   NaN | NaN | 0,00 | 0,00 | NaN
  37 |  7,07 | 276,266 | 753,79 | 811,13 | 759,10 |  0,00 | 1,382 | 44,35 | 44,35 |  0,00 | 50,767 | 324,44 | 324,44 | 17,92 | 1116,565 | 262,63 | 319,98 |  0,00 | 138,850 | 122,37 | 122,37 | 297,934 |   NaN | NaN | 0,00 | 0,00 | NaN
  38 |  6,16 | 270,977 | 753,56 | 802,99 | 758,86 |  0,00 | 1,373 | 44,35 | 44,35 |  0,00 | 55,832 | 320,39 | 320,39 | 15,65 | 1071,560 | 266,45 | 315,88 |  0,00 | 138,685 | 122,37 | 122,37 | 297,753 |   NaN | NaN | 0,00 | 0,00 | NaN
  39 |  5,61 | 274,063 | 751,67 | 796,36 | 757,02 |  0,00 | 1,416 | 44,35 | 44,35 |  0,00 | 54,565 | 315,85 | 315,85 | 14,24 | 1074,425 | 269,11 | 313,79 |  0,00 | 138,752 | 122,37 | 122,37 | 297,808 |   NaN | NaN | 0,00 | 0,00 | NaN
  40 |  5,73 | 267,162 | 752,27 | 798,04 | 757,62 |  0,00 | 1,416 | 44,35 | 44,35 |  0,00 | 49,795 | 316,07 | 316,07 | 14,52 | 1049,970 | 269,48 | 315,25 |  0,00 | 138,154 | 122,37 | 122,37 | 297,027 |   NaN | NaN | 0,00 | 0,00 | NaN
  41 |  6,99 | 278,041 | 751,72 | 808,22 | 757,03 |  0,00 | 1,399 | 44,35 | 44,35 |  0,00 | 54,695 | 318,30 | 318,30 | 17,48 | 1101,297 | 266,70 | 323,21 |  0,00 | 138,923 | 122,37 | 122,37 | 297,995 |   NaN | NaN | 0,00 | 0,00 | NaN
  42 |  6,73 | 277,890 | 751,48 | 805,73 | 756,76 |  0,00 | 1,345 | 44,35 | 44,35 |  0,00 | 52,774 | 318,39 | 318,39 | 16,92 | 1103,805 | 266,38 | 320,62 |  0,00 | 138,842 | 122,37 | 122,37 | 297,875 |   NaN | NaN | 0,00 | 0,00 | NaN
  43 |  6,89 | 279,139 | 752,77 | 808,45 | 758,10 |  0,00 | 1,424 | 44,35 | 44,35 |  0,00 | 49,821 | 319,60 | 319,60 | 17,28 | 1114,076 | 266,45 | 322,13 |  0,00 | 138,787 | 122,37 | 122,37 | 297,851 |   NaN | NaN | 0,00 | 0,00 | NaN
  44 |  7,09 | 280,080 | 753,15 | 810,61 | 758,45 |  0,00 | 1,336 | 44,35 | 44,35 |  0,00 | 54,873 | 319,70 | 319,70 | 17,72 | 1110,728 | 266,74 | 324,19 |  0,00 | 138,872 | 122,37 | 122,37 | 297,950 |   NaN | NaN | 0,00 | 0,00 | NaN
  45 |  6,86 | 280,024 | 752,93 | 808,36 | 758,24 |  0,00 | 1,420 | 44,35 | 44,35 |  0,00 | 51,090 | 326,17 | 326,17 | 17,57 | 1142,406 | 260,04 | 315,47 |  0,00 | 138,963 | 122,37 | 122,37 | 298,021 |   NaN | NaN | 0,00 | 0,00 | NaN
  46 |  6,09 | 266,638 | 751,31 | 800,00 | 756,59 |  0,00 | 1,359 | 44,35 | 44,35 |  0,00 | 48,454 | 313,70 | 313,70 | 15,24 | 1043,269 | 270,89 | 319,58 |  0,00 | 138,714 | 122,37 | 122,37 | 297,772 |   NaN | NaN | 0,00 | 0,00 | NaN
  47 |  5,37 | 271,413 | 753,73 | 796,50 | 759,02 |  0,00 | 1,357 | 44,35 | 44,35 |  0,00 | 51,498 | 317,92 | 317,92 | 13,71 | 1069,172 | 269,10 | 311,87 |  0,00 | 138,926 | 122,37 | 122,37 | 297,991 |   NaN | NaN | 0,00 | 0,00 | NaN
  48 |  5,80 | 263,495 | 750,50 | 796,75 | 755,81 |  0,00 | 1,387 | 44,35 | 44,35 |  0,00 | 50,212 | 314,68 | 314,68 | 14,67 | 1033,775 | 269,10 | 315,35 |  0,00 | 138,844 | 122,37 | 122,37 | 297,913 |   NaN | NaN | 0,00 | 0,00 | NaN
  49 |  5,44 | 269,283 | 753,03 | 796,30 | 758,34 |  0,00 | 1,399 | 44,35 | 44,35 |  0,00 | 50,538 | 314,61 | 314,61 | 13,74 | 1050,855 | 271,70 | 314,98 |  0,00 | 138,871 | 122,37 | 122,37 | 297,956 |   NaN | NaN | 0,00 | 0,00 | NaN
  50 |  6,03 | 277,722 | 753,74 | 802,08 | 759,04 |  0,00 | 1,353 | 44,35 | 44,35 |  0,00 | 52,825 | 319,87 | 319,87 | 15,32 | 1101,806 | 267,15 | 315,50 |  0,00 | 138,857 | 122,37 | 122,37 | 297,937 |   NaN | NaN | 0,00 | 0,00 | NaN
  51 |  5,81 | 270,744 | 752,48 | 798,94 | 757,77 |  0,00 | 1,351 | 44,35 | 44,35 |  0,00 | 55,011 | 314,79 | 314,79 | 14,64 | 1053,495 | 270,97 | 317,43 |  0,00 | 138,880 | 122,37 | 122,37 | 297,972 |   NaN | NaN | 0,00 | 0,00 | NaN
  52 |  6,13 | 275,789 | 752,69 | 801,82 | 757,98 |  0,00 | 1,378 | 44,35 | 44,35 |  0,00 | 50,118 | 314,59 | 314,59 | 15,33 | 1079,481 | 271,38 | 320,51 |  0,00 | 138,933 | 122,37 | 122,37 | 298,011 |   NaN | NaN | 0,00 | 0,00 | NaN
  53 |  6,47 | 280,619 | 752,56 | 804,60 | 757,85 |  0,00 | 1,365 | 44,35 | 44,35 |  0,00 | 49,058 | 317,30 | 317,30 | 16,23 | 1112,620 | 268,54 | 320,58 |  0,00 | 138,816 | 122,37 | 122,37 | 297,888 |   NaN | NaN | 0,00 | 0,00 | NaN
  54 |  5,42 | 271,488 | 753,41 | 796,55 | 758,69 |  0,00 | 1,368 | 44,35 | 44,35 |  0,00 | 55,884 | 318,46 | 318,46 | 13,85 | 1067,019 | 268,23 | 311,37 |  0,00 | 138,900 | 122,37 | 122,37 | 297,961 |   NaN | NaN | 0,00 | 0,00 | NaN
  55 |  5,98 | 275,047 | 754,87 | 802,92 | 760,19 |  0,00 | 1,353 | 44,35 | 44,35 |  0,00 | 49,849 | 316,85 | 316,85 | 15,05 | 1079,237 | 271,30 | 319,35 |  0,00 | 138,334 | 122,37 | 122,37 | 297,370 |   NaN | NaN | 0,00 | 0,00 | NaN
  56 |  5,67 | 265,947 | 751,36 | 796,49 | 756,67 |  0,00 | 1,358 | 44,35 | 44,35 |  0,00 | 50,561 | 316,54 | 316,54 | 14,41 | 1048,516 | 268,10 | 313,23 |  0,00 | 138,879 | 122,37 | 122,37 | 297,947 |   NaN | NaN | 0,00 | 0,00 | NaN
  57 |  5,90 | 259,905 | 753,51 | 800,74 | 758,81 |  0,00 | 1,355 | 44,35 | 44,35 |  0,00 | 51,865 | 316,28 | 316,28 | 14,86 | 1013,866 | 270,51 | 317,75 |  0,00 | 138,910 | 122,37 | 122,37 | 297,984 |   NaN | NaN | 0,00 | 0,00 | NaN
  58 |  6,33 | 274,597 | 752,31 | 803,17 | 757,62 |  0,00 | 1,384 | 44,35 | 44,35 |  0,00 | 49,877 | 319,41 | 319,41 | 16,04 | 1094,648 | 266,19 | 317,04 |  0,00 | 138,894 | 122,37 | 122,37 | 297,978 |   NaN | NaN | 0,00 | 0,00 | NaN
  59 |  6,79 | 276,439 | 753,76 | 808,64 | 759,10 |  0,00 | 1,403 | 44,35 | 44,35 |  0,00 | 49,754 | 317,52 | 317,52 | 16,92 | 1090,840 | 269,52 | 324,40 |  0,00 | 137,956 | 122,37 | 122,37 | 296,720 |   NaN | NaN | 0,00 | 0,00 | NaN
  60 |  6,34 | 273,916 | 752,57 | 803,48 | 757,84 |  0,00 | 1,338 | 44,35 | 44,35 |  0,00 | 54,554 | 319,24 | 319,24 | 16,03 | 1084,735 | 266,61 | 317,52 |  0,00 | 138,851 | 122,37 | 122,37 | 297,928 |   NaN | NaN | 0,00 | 0,00 | NaN
  61 |  6,85 | 281,891 | 752,97 | 808,33 | 758,28 |  0,00 | 1,360 | 44,35 | 44,35 |  0,00 | 50,523 | 321,56 | 321,56 | 17,30 | 1132,139 | 264,69 | 320,06 |  0,00 | 138,748 | 122,37 | 122,37 | 297,821 |   NaN | NaN | 0,00 | 0,00 | NaN
  62 |  6,66 | 270,976 | 751,92 | 805,56 | 757,29 |  0,00 | 1,422 | 44,35 | 44,35 |  0,00 | 52,552 | 318,38 | 318,38 | 16,74 | 1073,024 | 266,83 | 320,46 |  0,00 | 138,931 | 122,37 | 122,37 | 298,009 |   NaN | NaN | 0,00 | 0,00 | NaN
  63 |  6,54 | 271,253 | 753,89 | 806,67 | 759,21 |  0,00 | 1,377 | 44,35 | 44,35 |  0,00 | 51,213 | 322,19 | 322,19 | 16,61 | 1084,666 | 264,98 | 317,76 |  0,00 | 138,498 | 122,37 | 122,37 | 297,557 |   NaN | NaN | 0,00 | 0,00 | NaN
  64 |  5,49 | 267,449 | 753,43 | 797,21 | 758,76 |  0,00 | 1,421 | 44,35 | 44,35 |  0,00 | 52,437 | 316,03 | 316,03 | 13,92 | 1044,988 | 270,68 | 314,46 |  0,00 | 138,892 | 122,37 | 122,37 | 297,970 |   NaN | NaN | 0,00 | 0,00 | NaN

= = = = = = = = = = = = AVERAGE RESULTS system = = = = = = = = = = = =
meanPLR_system | 6,296515 
meanDelay_system | 273,466835 
meanLoad_system | 803,438111 
meanTHR_system | 752,821715 
meanGate_system | 758,141489 

meanPLR_EF_system | 0,000000 
meanPLR_AF_system | 0,000000 
meanPLR_BE_system | 15,896742 
meanPLR_FLA_system | 0,000000 
meanPLR_FLB_system | NaN 

meanTHR_EF_system | 44,352004 
meanTHR_AF_system | 318,532468 
meanTHR_BE_system | 267,571720 
meanTHR_FLA_system | 125,575353 
meanTHR_FLB_system | 0,000000 

meanLoad_EF_system | 44,352004 
meanLoad_AF_system | 318,532468 
meanLoad_BE_system | 318,188117 
meanLoad_FLA_system | 125,575353 
meanLoad_FLB_system | 0,000000 

meanDELAY_EF_system | 1,382214 
meanDELAY_AF_system | 51,828869 
meanDELAY_BE_system | 1082,689689 
meanDELAY_FLA_system | 138,777491 
meanDELAY_FLB_system | NaN 
meanDELAY_CompleteFLA_system | 297,847976 
meanDELAY_CompleteFLB_system | NaN 

= = = = = = = = = = = = AVERAGE RESULTS = = = = = = = = = = = =
Packet Loss Ratio: 06,30 (%)
PROCESSED PACKAGES: 1363015817 
DISCARTED PACKAGES: 59533711 
TOTAL PACKAGES: 1422549528 
AVERAGE DELAY: 49622,95 (ms) 
AVERAGE THROUGHPUT: 752,82 (Mbps) 
GRANTED THROUGHPUT: 48521,06 (Mbps) By 64 ONUs
EFFECTIVE THROUGHPUT: 48180,59 (Mbps) By 64 ONUs
TOTAL LOAD: 51420,04 (Mbps) By 64 ONUs
ON Arrival THROUGHPUT: 0,00 (Mbps) By 64 ONUs
FINISHTIMEFL: 114,366392 
FINISHTIME: 117,366392 


fileName | IPACT_STRICTPRIORITY_1_68_85_0 
