
ONU ID 	|  PLR(%) | Delay(ms) | Throughput(Mbps) | Granted Throughput(Mbps) | Total Load (Mbps) 

  ID |  PLR(%) |  D  | Thr |  Gates  |  Load  | PLR-EF | D-EF | ThrEF | LoadEF | PLR-AF | D-AF | ThrAF | LoadAF | PLR-BE | D-BE | ThrBE | LoadBE | PLR-FA | D-FA | ThrFA | LoadFA | DTFA |  PLR-FB | D-FB | ThrFB | LoadFB | DTFB | 
   1 |  3,78 | 265,384 | 754,93 | 784,58 | 759,22 |  0,00 | 1,407 | 44,35 | 44,35 |  0,00 | 7,719 | 357,06 | 357,06 |  8,50 | 972,507 | 319,07 | 348,71 |  0,00 | 232,212 | 34,46 | 34,46 | 483,584 |   NaN | NaN | 0,00 | 0,00 | NaN
   2 |  4,17 | 247,288 | 754,31 | 787,12 | 758,64 |  0,00 | 1,418 | 44,35 | 44,35 |  0,00 | 1,914 | 357,25 | 357,25 |  9,35 | 871,707 | 318,25 | 351,06 |  0,00 | 947,663 | 34,46 | 34,46 | 1914,350 |   NaN | NaN | 0,00 | 0,00 | NaN
   3 |  3,48 | 236,594 | 752,45 | 779,56 | 756,74 |  0,00 | 1,355 | 44,35 | 44,35 |  0,00 | 1,876 | 349,91 | 349,91 |  7,73 | 818,862 | 323,72 | 350,84 |  0,00 | 902,950 | 34,46 | 34,46 | 1825,030 |   NaN | NaN | 0,00 | 0,00 | NaN
   4 |  4,31 | 270,803 | 754,66 | 788,68 | 759,07 |  0,00 | 1,360 | 44,35 | 44,35 |  0,00 | 15,467 | 356,18 | 356,18 |  9,62 | 986,765 | 319,67 | 353,69 |  0,00 | 150,824 | 34,46 | 34,46 | 320,804 |   NaN | NaN | 0,00 | 0,00 | NaN
   5 |  3,51 | 240,607 | 753,33 | 780,72 | 757,63 |  0,00 | 1,386 | 44,35 | 44,35 |  0,00 | 1,780 | 351,65 | 351,65 |  7,82 | 813,415 | 322,87 | 350,26 |  0,00 | 1308,083 | 34,46 | 34,46 | 2634,991 |   NaN | NaN | 0,00 | 0,00 | NaN
   6 |  4,14 | 255,888 | 754,96 | 787,57 | 759,26 |  0,00 | 1,334 | 44,35 | 44,35 |  0,00 | 1,977 | 355,84 | 355,84 |  9,24 | 892,378 | 320,32 | 352,92 |  0,00 | 1058,947 | 34,46 | 34,46 | 2137,017 |   NaN | NaN | 0,00 | 0,00 | NaN
   7 |  3,90 | 262,583 | 753,93 | 784,57 | 758,23 |  0,00 | 1,353 | 44,35 | 44,35 |  0,00 | 2,625 | 353,52 | 353,52 |  8,70 | 948,667 | 321,61 | 352,24 |  0,00 | 420,920 | 34,46 | 34,46 | 860,913 |   NaN | NaN | 0,00 | 0,00 | NaN
   8 |  3,95 | 253,635 | 754,86 | 785,93 | 759,17 |  0,00 | 1,403 | 44,35 | 44,35 |  0,00 | 1,869 | 352,21 | 352,21 |  8,75 | 878,950 | 323,84 | 354,91 |  0,00 | 979,342 | 34,46 | 34,46 | 1977,751 |   NaN | NaN | 0,00 | 0,00 | NaN
   9 |  4,13 | 255,953 | 755,12 | 787,64 | 759,42 |  0,00 | 1,343 | 44,35 | 44,35 |  0,00 | 1,989 | 353,89 | 353,89 |  9,16 | 909,850 | 322,42 | 354,94 |  0,00 | 655,716 | 34,46 | 34,46 | 1330,528 |   NaN | NaN | 0,00 | 0,00 | NaN
  10 |  3,53 | 254,244 | 755,37 | 782,97 | 759,67 |  0,00 | 1,404 | 44,35 | 44,35 |  0,00 | 9,860 | 352,56 | 352,56 |  7,85 | 915,995 | 324,00 | 351,61 |  0,00 | 208,476 | 34,46 | 34,46 | 436,151 |   NaN | NaN | 0,00 | 0,00 | NaN
  11 |  3,62 | 236,989 | 753,38 | 781,65 | 757,66 |  0,00 | 1,343 | 44,35 | 44,35 |  0,00 | 1,895 | 349,69 | 349,69 |  8,00 | 765,983 | 324,88 | 353,14 |  0,00 | 1829,619 | 34,46 | 34,46 | 3678,332 |   NaN | NaN | 0,00 | 0,00 | NaN
  12 |  3,85 | 240,925 | 755,43 | 785,66 | 759,74 |  0,00 | 1,406 | 44,35 | 44,35 |  0,00 | 1,934 | 352,87 | 352,87 |  8,54 | 825,129 | 323,75 | 353,98 |  0,00 | 1111,320 | 34,46 | 34,46 | 2241,781 |   NaN | NaN | 0,00 | 0,00 | NaN
  13 |  3,10 | 239,050 | 751,94 | 776,01 | 756,24 |  0,00 | 1,370 | 44,35 | 44,35 |  0,00 | 1,971 | 350,59 | 350,59 |  6,94 | 828,212 | 322,55 | 346,62 |  0,00 | 942,109 | 34,46 | 34,46 | 1903,261 |   NaN | NaN | 0,00 | 0,00 | NaN
  14 |  4,31 | 250,740 | 752,48 | 786,35 | 756,81 |  0,00 | 1,412 | 44,35 | 44,35 |  0,00 | 2,079 | 353,79 | 353,79 |  9,57 | 859,096 | 319,89 | 353,75 |  0,00 | 1288,454 | 34,46 | 34,46 | 2595,979 |   NaN | NaN | 0,00 | 0,00 | NaN
  15 |  3,52 | 257,158 | 753,10 | 780,55 | 757,41 |  0,00 | 1,406 | 44,35 | 44,35 |  0,00 | 2,682 | 347,04 | 347,04 |  7,74 | 910,837 | 327,25 | 354,70 |  0,00 | 437,593 | 34,46 | 34,46 | 894,412 |   NaN | NaN | 0,00 | 0,00 | NaN
  16 |  4,98 | 272,722 | 753,54 | 793,08 | 757,82 |  0,00 | 1,397 | 44,35 | 44,35 |  0,00 | 2,320 | 354,18 | 354,18 | 10,98 | 969,002 | 320,55 | 360,09 |  0,00 | 775,859 | 34,46 | 34,46 | 1570,794 |   NaN | NaN | 0,00 | 0,00 | NaN
  17 |  4,11 | 260,070 | 754,31 | 786,68 | 758,63 |  0,00 | 1,410 | 44,35 | 44,35 |  0,00 | 2,040 | 355,36 | 355,36 |  9,18 | 926,199 | 320,15 | 352,52 |  0,00 | 735,561 | 34,46 | 34,46 | 1490,357 |   NaN | NaN | 0,00 | 0,00 | NaN
  18 |  3,49 | 232,793 | 753,00 | 780,24 | 757,29 |  0,00 | 1,386 | 44,35 | 44,35 |  0,00 | 2,219 | 350,48 | 350,48 |  7,76 | 744,751 | 323,71 | 350,95 |  0,00 | 1968,365 | 34,46 | 34,46 | 3955,533 |   NaN | NaN | 0,00 | 0,00 | NaN
  19 |  2,62 | 226,980 | 754,91 | 775,19 | 759,20 |  0,00 | 1,377 | 44,35 | 44,35 |  0,00 | 1,824 | 346,89 | 346,89 |  5,80 | 734,596 | 329,21 | 349,49 |  0,00 | 1575,560 | 34,46 | 34,46 | 3170,208 |   NaN | NaN | 0,00 | 0,00 | NaN
  20 |  3,09 | 222,295 | 753,28 | 777,31 | 757,55 |  0,00 | 1,373 | 44,35 | 44,35 |  0,00 | 2,267 | 352,43 | 352,43 |  6,94 | 715,547 | 322,04 | 346,07 |  0,00 | 1862,726 | 34,46 | 34,46 | 3744,468 |   NaN | NaN | 0,00 | 0,00 | NaN
  21 |  2,55 | 225,974 | 753,59 | 773,27 | 757,87 |  0,00 | 1,377 | 44,35 | 44,35 |  0,00 | 3,812 | 348,60 | 348,60 |  5,69 | 804,820 | 326,18 | 345,86 |  0,00 | 325,012 | 34,46 | 34,46 | 669,306 |   NaN | NaN | 0,00 | 0,00 | NaN
  22 |  4,36 | 255,167 | 755,08 | 789,47 | 759,43 |  0,00 | 1,416 | 44,35 | 44,35 |  0,00 | 1,994 | 358,86 | 358,86 |  9,77 | 880,474 | 317,41 | 351,79 |  0,00 | 1360,688 | 34,46 | 34,46 | 2740,486 |   NaN | NaN | 0,00 | 0,00 | NaN
  23 |  3,81 | 244,086 | 754,96 | 784,84 | 759,27 |  0,00 | 1,398 | 44,35 | 44,35 |  0,00 | 2,032 | 353,15 | 353,15 |  8,47 | 803,684 | 322,99 | 352,88 |  0,00 | 1725,270 | 34,46 | 34,46 | 3469,600 |   NaN | NaN | 0,00 | 0,00 | NaN
  24 |  4,29 | 255,723 | 754,29 | 788,13 | 758,59 |  0,00 | 1,360 | 44,35 | 44,35 |  0,00 | 1,948 | 353,36 | 353,36 |  9,50 | 892,142 | 322,12 | 355,95 |  0,00 | 953,961 | 34,46 | 34,46 | 1926,913 |   NaN | NaN | 0,00 | 0,00 | NaN
  25 |  4,25 | 270,042 | 754,44 | 787,90 | 758,75 |  0,00 | 1,417 | 44,35 | 44,35 |  0,00 | 2,388 | 351,11 | 351,11 |  9,35 | 963,337 | 324,51 | 357,97 |  0,00 | 503,085 | 34,46 | 34,46 | 1025,358 |   NaN | NaN | 0,00 | 0,00 | NaN
  26 |  3,35 | 257,756 | 754,55 | 780,72 | 758,86 |  0,00 | 1,414 | 44,35 | 44,35 |  0,00 | 3,362 | 351,77 | 351,77 |  7,47 | 923,846 | 323,97 | 350,14 |  0,00 | 412,324 | 34,46 | 34,46 | 843,893 |   NaN | NaN | 0,00 | 0,00 | NaN
  27 |  3,38 | 225,047 | 755,03 | 781,47 | 759,31 |  0,00 | 1,340 | 44,35 | 44,35 |  0,00 | 1,790 | 354,39 | 354,39 |  7,59 | 720,886 | 321,84 | 348,28 |  0,00 | 1991,388 | 34,46 | 34,46 | 4001,870 |   NaN | NaN | 0,00 | 0,00 | NaN
  28 |  2,81 | 230,465 | 753,72 | 775,50 | 758,02 |  0,00 | 1,406 | 44,35 | 44,35 |  0,00 | 1,828 | 351,73 | 351,73 |  6,31 | 751,490 | 323,18 | 344,96 |  0,00 | 1734,355 | 34,46 | 34,46 | 3487,696 |   NaN | NaN | 0,00 | 0,00 | NaN
  29 |  4,02 | 245,410 | 753,80 | 785,39 | 758,09 |  0,00 | 1,386 | 44,35 | 44,35 |  0,00 | 1,776 | 353,20 | 353,20 |  8,94 | 806,444 | 321,79 | 353,38 |  0,00 | 1800,707 | 34,46 | 34,46 | 3620,601 |   NaN | NaN | 0,00 | 0,00 | NaN
  30 |  3,42 | 232,745 | 753,98 | 780,66 | 758,29 |  0,00 | 1,416 | 44,35 | 44,35 |  0,00 | 1,885 | 350,81 | 350,81 |  7,60 | 747,304 | 324,36 | 351,04 |  0,00 | 1913,937 | 34,46 | 34,46 | 3846,792 |   NaN | NaN | 0,00 | 0,00 | NaN
  31 |  3,34 | 236,851 | 754,42 | 780,50 | 758,72 |  0,00 | 1,383 | 44,35 | 44,35 |  0,00 | 1,967 | 352,77 | 352,77 |  7,47 | 776,547 | 322,84 | 348,92 |  0,00 | 1732,566 | 34,46 | 34,46 | 3483,935 |   NaN | NaN | 0,00 | 0,00 | NaN
  32 |  3,83 | 225,586 | 755,46 | 785,58 | 759,76 |  0,00 | 1,339 | 44,35 | 44,35 |  0,00 | 2,270 | 353,20 | 353,20 |  8,52 | 727,747 | 323,46 | 353,57 |  0,00 | 1834,440 | 34,46 | 34,46 | 3687,853 |   NaN | NaN | 0,00 | 0,00 | NaN
  33 |  3,38 | 229,272 | 753,09 | 779,41 | 757,37 |  0,00 | 1,405 | 44,35 | 44,35 |  0,00 | 2,255 | 349,30 | 349,30 |  7,49 | 733,741 | 324,98 | 351,30 |  0,00 | 1880,123 | 34,46 | 34,46 | 3779,425 |   NaN | NaN | 0,00 | 0,00 | NaN
  34 |  3,47 | 229,037 | 754,42 | 781,57 | 758,71 |  0,00 | 1,396 | 44,35 | 44,35 |  0,00 | 1,843 | 351,63 | 351,63 |  7,73 | 726,950 | 323,98 | 351,13 |  0,00 | 2052,520 | 34,46 | 34,46 | 4124,123 |   NaN | NaN | 0,00 | 0,00 | NaN
  35 |  4,27 | 247,134 | 753,36 | 786,96 | 757,63 |  0,00 | 1,345 | 44,35 | 44,35 |  0,00 | 1,786 | 354,51 | 354,51 |  9,50 | 798,763 | 320,04 | 353,65 |  0,00 | 2121,692 | 34,46 | 34,46 | 4262,468 |   NaN | NaN | 0,00 | 0,00 | NaN
  36 |  3,38 | 220,910 | 754,76 | 781,16 | 759,05 |  0,00 | 1,398 | 44,35 | 44,35 |  0,00 | 1,857 | 348,91 | 348,91 |  7,47 | 692,492 | 327,04 | 353,44 |  0,00 | 2016,257 | 34,46 | 34,46 | 4051,516 |   NaN | NaN | 0,00 | 0,00 | NaN
  37 |  4,33 | 245,241 | 755,84 | 790,02 | 760,12 |  0,00 | 1,381 | 44,35 | 44,35 |  0,00 | 1,933 | 358,15 | 358,15 |  9,68 | 812,709 | 318,88 | 353,06 |  0,00 | 1834,857 | 34,46 | 34,46 | 3688,969 |   NaN | NaN | 0,00 | 0,00 | NaN
  38 |  4,19 | 247,794 | 755,00 | 788,05 | 759,29 |  0,00 | 1,373 | 44,35 | 44,35 |  0,00 | 1,573 | 354,33 | 354,33 |  9,31 | 809,009 | 321,86 | 354,91 |  0,00 | 1929,844 | 34,46 | 34,46 | 3878,813 |   NaN | NaN | 0,00 | 0,00 | NaN
  39 |  2,31 | 215,090 | 755,25 | 773,11 | 759,56 |  0,00 | 1,416 | 44,35 | 44,35 |  0,00 | 1,606 | 349,08 | 349,08 |  5,17 | 679,211 | 327,37 | 345,22 |  0,00 | 1872,455 | 34,46 | 34,46 | 3763,935 |   NaN | NaN | 0,00 | 0,00 | NaN
  40 |  2,92 | 220,419 | 752,75 | 775,39 | 757,06 |  0,00 | 1,416 | 44,35 | 44,35 |  0,00 | 1,710 | 352,20 | 352,20 |  6,57 | 702,666 | 321,75 | 344,38 |  0,00 | 1987,001 | 34,46 | 34,46 | 3992,893 |   NaN | NaN | 0,00 | 0,00 | NaN
  41 |  4,25 | 239,262 | 752,86 | 786,25 | 757,15 |  0,00 | 1,399 | 44,35 | 44,35 |  0,00 | 1,787 | 349,69 | 349,69 |  9,33 | 778,477 | 324,36 | 357,75 |  0,00 | 1767,573 | 34,46 | 34,46 | 3554,241 |   NaN | NaN | 0,00 | 0,00 | NaN
  42 |  4,29 | 245,243 | 754,95 | 788,80 | 759,24 |  0,00 | 1,345 | 44,35 | 44,35 |  0,00 | 1,737 | 354,64 | 354,64 |  9,53 | 807,506 | 321,51 | 355,35 |  0,00 | 1801,716 | 34,46 | 34,46 | 3622,567 |   NaN | NaN | 0,00 | 0,00 | NaN
  43 |  5,05 | 254,940 | 754,34 | 794,45 | 758,67 |  0,00 | 1,423 | 44,35 | 44,35 |  0,00 | 1,869 | 357,87 | 357,87 | 11,21 | 848,875 | 317,67 | 357,78 |  0,00 | 1875,123 | 34,46 | 34,46 | 3769,293 |   NaN | NaN | 0,00 | 0,00 | NaN
  44 |  4,07 | 254,499 | 754,88 | 786,93 | 759,17 |  0,00 | 1,335 | 44,35 | 44,35 |  0,00 | 2,401 | 352,33 | 352,33 |  9,01 | 838,048 | 323,74 | 355,80 |  0,00 | 1757,146 | 34,46 | 34,46 | 3533,323 |   NaN | NaN | 0,00 | 0,00 | NaN
  45 |  3,36 | 233,867 | 755,33 | 781,63 | 759,66 |  0,00 | 1,420 | 44,35 | 44,35 |  0,00 | 1,715 | 355,89 | 355,89 |  7,58 | 767,870 | 320,63 | 346,93 |  0,00 | 1791,345 | 34,46 | 34,46 | 3601,819 |   NaN | NaN | 0,00 | 0,00 | NaN
  46 |  3,78 | 239,075 | 754,52 | 784,15 | 758,82 |  0,00 | 1,359 | 44,35 | 44,35 |  0,00 | 1,955 | 350,78 | 350,78 |  8,36 | 772,875 | 324,93 | 354,56 |  0,00 | 1857,552 | 34,46 | 34,46 | 3734,224 |   NaN | NaN | 0,00 | 0,00 | NaN
  47 |  3,49 | 230,258 | 754,33 | 781,59 | 758,61 |  0,00 | 1,357 | 44,35 | 44,35 |  0,00 | 1,909 | 352,87 | 352,87 |  7,79 | 753,254 | 322,65 | 349,91 |  0,00 | 1716,894 | 34,46 | 34,46 | 3452,708 |   NaN | NaN | 0,00 | 0,00 | NaN
  48 |  3,52 | 250,861 | 753,99 | 781,47 | 758,30 |  0,00 | 1,386 | 44,35 | 44,35 |  0,00 | 1,520 | 351,56 | 351,56 |  7,83 | 825,152 | 323,63 | 351,10 |  0,00 | 1753,860 | 34,46 | 34,46 | 3526,758 |   NaN | NaN | 0,00 | 0,00 | NaN
  49 |  3,30 | 227,201 | 755,07 | 780,85 | 759,37 |  0,00 | 1,399 | 44,35 | 44,35 |  0,00 | 1,754 | 352,99 | 352,99 |  7,39 | 740,908 | 323,27 | 349,05 |  0,00 | 1719,758 | 34,46 | 34,46 | 3458,515 |   NaN | NaN | 0,00 | 0,00 | NaN
  50 |  3,98 | 243,862 | 754,28 | 785,51 | 758,56 |  0,00 | 1,353 | 44,35 | 44,35 |  0,00 | 1,725 | 355,53 | 355,53 |  8,89 | 801,946 | 319,95 | 351,18 |  0,00 | 1866,576 | 34,46 | 34,46 | 3752,257 |   NaN | NaN | 0,00 | 0,00 | NaN
  51 |  3,83 | 241,926 | 754,24 | 784,26 | 758,53 |  0,00 | 1,351 | 44,35 | 44,35 |  0,00 | 2,091 | 352,07 | 352,07 |  8,49 | 791,806 | 323,36 | 353,37 |  0,00 | 1764,541 | 34,46 | 34,46 | 3548,063 |   NaN | NaN | 0,00 | 0,00 | NaN
  52 |  3,67 | 232,803 | 752,84 | 781,50 | 757,12 |  0,00 | 1,377 | 44,35 | 44,35 |  0,00 | 2,213 | 347,71 | 347,71 |  8,07 | 748,911 | 326,33 | 354,98 |  0,00 | 1783,854 | 34,46 | 34,46 | 3586,759 |   NaN | NaN | 0,00 | 0,00 | NaN
  53 |  3,85 | 237,586 | 754,12 | 784,35 | 758,40 |  0,00 | 1,364 | 44,35 | 44,35 |  0,00 | 2,116 | 354,04 | 354,04 |  8,60 | 776,424 | 321,27 | 351,50 |  0,00 | 1840,868 | 34,46 | 34,46 | 3700,828 |   NaN | NaN | 0,00 | 0,00 | NaN
  54 |  2,99 | 230,759 | 754,40 | 777,64 | 758,69 |  0,00 | 1,367 | 44,35 | 44,35 |  0,00 | 1,786 | 352,02 | 352,02 |  6,70 | 748,770 | 323,57 | 346,81 |  0,00 | 1795,251 | 34,46 | 34,46 | 3609,717 |   NaN | NaN | 0,00 | 0,00 | NaN
  55 |  3,30 | 219,312 | 755,56 | 781,32 | 759,87 |  0,00 | 1,352 | 44,35 | 44,35 |  0,00 | 1,513 | 349,61 | 349,61 |  7,30 | 692,091 | 327,15 | 352,90 |  0,00 | 1935,101 | 34,46 | 34,46 | 3889,197 |   NaN | NaN | 0,00 | 0,00 | NaN
  56 |  3,14 | 230,017 | 754,37 | 778,81 | 758,66 |  0,00 | 1,358 | 44,35 | 44,35 |  0,00 | 1,889 | 349,40 | 349,40 |  6,97 | 741,888 | 326,16 | 350,60 |  0,00 | 1762,307 | 34,46 | 34,46 | 3543,696 |   NaN | NaN | 0,00 | 0,00 | NaN
  57 |  3,75 | 236,789 | 754,07 | 783,41 | 758,35 |  0,00 | 1,355 | 44,35 | 44,35 |  0,00 | 1,671 | 351,06 | 351,06 |  8,30 | 772,875 | 324,20 | 353,54 |  0,00 | 1732,377 | 34,46 | 34,46 | 3483,733 |   NaN | NaN | 0,00 | 0,00 | NaN
  58 |  3,71 | 247,993 | 754,11 | 783,18 | 758,40 |  0,00 | 1,384 | 44,35 | 44,35 |  0,00 | 2,387 | 352,08 | 352,08 |  8,25 | 815,544 | 323,21 | 352,29 |  0,00 | 1736,394 | 34,46 | 34,46 | 3491,794 |   NaN | NaN | 0,00 | 0,00 | NaN
  59 |  4,27 | 246,978 | 755,20 | 788,86 | 759,49 |  0,00 | 1,403 | 44,35 | 44,35 |  0,00 | 1,547 | 352,16 | 352,16 |  9,40 | 794,153 | 324,24 | 357,90 |  0,00 | 2038,664 | 34,46 | 34,46 | 4096,490 |   NaN | NaN | 0,00 | 0,00 | NaN
  60 |  3,80 | 238,158 | 754,44 | 784,21 | 758,74 |  0,00 | 1,337 | 44,35 | 44,35 |  0,00 | 2,138 | 352,57 | 352,57 |  8,44 | 778,589 | 323,06 | 352,83 |  0,00 | 1767,789 | 34,46 | 34,46 | 3554,644 |   NaN | NaN | 0,00 | 0,00 | NaN
  61 |  4,17 | 246,407 | 754,66 | 787,53 | 758,96 |  0,00 | 1,360 | 44,35 | 44,35 |  0,00 | 1,946 | 354,14 | 354,14 |  9,27 | 807,943 | 321,72 | 354,58 |  0,00 | 1849,795 | 34,46 | 34,46 | 3718,587 |   NaN | NaN | 0,00 | 0,00 | NaN
  62 |  4,16 | 248,880 | 754,17 | 786,87 | 758,49 |  0,00 | 1,422 | 44,35 | 44,35 |  0,00 | 1,719 | 354,44 | 354,44 |  9,25 | 824,453 | 320,92 | 353,63 |  0,00 | 1754,148 | 34,46 | 34,46 | 3527,155 |   NaN | NaN | 0,00 | 0,00 | NaN
  63 |  3,84 | 234,886 | 754,10 | 784,20 | 758,39 |  0,00 | 1,377 | 44,35 | 44,35 |  0,00 | 2,083 | 354,39 | 354,39 |  8,57 | 763,442 | 320,90 | 350,99 |  0,00 | 1908,633 | 34,46 | 34,46 | 3836,212 |   NaN | NaN | 0,00 | 0,00 | NaN
  64 |  3,14 | 221,727 | 753,37 | 777,78 | 757,70 |  0,00 | 1,420 | 44,35 | 44,35 |  0,00 | 2,007 | 350,76 | 350,76 |  7,01 | 713,673 | 323,80 | 348,21 |  0,00 | 1796,425 | 34,46 | 34,46 | 3612,070 |   NaN | NaN | 0,00 | 0,00 | NaN

= = = = = = = = = = = = AVERAGE RESULTS system = = = = = = = = = = = =
meanPLR_system | 3,717600 
meanDelay_system | 241,808409 
meanLoad_system | 783,385705 
meanTHR_system | 754,238957 
meanGate_system | 758,539236 

meanPLR_EF_system | 0,000000 
meanPLR_AF_system | 0,000000 
meanPLR_BE_system | 8,271332 
meanPLR_FLA_system | 0,000000 
meanPLR_FLB_system | NaN 

meanTHR_EF_system | 44,352003 
meanTHR_AF_system | 352,579298 
meanTHR_BE_system | 322,851802 
meanTHR_FLA_system | 35,027301 
meanTHR_FLB_system | 0,000000 

meanLoad_EF_system | 44,352003 
meanLoad_AF_system | 352,579298 
meanLoad_BE_system | 351,998549 
meanLoad_FLA_system | 35,027301 
meanLoad_FLB_system | 0,000000 

meanDELAY_EF_system | 1,381685 
meanDELAY_AF_system | 2,428134 
meanDELAY_BE_system | 808,565330 
meanDELAY_FLA_system | 1480,444895 
meanDELAY_FLB_system | NaN 
meanDELAY_CompleteFLA_system | 2979,958455 
meanDELAY_CompleteFLB_system | NaN 

= = = = = = = = = = = = AVERAGE RESULTS = = = = = = = = = = = =
Packet Loss Ratio: 03,72 (%)
PROCESSED PACKAGES: 2214521205 
DISCARTED PACKAGES: 53503904 
TOTAL PACKAGES: 2268025109 
AVERAGE DELAY: 45501,03 (ms) 
AVERAGE THROUGHPUT: 754,24 (Mbps) 
GRANTED THROUGHPUT: 48546,51 (Mbps) By 64 ONUs
EFFECTIVE THROUGHPUT: 48271,29 (Mbps) By 64 ONUs
TOTAL LOAD: 50136,69 (Mbps) By 64 ONUs
ON Arrival THROUGHPUT: 0,00 (Mbps) By 64 ONUs
FINISHTIMEFL: 180,887474 
FINISHTIME: 183,887474 


fileName | IPACT_LEAKYBUCKET_4_30_94_0 
