
ONU ID 	|  PLR(%) | Delay(ms) | Throughput(Mbps) | Granted Throughput(Mbps) | Total Load (Mbps) 

  ID |  PLR(%) |  D  | Thr |  Gates  |  Load  | PLR-EF | D-EF | ThrEF | LoadEF | PLR-AF | D-AF | ThrAF | LoadAF | PLR-BE | D-BE | ThrBE | LoadBE | PLR-FA | D-FA | ThrFA | LoadFA | DTFA |  PLR-FB | D-FB | ThrFB | LoadFB | DTFB | 
   1 |  6,48 | 289,930 | 754,72 | 807,01 | 759,17 |  0,00 | 1,497 | 44,35 | 44,35 |  0,00 | 1,417 | 365,00 | 365,00 | 14,68 | 1112,949 | 303,90 | 356,19 |  0,00 | 307,818 | 41,46 | 41,46 | 625,010 |   NaN | NaN | 0,00 | 0,00 | NaN
   2 |  6,84 | 281,752 | 754,25 | 809,65 | 758,73 |  0,00 | 1,650 | 44,35 | 44,35 |  0,00 | 1,445 | 365,35 | 365,35 | 15,45 | 1082,675 | 303,09 | 358,49 |  0,00 | 313,073 | 41,46 | 41,46 | 627,680 |   NaN | NaN | 0,00 | 0,00 | NaN
   3 |  5,89 | 274,294 | 754,73 | 801,97 | 759,18 |  0,00 | 1,372 | 44,35 | 44,35 |  0,00 | 1,365 | 357,80 | 357,80 | 13,18 | 1027,325 | 311,12 | 358,36 |  0,00 | 310,047 | 41,46 | 41,46 | 628,566 |   NaN | NaN | 0,00 | 0,00 | NaN
   4 |  6,95 | 285,606 | 754,57 | 810,90 | 759,00 |  0,00 | 1,482 | 44,35 | 44,35 |  0,00 | 1,374 | 363,91 | 363,91 | 15,60 | 1092,445 | 304,84 | 361,18 |  0,00 | 310,431 | 41,46 | 41,46 | 627,482 |   NaN | NaN | 0,00 | 0,00 | NaN
   5 |  6,15 | 270,728 | 753,93 | 803,33 | 758,36 |  0,00 | 1,494 | 44,35 | 44,35 |  0,00 | 1,399 | 359,64 | 359,64 | 13,80 | 1021,923 | 308,48 | 357,88 |  0,00 | 299,204 | 41,46 | 41,46 | 609,158 |   NaN | NaN | 0,00 | 0,00 | NaN
   6 |  6,73 | 281,604 | 754,89 | 809,40 | 759,31 |  0,00 | 1,424 | 44,35 | 44,35 |  0,00 | 1,345 | 363,15 | 363,15 | 15,12 | 1073,741 | 305,93 | 360,44 |  0,00 | 305,924 | 41,46 | 41,46 | 614,101 |   NaN | NaN | 0,00 | 0,00 | NaN
   7 |  6,48 | 283,517 | 754,22 | 806,46 | 758,69 |  0,00 | 1,393 | 44,35 | 44,35 |  0,00 | 1,363 | 361,29 | 361,29 | 14,54 | 1075,561 | 307,12 | 359,36 |  0,00 | 317,985 | 41,46 | 41,46 | 646,849 |   NaN | NaN | 0,00 | 0,00 | NaN
   8 |  6,59 | 287,527 | 754,99 | 808,27 | 759,44 |  0,00 | 1,423 | 44,35 | 44,35 |  0,00 | 1,414 | 360,03 | 360,03 | 14,70 | 1085,032 | 309,15 | 362,43 |  0,00 | 307,968 | 41,46 | 41,46 | 622,539 |   NaN | NaN | 0,00 | 0,00 | NaN
   9 |  6,78 | 282,798 | 754,94 | 809,83 | 759,39 |  0,00 | 1,567 | 44,35 | 44,35 |  0,00 | 1,354 | 361,66 | 361,66 | 15,15 | 1071,185 | 307,47 | 362,36 |  0,00 | 325,293 | 41,46 | 41,46 | 655,364 |   NaN | NaN | 0,00 | 0,00 | NaN
  10 |  6,10 | 276,736 | 755,00 | 804,08 | 759,47 |  0,00 | 1,461 | 44,35 | 44,35 |  0,00 | 1,413 | 359,71 | 359,71 | 13,69 | 1042,365 | 309,48 | 358,56 |  0,00 | 308,670 | 41,46 | 41,46 | 622,492 |   NaN | NaN | 0,00 | 0,00 | NaN
  11 |  6,24 | 284,210 | 753,59 | 803,71 | 758,04 |  0,00 | 1,381 | 44,35 | 44,35 |  0,00 | 1,354 | 356,96 | 356,96 | 13,89 | 1066,727 | 310,82 | 360,95 |  0,00 | 291,206 | 41,46 | 41,46 | 582,988 |   NaN | NaN | 0,00 | 0,00 | NaN
  12 |  6,54 | 284,081 | 755,13 | 807,96 | 759,59 |  0,00 | 1,449 | 44,35 | 44,35 |  0,00 | 1,416 | 360,36 | 360,36 | 14,60 | 1074,172 | 308,96 | 361,79 |  0,00 | 289,192 | 41,46 | 41,46 | 584,094 |   NaN | NaN | 0,00 | 0,00 | NaN
  13 |  5,54 | 270,876 | 753,95 | 798,13 | 758,42 |  0,00 | 1,429 | 44,35 | 44,35 |  0,00 | 1,382 | 358,16 | 358,16 | 12,47 | 1016,093 | 309,98 | 354,16 |  0,00 | 327,728 | 41,46 | 41,46 | 653,923 |   NaN | NaN | 0,00 | 0,00 | NaN
  14 |  6,74 | 282,597 | 754,03 | 808,50 | 758,50 |  0,00 | 1,451 | 44,35 | 44,35 |  0,00 | 1,422 | 361,43 | 361,43 | 15,08 | 1073,582 | 306,79 | 361,26 |  0,00 | 306,000 | 41,46 | 41,46 | 611,129 |   NaN | NaN | 0,00 | 0,00 | NaN
  15 |  6,13 | 289,833 | 753,69 | 802,89 | 758,16 |  0,00 | 1,496 | 44,35 | 44,35 |  0,00 | 1,419 | 354,59 | 354,59 | 13,57 | 1078,449 | 313,29 | 362,49 |  0,00 | 305,884 | 41,46 | 41,46 | 617,331 |   NaN | NaN | 0,00 | 0,00 | NaN
  16 |  7,58 | 294,112 | 754,04 | 815,85 | 758,50 |  0,00 | 1,565 | 44,35 | 44,35 |  0,00 | 1,415 | 361,88 | 361,88 | 16,79 | 1119,888 | 306,35 | 368,16 |  0,00 | 303,795 | 41,46 | 41,46 | 606,392 |   NaN | NaN | 0,00 | 0,00 | NaN
  17 |  6,75 | 284,204 | 753,43 | 807,96 | 757,92 |  0,00 | 1,446 | 44,35 | 44,35 |  0,00 | 1,420 | 362,55 | 362,55 | 15,17 | 1085,238 | 305,07 | 359,61 |  0,00 | 306,081 | 41,46 | 41,46 | 629,539 |   NaN | NaN | 0,00 | 0,00 | NaN
  18 |  6,09 | 281,802 | 753,90 | 802,78 | 758,37 |  0,00 | 1,463 | 44,35 | 44,35 |  0,00 | 1,398 | 358,36 | 358,36 | 13,63 | 1059,883 | 309,74 | 358,61 |  0,00 | 313,068 | 41,46 | 41,46 | 649,617 |   NaN | NaN | 0,00 | 0,00 | NaN
  19 |  5,31 | 276,193 | 754,13 | 796,44 | 758,60 |  0,00 | 1,424 | 44,35 | 44,35 |  0,00 | 1,387 | 353,93 | 353,93 | 11,86 | 1023,264 | 314,39 | 356,70 |  0,00 | 312,059 | 41,46 | 41,46 | 620,271 |   NaN | NaN | 0,00 | 0,00 | NaN
  20 |  5,74 | 279,474 | 753,85 | 799,79 | 758,30 |  0,00 | 1,403 | 44,35 | 44,35 |  0,00 | 1,383 | 360,17 | 360,17 | 12,98 | 1057,648 | 307,87 | 353,81 |  0,00 | 304,327 | 41,46 | 41,46 | 632,165 |   NaN | NaN | 0,00 | 0,00 | NaN
  21 |  5,11 | 271,771 | 753,80 | 794,39 | 758,24 |  0,00 | 1,401 | 44,35 | 44,35 |  0,00 | 1,387 | 355,63 | 355,63 | 11,50 | 1013,668 | 312,36 | 352,95 |  0,00 | 298,242 | 41,46 | 41,46 | 594,751 |   NaN | NaN | 0,00 | 0,00 | NaN
  22 |  6,99 | 289,528 | 754,59 | 811,30 | 759,09 |  0,00 | 1,518 | 44,35 | 44,35 |  0,00 | 1,437 | 366,43 | 366,43 | 15,79 | 1116,573 | 302,35 | 359,06 |  0,00 | 312,818 | 41,46 | 41,46 | 617,655 |   NaN | NaN | 0,00 | 0,00 | NaN
  23 |  6,46 | 286,293 | 754,62 | 806,71 | 759,06 |  0,00 | 1,555 | 44,35 | 44,35 |  0,00 | 1,410 | 360,71 | 360,71 | 14,46 | 1084,382 | 308,10 | 360,19 |  0,00 | 297,803 | 41,46 | 41,46 | 604,932 |   NaN | NaN | 0,00 | 0,00 | NaN
  24 |  6,86 | 283,668 | 754,34 | 809,88 | 758,78 |  0,00 | 1,401 | 44,35 | 44,35 |  0,00 | 1,370 | 360,75 | 360,75 | 15,29 | 1076,558 | 307,78 | 363,32 |  0,00 | 279,239 | 41,46 | 41,46 | 584,309 |   NaN | NaN | 0,00 | 0,00 | NaN
  25 |  6,95 | 292,856 | 754,15 | 810,46 | 758,64 |  0,00 | 1,445 | 44,35 | 44,35 |  0,00 | 1,428 | 358,73 | 358,73 | 15,39 | 1103,260 | 309,61 | 365,92 |  0,00 | 309,576 | 41,46 | 41,46 | 610,603 |   NaN | NaN | 0,00 | 0,00 | NaN
  26 |  5,98 | 279,652 | 754,51 | 802,50 | 758,97 |  0,00 | 1,462 | 44,35 | 44,35 |  0,00 | 1,423 | 359,22 | 359,22 | 13,42 | 1054,190 | 309,48 | 357,46 |  0,00 | 293,456 | 41,46 | 41,46 | 595,394 |   NaN | NaN | 0,00 | 0,00 | NaN
  27 |  6,03 | 286,504 | 754,53 | 802,92 | 758,99 |  0,00 | 1,474 | 44,35 | 44,35 |  0,00 | 1,356 | 361,88 | 361,88 | 13,62 | 1089,351 | 306,84 | 355,23 |  0,00 | 298,559 | 41,46 | 41,46 | 616,595 |   NaN | NaN | 0,00 | 0,00 | NaN
  28 |  5,41 | 275,478 | 753,93 | 797,07 | 758,41 |  0,00 | 1,449 | 44,35 | 44,35 |  0,00 | 1,417 | 359,04 | 359,04 | 12,25 | 1037,811 | 309,08 | 352,22 |  0,00 | 312,027 | 41,46 | 41,46 | 608,274 |   NaN | NaN | 0,00 | 0,00 | NaN
  29 |  6,58 | 280,407 | 754,12 | 807,23 | 758,58 |  0,00 | 1,412 | 44,35 | 44,35 |  0,00 | 1,396 | 360,55 | 360,55 | 14,72 | 1061,340 | 307,76 | 360,87 |  0,00 | 309,779 | 41,46 | 41,46 | 622,740 |   NaN | NaN | 0,00 | 0,00 | NaN
  30 |  6,01 | 284,790 | 754,27 | 802,50 | 758,75 |  0,00 | 1,460 | 44,35 | 44,35 |  0,00 | 1,427 | 358,24 | 358,24 | 13,45 | 1069,966 | 310,22 | 358,45 |  0,00 | 313,288 | 41,46 | 41,46 | 632,594 |   NaN | NaN | 0,00 | 0,00 | NaN
  31 |  5,92 | 280,300 | 754,93 | 802,39 | 759,38 |  0,00 | 1,421 | 44,35 | 44,35 |  0,00 | 1,393 | 360,67 | 360,67 | 13,34 | 1060,219 | 308,45 | 355,91 |  0,00 | 299,398 | 41,46 | 41,46 | 611,538 |   NaN | NaN | 0,00 | 0,00 | NaN
  32 |  6,51 | 285,619 | 755,25 | 807,85 | 759,69 |  0,00 | 1,818 | 44,35 | 44,35 |  0,00 | 1,400 | 360,64 | 360,64 | 14,55 | 1078,780 | 308,80 | 361,40 |  0,00 | 303,342 | 41,46 | 41,46 | 629,108 |   NaN | NaN | 0,00 | 0,00 | NaN
  33 |  5,94 | 279,086 | 754,06 | 801,66 | 758,53 |  0,00 | 1,488 | 44,35 | 44,35 |  0,00 | 1,414 | 356,97 | 356,97 | 13,26 | 1043,415 | 311,28 | 358,88 |  0,00 | 322,971 | 41,46 | 41,46 | 641,782 |   NaN | NaN | 0,00 | 0,00 | NaN
  34 |  6,09 | 283,873 | 754,65 | 803,55 | 759,11 |  0,00 | 1,435 | 44,35 | 44,35 |  0,00 | 1,406 | 359,18 | 359,18 | 13,64 | 1068,886 | 309,66 | 358,56 |  0,00 | 312,088 | 41,46 | 41,46 | 617,256 |   NaN | NaN | 0,00 | 0,00 | NaN
  35 |  6,89 | 287,038 | 753,86 | 809,64 | 758,33 |  0,00 | 1,366 | 44,35 | 44,35 |  0,00 | 1,355 | 362,39 | 362,39 | 15,43 | 1093,971 | 305,66 | 361,44 |  0,00 | 315,349 | 41,46 | 41,46 | 631,006 |   NaN | NaN | 0,00 | 0,00 | NaN
  36 |  6,07 | 284,558 | 754,10 | 802,85 | 758,56 |  0,00 | 1,417 | 44,35 | 44,35 |  0,00 | 1,408 | 356,03 | 356,03 | 13,50 | 1063,239 | 312,26 | 361,01 |  0,00 | 295,675 | 41,46 | 41,46 | 605,382 |   NaN | NaN | 0,00 | 0,00 | NaN
  37 |  6,98 | 287,594 | 755,14 | 811,77 | 759,59 |  0,00 | 1,447 | 44,35 | 44,35 |  0,00 | 1,396 | 365,54 | 365,54 | 15,71 | 1105,801 | 303,79 | 360,42 |  0,00 | 295,492 | 41,46 | 41,46 | 612,231 |   NaN | NaN | 0,00 | 0,00 | NaN
  38 |  6,83 | 283,372 | 754,94 | 810,31 | 759,41 |  0,00 | 1,393 | 44,35 | 44,35 |  0,00 | 1,382 | 361,81 | 361,81 | 15,27 | 1076,424 | 307,32 | 362,69 |  0,00 | 297,775 | 41,46 | 41,46 | 623,624 |   NaN | NaN | 0,00 | 0,00 | NaN
  39 |  5,03 | 274,125 | 754,83 | 794,82 | 759,31 |  0,00 | 1,460 | 44,35 | 44,35 |  0,00 | 1,428 | 356,45 | 356,45 | 11,34 | 1022,633 | 312,57 | 352,55 |  0,00 | 299,335 | 41,46 | 41,46 | 608,426 |   NaN | NaN | 0,00 | 0,00 | NaN
  40 |  5,46 | 273,237 | 753,60 | 797,14 | 758,08 |  0,00 | 1,487 | 44,35 | 44,35 |  0,00 | 1,427 | 359,47 | 359,47 | 12,37 | 1031,991 | 308,32 | 351,86 |  0,00 | 301,019 | 41,46 | 41,46 | 604,912 |   NaN | NaN | 0,00 | 0,00 | NaN
  41 |  6,83 | 284,593 | 752,93 | 808,15 | 757,40 |  0,00 | 1,459 | 44,35 | 44,35 |  0,00 | 1,412 | 356,60 | 356,60 | 15,10 | 1066,775 | 310,52 | 365,75 |  0,00 | 316,263 | 41,46 | 41,46 | 612,650 |   NaN | NaN | 0,00 | 0,00 | NaN
  42 |  6,87 | 287,006 | 755,25 | 810,93 | 759,71 |  0,00 | 1,629 | 44,35 | 44,35 |  0,00 | 1,381 | 362,20 | 362,20 | 15,34 | 1090,436 | 307,25 | 362,93 |  0,00 | 296,950 | 41,46 | 41,46 | 614,219 |   NaN | NaN | 0,00 | 0,00 | NaN
  43 |  7,54 | 289,482 | 754,84 | 816,43 | 759,31 |  0,00 | 1,493 | 44,35 | 44,35 |  0,00 | 1,435 | 365,41 | 365,41 | 16,86 | 1112,234 | 303,62 | 365,21 |  0,00 | 302,683 | 41,46 | 41,46 | 605,267 |   NaN | NaN | 0,00 | 0,00 | NaN
  44 |  6,72 | 291,095 | 754,61 | 808,95 | 759,05 |  0,00 | 1,359 | 44,35 | 44,35 |  0,00 | 1,345 | 359,69 | 359,69 | 14,95 | 1099,979 | 309,10 | 363,45 |  0,00 | 297,527 | 41,46 | 41,46 | 607,449 |   NaN | NaN | 0,00 | 0,00 | NaN
  45 |  6,08 | 281,664 | 754,84 | 803,69 | 759,31 |  0,00 | 1,556 | 44,35 | 44,35 |  0,00 | 1,429 | 363,31 | 363,31 | 13,78 | 1074,258 | 305,72 | 354,57 |  0,00 | 306,491 | 41,46 | 41,46 | 630,213 |   NaN | NaN | 0,00 | 0,00 | NaN
  46 |  6,38 | 281,600 | 754,60 | 806,05 | 759,04 |  0,00 | 1,576 | 44,35 | 44,35 |  0,00 | 1,375 | 358,44 | 358,44 | 14,22 | 1057,944 | 310,35 | 361,80 |  0,00 | 301,140 | 41,46 | 41,46 | 612,589 |   NaN | NaN | 0,00 | 0,00 | NaN
  47 |  6,12 | 283,944 | 754,22 | 803,38 | 758,67 |  0,00 | 1,388 | 44,35 | 44,35 |  0,00 | 1,366 | 360,55 | 360,55 | 13,77 | 1075,732 | 307,87 | 357,02 |  0,00 | 300,358 | 41,46 | 41,46 | 603,640 |   NaN | NaN | 0,00 | 0,00 | NaN
  48 |  6,11 | 281,511 | 753,78 | 802,80 | 758,22 |  0,00 | 1,470 | 44,35 | 44,35 |  0,00 | 1,406 | 358,65 | 358,65 | 13,68 | 1061,958 | 309,32 | 358,34 |  0,00 | 281,741 | 41,46 | 41,46 | 572,997 |   NaN | NaN | 0,00 | 0,00 | NaN
  49 |  6,01 | 276,129 | 754,53 | 802,73 | 759,00 |  0,00 | 1,679 | 44,35 | 44,35 |  0,00 | 1,410 | 360,52 | 360,52 | 13,53 | 1042,907 | 308,20 | 356,41 |  0,00 | 317,634 | 41,46 | 41,46 | 630,580 |   NaN | NaN | 0,00 | 0,00 | NaN
  50 |  6,64 | 281,955 | 754,17 | 807,84 | 758,60 |  0,00 | 1,442 | 44,35 | 44,35 |  0,00 | 1,364 | 363,19 | 363,19 | 14,96 | 1077,189 | 305,17 | 358,84 |  0,00 | 301,358 | 41,46 | 41,46 | 585,830 |   NaN | NaN | 0,00 | 0,00 | NaN
  51 |  6,42 | 280,826 | 754,70 | 806,49 | 759,14 |  0,00 | 1,378 | 44,35 | 44,35 |  0,00 | 1,361 | 359,59 | 359,59 | 14,34 | 1059,332 | 309,30 | 361,09 |  0,00 | 299,830 | 41,46 | 41,46 | 615,506 |   NaN | NaN | 0,00 | 0,00 | NaN
  52 |  6,25 | 278,653 | 753,51 | 803,71 | 757,97 |  0,00 | 1,521 | 44,35 | 44,35 |  0,00 | 1,393 | 355,05 | 355,05 | 13,83 | 1037,655 | 312,66 | 362,86 |  0,00 | 312,917 | 41,46 | 41,46 | 625,304 |   NaN | NaN | 0,00 | 0,00 | NaN
  53 |  6,49 | 289,251 | 754,01 | 806,37 | 758,45 |  0,00 | 1,406 | 44,35 | 44,35 |  0,00 | 1,375 | 361,72 | 361,72 | 14,59 | 1101,767 | 306,48 | 358,84 |  0,00 | 287,456 | 41,46 | 41,46 | 591,784 |   NaN | NaN | 0,00 | 0,00 | NaN
  54 |  5,58 | 280,560 | 754,96 | 799,59 | 759,41 |  0,00 | 1,680 | 44,35 | 44,35 |  0,00 | 1,390 | 359,54 | 359,54 | 12,60 | 1056,741 | 309,61 | 354,24 |  0,00 | 303,064 | 41,46 | 41,46 | 610,565 |   NaN | NaN | 0,00 | 0,00 | NaN
  55 |  5,88 | 285,017 | 755,19 | 802,36 | 759,64 |  0,00 | 1,368 | 44,35 | 44,35 |  0,00 | 1,362 | 356,68 | 356,68 | 13,11 | 1064,834 | 312,70 | 359,87 |  0,00 | 294,689 | 41,46 | 41,46 | 612,368 |   NaN | NaN | 0,00 | 0,00 | NaN
  56 |  5,80 | 279,714 | 754,54 | 801,00 | 758,98 |  0,00 | 1,448 | 44,35 | 44,35 |  0,00 | 1,370 | 356,90 | 356,90 | 12,97 | 1047,711 | 311,83 | 358,29 |  0,00 | 276,562 | 41,46 | 41,46 | 591,415 |   NaN | NaN | 0,00 | 0,00 | NaN
  57 |  6,27 | 273,441 | 754,77 | 805,28 | 759,23 |  0,00 | 1,429 | 44,35 | 44,35 |  0,00 | 1,365 | 358,28 | 358,28 | 13,98 | 1025,929 | 310,68 | 361,19 |  0,00 | 302,838 | 41,46 | 41,46 | 610,656 |   NaN | NaN | 0,00 | 0,00 | NaN
  58 |  6,34 | 283,537 | 754,06 | 805,11 | 758,54 |  0,00 | 1,408 | 44,35 | 44,35 |  0,00 | 1,394 | 359,55 | 359,55 | 14,19 | 1069,552 | 308,70 | 359,74 |  0,00 | 316,332 | 41,46 | 41,46 | 641,630 |   NaN | NaN | 0,00 | 0,00 | NaN
  59 |  6,90 | 286,443 | 755,24 | 811,25 | 759,68 |  0,00 | 1,484 | 44,35 | 44,35 |  0,00 | 1,413 | 359,61 | 359,61 | 15,31 | 1079,568 | 309,82 | 365,84 |  0,00 | 295,894 | 41,46 | 41,46 | 609,363 |   NaN | NaN | 0,00 | 0,00 | NaN
  60 |  6,36 | 281,750 | 754,67 | 805,96 | 759,12 |  0,00 | 1,374 | 44,35 | 44,35 |  0,00 | 1,348 | 359,92 | 359,92 | 14,24 | 1062,966 | 308,95 | 360,23 |  0,00 | 312,691 | 41,46 | 41,46 | 628,243 |   NaN | NaN | 0,00 | 0,00 | NaN
  61 |  6,87 | 287,950 | 754,20 | 809,87 | 758,65 |  0,00 | 1,643 | 44,35 | 44,35 |  0,00 | 1,392 | 361,68 | 361,68 | 15,36 | 1095,372 | 306,72 | 362,39 |  0,00 | 294,498 | 41,46 | 41,46 | 620,510 |   NaN | NaN | 0,00 | 0,00 | NaN
  62 |  6,79 | 289,238 | 754,21 | 809,12 | 758,71 |  0,00 | 1,462 | 44,35 | 44,35 |  0,00 | 1,433 | 362,33 | 362,33 | 15,21 | 1101,501 | 306,07 | 360,98 |  0,00 | 313,358 | 41,46 | 41,46 | 620,974 |   NaN | NaN | 0,00 | 0,00 | NaN
  63 |  6,51 | 282,593 | 753,99 | 806,54 | 758,45 |  0,00 | 1,393 | 44,35 | 44,35 |  0,00 | 1,387 | 362,17 | 362,17 | 14,65 | 1077,135 | 306,01 | 358,56 |  0,00 | 293,920 | 41,46 | 41,46 | 603,092 |   NaN | NaN | 0,00 | 0,00 | NaN
  64 |  5,67 | 278,912 | 754,40 | 799,76 | 758,88 |  0,00 | 1,465 | 44,35 | 44,35 |  0,00 | 1,430 | 358,32 | 358,32 | 12,75 | 1047,460 | 310,28 | 355,64 |  0,00 | 306,779 | 41,46 | 41,46 | 626,220 |   NaN | NaN | 0,00 | 0,00 | NaN

= = = = = = = = = = = = AVERAGE RESULTS system = = = = = = = = = = = =
meanPLR_system | 6,330703 
meanDelay_system | 282,632651 
meanLoad_system | 805,393641 
meanTHR_system | 754,381884 
meanGate_system | 758,840363 

meanPLR_EF_system | 0,000000 
meanPLR_AF_system | 0,000000 
meanPLR_BE_system | 14,181259 
meanPLR_FLA_system | 0,000000 
meanPLR_FLB_system | NaN 

meanTHR_EF_system | 44,352003 
meanTHR_AF_system | 360,095910 
meanTHR_BE_system | 308,475763 
meanTHR_FLA_system | 42,147668 
meanTHR_FLB_system | 0,000000 

meanLoad_EF_system | 44,352003 
meanLoad_AF_system | 360,095910 
meanLoad_BE_system | 359,487519 
meanLoad_FLA_system | 42,147668 
meanLoad_FLB_system | 0,000000 

meanDELAY_EF_system | 1,470163 
meanDELAY_AF_system | 1,395010 
meanDELAY_BE_system | 1068,430282 
meanDELAY_FLA_system | 304,155538 
meanDELAY_FLB_system | NaN 
meanDELAY_CompleteFLA_system | 615,982260 
meanDELAY_CompleteFLB_system | NaN 

= = = = = = = = = = = = AVERAGE RESULTS = = = = = = = = = = = =
Packet Loss Ratio: 06,33 (%)
PROCESSED PACKAGES: 2203021056 
DISCARTED PACKAGES: 93431392 
TOTAL PACKAGES: 2296452448 
AVERAGE DELAY: 53048,83 (ms) 
AVERAGE THROUGHPUT: 754,38 (Mbps) 
GRANTED THROUGHPUT: 48565,78 (Mbps) By 64 ONUs
EFFECTIVE THROUGHPUT: 48280,44 (Mbps) By 64 ONUs
TOTAL LOAD: 51545,19 (Mbps) By 64 ONUs
ON Arrival THROUGHPUT: 0,00 (Mbps) By 64 ONUs
FINISHTIMEFL: 180,394320 
FINISHTIME: 183,394320 


fileName | IPACT_STRICTPRIORITYFIRSTAF_3_36_96_0 
