
ONU ID 	|  PLR(%) | Delay(ms) | Throughput(Mbps) | Granted Throughput(Mbps) | Total Load (Mbps) 

  ID |  PLR(%) |  D  | Thr |  Gates  |  Load  | PLR-EF | D-EF | ThrEF | LoadEF | PLR-AF | D-AF | ThrAF | LoadAF | PLR-BE | D-BE | ThrBE | LoadBE | PLR-FA | D-FA | ThrFA | LoadFA | DTFA |  PLR-FB | D-FB | ThrFB | LoadFB | DTFB | 
   1 |  0,00 | 39,798 | 752,29 | 752,29 | 757,90 |  0,00 | 1,177 | 44,35 | 44,35 |  0,00 | 3,633 | 342,63 | 342,63 |  0,00 | 125,123 | 337,73 | 337,73 |  0,00 | 248,415 | 27,59 | 27,59 | 515,713 |   NaN | NaN | 0,00 | 0,00 | NaN
   2 |  0,00 | 45,704 | 748,27 | 748,27 | 754,30 |  0,00 | 1,189 | 44,35 | 44,35 |  0,00 | 1,763 | 340,64 | 340,64 |  0,00 | 113,089 | 335,69 | 335,69 |  0,00 | 1056,584 | 27,59 | 27,59 | 2150,979 |   NaN | NaN | 0,00 | 0,00 | NaN
   3 |  0,00 | 38,084 | 743,47 | 743,47 | 748,95 |  0,00 | 1,125 | 44,35 | 44,35 |  0,00 | 1,561 | 335,17 | 335,17 |  0,00 | 88,196 | 336,36 | 336,36 |  0,00 | 996,235 | 27,59 | 27,59 | 2025,075 |   NaN | NaN | 0,00 | 0,00 | NaN
   4 |  0,00 | 35,281 | 751,56 | 751,56 | 757,02 |  0,00 | 1,131 | 44,35 | 44,35 |  0,00 | 11,273 | 341,69 | 341,69 |  0,00 | 106,218 | 337,92 | 337,92 |  0,00 | 134,573 | 27,59 | 27,59 | 288,918 |   NaN | NaN | 0,00 | 0,00 | NaN
   5 |  0,00 | 39,093 | 741,98 | 741,98 | 747,47 |  0,00 | 1,156 | 44,35 | 44,35 |  0,00 | 1,605 | 335,79 | 335,79 |  0,00 | 73,792 | 334,25 | 334,25 |  0,00 | 1413,384 | 27,59 | 27,59 | 2893,806 |   NaN | NaN | 0,00 | 0,00 | NaN
   6 |  0,00 | 38,737 | 748,02 | 748,02 | 753,49 |  0,00 | 1,105 | 44,35 | 44,35 |  0,00 | 1,482 | 339,29 | 339,29 |  0,00 | 83,222 | 336,78 | 336,78 |  0,00 | 1175,127 | 27,59 | 27,59 | 2399,800 |   NaN | NaN | 0,00 | 0,00 | NaN
   7 |  0,00 | 41,358 | 747,48 | 747,48 | 752,95 |  0,00 | 1,124 | 44,35 | 44,35 |  0,00 | 1,859 | 337,41 | 337,41 |  0,00 | 122,561 | 338,12 | 338,12 |  0,00 | 461,855 | 27,59 | 27,59 | 941,334 |   NaN | NaN | 0,00 | 0,00 | NaN
   8 |  0,00 | 43,401 | 751,76 | 751,76 | 757,36 |  0,00 | 1,174 | 44,35 | 44,35 |  0,00 | 1,835 | 338,86 | 338,86 |  0,00 | 101,778 | 340,96 | 340,96 |  0,00 | 1101,119 | 27,59 | 27,59 | 2245,681 |   NaN | NaN | 0,00 | 0,00 | NaN
   9 |  0,00 | 34,032 | 747,93 | 747,93 | 753,41 |  0,00 | 1,113 | 44,35 | 44,35 |  0,00 | 1,664 | 337,36 | 337,36 |  0,00 | 85,229 | 338,62 | 338,62 |  0,00 | 729,649 | 27,59 | 27,59 | 1481,247 |   NaN | NaN | 0,00 | 0,00 | NaN
  10 |  0,00 | 37,983 | 747,07 | 747,07 | 752,65 |  0,00 | 1,174 | 44,35 | 44,35 |  0,00 | 4,044 | 339,13 | 339,13 |  0,00 | 119,271 | 336,00 | 336,00 |  0,00 | 226,158 | 27,59 | 27,59 | 471,490 |   NaN | NaN | 0,00 | 0,00 | NaN
  11 |  0,00 | 39,821 | 747,41 | 747,41 | 752,89 |  0,00 | 1,114 | 44,35 | 44,35 |  0,00 | 1,268 | 336,97 | 336,97 |  0,00 | 57,946 | 338,50 | 338,50 |  0,00 | 1841,572 | 27,59 | 27,59 | 3888,493 |   NaN | NaN | 0,00 | 0,00 | NaN
  12 |  0,00 | 39,095 | 747,64 | 747,64 | 753,28 |  0,00 | 1,176 | 44,35 | 44,35 |  0,00 | 1,511 | 336,92 | 336,92 |  0,00 | 81,495 | 338,79 | 338,79 |  0,00 | 1228,687 | 27,59 | 27,59 | 2511,049 |   NaN | NaN | 0,00 | 0,00 | NaN
  13 |  0,00 | 35,091 | 738,71 | 738,71 | 744,20 |  0,00 | 1,141 | 44,35 | 44,35 |  0,00 | 1,470 | 335,23 | 335,23 |  0,00 | 75,672 | 331,54 | 331,54 |  0,00 | 1055,253 | 27,59 | 27,59 | 2146,330 |   NaN | NaN | 0,00 | 0,00 | NaN
  14 |  0,00 | 41,420 | 752,48 | 752,48 | 758,24 |  0,00 | 1,182 | 44,35 | 44,35 |  0,00 | 1,326 | 339,93 | 339,93 |  0,00 | 81,940 | 340,61 | 340,61 |  0,00 | 1415,604 | 27,59 | 27,59 | 2900,264 |   NaN | NaN | 0,00 | 0,00 | NaN
  15 |  0,00 | 38,668 | 746,71 | 746,71 | 752,33 |  0,00 | 1,176 | 44,35 | 44,35 |  0,00 | 2,511 | 333,39 | 333,39 |  0,00 | 110,413 | 341,38 | 341,38 |  0,00 | 480,540 | 27,59 | 27,59 | 978,507 |   NaN | NaN | 0,00 | 0,00 | NaN
  16 |  0,00 | 43,120 | 754,81 | 754,81 | 760,33 |  0,00 | 1,167 | 44,35 | 44,35 |  0,00 | 1,648 | 340,03 | 340,03 |  0,00 | 110,515 | 342,84 | 342,84 |  0,00 | 873,279 | 27,59 | 27,59 | 1772,463 |   NaN | NaN | 0,00 | 0,00 | NaN
  17 |  0,00 | 42,415 | 748,26 | 748,26 | 753,96 |  0,00 | 1,180 | 44,35 | 44,35 |  0,00 | 1,362 | 339,46 | 339,46 |  0,00 | 111,517 | 336,86 | 336,86 |  0,00 | 824,686 | 27,59 | 27,59 | 1673,643 |   NaN | NaN | 0,00 | 0,00 | NaN
  18 |  0,00 | 36,512 | 744,98 | 744,98 | 750,47 |  0,00 | 1,157 | 44,35 | 44,35 |  0,00 | 1,350 | 337,27 | 337,27 |  0,00 | 47,618 | 335,77 | 335,77 |  0,00 | 1809,522 | 27,59 | 27,59 | 3957,448 |   NaN | NaN | 0,00 | 0,00 | NaN
  19 |  0,00 | 37,672 | 740,86 | 740,86 | 746,35 |  0,00 | 1,148 | 44,35 | 44,35 |  0,00 | 1,671 | 332,86 | 332,86 |  0,00 | 55,731 | 336,06 | 336,06 |  0,00 | 1699,798 | 27,59 | 27,59 | 3493,897 |   NaN | NaN | 0,00 | 0,00 | NaN
  20 |  0,00 | 37,981 | 739,22 | 739,22 | 744,70 |  0,00 | 1,144 | 44,35 | 44,35 |  0,00 | 1,707 | 336,88 | 336,88 |  0,00 | 51,237 | 330,40 | 330,40 |  0,00 | 1842,456 | 27,59 | 27,59 | 3914,787 |   NaN | NaN | 0,00 | 0,00 | NaN
  21 |  0,00 | 30,632 | 737,90 | 737,90 | 743,38 |  0,00 | 1,148 | 44,35 | 44,35 |  0,00 | 1,997 | 334,29 | 334,29 |  0,00 | 90,127 | 331,67 | 331,67 |  0,00 | 352,536 | 27,59 | 27,59 | 723,023 |   NaN | NaN | 0,00 | 0,00 | NaN
  22 |  0,00 | 38,241 | 750,53 | 750,53 | 756,48 |  0,00 | 1,187 | 44,35 | 44,35 |  0,00 | 1,482 | 342,84 | 342,84 |  0,00 | 68,208 | 335,75 | 335,75 |  0,00 | 1488,213 | 27,59 | 27,59 | 3050,228 |   NaN | NaN | 0,00 | 0,00 | NaN
  23 |  0,00 | 39,173 | 749,89 | 749,89 | 755,44 |  0,00 | 1,169 | 44,35 | 44,35 |  0,00 | 1,467 | 339,29 | 339,29 |  0,00 | 56,088 | 338,66 | 338,66 |  0,00 | 1830,900 | 27,59 | 27,59 | 3793,643 |   NaN | NaN | 0,00 | 0,00 | NaN
  24 |  0,00 | 39,647 | 753,69 | 753,69 | 759,19 |  0,00 | 1,130 | 44,35 | 44,35 |  0,00 | 1,512 | 340,28 | 340,28 |  0,00 | 90,483 | 341,47 | 341,47 |  0,00 | 1066,903 | 27,59 | 27,59 | 2172,601 |   NaN | NaN | 0,00 | 0,00 | NaN
  25 |  0,00 | 40,553 | 749,90 | 749,90 | 755,89 |  0,00 | 1,188 | 44,35 | 44,35 |  0,00 | 1,483 | 335,09 | 335,09 |  0,00 | 114,758 | 342,87 | 342,87 |  0,00 | 553,092 | 27,59 | 27,59 | 1124,715 |   NaN | NaN | 0,00 | 0,00 | NaN
  26 |  0,00 | 35,984 | 744,78 | 744,78 | 750,61 |  0,00 | 1,184 | 44,35 | 44,35 |  0,00 | 2,244 | 337,43 | 337,43 |  0,00 | 104,618 | 335,41 | 335,41 |  0,00 | 440,350 | 27,59 | 27,59 | 898,221 |   NaN | NaN | 0,00 | 0,00 | NaN
  27 |  0,00 | 35,680 | 743,66 | 743,66 | 749,13 |  0,00 | 1,110 | 44,35 | 44,35 |  0,00 | 1,255 | 338,10 | 338,10 |  0,00 | 45,838 | 333,62 | 333,62 |  0,00 | 1789,955 | 27,59 | 27,59 | 3948,702 |   NaN | NaN | 0,00 | 0,00 | NaN
  28 |  0,00 | 38,253 | 741,27 | 741,27 | 746,93 |  0,00 | 1,177 | 44,35 | 44,35 |  0,00 | 1,582 | 336,43 | 336,43 |  0,00 | 52,630 | 332,89 | 332,89 |  0,00 | 1831,560 | 27,59 | 27,59 | 3794,835 |   NaN | NaN | 0,00 | 0,00 | NaN
  29 |  0,00 | 39,375 | 747,44 | 747,44 | 752,92 |  0,00 | 1,156 | 44,35 | 44,35 |  0,00 | 1,489 | 336,12 | 336,12 |  0,00 | 55,567 | 339,38 | 339,38 |  0,00 | 1850,302 | 27,59 | 27,59 | 3877,904 |   NaN | NaN | 0,00 | 0,00 | NaN
  30 |  0,00 | 36,707 | 744,63 | 744,63 | 750,61 |  0,00 | 1,187 | 44,35 | 44,35 |  0,00 | 1,325 | 335,57 | 335,57 |  0,00 | 47,557 | 337,12 | 337,12 |  0,00 | 1821,466 | 27,59 | 27,59 | 3934,826 |   NaN | NaN | 0,00 | 0,00 | NaN
  31 |  0,00 | 38,621 | 745,25 | 745,25 | 750,74 |  0,00 | 1,154 | 44,35 | 44,35 |  0,00 | 1,360 | 337,56 | 337,56 |  0,00 | 54,238 | 335,75 | 335,75 |  0,00 | 1830,225 | 27,59 | 27,59 | 3790,035 |   NaN | NaN | 0,00 | 0,00 | NaN
  32 |  0,00 | 39,669 | 749,61 | 749,61 | 755,08 |  0,00 | 1,110 | 44,35 | 44,35 |  0,00 | 1,541 | 337,77 | 337,77 |  0,00 | 56,706 | 339,90 | 339,90 |  0,00 | 1852,184 | 27,59 | 27,59 | 3906,761 |   NaN | NaN | 0,00 | 0,00 | NaN
  33 |  0,00 | 38,756 | 743,69 | 743,69 | 749,29 |  0,00 | 1,175 | 44,35 | 44,35 |  0,00 | 1,574 | 335,10 | 335,10 |  0,00 | 54,261 | 336,65 | 336,65 |  0,00 | 1827,941 | 27,59 | 27,59 | 3919,312 |   NaN | NaN | 0,00 | 0,00 | NaN
  34 |  0,00 | 30,757 | 746,50 | 746,50 | 752,03 |  0,00 | 1,167 | 44,35 | 44,35 |  0,00 | 1,269 | 336,84 | 336,84 |  0,00 | 28,780 | 337,71 | 337,71 |  0,00 | 1773,984 | 27,59 | 27,59 | 3962,917 |   NaN | NaN | 0,00 | 0,00 | NaN
  35 |  0,00 | 35,354 | 750,50 | 750,50 | 755,98 |  0,00 | 1,116 | 44,35 | 44,35 |  0,00 | 1,132 | 339,49 | 339,49 |  0,00 | 47,336 | 339,07 | 339,07 |  0,00 | 1730,833 | 27,59 | 27,59 | 3932,390 |   NaN | NaN | 0,00 | 0,00 | NaN
  36 |  0,00 | 35,630 | 744,64 | 744,64 | 750,20 |  0,00 | 1,169 | 44,35 | 44,35 |  0,00 | 1,246 | 334,79 | 334,79 |  0,00 | 45,450 | 337,91 | 337,91 |  0,00 | 1782,474 | 27,59 | 27,59 | 3956,237 |   NaN | NaN | 0,00 | 0,00 | NaN
  37 |  0,00 | 39,553 | 751,78 | 751,78 | 757,26 |  0,00 | 1,152 | 44,35 | 44,35 |  0,00 | 1,480 | 341,77 | 341,77 |  0,00 | 57,228 | 338,06 | 338,06 |  0,00 | 1842,979 | 27,59 | 27,59 | 3900,506 |   NaN | NaN | 0,00 | 0,00 | NaN
  38 |  0,00 | 39,525 | 753,29 | 753,29 | 758,78 |  0,00 | 1,143 | 44,35 | 44,35 |  0,00 | 1,371 | 340,65 | 340,65 |  0,00 | 58,173 | 340,70 | 340,70 |  0,00 | 1815,413 | 27,59 | 27,59 | 3941,977 |   NaN | NaN | 0,00 | 0,00 | NaN
  39 |  0,00 | 38,159 | 739,99 | 739,99 | 745,97 |  0,00 | 1,186 | 44,35 | 44,35 |  0,00 | 1,603 | 335,87 | 335,87 |  0,00 | 52,141 | 332,17 | 332,17 |  0,00 | 1833,279 | 27,59 | 27,59 | 3920,833 |   NaN | NaN | 0,00 | 0,00 | NaN
  40 |  0,00 | 34,939 | 737,59 | 737,59 | 743,59 |  0,00 | 1,186 | 44,35 | 44,35 |  0,00 | 1,429 | 335,44 | 335,44 |  0,00 | 42,080 | 330,21 | 330,21 |  0,00 | 1804,374 | 27,59 | 27,59 | 3961,588 |   NaN | NaN | 0,00 | 0,00 | NaN
  41 |  0,00 | 42,507 | 751,76 | 751,76 | 757,32 |  0,00 | 1,169 | 44,35 | 44,35 |  0,00 | 1,444 | 337,29 | 337,29 |  0,00 | 66,901 | 342,53 | 342,53 |  0,00 | 1841,876 | 27,59 | 27,59 | 3839,829 |   NaN | NaN | 0,00 | 0,00 | NaN
  42 |  0,00 | 40,185 | 748,95 | 748,95 | 754,44 |  0,00 | 1,115 | 44,35 | 44,35 |  0,00 | 1,487 | 337,70 | 337,70 |  0,00 | 58,881 | 339,32 | 339,32 |  0,00 | 1845,193 | 27,59 | 27,59 | 3873,414 |   NaN | NaN | 0,00 | 0,00 | NaN
  43 |  0,00 | 41,358 | 753,21 | 753,21 | 759,15 |  0,00 | 1,194 | 44,35 | 44,35 |  0,00 | 1,644 | 341,99 | 341,99 |  0,00 | 63,718 | 339,28 | 339,28 |  0,00 | 1834,575 | 27,59 | 27,59 | 3919,580 |   NaN | NaN | 0,00 | 0,00 | NaN
  44 |  0,00 | 39,227 | 749,24 | 749,24 | 754,71 |  0,00 | 1,106 | 44,35 | 44,35 |  0,00 | 1,376 | 338,09 | 338,09 |  0,00 | 55,776 | 339,21 | 339,21 |  0,00 | 1843,086 | 27,59 | 27,59 | 3831,077 |   NaN | NaN | 0,00 | 0,00 | NaN
  45 |  0,00 | 42,955 | 749,17 | 749,17 | 755,26 |  0,00 | 1,190 | 44,35 | 44,35 |  0,00 | 1,480 | 341,07 | 341,07 |  0,00 | 69,374 | 336,15 | 336,15 |  0,00 | 1841,468 | 27,59 | 27,59 | 3861,282 |   NaN | NaN | 0,00 | 0,00 | NaN
  46 |  0,00 | 40,930 | 747,69 | 747,69 | 753,18 |  0,00 | 1,129 | 44,35 | 44,35 |  0,00 | 1,263 | 337,11 | 337,11 |  0,00 | 61,962 | 338,64 | 338,64 |  0,00 | 1839,015 | 27,59 | 27,59 | 3914,037 |   NaN | NaN | 0,00 | 0,00 | NaN
  47 |  0,00 | 41,637 | 748,10 | 748,10 | 753,59 |  0,00 | 1,127 | 44,35 | 44,35 |  0,00 | 1,569 | 340,71 | 340,71 |  0,00 | 65,564 | 335,45 | 335,45 |  0,00 | 1821,111 | 27,59 | 27,59 | 3766,534 |   NaN | NaN | 0,00 | 0,00 | NaN
  48 |  0,00 | 37,257 | 744,43 | 744,43 | 749,93 |  0,00 | 1,157 | 44,35 | 44,35 |  0,00 | 1,443 | 336,64 | 336,64 |  0,00 | 48,812 | 335,86 | 335,86 |  0,00 | 1839,342 | 27,59 | 27,59 | 3819,346 |   NaN | NaN | 0,00 | 0,00 | NaN
  49 |  0,00 | 42,523 | 744,93 | 744,93 | 750,49 |  0,00 | 1,169 | 44,35 | 44,35 |  0,00 | 1,596 | 337,56 | 337,56 |  0,00 | 68,402 | 335,43 | 335,43 |  0,00 | 1817,848 | 27,59 | 27,59 | 3759,737 |   NaN | NaN | 0,00 | 0,00 | NaN
  50 |  0,00 | 41,398 | 749,25 | 749,25 | 754,73 |  0,00 | 1,123 | 44,35 | 44,35 |  0,00 | 1,584 | 341,13 | 341,13 |  0,00 | 63,850 | 336,18 | 336,18 |  0,00 | 1841,215 | 27,59 | 27,59 | 3924,498 |   NaN | NaN | 0,00 | 0,00 | NaN
  51 |  0,00 | 40,986 | 748,50 | 748,50 | 753,98 |  0,00 | 1,121 | 44,35 | 44,35 |  0,00 | 1,244 | 337,23 | 337,23 |  0,00 | 61,942 | 339,32 | 339,32 |  0,00 | 1844,056 | 27,59 | 27,59 | 3840,879 |   NaN | NaN | 0,00 | 0,00 | NaN
  52 |  0,00 | 38,586 | 742,04 | 742,04 | 747,52 |  0,00 | 1,148 | 44,35 | 44,35 |  0,00 | 1,743 | 332,76 | 332,76 |  0,00 | 52,363 | 337,34 | 337,34 |  0,00 | 1848,203 | 27,59 | 27,59 | 3858,458 |   NaN | NaN | 0,00 | 0,00 | NaN
  53 |  0,00 | 38,962 | 749,85 | 749,85 | 755,35 |  0,00 | 1,135 | 44,35 | 44,35 |  0,00 | 1,511 | 339,54 | 339,54 |  0,00 | 54,773 | 338,37 | 338,37 |  0,00 | 1845,395 | 27,59 | 27,59 | 3904,241 |   NaN | NaN | 0,00 | 0,00 | NaN
  54 |  0,00 | 38,656 | 743,37 | 743,37 | 748,85 |  0,00 | 1,138 | 44,35 | 44,35 |  0,00 | 1,404 | 337,88 | 337,88 |  0,00 | 54,114 | 333,54 | 333,54 |  0,00 | 1838,791 | 27,59 | 27,59 | 3860,808 |   NaN | NaN | 0,00 | 0,00 | NaN
  55 |  0,00 | 38,685 | 746,68 | 746,68 | 752,18 |  0,00 | 1,123 | 44,35 | 44,35 |  0,00 | 1,286 | 336,97 | 336,97 |  0,00 | 55,016 | 337,77 | 337,77 |  0,00 | 1816,459 | 27,59 | 27,59 | 3938,400 |   NaN | NaN | 0,00 | 0,00 | NaN
  56 |  0,00 | 39,261 | 743,92 | 743,92 | 749,42 |  0,00 | 1,128 | 44,35 | 44,35 |  0,00 | 1,411 | 334,77 | 334,77 |  0,00 | 55,934 | 337,21 | 337,21 |  0,00 | 1834,448 | 27,59 | 27,59 | 3812,950 |   NaN | NaN | 0,00 | 0,00 | NaN
  57 |  0,00 | 41,904 | 747,77 | 747,77 | 753,26 |  0,00 | 1,125 | 44,35 | 44,35 |  0,00 | 1,425 | 337,34 | 337,34 |  0,00 | 65,653 | 338,49 | 338,49 |  0,00 | 1829,832 | 27,59 | 27,59 | 3787,807 |   NaN | NaN | 0,00 | 0,00 | NaN
  58 |  0,00 | 39,949 | 746,75 | 746,75 | 752,24 |  0,00 | 1,154 | 44,35 | 44,35 |  0,00 | 1,521 | 336,50 | 336,50 |  0,00 | 58,350 | 338,31 | 338,31 |  0,00 | 1834,297 | 27,59 | 27,59 | 3801,892 |   NaN | NaN | 0,00 | 0,00 | NaN
  59 |  0,00 | 36,704 | 751,40 | 751,40 | 757,01 |  0,00 | 1,173 | 44,35 | 44,35 |  0,00 | 1,233 | 338,42 | 338,42 |  0,00 | 49,884 | 341,04 | 341,04 |  0,00 | 1773,328 | 27,59 | 27,59 | 3956,711 |   NaN | NaN | 0,00 | 0,00 | NaN
  60 |  0,00 | 40,690 | 745,80 | 745,80 | 751,28 |  0,00 | 1,108 | 44,35 | 44,35 |  0,00 | 1,443 | 337,31 | 337,31 |  0,00 | 60,916 | 336,55 | 336,55 |  0,00 | 1843,108 | 27,59 | 27,59 | 3838,665 |   NaN | NaN | 0,00 | 0,00 | NaN
  61 |  0,00 | 39,280 | 749,81 | 749,81 | 755,28 |  0,00 | 1,130 | 44,35 | 44,35 |  0,00 | 1,479 | 338,18 | 338,18 |  0,00 | 55,793 | 339,68 | 339,68 |  0,00 | 1843,224 | 27,59 | 27,59 | 3908,711 |   NaN | NaN | 0,00 | 0,00 | NaN
  62 |  0,00 | 40,077 | 749,46 | 749,46 | 755,67 |  0,00 | 1,192 | 44,35 | 44,35 |  0,00 | 1,297 | 338,94 | 338,94 |  0,00 | 58,996 | 338,58 | 338,58 |  0,00 | 1839,928 | 27,59 | 27,59 | 3825,911 |   NaN | NaN | 0,00 | 0,00 | NaN
  63 |  0,00 | 38,490 | 747,88 | 747,88 | 753,37 |  0,00 | 1,147 | 44,35 | 44,35 |  0,00 | 1,349 | 338,24 | 338,24 |  0,00 | 54,246 | 337,70 | 337,70 |  0,00 | 1819,677 | 27,59 | 27,59 | 3933,710 |   NaN | NaN | 0,00 | 0,00 | NaN
  64 |  0,00 | 40,215 | 742,97 | 742,97 | 749,13 |  0,00 | 1,191 | 44,35 | 44,35 |  0,00 | 1,427 | 333,65 | 333,65 |  0,00 | 58,717 | 337,39 | 337,39 |  0,00 | 1842,298 | 27,59 | 27,59 | 3865,245 |   NaN | NaN | 0,00 | 0,00 | NaN

= = = = = = = = = = = = AVERAGE RESULTS system = = = = = = = = = = = =
meanPLR_system | 0,000000 
meanDelay_system | 38,951536 
meanLoad_system | 747,036706 
meanTHR_system | 747,036706 
meanGate_system | 752,641670 

meanPLR_EF_system | 0,000000 
meanPLR_AF_system | 0,000000 
meanPLR_BE_system | 0,000000 
meanPLR_FLA_system | 0,000000 
meanPLR_FLB_system | NaN 

meanTHR_EF_system | 44,352001 
meanTHR_AF_system | 337,728849 
meanTHR_BE_system | 337,366825 
meanTHR_FLA_system | 27,980648 
meanTHR_FLB_system | 0,000000 

meanLoad_EF_system | 44,352001 
meanLoad_AF_system | 337,728849 
meanLoad_BE_system | 337,366825 
meanLoad_FLA_system | 27,980648 
meanLoad_FLB_system | 0,000000 

meanDELAY_EF_system | 1,152144 
meanDELAY_AF_system | 1,735021 
meanDELAY_BE_system | 69,449530 
meanDELAY_FLA_system | 1496,112958 
meanDELAY_FLB_system | NaN 
meanDELAY_CompleteFLA_system | 3153,217216 
meanDELAY_CompleteFLB_system | NaN 

= = = = = = = = = = = = AVERAGE RESULTS = = = = = = = = = = = =
Packet Loss Ratio: 00,00 (%)
PROCESSED PACKAGES: 2572333353 
DISCARTED PACKAGES: 0 
TOTAL PACKAGES: 2572333353 
AVERAGE DELAY: 7304,72 (ms) 
AVERAGE THROUGHPUT: 747,04 (Mbps) 
GRANTED THROUGHPUT: 48169,07 (Mbps) By 64 ONUs
EFFECTIVE THROUGHPUT: 47810,35 (Mbps) By 64 ONUs
TOTAL LOAD: 47810,35 (Mbps) By 64 ONUs
ON Arrival THROUGHPUT: 0,00 (Mbps) By 64 ONUs
FINISHTIMEFL: 211,346068 
FINISHTIME: 214,346068 


fileName | IPACT_LBCONSTANTTOKENSBYCYCLE_5_28_90_0 
