
ONU ID 	|  PLR(%) | Delay(ms) | Throughput(Mbps) | Granted Throughput(Mbps) | Total Load (Mbps) 

  ID |  PLR(%) |  D  | Thr |  Gates  |  Load  | PLR-EF | D-EF | ThrEF | LoadEF | PLR-AF | D-AF | ThrAF | LoadAF | PLR-BE | D-BE | ThrBE | LoadBE | PLR-FA | D-FA | ThrFA | LoadFA | DTFA |  PLR-FB | D-FB | ThrFB | LoadFB | DTFB | 
   1 |  0,00 | 38,826 | 741,51 | 741,51 | 748,09 |  0,00 | 1,104 | 44,35 | 44,35 |  0,00 | 7,203 | 323,75 | 323,75 |  0,00 | 110,779 | 312,61 | 312,61 |  0,00 | 248,875 | 60,80 | 60,80 | 516,777 |   NaN | NaN | 0,00 | 0,00 | NaN
   2 |  0,00 | 41,514 | 743,04 | 743,04 | 750,20 |  0,00 | 1,116 | 44,35 | 44,35 |  0,00 | 1,522 | 319,58 | 319,58 |  0,00 | 86,426 | 318,32 | 318,32 |  0,00 | 626,030 | 60,80 | 60,80 | 1271,291 |   NaN | NaN | 0,00 | 0,00 | NaN
   3 |  0,00 | 39,425 | 741,53 | 741,53 | 747,91 |  0,00 | 1,052 | 44,35 | 44,35 |  0,00 | 2,060 | 318,32 | 318,32 |  0,00 | 80,886 | 318,06 | 318,06 |  0,00 | 599,263 | 60,80 | 60,80 | 1217,797 |   NaN | NaN | 0,00 | 0,00 | NaN
   4 |  0,00 | 45,938 | 750,21 | 750,21 | 756,67 |  0,00 | 1,058 | 44,35 | 44,35 |  0,00 | 14,422 | 325,60 | 325,60 |  0,00 | 133,838 | 319,47 | 319,47 |  0,00 | 195,162 | 60,80 | 60,80 | 409,144 |   NaN | NaN | 0,00 | 0,00 | NaN
   5 |  0,00 | 39,538 | 740,27 | 740,27 | 746,69 |  0,00 | 1,083 | 44,35 | 44,35 |  0,00 | 1,878 | 318,10 | 318,10 |  0,00 | 59,959 | 317,03 | 317,03 |  0,00 | 811,399 | 60,80 | 60,80 | 1641,968 |   NaN | NaN | 0,00 | 0,00 | NaN
   6 |  0,00 | 41,166 | 747,35 | 747,35 | 753,73 |  0,00 | 1,031 | 44,35 | 44,35 |  0,00 | 1,504 | 322,40 | 322,40 |  0,00 | 79,319 | 319,80 | 319,80 |  0,00 | 686,683 | 60,80 | 60,80 | 1392,724 |   NaN | NaN | 0,00 | 0,00 | NaN
   7 |  0,00 | 44,139 | 743,72 | 743,72 | 750,10 |  0,00 | 1,050 | 44,35 | 44,35 |  0,00 | 3,066 | 320,75 | 320,75 |  0,00 | 122,614 | 317,83 | 317,83 |  0,00 | 352,892 | 60,80 | 60,80 | 725,152 |   NaN | NaN | 0,00 | 0,00 | NaN
   8 |  0,00 | 42,960 | 744,68 | 744,68 | 751,25 |  0,00 | 1,100 | 44,35 | 44,35 |  0,00 | 1,952 | 317,53 | 317,53 |  0,00 | 88,689 | 321,99 | 321,99 |  0,00 | 644,615 | 60,80 | 60,80 | 1308,483 |   NaN | NaN | 0,00 | 0,00 | NaN
   9 |  0,00 | 45,116 | 746,42 | 746,42 | 752,81 |  0,00 | 1,040 | 44,35 | 44,35 |  0,00 | 1,882 | 323,01 | 323,01 |  0,00 | 115,648 | 318,26 | 318,26 |  0,00 | 471,222 | 60,80 | 60,80 | 961,644 |   NaN | NaN | 0,00 | 0,00 | NaN
  10 |  0,00 | 37,104 | 743,58 | 743,58 | 750,17 |  0,00 | 1,101 | 44,35 | 44,35 |  0,00 | 8,772 | 319,47 | 319,47 |  0,00 | 103,034 | 318,97 | 318,97 |  0,00 | 228,633 | 60,80 | 60,80 | 476,411 |   NaN | NaN | 0,00 | 0,00 | NaN
  11 |  0,00 | 41,918 | 737,99 | 737,99 | 744,40 |  0,00 | 1,041 | 44,35 | 44,35 |  0,00 | 1,443 | 312,83 | 312,83 |  0,00 | 40,850 | 320,01 | 320,01 |  0,00 | 1083,950 | 60,80 | 60,80 | 2187,701 |   NaN | NaN | 0,00 | 0,00 | NaN
  12 |  0,00 | 40,920 | 742,62 | 742,62 | 749,24 |  0,00 | 1,103 | 44,35 | 44,35 |  0,00 | 2,244 | 319,42 | 319,42 |  0,00 | 75,060 | 318,06 | 318,06 |  0,00 | 709,691 | 60,80 | 60,80 | 1438,712 |   NaN | NaN | 0,00 | 0,00 | NaN
  13 |  0,00 | 35,370 | 733,93 | 733,93 | 740,34 |  0,00 | 1,068 | 44,35 | 44,35 |  0,00 | 1,601 | 315,05 | 315,05 |  0,00 | 64,256 | 313,73 | 313,73 |  0,00 | 620,340 | 60,80 | 60,80 | 1259,864 |   NaN | NaN | 0,00 | 0,00 | NaN
  14 |  0,00 | 43,966 | 745,89 | 745,89 | 752,70 |  0,00 | 1,109 | 44,35 | 44,35 |  0,00 | 1,372 | 320,28 | 320,28 |  0,00 | 77,556 | 320,46 | 320,46 |  0,00 | 803,207 | 60,80 | 60,80 | 1625,640 |   NaN | NaN | 0,00 | 0,00 | NaN
  15 |  0,00 | 42,289 | 740,11 | 740,11 | 746,69 |  0,00 | 1,103 | 44,35 | 44,35 |  0,00 | 2,892 | 315,66 | 315,66 |  0,00 | 115,286 | 319,30 | 319,30 |  0,00 | 349,271 | 60,80 | 60,80 | 717,800 |   NaN | NaN | 0,00 | 0,00 | NaN
  16 |  0,00 | 42,740 | 748,80 | 748,80 | 755,27 |  0,00 | 1,094 | 44,35 | 44,35 |  0,00 | 1,726 | 319,53 | 319,53 |  0,00 | 99,424 | 324,12 | 324,12 |  0,00 | 530,404 | 60,80 | 60,80 | 1079,974 |   NaN | NaN | 0,00 | 0,00 | NaN
  17 |  0,00 | 46,130 | 747,36 | 747,36 | 754,07 |  0,00 | 1,107 | 44,35 | 44,35 |  0,00 | 1,750 | 321,04 | 321,04 |  0,00 | 114,055 | 321,17 | 321,17 |  0,00 | 515,214 | 60,80 | 60,80 | 1049,641 |   NaN | NaN | 0,00 | 0,00 | NaN
  18 |  0,00 | 43,361 | 740,99 | 740,99 | 747,40 |  0,00 | 1,084 | 44,35 | 44,35 |  0,00 | 1,442 | 316,79 | 316,79 |  0,00 | 39,371 | 319,04 | 319,04 |  0,00 | 1155,345 | 60,80 | 60,80 | 2330,279 |   NaN | NaN | 0,00 | 0,00 | NaN
  19 |  0,00 | 39,722 | 736,62 | 736,62 | 743,04 |  0,00 | 1,075 | 44,35 | 44,35 |  0,00 | 1,862 | 314,04 | 314,04 |  0,00 | 46,439 | 317,44 | 317,44 |  0,00 | 946,136 | 60,80 | 60,80 | 1911,689 |   NaN | NaN | 0,00 | 0,00 | NaN
  20 |  0,00 | 39,983 | 738,31 | 738,31 | 744,71 |  0,00 | 1,070 | 44,35 | 44,35 |  0,00 | 1,172 | 320,44 | 320,44 |  0,00 | 33,300 | 312,73 | 312,73 |  0,00 | 1098,645 | 60,80 | 60,80 | 2217,114 |   NaN | NaN | 0,00 | 0,00 | NaN
  21 |  0,00 | 38,253 | 731,86 | 731,86 | 738,25 |  0,00 | 1,075 | 44,35 | 44,35 |  0,00 | 5,608 | 313,95 | 313,95 |  0,00 | 105,021 | 312,76 | 312,76 |  0,00 | 289,706 | 60,80 | 60,80 | 598,608 |   NaN | NaN | 0,00 | 0,00 | NaN
  22 |  0,00 | 43,217 | 750,34 | 750,34 | 757,39 |  0,00 | 1,113 | 44,35 | 44,35 |  0,00 | 1,471 | 327,22 | 327,22 |  0,00 | 72,338 | 317,97 | 317,97 |  0,00 | 837,840 | 60,80 | 60,80 | 1695,087 |   NaN | NaN | 0,00 | 0,00 | NaN
  23 |  0,00 | 41,440 | 745,42 | 745,42 | 751,93 |  0,00 | 1,095 | 44,35 | 44,35 |  0,00 | 1,426 | 321,91 | 321,91 |  0,00 | 45,927 | 318,37 | 318,37 |  0,00 | 1027,155 | 60,80 | 60,80 | 2073,822 |   NaN | NaN | 0,00 | 0,00 | NaN
  24 |  0,00 | 44,786 | 743,37 | 743,37 | 749,77 |  0,00 | 1,057 | 44,35 | 44,35 |  0,00 | 1,613 | 318,18 | 318,18 |  0,00 | 98,722 | 320,04 | 320,04 |  0,00 | 619,270 | 60,80 | 60,80 | 1257,781 |   NaN | NaN | 0,00 | 0,00 | NaN
  25 |  0,00 | 48,818 | 750,00 | 750,00 | 757,04 |  0,00 | 1,114 | 44,35 | 44,35 |  0,00 | 2,337 | 318,68 | 318,68 |  0,00 | 134,898 | 326,17 | 326,17 |  0,00 | 383,616 | 60,80 | 60,80 | 786,529 |   NaN | NaN | 0,00 | 0,00 | NaN
  26 |  0,00 | 41,781 | 740,42 | 740,42 | 747,31 |  0,00 | 1,111 | 44,35 | 44,35 |  0,00 | 3,560 | 317,39 | 317,39 |  0,00 | 114,201 | 317,88 | 317,88 |  0,00 | 339,927 | 60,80 | 60,80 | 699,104 |   NaN | NaN | 0,00 | 0,00 | NaN
  27 |  0,00 | 43,349 | 739,41 | 739,41 | 745,80 |  0,00 | 1,037 | 44,35 | 44,35 |  0,00 | 1,399 | 319,00 | 319,00 |  0,00 | 38,425 | 315,26 | 315,26 |  0,00 | 1167,749 | 60,80 | 60,80 | 2355,190 |   NaN | NaN | 0,00 | 0,00 | NaN
  28 |  0,00 | 40,723 | 737,07 | 737,07 | 743,73 |  0,00 | 1,104 | 44,35 | 44,35 |  0,00 | 2,073 | 318,99 | 318,99 |  0,00 | 41,728 | 312,93 | 312,93 |  0,00 | 1032,369 | 60,80 | 60,80 | 2084,363 |   NaN | NaN | 0,00 | 0,00 | NaN
  29 |  0,00 | 42,990 | 747,11 | 747,11 | 753,52 |  0,00 | 1,083 | 44,35 | 44,35 |  0,00 | 1,519 | 321,00 | 321,00 |  0,00 | 46,859 | 320,96 | 320,96 |  0,00 | 1072,110 | 60,80 | 60,80 | 2164,016 |   NaN | NaN | 0,00 | 0,00 | NaN
  30 |  0,00 | 41,133 | 739,05 | 739,05 | 746,17 |  0,00 | 1,113 | 44,35 | 44,35 |  0,00 | 1,494 | 316,45 | 316,45 |  0,00 | 34,269 | 317,45 | 317,45 |  0,00 | 1123,150 | 60,80 | 60,80 | 2266,110 |   NaN | NaN | 0,00 | 0,00 | NaN
  31 |  0,00 | 40,993 | 741,48 | 741,48 | 747,89 |  0,00 | 1,080 | 44,35 | 44,35 |  0,00 | 1,507 | 318,33 | 318,33 |  0,00 | 43,678 | 318,01 | 318,01 |  0,00 | 1028,050 | 60,80 | 60,80 | 2075,722 |   NaN | NaN | 0,00 | 0,00 | NaN
  32 |  0,00 | 42,858 | 742,73 | 742,73 | 749,14 |  0,00 | 1,037 | 44,35 | 44,35 |  0,00 | 1,825 | 318,59 | 318,59 |  0,00 | 44,361 | 318,99 | 318,99 |  0,00 | 1086,972 | 60,80 | 60,80 | 2193,690 |   NaN | NaN | 0,00 | 0,00 | NaN
  33 |  0,00 | 44,568 | 737,76 | 737,76 | 744,35 |  0,00 | 1,102 | 44,35 | 44,35 |  0,00 | 1,385 | 315,51 | 315,51 |  0,00 | 48,171 | 317,10 | 317,10 |  0,00 | 1110,911 | 60,80 | 60,80 | 2241,416 |   NaN | NaN | 0,00 | 0,00 | NaN
  34 |  0,00 | 41,079 | 736,85 | 736,85 | 743,31 |  0,00 | 1,093 | 44,35 | 44,35 |  0,00 | 1,363 | 318,32 | 318,32 |  0,00 | 26,526 | 313,38 | 313,38 |  0,00 | 1199,420 | 60,80 | 60,80 | 2419,176 |   NaN | NaN | 0,00 | 0,00 | NaN
  35 |  0,00 | 44,518 | 748,09 | 748,09 | 754,50 |  0,00 | 1,042 | 44,35 | 44,35 |  0,00 | 1,069 | 321,08 | 321,08 |  0,00 | 36,831 | 321,86 | 321,86 |  0,00 | 1233,231 | 60,80 | 60,80 | 2486,186 |   NaN | NaN | 0,00 | 0,00 | NaN
  36 |  0,00 | 44,365 | 737,93 | 737,93 | 744,46 |  0,00 | 1,096 | 44,35 | 44,35 |  0,00 | 1,501 | 313,22 | 313,22 |  0,00 | 39,982 | 319,56 | 319,56 |  0,00 | 1180,447 | 60,80 | 60,80 | 2380,648 |   NaN | NaN | 0,00 | 0,00 | NaN
  37 |  0,00 | 41,723 | 748,59 | 748,59 | 755,01 |  0,00 | 1,078 | 44,35 | 44,35 |  0,00 | 1,762 | 324,36 | 324,36 |  0,00 | 41,252 | 319,09 | 319,09 |  0,00 | 1083,619 | 60,80 | 60,80 | 2186,923 |   NaN | NaN | 0,00 | 0,00 | NaN
  38 |  0,00 | 42,732 | 743,68 | 743,68 | 750,08 |  0,00 | 1,070 | 44,35 | 44,35 |  0,00 | 1,659 | 320,05 | 320,05 |  0,00 | 39,142 | 318,48 | 318,48 |  0,00 | 1136,852 | 60,80 | 60,80 | 2293,423 |   NaN | NaN | 0,00 | 0,00 | NaN
  39 |  0,00 | 39,557 | 732,36 | 732,36 | 739,48 |  0,00 | 1,113 | 44,35 | 44,35 |  0,00 | 1,829 | 314,19 | 314,19 |  0,00 | 29,834 | 313,02 | 313,02 |  0,00 | 1102,176 | 60,80 | 60,80 | 2224,170 |   NaN | NaN | 0,00 | 0,00 | NaN
  40 |  0,00 | 43,748 | 733,02 | 733,02 | 740,15 |  0,00 | 1,113 | 44,35 | 44,35 |  0,00 | 1,639 | 315,37 | 315,37 |  0,00 | 39,388 | 312,51 | 312,51 |  0,00 | 1164,242 | 60,80 | 60,80 | 2348,081 |   NaN | NaN | 0,00 | 0,00 | NaN
  41 |  0,00 | 43,018 | 744,61 | 744,61 | 751,12 |  0,00 | 1,096 | 44,35 | 44,35 |  0,00 | 1,858 | 316,72 | 316,72 |  0,00 | 48,070 | 322,74 | 322,74 |  0,00 | 1051,996 | 60,80 | 60,80 | 2123,602 |   NaN | NaN | 0,00 | 0,00 | NaN
  42 |  0,00 | 47,485 | 748,24 | 748,24 | 754,63 |  0,00 | 1,042 | 44,35 | 44,35 |  0,00 | 1,667 | 321,59 | 321,59 |  0,00 | 63,965 | 321,50 | 321,50 |  0,00 | 1066,097 | 60,80 | 60,80 | 2151,802 |   NaN | NaN | 0,00 | 0,00 | NaN
  43 |  0,00 | 42,644 | 748,05 | 748,05 | 755,11 |  0,00 | 1,120 | 44,35 | 44,35 |  0,00 | 1,646 | 321,47 | 321,47 |  0,00 | 42,150 | 321,43 | 321,43 |  0,00 | 1105,087 | 60,80 | 60,80 | 2229,893 |   NaN | NaN | 0,00 | 0,00 | NaN
  44 |  0,00 | 42,479 | 748,30 | 748,30 | 754,70 |  0,00 | 1,032 | 44,35 | 44,35 |  0,00 | 1,404 | 319,19 | 319,19 |  0,00 | 47,576 | 323,96 | 323,96 |  0,00 | 1045,653 | 60,80 | 60,80 | 2110,917 |   NaN | NaN | 0,00 | 0,00 | NaN
  45 |  0,00 | 42,722 | 743,54 | 743,54 | 750,82 |  0,00 | 1,117 | 44,35 | 44,35 |  0,00 | 1,582 | 323,20 | 323,20 |  0,00 | 47,319 | 315,19 | 315,19 |  0,00 | 1060,303 | 60,80 | 60,80 | 2140,238 |   NaN | NaN | 0,00 | 0,00 | NaN
  46 |  0,00 | 42,305 | 742,47 | 742,47 | 748,88 |  0,00 | 1,056 | 44,35 | 44,35 |  0,00 | 1,284 | 315,87 | 315,87 |  0,00 | 41,208 | 321,46 | 321,46 |  0,00 | 1099,707 | 60,80 | 60,80 | 2219,258 |   NaN | NaN | 0,00 | 0,00 | NaN
  47 |  0,00 | 39,941 | 739,59 | 739,59 | 745,98 |  0,00 | 1,054 | 44,35 | 44,35 |  0,00 | 1,464 | 319,04 | 319,04 |  0,00 | 39,931 | 315,40 | 315,40 |  0,00 | 1028,467 | 60,80 | 60,80 | 2076,517 |   NaN | NaN | 0,00 | 0,00 | NaN
  48 |  0,00 | 39,769 | 737,59 | 737,59 | 744,02 |  0,00 | 1,083 | 44,35 | 44,35 |  0,00 | 1,605 | 316,45 | 316,45 |  0,00 | 37,080 | 316,00 | 316,00 |  0,00 | 1045,241 | 60,80 | 60,80 | 2110,065 |   NaN | NaN | 0,00 | 0,00 | NaN
  49 |  0,00 | 42,432 | 737,37 | 737,37 | 743,89 |  0,00 | 1,096 | 44,35 | 44,35 |  0,00 | 2,017 | 317,34 | 317,34 |  0,00 | 48,734 | 314,88 | 314,88 |  0,00 | 1024,620 | 60,80 | 60,80 | 2068,861 |   NaN | NaN | 0,00 | 0,00 | NaN
  50 |  0,00 | 43,424 | 740,89 | 740,89 | 747,30 |  0,00 | 1,050 | 44,35 | 44,35 |  0,00 | 1,400 | 319,31 | 319,31 |  0,00 | 44,962 | 316,44 | 316,44 |  0,00 | 1106,672 | 60,80 | 60,80 | 2233,191 |   NaN | NaN | 0,00 | 0,00 | NaN
  51 |  0,00 | 41,632 | 744,08 | 744,08 | 750,49 |  0,00 | 1,048 | 44,35 | 44,35 |  0,00 | 1,310 | 318,79 | 318,79 |  0,00 | 43,976 | 320,14 | 320,14 |  0,00 | 1051,172 | 60,80 | 60,80 | 2121,947 |   NaN | NaN | 0,00 | 0,00 | NaN
  52 |  0,00 | 42,970 | 742,09 | 742,09 | 748,49 |  0,00 | 1,074 | 44,35 | 44,35 |  0,00 | 1,363 | 314,37 | 314,37 |  0,00 | 47,239 | 322,57 | 322,57 |  0,00 | 1060,791 | 60,80 | 60,80 | 2141,162 |   NaN | NaN | 0,00 | 0,00 | NaN
  53 |  0,00 | 44,276 | 742,84 | 742,84 | 749,24 |  0,00 | 1,062 | 44,35 | 44,35 |  0,00 | 1,951 | 319,23 | 319,23 |  0,00 | 49,687 | 318,46 | 318,46 |  0,00 | 1085,119 | 60,80 | 60,80 | 2189,945 |   NaN | NaN | 0,00 | 0,00 | NaN
  54 |  0,00 | 44,889 | 737,43 | 737,43 | 743,82 |  0,00 | 1,064 | 44,35 | 44,35 |  0,00 | 1,950 | 318,47 | 318,47 |  0,00 | 54,418 | 313,80 | 313,80 |  0,00 | 1061,136 | 60,80 | 60,80 | 2141,935 |   NaN | NaN | 0,00 | 0,00 | NaN
  55 |  0,00 | 43,554 | 739,71 | 739,71 | 746,09 |  0,00 | 1,049 | 44,35 | 44,35 |  0,00 | 1,462 | 316,69 | 316,69 |  0,00 | 42,346 | 317,87 | 317,87 |  0,00 | 1132,958 | 60,80 | 60,80 | 2285,427 |   NaN | NaN | 0,00 | 0,00 | NaN
  56 |  0,00 | 40,301 | 737,10 | 737,10 | 743,51 |  0,00 | 1,055 | 44,35 | 44,35 |  0,00 | 1,709 | 316,23 | 316,23 |  0,00 | 38,691 | 315,72 | 315,72 |  0,00 | 1047,898 | 60,80 | 60,80 | 2115,263 |   NaN | NaN | 0,00 | 0,00 | NaN
  57 |  0,00 | 43,795 | 739,74 | 739,74 | 746,14 |  0,00 | 1,052 | 44,35 | 44,35 |  0,00 | 2,338 | 316,20 | 316,20 |  0,00 | 52,425 | 318,39 | 318,39 |  0,00 | 1033,097 | 60,80 | 60,80 | 2085,770 |   NaN | NaN | 0,00 | 0,00 | NaN
  58 |  0,00 | 42,142 | 743,98 | 743,98 | 750,40 |  0,00 | 1,081 | 44,35 | 44,35 |  0,00 | 1,618 | 320,82 | 320,82 |  0,00 | 47,845 | 318,01 | 318,01 |  0,00 | 1030,846 | 60,80 | 60,80 | 2081,160 |   NaN | NaN | 0,00 | 0,00 | NaN
  59 |  0,00 | 44,712 | 747,08 | 747,08 | 753,64 |  0,00 | 1,100 | 44,35 | 44,35 |  0,00 | 1,461 | 317,68 | 317,68 |  0,00 | 40,397 | 324,25 | 324,25 |  0,00 | 1195,690 | 60,80 | 60,80 | 2410,909 |   NaN | NaN | 0,00 | 0,00 | NaN
  60 |  0,00 | 42,833 | 742,66 | 742,66 | 749,05 |  0,00 | 1,035 | 44,35 | 44,35 |  0,00 | 1,499 | 319,15 | 319,15 |  0,00 | 48,229 | 318,36 | 318,36 |  0,00 | 1051,904 | 60,80 | 60,80 | 2123,444 |   NaN | NaN | 0,00 | 0,00 | NaN
  61 |  0,00 | 41,936 | 746,28 | 746,28 | 752,66 |  0,00 | 1,057 | 44,35 | 44,35 |  0,00 | 1,499 | 320,66 | 320,66 |  0,00 | 41,372 | 320,47 | 320,47 |  0,00 | 1088,422 | 60,80 | 60,80 | 2196,654 |   NaN | NaN | 0,00 | 0,00 | NaN
  62 |  0,00 | 41,474 | 743,59 | 743,59 | 751,00 |  0,00 | 1,119 | 44,35 | 44,35 |  0,00 | 2,053 | 317,61 | 317,61 |  0,00 | 43,052 | 320,84 | 320,84 |  0,00 | 1044,735 | 60,80 | 60,80 | 2108,982 |   NaN | NaN | 0,00 | 0,00 | NaN
  63 |  0,00 | 45,589 | 743,42 | 743,42 | 749,82 |  0,00 | 1,074 | 44,35 | 44,35 |  0,00 | 1,779 | 321,23 | 321,23 |  0,00 | 50,851 | 317,04 | 317,04 |  0,00 | 1126,090 | 60,80 | 60,80 | 2271,994 |   NaN | NaN | 0,00 | 0,00 | NaN
  64 |  0,00 | 41,789 | 735,70 | 735,70 | 743,07 |  0,00 | 1,117 | 44,35 | 44,35 |  0,00 | 1,623 | 316,15 | 316,15 |  0,00 | 42,756 | 314,40 | 314,40 |  0,00 | 1061,937 | 60,80 | 60,80 | 2143,657 |   NaN | NaN | 0,00 | 0,00 | NaN

= = = = = = = = = = = = AVERAGE RESULTS system = = = = = = = = = = = =
meanPLR_system | 0,000000 
meanDelay_system | 42,388501 
meanLoad_system | 742,153998 
meanTHR_system | 742,153998 
meanGate_system | 748,728259 

meanPLR_EF_system | 0,000000 
meanPLR_AF_system | 0,000000 
meanPLR_BE_system | 0,000000 
meanPLR_FLA_system | 0,000000 
meanPLR_FLB_system | NaN 

meanTHR_EF_system | 44,352005 
meanTHR_AF_system | 318,732227 
meanTHR_BE_system | 318,273214 
meanTHR_FLA_system | 62,138093 
meanTHR_FLB_system | 0,000000 

meanLoad_EF_system | 44,352005 
meanLoad_AF_system | 318,732227 
meanLoad_BE_system | 318,273214 
meanLoad_FLA_system | 62,138093 
meanLoad_FLB_system | 0,000000 

meanDELAY_EF_system | 1,078863 
meanDELAY_AF_system | 2,177324 
meanDELAY_BE_system | 61,134675 
meanDELAY_FLA_system | 900,022313 
meanDELAY_FLB_system | NaN 
meanDELAY_CompleteFLA_system | 1819,569448 
meanDELAY_CompleteFLB_system | NaN 

= = = = = = = = = = = = AVERAGE RESULTS = = = = = = = = = = = =
Packet Loss Ratio: 00,00 (%)
PROCESSED PACKAGES: 1638998885 
DISCARTED PACKAGES: 0 
TOTAL PACKAGES: 1638998885 
AVERAGE DELAY: 7813,00 (ms) 
AVERAGE THROUGHPUT: 742,15 (Mbps) 
GRANTED THROUGHPUT: 47918,61 (Mbps) By 64 ONUs
EFFECTIVE THROUGHPUT: 47497,86 (Mbps) By 64 ONUs
TOTAL LOAD: 47497,86 (Mbps) By 64 ONUs
ON Arrival THROUGHPUT: 0,00 (Mbps) By 64 ONUs
FINISHTIMEFL: 135,955250 
FINISHTIME: 138,955250 


fileName | IPACT_LEAKYBUCKET_2_40_85_0 
