
ONU ID 	|  PLR(%) | Delay(ms) | Throughput(Mbps) | Granted Throughput(Mbps) | Total Load (Mbps) 

  ID |  PLR(%) |  D  | Thr |  Gates  |  Load  | PLR-EF | D-EF | ThrEF | LoadEF | PLR-AF | D-AF | ThrAF | LoadAF | PLR-BE | D-BE | ThrBE | LoadBE | PLR-FA | D-FA | ThrFA | LoadFA | DTFA |  PLR-FB | D-FB | ThrFB | LoadFB | DTFB | 
   1 |  0,00 | 1,028 | 638,74 | 638,74 | 667,34 |  0,00 | 0,359 | 44,35 | 44,35 |  0,00 | 0,355 | 267,54 | 267,54 |  0,00 | 0,974 | 259,05 | 259,05 |  0,00 | 15,800 | 67,80 | 67,80 | 54,445 |   NaN | NaN | 0,00 | 0,00 | NaN
   2 |  0,00 | 1,485 | 638,63 | 638,63 | 670,69 |  0,00 | 0,370 | 44,35 | 44,35 |  0,00 | 0,367 | 261,81 | 261,81 |  0,00 | 1,376 | 264,67 | 264,67 |  0,00 | 26,062 | 67,80 | 67,80 | 73,747 |   NaN | NaN | 0,00 | 0,00 | NaN
   3 |  0,00 | 1,397 | 640,19 | 640,19 | 666,43 |  0,00 | 0,307 | 44,35 | 44,35 |  0,00 | 0,304 | 265,00 | 265,00 |  0,00 | 1,255 | 263,04 | 263,04 |  0,00 | 25,776 | 67,80 | 67,80 | 67,672 |   NaN | NaN | 0,00 | 0,00 | NaN
   4 |  0,00 | 0,941 | 640,52 | 640,52 | 666,75 |  0,00 | 0,313 | 44,35 | 44,35 |  0,00 | 0,312 | 267,04 | 267,04 |  0,00 | 0,935 | 261,33 | 261,33 |  0,00 | 14,455 | 67,80 | 67,80 | 49,512 |   NaN | NaN | 0,00 | 0,00 | NaN
   5 |  0,00 | 2,934 | 635,17 | 635,17 | 661,80 |  0,00 | 0,338 | 44,35 | 44,35 |  0,00 | 0,335 | 262,34 | 262,34 |  0,00 | 2,930 | 260,67 | 260,67 |  0,00 | 58,298 | 67,80 | 67,80 | 114,143 |   NaN | NaN | 0,00 | 0,00 | NaN
   6 |  0,00 | 0,980 | 641,56 | 641,56 | 667,52 |  0,00 | 0,287 | 44,35 | 44,35 |  0,00 | 0,300 | 266,05 | 266,05 |  0,00 | 0,971 | 263,35 | 263,35 |  0,00 | 15,792 | 67,80 | 67,80 | 52,331 |   NaN | NaN | 0,00 | 0,00 | NaN
   7 |  0,00 | 1,130 | 637,54 | 637,54 | 663,77 |  0,00 | 0,305 | 44,35 | 44,35 |  0,00 | 0,305 | 263,30 | 263,30 |  0,00 | 1,107 | 262,09 | 262,09 |  0,00 | 18,881 | 67,80 | 67,80 | 58,795 |   NaN | NaN | 0,00 | 0,00 | NaN
   8 |  0,00 | 1,255 | 640,58 | 640,58 | 668,61 |  0,00 | 0,355 | 44,35 | 44,35 |  0,00 | 0,352 | 262,75 | 262,75 |  0,00 | 1,215 | 265,68 | 265,68 |  0,00 | 20,770 | 67,80 | 67,80 | 64,862 |   NaN | NaN | 0,00 | 0,00 | NaN
   9 |  0,00 | 0,893 | 639,46 | 639,46 | 665,63 |  0,00 | 0,295 | 44,35 | 44,35 |  0,00 | 0,291 | 265,34 | 265,34 |  0,00 | 0,888 | 261,97 | 261,97 |  0,00 | 13,766 | 67,80 | 67,80 | 48,466 |   NaN | NaN | 0,00 | 0,00 | NaN
  10 |  0,00 | 1,120 | 637,47 | 637,47 | 665,63 |  0,00 | 0,356 | 44,35 | 44,35 |  0,00 | 0,373 | 263,43 | 263,43 |  0,00 | 1,023 | 261,89 | 261,89 |  0,00 | 18,004 | 67,80 | 67,80 | 55,769 |   NaN | NaN | 0,00 | 0,00 | NaN
  11 |  0,00 | 10,788 | 630,98 | 630,98 | 657,21 |  0,00 | 0,295 | 44,35 | 44,35 |  0,00 | 0,295 | 256,95 | 256,95 |  0,00 | 25,576 | 261,88 | 261,88 |  0,00 | 125,164 | 67,80 | 67,80 | 296,873 |   NaN | NaN | 0,00 | 0,00 | NaN
  12 |  0,00 | 1,000 | 639,34 | 639,34 | 667,77 |  0,00 | 0,358 | 44,35 | 44,35 |  0,00 | 0,357 | 263,73 | 263,73 |  0,00 | 0,928 | 263,46 | 263,46 |  0,00 | 15,248 | 67,80 | 67,80 | 51,442 |   NaN | NaN | 0,00 | 0,00 | NaN
  13 |  0,00 | 1,501 | 631,96 | 631,96 | 658,30 |  0,00 | 0,323 | 44,35 | 44,35 |  0,00 | 0,326 | 259,95 | 259,95 |  0,00 | 1,566 | 259,86 | 259,86 |  0,00 | 26,041 | 67,80 | 67,80 | 74,758 |   NaN | NaN | 0,00 | 0,00 | NaN
  14 |  0,00 | 2,622 | 639,71 | 639,71 | 669,57 |  0,00 | 0,364 | 44,35 | 44,35 |  0,00 | 0,367 | 264,58 | 264,58 |  0,00 | 2,506 | 262,97 | 262,97 |  0,00 | 51,721 | 67,80 | 67,80 | 103,944 |   NaN | NaN | 0,00 | 0,00 | NaN
  15 |  0,00 | 1,056 | 636,31 | 636,31 | 664,81 |  0,00 | 0,357 | 44,35 | 44,35 |  0,00 | 0,352 | 259,60 | 259,60 |  0,00 | 0,940 | 264,55 | 264,55 |  0,00 | 16,766 | 67,80 | 67,80 | 56,119 |   NaN | NaN | 0,00 | 0,00 | NaN
  16 |  0,00 | 0,975 | 641,59 | 641,59 | 668,71 |  0,00 | 0,349 | 44,35 | 44,35 |  0,00 | 0,348 | 263,01 | 263,01 |  0,00 | 0,880 | 266,42 | 266,42 |  0,00 | 15,030 | 67,80 | 67,80 | 51,949 |   NaN | NaN | 0,00 | 0,00 | NaN
  17 |  0,00 | 1,039 | 639,41 | 639,41 | 668,83 |  0,00 | 0,362 | 44,35 | 44,35 |  0,00 | 0,366 | 262,83 | 262,83 |  0,00 | 0,915 | 264,43 | 264,43 |  0,00 | 16,350 | 67,80 | 67,80 | 52,668 |   NaN | NaN | 0,00 | 0,00 | NaN
  18 |  0,00 | 2,575 | 637,20 | 637,20 | 663,82 |  0,00 | 0,338 | 44,35 | 44,35 |  0,00 | 0,338 | 262,01 | 262,01 |  0,00 | 3,807 | 263,03 | 263,03 |  0,00 | 41,199 | 67,80 | 67,80 | 113,766 |   NaN | NaN | 0,00 | 0,00 | NaN
  19 |  0,00 | 9,363 | 632,92 | 632,92 | 659,38 |  0,00 | 0,329 | 44,35 | 44,35 |  0,00 | 0,333 | 258,92 | 258,92 |  0,00 | 17,129 | 261,84 | 261,84 |  0,00 | 144,429 | 67,80 | 67,80 | 286,167 |   NaN | NaN | 0,00 | 0,00 | NaN
  20 |  0,00 | 11,095 | 634,35 | 634,35 | 660,79 |  0,00 | 0,325 | 44,35 | 44,35 |  0,00 | 0,336 | 263,88 | 263,88 |  0,00 | 29,069 | 258,32 | 258,32 |  0,00 | 111,926 | 67,80 | 67,80 | 284,877 |   NaN | NaN | 0,00 | 0,00 | NaN
  21 |  0,00 | 0,981 | 630,42 | 630,42 | 656,78 |  0,00 | 0,330 | 44,35 | 44,35 |  0,00 | 0,326 | 259,25 | 259,25 |  0,00 | 0,950 | 259,01 | 259,01 |  0,00 | 15,057 | 67,80 | 67,80 | 50,684 |   NaN | NaN | 0,00 | 0,00 | NaN
  22 |  0,00 | 4,153 | 643,19 | 643,19 | 674,32 |  0,00 | 0,368 | 44,35 | 44,35 |  0,00 | 0,368 | 270,11 | 270,11 |  0,00 | 4,493 | 260,93 | 260,93 |  0,00 | 83,149 | 67,80 | 67,80 | 152,424 |   NaN | NaN | 0,00 | 0,00 | NaN
  23 |  0,00 | 11,774 | 640,92 | 640,92 | 668,26 |  0,00 | 0,350 | 44,35 | 44,35 |  0,00 | 0,345 | 265,46 | 265,46 |  0,00 | 25,374 | 263,30 | 263,30 |  0,00 | 156,686 | 67,80 | 67,80 | 328,443 |   NaN | NaN | 0,00 | 0,00 | NaN
  24 |  0,00 | 1,508 | 638,63 | 638,63 | 664,94 |  0,00 | 0,312 | 44,35 | 44,35 |  0,00 | 0,308 | 262,21 | 262,21 |  0,00 | 1,561 | 264,26 | 264,26 |  0,00 | 26,637 | 67,80 | 67,80 | 75,652 |   NaN | NaN | 0,00 | 0,00 | NaN
  25 |  0,00 | 0,994 | 645,76 | 645,76 | 677,29 |  0,00 | 0,369 | 44,35 | 44,35 |  0,00 | 0,364 | 263,10 | 263,10 |  0,00 | 0,891 | 270,51 | 270,51 |  0,00 | 15,117 | 67,80 | 67,80 | 51,871 |   NaN | NaN | 0,00 | 0,00 | NaN
  26 |  0,00 | 1,198 | 636,15 | 636,15 | 666,70 |  0,00 | 0,366 | 44,35 | 44,35 |  0,00 | 0,372 | 261,65 | 261,65 |  0,00 | 1,043 | 262,34 | 262,34 |  0,00 | 20,001 | 67,80 | 67,80 | 59,735 |   NaN | NaN | 0,00 | 0,00 | NaN
  27 |  0,00 | 2,142 | 633,74 | 633,74 | 659,82 |  0,00 | 0,292 | 44,35 | 44,35 |  0,00 | 0,296 | 262,90 | 262,90 |  0,00 | 2,890 | 258,68 | 258,68 |  0,00 | 36,181 | 67,80 | 67,80 | 99,699 |   NaN | NaN | 0,00 | 0,00 | NaN
  28 |  0,00 | 12,492 | 632,16 | 632,16 | 660,80 |  0,00 | 0,358 | 44,35 | 44,35 |  0,00 | 0,352 | 262,16 | 262,16 |  0,00 | 28,459 | 257,85 | 257,85 |  0,00 | 156,566 | 67,80 | 67,80 | 330,102 |   NaN | NaN | 0,00 | 0,00 | NaN
  29 |  0,00 | 11,469 | 640,53 | 640,53 | 667,16 |  0,00 | 0,337 | 44,35 | 44,35 |  0,00 | 0,337 | 265,43 | 265,43 |  0,00 | 26,315 | 262,95 | 262,95 |  0,00 | 141,136 | 67,80 | 67,80 | 317,901 |   NaN | NaN | 0,00 | 0,00 | NaN
  30 |  0,00 | 5,562 | 633,48 | 633,48 | 664,75 |  0,00 | 0,368 | 44,35 | 44,35 |  0,00 | 0,365 | 260,86 | 260,86 |  0,00 | 11,981 | 260,46 | 260,46 |  0,00 | 69,585 | 67,80 | 67,80 | 191,772 |   NaN | NaN | 0,00 | 0,00 | NaN
  31 |  0,00 | 13,126 | 635,58 | 635,58 | 662,19 |  0,00 | 0,335 | 44,35 | 44,35 |  0,00 | 0,346 | 261,47 | 261,47 |  0,00 | 29,657 | 261,96 | 261,96 |  0,00 | 164,912 | 67,80 | 67,80 | 341,536 |   NaN | NaN | 0,00 | 0,00 | NaN
  32 |  0,00 | 10,371 | 634,95 | 634,95 | 661,20 |  0,00 | 0,291 | 44,35 | 44,35 |  0,00 | 0,281 | 260,16 | 260,16 |  0,00 | 24,697 | 262,64 | 262,64 |  0,00 | 120,045 | 67,80 | 67,80 | 287,527 |   NaN | NaN | 0,00 | 0,00 | NaN
  33 |  0,00 | 7,535 | 634,17 | 634,17 | 662,51 |  0,00 | 0,356 | 44,35 | 44,35 |  0,00 | 0,359 | 259,45 | 259,45 |  0,00 | 17,120 | 262,57 | 262,57 |  0,00 | 89,953 | 67,80 | 67,80 | 236,247 |   NaN | NaN | 0,00 | 0,00 | NaN
  34 |  0,00 | 1,195 | 629,58 | 629,58 | 656,66 |  0,00 | 0,348 | 44,35 | 44,35 |  0,00 | 0,339 | 261,33 | 261,33 |  0,00 | 1,207 | 256,10 | 256,10 |  0,00 | 19,212 | 67,80 | 67,80 | 63,792 |   NaN | NaN | 0,00 | 0,00 | NaN
  35 |  0,00 | 0,870 | 640,57 | 640,57 | 666,74 |  0,00 | 0,298 | 44,35 | 44,35 |  0,00 | 0,303 | 264,48 | 264,48 |  0,00 | 0,902 | 263,94 | 263,94 |  0,00 | 12,837 | 67,80 | 67,80 | 47,112 |   NaN | NaN | 0,00 | 0,00 | NaN
  36 |  0,00 | 1,682 | 632,28 | 632,28 | 659,77 |  0,00 | 0,350 | 44,35 | 44,35 |  0,00 | 0,357 | 257,49 | 257,49 |  0,00 | 1,861 | 262,64 | 262,64 |  0,00 | 28,527 | 67,80 | 67,80 | 83,925 |   NaN | NaN | 0,00 | 0,00 | NaN
  37 |  0,00 | 11,299 | 642,42 | 642,42 | 668,89 |  0,00 | 0,333 | 44,35 | 44,35 |  0,00 | 0,330 | 267,00 | 267,00 |  0,00 | 26,820 | 263,26 | 263,26 |  0,00 | 132,919 | 67,80 | 67,80 | 307,680 |   NaN | NaN | 0,00 | 0,00 | NaN
  38 |  0,00 | 3,946 | 635,52 | 635,52 | 661,90 |  0,00 | 0,325 | 44,35 | 44,35 |  0,00 | 0,318 | 262,81 | 262,81 |  0,00 | 7,404 | 260,56 | 260,56 |  0,00 | 56,151 | 67,80 | 67,80 | 156,036 |   NaN | NaN | 0,00 | 0,00 | NaN
  39 |  0,00 | 9,065 | 630,37 | 630,37 | 661,69 |  0,00 | 0,368 | 44,35 | 44,35 |  0,00 | 0,372 | 260,06 | 260,06 |  0,00 | 21,405 | 258,16 | 258,16 |  0,00 | 105,217 | 67,80 | 67,80 | 267,971 |   NaN | NaN | 0,00 | 0,00 | NaN
  40 |  0,00 | 2,110 | 631,57 | 631,57 | 662,79 |  0,00 | 0,368 | 44,35 | 44,35 |  0,00 | 0,373 | 260,46 | 260,46 |  0,00 | 2,545 | 258,95 | 258,95 |  0,00 | 35,964 | 67,80 | 67,80 | 100,575 |   NaN | NaN | 0,00 | 0,00 | NaN
  41 |  0,00 | 13,157 | 639,05 | 639,05 | 666,66 |  0,00 | 0,351 | 44,35 | 44,35 |  0,00 | 0,349 | 261,19 | 261,19 |  0,00 | 30,941 | 265,71 | 265,71 |  0,00 | 154,331 | 67,80 | 67,80 | 330,668 |   NaN | NaN | 0,00 | 0,00 | NaN
  42 |  0,00 | 12,318 | 641,64 | 641,64 | 667,91 |  0,00 | 0,297 | 44,35 | 44,35 |  0,00 | 0,292 | 264,36 | 264,36 |  0,00 | 29,210 | 265,13 | 265,13 |  0,00 | 144,727 | 67,80 | 67,80 | 319,999 |   NaN | NaN | 0,00 | 0,00 | NaN
  43 |  0,00 | 8,581 | 641,06 | 641,06 | 671,69 |  0,00 | 0,375 | 44,35 | 44,35 |  0,00 | 0,374 | 264,09 | 264,09 |  0,00 | 20,096 | 264,82 | 264,82 |  0,00 | 99,141 | 67,80 | 67,80 | 253,523 |   NaN | NaN | 0,00 | 0,00 | NaN
  44 |  0,00 | 12,246 | 642,24 | 642,24 | 668,37 |  0,00 | 0,288 | 44,35 | 44,35 |  0,00 | 0,279 | 263,06 | 263,06 |  0,00 | 27,796 | 267,02 | 267,02 |  0,00 | 151,999 | 67,80 | 67,80 | 327,646 |   NaN | NaN | 0,00 | 0,00 | NaN
  45 |  0,00 | 12,931 | 640,02 | 640,02 | 672,38 |  0,00 | 0,371 | 44,35 | 44,35 |  0,00 | 0,369 | 268,20 | 268,20 |  0,00 | 31,003 | 259,67 | 259,67 |  0,00 | 152,251 | 67,80 | 67,80 | 331,058 |   NaN | NaN | 0,00 | 0,00 | NaN
  46 |  0,00 | 9,339 | 633,27 | 633,27 | 659,61 |  0,00 | 0,311 | 44,35 | 44,35 |  0,00 | 0,304 | 257,79 | 257,79 |  0,00 | 22,588 | 263,33 | 263,33 |  0,00 | 103,645 | 67,80 | 67,80 | 261,729 |   NaN | NaN | 0,00 | 0,00 | NaN
  47 |  0,00 | 13,287 | 631,78 | 631,78 | 658,12 |  0,00 | 0,309 | 44,35 | 44,35 |  0,00 | 0,322 | 262,02 | 262,02 |  0,00 | 30,700 | 257,60 | 257,60 |  0,00 | 164,977 | 67,80 | 67,80 | 342,219 |   NaN | NaN | 0,00 | 0,00 | NaN
  48 |  0,00 | 12,594 | 632,43 | 632,43 | 659,10 |  0,00 | 0,338 | 44,35 | 44,35 |  0,00 | 0,341 | 259,23 | 259,23 |  0,00 | 28,082 | 261,04 | 261,04 |  0,00 | 160,339 | 67,80 | 67,80 | 333,254 |   NaN | NaN | 0,00 | 0,00 | NaN
  49 |  0,00 | 11,803 | 632,37 | 632,37 | 659,78 |  0,00 | 0,350 | 44,35 | 44,35 |  0,00 | 0,335 | 260,75 | 260,75 |  0,00 | 25,759 | 259,46 | 259,46 |  0,00 | 154,834 | 67,80 | 67,80 | 319,909 |   NaN | NaN | 0,00 | 0,00 | NaN
  50 |  0,00 | 8,178 | 635,44 | 635,44 | 661,70 |  0,00 | 0,305 | 44,35 | 44,35 |  0,00 | 0,300 | 263,10 | 263,10 |  0,00 | 19,089 | 260,19 | 260,19 |  0,00 | 97,267 | 67,80 | 67,80 | 253,131 |   NaN | NaN | 0,00 | 0,00 | NaN
  51 |  0,00 | 12,575 | 634,70 | 634,70 | 661,02 |  0,00 | 0,303 | 44,35 | 44,35 |  0,00 | 0,292 | 259,53 | 259,53 |  0,00 | 29,107 | 263,01 | 263,01 |  0,00 | 152,340 | 67,80 | 67,80 | 327,685 |   NaN | NaN | 0,00 | 0,00 | NaN
  52 |  0,00 | 12,566 | 635,55 | 635,55 | 662,05 |  0,00 | 0,329 | 44,35 | 44,35 |  0,00 | 0,335 | 258,80 | 258,80 |  0,00 | 29,023 | 264,60 | 264,60 |  0,00 | 151,049 | 67,80 | 67,80 | 334,711 |   NaN | NaN | 0,00 | 0,00 | NaN
  53 |  0,00 | 11,336 | 637,83 | 637,83 | 664,23 |  0,00 | 0,316 | 44,35 | 44,35 |  0,00 | 0,317 | 262,35 | 262,35 |  0,00 | 27,660 | 263,33 | 263,33 |  0,00 | 126,729 | 67,80 | 67,80 | 297,870 |   NaN | NaN | 0,00 | 0,00 | NaN
  54 |  0,00 | 12,002 | 631,58 | 631,58 | 657,95 |  0,00 | 0,319 | 44,35 | 44,35 |  0,00 | 0,321 | 261,92 | 261,92 |  0,00 | 27,356 | 257,51 | 257,51 |  0,00 | 150,935 | 67,80 | 67,80 | 330,345 |   NaN | NaN | 0,00 | 0,00 | NaN
  55 |  0,00 | 4,372 | 637,23 | 637,23 | 663,47 |  0,00 | 0,304 | 44,35 | 44,35 |  0,00 | 0,295 | 261,80 | 261,80 |  0,00 | 8,683 | 263,27 | 263,27 |  0,00 | 59,506 | 67,80 | 67,80 | 163,635 |   NaN | NaN | 0,00 | 0,00 | NaN
  56 |  0,00 | 12,565 | 631,60 | 631,60 | 657,90 |  0,00 | 0,310 | 44,35 | 44,35 |  0,00 | 0,312 | 260,66 | 260,66 |  0,00 | 28,638 | 258,78 | 258,78 |  0,00 | 157,527 | 67,80 | 67,80 | 333,826 |   NaN | NaN | 0,00 | 0,00 | NaN
  57 |  0,00 | 11,976 | 636,02 | 636,02 | 662,38 |  0,00 | 0,307 | 44,35 | 44,35 |  0,00 | 0,303 | 260,97 | 260,97 |  0,00 | 25,846 | 262,90 | 262,90 |  0,00 | 158,829 | 67,80 | 67,80 | 331,079 |   NaN | NaN | 0,00 | 0,00 | NaN
  58 |  0,00 | 12,227 | 636,38 | 636,38 | 662,98 |  0,00 | 0,335 | 44,35 | 44,35 |  0,00 | 0,334 | 263,29 | 263,29 |  0,00 | 26,835 | 260,94 | 260,94 |  0,00 | 160,028 | 67,80 | 67,80 | 333,409 |   NaN | NaN | 0,00 | 0,00 | NaN
  59 |  0,00 | 1,443 | 641,14 | 641,14 | 669,05 |  0,00 | 0,355 | 44,35 | 44,35 |  0,00 | 0,347 | 261,99 | 261,99 |  0,00 | 1,554 | 267,00 | 267,00 |  0,00 | 23,848 | 67,80 | 67,80 | 73,425 |   NaN | NaN | 0,00 | 0,00 | NaN
  60 |  0,00 | 12,552 | 637,83 | 637,83 | 663,98 |  0,00 | 0,290 | 44,35 | 44,35 |  0,00 | 0,285 | 263,12 | 263,12 |  0,00 | 28,985 | 262,56 | 262,56 |  0,00 | 154,226 | 67,80 | 67,80 | 330,806 |   NaN | NaN | 0,00 | 0,00 | NaN
  61 |  0,00 | 10,268 | 641,20 | 641,20 | 667,56 |  0,00 | 0,312 | 44,35 | 44,35 |  0,00 | 0,308 | 264,91 | 264,91 |  0,00 | 24,124 | 264,14 | 264,14 |  0,00 | 121,435 | 67,80 | 67,80 | 291,391 |   NaN | NaN | 0,00 | 0,00 | NaN
  62 |  0,00 | 13,116 | 638,53 | 638,53 | 671,54 |  0,00 | 0,373 | 44,35 | 44,35 |  0,00 | 0,376 | 261,67 | 261,67 |  0,00 | 29,912 | 264,70 | 264,70 |  0,00 | 160,843 | 67,80 | 67,80 | 334,767 |   NaN | NaN | 0,00 | 0,00 | NaN
  63 |  0,00 | 5,462 | 639,81 | 639,81 | 666,20 |  0,00 | 0,329 | 44,35 | 44,35 |  0,00 | 0,315 | 265,22 | 265,22 |  0,00 | 12,041 | 262,44 | 262,44 |  0,00 | 67,365 | 67,80 | 67,80 | 183,382 |   NaN | NaN | 0,00 | 0,00 | NaN
  64 |  0,00 | 12,237 | 630,60 | 630,60 | 663,30 |  0,00 | 0,372 | 44,35 | 44,35 |  0,00 | 0,373 | 260,20 | 260,20 |  0,00 | 28,665 | 258,24 | 258,24 |  0,00 | 146,431 | 67,80 | 67,80 | 323,171 |   NaN | NaN | 0,00 | 0,00 | NaN

= = = = = = = = = = = = AVERAGE RESULTS system = = = = = = = = = = = =
meanPLR_system | 0,000000 
meanDelay_system | 6,684061 
meanLoad_system | 636,794948 
meanTHR_system | 636,794948 
meanGate_system | 664,491640 

meanPLR_EF_system | 0,000000 
meanPLR_AF_system | 0,000000 
meanPLR_BE_system | 0,000000 
meanPLR_FLA_system | 0,000000 
meanPLR_FLB_system | NaN 

meanTHR_EF_system | 44,352004 
meanTHR_AF_system | 262,470715 
meanTHR_BE_system | 262,171157 
meanTHR_FLA_system | 69,473798 
meanTHR_FLB_system | 0,000000 

meanLoad_EF_system | 44,352004 
meanLoad_AF_system | 262,470715 
meanLoad_BE_system | 262,171157 
meanLoad_FLA_system | 69,473798 
meanLoad_FLB_system | 0,000000 

meanDELAY_EF_system | 0,333651 
meanDELAY_AF_system | 0,332807 
meanDELAY_BE_system | 14,488398 
meanDELAY_FLA_system | 85,186456 
meanDELAY_FLB_system | NaN 
meanDELAY_CompleteFLA_system | 197,275419 
meanDELAY_CompleteFLB_system | NaN 

= = = = = = = = = = = = AVERAGE RESULTS = = = = = = = = = = = =
Packet Loss Ratio: 00,00 (%)
PROCESSED PACKAGES: 1333615007 
DISCARTED PACKAGES: 0 
TOTAL PACKAGES: 1333615007 
AVERAGE DELAY: 1117,18 (ms) 
AVERAGE THROUGHPUT: 636,79 (Mbps) 
GRANTED THROUGHPUT: 42527,46 (Mbps) By 64 ONUs
EFFECTIVE THROUGHPUT: 40754,88 (Mbps) By 64 ONUs
TOTAL LOAD: 40754,88 (Mbps) By 64 ONUs
ON Arrival THROUGHPUT: 0,00 (Mbps) By 64 ONUs
FINISHTIMEFL: 121,599801 
FINISHTIME: 124,599801 


fileName | IPACT_STRICTPRIORITYFIRSTAF_2_40_70_0 
