
ONU ID 	|  PLR(%) | Delay(ms) | Throughput(Mbps) | Granted Throughput(Mbps) | Total Load (Mbps) 

  ID |  PLR(%) |  D  | Thr |  Gates  |  Load  | PLR-EF | D-EF | ThrEF | LoadEF | PLR-AF | D-AF | ThrAF | LoadAF | PLR-BE | D-BE | ThrBE | LoadBE | PLR-FA | D-FA | ThrFA | LoadFA | DTFA |  PLR-FB | D-FB | ThrFB | LoadFB | DTFB | 
   1 |  0,00 | 0,366 | 530,60 | 530,60 | 571,67 |  0,00 | 0,154 | 44,35 | 44,35 |  0,00 | 0,152 | 228,10 | 228,10 |  0,00 | 0,360 | 222,01 | 222,01 |  0,00 | 8,535 | 36,13 | 36,13 | 38,166 |   NaN | NaN | 0,00 | 0,00 | NaN
   2 |  0,00 | 0,534 | 532,90 | 532,90 | 578,83 |  0,00 | 0,166 | 44,35 | 44,35 |  0,00 | 0,163 | 227,98 | 227,98 |  0,00 | 0,465 | 224,45 | 224,45 |  0,00 | 15,420 | 36,13 | 36,13 | 52,089 |   NaN | NaN | 0,00 | 0,00 | NaN
   3 |  0,00 | 0,349 | 528,37 | 528,37 | 565,00 |  0,00 | 0,103 | 44,35 | 44,35 |  0,00 | 0,103 | 224,33 | 224,33 |  0,00 | 0,425 | 223,56 | 223,56 |  0,00 | 8,803 | 36,13 | 36,13 | 38,724 |   NaN | NaN | 0,00 | 0,00 | NaN
   4 |  0,00 | 0,336 | 534,12 | 534,12 | 570,75 |  0,00 | 0,108 | 44,35 | 44,35 |  0,00 | 0,108 | 228,27 | 228,27 |  0,00 | 0,418 | 225,37 | 225,37 |  0,00 | 8,063 | 36,13 | 36,13 | 37,056 |   NaN | NaN | 0,00 | 0,00 | NaN
   5 |  0,00 | 0,358 | 529,53 | 529,53 | 567,00 |  0,00 | 0,134 | 44,35 | 44,35 |  0,00 | 0,133 | 224,93 | 224,93 |  0,00 | 0,394 | 224,11 | 224,11 |  0,00 | 8,462 | 36,13 | 36,13 | 37,957 |   NaN | NaN | 0,00 | 0,00 | NaN
   6 |  0,00 | 0,345 | 532,60 | 532,60 | 568,10 |  0,00 | 0,086 | 44,35 | 44,35 |  0,00 | 0,086 | 226,41 | 226,41 |  0,00 | 0,447 | 225,71 | 225,71 |  0,00 | 9,024 | 36,13 | 36,13 | 39,023 |   NaN | NaN | 0,00 | 0,00 | NaN
   7 |  0,00 | 0,359 | 531,71 | 531,71 | 568,22 |  0,00 | 0,101 | 44,35 | 44,35 |  0,00 | 0,099 | 226,17 | 226,17 |  0,00 | 0,440 | 225,05 | 225,05 |  0,00 | 9,252 | 36,13 | 36,13 | 40,169 |   NaN | NaN | 0,00 | 0,00 | NaN
   8 |  0,00 | 0,370 | 531,33 | 531,33 | 571,60 |  0,00 | 0,151 | 44,35 | 44,35 |  0,00 | 0,149 | 224,55 | 224,55 |  0,00 | 0,361 | 226,29 | 226,29 |  0,00 | 8,825 | 36,13 | 36,13 | 39,214 |   NaN | NaN | 0,00 | 0,00 | NaN
   9 |  0,00 | 0,323 | 532,79 | 532,79 | 569,09 |  0,00 | 0,091 | 44,35 | 44,35 |  0,00 | 0,091 | 225,83 | 225,83 |  0,00 | 0,426 | 226,48 | 226,48 |  0,00 | 7,960 | 36,13 | 36,13 | 36,909 |   NaN | NaN | 0,00 | 0,00 | NaN
  10 |  0,00 | 0,371 | 529,80 | 529,80 | 570,12 |  0,00 | 0,151 | 44,35 | 44,35 |  0,00 | 0,151 | 225,21 | 225,21 |  0,00 | 0,376 | 224,10 | 224,10 |  0,00 | 8,703 | 36,13 | 36,13 | 38,287 |   NaN | NaN | 0,00 | 0,00 | NaN
  11 |  0,00 | 1,086 | 528,62 | 528,62 | 564,98 |  0,00 | 0,092 | 44,35 | 44,35 |  0,00 | 0,091 | 222,58 | 222,58 |  0,00 | 1,231 | 225,56 | 225,56 |  0,00 | 37,075 | 36,13 | 36,13 | 95,402 |   NaN | NaN | 0,00 | 0,00 | NaN
  12 |  0,00 | 0,353 | 530,52 | 530,52 | 571,44 |  0,00 | 0,153 | 44,35 | 44,35 |  0,00 | 0,154 | 224,89 | 224,89 |  0,00 | 0,367 | 225,14 | 225,14 |  0,00 | 7,785 | 36,13 | 36,13 | 36,588 |   NaN | NaN | 0,00 | 0,00 | NaN
  13 |  0,00 | 0,509 | 526,33 | 526,33 | 563,12 |  0,00 | 0,118 | 44,35 | 44,35 |  0,00 | 0,118 | 224,01 | 224,01 |  0,00 | 0,519 | 221,83 | 221,83 |  0,00 | 15,266 | 36,13 | 36,13 | 51,408 |   NaN | NaN | 0,00 | 0,00 | NaN
  14 |  0,00 | 0,368 | 531,88 | 531,88 | 574,82 |  0,00 | 0,159 | 44,35 | 44,35 |  0,00 | 0,157 | 225,75 | 225,75 |  0,00 | 0,359 | 225,65 | 225,65 |  0,00 | 8,469 | 36,13 | 36,13 | 37,725 |   NaN | NaN | 0,00 | 0,00 | NaN
  15 |  0,00 | 0,371 | 528,56 | 528,56 | 569,52 |  0,00 | 0,153 | 44,35 | 44,35 |  0,00 | 0,152 | 221,54 | 221,54 |  0,00 | 0,360 | 226,53 | 226,53 |  0,00 | 8,755 | 36,13 | 36,13 | 38,804 |   NaN | NaN | 0,00 | 0,00 | NaN
  16 |  0,00 | 0,351 | 536,12 | 536,12 | 574,89 |  0,00 | 0,144 | 44,35 | 44,35 |  0,00 | 0,143 | 225,97 | 225,97 |  0,00 | 0,369 | 229,66 | 229,66 |  0,00 | 8,020 | 36,13 | 36,13 | 37,033 |   NaN | NaN | 0,00 | 0,00 | NaN
  17 |  0,00 | 0,352 | 532,80 | 532,80 | 575,01 |  0,00 | 0,157 | 44,35 | 44,35 |  0,00 | 0,157 | 226,96 | 226,96 |  0,00 | 0,330 | 225,36 | 225,36 |  0,00 | 8,047 | 36,13 | 36,13 | 37,063 |   NaN | NaN | 0,00 | 0,00 | NaN
  18 |  0,00 | 0,447 | 528,51 | 528,51 | 565,98 |  0,00 | 0,134 | 44,35 | 44,35 |  0,00 | 0,133 | 223,96 | 223,96 |  0,00 | 0,439 | 224,07 | 224,07 |  0,00 | 12,459 | 36,13 | 36,13 | 43,668 |   NaN | NaN | 0,00 | 0,00 | NaN
  19 |  0,00 | 0,337 | 524,66 | 524,66 | 561,65 |  0,00 | 0,125 | 44,35 | 44,35 |  0,00 | 0,124 | 221,32 | 221,32 |  0,00 | 0,389 | 222,86 | 222,86 |  0,00 | 7,768 | 36,13 | 36,13 | 36,528 |   NaN | NaN | 0,00 | 0,00 | NaN
  20 |  0,00 | 0,933 | 527,38 | 527,38 | 564,20 |  0,00 | 0,121 | 44,35 | 44,35 |  0,00 | 0,120 | 225,41 | 225,41 |  0,00 | 0,987 | 221,48 | 221,48 |  0,00 | 31,241 | 36,13 | 36,13 | 88,044 |   NaN | NaN | 0,00 | 0,00 | NaN
  21 |  0,00 | 0,342 | 523,20 | 523,20 | 560,09 |  0,00 | 0,125 | 44,35 | 44,35 |  0,00 | 0,123 | 221,99 | 221,99 |  0,00 | 0,386 | 220,73 | 220,73 |  0,00 | 8,074 | 36,13 | 36,13 | 37,122 |   NaN | NaN | 0,00 | 0,00 | NaN
  22 |  0,00 | 0,357 | 533,80 | 533,80 | 578,56 |  0,00 | 0,164 | 44,35 | 44,35 |  0,00 | 0,163 | 229,30 | 229,30 |  0,00 | 0,351 | 224,02 | 224,02 |  0,00 | 7,837 | 36,13 | 36,13 | 36,696 |   NaN | NaN | 0,00 | 0,00 | NaN
  23 |  0,00 | 1,796 | 530,25 | 530,25 | 569,29 |  0,00 | 0,146 | 44,35 | 44,35 |  0,00 | 0,146 | 224,97 | 224,97 |  0,00 | 1,981 | 224,81 | 224,81 |  0,00 | 62,391 | 36,13 | 36,13 | 134,134 |   NaN | NaN | 0,00 | 0,00 | NaN
  24 |  0,00 | 0,480 | 533,26 | 533,26 | 569,93 |  0,00 | 0,108 | 44,35 | 44,35 |  0,00 | 0,106 | 225,18 | 225,18 |  0,00 | 0,519 | 227,60 | 227,60 |  0,00 | 14,194 | 36,13 | 36,13 | 49,469 |   NaN | NaN | 0,00 | 0,00 | NaN
  25 |  0,00 | 0,357 | 533,96 | 533,96 | 579,35 |  0,00 | 0,165 | 44,35 | 44,35 |  0,00 | 0,164 | 224,43 | 224,43 |  0,00 | 0,336 | 229,04 | 229,04 |  0,00 | 7,949 | 36,13 | 36,13 | 36,989 |   NaN | NaN | 0,00 | 0,00 | NaN
  26 |  0,00 | 0,406 | 528,44 | 528,44 | 572,18 |  0,00 | 0,161 | 44,35 | 44,35 |  0,00 | 0,162 | 224,62 | 224,62 |  0,00 | 0,387 | 223,33 | 223,33 |  0,00 | 9,948 | 36,13 | 36,13 | 39,725 |   NaN | NaN | 0,00 | 0,00 | NaN
  27 |  0,00 | 0,407 | 528,74 | 528,74 | 564,76 |  0,00 | 0,089 | 44,35 | 44,35 |  0,00 | 0,087 | 226,01 | 226,01 |  0,00 | 0,513 | 222,25 | 222,25 |  0,00 | 11,319 | 36,13 | 36,13 | 45,530 |   NaN | NaN | 0,00 | 0,00 | NaN
  28 |  0,00 | 1,861 | 526,03 | 526,03 | 567,15 |  0,00 | 0,154 | 44,35 | 44,35 |  0,00 | 0,153 | 225,18 | 225,18 |  0,00 | 2,017 | 220,36 | 220,36 |  0,00 | 65,024 | 36,13 | 36,13 | 142,533 |   NaN | NaN | 0,00 | 0,00 | NaN
  29 |  0,00 | 1,258 | 532,14 | 532,14 | 569,50 |  0,00 | 0,133 | 44,35 | 44,35 |  0,00 | 0,132 | 225,72 | 225,72 |  0,00 | 1,472 | 225,94 | 225,94 |  0,00 | 41,605 | 36,13 | 36,13 | 109,524 |   NaN | NaN | 0,00 | 0,00 | NaN
  30 |  0,00 | 0,513 | 528,63 | 528,63 | 573,61 |  0,00 | 0,164 | 44,35 | 44,35 |  0,00 | 0,163 | 223,61 | 223,61 |  0,00 | 0,451 | 224,54 | 224,54 |  0,00 | 14,517 | 36,13 | 36,13 | 48,399 |   NaN | NaN | 0,00 | 0,00 | NaN
  31 |  0,00 | 1,945 | 528,52 | 528,52 | 565,76 |  0,00 | 0,131 | 44,35 | 44,35 |  0,00 | 0,131 | 225,65 | 225,65 |  0,00 | 2,321 | 222,38 | 222,38 |  0,00 | 66,664 | 36,13 | 36,13 | 142,802 |   NaN | NaN | 0,00 | 0,00 | NaN
  32 |  0,00 | 1,096 | 532,13 | 532,13 | 568,22 |  0,00 | 0,089 | 44,35 | 44,35 |  0,00 | 0,088 | 225,33 | 225,33 |  0,00 | 1,260 | 226,32 | 226,32 |  0,00 | 37,488 | 36,13 | 36,13 | 95,669 |   NaN | NaN | 0,00 | 0,00 | NaN
  33 |  0,00 | 0,633 | 528,91 | 528,91 | 569,56 |  0,00 | 0,152 | 44,35 | 44,35 |  0,00 | 0,153 | 224,04 | 224,04 |  0,00 | 0,683 | 224,39 | 224,39 |  0,00 | 18,290 | 36,13 | 36,13 | 64,955 |   NaN | NaN | 0,00 | 0,00 | NaN
  34 |  0,00 | 0,372 | 528,75 | 528,75 | 567,33 |  0,00 | 0,144 | 44,35 | 44,35 |  0,00 | 0,143 | 224,92 | 224,92 |  0,00 | 0,393 | 223,34 | 223,34 |  0,00 | 8,812 | 36,13 | 36,13 | 39,751 |   NaN | NaN | 0,00 | 0,00 | NaN
  35 |  0,00 | 0,322 | 534,13 | 534,13 | 570,50 |  0,00 | 0,093 | 44,35 | 44,35 |  0,00 | 0,090 | 226,66 | 226,66 |  0,00 | 0,414 | 226,98 | 226,98 |  0,00 | 8,010 | 36,13 | 36,13 | 37,019 |   NaN | NaN | 0,00 | 0,00 | NaN
  36 |  0,00 | 0,372 | 528,95 | 528,95 | 568,05 |  0,00 | 0,146 | 44,35 | 44,35 |  0,00 | 0,144 | 222,07 | 222,07 |  0,00 | 0,373 | 226,39 | 226,39 |  0,00 | 8,947 | 36,13 | 36,13 | 39,142 |   NaN | NaN | 0,00 | 0,00 | NaN
  37 |  0,00 | 1,072 | 533,93 | 533,93 | 571,00 |  0,00 | 0,129 | 44,35 | 44,35 |  0,00 | 0,126 | 228,14 | 228,14 |  0,00 | 1,134 | 225,30 | 225,30 |  0,00 | 36,424 | 36,13 | 36,13 | 93,667 |   NaN | NaN | 0,00 | 0,00 | NaN
  38 |  0,00 | 0,464 | 532,79 | 532,79 | 569,62 |  0,00 | 0,120 | 44,35 | 44,35 |  0,00 | 0,118 | 226,30 | 226,30 |  0,00 | 0,497 | 226,00 | 226,00 |  0,00 | 13,201 | 36,13 | 36,13 | 48,955 |   NaN | NaN | 0,00 | 0,00 | NaN
  39 |  0,00 | 0,808 | 522,90 | 522,90 | 567,72 |  0,00 | 0,163 | 44,35 | 44,35 |  0,00 | 0,161 | 222,06 | 222,06 |  0,00 | 0,819 | 220,36 | 220,36 |  0,00 | 25,118 | 36,13 | 36,13 | 77,059 |   NaN | NaN | 0,00 | 0,00 | NaN
  40 |  0,00 | 0,486 | 525,91 | 525,91 | 570,63 |  0,00 | 0,163 | 44,35 | 44,35 |  0,00 | 0,163 | 224,90 | 224,90 |  0,00 | 0,427 | 220,52 | 220,52 |  0,00 | 13,467 | 36,13 | 36,13 | 47,905 |   NaN | NaN | 0,00 | 0,00 | NaN
  41 |  0,00 | 1,802 | 532,90 | 532,90 | 572,20 |  0,00 | 0,146 | 44,35 | 44,35 |  0,00 | 0,147 | 222,99 | 222,99 |  0,00 | 2,363 | 229,42 | 229,42 |  0,00 | 57,906 | 36,13 | 36,13 | 143,168 |   NaN | NaN | 0,00 | 0,00 | NaN
  42 |  0,00 | 1,251 | 534,44 | 534,44 | 570,86 |  0,00 | 0,093 | 44,35 | 44,35 |  0,00 | 0,089 | 226,65 | 226,65 |  0,00 | 1,587 | 227,31 | 227,31 |  0,00 | 41,440 | 36,13 | 36,13 | 108,820 |   NaN | NaN | 0,00 | 0,00 | NaN
  43 |  0,00 | 0,796 | 536,82 | 536,82 | 580,27 |  0,00 | 0,170 | 44,35 | 44,35 |  0,00 | 0,169 | 228,74 | 228,74 |  0,00 | 0,865 | 227,60 | 227,60 |  0,00 | 23,888 | 36,13 | 36,13 | 74,450 |   NaN | NaN | 0,00 | 0,00 | NaN
  44 |  0,00 | 1,863 | 532,64 | 532,64 | 568,35 |  0,00 | 0,086 | 44,35 | 44,35 |  0,00 | 0,086 | 224,57 | 224,57 |  0,00 | 2,379 | 227,59 | 227,59 |  0,00 | 63,312 | 36,13 | 36,13 | 150,915 |   NaN | NaN | 0,00 | 0,00 | NaN
  45 |  0,00 | 1,414 | 529,39 | 529,39 | 575,96 |  0,00 | 0,167 | 44,35 | 44,35 |  0,00 | 0,168 | 227,22 | 227,22 |  0,00 | 1,776 | 221,69 | 221,69 |  0,00 | 44,785 | 36,13 | 36,13 | 118,075 |   NaN | NaN | 0,00 | 0,00 | NaN
  46 |  0,00 | 0,970 | 529,79 | 529,79 | 566,48 |  0,00 | 0,107 | 44,35 | 44,35 |  0,00 | 0,104 | 223,42 | 223,42 |  0,00 | 1,065 | 225,89 | 225,89 |  0,00 | 32,648 | 36,13 | 36,13 | 90,131 |   NaN | NaN | 0,00 | 0,00 | NaN
  47 |  0,00 | 1,737 | 528,97 | 528,97 | 565,57 |  0,00 | 0,104 | 44,35 | 44,35 |  0,00 | 0,103 | 225,92 | 225,92 |  0,00 | 1,957 | 222,56 | 222,56 |  0,00 | 61,392 | 36,13 | 36,13 | 126,504 |   NaN | NaN | 0,00 | 0,00 | NaN
  48 |  0,00 | 1,872 | 528,28 | 528,28 | 565,77 |  0,00 | 0,134 | 44,35 | 44,35 |  0,00 | 0,133 | 223,73 | 223,73 |  0,00 | 2,425 | 224,07 | 224,07 |  0,00 | 61,412 | 36,13 | 36,13 | 145,226 |   NaN | NaN | 0,00 | 0,00 | NaN
  49 |  0,00 | 1,752 | 528,63 | 528,63 | 567,75 |  0,00 | 0,146 | 44,35 | 44,35 |  0,00 | 0,144 | 225,23 | 225,23 |  0,00 | 1,767 | 222,92 | 222,92 |  0,00 | 62,737 | 36,13 | 36,13 | 130,497 |   NaN | NaN | 0,00 | 0,00 | NaN
  50 |  0,00 | 0,884 | 532,07 | 532,07 | 568,70 |  0,00 | 0,101 | 44,35 | 44,35 |  0,00 | 0,100 | 226,98 | 226,98 |  0,00 | 1,037 | 224,61 | 224,61 |  0,00 | 28,975 | 36,13 | 36,13 | 84,189 |   NaN | NaN | 0,00 | 0,00 | NaN
  51 |  0,00 | 1,743 | 530,71 | 530,71 | 567,28 |  0,00 | 0,099 | 44,35 | 44,35 |  0,00 | 0,098 | 224,45 | 224,45 |  0,00 | 2,235 | 225,78 | 225,78 |  0,00 | 58,452 | 36,13 | 36,13 | 143,470 |   NaN | NaN | 0,00 | 0,00 | NaN
  52 |  0,00 | 1,445 | 530,53 | 530,53 | 567,57 |  0,00 | 0,125 | 44,35 | 44,35 |  0,00 | 0,123 | 222,26 | 222,26 |  0,00 | 1,880 | 227,78 | 227,78 |  0,00 | 46,342 | 36,13 | 36,13 | 123,214 |   NaN | NaN | 0,00 | 0,00 | NaN
  53 |  0,00 | 1,085 | 531,42 | 531,42 | 568,11 |  0,00 | 0,112 | 44,35 | 44,35 |  0,00 | 0,113 | 226,51 | 226,51 |  0,00 | 1,182 | 224,42 | 224,42 |  0,00 | 37,015 | 36,13 | 36,13 | 94,876 |   NaN | NaN | 0,00 | 0,00 | NaN
  54 |  0,00 | 1,316 | 526,88 | 526,88 | 563,62 |  0,00 | 0,115 | 44,35 | 44,35 |  0,00 | 0,115 | 225,03 | 225,03 |  0,00 | 1,621 | 221,37 | 221,37 |  0,00 | 43,502 | 36,13 | 36,13 | 114,996 |   NaN | NaN | 0,00 | 0,00 | NaN
  55 |  0,00 | 0,448 | 527,92 | 527,92 | 564,46 |  0,00 | 0,100 | 44,35 | 44,35 |  0,00 | 0,102 | 222,71 | 222,71 |  0,00 | 0,527 | 224,72 | 224,72 |  0,00 | 12,694 | 36,13 | 36,13 | 47,870 |   NaN | NaN | 0,00 | 0,00 | NaN
  56 |  0,00 | 1,807 | 527,18 | 527,18 | 563,80 |  0,00 | 0,106 | 44,35 | 44,35 |  0,00 | 0,104 | 223,21 | 223,21 |  0,00 | 2,395 | 223,48 | 223,48 |  0,00 | 59,546 | 36,13 | 36,13 | 145,037 |   NaN | NaN | 0,00 | 0,00 | NaN
  57 |  0,00 | 1,918 | 529,99 | 529,99 | 566,63 |  0,00 | 0,103 | 44,35 | 44,35 |  0,00 | 0,102 | 224,31 | 224,31 |  0,00 | 2,271 | 225,20 | 225,20 |  0,00 | 66,762 | 36,13 | 36,13 | 142,820 |   NaN | NaN | 0,00 | 0,00 | NaN
  58 |  0,00 | 1,898 | 530,90 | 530,90 | 568,21 |  0,00 | 0,131 | 44,35 | 44,35 |  0,00 | 0,130 | 225,36 | 225,36 |  0,00 | 2,237 | 225,05 | 225,05 |  0,00 | 65,180 | 36,13 | 36,13 | 143,524 |   NaN | NaN | 0,00 | 0,00 | NaN
  59 |  0,00 | 0,412 | 533,84 | 533,84 | 573,90 |  0,00 | 0,150 | 44,35 | 44,35 |  0,00 | 0,149 | 224,67 | 224,67 |  0,00 | 0,398 | 228,69 | 228,69 |  0,00 | 10,533 | 36,13 | 36,13 | 41,059 |   NaN | NaN | 0,00 | 0,00 | NaN
  60 |  0,00 | 1,761 | 530,17 | 530,17 | 566,00 |  0,00 | 0,087 | 44,35 | 44,35 |  0,00 | 0,086 | 224,73 | 224,73 |  0,00 | 2,388 | 224,95 | 224,95 |  0,00 | 58,081 | 36,13 | 36,13 | 144,254 |   NaN | NaN | 0,00 | 0,00 | NaN
  61 |  0,00 | 1,043 | 533,40 | 533,40 | 570,11 |  0,00 | 0,108 | 44,35 | 44,35 |  0,00 | 0,108 | 226,58 | 226,58 |  0,00 | 1,112 | 226,34 | 226,34 |  0,00 | 35,906 | 36,13 | 36,13 | 93,349 |   NaN | NaN | 0,00 | 0,00 | NaN
  62 |  0,00 | 1,948 | 533,28 | 533,28 | 580,59 |  0,00 | 0,169 | 44,35 | 44,35 |  0,00 | 0,167 | 226,83 | 226,83 |  0,00 | 2,590 | 225,97 | 225,97 |  0,00 | 62,239 | 36,13 | 36,13 | 147,199 |   NaN | NaN | 0,00 | 0,00 | NaN
  63 |  0,00 | 0,528 | 530,89 | 530,89 | 567,79 |  0,00 | 0,125 | 44,35 | 44,35 |  0,00 | 0,123 | 226,24 | 226,24 |  0,00 | 0,529 | 224,17 | 224,17 |  0,00 | 15,888 | 36,13 | 36,13 | 52,359 |   NaN | NaN | 0,00 | 0,00 | NaN
  64 |  0,00 | 1,356 | 527,60 | 527,60 | 574,46 |  0,00 | 0,167 | 44,35 | 44,35 |  0,00 | 0,165 | 223,97 | 223,97 |  0,00 | 1,685 | 223,15 | 223,15 |  0,00 | 42,695 | 36,13 | 36,13 | 113,199 |   NaN | NaN | 0,00 | 0,00 | NaN

= = = = = = = = = = = = AVERAGE RESULTS system = = = = = = = = = = = =
meanPLR_system | 0,000000 
meanDelay_system | 0,893968 
meanLoad_system | 530,362102 
meanTHR_system | 530,362102 
meanGate_system | 569,425513 

meanPLR_EF_system | 0,000000 
meanPLR_AF_system | 0,000000 
meanPLR_BE_system | 0,000000 
meanPLR_FLA_system | 0,000000 
meanPLR_FLB_system | NaN 

meanTHR_EF_system | 44,352004 
meanTHR_AF_system | 225,119106 
meanTHR_BE_system | 224,759724 
meanTHR_FLA_system | 36,760146 
meanTHR_FLB_system | 0,000000 

meanLoad_EF_system | 44,352004 
meanLoad_AF_system | 225,119106 
meanLoad_BE_system | 224,759724 
meanLoad_FLA_system | 36,760146 
meanLoad_FLB_system | 0,000000 

meanDELAY_EF_system | 0,129512 
meanDELAY_AF_system | 0,128508 
meanDELAY_BE_system | 1,038511 
meanDELAY_FLA_system | 28,289735 
meanDELAY_FLB_system | NaN 
meanDELAY_CompleteFLA_system | 77,907814 
meanDELAY_CompleteFLB_system | NaN 

= = = = = = = = = = = = AVERAGE RESULTS = = = = = = = = = = = =
Packet Loss Ratio: 00,00 (%)
PROCESSED PACKAGES: 1715529149 
DISCARTED PACKAGES: 0 
TOTAL PACKAGES: 1715529149 
AVERAGE DELAY: 136,63 (ms) 
AVERAGE THROUGHPUT: 530,36 (Mbps) 
GRANTED THROUGHPUT: 36443,23 (Mbps) By 64 ONUs
EFFECTIVE THROUGHPUT: 33943,17 (Mbps) By 64 ONUs
TOTAL LOAD: 33943,17 (Mbps) By 64 ONUs
ON Arrival THROUGHPUT: 0,00 (Mbps) By 64 ONUs
FINISHTIMEFL: 172,360576 
FINISHTIME: 175,360576 


fileName | IPACT_STRICTPRIORITYFIRSTAF_4_30_60_0 
