
ONU ID 	|  PLR(%) | Delay(ms) | Throughput(Mbps) | Granted Throughput(Mbps) | Total Load (Mbps) 

  ID |  PLR(%) |  D  | Thr |  Gates  |  Load  | PLR-EF | D-EF | ThrEF | LoadEF | PLR-AF | D-AF | ThrAF | LoadAF | PLR-BE | D-BE | ThrBE | LoadBE | PLR-FA | D-FA | ThrFA | LoadFA | DTFA |  PLR-FB | D-FB | ThrFB | LoadFB | DTFB | 
   1 |  8,40 | 298,915 | 755,39 | 824,66 | 759,66 |  0,00 | 1,408 | 44,35 | 44,35 |  0,00 | 11,754 | 372,92 | 372,92 | 19,09 | 1179,645 | 293,58 | 362,85 |  0,00 | 221,407 | 44,54 | 44,54 | 461,875 |   NaN | NaN | 0,00 | 0,00 | NaN
   2 |  8,85 | 288,153 | 754,27 | 827,52 | 758,58 |  0,00 | 1,420 | 44,35 | 44,35 |  0,00 | 3,340 | 371,52 | 371,52 | 19,95 | 1100,471 | 293,85 | 367,10 |  0,00 | 766,872 | 44,54 | 44,54 | 1552,876 |   NaN | NaN | 0,00 | 0,00 | NaN
   3 |  8,00 | 279,965 | 755,65 | 821,35 | 759,94 |  0,00 | 1,357 | 44,35 | 44,35 |  0,00 | 1,911 | 367,77 | 367,77 | 18,01 | 1055,065 | 298,99 | 364,69 |  0,00 | 735,132 | 44,54 | 44,54 | 1489,394 |   NaN | NaN | 0,00 | 0,00 | NaN
   4 |  9,00 | 303,577 | 755,31 | 830,02 | 759,66 |  0,00 | 1,362 | 44,35 | 44,35 |  0,00 | 23,280 | 373,64 | 373,64 | 20,33 | 1192,317 | 292,77 | 367,48 |  0,00 | 156,274 | 44,54 | 44,54 | 331,746 |   NaN | NaN | 0,00 | 0,00 | NaN
   5 |  8,17 | 274,503 | 755,33 | 822,51 | 759,60 |  0,00 | 1,388 | 44,35 | 44,35 |  0,00 | 2,179 | 366,54 | 366,54 | 18,30 | 1005,236 | 299,89 | 367,07 |  0,00 | 1037,812 | 44,54 | 44,54 | 2094,769 |   NaN | NaN | 0,00 | 0,00 | NaN
   6 |  8,84 | 286,576 | 755,05 | 828,25 | 759,31 |  0,00 | 1,336 | 44,35 | 44,35 |  0,00 | 2,305 | 371,38 | 371,38 | 19,89 | 1086,356 | 294,78 | 367,98 |  0,00 | 850,377 | 44,54 | 44,54 | 1719,822 |   NaN | NaN | 0,00 | 0,00 | NaN
   7 |  8,44 | 289,560 | 755,08 | 824,65 | 759,34 |  0,00 | 1,355 | 44,35 | 44,35 |  0,00 | 4,873 | 368,98 | 368,98 | 18,97 | 1124,656 | 297,20 | 366,78 |  0,00 | 369,271 | 44,54 | 44,54 | 757,628 |   NaN | NaN | 0,00 | 0,00 | NaN
   8 |  8,51 | 288,938 | 755,27 | 825,51 | 759,56 |  0,00 | 1,405 | 44,35 | 44,35 |  0,00 | 2,253 | 366,09 | 366,09 | 18,96 | 1080,176 | 300,28 | 370,53 |  0,00 | 798,393 | 44,54 | 44,54 | 1615,947 |   NaN | NaN | 0,00 | 0,00 | NaN
   9 |  8,80 | 291,116 | 755,18 | 828,03 | 759,44 |  0,00 | 1,344 | 44,35 | 44,35 |  0,00 | 2,656 | 370,42 | 370,42 | 19,76 | 1124,708 | 295,86 | 368,72 |  0,00 | 541,747 | 44,54 | 44,54 | 1102,663 |   NaN | NaN | 0,00 | 0,00 | NaN
  10 |  8,27 | 292,876 | 755,32 | 823,38 | 759,61 |  0,00 | 1,405 | 44,35 | 44,35 |  0,00 | 14,217 | 368,02 | 368,02 | 18,57 | 1135,098 | 298,40 | 366,46 |  0,00 | 203,683 | 44,54 | 44,54 | 426,593 |   NaN | NaN | 0,00 | 0,00 | NaN
  11 |  8,18 | 273,407 | 753,62 | 820,80 | 757,90 |  0,00 | 1,345 | 44,35 | 44,35 |  0,00 | 1,997 | 363,09 | 363,09 | 18,21 | 963,188 | 301,64 | 368,82 |  0,00 | 1434,817 | 44,54 | 44,54 | 2888,666 |   NaN | NaN | 0,00 | 0,00 | NaN
  12 |  8,37 | 285,614 | 755,36 | 824,31 | 759,65 |  0,00 | 1,407 | 44,35 | 44,35 |  0,00 | 2,296 | 367,73 | 367,73 | 18,75 | 1065,079 | 298,73 | 367,68 |  0,00 | 888,646 | 44,54 | 44,54 | 1796,435 |   NaN | NaN | 0,00 | 0,00 | NaN
  13 |  7,58 | 277,594 | 754,80 | 816,67 | 759,07 |  0,00 | 1,372 | 44,35 | 44,35 |  0,00 | 2,244 | 365,34 | 365,34 | 17,07 | 1036,245 | 300,57 | 362,44 |  0,00 | 768,579 | 44,54 | 44,54 | 1556,368 |   NaN | NaN | 0,00 | 0,00 | NaN
  14 |  8,68 | 279,778 | 754,74 | 826,44 | 759,03 |  0,00 | 1,413 | 44,35 | 44,35 |  0,00 | 2,303 | 368,73 | 368,73 | 19,44 | 1036,336 | 297,11 | 368,81 |  0,00 | 1023,365 | 44,54 | 44,54 | 2065,784 |   NaN | NaN | 0,00 | 0,00 | NaN
  15 |  8,16 | 290,912 | 753,92 | 820,93 | 758,20 |  0,00 | 1,407 | 44,35 | 44,35 |  0,00 | 5,006 | 362,22 | 362,22 | 18,12 | 1107,199 | 302,80 | 369,81 |  0,00 | 376,151 | 44,54 | 44,54 | 771,475 |   NaN | NaN | 0,00 | 0,00 | NaN
  16 |  9,52 | 296,567 | 754,69 | 834,06 | 758,96 |  0,00 | 1,399 | 44,35 | 44,35 |  0,00 | 2,844 | 369,54 | 369,54 | 21,13 | 1137,063 | 296,25 | 375,62 |  0,00 | 633,997 | 44,54 | 44,54 | 1287,158 |   NaN | NaN | 0,00 | 0,00 | NaN
  17 |  8,76 | 291,317 | 754,58 | 827,04 | 758,88 |  0,00 | 1,412 | 44,35 | 44,35 |  0,00 | 2,366 | 370,07 | 370,07 | 19,69 | 1121,478 | 295,61 | 368,07 |  0,00 | 606,002 | 44,54 | 44,54 | 1231,093 |   NaN | NaN | 0,00 | 0,00 | NaN
  18 |  8,06 | 272,353 | 754,60 | 820,73 | 758,89 |  0,00 | 1,388 | 44,35 | 44,35 |  0,00 | 2,442 | 364,94 | 364,94 | 18,02 | 953,448 | 300,76 | 366,90 |  0,00 | 1543,330 | 44,54 | 44,54 | 3105,643 |   NaN | NaN | 0,00 | 0,00 | NaN
  19 |  7,32 | 275,273 | 754,90 | 814,55 | 759,18 |  0,00 | 1,379 | 44,35 | 44,35 |  0,00 | 2,536 | 361,30 | 361,30 | 16,37 | 976,044 | 304,71 | 364,36 |  0,00 | 1243,792 | 44,54 | 44,54 | 2506,727 |   NaN | NaN | 0,00 | 0,00 | NaN
  20 |  7,91 | 274,608 | 754,90 | 819,74 | 759,19 |  0,00 | 1,375 | 44,35 | 44,35 |  0,00 | 1,800 | 368,69 | 368,69 | 17,90 | 981,443 | 297,31 | 362,15 |  0,00 | 1458,891 | 44,54 | 44,54 | 2936,924 |   NaN | NaN | 0,00 | 0,00 | NaN
  21 |  7,03 | 286,027 | 754,95 | 812,08 | 759,21 |  0,00 | 1,379 | 44,35 | 44,35 |  0,00 | 6,762 | 362,73 | 362,73 | 15,85 | 1091,819 | 303,32 | 360,45 |  0,00 | 292,230 | 44,54 | 44,54 | 603,731 |   NaN | NaN | 0,00 | 0,00 | NaN
  22 |  9,17 | 287,182 | 755,07 | 831,33 | 759,39 |  0,00 | 1,418 | 44,35 | 44,35 |  0,00 | 2,526 | 375,53 | 375,53 | 20,78 | 1085,245 | 290,64 | 366,90 |  0,00 | 1076,569 | 44,54 | 44,54 | 2172,186 |   NaN | NaN | 0,00 | 0,00 | NaN
  23 |  8,49 | 278,054 | 755,02 | 825,08 | 759,31 |  0,00 | 1,400 | 44,35 | 44,35 |  0,00 | 2,331 | 368,21 | 368,21 | 19,04 | 1000,529 | 297,91 | 367,97 |  0,00 | 1356,822 | 44,54 | 44,54 | 2732,790 |   NaN | NaN | 0,00 | 0,00 | NaN
  24 |  8,67 | 289,287 | 755,24 | 826,93 | 759,52 |  0,00 | 1,362 | 44,35 | 44,35 |  0,00 | 1,970 | 367,26 | 367,26 | 19,34 | 1088,727 | 299,09 | 370,78 |  0,00 | 768,473 | 44,54 | 44,54 | 1556,021 |   NaN | NaN | 0,00 | 0,00 | NaN
  25 |  9,13 | 296,590 | 754,84 | 830,72 | 759,16 |  0,00 | 1,419 | 44,35 | 44,35 |  0,00 | 3,398 | 366,55 | 366,55 | 20,22 | 1141,212 | 299,39 | 375,26 |  0,00 | 426,519 | 44,54 | 44,54 | 872,250 |   NaN | NaN | 0,00 | 0,00 | NaN
  26 |  8,02 | 291,094 | 754,99 | 820,82 | 759,26 |  0,00 | 1,415 | 44,35 | 44,35 |  0,00 | 4,336 | 366,58 | 366,58 | 18,02 | 1123,557 | 299,51 | 365,34 |  0,00 | 355,868 | 44,54 | 44,54 | 730,883 |   NaN | NaN | 0,00 | 0,00 | NaN
  27 |  7,96 | 271,157 | 754,92 | 820,25 | 759,19 |  0,00 | 1,342 | 44,35 | 44,35 |  0,00 | 1,913 | 368,68 | 368,68 | 18,01 | 959,557 | 297,34 | 362,67 |  0,00 | 1557,429 | 44,54 | 44,54 | 3133,740 |   NaN | NaN | 0,00 | 0,00 | NaN
  28 |  7,61 | 276,136 | 754,27 | 816,35 | 758,56 |  0,00 | 1,408 | 44,35 | 44,35 |  0,00 | 2,226 | 367,17 | 367,17 | 17,23 | 991,155 | 298,20 | 360,28 |  0,00 | 1363,348 | 44,54 | 44,54 | 2745,671 |   NaN | NaN | 0,00 | 0,00 | NaN
  29 |  8,90 | 276,501 | 754,84 | 828,60 | 759,12 |  0,00 | 1,388 | 44,35 | 44,35 |  0,00 | 2,044 | 369,44 | 369,44 | 19,92 | 994,564 | 296,50 | 370,26 |  0,00 | 1414,706 | 44,54 | 44,54 | 2848,471 |   NaN | NaN | 0,00 | 0,00 | NaN
  30 |  8,01 | 273,694 | 754,64 | 820,37 | 758,94 |  0,00 | 1,418 | 44,35 | 44,35 |  0,00 | 2,538 | 364,48 | 364,48 | 17,91 | 960,899 | 301,25 | 366,99 |  0,00 | 1495,578 | 44,54 | 44,54 | 3010,313 |   NaN | NaN | 0,00 | 0,00 | NaN
  31 |  7,90 | 273,741 | 755,55 | 820,39 | 759,83 |  0,00 | 1,385 | 44,35 | 44,35 |  0,00 | 1,818 | 368,34 | 368,34 | 17,86 | 982,784 | 298,31 | 363,15 |  0,00 | 1360,965 | 44,54 | 44,54 | 2740,961 |   NaN | NaN | 0,00 | 0,00 | NaN
  32 |  8,59 | 276,124 | 755,28 | 826,27 | 759,54 |  0,00 | 1,341 | 44,35 | 44,35 |  0,00 | 2,587 | 367,98 | 367,98 | 19,22 | 984,852 | 298,40 | 369,40 |  0,00 | 1438,839 | 44,54 | 44,54 | 2896,705 |   NaN | NaN | 0,00 | 0,00 | NaN
  33 |  7,98 | 271,768 | 755,08 | 820,57 | 759,35 |  0,00 | 1,407 | 44,35 | 44,35 |  0,00 | 2,370 | 365,91 | 365,91 | 17,91 | 958,741 | 300,27 | 365,76 |  0,00 | 1473,666 | 44,54 | 44,54 | 2966,440 |   NaN | NaN | 0,00 | 0,00 | NaN
  34 |  7,96 | 274,359 | 754,83 | 820,14 | 759,11 |  0,00 | 1,398 | 44,35 | 44,35 |  0,00 | 2,174 | 367,26 | 367,26 | 17,94 | 963,818 | 298,67 | 363,98 |  0,00 | 1604,519 | 44,54 | 44,54 | 3228,207 |   NaN | NaN | 0,00 | 0,00 | NaN
  35 |  9,03 | 274,645 | 754,93 | 829,87 | 759,19 |  0,00 | 1,347 | 44,35 | 44,35 |  0,00 | 2,094 | 370,67 | 370,67 | 20,24 | 971,433 | 295,36 | 370,30 |  0,00 | 1655,996 | 44,54 | 44,54 | 3331,039 |   NaN | NaN | 0,00 | 0,00 | NaN
  36 |  8,05 | 271,386 | 755,51 | 821,65 | 759,79 |  0,00 | 1,400 | 44,35 | 44,35 |  0,00 | 2,311 | 363,22 | 363,22 | 17,90 | 939,571 | 303,39 | 369,54 |  0,00 | 1576,813 | 44,54 | 44,54 | 3172,853 |   NaN | NaN | 0,00 | 0,00 | NaN
  37 |  9,12 | 281,524 | 755,52 | 831,31 | 759,81 |  0,00 | 1,383 | 44,35 | 44,35 |  0,00 | 2,523 | 373,88 | 373,88 | 20,57 | 1025,735 | 292,74 | 368,53 |  0,00 | 1440,165 | 44,54 | 44,54 | 2899,332 |   NaN | NaN | 0,00 | 0,00 | NaN
  38 |  8,74 | 272,602 | 755,27 | 827,57 | 759,55 |  0,00 | 1,374 | 44,35 | 44,35 |  0,00 | 1,769 | 370,14 | 370,14 | 19,62 | 972,924 | 296,23 | 368,53 |  0,00 | 1513,416 | 44,54 | 44,54 | 3045,841 |   NaN | NaN | 0,00 | 0,00 | NaN
  39 |  7,00 | 267,402 | 754,22 | 810,97 | 758,54 |  0,00 | 1,418 | 44,35 | 44,35 |  0,00 | 1,816 | 362,44 | 362,44 | 15,78 | 933,362 | 302,88 | 359,63 |  0,00 | 1468,257 | 44,54 | 44,54 | 2955,704 |   NaN | NaN | 0,00 | 0,00 | NaN
  40 |  7,47 | 266,385 | 754,90 | 815,83 | 759,19 |  0,00 | 1,418 | 44,35 | 44,35 |  0,00 | 2,051 | 366,67 | 366,67 | 16,91 | 934,122 | 299,34 | 360,27 |  0,00 | 1550,499 | 44,54 | 44,54 | 3120,119 |   NaN | NaN | 0,00 | 0,00 | NaN
  41 |  8,88 | 277,983 | 754,68 | 828,23 | 758,97 |  0,00 | 1,401 | 44,35 | 44,35 |  0,00 | 2,206 | 364,60 | 364,60 | 19,63 | 986,300 | 301,18 | 374,72 |  0,00 | 1390,445 | 44,54 | 44,54 | 2800,039 |   NaN | NaN | 0,00 | 0,00 | NaN
  42 |  9,08 | 277,514 | 755,04 | 830,41 | 759,31 |  0,00 | 1,347 | 44,35 | 44,35 |  0,00 | 1,863 | 370,99 | 370,99 | 20,34 | 1003,618 | 295,15 | 370,52 |  0,00 | 1414,928 | 44,54 | 44,54 | 2848,949 |   NaN | NaN | 0,00 | 0,00 | NaN
  43 |  9,44 | 277,428 | 755,36 | 834,13 | 759,65 |  0,00 | 1,425 | 44,35 | 44,35 |  0,00 | 1,754 | 373,92 | 373,92 | 21,22 | 1008,318 | 292,54 | 371,32 |  0,00 | 1463,788 | 44,54 | 44,54 | 2946,564 |   NaN | NaN | 0,00 | 0,00 | NaN
  44 |  8,68 | 280,204 | 755,40 | 827,19 | 759,67 |  0,00 | 1,337 | 44,35 | 44,35 |  0,00 | 2,018 | 366,57 | 366,57 | 19,31 | 1001,029 | 299,93 | 371,73 |  0,00 | 1380,930 | 44,54 | 44,54 | 2780,842 |   NaN | NaN | 0,00 | 0,00 | NaN
  45 |  8,06 | 273,502 | 755,41 | 821,67 | 759,72 |  0,00 | 1,421 | 44,35 | 44,35 |  0,00 | 2,181 | 371,38 | 371,38 | 18,33 | 987,800 | 295,13 | 361,39 |  0,00 | 1408,812 | 44,54 | 44,54 | 2836,734 |   NaN | NaN | 0,00 | 0,00 | NaN
  46 |  8,40 | 269,271 | 754,66 | 823,89 | 758,94 |  0,00 | 1,361 | 44,35 | 44,35 |  0,00 | 1,760 | 365,56 | 365,56 | 18,74 | 950,276 | 300,20 | 369,43 |  0,00 | 1460,737 | 44,54 | 44,54 | 2940,447 |   NaN | NaN | 0,00 | 0,00 | NaN
  47 |  8,15 | 275,125 | 754,86 | 821,88 | 759,14 |  0,00 | 1,358 | 44,35 | 44,35 |  0,00 | 1,946 | 367,91 | 367,91 | 18,36 | 989,747 | 298,05 | 365,07 |  0,00 | 1348,715 | 44,54 | 44,54 | 2716,509 |   NaN | NaN | 0,00 | 0,00 | NaN
  48 |  7,95 | 268,052 | 754,44 | 819,57 | 758,72 |  0,00 | 1,388 | 44,35 | 44,35 |  0,00 | 2,137 | 365,29 | 365,29 | 17,83 | 950,766 | 300,25 | 365,38 |  0,00 | 1381,421 | 44,54 | 44,54 | 2781,824 |   NaN | NaN | 0,00 | 0,00 | NaN
  49 |  8,14 | 273,821 | 754,62 | 821,49 | 758,90 |  0,00 | 1,400 | 44,35 | 44,35 |  0,00 | 2,117 | 367,37 | 367,37 | 18,31 | 982,573 | 298,35 | 365,22 |  0,00 | 1351,633 | 44,54 | 44,54 | 2722,286 |   NaN | NaN | 0,00 | 0,00 | NaN
  50 |  8,58 | 276,229 | 755,09 | 825,93 | 759,37 |  0,00 | 1,355 | 44,35 | 44,35 |  0,00 | 1,910 | 370,36 | 370,36 | 19,32 | 991,862 | 295,84 | 366,67 |  0,00 | 1470,186 | 44,54 | 44,54 | 2959,504 |   NaN | NaN | 0,00 | 0,00 | NaN
  51 |  8,37 | 275,565 | 754,80 | 823,75 | 759,08 |  0,00 | 1,353 | 44,35 | 44,35 |  0,00 | 1,941 | 366,24 | 366,24 | 18,71 | 982,804 | 299,67 | 368,62 |  0,00 | 1385,720 | 44,54 | 44,54 | 2790,436 |   NaN | NaN | 0,00 | 0,00 | NaN
  52 |  8,55 | 281,180 | 754,61 | 825,16 | 758,90 |  0,00 | 1,379 | 44,35 | 44,35 |  0,00 | 2,032 | 364,05 | 364,05 | 18,95 | 997,101 | 301,67 | 372,22 |  0,00 | 1398,890 | 44,54 | 44,54 | 2816,909 |   NaN | NaN | 0,00 | 0,00 | NaN
  53 |  8,61 | 276,024 | 754,75 | 825,86 | 759,03 |  0,00 | 1,366 | 44,35 | 44,35 |  0,00 | 1,805 | 370,28 | 370,28 | 19,39 | 993,751 | 295,57 | 366,68 |  0,00 | 1445,116 | 44,54 | 44,54 | 2909,345 |   NaN | NaN | 0,00 | 0,00 | NaN
  54 |  7,55 | 271,024 | 755,51 | 817,19 | 759,80 |  0,00 | 1,369 | 44,35 | 44,35 |  0,00 | 2,556 | 366,87 | 366,87 | 17,06 | 963,257 | 299,74 | 361,42 |  0,00 | 1406,579 | 44,54 | 44,54 | 2832,245 |   NaN | NaN | 0,00 | 0,00 | NaN
  55 |  7,87 | 274,422 | 754,88 | 819,33 | 759,16 |  0,00 | 1,354 | 44,35 | 44,35 |  0,00 | 1,979 | 363,93 | 363,93 | 17,59 | 960,727 | 302,05 | 366,50 |  0,00 | 1514,224 | 44,54 | 44,54 | 3047,524 |   NaN | NaN | 0,00 | 0,00 | NaN
  56 |  7,78 | 269,681 | 755,01 | 818,73 | 759,28 |  0,00 | 1,360 | 44,35 | 44,35 |  0,00 | 1,824 | 365,24 | 365,24 | 17,48 | 956,216 | 300,88 | 364,59 |  0,00 | 1383,033 | 44,54 | 44,54 | 2785,137 |   NaN | NaN | 0,00 | 0,00 | NaN
  57 |  8,17 | 271,460 | 754,99 | 822,18 | 759,28 |  0,00 | 1,357 | 44,35 | 44,35 |  0,00 | 2,194 | 365,87 | 365,87 | 18,29 | 966,454 | 300,22 | 367,40 |  0,00 | 1361,720 | 44,54 | 44,54 | 2742,519 |   NaN | NaN | 0,00 | 0,00 | NaN
  58 |  8,38 | 279,671 | 755,57 | 824,71 | 759,84 |  0,00 | 1,386 | 44,35 | 44,35 |  0,00 | 2,277 | 367,74 | 367,74 | 18,78 | 1003,348 | 298,93 | 368,07 |  0,00 | 1366,021 | 44,54 | 44,54 | 2751,152 |   NaN | NaN | 0,00 | 0,00 | NaN
  59 |  8,93 | 270,123 | 755,60 | 829,71 | 759,88 |  0,00 | 1,404 | 44,35 | 44,35 |  0,00 | 1,763 | 366,77 | 366,77 | 19,81 | 944,359 | 299,93 | 374,04 |  0,00 | 1599,537 | 44,54 | 44,54 | 3218,127 |   NaN | NaN | 0,00 | 0,00 | NaN
  60 |  8,24 | 277,109 | 754,49 | 822,25 | 758,78 |  0,00 | 1,339 | 44,35 | 44,35 |  0,00 | 1,784 | 366,98 | 366,98 | 18,49 | 992,020 | 298,62 | 366,37 |  0,00 | 1391,905 | 44,54 | 44,54 | 2802,933 |   NaN | NaN | 0,00 | 0,00 | NaN
  61 |  8,88 | 281,533 | 755,26 | 828,83 | 759,53 |  0,00 | 1,362 | 44,35 | 44,35 |  0,00 | 1,977 | 369,95 | 369,95 | 19,88 | 1012,559 | 296,42 | 369,98 |  0,00 | 1451,153 | 44,54 | 44,54 | 2921,221 |   NaN | NaN | 0,00 | 0,00 | NaN
  62 |  8,91 | 270,542 | 754,57 | 828,34 | 758,89 |  0,00 | 1,423 | 44,35 | 44,35 |  0,00 | 1,926 | 369,54 | 369,54 | 19,94 | 974,424 | 296,14 | 369,90 |  0,00 | 1381,495 | 44,54 | 44,54 | 2782,178 |   NaN | NaN | 0,00 | 0,00 | NaN
  63 |  8,49 | 273,842 | 754,83 | 824,91 | 759,10 |  0,00 | 1,379 | 44,35 | 44,35 |  0,00 | 2,360 | 369,65 | 369,65 | 19,13 | 977,617 | 296,29 | 366,36 |  0,00 | 1498,508 | 44,54 | 44,54 | 3016,111 |   NaN | NaN | 0,00 | 0,00 | NaN
  64 |  7,62 | 272,546 | 755,20 | 817,48 | 759,50 |  0,00 | 1,422 | 44,35 | 44,35 |  0,00 | 2,018 | 365,16 | 365,16 | 17,14 | 964,428 | 301,14 | 363,42 |  0,00 | 1407,356 | 44,54 | 44,54 | 2833,796 |   NaN | NaN | 0,00 | 0,00 | NaN

= = = = = = = = = = = = AVERAGE RESULTS system = = = = = = = = = = = =
meanPLR_system | 8,349378 
meanDelay_system | 279,079824 
meanLoad_system | 823,766369 
meanTHR_system | 754,959865 
meanGate_system | 759,244360 

meanPLR_EF_system | 0,000000 
meanPLR_AF_system | 0,000000 
meanPLR_BE_system | 18,732012 
meanPLR_FLA_system | 0,000000 
meanPLR_FLB_system | NaN 

meanTHR_EF_system | 44,352004 
meanTHR_AF_system | 367,723309 
meanTHR_BE_system | 298,339844 
meanTHR_FLA_system | 45,341634 
meanTHR_FLB_system | 0,000000 

meanLoad_EF_system | 44,352004 
meanLoad_AF_system | 367,723309 
meanLoad_BE_system | 367,146347 
meanLoad_FLA_system | 45,341634 
meanLoad_FLB_system | 0,000000 

meanDELAY_EF_system | 1,383480 
meanDELAY_AF_system | 3,038849 
meanDELAY_BE_system | 1017,300146 
meanDELAY_FLA_system | 1170,501030 
meanDELAY_FLB_system | NaN 
meanDELAY_CompleteFLA_system | 2360,096472 
meanDELAY_CompleteFLB_system | NaN 

= = = = = = = = = = = = AVERAGE RESULTS = = = = = = = = = = = =
Packet Loss Ratio: 08,35 (%)
PROCESSED PACKAGES: 2049061661 
DISCARTED PACKAGES: 117303530 
TOTAL PACKAGES: 2166365191 
AVERAGE DELAY: 52348,45 (ms) 
AVERAGE THROUGHPUT: 754,96 (Mbps) 
GRANTED THROUGHPUT: 48591,64 (Mbps) By 64 ONUs
EFFECTIVE THROUGHPUT: 48317,43 (Mbps) By 64 ONUs
TOTAL LOAD: 52721,05 (Mbps) By 64 ONUs
ON Arrival THROUGHPUT: 0,00 (Mbps) By 64 ONUs
FINISHTIMEFL: 167,686942 
FINISHTIME: 170,686942 


fileName | IPACT_LEAKYBUCKET_3_36_98_0 
