
ONU ID 	|  PLR(%) | Delay(ms) | Throughput(Mbps) | Granted Throughput(Mbps) | Total Load (Mbps) 

  ID |  PLR(%) |  D  | Thr |  Gates  |  Load  | PLR-EF | D-EF | ThrEF | LoadEF | PLR-AF | D-AF | ThrAF | LoadAF | PLR-BE | D-BE | ThrBE | LoadBE | PLR-FA | D-FA | ThrFA | LoadFA | DTFA |  PLR-FB | D-FB | ThrFB | LoadFB | DTFB | 
   1 |  0,00 | 1,173 | 680,09 | 680,09 | 700,48 |  0,00 | 0,382 | 44,35 | 44,35 |  0,00 | 0,908 | 303,93 | 303,93 |  0,00 | 1,228 | 295,88 | 295,88 |  0,00 | 25,475 | 35,93 | 35,93 | 73,907 |   NaN | NaN | 0,00 | 0,00 | NaN
   2 |  0,00 | 1,844 | 682,47 | 682,47 | 705,17 |  0,00 | 0,394 | 44,35 | 44,35 |  0,00 | 0,504 | 303,59 | 303,59 |  0,00 | 0,727 | 298,59 | 298,59 |  0,00 | 79,048 | 35,93 | 35,93 | 233,244 |   NaN | NaN | 0,00 | 0,00 | NaN
   3 |  0,00 | 1,798 | 678,07 | 678,07 | 697,17 |  0,00 | 0,330 | 44,35 | 44,35 |  0,00 | 0,568 | 299,54 | 299,54 |  0,00 | 0,843 | 298,25 | 298,25 |  0,00 | 74,863 | 35,93 | 35,93 | 211,226 |   NaN | NaN | 0,00 | 0,00 | NaN
   4 |  0,00 | 1,087 | 684,83 | 684,83 | 704,07 |  0,00 | 0,336 | 44,35 | 44,35 |  0,00 | 0,783 | 304,24 | 304,24 |  0,00 | 1,155 | 300,32 | 300,32 |  0,00 | 24,742 | 35,93 | 35,93 | 70,310 |   NaN | NaN | 0,00 | 0,00 | NaN
   5 |  0,00 | 3,288 | 678,83 | 678,83 | 698,06 |  0,00 | 0,361 | 44,35 | 44,35 |  0,00 | 0,378 | 299,76 | 299,76 |  0,00 | 0,520 | 298,78 | 298,78 |  0,00 | 169,820 | 35,93 | 35,93 | 419,086 |   NaN | NaN | 0,00 | 0,00 | NaN
   6 |  0,00 | 1,575 | 682,83 | 682,83 | 701,93 |  0,00 | 0,310 | 44,35 | 44,35 |  0,00 | 0,357 | 301,64 | 301,64 |  0,00 | 0,645 | 300,91 | 300,91 |  0,00 | 69,002 | 35,93 | 35,93 | 228,336 |   NaN | NaN | 0,00 | 0,00 | NaN
   7 |  0,00 | 1,398 | 681,92 | 681,92 | 701,04 |  0,00 | 0,328 | 44,35 | 44,35 |  0,00 | 1,069 | 301,84 | 301,84 |  0,00 | 1,455 | 299,80 | 299,80 |  0,00 | 33,995 | 35,93 | 35,93 | 94,111 |   NaN | NaN | 0,00 | 0,00 | NaN
   8 |  0,00 | 1,737 | 681,78 | 681,78 | 701,73 |  0,00 | 0,379 | 44,35 | 44,35 |  0,00 | 0,439 | 299,74 | 299,74 |  0,00 | 0,621 | 301,76 | 301,76 |  0,00 | 75,746 | 35,93 | 35,93 | 249,677 |   NaN | NaN | 0,00 | 0,00 | NaN
   9 |  0,00 | 1,049 | 683,52 | 683,52 | 702,69 |  0,00 | 0,318 | 44,35 | 44,35 |  0,00 | 0,564 | 301,29 | 301,29 |  0,00 | 0,887 | 301,95 | 301,95 |  0,00 | 30,631 | 35,93 | 35,93 | 100,006 |   NaN | NaN | 0,00 | 0,00 | NaN
  10 |  0,00 | 1,155 | 679,23 | 679,23 | 699,23 |  0,00 | 0,379 | 44,35 | 44,35 |  0,00 | 0,885 | 300,01 | 300,01 |  0,00 | 1,105 | 298,94 | 298,94 |  0,00 | 26,689 | 35,93 | 35,93 | 74,327 |   NaN | NaN | 0,00 | 0,00 | NaN
  11 |  0,00 | 9,509 | 678,04 | 678,04 | 697,17 |  0,00 | 0,319 | 44,35 | 44,35 |  0,00 | 0,535 | 296,83 | 296,83 |  0,00 | 1,302 | 300,93 | 300,93 |  0,00 | 521,869 | 35,93 | 35,93 | 1333,767 |   NaN | NaN | 0,00 | 0,00 | NaN
  12 |  0,00 | 1,772 | 680,39 | 680,39 | 700,58 |  0,00 | 0,381 | 44,35 | 44,35 |  0,00 | 0,392 | 300,00 | 300,00 |  0,00 | 0,485 | 300,10 | 300,10 |  0,00 | 80,552 | 35,93 | 35,93 | 265,258 |   NaN | NaN | 0,00 | 0,00 | NaN
  13 |  0,00 | 1,909 | 673,89 | 673,89 | 692,99 |  0,00 | 0,346 | 44,35 | 44,35 |  0,00 | 0,624 | 298,36 | 298,36 |  0,00 | 1,043 | 295,26 | 295,26 |  0,00 | 76,771 | 35,93 | 35,93 | 226,110 |   NaN | NaN | 0,00 | 0,00 | NaN
  14 |  0,00 | 3,084 | 681,56 | 681,56 | 702,72 |  0,00 | 0,387 | 44,35 | 44,35 |  0,00 | 0,407 | 300,67 | 300,67 |  0,00 | 0,492 | 300,61 | 300,61 |  0,00 | 157,511 | 35,93 | 35,93 | 400,047 |   NaN | NaN | 0,00 | 0,00 | NaN
  15 |  0,00 | 1,320 | 677,62 | 677,62 | 697,90 |  0,00 | 0,381 | 44,35 | 44,35 |  0,00 | 1,038 | 295,38 | 295,38 |  0,00 | 1,345 | 301,95 | 301,95 |  0,00 | 30,110 | 35,93 | 35,93 | 90,911 |   NaN | NaN | 0,00 | 0,00 | NaN
  16 |  0,00 | 1,253 | 687,56 | 687,56 | 707,07 |  0,00 | 0,372 | 44,35 | 44,35 |  0,00 | 0,578 | 301,41 | 301,41 |  0,00 | 0,848 | 305,87 | 305,87 |  0,00 | 41,683 | 35,93 | 35,93 | 135,679 |   NaN | NaN | 0,00 | 0,00 | NaN
  17 |  0,00 | 1,238 | 683,00 | 683,00 | 703,82 |  0,00 | 0,385 | 44,35 | 44,35 |  0,00 | 0,598 | 302,36 | 302,36 |  0,00 | 0,729 | 300,36 | 300,36 |  0,00 | 41,980 | 35,93 | 35,93 | 132,561 |   NaN | NaN | 0,00 | 0,00 | NaN
  18 |  0,00 | 6,688 | 677,52 | 677,52 | 696,73 |  0,00 | 0,362 | 44,35 | 44,35 |  0,00 | 0,449 | 298,09 | 298,09 |  0,00 | 0,699 | 299,15 | 299,15 |  0,00 | 365,584 | 35,93 | 35,93 | 1360,428 |   NaN | NaN | 0,00 | 0,00 | NaN
  19 |  0,00 | 7,188 | 672,33 | 672,33 | 691,50 |  0,00 | 0,353 | 44,35 | 44,35 |  0,00 | 0,599 | 295,06 | 295,06 |  0,00 | 1,228 | 296,99 | 296,99 |  0,00 | 382,801 | 35,93 | 35,93 | 900,847 |   NaN | NaN | 0,00 | 0,00 | NaN
  20 |  0,00 | 8,959 | 676,41 | 676,41 | 695,50 |  0,00 | 0,348 | 44,35 | 44,35 |  0,00 | 0,492 | 300,85 | 300,85 |  0,00 | 1,034 | 295,28 | 295,28 |  0,00 | 493,042 | 35,93 | 35,93 | 1345,653 |   NaN | NaN | 0,00 | 0,00 | NaN
  21 |  0,00 | 1,083 | 670,39 | 670,39 | 689,65 |  0,00 | 0,353 | 44,35 | 44,35 |  0,00 | 0,828 | 296,20 | 296,20 |  0,00 | 1,095 | 293,92 | 293,92 |  0,00 | 24,196 | 35,93 | 35,93 | 70,116 |   NaN | NaN | 0,00 | 0,00 | NaN
  22 |  0,00 | 3,853 | 685,37 | 685,37 | 707,47 |  0,00 | 0,391 | 44,35 | 44,35 |  0,00 | 0,414 | 305,95 | 305,95 |  0,00 | 0,626 | 299,14 | 299,14 |  0,00 | 201,208 | 35,93 | 35,93 | 499,783 |   NaN | NaN | 0,00 | 0,00 | NaN
  23 |  0,00 | 9,326 | 680,70 | 680,70 | 700,20 |  0,00 | 0,373 | 44,35 | 44,35 |  0,00 | 0,675 | 300,53 | 300,53 |  0,00 | 1,861 | 299,89 | 299,89 |  0,00 | 499,956 | 35,93 | 35,93 | 1170,497 |   NaN | NaN | 0,00 | 0,00 | NaN
  24 |  0,00 | 1,841 | 683,84 | 683,84 | 702,95 |  0,00 | 0,335 | 44,35 | 44,35 |  0,00 | 0,568 | 300,32 | 300,32 |  0,00 | 1,111 | 303,24 | 303,24 |  0,00 | 73,338 | 35,93 | 35,93 | 224,386 |   NaN | NaN | 0,00 | 0,00 | NaN
  25 |  0,00 | 1,091 | 685,35 | 685,35 | 707,85 |  0,00 | 0,393 | 44,35 | 44,35 |  0,00 | 0,738 | 299,38 | 299,38 |  0,00 | 0,866 | 305,68 | 305,68 |  0,00 | 28,682 | 35,93 | 35,93 | 89,350 |   NaN | NaN | 0,00 | 0,00 | NaN
  26 |  0,00 | 1,503 | 677,62 | 677,62 | 699,20 |  0,00 | 0,389 | 44,35 | 44,35 |  0,00 | 1,097 | 299,48 | 299,48 |  0,00 | 1,549 | 297,86 | 297,86 |  0,00 | 36,624 | 35,93 | 35,93 | 97,981 |   NaN | NaN | 0,00 | 0,00 | NaN
  27 |  0,00 | 6,448 | 678,12 | 678,12 | 697,25 |  0,00 | 0,315 | 44,35 | 44,35 |  0,00 | 0,375 | 301,40 | 301,40 |  0,00 | 0,677 | 296,43 | 296,43 |  0,00 | 354,418 | 35,93 | 35,93 | 1384,098 |   NaN | NaN | 0,00 | 0,00 | NaN
  28 |  0,00 | 9,299 | 674,23 | 674,23 | 694,52 |  0,00 | 0,382 | 44,35 | 44,35 |  0,00 | 0,629 | 300,05 | 300,05 |  0,00 | 2,407 | 293,90 | 293,90 |  0,00 | 487,801 | 35,93 | 35,93 | 1159,498 |   NaN | NaN | 0,00 | 0,00 | NaN
  29 |  0,00 | 9,316 | 682,36 | 682,36 | 701,60 |  0,00 | 0,361 | 44,35 | 44,35 |  0,00 | 0,564 | 300,76 | 300,76 |  0,00 | 0,860 | 301,32 | 301,32 |  0,00 | 517,838 | 35,93 | 35,93 | 1278,243 |   NaN | NaN | 0,00 | 0,00 | NaN
  30 |  0,00 | 8,289 | 677,98 | 677,98 | 700,18 |  0,00 | 0,391 | 44,35 | 44,35 |  0,00 | 0,452 | 298,39 | 298,39 |  0,00 | 0,585 | 299,31 | 299,31 |  0,00 | 460,731 | 35,93 | 35,93 | 1420,108 |   NaN | NaN | 0,00 | 0,00 | NaN
  31 |  0,00 | 9,300 | 677,79 | 677,79 | 696,97 |  0,00 | 0,358 | 44,35 | 44,35 |  0,00 | 0,735 | 300,78 | 300,78 |  0,00 | 1,764 | 296,73 | 296,73 |  0,00 | 498,222 | 35,93 | 35,93 | 1171,803 |   NaN | NaN | 0,00 | 0,00 | NaN
  32 |  0,00 | 9,372 | 682,67 | 682,67 | 701,78 |  0,00 | 0,315 | 44,35 | 44,35 |  0,00 | 0,619 | 300,73 | 300,73 |  0,00 | 1,686 | 301,66 | 301,66 |  0,00 | 508,649 | 35,93 | 35,93 | 1321,285 |   NaN | NaN | 0,00 | 0,00 | NaN
  33 |  0,00 | 9,174 | 678,12 | 678,12 | 698,18 |  0,00 | 0,380 | 44,35 | 44,35 |  0,00 | 0,683 | 298,61 | 298,61 |  0,00 | 1,602 | 299,23 | 299,23 |  0,00 | 493,597 | 35,93 | 35,93 | 1385,429 |   NaN | NaN | 0,00 | 0,00 | NaN
  34 |  0,00 | 5,062 | 677,79 | 677,79 | 697,19 |  0,00 | 0,372 | 44,35 | 44,35 |  0,00 | 0,399 | 299,87 | 299,87 |  0,00 | 0,581 | 297,64 | 297,64 |  0,00 | 272,414 | 35,93 | 35,93 | 1267,317 |   NaN | NaN | 0,00 | 0,00 | NaN
  35 |  0,00 | 4,050 | 685,25 | 685,25 | 704,34 |  0,00 | 0,321 | 44,35 | 44,35 |  0,00 | 0,339 | 302,10 | 302,10 |  0,00 | 0,586 | 302,86 | 302,86 |  0,00 | 216,534 | 35,93 | 35,93 | 1021,857 |   NaN | NaN | 0,00 | 0,00 | NaN
  36 |  0,00 | 6,135 | 678,31 | 678,31 | 697,87 |  0,00 | 0,374 | 44,35 | 44,35 |  0,00 | 0,449 | 296,21 | 296,21 |  0,00 | 0,600 | 301,82 | 301,82 |  0,00 | 334,502 | 35,93 | 35,93 | 1406,952 |   NaN | NaN | 0,00 | 0,00 | NaN
  37 |  0,00 | 9,423 | 685,32 | 685,32 | 704,45 |  0,00 | 0,356 | 44,35 | 44,35 |  0,00 | 0,584 | 304,66 | 304,66 |  0,00 | 0,920 | 300,38 | 300,38 |  0,00 | 524,449 | 35,93 | 35,93 | 1342,091 |   NaN | NaN | 0,00 | 0,00 | NaN
  38 |  0,00 | 7,720 | 683,63 | 683,63 | 702,75 |  0,00 | 0,348 | 44,35 | 44,35 |  0,00 | 0,370 | 301,61 | 301,61 |  0,00 | 0,761 | 301,73 | 301,73 |  0,00 | 429,153 | 35,93 | 35,93 | 1393,772 |   NaN | NaN | 0,00 | 0,00 | NaN
  39 |  0,00 | 8,776 | 670,51 | 670,51 | 692,69 |  0,00 | 0,391 | 44,35 | 44,35 |  0,00 | 0,420 | 296,07 | 296,07 |  0,00 | 0,881 | 294,16 | 294,16 |  0,00 | 482,060 | 35,93 | 35,93 | 1353,797 |   NaN | NaN | 0,00 | 0,00 | NaN
  40 |  0,00 | 6,581 | 674,29 | 674,29 | 696,38 |  0,00 | 0,391 | 44,35 | 44,35 |  0,00 | 0,434 | 300,18 | 300,18 |  0,00 | 0,582 | 293,84 | 293,84 |  0,00 | 359,582 | 35,93 | 35,93 | 1391,335 |   NaN | NaN | 0,00 | 0,00 | NaN
  41 |  0,00 | 9,489 | 683,97 | 683,97 | 703,59 |  0,00 | 0,374 | 44,35 | 44,35 |  0,00 | 0,577 | 297,69 | 297,69 |  0,00 | 1,413 | 306,00 | 306,00 |  0,00 | 519,317 | 35,93 | 35,93 | 1233,837 |   NaN | NaN | 0,00 | 0,00 | NaN
  42 |  0,00 | 9,705 | 685,38 | 685,38 | 704,49 |  0,00 | 0,320 | 44,35 | 44,35 |  0,00 | 0,475 | 302,20 | 302,20 |  0,00 | 1,949 | 302,90 | 302,90 |  0,00 | 527,488 | 35,93 | 35,93 | 1293,664 |   NaN | NaN | 0,00 | 0,00 | NaN
  43 |  0,00 | 9,077 | 688,93 | 688,93 | 710,83 |  0,00 | 0,399 | 44,35 | 44,35 |  0,00 | 0,457 | 305,12 | 305,12 |  0,00 | 1,636 | 303,54 | 303,54 |  0,00 | 495,074 | 35,93 | 35,93 | 1371,749 |   NaN | NaN | 0,00 | 0,00 | NaN
  44 |  0,00 | 9,764 | 682,94 | 682,94 | 702,03 |  0,00 | 0,311 | 44,35 | 44,35 |  0,00 | 0,868 | 299,42 | 299,42 |  0,00 | 2,077 | 303,25 | 303,25 |  0,00 | 521,829 | 35,93 | 35,93 | 1227,398 |   NaN | NaN | 0,00 | 0,00 | NaN
  45 |  0,00 | 9,473 | 677,84 | 677,84 | 700,89 |  0,00 | 0,395 | 44,35 | 44,35 |  0,00 | 0,554 | 302,71 | 302,71 |  0,00 | 1,480 | 294,85 | 294,85 |  0,00 | 514,846 | 35,93 | 35,93 | 1262,129 |   NaN | NaN | 0,00 | 0,00 | NaN
  46 |  0,00 | 8,927 | 679,32 | 679,32 | 698,41 |  0,00 | 0,334 | 44,35 | 44,35 |  0,00 | 0,438 | 297,99 | 297,99 |  0,00 | 1,488 | 301,05 | 301,05 |  0,00 | 486,411 | 35,93 | 35,93 | 1323,680 |   NaN | NaN | 0,00 | 0,00 | NaN
  47 |  0,00 | 8,899 | 678,77 | 678,77 | 697,88 |  0,00 | 0,332 | 44,35 | 44,35 |  0,00 | 0,635 | 301,64 | 301,64 |  0,00 | 2,267 | 296,85 | 296,85 |  0,00 | 469,505 | 35,93 | 35,93 | 1118,089 |   NaN | NaN | 0,00 | 0,00 | NaN
  48 |  0,00 | 9,084 | 677,15 | 677,15 | 696,36 |  0,00 | 0,361 | 44,35 | 44,35 |  0,00 | 0,428 | 298,21 | 298,21 |  0,00 | 1,313 | 298,66 | 298,66 |  0,00 | 496,952 | 35,93 | 35,93 | 1189,406 |   NaN | NaN | 0,00 | 0,00 | NaN
  49 |  0,00 | 9,547 | 678,51 | 678,51 | 698,06 |  0,00 | 0,374 | 44,35 | 44,35 |  0,00 | 0,593 | 300,73 | 300,73 |  0,00 | 1,739 | 297,50 | 297,50 |  0,00 | 515,215 | 35,93 | 35,93 | 1181,434 |   NaN | NaN | 0,00 | 0,00 | NaN
  50 |  0,00 | 8,277 | 682,60 | 682,60 | 701,74 |  0,00 | 0,328 | 44,35 | 44,35 |  0,00 | 0,397 | 302,81 | 302,81 |  0,00 | 0,920 | 299,51 | 299,51 |  0,00 | 459,238 | 35,93 | 35,93 | 1311,993 |   NaN | NaN | 0,00 | 0,00 | NaN
  51 |  0,00 | 9,256 | 680,88 | 680,88 | 700,02 |  0,00 | 0,326 | 44,35 | 44,35 |  0,00 | 0,816 | 299,64 | 299,64 |  0,00 | 1,546 | 300,96 | 300,96 |  0,00 | 499,839 | 35,93 | 35,93 | 1206,706 |   NaN | NaN | 0,00 | 0,00 | NaN
  52 |  0,00 | 9,439 | 680,23 | 680,23 | 699,34 |  0,00 | 0,353 | 44,35 | 44,35 |  0,00 | 0,752 | 296,28 | 296,28 |  0,00 | 2,180 | 303,67 | 303,67 |  0,00 | 500,424 | 35,93 | 35,93 | 1227,648 |   NaN | NaN | 0,00 | 0,00 | NaN
  53 |  0,00 | 8,787 | 681,36 | 681,36 | 700,48 |  0,00 | 0,340 | 44,35 | 44,35 |  0,00 | 0,502 | 301,86 | 301,86 |  0,00 | 1,101 | 299,22 | 299,22 |  0,00 | 484,025 | 35,93 | 35,93 | 1302,993 |   NaN | NaN | 0,00 | 0,00 | NaN
  54 |  0,00 | 9,421 | 675,26 | 675,26 | 694,39 |  0,00 | 0,342 | 44,35 | 44,35 |  0,00 | 0,530 | 299,99 | 299,99 |  0,00 | 1,564 | 294,99 | 294,99 |  0,00 | 511,007 | 35,93 | 35,93 | 1257,704 |   NaN | NaN | 0,00 | 0,00 | NaN
  55 |  0,00 | 7,290 | 676,78 | 676,78 | 695,90 |  0,00 | 0,327 | 44,35 | 44,35 |  0,00 | 0,361 | 296,49 | 296,49 |  0,00 | 0,591 | 300,01 | 300,01 |  0,00 | 404,610 | 35,93 | 35,93 | 1364,830 |   NaN | NaN | 0,00 | 0,00 | NaN
  56 |  0,00 | 9,530 | 676,63 | 676,63 | 695,76 |  0,00 | 0,333 | 44,35 | 44,35 |  0,00 | 0,631 | 297,88 | 297,88 |  0,00 | 1,734 | 298,48 | 298,48 |  0,00 | 513,933 | 35,93 | 35,93 | 1225,905 |   NaN | NaN | 0,00 | 0,00 | NaN
  57 |  0,00 | 9,269 | 679,51 | 679,51 | 698,62 |  0,00 | 0,330 | 44,35 | 44,35 |  0,00 | 0,481 | 299,11 | 299,11 |  0,00 | 2,050 | 300,11 | 300,11 |  0,00 | 497,216 | 35,93 | 35,93 | 1170,657 |   NaN | NaN | 0,00 | 0,00 | NaN
  58 |  0,00 | 9,767 | 681,12 | 681,12 | 700,31 |  0,00 | 0,359 | 44,35 | 44,35 |  0,00 | 0,944 | 300,56 | 300,56 |  0,00 | 2,243 | 300,27 | 300,27 |  0,00 | 516,193 | 35,93 | 35,93 | 1197,942 |   NaN | NaN | 0,00 | 0,00 | NaN
  59 |  0,00 | 5,660 | 684,32 | 684,32 | 704,15 |  0,00 | 0,378 | 44,35 | 44,35 |  0,00 | 0,388 | 299,44 | 299,44 |  0,00 | 0,650 | 304,59 | 304,59 |  0,00 | 308,212 | 35,93 | 35,93 | 1368,456 |   NaN | NaN | 0,00 | 0,00 | NaN
  60 |  0,00 | 9,825 | 679,83 | 679,83 | 698,93 |  0,00 | 0,313 | 44,35 | 44,35 |  0,00 | 0,813 | 299,47 | 299,47 |  0,00 | 1,566 | 300,07 | 300,07 |  0,00 | 533,008 | 35,93 | 35,93 | 1256,925 |   NaN | NaN | 0,00 | 0,00 | NaN
  61 |  0,00 | 9,174 | 683,93 | 683,93 | 703,05 |  0,00 | 0,335 | 44,35 | 44,35 |  0,00 | 0,504 | 301,62 | 301,62 |  0,00 | 1,095 | 302,04 | 302,04 |  0,00 | 508,107 | 35,93 | 35,93 | 1344,303 |   NaN | NaN | 0,00 | 0,00 | NaN
  62 |  0,00 | 9,321 | 683,86 | 683,86 | 707,38 |  0,00 | 0,397 | 44,35 | 44,35 |  0,00 | 0,581 | 301,84 | 301,84 |  0,00 | 1,335 | 301,74 | 301,74 |  0,00 | 510,138 | 35,93 | 35,93 | 1206,562 |   NaN | NaN | 0,00 | 0,00 | NaN
  63 |  0,00 | 7,856 | 680,74 | 680,74 | 699,87 |  0,00 | 0,352 | 44,35 | 44,35 |  0,00 | 0,460 | 301,67 | 301,67 |  0,00 | 0,703 | 298,80 | 298,80 |  0,00 | 435,542 | 35,93 | 35,93 | 1364,189 |   NaN | NaN | 0,00 | 0,00 | NaN
  64 |  0,00 | 9,682 | 676,58 | 676,58 | 699,85 |  0,00 | 0,395 | 44,35 | 44,35 |  0,00 | 0,766 | 298,72 | 298,72 |  0,00 | 2,252 | 297,58 | 297,58 |  0,00 | 510,975 | 35,93 | 35,93 | 1263,526 |   NaN | NaN | 0,00 | 0,00 | NaN

= = = = = = = = = = = = AVERAGE RESULTS system = = = = = = = = = = = =
meanPLR_system | 0,000000 
meanDelay_system | 6,299780 
meanLoad_system | 680,124513 
meanTHR_system | 680,124513 
meanGate_system | 700,052416 

meanPLR_EF_system | 0,000000 
meanPLR_AF_system | 0,000000 
meanPLR_BE_system | 0,000000 
meanPLR_FLA_system | 0,000000 
meanPLR_FLB_system | NaN 

meanTHR_EF_system | 44,352003 
meanTHR_AF_system | 300,170552 
meanTHR_BE_system | 299,672893 
meanTHR_FLA_system | 36,550864 
meanTHR_FLB_system | 0,000000 

meanLoad_EF_system | 44,352003 
meanLoad_AF_system | 300,170552 
meanLoad_BE_system | 299,672893 
meanLoad_FLA_system | 36,550864 
meanLoad_FLB_system | 0,000000 

meanDELAY_EF_system | 0,357040 
meanDELAY_AF_system | 0,585746 
meanDELAY_BE_system | 1,201353 
meanDELAY_FLA_system | 333,515154 
meanDELAY_FLB_system | NaN 
meanDELAY_CompleteFLA_system | 916,670549 
meanDELAY_CompleteFLB_system | NaN 

= = = = = = = = = = = = AVERAGE RESULTS = = = = = = = = = = = =
Packet Loss Ratio: 00,00 (%)
PROCESSED PACKAGES: 1990799190 
DISCARTED PACKAGES: 0 
TOTAL PACKAGES: 1990799190 
AVERAGE DELAY: 1110,97 (ms) 
AVERAGE THROUGHPUT: 680,12 (Mbps) 
GRANTED THROUGHPUT: 44803,35 (Mbps) By 64 ONUs
EFFECTIVE THROUGHPUT: 43527,97 (Mbps) By 64 ONUs
TOTAL LOAD: 43527,97 (Mbps) By 64 ONUs
ON Arrival THROUGHPUT: 0,00 (Mbps) By 64 ONUs
FINISHTIMEFL: 173,347475 
FINISHTIME: 176,347475 


fileName | IPACT_LBVARIBLETOKENSBYCYCLE_4_30_80_0 
