
ONU ID 	|  PLR(%) | Delay(ms) | Throughput(Mbps) | Granted Throughput(Mbps) | Total Load (Mbps) 

  ID |  PLR(%) |  D  | Thr |  Gates  |  Load  | PLR-EF | D-EF | ThrEF | LoadEF | PLR-AF | D-AF | ThrAF | LoadAF | PLR-BE | D-BE | ThrBE | LoadBE | PLR-FA | D-FA | ThrFA | LoadFA | DTFA |  PLR-FB | D-FB | ThrFB | LoadFB | DTFB | 
   1 |  7,93 | 278,928 | 754,42 | 819,39 | 759,17 |  0,00 | 1,430 | 44,35 | 44,35 |  0,00 | 1,416 | 343,51 | 343,51 | 19,60 | 1157,133 | 266,46 | 331,43 |  0,00 | 298,472 | 100,10 | 100,10 | 593,517 |   NaN | NaN | 0,00 | 0,00 | NaN
   2 |  8,05 | 277,630 | 754,49 | 820,54 | 759,22 |  0,00 | 1,466 | 44,35 | 44,35 |  0,00 | 1,428 | 338,94 | 338,94 | 19,59 | 1136,043 | 271,10 | 337,15 |  0,00 | 277,892 | 100,10 | 100,10 | 568,067 |   NaN | NaN | 0,00 | 0,00 | NaN
   3 |  7,78 | 277,123 | 752,73 | 816,25 | 757,44 |  0,00 | 1,370 | 44,35 | 44,35 |  0,00 | 1,366 | 336,24 | 336,24 | 18,93 | 1125,585 | 272,04 | 335,56 |  0,00 | 292,262 | 100,10 | 100,10 | 588,363 |   NaN | NaN | 0,00 | 0,00 | NaN
   4 |  8,75 | 283,629 | 754,29 | 826,66 | 758,97 |  0,00 | 1,406 | 44,35 | 44,35 |  0,00 | 1,371 | 343,85 | 343,85 | 21,39 | 1182,159 | 265,99 | 338,36 |  0,00 | 285,852 | 100,10 | 100,10 | 579,247 |   NaN | NaN | 0,00 | 0,00 | NaN
   5 |  7,91 | 267,778 | 753,06 | 817,74 | 757,76 |  0,00 | 1,417 | 44,35 | 44,35 |  0,00 | 1,397 | 336,18 | 336,18 | 19,19 | 1083,095 | 272,43 | 337,11 |  0,00 | 296,236 | 100,10 | 100,10 | 594,706 |   NaN | NaN | 0,00 | 0,00 | NaN
   6 |  8,38 | 278,798 | 755,03 | 824,05 | 759,76 |  0,00 | 1,350 | 44,35 | 44,35 |  0,00 | 1,343 | 341,21 | 341,21 | 20,40 | 1145,478 | 269,37 | 338,39 |  0,00 | 296,626 | 100,10 | 100,10 | 599,817 |   NaN | NaN | 0,00 | 0,00 | NaN
   7 |  8,11 | 283,046 | 752,82 | 819,29 | 757,50 |  0,00 | 1,369 | 44,35 | 44,35 |  0,00 | 1,363 | 338,84 | 338,84 | 19,78 | 1163,744 | 269,53 | 336,00 |  0,00 | 280,923 | 100,10 | 100,10 | 583,751 |   NaN | NaN | 0,00 | 0,00 | NaN
   8 |  8,29 | 278,845 | 753,30 | 821,43 | 758,04 |  0,00 | 1,419 | 44,35 | 44,35 |  0,00 | 1,414 | 335,39 | 335,39 | 19,95 | 1128,037 | 273,46 | 341,59 |  0,00 | 291,298 | 100,10 | 100,10 | 584,612 |   NaN | NaN | 0,00 | 0,00 | NaN
   9 |  8,47 | 282,746 | 754,96 | 824,83 | 759,68 |  0,00 | 1,361 | 44,35 | 44,35 |  0,00 | 1,352 | 341,91 | 341,91 | 20,64 | 1168,919 | 268,60 | 338,46 |  0,00 | 280,963 | 100,10 | 100,10 | 578,089 |   NaN | NaN | 0,00 | 0,00 | NaN
  10 |  7,91 | 277,803 | 754,16 | 818,95 | 758,86 |  0,00 | 1,420 | 44,35 | 44,35 |  0,00 | 1,413 | 337,93 | 337,93 | 19,25 | 1131,265 | 271,78 | 336,58 |  0,00 | 288,802 | 100,10 | 100,10 | 581,438 |   NaN | NaN | 0,00 | 0,00 | NaN
  11 |  7,48 | 276,008 | 753,86 | 814,81 | 758,53 |  0,00 | 1,359 | 44,35 | 44,35 |  0,00 | 1,354 | 331,02 | 331,02 | 17,96 | 1101,217 | 278,39 | 339,34 |  0,00 | 268,180 | 100,10 | 100,10 | 556,662 |   NaN | NaN | 0,00 | 0,00 | NaN
  12 |  7,88 | 282,704 | 753,65 | 818,14 | 758,38 |  0,00 | 1,431 | 44,35 | 44,35 |  0,00 | 1,416 | 336,83 | 336,83 | 19,15 | 1152,525 | 272,37 | 336,87 |  0,00 | 271,763 | 100,10 | 100,10 | 563,697 |   NaN | NaN | 0,00 | 0,00 | NaN
  13 |  7,12 | 272,640 | 754,03 | 811,81 | 758,75 |  0,00 | 1,386 | 44,35 | 44,35 |  0,00 | 1,382 | 333,88 | 333,88 | 17,33 | 1093,870 | 275,71 | 333,49 |  0,00 | 286,579 | 100,10 | 100,10 | 575,984 |   NaN | NaN | 0,00 | 0,00 | NaN
  14 |  8,40 | 278,771 | 754,39 | 823,53 | 759,12 |  0,00 | 1,428 | 44,35 | 44,35 |  0,00 | 1,421 | 338,56 | 338,56 | 20,30 | 1136,676 | 271,38 | 340,52 |  0,00 | 292,130 | 100,10 | 100,10 | 595,025 |   NaN | NaN | 0,00 | 0,00 | NaN
  15 |  7,85 | 279,936 | 753,53 | 817,70 | 758,23 |  0,00 | 1,438 | 44,35 | 44,35 |  0,00 | 1,415 | 334,42 | 334,42 | 18,94 | 1130,023 | 274,66 | 338,84 |  0,00 | 278,016 | 100,10 | 100,10 | 576,388 |   NaN | NaN | 0,00 | 0,00 | NaN
  16 |  8,66 | 286,130 | 754,47 | 825,98 | 759,19 |  0,00 | 1,457 | 44,35 | 44,35 |  0,00 | 1,408 | 338,06 | 338,06 | 20,82 | 1167,587 | 271,96 | 343,47 |  0,00 | 283,057 | 100,10 | 100,10 | 580,757 |   NaN | NaN | 0,00 | 0,00 | NaN
  17 |  8,66 | 283,841 | 753,74 | 825,16 | 758,47 |  0,00 | 1,425 | 44,35 | 44,35 |  0,00 | 1,421 | 340,06 | 340,06 | 20,97 | 1167,407 | 269,23 | 340,65 |  0,00 | 289,749 | 100,10 | 100,10 | 595,186 |   NaN | NaN | 0,00 | 0,00 | NaN
  18 |  7,87 | 279,211 | 754,05 | 818,48 | 758,74 |  0,00 | 1,405 | 44,35 | 44,35 |  0,00 | 1,398 | 336,09 | 336,09 | 19,07 | 1133,781 | 273,52 | 337,94 |  0,00 | 270,455 | 100,10 | 100,10 | 560,905 |   NaN | NaN | 0,00 | 0,00 | NaN
  19 |  7,22 | 273,615 | 754,23 | 812,89 | 758,94 |  0,00 | 1,395 | 44,35 | 44,35 |  0,00 | 1,387 | 333,04 | 333,04 | 17,49 | 1095,201 | 276,74 | 335,40 |  0,00 | 282,168 | 100,10 | 100,10 | 576,740 |   NaN | NaN | 0,00 | 0,00 | NaN
  20 |  7,41 | 272,729 | 753,80 | 814,12 | 758,47 |  0,00 | 1,389 | 44,35 | 44,35 |  0,00 | 1,384 | 338,14 | 338,14 | 18,20 | 1113,038 | 271,20 | 331,53 |  0,00 | 283,788 | 100,10 | 100,10 | 579,468 |   NaN | NaN | 0,00 | 0,00 | NaN
  21 |  6,61 | 271,089 | 753,42 | 806,76 | 758,13 |  0,00 | 1,393 | 44,35 | 44,35 |  0,00 | 1,388 | 331,69 | 331,69 | 16,13 | 1083,470 | 277,29 | 330,62 |  0,00 | 272,503 | 100,10 | 100,10 | 557,156 |   NaN | NaN | 0,00 | 0,00 | NaN
  22 |  8,76 | 284,284 | 753,98 | 826,37 | 758,73 |  0,00 | 1,489 | 44,35 | 44,35 |  0,00 | 1,430 | 346,72 | 346,72 | 21,60 | 1198,834 | 262,82 | 335,21 |  0,00 | 284,610 | 100,10 | 100,10 | 595,931 |   NaN | NaN | 0,00 | 0,00 | NaN
  23 |  8,29 | 284,195 | 753,73 | 821,87 | 758,43 |  0,00 | 1,416 | 44,35 | 44,35 |  0,00 | 1,410 | 340,66 | 340,66 | 20,24 | 1172,572 | 268,62 | 336,77 |  0,00 | 286,883 | 100,10 | 100,10 | 577,292 |   NaN | NaN | 0,00 | 0,00 | NaN
  24 |  8,04 | 279,776 | 753,46 | 819,36 | 758,16 |  0,00 | 1,376 | 44,35 | 44,35 |  0,00 | 1,370 | 336,65 | 336,65 | 19,48 | 1137,050 | 272,36 | 338,27 |  0,00 | 287,288 | 100,10 | 100,10 | 581,579 |   NaN | NaN | 0,00 | 0,00 | NaN
  25 |  8,92 | 282,037 | 753,40 | 827,15 | 758,18 |  0,00 | 1,434 | 44,35 | 44,35 |  0,00 | 1,428 | 338,03 | 338,03 | 21,40 | 1152,884 | 270,93 | 344,68 |  0,00 | 286,857 | 100,10 | 100,10 | 579,738 |   NaN | NaN | 0,00 | 0,00 | NaN
  26 |  7,73 | 278,994 | 754,85 | 818,11 | 759,57 |  0,00 | 1,430 | 44,35 | 44,35 |  0,00 | 1,424 | 336,08 | 336,08 | 18,74 | 1128,007 | 274,32 | 337,58 |  0,00 | 284,306 | 100,10 | 100,10 | 578,991 |   NaN | NaN | 0,00 | 0,00 | NaN
  27 |  7,69 | 272,817 | 753,54 | 816,30 | 758,22 |  0,00 | 1,393 | 44,35 | 44,35 |  0,00 | 1,351 | 337,30 | 337,30 | 18,76 | 1109,660 | 271,79 | 334,55 |  0,00 | 288,380 | 100,10 | 100,10 | 583,781 |   NaN | NaN | 0,00 | 0,00 | NaN
  28 |  7,30 | 282,717 | 754,59 | 814,00 | 759,33 |  0,00 | 1,424 | 44,35 | 44,35 |  0,00 | 1,417 | 337,50 | 337,50 | 17,89 | 1150,454 | 272,64 | 332,05 |  0,00 | 283,607 | 100,10 | 100,10 | 588,357 |   NaN | NaN | 0,00 | 0,00 | NaN
  29 |  8,49 | 280,140 | 753,88 | 823,82 | 758,57 |  0,00 | 1,406 | 44,35 | 44,35 |  0,00 | 1,396 | 340,08 | 340,08 | 20,62 | 1153,030 | 269,35 | 339,29 |  0,00 | 280,948 | 100,10 | 100,10 | 567,153 |   NaN | NaN | 0,00 | 0,00 | NaN
  30 |  7,65 | 279,264 | 754,57 | 817,11 | 759,29 |  0,00 | 1,432 | 44,35 | 44,35 |  0,00 | 1,426 | 336,28 | 336,28 | 18,59 | 1132,097 | 273,84 | 336,39 |  0,00 | 277,047 | 100,10 | 100,10 | 571,630 |   NaN | NaN | 0,00 | 0,00 | NaN
  31 |  7,77 | 278,332 | 753,90 | 817,42 | 758,59 |  0,00 | 1,399 | 44,35 | 44,35 |  0,00 | 1,394 | 336,82 | 336,82 | 18,90 | 1131,481 | 272,63 | 336,15 |  0,00 | 280,889 | 100,10 | 100,10 | 566,040 |   NaN | NaN | 0,00 | 0,00 | NaN
  32 |  7,84 | 282,383 | 754,91 | 819,13 | 759,60 |  0,00 | 1,716 | 44,35 | 44,35 |  0,00 | 1,351 | 336,06 | 336,06 | 18,96 | 1141,450 | 274,40 | 338,61 |  0,00 | 281,690 | 100,10 | 100,10 | 579,029 |   NaN | NaN | 0,00 | 0,00 | NaN
  33 |  7,28 | 272,760 | 755,13 | 814,40 | 759,86 |  0,00 | 1,421 | 44,35 | 44,35 |  0,00 | 1,414 | 334,94 | 334,94 | 17,69 | 1094,055 | 275,74 | 335,01 |  0,00 | 292,900 | 100,10 | 100,10 | 589,684 |   NaN | NaN | 0,00 | 0,00 | NaN
  34 |  7,19 | 276,839 | 755,02 | 813,50 | 759,67 |  0,00 | 1,414 | 44,35 | 44,35 |  0,00 | 1,405 | 336,40 | 336,40 | 17,58 | 1120,962 | 274,17 | 332,66 |  0,00 | 276,823 | 100,10 | 100,10 | 569,763 |   NaN | NaN | 0,00 | 0,00 | NaN
  35 |  8,45 | 282,254 | 754,00 | 823,57 | 758,69 |  0,00 | 1,361 | 44,35 | 44,35 |  0,00 | 1,355 | 338,85 | 338,85 | 20,44 | 1156,041 | 270,70 | 340,27 |  0,00 | 283,463 | 100,10 | 100,10 | 575,597 |   NaN | NaN | 0,00 | 0,00 | NaN
  36 |  7,48 | 280,729 | 755,01 | 816,02 | 759,72 |  0,00 | 1,414 | 44,35 | 44,35 |  0,00 | 1,409 | 331,94 | 331,94 | 17,96 | 1120,293 | 278,62 | 339,63 |  0,00 | 269,397 | 100,10 | 100,10 | 546,236 |   NaN | NaN | 0,00 | 0,00 | NaN
  37 |  8,61 | 284,665 | 755,12 | 826,25 | 759,83 |  0,00 | 1,419 | 44,35 | 44,35 |  0,00 | 1,394 | 343,64 | 343,64 | 21,03 | 1181,678 | 267,03 | 338,16 |  0,00 | 291,738 | 100,10 | 100,10 | 594,621 |   NaN | NaN | 0,00 | 0,00 | NaN
  38 |  8,20 | 278,651 | 755,15 | 822,57 | 759,83 |  0,00 | 1,388 | 44,35 | 44,35 |  0,00 | 1,382 | 339,95 | 339,95 | 19,94 | 1143,598 | 270,75 | 338,18 |  0,00 | 274,413 | 100,10 | 100,10 | 562,800 |   NaN | NaN | 0,00 | 0,00 | NaN
  39 |  6,77 | 274,450 | 753,41 | 808,09 | 758,14 |  0,00 | 1,438 | 44,35 | 44,35 |  0,00 | 1,427 | 331,75 | 331,75 | 16,47 | 1096,262 | 277,22 | 331,90 |  0,00 | 278,394 | 100,10 | 100,10 | 566,433 |   NaN | NaN | 0,00 | 0,00 | NaN
  40 |  6,88 | 272,686 | 755,15 | 810,94 | 759,91 |  0,00 | 1,435 | 44,35 | 44,35 |  0,00 | 1,426 | 335,61 | 335,61 | 16,86 | 1098,063 | 275,09 | 330,89 |  0,00 | 284,192 | 100,10 | 100,10 | 581,373 |   NaN | NaN | 0,00 | 0,00 | NaN
  41 |  8,33 | 274,570 | 753,03 | 821,45 | 757,73 |  0,00 | 1,418 | 44,35 | 44,35 |  0,00 | 1,410 | 334,25 | 334,25 | 19,96 | 1107,328 | 274,33 | 342,74 |  0,00 | 282,368 | 100,10 | 100,10 | 576,646 |   NaN | NaN | 0,00 | 0,00 | NaN
  42 |  8,62 | 281,271 | 754,01 | 825,10 | 758,76 |  0,00 | 1,383 | 44,35 | 44,35 |  0,00 | 1,356 | 340,09 | 340,09 | 20,87 | 1155,803 | 269,47 | 340,57 |  0,00 | 291,254 | 100,10 | 100,10 | 595,204 |   NaN | NaN | 0,00 | 0,00 | NaN
  43 |  8,55 | 282,751 | 754,22 | 824,73 | 758,96 |  0,00 | 1,439 | 44,35 | 44,35 |  0,00 | 1,434 | 339,56 | 339,56 | 20,69 | 1160,352 | 270,22 | 340,72 |  0,00 | 283,403 | 100,10 | 100,10 | 575,410 |   NaN | NaN | 0,00 | 0,00 | NaN
  44 |  8,56 | 283,946 | 754,08 | 824,70 | 758,79 |  0,00 | 1,351 | 44,35 | 44,35 |  0,00 | 1,345 | 337,25 | 337,25 | 20,59 | 1155,697 | 272,38 | 343,01 |  0,00 | 286,365 | 100,10 | 100,10 | 591,319 |   NaN | NaN | 0,00 | 0,00 | NaN
  45 |  8,13 | 278,598 | 754,28 | 821,06 | 759,01 |  0,00 | 1,436 | 44,35 | 44,35 |  0,00 | 1,429 | 342,31 | 342,31 | 19,98 | 1154,778 | 267,52 | 334,30 |  0,00 | 281,688 | 100,10 | 100,10 | 572,420 |   NaN | NaN | 0,00 | 0,00 | NaN
  46 |  7,99 | 277,848 | 754,05 | 819,53 | 758,76 |  0,00 | 1,390 | 44,35 | 44,35 |  0,00 | 1,370 | 335,25 | 335,25 | 19,27 | 1123,024 | 274,35 | 339,83 |  0,00 | 279,335 | 100,10 | 100,10 | 564,705 |   NaN | NaN | 0,00 | 0,00 | NaN
  47 |  7,63 | 275,867 | 753,15 | 815,32 | 757,83 |  0,00 | 1,372 | 44,35 | 44,35 |  0,00 | 1,366 | 336,83 | 336,83 | 18,61 | 1125,451 | 271,88 | 334,05 |  0,00 | 269,710 | 100,10 | 100,10 | 558,749 |   NaN | NaN | 0,00 | 0,00 | NaN
  48 |  7,59 | 274,326 | 753,75 | 815,64 | 758,46 |  0,00 | 1,459 | 44,35 | 44,35 |  0,00 | 1,399 | 336,09 | 336,09 | 18,47 | 1112,034 | 273,21 | 335,10 |  0,00 | 282,073 | 100,10 | 100,10 | 582,674 |   NaN | NaN | 0,00 | 0,00 | NaN
  49 |  7,44 | 275,623 | 753,44 | 813,99 | 758,15 |  0,00 | 1,415 | 44,35 | 44,35 |  0,00 | 1,409 | 335,32 | 335,32 | 18,12 | 1116,028 | 273,67 | 334,23 |  0,00 | 277,569 | 100,10 | 100,10 | 575,595 |   NaN | NaN | 0,00 | 0,00 | NaN
  50 |  7,77 | 278,325 | 754,24 | 817,74 | 758,92 |  0,00 | 1,368 | 44,35 | 44,35 |  0,00 | 1,364 | 337,58 | 337,58 | 18,92 | 1134,971 | 272,21 | 335,71 |  0,00 | 273,461 | 100,10 | 100,10 | 562,172 |   NaN | NaN | 0,00 | 0,00 | NaN
  51 |  8,10 | 277,057 | 754,49 | 821,01 | 759,19 |  0,00 | 1,367 | 44,35 | 44,35 |  0,00 | 1,362 | 337,92 | 337,92 | 19,64 | 1129,761 | 272,12 | 338,64 |  0,00 | 276,681 | 100,10 | 100,10 | 565,492 |   NaN | NaN | 0,00 | 0,00 | NaN
  52 |  8,01 | 284,557 | 754,19 | 819,85 | 758,90 |  0,00 | 1,393 | 44,35 | 44,35 |  0,00 | 1,388 | 333,74 | 333,74 | 19,22 | 1142,309 | 276,01 | 341,66 |  0,00 | 289,110 | 100,10 | 100,10 | 586,272 |   NaN | NaN | 0,00 | 0,00 | NaN
  53 |  8,11 | 280,561 | 753,48 | 819,98 | 758,21 |  0,00 | 1,380 | 44,35 | 44,35 |  0,00 | 1,374 | 338,77 | 338,77 | 19,75 | 1147,870 | 270,26 | 336,76 |  0,00 | 296,340 | 100,10 | 100,10 | 598,276 |   NaN | NaN | 0,00 | 0,00 | NaN
  54 |  7,34 | 278,804 | 754,59 | 814,34 | 759,31 |  0,00 | 1,508 | 44,35 | 44,35 |  0,00 | 1,377 | 337,32 | 337,32 | 17,97 | 1130,727 | 272,81 | 332,57 |  0,00 | 294,562 | 100,10 | 100,10 | 593,033 |   NaN | NaN | 0,00 | 0,00 | NaN
  55 |  7,59 | 281,005 | 753,64 | 815,50 | 758,34 |  0,00 | 1,367 | 44,35 | 44,35 |  0,00 | 1,362 | 334,19 | 334,19 | 18,36 | 1133,579 | 275,00 | 336,86 |  0,00 | 278,585 | 100,10 | 100,10 | 571,487 |   NaN | NaN | 0,00 | 0,00 | NaN
  56 |  7,21 | 279,504 | 754,20 | 812,78 | 758,87 |  0,00 | 1,379 | 44,35 | 44,35 |  0,00 | 1,369 | 334,82 | 334,82 | 17,56 | 1128,711 | 274,93 | 333,51 |  0,00 | 276,997 | 100,10 | 100,10 | 567,685 |   NaN | NaN | 0,00 | 0,00 | NaN
  57 |  7,63 | 270,313 | 753,89 | 816,15 | 758,57 |  0,00 | 1,373 | 44,35 | 44,35 |  0,00 | 1,365 | 334,95 | 334,95 | 18,49 | 1090,386 | 274,49 | 336,76 |  0,00 | 276,474 | 100,10 | 100,10 | 569,758 |   NaN | NaN | 0,00 | 0,00 | NaN
  58 |  8,11 | 285,694 | 754,87 | 821,52 | 759,59 |  0,00 | 1,399 | 44,35 | 44,35 |  0,00 | 1,395 | 340,24 | 340,24 | 19,79 | 1174,152 | 270,18 | 336,83 |  0,00 | 280,901 | 100,10 | 100,10 | 571,554 |   NaN | NaN | 0,00 | 0,00 | NaN
  59 |  8,41 | 281,870 | 754,91 | 824,24 | 759,61 |  0,00 | 1,419 | 44,35 | 44,35 |  0,00 | 1,412 | 336,65 | 336,65 | 20,20 | 1143,349 | 273,81 | 343,14 |  0,00 | 276,203 | 100,10 | 100,10 | 560,906 |   NaN | NaN | 0,00 | 0,00 | NaN
  60 |  8,03 | 279,551 | 753,55 | 819,39 | 758,24 |  0,00 | 1,355 | 44,35 | 44,35 |  0,00 | 1,348 | 338,43 | 338,43 | 19,56 | 1144,467 | 270,67 | 336,51 |  0,00 | 281,478 | 100,10 | 100,10 | 578,516 |   NaN | NaN | 0,00 | 0,00 | NaN
  61 |  8,47 | 284,459 | 753,60 | 823,31 | 758,28 |  0,00 | 1,527 | 44,35 | 44,35 |  0,00 | 1,372 | 340,51 | 340,51 | 20,60 | 1173,759 | 268,64 | 338,35 |  0,00 | 280,118 | 100,10 | 100,10 | 583,824 |   NaN | NaN | 0,00 | 0,00 | NaN
  62 |  8,15 | 275,821 | 753,71 | 820,55 | 758,46 |  0,00 | 1,449 | 44,35 | 44,35 |  0,00 | 1,432 | 337,08 | 337,08 | 19,72 | 1120,860 | 272,18 | 339,02 |  0,00 | 288,926 | 100,10 | 100,10 | 583,222 |   NaN | NaN | 0,00 | 0,00 | NaN
  63 |  7,95 | 279,167 | 752,90 | 817,89 | 757,62 |  0,00 | 1,392 | 44,35 | 44,35 |  0,00 | 1,388 | 338,92 | 338,92 | 19,43 | 1146,627 | 269,53 | 334,53 |  0,00 | 283,906 | 100,10 | 100,10 | 589,226 |   NaN | NaN | 0,00 | 0,00 | NaN
  64 |  7,12 | 275,097 | 754,10 | 811,88 | 758,83 |  0,00 | 1,436 | 44,35 | 44,35 |  0,00 | 1,430 | 334,46 | 334,46 | 17,35 | 1107,833 | 275,19 | 332,97 |  0,00 | 280,573 | 100,10 | 100,10 | 578,290 |   NaN | NaN | 0,00 | 0,00 | NaN

= = = = = = = = = = = = AVERAGE RESULTS system = = = = = = = = = = = =
meanPLR_system | 7,919937 
meanDelay_system | 278,868055 
meanLoad_system | 818,939840 
meanTHR_system | 754,056046 
meanGate_system | 758,767272 

meanPLR_EF_system | 0,000000 
meanPLR_AF_system | 0,000000 
meanPLR_BE_system | 19,239666 
meanPLR_FLA_system | 0,000000 
meanPLR_FLB_system | NaN 

meanTHR_EF_system | 44,352002 
meanTHR_AF_system | 337,399305 
meanTHR_BE_system | 272,208616 
meanTHR_FLA_system | 102,233740 
meanTHR_FLB_system | 0,000000 

meanLoad_EF_system | 44,352002 
meanLoad_AF_system | 337,399305 
meanLoad_BE_system | 337,092410 
meanLoad_FLA_system | 102,233740 
meanLoad_FLB_system | 0,000000 

meanDELAY_EF_system | 1,413959 
meanDELAY_AF_system | 1,392206 
meanDELAY_BE_system | 1135,540320 
meanDELAY_FLA_system | 282,962842 
meanDELAY_FLB_system | NaN 
meanDELAY_CompleteFLA_system | 577,781822 
meanDELAY_CompleteFLB_system | NaN 

= = = = = = = = = = = = AVERAGE RESULTS = = = = = = = = = = = =
Packet Loss Ratio: 07,92 (%)
PROCESSED PACKAGES: 1683247483 
DISCARTED PACKAGES: 93225864 
TOTAL PACKAGES: 1776473347 
AVERAGE DELAY: 51118,96 (ms) 
AVERAGE THROUGHPUT: 754,06 (Mbps) 
GRANTED THROUGHPUT: 48561,11 (Mbps) By 64 ONUs
EFFECTIVE THROUGHPUT: 48259,59 (Mbps) By 64 ONUs
TOTAL LOAD: 52412,15 (Mbps) By 64 ONUs
ON Arrival THROUGHPUT: 0,00 (Mbps) By 64 ONUs
FINISHTIMEFL: 140,478085 
FINISHTIME: 143,478085 


fileName | IPACT_STRICTPRIORITYFIRSTAF_1_68_90_0 
