
ONU ID 	|  PLR(%) | Delay(ms) | Throughput(Mbps) | Granted Throughput(Mbps) | Total Load (Mbps) 

  ID |  PLR(%) |  D  | Thr |  Gates  |  Load  | PLR-EF | D-EF | ThrEF | LoadEF | PLR-AF | D-AF | ThrAF | LoadAF | PLR-BE | D-BE | ThrBE | LoadBE | PLR-FA | D-FA | ThrFA | LoadFA | DTFA |  PLR-FB | D-FB | ThrFB | LoadFB | DTFB | 
   1 |  0,00 | 0,282 | 488,37 | 488,37 | 532,92 |  0,00 | 0,123 | 44,35 | 44,35 |  0,00 | 0,201 | 209,81 | 209,81 |  0,00 | 0,290 | 205,58 | 205,58 |  0,00 | 6,568 | 28,62 | 28,62 | 34,046 |   NaN | NaN | 0,00 | 0,00 | NaN
   2 |  0,00 | 0,725 | 487,06 | 487,06 | 536,83 |  0,00 | 0,135 | 44,35 | 44,35 |  0,00 | 0,145 | 208,81 | 208,81 |  0,00 | 0,211 | 205,28 | 205,28 |  0,00 | 35,257 | 28,62 | 28,62 | 122,737 |   NaN | NaN | 0,00 | 0,00 | NaN
   3 |  0,00 | 0,542 | 482,89 | 482,89 | 522,59 |  0,00 | 0,072 | 44,35 | 44,35 |  0,00 | 0,079 | 204,40 | 204,40 |  0,00 | 0,273 | 205,52 | 205,52 |  0,00 | 26,055 | 28,62 | 28,62 | 98,109 |   NaN | NaN | 0,00 | 0,00 | NaN
   4 |  0,00 | 0,260 | 488,27 | 488,27 | 527,87 |  0,00 | 0,077 | 44,35 | 44,35 |  0,00 | 0,160 | 208,84 | 208,84 |  0,00 | 0,357 | 206,46 | 206,46 |  0,00 | 6,371 | 28,62 | 28,62 | 33,723 |   NaN | NaN | 0,00 | 0,00 | NaN
   5 |  0,00 | 1,080 | 483,50 | 483,50 | 524,13 |  0,00 | 0,103 | 44,35 | 44,35 |  0,00 | 0,107 | 206,05 | 206,05 |  0,00 | 0,233 | 204,48 | 204,48 |  0,00 | 58,119 | 28,62 | 28,62 | 194,533 |   NaN | NaN | 0,00 | 0,00 | NaN
   6 |  0,00 | 0,862 | 486,78 | 486,78 | 525,28 |  0,00 | 0,055 | 44,35 | 44,35 |  0,00 | 0,059 | 207,71 | 207,71 |  0,00 | 0,296 | 206,09 | 206,09 |  0,00 | 46,293 | 28,62 | 28,62 | 157,288 |   NaN | NaN | 0,00 | 0,00 | NaN
   7 |  0,00 | 0,266 | 485,59 | 485,59 | 525,14 |  0,00 | 0,070 | 44,35 | 44,35 |  0,00 | 0,139 | 206,11 | 206,11 |  0,00 | 0,348 | 206,50 | 206,50 |  0,00 | 7,400 | 28,62 | 28,62 | 37,454 |   NaN | NaN | 0,00 | 0,00 | NaN
   8 |  0,00 | 0,750 | 488,98 | 488,98 | 532,73 |  0,00 | 0,120 | 44,35 | 44,35 |  0,00 | 0,126 | 207,43 | 207,43 |  0,00 | 0,215 | 208,58 | 208,58 |  0,00 | 37,553 | 28,62 | 28,62 | 134,715 |   NaN | NaN | 0,00 | 0,00 | NaN
   9 |  0,00 | 0,375 | 487,12 | 487,12 | 526,53 |  0,00 | 0,060 | 44,35 | 44,35 |  0,00 | 0,091 | 206,81 | 206,81 |  0,00 | 0,321 | 207,34 | 207,34 |  0,00 | 15,416 | 28,62 | 28,62 | 64,267 |   NaN | NaN | 0,00 | 0,00 | NaN
  10 |  0,00 | 0,280 | 485,57 | 485,57 | 529,35 |  0,00 | 0,121 | 44,35 | 44,35 |  0,00 | 0,203 | 207,25 | 207,25 |  0,00 | 0,294 | 205,35 | 205,35 |  0,00 | 6,473 | 28,62 | 28,62 | 33,835 |   NaN | NaN | 0,00 | 0,00 | NaN
  11 |  0,00 | 2,289 | 485,20 | 485,20 | 524,75 |  0,00 | 0,061 | 44,35 | 44,35 |  0,00 | 0,067 | 205,89 | 205,89 |  0,00 | 0,292 | 206,33 | 206,33 |  0,00 | 133,542 | 28,62 | 28,62 | 438,291 |   NaN | NaN | 0,00 | 0,00 | NaN
  12 |  0,00 | 0,921 | 486,24 | 486,24 | 530,80 |  0,00 | 0,123 | 44,35 | 44,35 |  0,00 | 0,127 | 206,45 | 206,45 |  0,00 | 0,210 | 206,81 | 206,81 |  0,00 | 47,904 | 28,62 | 28,62 | 164,547 |   NaN | NaN | 0,00 | 0,00 | NaN
  13 |  0,00 | 0,699 | 480,26 | 480,26 | 520,15 |  0,00 | 0,087 | 44,35 | 44,35 |  0,00 | 0,106 | 205,02 | 205,02 |  0,00 | 0,265 | 202,27 | 202,27 |  0,00 | 34,791 | 28,62 | 28,62 | 121,092 |   NaN | NaN | 0,00 | 0,00 | NaN
  14 |  0,00 | 1,178 | 488,05 | 488,05 | 534,70 |  0,00 | 0,128 | 44,35 | 44,35 |  0,00 | 0,131 | 206,96 | 206,96 |  0,00 | 0,205 | 208,11 | 208,11 |  0,00 | 63,628 | 28,62 | 28,62 | 210,449 |   NaN | NaN | 0,00 | 0,00 | NaN
  15 |  0,00 | 0,301 | 485,10 | 485,10 | 529,56 |  0,00 | 0,122 | 44,35 | 44,35 |  0,00 | 0,188 | 203,76 | 203,76 |  0,00 | 0,269 | 208,36 | 208,36 |  0,00 | 8,181 | 28,62 | 28,62 | 40,943 |   NaN | NaN | 0,00 | 0,00 | NaN
  16 |  0,00 | 0,476 | 490,77 | 490,77 | 532,95 |  0,00 | 0,114 | 44,35 | 44,35 |  0,00 | 0,135 | 207,85 | 207,85 |  0,00 | 0,237 | 209,95 | 209,95 |  0,00 | 20,501 | 28,62 | 28,62 | 81,339 |   NaN | NaN | 0,00 | 0,00 | NaN
  17 |  0,00 | 0,443 | 486,39 | 486,39 | 532,23 |  0,00 | 0,127 | 44,35 | 44,35 |  0,00 | 0,158 | 207,73 | 207,73 |  0,00 | 0,234 | 205,68 | 205,68 |  0,00 | 17,669 | 28,62 | 28,62 | 71,650 |   NaN | NaN | 0,00 | 0,00 | NaN
  18 |  0,00 | 2,125 | 483,71 | 483,71 | 524,32 |  0,00 | 0,103 | 44,35 | 44,35 |  0,00 | 0,109 | 205,79 | 205,79 |  0,00 | 0,233 | 204,94 | 204,94 |  0,00 | 122,102 | 28,62 | 28,62 | 396,156 |   NaN | NaN | 0,00 | 0,00 | NaN
  19 |  0,00 | 1,617 | 481,12 | 481,12 | 521,23 |  0,00 | 0,094 | 44,35 | 44,35 |  0,00 | 0,098 | 203,47 | 203,47 |  0,00 | 0,242 | 204,68 | 204,68 |  0,00 | 91,094 | 28,62 | 28,62 | 292,720 |   NaN | NaN | 0,00 | 0,00 | NaN
  20 |  0,00 | 2,317 | 481,08 | 481,08 | 521,02 |  0,00 | 0,090 | 44,35 | 44,35 |  0,00 | 0,105 | 206,03 | 206,03 |  0,00 | 0,257 | 202,07 | 202,07 |  0,00 | 133,679 | 28,62 | 28,62 | 458,372 |   NaN | NaN | 0,00 | 0,00 | NaN
  21 |  0,00 | 0,271 | 479,72 | 479,72 | 519,67 |  0,00 | 0,094 | 44,35 | 44,35 |  0,00 | 0,167 | 204,30 | 204,30 |  0,00 | 0,316 | 202,45 | 202,45 |  0,00 | 6,902 | 28,62 | 28,62 | 36,363 |   NaN | NaN | 0,00 | 0,00 | NaN
  22 |  0,00 | 1,282 | 488,07 | 488,07 | 536,65 |  0,00 | 0,133 | 44,35 | 44,35 |  0,00 | 0,136 | 209,68 | 209,68 |  0,00 | 0,201 | 205,42 | 205,42 |  0,00 | 69,910 | 28,62 | 28,62 | 229,918 |   NaN | NaN | 0,00 | 0,00 | NaN
  23 |  0,00 | 2,428 | 486,65 | 486,65 | 529,15 |  0,00 | 0,115 | 44,35 | 44,35 |  0,00 | 0,120 | 207,13 | 207,13 |  0,00 | 0,226 | 206,54 | 206,54 |  0,00 | 140,649 | 28,62 | 28,62 | 383,278 |   NaN | NaN | 0,00 | 0,00 | NaN
  24 |  0,00 | 0,675 | 489,00 | 489,00 | 528,73 |  0,00 | 0,077 | 44,35 | 44,35 |  0,00 | 0,087 | 207,42 | 207,42 |  0,00 | 0,272 | 208,60 | 208,60 |  0,00 | 34,140 | 28,62 | 28,62 | 119,404 |   NaN | NaN | 0,00 | 0,00 | NaN
  25 |  0,00 | 0,314 | 487,15 | 487,15 | 536,29 |  0,00 | 0,134 | 44,35 | 44,35 |  0,00 | 0,202 | 204,49 | 204,49 |  0,00 | 0,265 | 209,68 | 209,68 |  0,00 | 8,498 | 28,62 | 28,62 | 41,164 |   NaN | NaN | 0,00 | 0,00 | NaN
  26 |  0,00 | 0,306 | 484,31 | 484,31 | 531,70 |  0,00 | 0,130 | 44,35 | 44,35 |  0,00 | 0,196 | 206,20 | 206,20 |  0,00 | 0,284 | 205,13 | 205,13 |  0,00 | 7,917 | 28,62 | 28,62 | 38,121 |   NaN | NaN | 0,00 | 0,00 | NaN
  27 |  0,00 | 2,083 | 483,53 | 483,53 | 522,78 |  0,00 | 0,058 | 44,35 | 44,35 |  0,00 | 0,063 | 207,00 | 207,00 |  0,00 | 0,289 | 203,56 | 203,56 |  0,00 | 120,900 | 28,62 | 28,62 | 388,388 |   NaN | NaN | 0,00 | 0,00 | NaN
  28 |  0,00 | 2,424 | 481,50 | 481,50 | 526,26 |  0,00 | 0,123 | 44,35 | 44,35 |  0,00 | 0,140 | 205,76 | 205,76 |  0,00 | 0,229 | 202,77 | 202,77 |  0,00 | 139,053 | 28,62 | 28,62 | 380,163 |   NaN | NaN | 0,00 | 0,00 | NaN
  29 |  0,00 | 2,497 | 486,01 | 486,01 | 526,56 |  0,00 | 0,103 | 44,35 | 44,35 |  0,00 | 0,111 | 205,45 | 205,45 |  0,00 | 0,236 | 207,59 | 207,59 |  0,00 | 145,204 | 28,62 | 28,62 | 444,467 |   NaN | NaN | 0,00 | 0,00 | NaN
  30 |  0,00 | 2,025 | 484,33 | 484,33 | 533,05 |  0,00 | 0,133 | 44,35 | 44,35 |  0,00 | 0,136 | 205,44 | 205,44 |  0,00 | 0,198 | 205,91 | 205,91 |  0,00 | 115,137 | 28,62 | 28,62 | 395,210 |   NaN | NaN | 0,00 | 0,00 | NaN
  31 |  0,00 | 2,477 | 483,88 | 483,88 | 524,27 |  0,00 | 0,100 | 44,35 | 44,35 |  0,00 | 0,107 | 206,41 | 206,41 |  0,00 | 0,248 | 204,49 | 204,49 |  0,00 | 143,654 | 28,62 | 28,62 | 389,300 |   NaN | NaN | 0,00 | 0,00 | NaN
  32 |  0,00 | 2,369 | 486,85 | 486,85 | 526,09 |  0,00 | 0,058 | 44,35 | 44,35 |  0,00 | 0,070 | 206,55 | 206,55 |  0,00 | 0,296 | 207,32 | 207,32 |  0,00 | 138,687 | 28,62 | 28,62 | 455,007 |   NaN | NaN | 0,00 | 0,00 | NaN
  33 |  0,00 | 2,239 | 483,18 | 483,18 | 527,40 |  0,00 | 0,122 | 44,35 | 44,35 |  0,00 | 0,135 | 204,86 | 204,86 |  0,00 | 0,219 | 205,34 | 205,34 |  0,00 | 128,218 | 28,62 | 28,62 | 449,715 |   NaN | NaN | 0,00 | 0,00 | NaN
  34 |  0,00 | 2,298 | 484,93 | 484,93 | 526,97 |  0,00 | 0,113 | 44,35 | 44,35 |  0,00 | 0,117 | 205,46 | 205,46 |  0,00 | 0,220 | 206,49 | 206,49 |  0,00 | 132,623 | 28,62 | 28,62 | 419,862 |   NaN | NaN | 0,00 | 0,00 | NaN
  35 |  0,00 | 2,255 | 487,12 | 487,12 | 526,66 |  0,00 | 0,062 | 44,35 | 44,35 |  0,00 | 0,065 | 207,33 | 207,33 |  0,00 | 0,281 | 206,82 | 206,82 |  0,00 | 131,871 | 28,62 | 28,62 | 416,159 |   NaN | NaN | 0,00 | 0,00 | NaN
  36 |  0,00 | 2,165 | 483,94 | 483,94 | 526,52 |  0,00 | 0,115 | 44,35 | 44,35 |  0,00 | 0,119 | 204,76 | 204,76 |  0,00 | 0,218 | 206,20 | 206,20 |  0,00 | 124,241 | 28,62 | 28,62 | 395,639 |   NaN | NaN | 0,00 | 0,00 | NaN
  37 |  0,00 | 2,518 | 488,66 | 488,66 | 528,88 |  0,00 | 0,098 | 44,35 | 44,35 |  0,00 | 0,108 | 209,06 | 209,06 |  0,00 | 0,249 | 206,62 | 206,62 |  0,00 | 146,905 | 28,62 | 28,62 | 480,455 |   NaN | NaN | 0,00 | 0,00 | NaN
  38 |  0,00 | 2,072 | 488,79 | 488,79 | 528,73 |  0,00 | 0,089 | 44,35 | 44,35 |  0,00 | 0,094 | 207,58 | 207,58 |  0,00 | 0,247 | 208,24 | 208,24 |  0,00 | 119,972 | 28,62 | 28,62 | 406,060 |   NaN | NaN | 0,00 | 0,00 | NaN
  39 |  0,00 | 2,167 | 480,53 | 480,53 | 529,10 |  0,00 | 0,133 | 44,35 | 44,35 |  0,00 | 0,141 | 204,96 | 204,96 |  0,00 | 0,210 | 202,60 | 202,60 |  0,00 | 123,177 | 28,62 | 28,62 | 433,162 |   NaN | NaN | 0,00 | 0,00 | NaN
  40 |  0,00 | 2,123 | 480,56 | 480,56 | 529,16 |  0,00 | 0,133 | 44,35 | 44,35 |  0,00 | 0,139 | 205,45 | 205,45 |  0,00 | 0,204 | 202,13 | 202,13 |  0,00 | 120,560 | 28,62 | 28,62 | 389,799 |   NaN | NaN | 0,00 | 0,00 | NaN
  41 |  0,00 | 2,550 | 488,60 | 488,60 | 531,32 |  0,00 | 0,116 | 44,35 | 44,35 |  0,00 | 0,126 | 206,27 | 206,27 |  0,00 | 0,223 | 209,36 | 209,36 |  0,00 | 148,360 | 28,62 | 28,62 | 419,359 |   NaN | NaN | 0,00 | 0,00 | NaN
  42 |  0,00 | 2,541 | 487,83 | 487,83 | 527,39 |  0,00 | 0,062 | 44,35 | 44,35 |  0,00 | 0,071 | 207,25 | 207,25 |  0,00 | 0,289 | 207,61 | 207,61 |  0,00 | 149,316 | 28,62 | 28,62 | 452,284 |   NaN | NaN | 0,00 | 0,00 | NaN
  43 |  0,00 | 2,337 | 490,09 | 490,09 | 536,85 |  0,00 | 0,140 | 44,35 | 44,35 |  0,00 | 0,150 | 209,02 | 209,02 |  0,00 | 0,199 | 208,10 | 208,10 |  0,00 | 134,667 | 28,62 | 28,62 | 469,407 |   NaN | NaN | 0,00 | 0,00 | NaN
  44 |  0,00 | 2,535 | 487,12 | 487,12 | 525,75 |  0,00 | 0,056 | 44,35 | 44,35 |  0,00 | 0,068 | 206,53 | 206,53 |  0,00 | 0,316 | 207,61 | 207,61 |  0,00 | 148,778 | 28,62 | 28,62 | 411,795 |   NaN | NaN | 0,00 | 0,00 | NaN
  45 |  0,00 | 2,510 | 485,96 | 485,96 | 536,36 |  0,00 | 0,136 | 44,35 | 44,35 |  0,00 | 0,146 | 208,29 | 208,29 |  0,00 | 0,213 | 204,70 | 204,70 |  0,00 | 144,728 | 28,62 | 28,62 | 433,605 |   NaN | NaN | 0,00 | 0,00 | NaN
  46 |  0,00 | 2,273 | 485,27 | 485,27 | 524,98 |  0,00 | 0,076 | 44,35 | 44,35 |  0,00 | 0,084 | 205,73 | 205,73 |  0,00 | 0,268 | 206,56 | 206,56 |  0,00 | 132,144 | 28,62 | 28,62 | 451,216 |   NaN | NaN | 0,00 | 0,00 | NaN
  47 |  0,00 | 2,356 | 485,34 | 485,34 | 525,08 |  0,00 | 0,073 | 44,35 | 44,35 |  0,00 | 0,086 | 207,64 | 207,64 |  0,00 | 0,286 | 204,72 | 204,72 |  0,00 | 137,082 | 28,62 | 28,62 | 377,341 |   NaN | NaN | 0,00 | 0,00 | NaN
  48 |  0,00 | 2,487 | 483,72 | 483,72 | 524,35 |  0,00 | 0,103 | 44,35 | 44,35 |  0,00 | 0,116 | 205,44 | 205,44 |  0,00 | 0,246 | 205,31 | 205,31 |  0,00 | 143,997 | 28,62 | 28,62 | 399,049 |   NaN | NaN | 0,00 | 0,00 | NaN
  49 |  0,00 | 2,250 | 484,69 | 484,69 | 527,31 |  0,00 | 0,115 | 44,35 | 44,35 |  0,00 | 0,129 | 207,08 | 207,08 |  0,00 | 0,225 | 204,64 | 204,64 |  0,00 | 129,339 | 28,62 | 28,62 | 359,256 |   NaN | NaN | 0,00 | 0,00 | NaN
  50 |  0,00 | 2,208 | 486,51 | 486,51 | 526,21 |  0,00 | 0,070 | 44,35 | 44,35 |  0,00 | 0,078 | 208,28 | 208,28 |  0,00 | 0,280 | 205,26 | 205,26 |  0,00 | 128,505 | 28,62 | 28,62 | 450,768 |   NaN | NaN | 0,00 | 0,00 | NaN
  51 |  0,00 | 2,639 | 486,01 | 486,01 | 525,73 |  0,00 | 0,068 | 44,35 | 44,35 |  0,00 | 0,076 | 205,54 | 205,54 |  0,00 | 0,286 | 207,49 | 207,49 |  0,00 | 154,867 | 28,62 | 28,62 | 431,441 |   NaN | NaN | 0,00 | 0,00 | NaN
  52 |  0,00 | 2,436 | 483,06 | 483,06 | 523,20 |  0,00 | 0,094 | 44,35 | 44,35 |  0,00 | 0,105 | 203,65 | 203,65 |  0,00 | 0,252 | 206,44 | 206,44 |  0,00 | 141,088 | 28,62 | 28,62 | 413,337 |   NaN | NaN | 0,00 | 0,00 | NaN
  53 |  0,00 | 2,302 | 486,31 | 486,31 | 526,09 |  0,00 | 0,081 | 44,35 | 44,35 |  0,00 | 0,091 | 206,98 | 206,98 |  0,00 | 0,263 | 206,36 | 206,36 |  0,00 | 133,850 | 28,62 | 28,62 | 449,143 |   NaN | NaN | 0,00 | 0,00 | NaN
  54 |  0,00 | 2,625 | 483,20 | 483,20 | 523,01 |  0,00 | 0,084 | 44,35 | 44,35 |  0,00 | 0,098 | 206,46 | 206,46 |  0,00 | 0,266 | 203,77 | 203,77 |  0,00 | 153,023 | 28,62 | 28,62 | 454,258 |   NaN | NaN | 0,00 | 0,00 | NaN
  55 |  0,00 | 2,072 | 485,07 | 485,07 | 524,77 |  0,00 | 0,069 | 44,35 | 44,35 |  0,00 | 0,073 | 205,61 | 205,61 |  0,00 | 0,270 | 206,48 | 206,48 |  0,00 | 120,135 | 28,62 | 28,62 | 402,845 |   NaN | NaN | 0,00 | 0,00 | NaN
  56 |  0,00 | 2,511 | 483,62 | 483,62 | 523,39 |  0,00 | 0,075 | 44,35 | 44,35 |  0,00 | 0,091 | 204,65 | 204,65 |  0,00 | 0,279 | 206,00 | 206,00 |  0,00 | 146,314 | 28,62 | 28,62 | 407,716 |   NaN | NaN | 0,00 | 0,00 | NaN
  57 |  0,00 | 2,401 | 485,85 | 485,85 | 525,54 |  0,00 | 0,072 | 44,35 | 44,35 |  0,00 | 0,087 | 206,25 | 206,25 |  0,00 | 0,285 | 206,63 | 206,63 |  0,00 | 139,942 | 28,62 | 28,62 | 380,883 |   NaN | NaN | 0,00 | 0,00 | NaN
  58 |  0,00 | 2,408 | 485,33 | 485,33 | 525,73 |  0,00 | 0,100 | 44,35 | 44,35 |  0,00 | 0,109 | 205,77 | 205,77 |  0,00 | 0,242 | 206,58 | 206,58 |  0,00 | 139,635 | 28,62 | 28,62 | 381,504 |   NaN | NaN | 0,00 | 0,00 | NaN
  59 |  0,00 | 2,216 | 488,90 | 488,90 | 532,53 |  0,00 | 0,120 | 44,35 | 44,35 |  0,00 | 0,123 | 206,96 | 206,96 |  0,00 | 0,213 | 208,96 | 208,96 |  0,00 | 127,914 | 28,62 | 28,62 | 405,934 |   NaN | NaN | 0,00 | 0,00 | NaN
  60 |  0,00 | 2,553 | 485,46 | 485,46 | 524,45 |  0,00 | 0,057 | 44,35 | 44,35 |  0,00 | 0,076 | 206,65 | 206,65 |  0,00 | 0,301 | 205,84 | 205,84 |  0,00 | 149,679 | 28,62 | 28,62 | 421,926 |   NaN | NaN | 0,00 | 0,00 | NaN
  61 |  0,00 | 2,195 | 486,81 | 486,81 | 526,56 |  0,00 | 0,077 | 44,35 | 44,35 |  0,00 | 0,089 | 206,55 | 206,55 |  0,00 | 0,270 | 207,29 | 207,29 |  0,00 | 127,484 | 28,62 | 28,62 | 437,816 |   NaN | NaN | 0,00 | 0,00 | NaN
  62 |  0,00 | 2,537 | 487,29 | 487,29 | 538,40 |  0,00 | 0,138 | 44,35 | 44,35 |  0,00 | 0,145 | 207,36 | 207,36 |  0,00 | 0,207 | 206,95 | 206,95 |  0,00 | 146,564 | 28,62 | 28,62 | 405,827 |   NaN | NaN | 0,00 | 0,00 | NaN
  63 |  0,00 | 2,113 | 486,87 | 486,87 | 526,98 |  0,00 | 0,094 | 44,35 | 44,35 |  0,00 | 0,099 | 207,39 | 207,39 |  0,00 | 0,244 | 206,50 | 206,50 |  0,00 | 122,063 | 28,62 | 28,62 | 420,763 |   NaN | NaN | 0,00 | 0,00 | NaN
  64 |  0,00 | 2,571 | 482,51 | 482,51 | 533,30 |  0,00 | 0,137 | 44,35 | 44,35 |  0,00 | 0,148 | 204,08 | 204,08 |  0,00 | 0,204 | 205,45 | 205,45 |  0,00 | 147,946 | 28,62 | 28,62 | 443,306 |   NaN | NaN | 0,00 | 0,00 | NaN

= = = = = = = = = = = = AVERAGE RESULTS system = = = = = = = = = = = =
meanPLR_system | 0,000000 
meanDelay_system | 1,756337 
meanLoad_system | 485,502554 
meanTHR_system | 485,502554 
meanGate_system | 527,889817 

meanPLR_EF_system | 0,000000 
meanPLR_AF_system | 0,000000 
meanPLR_BE_system | 0,000000 
meanPLR_FLA_system | 0,000000 
meanPLR_FLB_system | NaN 

meanTHR_EF_system | 44,352004 
meanTHR_AF_system | 206,451423 
meanTHR_BE_system | 206,077254 
meanTHR_FLA_system | 29,043588 
meanTHR_FLB_system | 0,000000 

meanLoad_EF_system | 44,352004 
meanLoad_AF_system | 206,451423 
meanLoad_BE_system | 206,077254 
meanLoad_FLA_system | 29,043588 
meanLoad_FLB_system | 0,000000 

meanDELAY_EF_system | 0,098765 
meanDELAY_AF_system | 0,116411 
meanDELAY_BE_system | 0,254951 
meanDELAY_FLA_system | 99,441152 
meanDELAY_FLB_system | NaN 
meanDELAY_CompleteFLA_system | 311,854381 
meanDELAY_CompleteFLB_system | NaN 

= = = = = = = = = = = = AVERAGE RESULTS = = = = = = = = = = = =
Packet Loss Ratio: 00,00 (%)
PROCESSED PACKAGES: 1935430438 
DISCARTED PACKAGES: 0 
TOTAL PACKAGES: 1935430438 
AVERAGE DELAY: 257,03 (ms) 
AVERAGE THROUGHPUT: 485,50 (Mbps) 
GRANTED THROUGHPUT: 33784,95 (Mbps) By 64 ONUs
EFFECTIVE THROUGHPUT: 31072,16 (Mbps) By 64 ONUs
TOTAL LOAD: 31072,16 (Mbps) By 64 ONUs
ON Arrival THROUGHPUT: 0,00 (Mbps) By 64 ONUs
FINISHTIMEFL: 203,611208 
FINISHTIME: 206,611208 


fileName | IPACT_LBVARIBLETOKENSBYCYCLE_5_28_55_0 
