
ONU ID 	|  PLR(%) | Delay(ms) | Throughput(Mbps) | Granted Throughput(Mbps) | Total Load (Mbps) 

  ID |  PLR(%) |  D  | Thr |  Gates  |  Load  | PLR-EF | D-EF | ThrEF | LoadEF | PLR-AF | D-AF | ThrAF | LoadAF | PLR-BE | D-BE | ThrBE | LoadBE | PLR-FA | D-FA | ThrFA | LoadFA | DTFA |  PLR-FB | D-FB | ThrFB | LoadFB | DTFB | 
   1 | 13,98 | 294,986 | 754,72 | 877,41 | 759,44 |  0,00 | 1,490 | 44,35 | 44,35 |  0,00 | 1,419 | 374,74 | 374,74 | 33,89 | 1362,283 | 239,33 | 362,02 |  0,00 | 334,410 | 96,30 | 96,30 | 652,307 |   NaN | NaN | 0,00 | 0,00 | NaN
   2 | 13,94 | 296,730 | 754,74 | 876,96 | 759,48 |  0,00 | 1,522 | 44,35 | 44,35 |  0,00 | 1,436 | 369,98 | 369,98 | 33,37 | 1347,833 | 244,10 | 366,33 |  0,00 | 316,200 | 96,30 | 96,30 | 648,107 |   NaN | NaN | 0,00 | 0,00 | NaN
   3 | 13,47 | 294,984 | 754,54 | 871,98 | 759,23 |  0,00 | 1,380 | 44,35 | 44,35 |  0,00 | 1,367 | 365,84 | 365,84 | 32,13 | 1322,091 | 248,05 | 365,48 |  0,00 | 301,906 | 96,30 | 96,30 | 607,311 |   NaN | NaN | 0,00 | 0,00 | NaN
   4 | 14,48 | 301,498 | 754,73 | 882,55 | 759,43 |  0,00 | 1,592 | 44,35 | 44,35 |  0,00 | 1,380 | 374,41 | 374,41 | 34,78 | 1394,193 | 239,66 | 367,48 |  0,00 | 324,789 | 96,30 | 96,30 | 659,401 |   NaN | NaN | 0,00 | 0,00 | NaN
   5 | 13,65 | 295,340 | 754,70 | 874,00 | 759,37 |  0,00 | 1,611 | 44,35 | 44,35 |  0,00 | 1,404 | 366,59 | 366,59 | 32,53 | 1324,498 | 247,46 | 366,75 |  0,00 | 307,986 | 96,30 | 96,30 | 620,124 |   NaN | NaN | 0,00 | 0,00 | NaN
   6 | 14,34 | 297,087 | 755,20 | 881,66 | 759,90 |  0,00 | 1,480 | 44,35 | 44,35 |  0,00 | 1,349 | 372,39 | 372,39 | 34,31 | 1358,904 | 242,16 | 368,61 |  0,00 | 327,558 | 96,30 | 96,30 | 653,041 |   NaN | NaN | 0,00 | 0,00 | NaN
   7 | 13,93 | 295,833 | 754,98 | 877,15 | 759,68 |  0,00 | 1,435 | 44,35 | 44,35 |  0,00 | 1,365 | 369,71 | 369,71 | 33,31 | 1340,991 | 244,61 | 366,79 |  0,00 | 319,397 | 96,30 | 96,30 | 634,145 |   NaN | NaN | 0,00 | 0,00 | NaN
   8 | 13,91 | 298,940 | 754,26 | 876,17 | 758,98 |  0,00 | 1,436 | 44,35 | 44,35 |  0,00 | 1,415 | 364,70 | 364,70 | 32,88 | 1333,170 | 248,91 | 370,81 |  0,00 | 311,283 | 96,30 | 96,30 | 629,758 |   NaN | NaN | 0,00 | 0,00 | NaN
   9 | 14,44 | 299,859 | 754,82 | 882,19 | 759,51 |  0,00 | 1,708 | 44,35 | 44,35 |  0,00 | 1,361 | 373,12 | 373,12 | 34,57 | 1382,440 | 241,04 | 368,41 |  0,00 | 304,701 | 96,30 | 96,30 | 637,124 |   NaN | NaN | 0,00 | 0,00 | NaN
  10 | 13,61 | 295,096 | 755,15 | 874,14 | 759,83 |  0,00 | 1,496 | 44,35 | 44,35 |  0,00 | 1,416 | 367,06 | 367,06 | 32,47 | 1325,979 | 247,44 | 366,43 |  0,00 | 301,940 | 96,30 | 96,30 | 604,108 |   NaN | NaN | 0,00 | 0,00 | NaN
  11 | 13,36 | 292,755 | 755,11 | 871,58 | 759,79 |  0,00 | 1,497 | 44,35 | 44,35 |  0,00 | 1,355 | 361,87 | 361,87 | 31,56 | 1287,537 | 252,59 | 369,06 |  0,00 | 304,664 | 96,30 | 96,30 | 603,794 |   NaN | NaN | 0,00 | 0,00 | NaN
  12 | 13,62 | 294,896 | 755,15 | 874,19 | 759,88 |  0,00 | 1,529 | 44,35 | 44,35 |  0,00 | 1,420 | 365,44 | 365,44 | 32,34 | 1313,756 | 249,06 | 368,09 |  0,00 | 313,704 | 96,30 | 96,30 | 627,704 |   NaN | NaN | 0,00 | 0,00 | NaN
  13 | 13,05 | 296,372 | 754,07 | 867,25 | 758,79 |  0,00 | 1,400 | 44,35 | 44,35 |  0,00 | 1,383 | 364,99 | 364,99 | 31,30 | 1323,724 | 248,43 | 361,61 |  0,00 | 311,083 | 96,30 | 96,30 | 631,471 |   NaN | NaN | 0,00 | 0,00 | NaN
  14 | 14,20 | 297,362 | 754,07 | 878,89 | 758,83 |  0,00 | 1,451 | 44,35 | 44,35 |  0,00 | 1,423 | 368,75 | 368,75 | 33,78 | 1346,085 | 244,66 | 369,49 |  0,00 | 322,189 | 96,30 | 96,30 | 652,400 |   NaN | NaN | 0,00 | 0,00 | NaN
  15 | 13,66 | 294,706 | 754,38 | 873,71 | 759,09 |  0,00 | 1,577 | 44,35 | 44,35 |  0,00 | 1,422 | 363,14 | 363,14 | 32,26 | 1304,990 | 250,58 | 369,92 |  0,00 | 308,281 | 96,30 | 96,30 | 620,042 |   NaN | NaN | 0,00 | 0,00 | NaN
  16 | 14,59 | 299,117 | 754,75 | 883,64 | 759,44 |  0,00 | 1,629 | 44,35 | 44,35 |  0,00 | 1,425 | 368,97 | 368,97 | 34,46 | 1354,532 | 245,13 | 374,02 |  0,00 | 311,632 | 96,30 | 96,30 | 619,254 |   NaN | NaN | 0,00 | 0,00 | NaN
  17 | 14,45 | 299,989 | 754,21 | 881,58 | 758,94 |  0,00 | 1,448 | 44,35 | 44,35 |  0,00 | 1,422 | 370,81 | 370,81 | 34,41 | 1369,565 | 242,75 | 370,12 |  0,00 | 321,688 | 96,30 | 96,30 | 640,609 |   NaN | NaN | 0,00 | 0,00 | NaN
  18 | 13,59 | 298,515 | 753,59 | 872,14 | 758,32 |  0,00 | 1,485 | 44,35 | 44,35 |  0,00 | 1,402 | 363,98 | 363,98 | 32,26 | 1328,431 | 248,96 | 367,51 |  0,00 | 319,473 | 96,30 | 96,30 | 647,819 |   NaN | NaN | 0,00 | 0,00 | NaN
  19 | 13,17 | 296,154 | 754,68 | 869,14 | 759,39 |  0,00 | 1,497 | 44,35 | 44,35 |  0,00 | 1,390 | 363,18 | 363,18 | 31,33 | 1310,224 | 250,84 | 365,30 |  0,00 | 312,116 | 96,30 | 96,30 | 633,792 |   NaN | NaN | 0,00 | 0,00 | NaN
  20 | 13,17 | 295,849 | 755,42 | 869,98 | 760,10 |  0,00 | 1,409 | 44,35 | 44,35 |  0,00 | 1,385 | 367,92 | 367,92 | 31,70 | 1330,870 | 246,84 | 361,40 |  0,00 | 312,990 | 96,30 | 96,30 | 630,287 |   NaN | NaN | 0,00 | 0,00 | NaN
  21 | 12,54 | 292,447 | 754,71 | 862,97 | 759,40 |  0,00 | 1,412 | 44,35 | 44,35 |  0,00 | 1,389 | 362,27 | 362,27 | 30,07 | 1290,451 | 251,78 | 360,04 |  0,00 | 301,741 | 96,30 | 96,30 | 612,901 |   NaN | NaN | 0,00 | 0,00 | NaN
  22 | 14,54 | 298,178 | 754,64 | 883,08 | 759,39 |  0,00 | 1,552 | 44,35 | 44,35 |  0,00 | 1,444 | 376,85 | 376,85 | 35,13 | 1392,428 | 237,13 | 365,57 |  0,00 | 325,267 | 96,30 | 96,30 | 657,040 |   NaN | NaN | 0,00 | 0,00 | NaN
  23 | 13,98 | 298,103 | 754,23 | 876,84 | 758,95 |  0,00 | 1,568 | 44,35 | 44,35 |  0,00 | 1,415 | 369,99 | 369,99 | 33,48 | 1357,887 | 243,58 | 366,19 |  0,00 | 311,584 | 96,30 | 96,30 | 629,655 |   NaN | NaN | 0,00 | 0,00 | NaN
  24 | 13,94 | 297,525 | 754,48 | 876,69 | 759,22 |  0,00 | 1,443 | 44,35 | 44,35 |  0,00 | 1,371 | 365,83 | 365,83 | 33,01 | 1331,021 | 248,00 | 370,21 |  0,00 | 315,936 | 96,30 | 96,30 | 646,905 |   NaN | NaN | 0,00 | 0,00 | NaN
  25 | 14,68 | 294,935 | 754,39 | 884,22 | 759,14 |  0,00 | 1,462 | 44,35 | 44,35 |  0,00 | 1,430 | 368,43 | 368,43 | 34,61 | 1329,121 | 245,31 | 375,14 |  0,00 | 333,919 | 96,30 | 96,30 | 648,330 |   NaN | NaN | 0,00 | 0,00 | NaN
  26 | 13,57 | 296,905 | 754,75 | 873,24 | 759,46 |  0,00 | 1,502 | 44,35 | 44,35 |  0,00 | 1,426 | 366,86 | 366,86 | 32,40 | 1333,103 | 247,24 | 365,73 |  0,00 | 309,861 | 96,30 | 96,30 | 619,021 |   NaN | NaN | 0,00 | 0,00 | NaN
  27 | 13,32 | 293,737 | 755,16 | 871,20 | 759,87 |  0,00 | 1,557 | 44,35 | 44,35 |  0,00 | 1,364 | 367,19 | 367,19 | 31,93 | 1316,408 | 247,32 | 363,36 |  0,00 | 320,509 | 96,30 | 96,30 | 640,104 |   NaN | NaN | 0,00 | 0,00 | NaN
  28 | 13,37 | 296,980 | 754,83 | 871,35 | 759,56 |  0,00 | 1,478 | 44,35 | 44,35 |  0,00 | 1,420 | 369,07 | 369,07 | 32,22 | 1342,879 | 245,11 | 361,63 |  0,00 | 322,096 | 96,30 | 96,30 | 641,794 |   NaN | NaN | 0,00 | 0,00 | NaN
  29 | 14,25 | 297,739 | 755,25 | 880,74 | 759,98 |  0,00 | 1,426 | 44,35 | 44,35 |  0,00 | 1,398 | 370,01 | 370,01 | 33,91 | 1352,277 | 244,59 | 370,08 |  0,00 | 309,600 | 96,30 | 96,30 | 630,434 |   NaN | NaN | 0,00 | 0,00 | NaN
  30 | 13,58 | 296,297 | 754,00 | 872,52 | 758,71 |  0,00 | 1,481 | 44,35 | 44,35 |  0,00 | 1,428 | 365,64 | 365,64 | 32,36 | 1325,624 | 247,71 | 366,22 |  0,00 | 316,904 | 96,30 | 96,30 | 633,158 |   NaN | NaN | 0,00 | 0,00 | NaN
  31 | 13,61 | 299,571 | 755,23 | 874,19 | 759,90 |  0,00 | 1,441 | 44,35 | 44,35 |  0,00 | 1,396 | 368,08 | 368,08 | 32,55 | 1353,666 | 246,49 | 365,45 |  0,00 | 294,769 | 96,30 | 96,30 | 600,027 |   NaN | NaN | 0,00 | 0,00 | NaN
  32 | 13,90 | 298,705 | 754,87 | 876,73 | 759,56 |  0,00 | 1,879 | 44,35 | 44,35 |  0,00 | 1,433 | 366,58 | 366,58 | 32,98 | 1336,610 | 247,64 | 369,50 |  0,00 | 322,903 | 96,30 | 96,30 | 637,529 |   NaN | NaN | 0,00 | 0,00 | NaN
  33 | 13,23 | 293,871 | 755,21 | 870,36 | 759,90 |  0,00 | 1,536 | 44,35 | 44,35 |  0,00 | 1,416 | 364,74 | 364,74 | 31,55 | 1308,342 | 249,82 | 364,97 |  0,00 | 296,982 | 96,30 | 96,30 | 604,213 |   NaN | NaN | 0,00 | 0,00 | NaN
  34 | 13,19 | 299,506 | 755,73 | 870,60 | 760,43 |  0,00 | 1,459 | 44,35 | 44,35 |  0,00 | 1,408 | 367,59 | 367,59 | 31,70 | 1348,615 | 247,49 | 362,36 |  0,00 | 294,537 | 96,30 | 96,30 | 611,068 |   NaN | NaN | 0,00 | 0,00 | NaN
  35 | 14,31 | 296,700 | 755,96 | 882,19 | 760,65 |  0,00 | 1,389 | 44,35 | 44,35 |  0,00 | 1,356 | 369,59 | 369,59 | 33,94 | 1342,182 | 245,71 | 371,95 |  0,00 | 308,774 | 96,30 | 96,30 | 629,866 |   NaN | NaN | 0,00 | 0,00 | NaN
  36 | 13,37 | 297,050 | 755,13 | 871,71 | 759,83 |  0,00 | 1,439 | 44,35 | 44,35 |  0,00 | 1,410 | 362,37 | 362,37 | 31,62 | 1310,921 | 252,10 | 368,68 |  0,00 | 298,644 | 96,30 | 96,30 | 614,194 |   NaN | NaN | 0,00 | 0,00 | NaN
  37 | 14,49 | 299,483 | 755,03 | 882,99 | 759,75 |  0,00 | 1,448 | 44,35 | 44,35 |  0,00 | 1,400 | 374,00 | 374,00 | 34,74 | 1380,254 | 240,38 | 368,33 |  0,00 | 326,079 | 96,30 | 96,30 | 646,496 |   NaN | NaN | 0,00 | 0,00 | NaN
  38 | 14,12 | 298,293 | 755,19 | 879,40 | 759,91 |  0,00 | 1,413 | 44,35 | 44,35 |  0,00 | 1,384 | 370,53 | 370,53 | 33,73 | 1356,921 | 244,00 | 368,22 |  0,00 | 317,152 | 96,30 | 96,30 | 639,695 |   NaN | NaN | 0,00 | 0,00 | NaN
  39 | 12,73 | 293,596 | 753,18 | 863,01 | 757,90 |  0,00 | 1,484 | 44,35 | 44,35 |  0,00 | 1,430 | 362,48 | 362,48 | 30,52 | 1302,327 | 250,05 | 359,88 |  0,00 | 303,394 | 96,30 | 96,30 | 616,921 |   NaN | NaN | 0,00 | 0,00 | NaN
  40 | 12,92 | 291,429 | 754,55 | 866,54 | 759,27 |  0,00 | 1,480 | 44,35 | 44,35 |  0,00 | 1,428 | 365,69 | 365,69 | 31,09 | 1302,289 | 248,20 | 360,19 |  0,00 | 310,057 | 96,30 | 96,30 | 624,292 |   NaN | NaN | 0,00 | 0,00 | NaN
  41 | 13,99 | 296,742 | 755,02 | 877,86 | 759,75 |  0,00 | 1,471 | 44,35 | 44,35 |  0,00 | 1,414 | 364,13 | 364,13 | 32,93 | 1316,080 | 250,24 | 373,08 |  0,00 | 310,059 | 96,30 | 96,30 | 638,796 |   NaN | NaN | 0,00 | 0,00 | NaN
  42 | 14,45 | 299,630 | 754,62 | 882,05 | 759,32 |  0,00 | 1,500 | 44,35 | 44,35 |  0,00 | 1,364 | 370,41 | 370,41 | 34,35 | 1364,118 | 243,56 | 370,99 |  0,00 | 318,548 | 96,30 | 96,30 | 642,349 |   NaN | NaN | 0,00 | 0,00 | NaN
  43 | 14,46 | 296,574 | 754,44 | 882,01 | 759,18 |  0,00 | 1,495 | 44,35 | 44,35 |  0,00 | 1,435 | 370,52 | 370,52 | 34,40 | 1350,846 | 243,26 | 370,84 |  0,00 | 318,736 | 96,30 | 96,30 | 653,102 |   NaN | NaN | 0,00 | 0,00 | NaN
  44 | 14,29 | 301,209 | 755,09 | 880,97 | 759,79 |  0,00 | 1,393 | 44,35 | 44,35 |  0,00 | 1,346 | 368,11 | 368,11 | 33,82 | 1357,236 | 246,33 | 372,21 |  0,00 | 317,535 | 96,30 | 96,30 | 636,300 |   NaN | NaN | 0,00 | 0,00 | NaN
  45 | 13,78 | 300,112 | 754,59 | 875,16 | 759,27 |  0,00 | 1,729 | 44,35 | 44,35 |  0,00 | 1,431 | 371,90 | 371,90 | 33,25 | 1377,341 | 242,03 | 362,60 |  0,00 | 305,860 | 96,30 | 96,30 | 614,468 |   NaN | NaN | 0,00 | 0,00 | NaN
  46 | 13,94 | 295,991 | 753,82 | 875,90 | 758,50 |  0,00 | 1,482 | 44,35 | 44,35 |  0,00 | 1,375 | 365,65 | 365,65 | 33,03 | 1326,121 | 247,52 | 369,59 |  0,00 | 311,955 | 96,30 | 96,30 | 632,849 |   NaN | NaN | 0,00 | 0,00 | NaN
  47 | 13,25 | 293,791 | 755,47 | 870,85 | 760,14 |  0,00 | 1,409 | 44,35 | 44,35 |  0,00 | 1,367 | 366,54 | 366,54 | 31,73 | 1315,565 | 248,27 | 363,65 |  0,00 | 304,798 | 96,30 | 96,30 | 616,348 |   NaN | NaN | 0,00 | 0,00 | NaN
  48 | 13,49 | 297,484 | 753,71 | 871,22 | 758,43 |  0,00 | 1,497 | 44,35 | 44,35 |  0,00 | 1,414 | 365,38 | 365,38 | 32,18 | 1330,481 | 247,68 | 365,18 |  0,00 | 318,408 | 96,30 | 96,30 | 645,613 |   NaN | NaN | 0,00 | 0,00 | NaN
  49 | 13,28 | 295,678 | 754,24 | 869,70 | 758,93 |  0,00 | 1,831 | 44,35 | 44,35 |  0,00 | 1,418 | 365,21 | 365,21 | 31,73 | 1321,296 | 248,37 | 363,83 |  0,00 | 306,234 | 96,30 | 96,30 | 633,040 |   NaN | NaN | 0,00 | 0,00 | NaN
  50 | 13,73 | 299,188 | 754,52 | 874,56 | 759,23 |  0,00 | 1,473 | 44,35 | 44,35 |  0,00 | 1,365 | 367,84 | 367,84 | 32,79 | 1351,027 | 246,03 | 366,07 |  0,00 | 306,430 | 96,30 | 96,30 | 625,318 |   NaN | NaN | 0,00 | 0,00 | NaN
  51 | 13,81 | 295,990 | 754,69 | 875,63 | 759,42 |  0,00 | 1,402 | 44,35 | 44,35 |  0,00 | 1,363 | 366,57 | 366,57 | 32,83 | 1329,586 | 247,47 | 368,41 |  0,00 | 303,013 | 96,30 | 96,30 | 615,096 |   NaN | NaN | 0,00 | 0,00 | NaN
  52 | 14,02 | 297,970 | 754,62 | 877,65 | 759,33 |  0,00 | 1,427 | 44,35 | 44,35 |  0,00 | 1,390 | 363,72 | 363,72 | 32,96 | 1321,745 | 250,24 | 373,27 |  0,00 | 312,469 | 96,30 | 96,30 | 621,617 |   NaN | NaN | 0,00 | 0,00 | NaN
  53 | 13,75 | 297,234 | 754,13 | 874,35 | 758,82 |  0,00 | 1,431 | 44,35 | 44,35 |  0,00 | 1,376 | 367,61 | 367,61 | 32,84 | 1338,985 | 245,87 | 366,09 |  0,00 | 323,503 | 96,30 | 96,30 | 629,156 |   NaN | NaN | 0,00 | 0,00 | NaN
  54 | 13,23 | 294,166 | 754,60 | 869,64 | 759,23 |  0,00 | 1,893 | 44,35 | 44,35 |  0,00 | 1,409 | 366,98 | 366,98 | 31,78 | 1320,373 | 246,97 | 362,01 |  0,00 | 316,647 | 96,30 | 96,30 | 625,386 |   NaN | NaN | 0,00 | 0,00 | NaN
  55 | 13,26 | 300,619 | 754,42 | 869,79 | 759,15 |  0,00 | 1,372 | 44,35 | 44,35 |  0,00 | 1,363 | 364,33 | 364,33 | 31,63 | 1339,396 | 249,44 | 364,81 |  0,00 | 308,416 | 96,30 | 96,30 | 637,360 |   NaN | NaN | 0,00 | 0,00 | NaN
  56 | 13,13 | 298,174 | 753,72 | 867,61 | 758,42 |  0,00 | 1,490 | 44,35 | 44,35 |  0,00 | 1,375 | 362,89 | 362,89 | 31,28 | 1325,617 | 250,18 | 364,06 |  0,00 | 295,800 | 96,30 | 96,30 | 589,251 |   NaN | NaN | 0,00 | 0,00 | NaN
  57 | 13,54 | 293,943 | 755,01 | 873,25 | 759,73 |  0,00 | 1,510 | 44,35 | 44,35 |  0,00 | 1,367 | 364,61 | 364,61 | 32,13 | 1306,506 | 249,75 | 367,99 |  0,00 | 308,415 | 96,30 | 96,30 | 613,765 |   NaN | NaN | 0,00 | 0,00 | NaN
  58 | 14,01 | 300,335 | 754,17 | 877,07 | 758,90 |  0,00 | 1,431 | 44,35 | 44,35 |  0,00 | 1,396 | 370,30 | 370,30 | 33,57 | 1369,354 | 243,21 | 366,11 |  0,00 | 318,380 | 96,30 | 96,30 | 641,916 |   NaN | NaN | 0,00 | 0,00 | NaN
  59 | 14,30 | 296,031 | 755,40 | 881,50 | 760,12 |  0,00 | 1,456 | 44,35 | 44,35 |  0,00 | 1,414 | 366,02 | 366,02 | 33,64 | 1322,774 | 248,73 | 374,82 |  0,00 | 306,752 | 96,30 | 96,30 | 613,934 |   NaN | NaN | 0,00 | 0,00 | NaN
  60 | 13,85 | 301,781 | 754,71 | 876,08 | 759,41 |  0,00 | 1,385 | 44,35 | 44,35 |  0,00 | 1,350 | 369,25 | 369,25 | 33,15 | 1368,093 | 244,80 | 366,17 |  0,00 | 315,779 | 96,30 | 96,30 | 641,975 |   NaN | NaN | 0,00 | 0,00 | NaN
  61 | 14,22 | 296,049 | 754,68 | 879,79 | 759,37 |  0,00 | 1,803 | 44,35 | 44,35 |  0,00 | 1,410 | 369,64 | 369,64 | 33,86 | 1340,202 | 244,39 | 369,50 |  0,00 | 328,001 | 96,30 | 96,30 | 662,705 |   NaN | NaN | 0,00 | 0,00 | NaN
  62 | 13,93 | 300,243 | 754,72 | 876,82 | 759,44 |  0,00 | 1,493 | 44,35 | 44,35 |  0,00 | 1,437 | 366,58 | 366,58 | 33,04 | 1349,645 | 247,48 | 369,58 |  0,00 | 300,160 | 96,30 | 96,30 | 622,002 |   NaN | NaN | 0,00 | 0,00 | NaN
  63 | 13,67 | 297,986 | 754,19 | 873,58 | 758,88 |  0,00 | 1,399 | 44,35 | 44,35 |  0,00 | 1,389 | 369,00 | 369,00 | 32,81 | 1353,779 | 244,54 | 363,93 |  0,00 | 304,344 | 96,30 | 96,30 | 617,460 |   NaN | NaN | 0,00 | 0,00 | NaN
  64 | 12,98 | 294,766 | 755,34 | 868,02 | 760,07 |  0,00 | 1,452 | 44,35 | 44,35 |  0,00 | 1,431 | 364,29 | 364,29 | 31,04 | 1307,160 | 250,39 | 363,08 |  0,00 | 309,163 | 96,30 | 96,30 | 616,046 |   NaN | NaN | 0,00 | 0,00 | NaN

= = = = = = = = = = = = AVERAGE RESULTS system = = = = = = = = = = = =
meanPLR_system | 13,759853 
meanDelay_system | 297,012622 
meanLoad_system | 875,124081 
meanTHR_system | 754,683075 
meanGate_system | 759,391178 

meanPLR_EF_system | 0,000000 
meanPLR_AF_system | 0,000000 
meanPLR_BE_system | 32,811542 
meanPLR_FLA_system | 0,000000 
meanPLR_FLB_system | NaN 

meanTHR_EF_system | 44,352001 
meanTHR_AF_system | 367,482360 
meanTHR_BE_system | 246,546751 
meanTHR_FLA_system | 98,278997 
meanTHR_FLB_system | 0,000000 

meanLoad_EF_system | 44,352001 
meanLoad_AF_system | 367,482360 
meanLoad_BE_system | 366,987757 
meanLoad_FLA_system | 98,278997 
meanLoad_FLB_system | 0,000000 

meanDELAY_EF_system | 1,502238 
meanDELAY_AF_system | 1,398215 
meanDELAY_BE_system | 1337,167904 
meanDELAY_FLA_system | 312,470321 
meanDELAY_FLB_system | NaN 
meanDELAY_CompleteFLA_system | 630,032706 
meanDELAY_CompleteFLB_system | NaN 

= = = = = = = = = = = = AVERAGE RESULTS = = = = = = = = = = = =
Packet Loss Ratio: 13,76 (%)
PROCESSED PACKAGES: 1753545846 
DISCARTED PACKAGES: 179805076 
TOTAL PACKAGES: 1933350922 
AVERAGE DELAY: 54568,79 (ms) 
AVERAGE THROUGHPUT: 754,68 (Mbps) 
GRANTED THROUGHPUT: 48601,04 (Mbps) By 64 ONUs
EFFECTIVE THROUGHPUT: 48299,72 (Mbps) By 64 ONUs
TOTAL LOAD: 56007,94 (Mbps) By 64 ONUs
ON Arrival THROUGHPUT: 0,00 (Mbps) By 64 ONUs
FINISHTIMEFL: 146,130918 
FINISHTIME: 149,130918 


fileName | IPACT_STRICTPRIORITYFIRSTAF_1_68_98_0 
