
ONU ID 	|  PLR(%) | Delay(ms) | Throughput(Mbps) | Granted Throughput(Mbps) | Total Load (Mbps) 

  ID |  PLR(%) |  D  | Thr |  Gates  |  Load  | PLR-EF | D-EF | ThrEF | LoadEF | PLR-AF | D-AF | ThrAF | LoadAF | PLR-BE | D-BE | ThrBE | LoadBE | PLR-FA | D-FA | ThrFA | LoadFA | DTFA |  PLR-FB | D-FB | ThrFB | LoadFB | DTFB | 
   1 |  0,00 | 12,112 | 727,37 | 727,37 | 737,31 |  0,00 | 0,861 | 44,35 | 44,35 |  0,00 | 7,206 | 322,78 | 322,78 |  0,00 | 26,181 | 314,58 | 314,58 |  0,00 | 128,999 | 45,66 | 45,66 | 272,425 |   NaN | NaN | 0,00 | 0,00 | NaN
   2 |  0,00 | 23,205 | 730,23 | 730,23 | 741,18 |  0,00 | 0,873 | 44,35 | 44,35 |  0,00 | 1,542 | 321,74 | 321,74 |  0,00 | 36,378 | 318,48 | 318,48 |  0,00 | 602,542 | 45,66 | 45,66 | 1217,107 |   NaN | NaN | 0,00 | 0,00 | NaN
   3 |  0,00 | 21,395 | 725,17 | 725,17 | 734,64 |  0,00 | 0,810 | 44,35 | 44,35 |  0,00 | 1,049 | 319,23 | 319,23 |  0,00 | 32,232 | 315,94 | 315,94 |  0,00 | 576,672 | 45,66 | 45,66 | 1163,524 |   NaN | NaN | 0,00 | 0,00 | NaN
   4 |  0,00 | 10,706 | 731,97 | 731,97 | 741,54 |  0,00 | 0,815 | 44,35 | 44,35 |  0,00 | 8,307 | 323,58 | 323,58 |  0,00 | 21,996 | 318,38 | 318,38 |  0,00 | 100,269 | 45,66 | 45,66 | 214,950 |   NaN | NaN | 0,00 | 0,00 | NaN
   5 |  0,00 | 23,520 | 726,38 | 726,38 | 735,91 |  0,00 | 0,841 | 44,35 | 44,35 |  0,00 | 1,114 | 318,13 | 318,13 |  0,00 | 22,655 | 318,24 | 318,24 |  0,00 | 801,237 | 45,66 | 45,66 | 1647,171 |   NaN | NaN | 0,00 | 0,00 | NaN
   6 |  0,00 | 21,634 | 731,68 | 731,68 | 741,13 |  0,00 | 0,789 | 44,35 | 44,35 |  0,00 | 1,258 | 322,47 | 322,47 |  0,00 | 26,391 | 319,20 | 319,20 |  0,00 | 664,000 | 45,66 | 45,66 | 1351,125 |   NaN | NaN | 0,00 | 0,00 | NaN
   7 |  0,00 | 15,770 | 727,88 | 727,88 | 737,35 |  0,00 | 0,808 | 44,35 | 44,35 |  0,00 | 1,343 | 319,88 | 319,88 |  0,00 | 35,621 | 317,99 | 317,99 |  0,00 | 257,132 | 45,66 | 45,66 | 523,094 |   NaN | NaN | 0,00 | 0,00 | NaN
   8 |  0,00 | 19,257 | 727,73 | 727,73 | 737,54 |  0,00 | 0,858 | 44,35 | 44,35 |  0,00 | 1,301 | 317,25 | 317,25 |  0,00 | 20,086 | 320,47 | 320,47 |  0,00 | 626,436 | 45,66 | 45,66 | 1268,303 |   NaN | NaN | 0,00 | 0,00 | NaN
   9 |  0,00 | 20,150 | 731,23 | 731,23 | 740,71 |  0,00 | 0,797 | 44,35 | 44,35 |  0,00 | 1,208 | 321,59 | 321,59 |  0,00 | 39,921 | 319,63 | 319,63 |  0,00 | 413,531 | 45,66 | 45,66 | 829,992 |   NaN | NaN | 0,00 | 0,00 | NaN
  10 |  0,00 | 11,329 | 726,33 | 726,33 | 736,15 |  0,00 | 0,859 | 44,35 | 44,35 |  0,00 | 7,315 | 318,97 | 318,97 |  0,00 | 23,962 | 317,35 | 317,35 |  0,00 | 116,659 | 45,66 | 45,66 | 247,397 |   NaN | NaN | 0,00 | 0,00 | NaN
  11 |  0,00 | 24,353 | 724,71 | 724,71 | 734,20 |  0,00 | 0,798 | 44,35 | 44,35 |  0,00 | 1,170 | 315,48 | 315,48 |  0,00 | 10,873 | 319,22 | 319,22 |  0,00 | 994,109 | 45,66 | 45,66 | 2140,977 |   NaN | NaN | 0,00 | 0,00 | NaN
  12 |  0,00 | 21,770 | 727,87 | 727,87 | 737,75 |  0,00 | 0,860 | 44,35 | 44,35 |  0,00 | 1,160 | 318,61 | 318,61 |  0,00 | 24,387 | 319,25 | 319,25 |  0,00 | 693,504 | 45,66 | 45,66 | 1413,492 |   NaN | NaN | 0,00 | 0,00 | NaN
  13 |  0,00 | 19,541 | 722,03 | 722,03 | 731,52 |  0,00 | 0,825 | 44,35 | 44,35 |  0,00 | 1,199 | 317,08 | 317,08 |  0,00 | 23,060 | 314,95 | 314,95 |  0,00 | 603,332 | 45,66 | 45,66 | 1219,336 |   NaN | NaN | 0,00 | 0,00 | NaN
  14 |  0,00 | 23,838 | 729,17 | 729,17 | 739,47 |  0,00 | 0,866 | 44,35 | 44,35 |  0,00 | 1,357 | 319,22 | 319,22 |  0,00 | 24,322 | 319,94 | 319,94 |  0,00 | 791,786 | 45,66 | 45,66 | 1625,963 |   NaN | NaN | 0,00 | 0,00 | NaN
  15 |  0,00 | 15,076 | 725,06 | 725,06 | 734,91 |  0,00 | 0,860 | 44,35 | 44,35 |  0,00 | 1,278 | 314,13 | 314,13 |  0,00 | 32,168 | 320,92 | 320,92 |  0,00 | 263,491 | 45,66 | 45,66 | 535,668 |   NaN | NaN | 0,00 | 0,00 | NaN
  16 |  0,00 | 19,463 | 735,80 | 735,80 | 745,41 |  0,00 | 0,852 | 44,35 | 44,35 |  0,00 | 1,224 | 320,17 | 320,17 |  0,00 | 30,958 | 325,62 | 325,62 |  0,00 | 493,357 | 45,66 | 45,66 | 991,230 |   NaN | NaN | 0,00 | 0,00 | NaN
  17 |  0,00 | 22,098 | 730,22 | 730,22 | 740,34 |  0,00 | 0,865 | 44,35 | 44,35 |  0,00 | 1,040 | 320,93 | 320,93 |  0,00 | 42,842 | 319,28 | 319,28 |  0,00 | 469,563 | 45,66 | 45,66 | 942,785 |   NaN | NaN | 0,00 | 0,00 | NaN
  18 |  0,00 | 21,792 | 725,14 | 725,14 | 734,64 |  0,00 | 0,841 | 44,35 | 44,35 |  0,00 | 1,252 | 315,92 | 315,92 |  0,00 | 12,926 | 319,21 | 319,21 |  0,00 | 842,500 | 45,66 | 45,66 | 1995,415 |   NaN | NaN | 0,00 | 0,00 | NaN
  19 |  0,00 | 23,777 | 720,12 | 720,12 | 729,60 |  0,00 | 0,832 | 44,35 | 44,35 |  0,00 | 1,359 | 313,94 | 313,94 |  0,00 | 12,725 | 316,16 | 316,16 |  0,00 | 936,024 | 45,66 | 45,66 | 1948,046 |   NaN | NaN | 0,00 | 0,00 | NaN
  20 |  0,00 | 24,479 | 723,40 | 723,40 | 732,89 |  0,00 | 0,828 | 44,35 | 44,35 |  0,00 | 1,034 | 319,23 | 319,23 |  0,00 | 13,096 | 314,17 | 314,17 |  0,00 | 973,450 | 45,66 | 45,66 | 2130,161 |   NaN | NaN | 0,00 | 0,00 | NaN
  21 |  0,00 | 13,534 | 716,86 | 716,86 | 726,35 |  0,00 | 0,832 | 44,35 | 44,35 |  0,00 | 2,933 | 314,28 | 314,28 |  0,00 | 31,159 | 312,57 | 312,57 |  0,00 | 188,009 | 45,66 | 45,66 | 388,906 |   NaN | NaN | 0,00 | 0,00 | NaN
  22 |  0,00 | 23,594 | 733,79 | 733,79 | 744,50 |  0,00 | 0,871 | 44,35 | 44,35 |  0,00 | 1,474 | 326,15 | 326,15 |  0,00 | 20,992 | 317,63 | 317,63 |  0,00 | 828,519 | 45,66 | 45,66 | 1706,343 |   NaN | NaN | 0,00 | 0,00 | NaN
  23 |  0,00 | 25,406 | 728,42 | 728,42 | 738,04 |  0,00 | 0,853 | 44,35 | 44,35 |  0,00 | 1,411 | 319,66 | 319,66 |  0,00 | 14,127 | 318,75 | 318,75 |  0,00 | 1001,466 | 45,66 | 45,66 | 2099,583 |   NaN | NaN | 0,00 | 0,00 | NaN
  24 |  0,00 | 20,974 | 728,88 | 728,88 | 738,39 |  0,00 | 0,815 | 44,35 | 44,35 |  0,00 | 0,987 | 318,41 | 318,41 |  0,00 | 28,521 | 320,46 | 320,46 |  0,00 | 603,485 | 45,66 | 45,66 | 1219,546 |   NaN | NaN | 0,00 | 0,00 | NaN
  25 |  0,00 | 14,862 | 733,58 | 733,58 | 744,42 |  0,00 | 0,872 | 44,35 | 44,35 |  0,00 | 1,091 | 318,35 | 318,35 |  0,00 | 28,119 | 325,22 | 325,22 |  0,00 | 309,122 | 45,66 | 45,66 | 624,507 |   NaN | NaN | 0,00 | 0,00 | NaN
  26 |  0,00 | 15,457 | 725,93 | 725,93 | 736,40 |  0,00 | 0,868 | 44,35 | 44,35 |  0,00 | 1,595 | 319,23 | 319,23 |  0,00 | 35,086 | 316,70 | 316,70 |  0,00 | 245,168 | 45,66 | 45,66 | 499,829 |   NaN | NaN | 0,00 | 0,00 | NaN
  27 |  0,00 | 19,827 | 723,50 | 723,50 | 732,98 |  0,00 | 0,795 | 44,35 | 44,35 |  0,00 | 1,002 | 319,15 | 319,15 |  0,00 | 8,312 | 314,34 | 314,34 |  0,00 | 813,384 | 45,66 | 45,66 | 1956,893 |   NaN | NaN | 0,00 | 0,00 | NaN
  28 |  0,00 | 25,543 | 721,32 | 721,32 | 731,26 |  0,00 | 0,861 | 44,35 | 44,35 |  0,00 | 1,424 | 318,12 | 318,12 |  0,00 | 13,996 | 313,18 | 313,18 |  0,00 | 1005,222 | 45,66 | 45,66 | 2107,955 |   NaN | NaN | 0,00 | 0,00 | NaN
  29 |  0,00 | 24,962 | 731,62 | 731,62 | 741,12 |  0,00 | 0,840 | 44,35 | 44,35 |  0,00 | 1,287 | 320,62 | 320,62 |  0,00 | 12,502 | 320,99 | 320,99 |  0,00 | 1005,328 | 45,66 | 45,66 | 2141,608 |   NaN | NaN | 0,00 | 0,00 | NaN
  30 |  0,00 | 23,363 | 723,71 | 723,71 | 734,51 |  0,00 | 0,871 | 44,35 | 44,35 |  0,00 | 1,429 | 316,03 | 316,03 |  0,00 | 12,311 | 317,67 | 317,67 |  0,00 | 922,623 | 45,66 | 45,66 | 2084,258 |   NaN | NaN | 0,00 | 0,00 | NaN
  31 |  0,00 | 25,766 | 724,86 | 724,86 | 734,34 |  0,00 | 0,838 | 44,35 | 44,35 |  0,00 | 1,104 | 319,72 | 319,72 |  0,00 | 15,478 | 315,13 | 315,13 |  0,00 | 1003,962 | 45,66 | 45,66 | 2105,071 |   NaN | NaN | 0,00 | 0,00 | NaN
  32 |  0,00 | 25,616 | 729,60 | 729,60 | 739,07 |  0,00 | 0,794 | 44,35 | 44,35 |  0,00 | 1,285 | 319,12 | 319,12 |  0,00 | 15,829 | 320,47 | 320,47 |  0,00 | 992,274 | 45,66 | 45,66 | 2141,467 |   NaN | NaN | 0,00 | 0,00 | NaN
  33 |  0,00 | 23,588 | 724,56 | 724,56 | 734,40 |  0,00 | 0,859 | 44,35 | 44,35 |  0,00 | 1,290 | 317,27 | 317,27 |  0,00 | 10,956 | 317,28 | 317,28 |  0,00 | 954,056 | 45,66 | 45,66 | 2113,824 |   NaN | NaN | 0,00 | 0,00 | NaN
  34 |  0,00 | 17,061 | 724,74 | 724,74 | 734,34 |  0,00 | 0,851 | 44,35 | 44,35 |  0,00 | 1,070 | 318,63 | 318,63 |  0,00 | 5,990 | 316,10 | 316,10 |  0,00 | 709,276 | 45,66 | 45,66 | 1810,300 |   NaN | NaN | 0,00 | 0,00 | NaN
  35 |  0,00 | 14,136 | 732,79 | 732,79 | 742,28 |  0,00 | 0,800 | 44,35 | 44,35 |  0,00 | 0,849 | 321,70 | 321,70 |  0,00 | 5,024 | 321,08 | 321,08 |  0,00 | 588,909 | 45,66 | 45,66 | 1602,022 |   NaN | NaN | 0,00 | 0,00 | NaN
  36 |  0,00 | 19,476 | 724,29 | 724,29 | 733,95 |  0,00 | 0,853 | 44,35 | 44,35 |  0,00 | 1,140 | 314,30 | 314,30 |  0,00 | 9,765 | 319,98 | 319,98 |  0,00 | 773,300 | 45,66 | 45,66 | 1902,695 |   NaN | NaN | 0,00 | 0,00 | NaN
  37 |  0,00 | 23,814 | 732,55 | 732,55 | 742,04 |  0,00 | 0,836 | 44,35 | 44,35 |  0,00 | 1,426 | 322,91 | 322,91 |  0,00 | 9,338 | 319,63 | 319,63 |  0,00 | 991,502 | 45,66 | 45,66 | 2141,232 |   NaN | NaN | 0,00 | 0,00 | NaN
  38 |  0,00 | 21,533 | 730,69 | 730,69 | 740,17 |  0,00 | 0,827 | 44,35 | 44,35 |  0,00 | 0,970 | 321,49 | 321,49 |  0,00 | 8,699 | 319,19 | 319,19 |  0,00 | 894,468 | 45,66 | 45,66 | 2055,145 |   NaN | NaN | 0,00 | 0,00 | NaN
  39 |  0,00 | 22,828 | 716,72 | 716,72 | 727,49 |  0,00 | 0,871 | 44,35 | 44,35 |  0,00 | 1,069 | 314,27 | 314,27 |  0,00 | 7,178 | 312,44 | 312,44 |  0,00 | 963,867 | 45,66 | 45,66 | 2123,696 |   NaN | NaN | 0,00 | 0,00 | NaN
  40 |  0,00 | 20,504 | 720,44 | 720,44 | 731,23 |  0,00 | 0,871 | 44,35 | 44,35 |  0,00 | 1,203 | 317,39 | 317,39 |  0,00 | 9,182 | 313,04 | 313,04 |  0,00 | 828,400 | 45,66 | 45,66 | 1976,623 |   NaN | NaN | 0,00 | 0,00 | NaN
  41 |  0,00 | 26,774 | 731,24 | 731,24 | 740,92 |  0,00 | 0,854 | 44,35 | 44,35 |  0,00 | 1,417 | 316,15 | 316,15 |  0,00 | 18,313 | 325,08 | 325,08 |  0,00 | 1010,845 | 45,66 | 45,66 | 2133,003 |   NaN | NaN | 0,00 | 0,00 | NaN
  42 |  0,00 | 25,886 | 733,96 | 733,96 | 743,44 |  0,00 | 0,799 | 44,35 | 44,35 |  0,00 | 1,071 | 321,91 | 321,91 |  0,00 | 16,185 | 322,04 | 322,04 |  0,00 | 1006,826 | 45,66 | 45,66 | 2143,857 |   NaN | NaN | 0,00 | 0,00 | NaN
  43 |  0,00 | 25,093 | 736,08 | 736,08 | 746,78 |  0,00 | 0,878 | 44,35 | 44,35 |  0,00 | 0,960 | 324,33 | 324,33 |  0,00 | 16,591 | 321,74 | 321,74 |  0,00 | 964,927 | 45,66 | 45,66 | 2122,707 |   NaN | NaN | 0,00 | 0,00 | NaN
  44 |  0,00 | 26,488 | 730,60 | 730,60 | 740,07 |  0,00 | 0,790 | 44,35 | 44,35 |  0,00 | 1,128 | 318,62 | 318,62 |  0,00 | 17,868 | 321,96 | 321,96 |  0,00 | 1009,576 | 45,66 | 45,66 | 2125,146 |   NaN | NaN | 0,00 | 0,00 | NaN
  45 |  0,00 | 25,261 | 724,79 | 724,79 | 735,99 |  0,00 | 0,874 | 44,35 | 44,35 |  0,00 | 1,267 | 321,92 | 321,92 |  0,00 | 13,081 | 312,87 | 312,87 |  0,00 | 1008,886 | 45,66 | 45,66 | 2142,358 |   NaN | NaN | 0,00 | 0,00 | NaN
  46 |  0,00 | 25,079 | 727,28 | 727,28 | 736,77 |  0,00 | 0,814 | 44,35 | 44,35 |  0,00 | 1,029 | 316,52 | 316,52 |  0,00 | 15,382 | 320,74 | 320,74 |  0,00 | 972,747 | 45,66 | 45,66 | 2130,703 |   NaN | NaN | 0,00 | 0,00 | NaN
  47 |  0,00 | 26,051 | 724,47 | 724,47 | 733,94 |  0,00 | 0,811 | 44,35 | 44,35 |  0,00 | 1,138 | 318,00 | 318,00 |  0,00 | 16,889 | 316,47 | 316,47 |  0,00 | 998,100 | 45,66 | 45,66 | 2089,995 |   NaN | NaN | 0,00 | 0,00 | NaN
  48 |  0,00 | 24,499 | 724,04 | 724,04 | 733,55 |  0,00 | 0,841 | 44,35 | 44,35 |  0,00 | 1,377 | 317,11 | 317,11 |  0,00 | 10,012 | 316,92 | 316,92 |  0,00 | 1009,149 | 45,66 | 45,66 | 2124,498 |   NaN | NaN | 0,00 | 0,00 | NaN
  49 |  0,00 | 24,387 | 724,46 | 724,46 | 734,12 |  0,00 | 0,853 | 44,35 | 44,35 |  0,00 | 1,150 | 317,86 | 317,86 |  0,00 | 10,614 | 316,58 | 316,58 |  0,00 | 998,998 | 45,66 | 45,66 | 2092,904 |   NaN | NaN | 0,00 | 0,00 | NaN
  50 |  0,00 | 23,552 | 729,72 | 729,72 | 739,20 |  0,00 | 0,808 | 44,35 | 44,35 |  0,00 | 1,075 | 321,36 | 321,36 |  0,00 | 10,990 | 318,35 | 318,35 |  0,00 | 960,202 | 45,66 | 45,66 | 2119,784 |   NaN | NaN | 0,00 | 0,00 | NaN
  51 |  0,00 | 25,627 | 727,42 | 727,42 | 736,89 |  0,00 | 0,806 | 44,35 | 44,35 |  0,00 | 1,140 | 317,90 | 317,90 |  0,00 | 14,851 | 319,51 | 319,51 |  0,00 | 1005,700 | 45,66 | 45,66 | 2123,621 |   NaN | NaN | 0,00 | 0,00 | NaN
  52 |  0,00 | 25,913 | 728,50 | 728,50 | 738,00 |  0,00 | 0,832 | 44,35 | 44,35 |  0,00 | 1,189 | 315,94 | 315,94 |  0,00 | 15,466 | 322,55 | 322,55 |  0,00 | 1009,569 | 45,66 | 45,66 | 2136,718 |   NaN | NaN | 0,00 | 0,00 | NaN
  53 |  0,00 | 24,052 | 728,85 | 728,85 | 738,32 |  0,00 | 0,819 | 44,35 | 44,35 |  0,00 | 1,055 | 321,22 | 321,22 |  0,00 | 10,704 | 317,62 | 317,62 |  0,00 | 987,494 | 45,66 | 45,66 | 2139,234 |   NaN | NaN | 0,00 | 0,00 | NaN
  54 |  0,00 | 25,345 | 721,39 | 721,39 | 730,86 |  0,00 | 0,822 | 44,35 | 44,35 |  0,00 | 1,411 | 318,07 | 318,07 |  0,00 | 13,257 | 313,31 | 313,31 |  0,00 | 1006,387 | 45,66 | 45,66 | 2137,578 |   NaN | NaN | 0,00 | 0,00 | NaN
  55 |  0,00 | 21,947 | 723,10 | 723,10 | 732,59 |  0,00 | 0,807 | 44,35 | 44,35 |  0,00 | 1,107 | 315,51 | 315,51 |  0,00 | 9,696 | 317,58 | 317,58 |  0,00 | 893,905 | 45,66 | 45,66 | 2054,862 |   NaN | NaN | 0,00 | 0,00 | NaN
  56 |  0,00 | 24,641 | 722,49 | 722,49 | 731,97 |  0,00 | 0,813 | 44,35 | 44,35 |  0,00 | 1,114 | 316,52 | 316,52 |  0,00 | 10,837 | 315,96 | 315,96 |  0,00 | 1008,041 | 45,66 | 45,66 | 2124,284 |   NaN | NaN | 0,00 | 0,00 | NaN
  57 |  0,00 | 27,225 | 726,04 | 726,04 | 735,51 |  0,00 | 0,810 | 44,35 | 44,35 |  0,00 | 1,298 | 317,54 | 317,54 |  0,00 | 20,586 | 318,49 | 318,49 |  0,00 | 1004,100 | 45,66 | 45,66 | 2106,123 |   NaN | NaN | 0,00 | 0,00 | NaN
  58 |  0,00 | 26,432 | 728,04 | 728,04 | 737,54 |  0,00 | 0,838 | 44,35 | 44,35 |  0,00 | 1,251 | 319,58 | 319,58 |  0,00 | 17,759 | 318,45 | 318,45 |  0,00 | 1005,361 | 45,66 | 45,66 | 2110,504 |   NaN | NaN | 0,00 | 0,00 | NaN
  59 |  0,00 | 17,694 | 731,45 | 731,45 | 741,24 |  0,00 | 0,857 | 44,35 | 44,35 |  0,00 | 1,007 | 317,20 | 317,20 |  0,00 | 7,602 | 324,24 | 324,24 |  0,00 | 721,641 | 45,66 | 45,66 | 1828,940 |   NaN | NaN | 0,00 | 0,00 | NaN
  60 |  0,00 | 25,273 | 726,69 | 726,69 | 736,16 |  0,00 | 0,792 | 44,35 | 44,35 |  0,00 | 0,998 | 318,49 | 318,49 |  0,00 | 13,452 | 318,19 | 318,19 |  0,00 | 1009,124 | 45,66 | 45,66 | 2131,326 |   NaN | NaN | 0,00 | 0,00 | NaN
  61 |  0,00 | 23,694 | 730,97 | 730,97 | 740,45 |  0,00 | 0,815 | 44,35 | 44,35 |  0,00 | 1,073 | 320,28 | 320,28 |  0,00 | 9,927 | 320,68 | 320,68 |  0,00 | 981,142 | 45,66 | 45,66 | 2135,698 |   NaN | NaN | 0,00 | 0,00 | NaN
  62 |  0,00 | 25,400 | 730,46 | 730,46 | 741,82 |  0,00 | 0,876 | 44,35 | 44,35 |  0,00 | 1,176 | 319,77 | 319,77 |  0,00 | 13,832 | 320,68 | 320,68 |  0,00 | 1008,653 | 45,66 | 45,66 | 2124,206 |   NaN | NaN | 0,00 | 0,00 | NaN
  63 |  0,00 | 23,159 | 728,02 | 728,02 | 737,51 |  0,00 | 0,832 | 44,35 | 44,35 |  0,00 | 1,274 | 319,79 | 319,79 |  0,00 | 12,510 | 318,21 | 318,21 |  0,00 | 916,729 | 45,66 | 45,66 | 2079,307 |   NaN | NaN | 0,00 | 0,00 | NaN
  64 |  0,00 | 25,174 | 721,86 | 721,86 | 733,13 |  0,00 | 0,875 | 44,35 | 44,35 |  0,00 | 1,220 | 316,47 | 316,47 |  0,00 | 12,519 | 315,38 | 315,38 |  0,00 | 1008,645 | 45,66 | 45,66 | 2140,792 |   NaN | NaN | 0,00 | 0,00 | NaN

= = = = = = = = = = = = AVERAGE RESULTS system = = = = = = = = = = = =
meanPLR_system | 0,000000 
meanDelay_system | 22,058695 
meanLoad_system | 727,191248 
meanTHR_system | 727,191248 
meanGate_system | 737,004006 

meanPLR_EF_system | 0,000000 
meanPLR_AF_system | 0,000000 
meanPLR_BE_system | 0,000000 
meanPLR_FLA_system | 0,000000 
meanPLR_FLB_system | NaN 

meanTHR_EF_system | 44,352004 
meanTHR_AF_system | 318,831044 
meanTHR_BE_system | 318,350350 
meanTHR_FLA_system | 46,495478 
meanTHR_FLB_system | 0,000000 

meanLoad_EF_system | 44,352004 
meanLoad_AF_system | 318,831044 
meanLoad_BE_system | 318,350350 
meanLoad_FLA_system | 46,495478 
meanLoad_FLB_system | 0,000000 

meanDELAY_EF_system | 0,836426 
meanDELAY_AF_system | 1,526287 
meanDELAY_BE_system | 17,879174 
meanDELAY_FLA_system | 788,713672 
meanDELAY_FLB_system | NaN 
meanDELAY_CompleteFLA_system | 1704,340851 
meanDELAY_CompleteFLB_system | NaN 

= = = = = = = = = = = = AVERAGE RESULTS = = = = = = = = = = = =
Packet Loss Ratio: 00,00 (%)
PROCESSED PACKAGES: 1951050235 
DISCARTED PACKAGES: 0 
TOTAL PACKAGES: 1951050235 
AVERAGE DELAY: 4038,16 (ms) 
AVERAGE THROUGHPUT: 727,19 (Mbps) 
GRANTED THROUGHPUT: 47168,26 (Mbps) By 64 ONUs
EFFECTIVE THROUGHPUT: 46540,24 (Mbps) By 64 ONUs
TOTAL LOAD: 46540,24 (Mbps) By 64 ONUs
ON Arrival THROUGHPUT: 0,00 (Mbps) By 64 ONUs
FINISHTIMEFL: 163,525579 
FINISHTIME: 166,525579 


fileName | IPACT_LBCONSTANTTOKENSBYCYCLE_3_36_85_0 
