
ONU ID 	|  PLR(%) | Delay(ms) | Throughput(Mbps) | Granted Throughput(Mbps) | Total Load (Mbps) 

  ID |  PLR(%) |  D  | Thr |  Gates  |  Load  | PLR-EF | D-EF | ThrEF | LoadEF | PLR-AF | D-AF | ThrAF | LoadAF | PLR-BE | D-BE | ThrBE | LoadBE | PLR-FA | D-FA | ThrFA | LoadFA | DTFA |  PLR-FB | D-FB | ThrFB | LoadFB | DTFB | 
   1 |  0,00 | 0,330 | 493,19 | 493,19 | 536,02 |  0,00 | 0,140 | 44,35 | 44,35 |  0,00 | 0,139 | 209,15 | 209,15 |  0,00 | 0,331 | 203,55 | 203,55 |  0,00 | 7,416 | 36,14 | 36,14 | 35,878 |   NaN | NaN | 0,00 | 0,00 | NaN
   2 |  0,00 | 0,457 | 495,12 | 495,12 | 542,93 |  0,00 | 0,152 | 44,35 | 44,35 |  0,00 | 0,150 | 208,98 | 208,98 |  0,00 | 0,395 | 205,65 | 205,65 |  0,00 | 12,495 | 36,14 | 36,14 | 46,180 |   NaN | NaN | 0,00 | 0,00 | NaN
   3 |  0,00 | 0,310 | 491,10 | 491,10 | 528,60 |  0,00 | 0,089 | 44,35 | 44,35 |  0,00 | 0,089 | 205,67 | 205,67 |  0,00 | 0,393 | 204,94 | 204,94 |  0,00 | 7,623 | 36,14 | 36,14 | 36,284 |   NaN | NaN | 0,00 | 0,00 | NaN
   4 |  0,00 | 0,304 | 496,25 | 496,25 | 533,86 |  0,00 | 0,095 | 44,35 | 44,35 |  0,00 | 0,094 | 209,25 | 209,25 |  0,00 | 0,391 | 206,51 | 206,51 |  0,00 | 7,172 | 36,14 | 36,14 | 35,335 |   NaN | NaN | 0,00 | 0,00 | NaN
   5 |  0,00 | 0,322 | 492,07 | 492,07 | 530,81 |  0,00 | 0,120 | 44,35 | 44,35 |  0,00 | 0,119 | 206,15 | 206,15 |  0,00 | 0,365 | 205,43 | 205,43 |  0,00 | 7,372 | 36,14 | 36,14 | 35,799 |   NaN | NaN | 0,00 | 0,00 | NaN
   6 |  0,00 | 0,329 | 495,00 | 495,00 | 531,22 |  0,00 | 0,073 | 44,35 | 44,35 |  0,00 | 0,072 | 207,61 | 207,61 |  0,00 | 0,427 | 206,89 | 206,89 |  0,00 | 8,795 | 36,14 | 36,14 | 38,571 |   NaN | NaN | 0,00 | 0,00 | NaN
   7 |  0,00 | 0,315 | 493,98 | 493,98 | 531,46 |  0,00 | 0,087 | 44,35 | 44,35 |  0,00 | 0,086 | 207,24 | 207,24 |  0,00 | 0,404 | 206,24 | 206,24 |  0,00 | 7,817 | 36,14 | 36,14 | 37,066 |   NaN | NaN | 0,00 | 0,00 | NaN
   8 |  0,00 | 0,333 | 493,74 | 493,74 | 535,71 |  0,00 | 0,137 | 44,35 | 44,35 |  0,00 | 0,136 | 205,81 | 205,81 |  0,00 | 0,332 | 207,44 | 207,44 |  0,00 | 7,602 | 36,14 | 36,14 | 36,658 |   NaN | NaN | 0,00 | 0,00 | NaN
   9 |  0,00 | 0,306 | 495,03 | 495,03 | 532,20 |  0,00 | 0,078 | 44,35 | 44,35 |  0,00 | 0,077 | 206,92 | 206,92 |  0,00 | 0,409 | 207,61 | 207,61 |  0,00 | 7,636 | 36,14 | 36,14 | 36,276 |   NaN | NaN | 0,00 | 0,00 | NaN
  10 |  0,00 | 0,335 | 492,48 | 492,48 | 534,54 |  0,00 | 0,138 | 44,35 | 44,35 |  0,00 | 0,137 | 206,45 | 206,45 |  0,00 | 0,351 | 205,53 | 205,53 |  0,00 | 7,499 | 36,14 | 36,14 | 36,022 |   NaN | NaN | 0,00 | 0,00 | NaN
  11 |  0,00 | 0,766 | 491,32 | 491,32 | 528,60 |  0,00 | 0,078 | 44,35 | 44,35 |  0,00 | 0,077 | 204,07 | 204,07 |  0,00 | 0,773 | 206,76 | 206,76 |  0,00 | 26,102 | 36,14 | 36,14 | 70,497 |   NaN | NaN | 0,00 | 0,00 | NaN
  12 |  0,00 | 0,325 | 493,10 | 493,10 | 535,78 |  0,00 | 0,140 | 44,35 | 44,35 |  0,00 | 0,140 | 206,24 | 206,24 |  0,00 | 0,340 | 206,37 | 206,37 |  0,00 | 7,023 | 36,14 | 36,14 | 35,049 |   NaN | NaN | 0,00 | 0,00 | NaN
  13 |  0,00 | 0,437 | 489,11 | 489,11 | 526,98 |  0,00 | 0,104 | 44,35 | 44,35 |  0,00 | 0,104 | 205,33 | 205,33 |  0,00 | 0,460 | 203,29 | 203,29 |  0,00 | 12,500 | 36,14 | 36,14 | 45,709 |   NaN | NaN | 0,00 | 0,00 | NaN
  14 |  0,00 | 0,337 | 494,26 | 494,26 | 539,02 |  0,00 | 0,145 | 44,35 | 44,35 |  0,00 | 0,144 | 206,88 | 206,88 |  0,00 | 0,336 | 206,88 | 206,88 |  0,00 | 7,454 | 36,14 | 36,14 | 35,790 |   NaN | NaN | 0,00 | 0,00 | NaN
  15 |  0,00 | 0,330 | 491,07 | 491,07 | 533,75 |  0,00 | 0,139 | 44,35 | 44,35 |  0,00 | 0,138 | 202,96 | 202,96 |  0,00 | 0,320 | 207,61 | 207,61 |  0,00 | 7,496 | 36,14 | 36,14 | 36,209 |   NaN | NaN | 0,00 | 0,00 | NaN
  16 |  0,00 | 0,321 | 498,14 | 498,14 | 538,51 |  0,00 | 0,131 | 44,35 | 44,35 |  0,00 | 0,130 | 207,18 | 207,18 |  0,00 | 0,342 | 210,47 | 210,47 |  0,00 | 7,151 | 36,14 | 36,14 | 35,234 |   NaN | NaN | 0,00 | 0,00 | NaN
  17 |  0,00 | 0,322 | 495,17 | 495,17 | 539,15 |  0,00 | 0,144 | 44,35 | 44,35 |  0,00 | 0,143 | 208,06 | 208,06 |  0,00 | 0,307 | 206,62 | 206,62 |  0,00 | 7,129 | 36,14 | 36,14 | 35,233 |   NaN | NaN | 0,00 | 0,00 | NaN
  18 |  0,00 | 0,369 | 491,27 | 491,27 | 530,02 |  0,00 | 0,120 | 44,35 | 44,35 |  0,00 | 0,119 | 205,29 | 205,29 |  0,00 | 0,382 | 205,48 | 205,48 |  0,00 | 9,427 | 36,14 | 36,14 | 38,664 |   NaN | NaN | 0,00 | 0,00 | NaN
  19 |  0,00 | 0,307 | 487,60 | 487,60 | 525,74 |  0,00 | 0,111 | 44,35 | 44,35 |  0,00 | 0,110 | 202,79 | 202,79 |  0,00 | 0,362 | 204,31 | 204,31 |  0,00 | 6,964 | 36,14 | 36,14 | 34,912 |   NaN | NaN | 0,00 | 0,00 | NaN
  20 |  0,00 | 0,731 | 490,33 | 490,33 | 528,23 |  0,00 | 0,107 | 44,35 | 44,35 |  0,00 | 0,107 | 206,80 | 206,80 |  0,00 | 0,714 | 203,03 | 203,03 |  0,00 | 24,063 | 36,14 | 36,14 | 70,917 |   NaN | NaN | 0,00 | 0,00 | NaN
  21 |  0,00 | 0,310 | 486,22 | 486,22 | 524,26 |  0,00 | 0,112 | 44,35 | 44,35 |  0,00 | 0,109 | 203,49 | 203,49 |  0,00 | 0,357 | 202,23 | 202,23 |  0,00 | 7,158 | 36,14 | 36,14 | 35,292 |   NaN | NaN | 0,00 | 0,00 | NaN
  22 |  0,00 | 0,329 | 496,15 | 496,15 | 542,83 |  0,00 | 0,150 | 44,35 | 44,35 |  0,00 | 0,149 | 210,24 | 210,24 |  0,00 | 0,324 | 205,41 | 205,41 |  0,00 | 7,069 | 36,14 | 36,14 | 35,129 |   NaN | NaN | 0,00 | 0,00 | NaN
  23 |  0,00 | 1,285 | 492,85 | 492,85 | 533,53 |  0,00 | 0,132 | 44,35 | 44,35 |  0,00 | 0,132 | 206,18 | 206,18 |  0,00 | 1,192 | 206,17 | 206,17 |  0,00 | 45,023 | 36,14 | 36,14 | 101,924 |   NaN | NaN | 0,00 | 0,00 | NaN
  24 |  0,00 | 0,413 | 495,58 | 495,58 | 533,22 |  0,00 | 0,094 | 44,35 | 44,35 |  0,00 | 0,093 | 206,46 | 206,46 |  0,00 | 0,463 | 208,63 | 208,63 |  0,00 | 11,730 | 36,14 | 36,14 | 44,417 |   NaN | NaN | 0,00 | 0,00 | NaN
  25 |  0,00 | 0,328 | 496,18 | 496,18 | 543,47 |  0,00 | 0,151 | 44,35 | 44,35 |  0,00 | 0,150 | 205,76 | 205,76 |  0,00 | 0,312 | 209,92 | 209,92 |  0,00 | 7,089 | 36,14 | 36,14 | 35,226 |   NaN | NaN | 0,00 | 0,00 | NaN
  26 |  0,00 | 0,358 | 491,27 | 491,27 | 536,82 |  0,00 | 0,147 | 44,35 | 44,35 |  0,00 | 0,147 | 205,93 | 205,93 |  0,00 | 0,349 | 204,84 | 204,84 |  0,00 | 8,256 | 36,14 | 36,14 | 36,753 |   NaN | NaN | 0,00 | 0,00 | NaN
  27 |  0,00 | 0,352 | 491,37 | 491,37 | 528,25 |  0,00 | 0,076 | 44,35 | 44,35 |  0,00 | 0,074 | 207,25 | 207,25 |  0,00 | 0,456 | 203,63 | 203,63 |  0,00 | 9,521 | 36,14 | 36,14 | 40,978 |   NaN | NaN | 0,00 | 0,00 | NaN
  28 |  0,00 | 1,327 | 488,90 | 488,90 | 531,72 |  0,00 | 0,140 | 44,35 | 44,35 |  0,00 | 0,139 | 206,40 | 206,40 |  0,00 | 1,222 | 202,01 | 202,01 |  0,00 | 46,449 | 36,14 | 36,14 | 108,293 |   NaN | NaN | 0,00 | 0,00 | NaN
  29 |  0,00 | 0,800 | 494,51 | 494,51 | 533,21 |  0,00 | 0,120 | 44,35 | 44,35 |  0,00 | 0,118 | 206,95 | 206,95 |  0,00 | 0,793 | 207,07 | 207,07 |  0,00 | 26,118 | 36,14 | 36,14 | 77,314 |   NaN | NaN | 0,00 | 0,00 | NaN
  30 |  0,00 | 0,416 | 491,41 | 491,41 | 538,18 |  0,00 | 0,150 | 44,35 | 44,35 |  0,00 | 0,149 | 205,16 | 205,16 |  0,00 | 0,382 | 205,75 | 205,75 |  0,00 | 10,630 | 36,14 | 36,14 | 41,896 |   NaN | NaN | 0,00 | 0,00 | NaN
  31 |  0,00 | 1,405 | 491,11 | 491,11 | 529,59 |  0,00 | 0,117 | 44,35 | 44,35 |  0,00 | 0,117 | 206,78 | 206,78 |  0,00 | 1,453 | 203,83 | 203,83 |  0,00 | 48,648 | 36,14 | 36,14 | 109,094 |   NaN | NaN | 0,00 | 0,00 | NaN
  32 |  0,00 | 0,790 | 494,40 | 494,40 | 531,35 |  0,00 | 0,075 | 44,35 | 44,35 |  0,00 | 0,074 | 206,42 | 206,42 |  0,00 | 0,811 | 207,49 | 207,49 |  0,00 | 27,051 | 36,14 | 36,14 | 72,116 |   NaN | NaN | 0,00 | 0,00 | NaN
  33 |  0,00 | 0,515 | 491,44 | 491,44 | 533,79 |  0,00 | 0,139 | 44,35 | 44,35 |  0,00 | 0,139 | 205,26 | 205,26 |  0,00 | 0,526 | 205,68 | 205,68 |  0,00 | 14,308 | 36,14 | 36,14 | 55,361 |   NaN | NaN | 0,00 | 0,00 | NaN
  34 |  0,00 | 0,335 | 491,51 | 491,51 | 531,68 |  0,00 | 0,130 | 44,35 | 44,35 |  0,00 | 0,129 | 206,30 | 206,30 |  0,00 | 0,357 | 204,71 | 204,71 |  0,00 | 7,676 | 36,14 | 36,14 | 36,948 |   NaN | NaN | 0,00 | 0,00 | NaN
  35 |  0,00 | 0,303 | 496,42 | 496,42 | 533,74 |  0,00 | 0,080 | 44,35 | 44,35 |  0,00 | 0,077 | 207,77 | 207,77 |  0,00 | 0,399 | 208,16 | 208,16 |  0,00 | 7,548 | 36,14 | 36,14 | 36,074 |   NaN | NaN | 0,00 | 0,00 | NaN
  36 |  0,00 | 0,333 | 491,63 | 491,63 | 532,31 |  0,00 | 0,132 | 44,35 | 44,35 |  0,00 | 0,131 | 203,61 | 203,61 |  0,00 | 0,340 | 207,53 | 207,53 |  0,00 | 7,665 | 36,14 | 36,14 | 36,541 |   NaN | NaN | 0,00 | 0,00 | NaN
  37 |  0,00 | 0,786 | 496,17 | 496,17 | 534,47 |  0,00 | 0,115 | 44,35 | 44,35 |  0,00 | 0,113 | 209,14 | 209,14 |  0,00 | 0,713 | 206,54 | 206,54 |  0,00 | 26,581 | 36,14 | 36,14 | 70,922 |   NaN | NaN | 0,00 | 0,00 | NaN
  38 |  0,00 | 0,384 | 495,17 | 495,17 | 533,08 |  0,00 | 0,107 | 44,35 | 44,35 |  0,00 | 0,105 | 207,49 | 207,49 |  0,00 | 0,411 | 207,18 | 207,18 |  0,00 | 10,403 | 36,14 | 36,14 | 42,298 |   NaN | NaN | 0,00 | 0,00 | NaN
  39 |  0,00 | 0,662 | 486,03 | 486,03 | 532,67 |  0,00 | 0,150 | 44,35 | 44,35 |  0,00 | 0,148 | 203,63 | 203,63 |  0,00 | 0,628 | 201,91 | 201,91 |  0,00 | 19,963 | 36,14 | 36,14 | 65,021 |   NaN | NaN | 0,00 | 0,00 | NaN
  40 |  0,00 | 0,408 | 488,76 | 488,76 | 535,40 |  0,00 | 0,150 | 44,35 | 44,35 |  0,00 | 0,149 | 206,07 | 206,07 |  0,00 | 0,360 | 202,20 | 202,20 |  0,00 | 10,510 | 36,14 | 36,14 | 41,788 |   NaN | NaN | 0,00 | 0,00 | NaN
  41 |  0,00 | 1,170 | 495,22 | 495,22 | 536,18 |  0,00 | 0,133 | 44,35 | 44,35 |  0,00 | 0,132 | 204,50 | 204,50 |  0,00 | 1,208 | 210,22 | 210,22 |  0,00 | 39,111 | 36,14 | 36,14 | 104,102 |   NaN | NaN | 0,00 | 0,00 | NaN
  42 |  0,00 | 0,778 | 496,80 | 496,80 | 534,10 |  0,00 | 0,080 | 44,35 | 44,35 |  0,00 | 0,076 | 207,93 | 207,93 |  0,00 | 0,846 | 208,38 | 208,38 |  0,00 | 26,002 | 36,14 | 36,14 | 76,684 |   NaN | NaN | 0,00 | 0,00 | NaN
  43 |  0,00 | 0,652 | 498,90 | 498,90 | 543,85 |  0,00 | 0,157 | 44,35 | 44,35 |  0,00 | 0,155 | 209,76 | 209,76 |  0,00 | 0,650 | 208,64 | 208,64 |  0,00 | 19,140 | 36,14 | 36,14 | 62,985 |   NaN | NaN | 0,00 | 0,00 | NaN
  44 |  0,00 | 1,249 | 494,91 | 494,91 | 531,25 |  0,00 | 0,073 | 44,35 | 44,35 |  0,00 | 0,073 | 205,78 | 205,78 |  0,00 | 1,432 | 208,63 | 208,63 |  0,00 | 42,796 | 36,14 | 36,14 | 111,357 |   NaN | NaN | 0,00 | 0,00 | NaN
  45 |  0,00 | 0,921 | 491,99 | 491,99 | 540,40 |  0,00 | 0,153 | 44,35 | 44,35 |  0,00 | 0,154 | 208,35 | 208,35 |  0,00 | 0,930 | 203,15 | 203,15 |  0,00 | 29,345 | 36,14 | 36,14 | 84,147 |   NaN | NaN | 0,00 | 0,00 | NaN
  46 |  0,00 | 0,757 | 492,26 | 492,26 | 529,89 |  0,00 | 0,093 | 44,35 | 44,35 |  0,00 | 0,091 | 204,74 | 204,74 |  0,00 | 0,779 | 207,03 | 207,03 |  0,00 | 25,102 | 36,14 | 36,14 | 72,887 |   NaN | NaN | 0,00 | 0,00 | NaN
  47 |  0,00 | 1,186 | 491,71 | 491,71 | 529,33 |  0,00 | 0,091 | 44,35 | 44,35 |  0,00 | 0,090 | 207,09 | 207,09 |  0,00 | 1,147 | 204,13 | 204,13 |  0,00 | 42,234 | 36,14 | 36,14 | 92,517 |   NaN | NaN | 0,00 | 0,00 | NaN
  48 |  0,00 | 1,258 | 490,90 | 490,90 | 529,68 |  0,00 | 0,120 | 44,35 | 44,35 |  0,00 | 0,120 | 205,02 | 205,02 |  0,00 | 1,405 | 205,38 | 205,38 |  0,00 | 41,794 | 36,14 | 36,14 | 108,018 |   NaN | NaN | 0,00 | 0,00 | NaN
  49 |  0,00 | 1,226 | 491,34 | 491,34 | 532,05 |  0,00 | 0,132 | 44,35 | 44,35 |  0,00 | 0,130 | 206,53 | 206,53 |  0,00 | 1,023 | 204,32 | 204,32 |  0,00 | 43,924 | 36,14 | 36,14 | 96,039 |   NaN | NaN | 0,00 | 0,00 | NaN
  50 |  0,00 | 0,704 | 494,34 | 494,34 | 531,87 |  0,00 | 0,087 | 44,35 | 44,35 |  0,00 | 0,086 | 208,04 | 208,04 |  0,00 | 0,764 | 205,81 | 205,81 |  0,00 | 22,970 | 36,14 | 36,14 | 69,886 |   NaN | NaN | 0,00 | 0,00 | NaN
  51 |  0,00 | 1,173 | 493,19 | 493,19 | 530,69 |  0,00 | 0,085 | 44,35 | 44,35 |  0,00 | 0,084 | 205,79 | 205,79 |  0,00 | 1,311 | 206,90 | 206,90 |  0,00 | 40,004 | 36,14 | 36,14 | 105,444 |   NaN | NaN | 0,00 | 0,00 | NaN
  52 |  0,00 | 0,962 | 493,04 | 493,04 | 531,23 |  0,00 | 0,111 | 44,35 | 44,35 |  0,00 | 0,110 | 203,78 | 203,78 |  0,00 | 1,026 | 208,77 | 208,77 |  0,00 | 31,696 | 36,14 | 36,14 | 88,944 |   NaN | NaN | 0,00 | 0,00 | NaN
  53 |  0,00 | 0,816 | 493,76 | 493,76 | 531,50 |  0,00 | 0,099 | 44,35 | 44,35 |  0,00 | 0,099 | 207,52 | 207,52 |  0,00 | 0,813 | 205,74 | 205,74 |  0,00 | 27,492 | 36,14 | 36,14 | 74,885 |   NaN | NaN | 0,00 | 0,00 | NaN
  54 |  0,00 | 0,861 | 489,50 | 489,50 | 527,32 |  0,00 | 0,101 | 44,35 | 44,35 |  0,00 | 0,101 | 206,17 | 206,17 |  0,00 | 0,927 | 202,84 | 202,84 |  0,00 | 28,319 | 36,14 | 36,14 | 81,960 |   NaN | NaN | 0,00 | 0,00 | NaN
  55 |  0,00 | 0,373 | 490,75 | 490,75 | 528,23 |  0,00 | 0,086 | 44,35 | 44,35 |  0,00 | 0,087 | 204,16 | 204,16 |  0,00 | 0,445 | 206,09 | 206,09 |  0,00 | 10,173 | 36,14 | 36,14 | 41,758 |   NaN | NaN | 0,00 | 0,00 | NaN
  56 |  0,00 | 1,204 | 490,08 | 490,08 | 527,69 |  0,00 | 0,092 | 44,35 | 44,35 |  0,00 | 0,090 | 204,68 | 204,68 |  0,00 | 1,384 | 204,90 | 204,90 |  0,00 | 40,399 | 36,14 | 36,14 | 106,404 |   NaN | NaN | 0,00 | 0,00 | NaN
  57 |  0,00 | 1,397 | 492,56 | 492,56 | 530,21 |  0,00 | 0,089 | 44,35 | 44,35 |  0,00 | 0,088 | 205,64 | 205,64 |  0,00 | 1,457 | 206,43 | 206,43 |  0,00 | 49,199 | 36,14 | 36,14 | 109,455 |   NaN | NaN | 0,00 | 0,00 | NaN
  58 |  0,00 | 1,345 | 493,34 | 493,34 | 531,88 |  0,00 | 0,117 | 44,35 | 44,35 |  0,00 | 0,116 | 206,52 | 206,52 |  0,00 | 1,348 | 206,33 | 206,33 |  0,00 | 46,843 | 36,14 | 36,14 | 109,294 |   NaN | NaN | 0,00 | 0,00 | NaN
  59 |  0,00 | 0,356 | 496,19 | 496,19 | 537,94 |  0,00 | 0,137 | 44,35 | 44,35 |  0,00 | 0,135 | 205,99 | 205,99 |  0,00 | 0,353 | 209,71 | 209,71 |  0,00 | 8,536 | 36,14 | 36,14 | 37,534 |   NaN | NaN | 0,00 | 0,00 | NaN
  60 |  0,00 | 1,170 | 492,73 | 492,73 | 529,39 |  0,00 | 0,074 | 44,35 | 44,35 |  0,00 | 0,073 | 206,05 | 206,05 |  0,00 | 1,369 | 206,18 | 206,18 |  0,00 | 39,621 | 36,14 | 36,14 | 104,738 |   NaN | NaN | 0,00 | 0,00 | NaN
  61 |  0,00 | 0,785 | 495,50 | 495,50 | 533,17 |  0,00 | 0,094 | 44,35 | 44,35 |  0,00 | 0,094 | 207,56 | 207,56 |  0,00 | 0,776 | 207,44 | 207,44 |  0,00 | 26,558 | 36,14 | 36,14 | 74,718 |   NaN | NaN | 0,00 | 0,00 | NaN
  62 |  0,00 | 1,317 | 495,45 | 495,45 | 544,56 |  0,00 | 0,155 | 44,35 | 44,35 |  0,00 | 0,154 | 207,90 | 207,90 |  0,00 | 1,503 | 207,05 | 207,05 |  0,00 | 42,487 | 36,14 | 36,14 | 110,503 |   NaN | NaN | 0,00 | 0,00 | NaN
  63 |  0,00 | 0,419 | 493,44 | 493,44 | 531,50 |  0,00 | 0,111 | 44,35 | 44,35 |  0,00 | 0,109 | 207,42 | 207,42 |  0,00 | 0,439 | 205,53 | 205,53 |  0,00 | 11,655 | 36,14 | 36,14 | 44,688 |   NaN | NaN | 0,00 | 0,00 | NaN
  64 |  0,00 | 0,881 | 490,29 | 490,29 | 539,12 |  0,00 | 0,154 | 44,35 | 44,35 |  0,00 | 0,152 | 205,23 | 205,23 |  0,00 | 0,901 | 204,56 | 204,56 |  0,00 | 27,615 | 36,14 | 36,14 | 80,603 |   NaN | NaN | 0,00 | 0,00 | NaN

= = = = = = = = = = = = AVERAGE RESULTS system = = = = = = = = = = = =
meanPLR_system | 0,000000 
meanDelay_system | 0,662324 
meanLoad_system | 492,884104 
meanTHR_system | 492,884104 
meanGate_system | 533,277237 

meanPLR_EF_system | 0,000000 
meanPLR_AF_system | 0,000000 
meanPLR_BE_system | 0,000000 
meanPLR_FLA_system | 0,000000 
meanPLR_FLB_system | NaN 

meanTHR_EF_system | 44,352003 
meanTHR_AF_system | 206,363873 
meanTHR_BE_system | 206,026300 
meanTHR_FLA_system | 36,771181 
meanTHR_FLB_system | 0,000000 

meanLoad_EF_system | 44,352003 
meanLoad_AF_system | 206,363873 
meanLoad_BE_system | 206,026300 
meanLoad_FLA_system | 36,771181 
meanLoad_FLB_system | 0,000000 

meanDELAY_EF_system | 0,115923 
meanDELAY_AF_system | 0,114844 
meanDELAY_BE_system | 0,690854 
meanDELAY_FLA_system | 20,611665 
meanDELAY_FLB_system | NaN 
meanDELAY_CompleteFLA_system | 62,269075 
meanDELAY_CompleteFLB_system | NaN 

= = = = = = = = = = = = AVERAGE RESULTS = = = = = = = = = = = =
Packet Loss Ratio: 00,00 (%)
PROCESSED PACKAGES: 1648982576 
DISCARTED PACKAGES: 0 
TOTAL PACKAGES: 1648982576 
AVERAGE DELAY: 97,33 (ms) 
AVERAGE THROUGHPUT: 492,88 (Mbps) 
GRANTED THROUGHPUT: 34129,74 (Mbps) By 64 ONUs
EFFECTIVE THROUGHPUT: 31544,58 (Mbps) By 64 ONUs
TOTAL LOAD: 31544,58 (Mbps) By 64 ONUs
ON Arrival THROUGHPUT: 0,00 (Mbps) By 64 ONUs
FINISHTIMEFL: 172,308853 
FINISHTIME: 175,308853 


fileName | IPACT_STRICTPRIORITYFIRSTAF_4_30_55_0 
