
ONU ID 	|  PLR(%) | Delay(ms) | Throughput(Mbps) | Granted Throughput(Mbps) | Total Load (Mbps) 

  ID |  PLR(%) |  D  | Thr |  Gates  |  Load  | PLR-EF | D-EF | ThrEF | LoadEF | PLR-AF | D-AF | ThrAF | LoadAF | PLR-BE | D-BE | ThrBE | LoadBE | PLR-FA | D-FA | ThrFA | LoadFA | DTFA |  PLR-FB | D-FB | ThrFB | LoadFB | DTFB | 
   1 |  0,00 | 1,492 | 675,87 | 675,87 | 697,72 |  0,00 | 0,417 | 44,35 | 44,35 |  0,00 | 1,020 | 286,74 | 286,74 |  0,00 | 1,373 | 277,17 | 277,17 |  0,00 | 21,272 | 67,62 | 67,62 | 64,848 |   NaN | NaN | 0,00 | 0,00 | NaN
   2 |  0,00 | 6,767 | 676,00 | 676,00 | 700,26 |  0,00 | 0,429 | 44,35 | 44,35 |  0,00 | 0,446 | 280,55 | 280,55 |  0,00 | 0,497 | 283,48 | 283,48 |  0,00 | 194,810 | 67,62 | 67,62 | 366,682 |   NaN | NaN | 0,00 | 0,00 | NaN
   3 |  0,00 | 5,940 | 677,39 | 677,39 | 697,57 |  0,00 | 0,366 | 44,35 | 44,35 |  0,00 | 0,393 | 283,62 | 283,62 |  0,00 | 0,592 | 281,80 | 281,80 |  0,00 | 170,138 | 67,62 | 67,62 | 325,546 |   NaN | NaN | 0,00 | 0,00 | NaN
   4 |  0,00 | 1,405 | 677,92 | 677,92 | 698,49 |  0,00 | 0,371 | 44,35 | 44,35 |  0,00 | 1,028 | 286,21 | 286,21 |  0,00 | 1,391 | 279,74 | 279,74 |  0,00 | 19,041 | 67,62 | 67,62 | 57,835 |   NaN | NaN | 0,00 | 0,00 | NaN
   5 |  0,00 | 12,003 | 672,34 | 672,34 | 692,68 |  0,00 | 0,397 | 44,35 | 44,35 |  0,00 | 0,848 | 280,93 | 280,93 |  0,00 | 0,823 | 279,45 | 279,45 |  0,00 | 349,526 | 67,62 | 67,62 | 651,204 |   NaN | NaN | 0,00 | 0,00 | NaN
   6 |  0,00 | 8,601 | 679,46 | 679,46 | 699,61 |  0,00 | 0,345 | 44,35 | 44,35 |  0,00 | 0,467 | 285,00 | 285,00 |  0,00 | 0,718 | 282,49 | 282,49 |  0,00 | 251,282 | 67,62 | 67,62 | 461,800 |   NaN | NaN | 0,00 | 0,00 | NaN
   7 |  0,00 | 1,695 | 674,69 | 674,69 | 694,84 |  0,00 | 0,364 | 44,35 | 44,35 |  0,00 | 0,440 | 282,06 | 282,06 |  0,00 | 0,728 | 280,66 | 280,66 |  0,00 | 37,841 | 67,62 | 67,62 | 97,733 |   NaN | NaN | 0,00 | 0,00 | NaN
   8 |  0,00 | 7,317 | 677,98 | 677,98 | 699,18 |  0,00 | 0,414 | 44,35 | 44,35 |  0,00 | 0,438 | 281,41 | 281,41 |  0,00 | 0,547 | 284,60 | 284,60 |  0,00 | 212,006 | 67,62 | 67,62 | 394,163 |   NaN | NaN | 0,00 | 0,00 | NaN
   9 |  0,00 | 2,823 | 676,87 | 676,87 | 697,06 |  0,00 | 0,353 | 44,35 | 44,35 |  0,00 | 0,373 | 284,54 | 284,54 |  0,00 | 0,607 | 280,36 | 280,36 |  0,00 | 74,281 | 67,62 | 67,62 | 150,818 |   NaN | NaN | 0,00 | 0,00 | NaN
  10 |  0,00 | 1,587 | 674,95 | 674,95 | 696,52 |  0,00 | 0,414 | 44,35 | 44,35 |  0,00 | 1,046 | 282,07 | 282,07 |  0,00 | 1,510 | 280,91 | 280,91 |  0,00 | 22,936 | 67,62 | 67,62 | 66,206 |   NaN | NaN | 0,00 | 0,00 | NaN
  11 |  0,00 | 16,022 | 668,18 | 668,18 | 688,35 |  0,00 | 0,354 | 44,35 | 44,35 |  0,00 | 0,637 | 275,73 | 275,73 |  0,00 | 1,547 | 280,48 | 280,48 |  0,00 | 467,615 | 67,62 | 67,62 | 996,909 |   NaN | NaN | 0,00 | 0,00 | NaN
  12 |  0,00 | 9,317 | 676,80 | 676,80 | 698,39 |  0,00 | 0,416 | 44,35 | 44,35 |  0,00 | 0,658 | 282,57 | 282,57 |  0,00 | 0,664 | 282,26 | 282,26 |  0,00 | 270,654 | 67,62 | 67,62 | 497,287 |   NaN | NaN | 0,00 | 0,00 | NaN
  13 |  0,00 | 6,634 | 668,77 | 668,77 | 688,99 |  0,00 | 0,381 | 44,35 | 44,35 |  0,00 | 0,439 | 278,41 | 278,41 |  0,00 | 0,609 | 278,40 | 278,40 |  0,00 | 189,336 | 67,62 | 67,62 | 358,363 |   NaN | NaN | 0,00 | 0,00 | NaN
  14 |  0,00 | 11,720 | 677,15 | 677,15 | 699,70 |  0,00 | 0,422 | 44,35 | 44,35 |  0,00 | 0,616 | 283,42 | 283,42 |  0,00 | 0,862 | 281,76 | 281,76 |  0,00 | 343,511 | 67,62 | 67,62 | 638,966 |   NaN | NaN | 0,00 | 0,00 | NaN
  15 |  0,00 | 1,651 | 673,24 | 673,24 | 694,81 |  0,00 | 0,416 | 44,35 | 44,35 |  0,00 | 0,505 | 278,25 | 278,25 |  0,00 | 0,631 | 283,03 | 283,03 |  0,00 | 35,947 | 67,62 | 67,62 | 95,105 |   NaN | NaN | 0,00 | 0,00 | NaN
  16 |  0,00 | 4,171 | 679,73 | 679,73 | 700,45 |  0,00 | 0,408 | 44,35 | 44,35 |  0,00 | 0,425 | 282,01 | 282,01 |  0,00 | 0,557 | 285,75 | 285,75 |  0,00 | 115,280 | 67,62 | 67,62 | 226,407 |   NaN | NaN | 0,00 | 0,00 | NaN
  17 |  0,00 | 3,825 | 676,93 | 676,93 | 699,12 |  0,00 | 0,420 | 44,35 | 44,35 |  0,00 | 0,443 | 281,43 | 281,43 |  0,00 | 0,518 | 283,53 | 283,53 |  0,00 | 104,317 | 67,62 | 67,62 | 206,470 |   NaN | NaN | 0,00 | 0,00 | NaN
  18 |  0,00 | 11,565 | 674,05 | 674,05 | 694,36 |  0,00 | 0,397 | 44,35 | 44,35 |  0,00 | 0,524 | 280,64 | 280,64 |  0,00 | 1,084 | 281,44 | 281,44 |  0,00 | 337,129 | 67,62 | 67,62 | 852,421 |   NaN | NaN | 0,00 | 0,00 | NaN
  19 |  0,00 | 14,863 | 669,62 | 669,62 | 689,84 |  0,00 | 0,388 | 44,35 | 44,35 |  0,00 | 0,950 | 277,11 | 277,11 |  0,00 | 1,671 | 280,55 | 280,55 |  0,00 | 428,965 | 67,62 | 67,62 | 844,033 |   NaN | NaN | 0,00 | 0,00 | NaN
  20 |  0,00 | 15,222 | 671,43 | 671,43 | 691,64 |  0,00 | 0,383 | 44,35 | 44,35 |  0,00 | 0,456 | 282,59 | 282,59 |  0,00 | 0,685 | 276,88 | 276,88 |  0,00 | 452,296 | 67,62 | 67,62 | 987,224 |   NaN | NaN | 0,00 | 0,00 | NaN
  21 |  0,00 | 1,553 | 667,45 | 667,45 | 687,80 |  0,00 | 0,388 | 44,35 | 44,35 |  0,00 | 0,728 | 277,84 | 277,84 |  0,00 | 1,125 | 277,64 | 277,64 |  0,00 | 27,615 | 67,62 | 67,62 | 72,919 |   NaN | NaN | 0,00 | 0,00 | NaN
  22 |  0,00 | 12,502 | 680,92 | 680,92 | 704,50 |  0,00 | 0,427 | 44,35 | 44,35 |  0,00 | 0,663 | 289,14 | 289,14 |  0,00 | 1,265 | 279,81 | 279,81 |  0,00 | 365,273 | 67,62 | 67,62 | 689,114 |   NaN | NaN | 0,00 | 0,00 | NaN
  23 |  0,00 | 16,316 | 678,77 | 678,77 | 699,47 |  0,00 | 0,409 | 44,35 | 44,35 |  0,00 | 0,676 | 284,60 | 284,60 |  0,00 | 2,194 | 282,20 | 282,20 |  0,00 | 474,960 | 67,62 | 67,62 | 961,934 |   NaN | NaN | 0,00 | 0,00 | NaN
  24 |  0,00 | 6,533 | 675,70 | 675,70 | 695,90 |  0,00 | 0,370 | 44,35 | 44,35 |  0,00 | 0,385 | 280,70 | 280,70 |  0,00 | 0,597 | 283,04 | 283,04 |  0,00 | 188,067 | 67,62 | 67,62 | 355,889 |   NaN | NaN | 0,00 | 0,00 | NaN
  25 |  0,00 | 1,618 | 683,93 | 683,93 | 707,83 |  0,00 | 0,428 | 44,35 | 44,35 |  0,00 | 0,463 | 282,31 | 282,31 |  0,00 | 0,578 | 289,65 | 289,65 |  0,00 | 35,819 | 67,62 | 67,62 | 95,944 |   NaN | NaN | 0,00 | 0,00 | NaN
  26 |  0,00 | 1,688 | 673,39 | 673,39 | 696,37 |  0,00 | 0,424 | 44,35 | 44,35 |  0,00 | 0,530 | 280,61 | 280,61 |  0,00 | 0,686 | 280,81 | 280,81 |  0,00 | 36,347 | 67,62 | 67,62 | 94,734 |   NaN | NaN | 0,00 | 0,00 | NaN
  27 |  0,00 | 10,681 | 670,54 | 670,54 | 690,68 |  0,00 | 0,351 | 44,35 | 44,35 |  0,00 | 0,518 | 281,73 | 281,73 |  0,00 | 1,092 | 276,84 | 276,84 |  0,00 | 309,672 | 67,62 | 67,62 | 810,051 |   NaN | NaN | 0,00 | 0,00 | NaN
  28 |  0,00 | 16,540 | 669,45 | 669,45 | 691,09 |  0,00 | 0,417 | 44,35 | 44,35 |  0,00 | 1,127 | 280,88 | 280,88 |  0,00 | 1,917 | 276,61 | 276,61 |  0,00 | 476,490 | 67,62 | 67,62 | 968,542 |   NaN | NaN | 0,00 | 0,00 | NaN
  29 |  0,00 | 16,122 | 677,96 | 677,96 | 698,29 |  0,00 | 0,396 | 44,35 | 44,35 |  0,00 | 0,746 | 284,28 | 284,28 |  0,00 | 1,351 | 281,71 | 281,71 |  0,00 | 474,999 | 67,62 | 67,62 | 997,230 |   NaN | NaN | 0,00 | 0,00 | NaN
  30 |  0,00 | 14,071 | 670,47 | 670,47 | 694,14 |  0,00 | 0,427 | 44,35 | 44,35 |  0,00 | 0,643 | 279,54 | 279,54 |  0,00 | 1,246 | 278,97 | 278,97 |  0,00 | 410,111 | 67,62 | 67,62 | 945,179 |   NaN | NaN | 0,00 | 0,00 | NaN
  31 |  0,00 | 16,250 | 672,52 | 672,52 | 692,80 |  0,00 | 0,394 | 44,35 | 44,35 |  0,00 | 0,779 | 280,06 | 280,06 |  0,00 | 1,374 | 280,49 | 280,49 |  0,00 | 476,200 | 67,62 | 67,62 | 963,588 |   NaN | NaN | 0,00 | 0,00 | NaN
  32 |  0,00 | 16,094 | 672,32 | 672,32 | 692,49 |  0,00 | 0,350 | 44,35 | 44,35 |  0,00 | 0,975 | 278,94 | 278,94 |  0,00 | 2,049 | 281,41 | 281,41 |  0,00 | 465,103 | 67,62 | 67,62 | 995,805 |   NaN | NaN | 0,00 | 0,00 | NaN
  33 |  0,00 | 14,948 | 671,50 | 671,50 | 692,93 |  0,00 | 0,415 | 44,35 | 44,35 |  0,00 | 0,649 | 278,19 | 278,19 |  0,00 | 1,716 | 281,34 | 281,34 |  0,00 | 433,846 | 67,62 | 67,62 | 970,556 |   NaN | NaN | 0,00 | 0,00 | NaN
  34 |  0,00 | 7,917 | 666,68 | 666,68 | 687,26 |  0,00 | 0,407 | 44,35 | 44,35 |  0,00 | 0,440 | 280,10 | 280,10 |  0,00 | 0,573 | 274,61 | 274,61 |  0,00 | 228,051 | 67,62 | 67,62 | 660,634 |   NaN | NaN | 0,00 | 0,00 | NaN
  35 |  0,00 | 5,738 | 677,89 | 677,89 | 698,06 |  0,00 | 0,356 | 44,35 | 44,35 |  0,00 | 0,377 | 283,20 | 283,20 |  0,00 | 0,576 | 282,72 | 282,72 |  0,00 | 164,387 | 67,62 | 67,62 | 470,998 |   NaN | NaN | 0,00 | 0,00 | NaN
  36 |  0,00 | 9,483 | 669,25 | 669,25 | 690,05 |  0,00 | 0,409 | 44,35 | 44,35 |  0,00 | 0,513 | 276,01 | 276,01 |  0,00 | 0,684 | 281,27 | 281,27 |  0,00 | 275,011 | 67,62 | 67,62 | 750,571 |   NaN | NaN | 0,00 | 0,00 | NaN
  37 |  0,00 | 16,061 | 679,95 | 679,95 | 700,18 |  0,00 | 0,392 | 44,35 | 44,35 |  0,00 | 0,954 | 286,23 | 286,23 |  0,00 | 1,917 | 281,75 | 281,75 |  0,00 | 467,855 | 67,62 | 67,62 | 996,665 |   NaN | NaN | 0,00 | 0,00 | NaN
  38 |  0,00 | 13,080 | 672,76 | 672,76 | 692,95 |  0,00 | 0,383 | 44,35 | 44,35 |  0,00 | 0,726 | 281,47 | 281,47 |  0,00 | 0,946 | 279,33 | 279,33 |  0,00 | 382,861 | 67,62 | 67,62 | 914,255 |   NaN | NaN | 0,00 | 0,00 | NaN
  39 |  0,00 | 15,508 | 667,65 | 667,65 | 691,23 |  0,00 | 0,426 | 44,35 | 44,35 |  0,00 | 0,842 | 278,48 | 278,48 |  0,00 | 2,020 | 277,20 | 277,20 |  0,00 | 445,472 | 67,62 | 67,62 | 979,768 |   NaN | NaN | 0,00 | 0,00 | NaN
  40 |  0,00 | 10,983 | 668,37 | 668,37 | 692,03 |  0,00 | 0,426 | 44,35 | 44,35 |  0,00 | 0,561 | 279,16 | 279,16 |  0,00 | 0,918 | 277,24 | 277,24 |  0,00 | 318,214 | 67,62 | 67,62 | 824,720 |   NaN | NaN | 0,00 | 0,00 | NaN
  41 |  0,00 | 16,802 | 676,57 | 676,57 | 697,42 |  0,00 | 0,409 | 44,35 | 44,35 |  0,00 | 1,000 | 279,65 | 279,65 |  0,00 | 2,849 | 284,95 | 284,95 |  0,00 | 481,159 | 67,62 | 67,62 | 989,529 |   NaN | NaN | 0,00 | 0,00 | NaN
  42 |  0,00 | 16,357 | 679,43 | 679,43 | 699,62 |  0,00 | 0,355 | 44,35 | 44,35 |  0,00 | 0,896 | 283,23 | 283,23 |  0,00 | 1,809 | 284,23 | 284,23 |  0,00 | 478,557 | 67,62 | 67,62 | 996,887 |   NaN | NaN | 0,00 | 0,00 | NaN
  43 |  0,00 | 14,992 | 678,71 | 678,71 | 702,01 |  0,00 | 0,434 | 44,35 | 44,35 |  0,00 | 0,725 | 283,08 | 283,08 |  0,00 | 1,089 | 283,66 | 283,66 |  0,00 | 442,113 | 67,62 | 67,62 | 978,028 |   NaN | NaN | 0,00 | 0,00 | NaN
  44 |  0,00 | 16,365 | 679,57 | 679,57 | 699,72 |  0,00 | 0,346 | 44,35 | 44,35 |  0,00 | 0,667 | 281,89 | 281,89 |  0,00 | 1,768 | 285,71 | 285,71 |  0,00 | 481,119 | 67,62 | 67,62 | 983,983 |   NaN | NaN | 0,00 | 0,00 | NaN
  45 |  0,00 | 16,446 | 677,66 | 677,66 | 702,18 |  0,00 | 0,430 | 44,35 | 44,35 |  0,00 | 0,834 | 287,55 | 287,55 |  0,00 | 1,857 | 278,14 | 278,14 |  0,00 | 479,765 | 67,62 | 67,62 | 993,480 |   NaN | NaN | 0,00 | 0,00 | NaN
  46 |  0,00 | 15,305 | 670,75 | 670,75 | 690,92 |  0,00 | 0,369 | 44,35 | 44,35 |  0,00 | 0,562 | 276,45 | 276,45 |  0,00 | 1,395 | 282,33 | 282,33 |  0,00 | 448,245 | 67,62 | 67,62 | 982,589 |   NaN | NaN | 0,00 | 0,00 | NaN
  47 |  0,00 | 16,355 | 669,15 | 669,15 | 689,29 |  0,00 | 0,367 | 44,35 | 44,35 |  0,00 | 0,726 | 281,07 | 281,07 |  0,00 | 1,767 | 276,11 | 276,11 |  0,00 | 475,823 | 67,62 | 67,62 | 963,964 |   NaN | NaN | 0,00 | 0,00 | NaN
  48 |  0,00 | 16,419 | 669,48 | 669,48 | 689,82 |  0,00 | 0,397 | 44,35 | 44,35 |  0,00 | 0,850 | 277,84 | 277,84 |  0,00 | 1,089 | 279,68 | 279,68 |  0,00 | 481,704 | 67,62 | 67,62 | 984,236 |   NaN | NaN | 0,00 | 0,00 | NaN
  49 |  0,00 | 16,548 | 669,06 | 669,06 | 689,84 |  0,00 | 0,409 | 44,35 | 44,35 |  0,00 | 1,176 | 279,46 | 279,46 |  0,00 | 2,183 | 277,63 | 277,63 |  0,00 | 474,281 | 67,62 | 67,62 | 959,039 |   NaN | NaN | 0,00 | 0,00 | NaN
  50 |  0,00 | 15,093 | 672,49 | 672,49 | 692,66 |  0,00 | 0,363 | 44,35 | 44,35 |  0,00 | 0,593 | 281,84 | 281,84 |  0,00 | 1,572 | 278,68 | 278,68 |  0,00 | 441,131 | 67,62 | 67,62 | 978,171 |   NaN | NaN | 0,00 | 0,00 | NaN
  51 |  0,00 | 16,352 | 671,83 | 671,83 | 692,03 |  0,00 | 0,361 | 44,35 | 44,35 |  0,00 | 0,583 | 278,20 | 278,20 |  0,00 | 1,389 | 281,67 | 281,67 |  0,00 | 480,867 | 67,62 | 67,62 | 988,094 |   NaN | NaN | 0,00 | 0,00 | NaN
  52 |  0,00 | 16,457 | 673,26 | 673,26 | 693,50 |  0,00 | 0,388 | 44,35 | 44,35 |  0,00 | 0,641 | 277,69 | 277,69 |  0,00 | 1,859 | 283,60 | 283,60 |  0,00 | 480,085 | 67,62 | 67,62 | 994,142 |   NaN | NaN | 0,00 | 0,00 | NaN
  53 |  0,00 | 16,227 | 675,23 | 675,23 | 695,45 |  0,00 | 0,375 | 44,35 | 44,35 |  0,00 | 1,098 | 281,26 | 281,26 |  0,00 | 2,637 | 282,00 | 282,00 |  0,00 | 464,411 | 67,62 | 67,62 | 992,919 |   NaN | NaN | 0,00 | 0,00 | NaN
  54 |  0,00 | 16,662 | 668,39 | 668,39 | 688,60 |  0,00 | 0,378 | 44,35 | 44,35 |  0,00 | 1,047 | 280,53 | 280,53 |  0,00 | 2,194 | 275,90 | 275,90 |  0,00 | 478,818 | 67,62 | 67,62 | 993,324 |   NaN | NaN | 0,00 | 0,00 | NaN
  55 |  0,00 | 13,220 | 674,70 | 674,70 | 694,91 |  0,00 | 0,363 | 44,35 | 44,35 |  0,00 | 0,524 | 280,41 | 280,41 |  0,00 | 1,009 | 282,33 | 282,33 |  0,00 | 389,186 | 67,62 | 67,62 | 921,212 |   NaN | NaN | 0,00 | 0,00 | NaN
  56 |  0,00 | 16,758 | 668,72 | 668,72 | 688,89 |  0,00 | 0,368 | 44,35 | 44,35 |  0,00 | 0,900 | 279,52 | 279,52 |  0,00 | 2,390 | 277,23 | 277,23 |  0,00 | 481,601 | 67,62 | 67,62 | 986,409 |   NaN | NaN | 0,00 | 0,00 | NaN
  57 |  0,00 | 16,595 | 672,93 | 672,93 | 693,14 |  0,00 | 0,365 | 44,35 | 44,35 |  0,00 | 1,307 | 279,32 | 279,32 |  0,00 | 2,067 | 281,64 | 281,64 |  0,00 | 477,725 | 67,62 | 67,62 | 970,104 |   NaN | NaN | 0,00 | 0,00 | NaN
  58 |  0,00 | 16,240 | 673,88 | 673,88 | 694,15 |  0,00 | 0,394 | 44,35 | 44,35 |  0,00 | 0,791 | 281,99 | 281,99 |  0,00 | 1,403 | 279,93 | 279,93 |  0,00 | 476,152 | 67,62 | 67,62 | 966,575 |   NaN | NaN | 0,00 | 0,00 | NaN
  59 |  0,00 | 8,355 | 678,10 | 678,10 | 699,24 |  0,00 | 0,413 | 44,35 | 44,35 |  0,00 | 0,533 | 280,35 | 280,35 |  0,00 | 0,776 | 285,78 | 285,78 |  0,00 | 241,481 | 67,62 | 67,62 | 685,026 |   NaN | NaN | 0,00 | 0,00 | NaN
  60 |  0,00 | 16,503 | 675,15 | 675,15 | 695,35 |  0,00 | 0,348 | 44,35 | 44,35 |  0,00 | 0,740 | 281,96 | 281,96 |  0,00 | 2,065 | 281,23 | 281,23 |  0,00 | 480,643 | 67,62 | 67,62 | 988,884 |   NaN | NaN | 0,00 | 0,00 | NaN
  61 |  0,00 | 15,720 | 679,14 | 679,14 | 699,32 |  0,00 | 0,370 | 44,35 | 44,35 |  0,00 | 0,673 | 284,04 | 284,04 |  0,00 | 1,620 | 283,14 | 283,14 |  0,00 | 461,786 | 67,62 | 67,62 | 992,111 |   NaN | NaN | 0,00 | 0,00 | NaN
  62 |  0,00 | 16,537 | 675,82 | 675,82 | 700,86 |  0,00 | 0,432 | 44,35 | 44,35 |  0,00 | 1,194 | 280,44 | 280,44 |  0,00 | 1,668 | 283,41 | 283,41 |  0,00 | 480,292 | 67,62 | 67,62 | 982,950 |   NaN | NaN | 0,00 | 0,00 | NaN
  63 |  0,00 | 14,028 | 677,41 | 677,41 | 697,60 |  0,00 | 0,387 | 44,35 | 44,35 |  0,00 | 0,829 | 284,48 | 284,48 |  0,00 | 2,378 | 280,96 | 280,96 |  0,00 | 401,560 | 67,62 | 67,62 | 935,852 |   NaN | NaN | 0,00 | 0,00 | NaN
  64 |  0,00 | 16,479 | 667,03 | 667,03 | 691,87 |  0,00 | 0,431 | 44,35 | 44,35 |  0,00 | 0,858 | 278,60 | 278,60 |  0,00 | 1,466 | 276,47 | 276,47 |  0,00 | 479,049 | 67,62 | 67,62 | 993,966 |   NaN | NaN | 0,00 | 0,00 | NaN

= = = = = = = = = = = = AVERAGE RESULTS system = = = = = = = = = = = =
meanPLR_system | 0,000000 
meanDelay_system | 11,642436 
meanLoad_system | 674,083023 
meanTHR_system | 674,083023 
meanGate_system | 695,218812 

meanPLR_EF_system | 0,000000 
meanPLR_AF_system | 0,000000 
meanPLR_BE_system | 0,000000 
meanPLR_FLA_system | 0,000000 
meanPLR_FLB_system | NaN 

meanTHR_EF_system | 44,352006 
meanTHR_AF_system | 281,243709 
meanTHR_BE_system | 280,871596 
meanTHR_FLA_system | 69,279194 
meanTHR_FLB_system | 0,000000 

meanLoad_EF_system | 44,352006 
meanLoad_AF_system | 281,243709 
meanLoad_BE_system | 280,871596 
meanLoad_FLA_system | 69,279194 
meanLoad_FLB_system | 0,000000 

meanDELAY_EF_system | 0,392252 
meanDELAY_AF_system | 0,706139 
meanDELAY_BE_system | 1,324063 
meanDELAY_FLA_system | 336,126452 
meanDELAY_FLB_system | NaN 
meanDELAY_CompleteFLA_system | 719,696721 
meanDELAY_CompleteFLB_system | NaN 

= = = = = = = = = = = = AVERAGE RESULTS = = = = = = = = = = = =
Packet Loss Ratio: 00,00 (%)
PROCESSED PACKAGES: 1384197867 
DISCARTED PACKAGES: 0 
TOTAL PACKAGES: 1384197867 
AVERAGE DELAY: 2014,56 (ms) 
AVERAGE THROUGHPUT: 674,08 (Mbps) 
GRANTED THROUGHPUT: 44494,00 (Mbps) By 64 ONUs
EFFECTIVE THROUGHPUT: 43141,31 (Mbps) By 64 ONUs
TOTAL LOAD: 43141,31 (Mbps) By 64 ONUs
ON Arrival THROUGHPUT: 0,00 (Mbps) By 64 ONUs
FINISHTIMEFL: 121,941373 
FINISHTIME: 124,941373 


fileName | IPACT_LBCONSTANTTOKENSBYCYCLE_2_40_75_0 
