
ONU ID 	|  PLR(%) | Delay(ms) | Throughput(Mbps) | Granted Throughput(Mbps) | Total Load (Mbps) 

  ID |  PLR(%) |  D  | Thr |  Gates  |  Load  | PLR-EF | D-EF | ThrEF | LoadEF | PLR-AF | D-AF | ThrAF | LoadAF | PLR-BE | D-BE | ThrBE | LoadBE | PLR-FA | D-FA | ThrFA | LoadFA | DTFA |  PLR-FB | D-FB | ThrFB | LoadFB | DTFB | 
   1 |  0,03 | 98,637 | 754,91 | 755,15 | 759,37 |  0,00 | 1,364 | 44,35 | 44,35 |  0,00 | 7,297 | 342,25 | 342,25 |  0,07 | 332,752 | 333,77 | 334,02 |  0,00 | 217,889 | 34,54 | 34,54 | 455,521 |   NaN | NaN | 0,00 | 0,00 | NaN
   2 |  0,10 | 106,513 | 756,52 | 757,30 | 761,09 |  0,00 | 1,376 | 44,35 | 44,35 |  0,00 | 1,736 | 342,34 | 342,34 |  0,23 | 328,117 | 335,29 | 336,07 |  0,00 | 903,053 | 34,54 | 34,54 | 1833,157 |   NaN | NaN | 0,00 | 0,00 | NaN
   3 |  0,14 | 96,635 | 749,08 | 750,16 | 753,52 |  0,00 | 1,313 | 44,35 | 44,35 |  0,00 | 1,698 | 335,31 | 335,31 |  0,32 | 293,484 | 334,88 | 335,96 |  0,00 | 860,351 | 34,54 | 34,54 | 1747,316 |   NaN | NaN | 0,00 | 0,00 | NaN
   4 |  0,14 | 109,807 | 757,32 | 758,42 | 761,89 |  0,00 | 1,318 | 44,35 | 44,35 |  0,00 | 14,275 | 341,06 | 341,06 |  0,32 | 366,685 | 337,37 | 338,47 |  0,00 | 143,347 | 34,54 | 34,54 | 306,551 |   NaN | NaN | 0,00 | 0,00 | NaN
   5 |  0,09 | 97,258 | 750,61 | 751,30 | 755,06 |  0,00 | 1,344 | 44,35 | 44,35 |  0,00 | 1,643 | 336,99 | 336,99 |  0,21 | 275,272 | 334,73 | 335,42 |  0,00 | 1242,624 | 34,54 | 34,54 | 2517,726 |   NaN | NaN | 0,00 | 0,00 | NaN
   6 |  0,01 | 105,032 | 757,26 | 757,34 | 761,70 |  0,00 | 1,292 | 44,35 | 44,35 |  0,00 | 1,795 | 340,59 | 340,59 |  0,02 | 315,000 | 337,78 | 337,86 |  0,00 | 1008,392 | 34,54 | 34,54 | 2045,238 |   NaN | NaN | 0,00 | 0,00 | NaN
   7 |  0,13 | 112,041 | 753,52 | 754,48 | 757,97 |  0,00 | 1,311 | 44,35 | 44,35 |  0,00 | 2,429 | 338,74 | 338,74 |  0,28 | 373,016 | 335,89 | 336,85 |  0,00 | 400,782 | 34,54 | 34,54 | 822,053 |   NaN | NaN | 0,00 | 0,00 | NaN
   8 |  0,16 | 108,584 | 754,98 | 756,22 | 759,46 |  0,00 | 1,361 | 44,35 | 44,35 |  0,00 | 1,757 | 337,41 | 337,41 |  0,36 | 330,141 | 338,68 | 339,92 |  0,00 | 932,947 | 34,54 | 34,54 | 1893,326 |   NaN | NaN | 0,00 | 0,00 | NaN
   9 |  0,32 | 118,200 | 755,16 | 757,55 | 759,59 |  0,00 | 1,301 | 44,35 | 44,35 |  0,00 | 1,755 | 338,97 | 338,97 |  0,70 | 382,409 | 337,30 | 339,69 |  0,00 | 625,442 | 34,54 | 34,54 | 1274,078 |   NaN | NaN | 0,00 | 0,00 | NaN
  10 |  0,06 | 96,383 | 751,82 | 752,26 | 756,31 |  0,00 | 1,362 | 44,35 | 44,35 |  0,00 | 9,849 | 337,31 | 337,31 |  0,13 | 320,725 | 335,62 | 336,06 |  0,00 | 195,209 | 34,54 | 34,54 | 410,470 |   NaN | NaN | 0,00 | 0,00 | NaN
  11 |  0,01 | 100,064 | 751,88 | 751,93 | 756,33 |  0,00 | 1,301 | 44,35 | 44,35 |  0,00 | 1,736 | 334,62 | 334,62 |  0,01 | 256,593 | 338,37 | 338,42 |  0,00 | 1723,826 | 34,54 | 34,54 | 3493,412 |   NaN | NaN | 0,00 | 0,00 | NaN
  12 |  0,52 | 107,029 | 751,86 | 755,80 | 756,35 |  0,00 | 1,363 | 44,35 | 44,35 |  0,00 | 1,774 | 337,91 | 337,91 |  1,16 | 320,171 | 335,06 | 339,00 |  0,00 | 1057,295 | 34,54 | 34,54 | 2144,091 |   NaN | NaN | 0,00 | 0,00 | NaN
  13 |  0,02 | 83,384 | 746,44 | 746,57 | 750,89 |  0,00 | 1,328 | 44,35 | 44,35 |  0,00 | 1,797 | 335,80 | 335,80 |  0,04 | 245,681 | 331,75 | 331,88 |  0,00 | 897,661 | 34,54 | 34,54 | 1822,281 |   NaN | NaN | 0,00 | 0,00 | NaN
  14 |  0,34 | 119,462 | 754,10 | 756,64 | 758,61 |  0,00 | 1,369 | 44,35 | 44,35 |  0,00 | 1,932 | 339,03 | 339,03 |  0,75 | 354,887 | 336,18 | 338,72 |  0,00 | 1224,256 | 34,54 | 34,54 | 2480,485 |   NaN | NaN | 0,00 | 0,00 | NaN
  15 |  0,00 | 80,706 | 751,26 | 751,26 | 755,74 |  0,00 | 1,363 | 44,35 | 44,35 |  0,00 | 2,267 | 332,48 | 332,48 |  0,00 | 257,061 | 339,89 | 339,89 |  0,00 | 416,666 | 34,54 | 34,54 | 854,067 |   NaN | NaN | 0,00 | 0,00 | NaN
  16 |  0,15 | 124,225 | 762,27 | 763,39 | 766,72 |  0,00 | 1,355 | 44,35 | 44,35 |  0,00 | 2,018 | 339,38 | 339,38 |  0,32 | 392,106 | 344,00 | 345,12 |  0,00 | 739,574 | 34,54 | 34,54 | 1504,172 |   NaN | NaN | 0,00 | 0,00 | NaN
  17 |  0,19 | 117,207 | 754,65 | 756,09 | 759,15 |  0,00 | 1,367 | 44,35 | 44,35 |  0,00 | 1,813 | 339,96 | 339,96 |  0,43 | 376,055 | 335,81 | 337,24 |  0,00 | 701,415 | 34,54 | 34,54 | 1427,207 |   NaN | NaN | 0,00 | 0,00 | NaN
  18 |  0,10 | 98,149 | 750,10 | 750,84 | 754,54 |  0,00 | 1,344 | 44,35 | 44,35 |  0,00 | 1,761 | 335,92 | 335,92 |  0,22 | 244,568 | 335,29 | 336,02 |  0,00 | 1848,818 | 34,54 | 34,54 | 3747,581 |   NaN | NaN | 0,00 | 0,00 | NaN
  19 |  0,11 | 83,163 | 744,39 | 745,19 | 748,84 |  0,00 | 1,335 | 44,35 | 44,35 |  0,00 | 1,733 | 331,85 | 331,85 |  0,24 | 210,570 | 333,65 | 334,45 |  0,00 | 1490,044 | 34,54 | 34,54 | 3019,442 |   NaN | NaN | 0,00 | 0,00 | NaN
  20 |  0,00 | 80,626 | 748,29 | 748,29 | 752,73 |  0,00 | 1,331 | 44,35 | 44,35 |  0,00 | 1,894 | 337,63 | 337,63 |  0,00 | 188,885 | 331,76 | 331,76 |  0,00 | 1753,077 | 34,54 | 34,54 | 3553,298 |   NaN | NaN | 0,00 | 0,00 | NaN
  21 |  0,04 | 85,207 | 742,90 | 743,18 | 747,33 |  0,00 | 1,335 | 44,35 | 44,35 |  0,00 | 3,271 | 333,36 | 333,36 |  0,08 | 283,435 | 330,65 | 330,93 |  0,00 | 307,763 | 34,54 | 34,54 | 635,870 |   NaN | NaN | 0,00 | 0,00 | NaN
  22 |  0,30 | 106,483 | 756,83 | 759,09 | 761,39 |  0,00 | 1,374 | 44,35 | 44,35 |  0,00 | 1,823 | 343,60 | 343,60 |  0,67 | 307,591 | 334,33 | 336,59 |  0,00 | 1291,764 | 34,54 | 34,54 | 2617,181 |   NaN | NaN | 0,00 | 0,00 | NaN
  23 |  0,10 | 95,923 | 754,06 | 754,79 | 758,53 |  0,00 | 1,356 | 44,35 | 44,35 |  0,00 | 1,861 | 338,18 | 338,18 |  0,22 | 248,492 | 336,98 | 337,71 |  0,00 | 1628,999 | 34,54 | 34,54 | 3300,117 |   NaN | NaN | 0,00 | 0,00 | NaN
  24 |  0,32 | 113,280 | 755,22 | 757,66 | 759,66 |  0,00 | 1,318 | 44,35 | 44,35 |  0,00 | 1,767 | 338,21 | 338,21 |  0,72 | 348,630 | 338,11 | 340,56 |  0,00 | 908,966 | 34,54 | 34,54 | 1845,037 |   NaN | NaN | 0,00 | 0,00 | NaN
  25 |  0,28 | 113,908 | 756,11 | 758,23 | 760,67 |  0,00 | 1,375 | 44,35 | 44,35 |  0,00 | 2,108 | 336,32 | 336,32 |  0,62 | 371,024 | 340,90 | 343,02 |  0,00 | 479,788 | 34,54 | 34,54 | 980,834 |   NaN | NaN | 0,00 | 0,00 | NaN
  26 |  0,05 | 88,591 | 750,41 | 750,80 | 754,96 |  0,00 | 1,371 | 44,35 | 44,35 |  0,00 | 2,870 | 336,70 | 336,70 |  0,12 | 289,591 | 334,82 | 335,21 |  0,00 | 392,477 | 34,54 | 34,54 | 805,289 |   NaN | NaN | 0,00 | 0,00 | NaN
  27 |  0,14 | 87,972 | 750,28 | 751,31 | 754,72 |  0,00 | 1,298 | 44,35 | 44,35 |  0,00 | 1,577 | 339,30 | 339,30 |  0,31 | 209,502 | 332,09 | 333,12 |  0,00 | 1870,198 | 34,54 | 34,54 | 3790,914 |   NaN | NaN | 0,00 | 0,00 | NaN
  28 |  0,03 | 83,222 | 745,46 | 745,70 | 749,98 |  0,00 | 1,364 | 44,35 | 44,35 |  0,00 | 1,730 | 336,60 | 336,60 |  0,07 | 205,211 | 329,97 | 330,21 |  0,00 | 1636,965 | 34,54 | 34,54 | 3316,516 |   NaN | NaN | 0,00 | 0,00 | NaN
  29 |  0,25 | 119,821 | 753,34 | 755,25 | 757,79 |  0,00 | 1,343 | 44,35 | 44,35 |  0,00 | 1,684 | 338,00 | 338,00 |  0,57 | 330,112 | 336,44 | 338,35 |  0,00 | 1697,576 | 34,54 | 34,54 | 3439,975 |   NaN | NaN | 0,00 | 0,00 | NaN
  30 |  0,22 | 94,059 | 749,18 | 750,86 | 753,75 |  0,00 | 1,374 | 44,35 | 44,35 |  0,00 | 1,635 | 335,86 | 335,86 |  0,50 | 233,257 | 334,42 | 336,11 |  0,00 | 1798,673 | 34,54 | 34,54 | 3646,632 |   NaN | NaN | 0,00 | 0,00 | NaN
  31 |  0,00 | 78,734 | 750,77 | 750,77 | 755,22 |  0,00 | 1,341 | 44,35 | 44,35 |  0,00 | 1,866 | 338,16 | 338,16 |  0,00 | 188,077 | 333,72 | 333,72 |  0,00 | 1635,030 | 34,54 | 34,54 | 3312,872 |   NaN | NaN | 0,00 | 0,00 | NaN
  32 |  0,49 | 122,198 | 751,92 | 755,64 | 756,34 |  0,00 | 1,297 | 44,35 | 44,35 |  0,00 | 1,991 | 338,07 | 338,07 |  1,10 | 337,615 | 334,96 | 338,68 |  0,00 | 1728,089 | 34,54 | 34,54 | 3502,080 |   NaN | NaN | 0,00 | 0,00 | NaN
  33 |  0,01 | 86,113 | 749,77 | 749,83 | 754,27 |  0,00 | 1,363 | 44,35 | 44,35 |  0,00 | 2,005 | 334,59 | 334,59 |  0,02 | 205,177 | 336,29 | 336,35 |  0,00 | 1768,996 | 34,54 | 34,54 | 3585,891 |   NaN | NaN | 0,00 | 0,00 | NaN
  34 |  0,11 | 87,819 | 751,24 | 752,03 | 755,69 |  0,00 | 1,354 | 44,35 | 44,35 |  0,00 | 1,609 | 336,83 | 336,83 |  0,24 | 203,959 | 335,52 | 336,31 |  0,00 | 1925,618 | 34,54 | 34,54 | 3903,668 |   NaN | NaN | 0,00 | 0,00 | NaN
  35 |  0,17 | 108,937 | 756,12 | 757,41 | 760,56 |  0,00 | 1,303 | 44,35 | 44,35 |  0,00 | 1,539 | 339,69 | 339,69 |  0,38 | 275,694 | 337,53 | 338,82 |  0,00 | 1990,186 | 34,54 | 34,54 | 4032,808 |   NaN | NaN | 0,00 | 0,00 | NaN
  36 |  0,04 | 100,475 | 750,71 | 750,97 | 755,18 |  0,00 | 1,356 | 44,35 | 44,35 |  0,00 | 1,632 | 333,79 | 333,79 |  0,08 | 248,754 | 338,03 | 338,29 |  0,00 | 1892,978 | 34,54 | 34,54 | 3836,932 |   NaN | NaN | 0,00 | 0,00 | NaN
  37 |  0,29 | 112,101 | 757,37 | 759,54 | 761,82 |  0,00 | 1,339 | 44,35 | 44,35 |  0,00 | 1,757 | 342,82 | 342,82 |  0,64 | 302,934 | 335,66 | 337,83 |  0,00 | 1728,589 | 34,54 | 34,54 | 3503,067 |   NaN | NaN | 0,00 | 0,00 | NaN
  38 |  0,24 | 114,117 | 756,28 | 758,10 | 760,73 |  0,00 | 1,330 | 44,35 | 44,35 |  0,00 | 1,427 | 339,28 | 339,28 |  0,53 | 303,284 | 338,11 | 339,93 |  0,00 | 1813,809 | 34,54 | 34,54 | 3676,890 |   NaN | NaN | 0,00 | 0,00 | NaN
  39 |  0,06 | 80,852 | 742,97 | 743,41 | 747,59 |  0,00 | 1,374 | 44,35 | 44,35 |  0,00 | 1,486 | 334,11 | 334,11 |  0,13 | 189,324 | 329,97 | 330,41 |  0,00 | 1761,374 | 34,54 | 34,54 | 3570,544 |   NaN | NaN | 0,00 | 0,00 | NaN
  40 |  0,00 | 85,293 | 745,93 | 745,96 | 750,52 |  0,00 | 1,374 | 44,35 | 44,35 |  0,00 | 1,533 | 337,09 | 337,09 |  0,01 | 200,225 | 329,95 | 329,98 |  0,00 | 1866,026 | 34,54 | 34,54 | 3782,228 |   NaN | NaN | 0,00 | 0,00 | NaN
  41 |  0,25 | 114,882 | 754,14 | 756,02 | 758,60 |  0,00 | 1,357 | 44,35 | 44,35 |  0,00 | 1,685 | 334,38 | 334,38 |  0,55 | 310,374 | 340,88 | 342,75 |  0,00 | 1667,889 | 34,54 | 34,54 | 3379,177 |   NaN | NaN | 0,00 | 0,00 | NaN
  42 |  0,22 | 108,138 | 757,23 | 758,87 | 761,67 |  0,00 | 1,303 | 44,35 | 44,35 |  0,00 | 1,598 | 339,67 | 339,67 |  0,48 | 288,000 | 338,67 | 340,31 |  0,00 | 1698,818 | 34,54 | 34,54 | 3442,244 |   NaN | NaN | 0,00 | 0,00 | NaN
  43 |  0,69 | 127,417 | 758,68 | 763,94 | 763,22 |  0,00 | 1,381 | 44,35 | 44,35 |  0,00 | 1,615 | 342,62 | 342,62 |  1,54 | 354,774 | 337,18 | 342,44 |  0,00 | 1764,575 | 34,54 | 34,54 | 3576,715 |   NaN | NaN | 0,00 | 0,00 | NaN
  44 |  0,08 | 94,189 | 756,22 | 756,82 | 760,65 |  0,00 | 1,293 | 44,35 | 44,35 |  0,00 | 2,209 | 337,28 | 337,28 |  0,17 | 238,907 | 340,05 | 340,65 |  0,00 | 1657,868 | 34,54 | 34,54 | 3359,001 |   NaN | NaN | 0,00 | 0,00 | NaN
  45 |  0,09 | 93,104 | 751,24 | 751,93 | 755,86 |  0,00 | 1,377 | 44,35 | 44,35 |  0,00 | 1,606 | 340,58 | 340,58 |  0,21 | 238,353 | 331,77 | 332,46 |  0,00 | 1688,777 | 34,54 | 34,54 | 3422,304 |   NaN | NaN | 0,00 | 0,00 | NaN
  46 |  0,21 | 112,581 | 752,62 | 754,20 | 757,06 |  0,00 | 1,317 | 44,35 | 44,35 |  0,00 | 1,655 | 335,96 | 335,96 |  0,47 | 300,310 | 337,76 | 339,34 |  0,00 | 1748,469 | 34,54 | 34,54 | 3544,039 |   NaN | NaN | 0,00 | 0,00 | NaN
  47 |  0,06 | 104,723 | 751,39 | 751,82 | 755,83 |  0,00 | 1,314 | 44,35 | 44,35 |  0,00 | 1,782 | 338,20 | 338,20 |  0,13 | 281,727 | 334,29 | 334,73 |  0,00 | 1620,611 | 34,54 | 34,54 | 3283,462 |   NaN | NaN | 0,00 | 0,00 | NaN
  48 |  0,00 | 84,173 | 751,16 | 751,16 | 755,61 |  0,00 | 1,344 | 44,35 | 44,35 |  0,00 | 1,459 | 336,28 | 336,28 |  0,00 | 205,627 | 336,00 | 336,00 |  0,00 | 1654,690 | 34,54 | 34,54 | 3352,795 |   NaN | NaN | 0,00 | 0,00 | NaN
  49 |  0,14 | 89,473 | 749,95 | 750,97 | 754,42 |  0,00 | 1,356 | 44,35 | 44,35 |  0,00 | 1,642 | 337,92 | 337,92 |  0,30 | 227,569 | 333,14 | 334,16 |  0,00 | 1623,361 | 34,54 | 34,54 | 3289,159 |   NaN | NaN | 0,00 | 0,00 | NaN
  50 |  0,18 | 96,659 | 754,18 | 755,54 | 758,63 |  0,00 | 1,311 | 44,35 | 44,35 |  0,00 | 1,542 | 340,33 | 340,33 |  0,40 | 246,035 | 334,96 | 336,32 |  0,00 | 1756,196 | 34,54 | 34,54 | 3559,985 |   NaN | NaN | 0,00 | 0,00 | NaN
  51 |  0,22 | 97,349 | 752,97 | 754,63 | 757,41 |  0,00 | 1,309 | 44,35 | 44,35 |  0,00 | 1,981 | 337,18 | 337,18 |  0,49 | 251,303 | 336,90 | 338,56 |  0,00 | 1664,911 | 34,54 | 34,54 | 3373,412 |   NaN | NaN | 0,00 | 0,00 | NaN
  52 |  0,16 | 100,559 | 750,58 | 751,82 | 755,02 |  0,00 | 1,335 | 44,35 | 44,35 |  0,00 | 2,030 | 332,98 | 332,98 |  0,36 | 259,524 | 338,72 | 339,95 |  0,00 | 1682,364 | 34,54 | 34,54 | 3408,796 |   NaN | NaN | 0,00 | 0,00 | NaN
  53 |  0,03 | 89,977 | 754,27 | 754,51 | 758,70 |  0,00 | 1,322 | 44,35 | 44,35 |  0,00 | 1,855 | 339,11 | 339,11 |  0,07 | 222,243 | 336,26 | 336,50 |  0,00 | 1733,957 | 34,54 | 34,54 | 3513,974 |   NaN | NaN | 0,00 | 0,00 | NaN
  54 |  0,00 | 85,047 | 748,08 | 748,08 | 752,51 |  0,00 | 1,325 | 44,35 | 44,35 |  0,00 | 1,643 | 337,04 | 337,04 |  0,00 | 208,115 | 332,15 | 332,15 |  0,00 | 1692,346 | 34,54 | 34,54 | 3429,521 |   NaN | NaN | 0,00 | 0,00 | NaN
  55 |  0,00 | 90,852 | 750,79 | 750,81 | 755,25 |  0,00 | 1,310 | 44,35 | 44,35 |  0,00 | 1,413 | 334,58 | 334,58 |  0,01 | 219,578 | 337,32 | 337,34 |  0,00 | 1817,837 | 34,54 | 34,54 | 3685,344 |   NaN | NaN | 0,00 | 0,00 | NaN
  56 |  0,14 | 89,351 | 748,31 | 749,37 | 752,76 |  0,00 | 1,316 | 44,35 | 44,35 |  0,00 | 1,778 | 334,46 | 334,46 |  0,31 | 223,305 | 334,96 | 336,02 |  0,00 | 1662,592 | 34,54 | 34,54 | 3368,704 |   NaN | NaN | 0,00 | 0,00 | NaN
  57 |  0,06 | 100,384 | 753,06 | 753,54 | 757,51 |  0,00 | 1,313 | 44,35 | 44,35 |  0,00 | 1,551 | 336,11 | 336,11 |  0,14 | 263,140 | 338,06 | 338,54 |  0,00 | 1635,354 | 34,54 | 34,54 | 3313,076 |   NaN | NaN | 0,00 | 0,00 | NaN
  58 |  0,00 | 96,791 | 753,26 | 753,26 | 757,71 |  0,00 | 1,341 | 44,35 | 44,35 |  0,00 | 2,230 | 337,07 | 337,07 |  0,00 | 250,183 | 337,30 | 337,30 |  0,00 | 1638,897 | 34,54 | 34,54 | 3320,529 |   NaN | NaN | 0,00 | 0,00 | NaN
  59 |  0,25 | 117,380 | 757,02 | 758,94 | 761,50 |  0,00 | 1,360 | 44,35 | 44,35 |  0,00 | 1,435 | 337,19 | 337,19 |  0,56 | 307,056 | 340,94 | 342,86 |  0,00 | 1913,322 | 34,54 | 34,54 | 3878,932 |   NaN | NaN | 0,00 | 0,00 | NaN
  60 |  0,04 | 96,063 | 753,92 | 754,23 | 758,36 |  0,00 | 1,295 | 44,35 | 44,35 |  0,00 | 1,990 | 337,55 | 337,55 |  0,09 | 246,367 | 337,48 | 337,78 |  0,00 | 1667,903 | 34,54 | 34,54 | 3379,277 |   NaN | NaN | 0,00 | 0,00 | NaN
  61 |  0,14 | 110,172 | 756,36 | 757,42 | 760,79 |  0,00 | 1,318 | 44,35 | 44,35 |  0,00 | 1,736 | 339,05 | 339,05 |  0,31 | 292,547 | 338,42 | 339,48 |  0,00 | 1741,861 | 34,54 | 34,54 | 3530,283 |   NaN | NaN | 0,00 | 0,00 | NaN
  62 |  0,21 | 111,667 | 755,30 | 756,89 | 759,92 |  0,00 | 1,379 | 44,35 | 44,35 |  0,00 | 1,628 | 339,55 | 339,55 |  0,47 | 303,714 | 336,86 | 338,45 |  0,00 | 1655,310 | 34,54 | 34,54 | 3353,823 |   NaN | NaN | 0,00 | 0,00 | NaN
  63 |  0,14 | 113,074 | 753,34 | 754,37 | 757,79 |  0,00 | 1,335 | 44,35 | 44,35 |  0,00 | 1,757 | 339,28 | 339,28 |  0,31 | 301,984 | 335,17 | 336,20 |  0,00 | 1794,155 | 34,54 | 34,54 | 3637,334 |   NaN | NaN | 0,00 | 0,00 | NaN
  64 |  0,08 | 103,698 | 747,52 | 748,09 | 752,15 |  0,00 | 1,378 | 44,35 | 44,35 |  0,00 | 1,899 | 335,81 | 335,81 |  0,17 | 273,927 | 332,82 | 333,38 |  0,00 | 1693,514 | 34,54 | 34,54 | 3431,825 |   NaN | NaN | 0,00 | 0,00 | NaN

= = = = = = = = = = = = AVERAGE RESULTS system = = = = = = = = = = = =
meanPLR_system | 0,142685 
meanDelay_system | 100,561122 
meanLoad_system | 753,498424 
meanTHR_system | 752,419700 
meanGate_system | 756,898466 

meanPLR_EF_system | 0,000000 
meanPLR_AF_system | 0,000000 
meanPLR_BE_system | 0,318552 
meanPLR_FLA_system | 0,000000 
meanPLR_FLB_system | NaN 

meanTHR_EF_system | 44,352002 
meanTHR_AF_system | 337,598217 
meanTHR_BE_system | 335,930520 
meanTHR_FLA_system | 35,113191 
meanTHR_FLB_system | 0,000000 

meanLoad_EF_system | 44,352002 
meanLoad_AF_system | 337,598217 
meanLoad_BE_system | 337,009243 
meanLoad_FLA_system | 35,113191 
meanLoad_FLB_system | 0,000000 

meanDELAY_EF_system | 1,339477 
meanDELAY_AF_system | 2,216378 
meanDELAY_BE_system | 277,511311 
meanDELAY_FLA_system | 1396,595478 
meanDELAY_FLB_system | NaN 
meanDELAY_CompleteFLA_system | 2832,352035 
meanDELAY_CompleteFLB_system | NaN 

= = = = = = = = = = = = AVERAGE RESULTS = = = = = = = = = = = =
Packet Loss Ratio: 00,14 (%)
PROCESSED PACKAGES: 2205426617 
DISCARTED PACKAGES: 1974739 
TOTAL PACKAGES: 2207401356 
AVERAGE DELAY: 18895,90 (ms) 
AVERAGE THROUGHPUT: 752,42 (Mbps) 
GRANTED THROUGHPUT: 48441,50 (Mbps) By 64 ONUs
EFFECTIVE THROUGHPUT: 48154,86 (Mbps) By 64 ONUs
TOTAL LOAD: 48223,90 (Mbps) By 64 ONUs
ON Arrival THROUGHPUT: 0,00 (Mbps) By 64 ONUs
FINISHTIMEFL: 180,445006 
FINISHTIME: 183,445006 


fileName | IPACT_LBCONSTANTTOKENSBYCYCLE_4_30_90_0 
