
ONU ID 	|  PLR(%) | Delay(ms) | Throughput(Mbps) | Granted Throughput(Mbps) | Total Load (Mbps) 

  ID |  PLR(%) |  D  | Thr |  Gates  |  Load  | PLR-EF | D-EF | ThrEF | LoadEF | PLR-AF | D-AF | ThrAF | LoadAF | PLR-BE | D-BE | ThrBE | LoadBE | PLR-FA | D-FA | ThrFA | LoadFA | DTFA |  PLR-FB | D-FB | ThrFB | LoadFB | DTFB | 
   1 |  0,00 | 0,357 | 530,65 | 530,65 | 572,67 |  0,00 | 0,136 | 44,35 | 44,35 |  0,00 | 0,249 | 228,10 | 228,10 |  0,00 | 0,342 | 222,06 | 222,06 |  0,00 | 7,649 | 36,14 | 36,14 | 36,404 |   NaN | NaN | 0,00 | 0,00 | NaN
   2 |  0,00 | 0,767 | 532,89 | 532,89 | 579,92 |  0,00 | 0,148 | 44,35 | 44,35 |  0,00 | 0,165 | 227,93 | 227,93 |  0,00 | 0,217 | 224,47 | 224,47 |  0,00 | 30,646 | 36,14 | 36,14 | 104,983 |   NaN | NaN | 0,00 | 0,00 | NaN
   3 |  0,00 | 0,680 | 528,36 | 528,36 | 566,26 |  0,00 | 0,084 | 44,35 | 44,35 |  0,00 | 0,102 | 224,32 | 224,32 |  0,00 | 0,291 | 223,55 | 223,55 |  0,00 | 27,630 | 36,14 | 36,14 | 100,907 |   NaN | NaN | 0,00 | 0,00 | NaN
   4 |  0,00 | 0,329 | 534,09 | 534,09 | 571,87 |  0,00 | 0,090 | 44,35 | 44,35 |  0,00 | 0,215 | 228,26 | 228,26 |  0,00 | 0,397 | 225,33 | 225,33 |  0,00 | 7,143 | 36,14 | 36,14 | 35,249 |   NaN | NaN | 0,00 | 0,00 | NaN
   5 |  0,00 | 1,110 | 529,54 | 529,54 | 568,11 |  0,00 | 0,116 | 44,35 | 44,35 |  0,00 | 0,119 | 224,92 | 224,92 |  0,00 | 0,245 | 224,13 | 224,13 |  0,00 | 48,988 | 36,14 | 36,14 | 166,103 |   NaN | NaN | 0,00 | 0,00 | NaN
   6 |  0,00 | 0,835 | 532,66 | 532,66 | 569,71 |  0,00 | 0,067 | 44,35 | 44,35 |  0,00 | 0,076 | 226,43 | 226,43 |  0,00 | 0,310 | 225,73 | 225,73 |  0,00 | 36,200 | 36,14 | 36,14 | 127,634 |   NaN | NaN | 0,00 | 0,00 | NaN
   7 |  0,00 | 0,359 | 531,65 | 531,65 | 569,56 |  0,00 | 0,083 | 44,35 | 44,35 |  0,00 | 0,189 | 226,12 | 226,12 |  0,00 | 0,401 | 225,04 | 225,04 |  0,00 | 9,116 | 36,14 | 36,14 | 42,525 |   NaN | NaN | 0,00 | 0,00 | NaN
   8 |  0,00 | 0,781 | 531,36 | 531,36 | 572,62 |  0,00 | 0,133 | 44,35 | 44,35 |  0,00 | 0,146 | 224,57 | 224,57 |  0,00 | 0,235 | 226,29 | 226,29 |  0,00 | 31,712 | 36,14 | 36,14 | 117,109 |   NaN | NaN | 0,00 | 0,00 | NaN
   9 |  0,00 | 0,371 | 532,82 | 532,82 | 570,50 |  0,00 | 0,073 | 44,35 | 44,35 |  0,00 | 0,128 | 225,83 | 225,83 |  0,00 | 0,364 | 226,50 | 226,50 |  0,00 | 11,161 | 36,14 | 36,14 | 50,406 |   NaN | NaN | 0,00 | 0,00 | NaN
  10 |  0,00 | 0,368 | 529,81 | 529,81 | 571,10 |  0,00 | 0,133 | 44,35 | 44,35 |  0,00 | 0,271 | 225,24 | 225,24 |  0,00 | 0,363 | 224,08 | 224,08 |  0,00 | 7,754 | 36,14 | 36,14 | 36,430 |   NaN | NaN | 0,00 | 0,00 | NaN
  11 |  0,00 | 3,344 | 528,69 | 528,69 | 566,48 |  0,00 | 0,073 | 44,35 | 44,35 |  0,00 | 0,098 | 222,61 | 222,61 |  0,00 | 0,309 | 225,59 | 225,59 |  0,00 | 162,737 | 36,14 | 36,14 | 500,639 |   NaN | NaN | 0,00 | 0,00 | NaN
  12 |  0,00 | 0,817 | 530,48 | 530,48 | 572,46 |  0,00 | 0,135 | 44,35 | 44,35 |  0,00 | 0,141 | 224,86 | 224,86 |  0,00 | 0,219 | 225,13 | 225,13 |  0,00 | 33,710 | 36,14 | 36,14 | 121,855 |   NaN | NaN | 0,00 | 0,00 | NaN
  13 |  0,00 | 0,746 | 526,36 | 526,36 | 564,45 |  0,00 | 0,100 | 44,35 | 44,35 |  0,00 | 0,131 | 224,05 | 224,05 |  0,00 | 0,296 | 221,82 | 221,82 |  0,00 | 30,120 | 36,14 | 36,14 | 103,292 |   NaN | NaN | 0,00 | 0,00 | NaN
  14 |  0,00 | 1,114 | 531,89 | 531,89 | 575,85 |  0,00 | 0,141 | 44,35 | 44,35 |  0,00 | 0,146 | 225,74 | 225,74 |  0,00 | 0,215 | 225,65 | 225,65 |  0,00 | 48,675 | 36,14 | 36,14 | 164,876 |   NaN | NaN | 0,00 | 0,00 | NaN
  15 |  0,00 | 0,370 | 528,53 | 528,53 | 570,44 |  0,00 | 0,135 | 44,35 | 44,35 |  0,00 | 0,230 | 221,52 | 221,52 |  0,00 | 0,316 | 226,52 | 226,52 |  0,00 | 8,798 | 36,14 | 36,14 | 41,333 |   NaN | NaN | 0,00 | 0,00 | NaN
  16 |  0,00 | 0,497 | 536,09 | 536,09 | 575,86 |  0,00 | 0,126 | 44,35 | 44,35 |  0,00 | 0,167 | 225,97 | 225,97 |  0,00 | 0,275 | 229,62 | 229,62 |  0,00 | 16,800 | 36,14 | 36,14 | 68,626 |   NaN | NaN | 0,00 | 0,00 | NaN
  17 |  0,00 | 0,483 | 532,88 | 532,88 | 576,07 |  0,00 | 0,139 | 44,35 | 44,35 |  0,00 | 0,180 | 226,99 | 226,99 |  0,00 | 0,247 | 225,39 | 225,39 |  0,00 | 15,908 | 36,14 | 36,14 | 65,085 |   NaN | NaN | 0,00 | 0,00 | NaN
  18 |  0,00 | 2,143 | 528,57 | 528,57 | 567,08 |  0,00 | 0,116 | 44,35 | 44,35 |  0,00 | 0,123 | 224,00 | 224,00 |  0,00 | 0,247 | 224,08 | 224,08 |  0,00 | 101,157 | 36,14 | 36,14 | 369,270 |   NaN | NaN | 0,00 | 0,00 | NaN
  19 |  0,00 | 1,522 | 524,67 | 524,67 | 562,85 |  0,00 | 0,107 | 44,35 | 44,35 |  0,00 | 0,112 | 221,27 | 221,27 |  0,00 | 0,255 | 222,90 | 222,90 |  0,00 | 69,709 | 36,14 | 36,14 | 221,920 |   NaN | NaN | 0,00 | 0,00 | NaN
  20 |  0,00 | 3,153 | 527,44 | 527,44 | 565,44 |  0,00 | 0,102 | 44,35 | 44,35 |  0,00 | 0,120 | 225,45 | 225,45 |  0,00 | 0,275 | 221,49 | 221,49 |  0,00 | 152,268 | 36,14 | 36,14 | 518,445 |   NaN | NaN | 0,00 | 0,00 | NaN
  21 |  0,00 | 0,333 | 523,23 | 523,23 | 561,26 |  0,00 | 0,107 | 44,35 | 44,35 |  0,00 | 0,218 | 222,01 | 222,01 |  0,00 | 0,362 | 220,73 | 220,73 |  0,00 | 7,262 | 36,14 | 36,14 | 35,728 |   NaN | NaN | 0,00 | 0,00 | NaN
  22 |  0,00 | 1,261 | 533,83 | 533,83 | 579,66 |  0,00 | 0,146 | 44,35 | 44,35 |  0,00 | 0,148 | 229,33 | 229,33 |  0,00 | 0,212 | 224,01 | 224,01 |  0,00 | 56,137 | 36,14 | 36,14 | 189,098 |   NaN | NaN | 0,00 | 0,00 | NaN
  23 |  0,00 | 3,206 | 530,29 | 530,29 | 570,35 |  0,00 | 0,128 | 44,35 | 44,35 |  0,00 | 0,183 | 224,98 | 224,98 |  0,00 | 0,250 | 224,81 | 224,81 |  0,00 | 154,284 | 36,14 | 36,14 | 383,684 |   NaN | NaN | 0,00 | 0,00 | NaN
  24 |  0,00 | 0,823 | 533,31 | 533,31 | 571,27 |  0,00 | 0,089 | 44,35 | 44,35 |  0,00 | 0,103 | 225,20 | 225,20 |  0,00 | 0,283 | 227,61 | 227,61 |  0,00 | 34,993 | 36,14 | 36,14 | 117,632 |   NaN | NaN | 0,00 | 0,00 | NaN
  25 |  0,00 | 0,360 | 533,97 | 533,97 | 580,32 |  0,00 | 0,147 | 44,35 | 44,35 |  0,00 | 0,225 | 224,44 | 224,44 |  0,00 | 0,292 | 229,04 | 229,04 |  0,00 | 8,356 | 36,14 | 36,14 | 40,844 |   NaN | NaN | 0,00 | 0,00 | NaN
  26 |  0,00 | 0,400 | 528,46 | 528,46 | 573,17 |  0,00 | 0,143 | 44,35 | 44,35 |  0,00 | 0,254 | 224,64 | 224,64 |  0,00 | 0,350 | 223,32 | 223,32 |  0,00 | 9,475 | 36,14 | 36,14 | 40,486 |   NaN | NaN | 0,00 | 0,00 | NaN
  27 |  0,00 | 2,235 | 528,81 | 528,81 | 566,42 |  0,00 | 0,070 | 44,35 | 44,35 |  0,00 | 0,081 | 226,05 | 226,05 |  0,00 | 0,302 | 222,27 | 222,27 |  0,00 | 106,926 | 36,14 | 36,14 | 380,184 |   NaN | NaN | 0,00 | 0,00 | NaN
  28 |  0,00 | 3,493 | 526,05 | 526,05 | 568,21 |  0,00 | 0,136 | 44,35 | 44,35 |  0,00 | 0,187 | 225,18 | 225,18 |  0,00 | 0,312 | 220,38 | 220,38 |  0,00 | 167,119 | 36,14 | 36,14 | 411,883 |   NaN | NaN | 0,00 | 0,00 | NaN
  29 |  0,00 | 3,690 | 532,15 | 532,15 | 570,67 |  0,00 | 0,115 | 44,35 | 44,35 |  0,00 | 0,130 | 225,71 | 225,71 |  0,00 | 0,260 | 225,94 | 225,94 |  0,00 | 179,991 | 36,14 | 36,14 | 495,456 |   NaN | NaN | 0,00 | 0,00 | NaN
  30 |  0,00 | 2,600 | 528,66 | 528,66 | 574,68 |  0,00 | 0,146 | 44,35 | 44,35 |  0,00 | 0,155 | 223,63 | 223,63 |  0,00 | 0,214 | 224,54 | 224,54 |  0,00 | 123,586 | 36,14 | 36,14 | 488,003 |   NaN | NaN | 0,00 | 0,00 | NaN
  31 |  0,00 | 3,482 | 528,46 | 528,46 | 566,81 |  0,00 | 0,113 | 44,35 | 44,35 |  0,00 | 0,192 | 225,62 | 225,62 |  0,00 | 0,283 | 222,35 | 222,35 |  0,00 | 167,877 | 36,14 | 36,14 | 411,816 |   NaN | NaN | 0,00 | 0,00 | NaN
  32 |  0,00 | 3,332 | 532,09 | 532,09 | 569,69 |  0,00 | 0,070 | 44,35 | 44,35 |  0,00 | 0,099 | 225,31 | 225,31 |  0,00 | 0,335 | 226,29 | 226,29 |  0,00 | 162,457 | 36,14 | 36,14 | 506,604 |   NaN | NaN | 0,00 | 0,00 | NaN
  33 |  0,00 | 2,863 | 528,91 | 528,91 | 570,61 |  0,00 | 0,134 | 44,35 | 44,35 |  0,00 | 0,167 | 224,00 | 224,00 |  0,00 | 0,245 | 224,41 | 224,41 |  0,00 | 136,743 | 36,14 | 36,14 | 495,246 |   NaN | NaN | 0,00 | 0,00 | NaN
  34 |  0,00 | 2,103 | 528,76 | 528,76 | 568,41 |  0,00 | 0,126 | 44,35 | 44,35 |  0,00 | 0,132 | 224,95 | 224,95 |  0,00 | 0,235 | 223,31 | 223,31 |  0,00 | 98,978 | 36,14 | 36,14 | 326,474 |   NaN | NaN | 0,00 | 0,00 | NaN
  35 |  0,00 | 2,133 | 534,19 | 534,19 | 572,05 |  0,00 | 0,075 | 44,35 | 44,35 |  0,00 | 0,080 | 226,68 | 226,68 |  0,00 | 0,289 | 227,02 | 227,02 |  0,00 | 102,343 | 36,14 | 36,14 | 330,507 |   NaN | NaN | 0,00 | 0,00 | NaN
  36 |  0,00 | 2,145 | 528,98 | 528,98 | 569,18 |  0,00 | 0,128 | 44,35 | 44,35 |  0,00 | 0,142 | 222,07 | 222,07 |  0,00 | 0,233 | 226,42 | 226,42 |  0,00 | 100,956 | 36,14 | 36,14 | 343,629 |   NaN | NaN | 0,00 | 0,00 | NaN
  37 |  0,00 | 3,335 | 533,95 | 533,95 | 572,21 |  0,00 | 0,111 | 44,35 | 44,35 |  0,00 | 0,137 | 228,15 | 228,15 |  0,00 | 0,258 | 225,31 | 225,31 |  0,00 | 162,290 | 36,14 | 36,14 | 507,122 |   NaN | NaN | 0,00 | 0,00 | NaN
  38 |  0,00 | 2,496 | 532,83 | 532,83 | 570,88 |  0,00 | 0,102 | 44,35 | 44,35 |  0,00 | 0,105 | 226,33 | 226,33 |  0,00 | 0,257 | 226,00 | 226,00 |  0,00 | 120,042 | 36,14 | 36,14 | 458,673 |   NaN | NaN | 0,00 | 0,00 | NaN
  39 |  0,00 | 3,070 | 522,88 | 522,88 | 568,78 |  0,00 | 0,145 | 44,35 | 44,35 |  0,00 | 0,149 | 222,06 | 222,06 |  0,00 | 0,224 | 220,33 | 220,33 |  0,00 | 146,492 | 36,14 | 36,14 | 512,765 |   NaN | NaN | 0,00 | 0,00 | NaN
  40 |  0,00 | 2,317 | 525,91 | 525,91 | 571,74 |  0,00 | 0,145 | 44,35 | 44,35 |  0,00 | 0,152 | 224,86 | 224,86 |  0,00 | 0,221 | 220,55 | 220,55 |  0,00 | 108,913 | 36,14 | 36,14 | 392,074 |   NaN | NaN | 0,00 | 0,00 | NaN
  41 |  0,00 | 3,672 | 532,95 | 532,95 | 573,36 |  0,00 | 0,128 | 44,35 | 44,35 |  0,00 | 0,166 | 223,03 | 223,03 |  0,00 | 0,280 | 229,42 | 229,42 |  0,00 | 178,198 | 36,14 | 36,14 | 455,098 |   NaN | NaN | 0,00 | 0,00 | NaN
  42 |  0,00 | 3,672 | 534,45 | 534,45 | 572,29 |  0,00 | 0,074 | 44,35 | 44,35 |  0,00 | 0,091 | 226,66 | 226,66 |  0,00 | 0,304 | 227,30 | 227,30 |  0,00 | 180,546 | 36,14 | 36,14 | 497,149 |   NaN | NaN | 0,00 | 0,00 | NaN
  43 |  0,00 | 2,888 | 536,79 | 536,79 | 581,19 |  0,00 | 0,153 | 44,35 | 44,35 |  0,00 | 0,161 | 228,72 | 228,72 |  0,00 | 0,216 | 227,57 | 227,57 |  0,00 | 139,056 | 36,14 | 36,14 | 498,318 |   NaN | NaN | 0,00 | 0,00 | NaN
  44 |  0,00 | 3,533 | 532,67 | 532,67 | 569,82 |  0,00 | 0,067 | 44,35 | 44,35 |  0,00 | 0,181 | 224,57 | 224,57 |  0,00 | 0,386 | 227,61 | 227,61 |  0,00 | 171,275 | 36,14 | 36,14 | 433,756 |   NaN | NaN | 0,00 | 0,00 | NaN
  45 |  0,00 | 3,795 | 529,44 | 529,44 | 577,07 |  0,00 | 0,149 | 44,35 | 44,35 |  0,00 | 0,174 | 227,24 | 227,24 |  0,00 | 0,247 | 221,71 | 221,71 |  0,00 | 183,583 | 36,14 | 36,14 | 490,425 |   NaN | NaN | 0,00 | 0,00 | NaN
  46 |  0,00 | 3,145 | 529,77 | 529,77 | 567,68 |  0,00 | 0,088 | 44,35 | 44,35 |  0,00 | 0,103 | 223,40 | 223,40 |  0,00 | 0,288 | 225,87 | 225,87 |  0,00 | 152,571 | 36,14 | 36,14 | 512,103 |   NaN | NaN | 0,00 | 0,00 | NaN
  47 |  0,00 | 3,313 | 528,99 | 528,99 | 566,92 |  0,00 | 0,086 | 44,35 | 44,35 |  0,00 | 0,139 | 225,92 | 225,92 |  0,00 | 0,304 | 222,58 | 222,58 |  0,00 | 160,471 | 36,14 | 36,14 | 394,319 |   NaN | NaN | 0,00 | 0,00 | NaN
  48 |  0,00 | 3,533 | 528,27 | 528,27 | 566,85 |  0,00 | 0,116 | 44,35 | 44,35 |  0,00 | 0,134 | 223,72 | 223,72 |  0,00 | 0,296 | 224,06 | 224,06 |  0,00 | 170,868 | 36,14 | 36,14 | 430,767 |   NaN | NaN | 0,00 | 0,00 | NaN
  49 |  0,00 | 3,381 | 528,59 | 528,59 | 568,73 |  0,00 | 0,128 | 44,35 | 44,35 |  0,00 | 0,167 | 225,20 | 225,20 |  0,00 | 0,300 | 222,89 | 222,89 |  0,00 | 162,460 | 36,14 | 36,14 | 397,891 |   NaN | NaN | 0,00 | 0,00 | NaN
  50 |  0,00 | 2,965 | 532,06 | 532,06 | 570,01 |  0,00 | 0,082 | 44,35 | 44,35 |  0,00 | 0,092 | 226,99 | 226,99 |  0,00 | 0,285 | 224,58 | 224,58 |  0,00 | 144,122 | 36,14 | 36,14 | 500,418 |   NaN | NaN | 0,00 | 0,00 | NaN
  51 |  0,00 | 3,484 | 530,65 | 530,65 | 568,56 |  0,00 | 0,080 | 44,35 | 44,35 |  0,00 | 0,181 | 224,41 | 224,41 |  0,00 | 0,335 | 225,74 | 225,74 |  0,00 | 168,718 | 36,14 | 36,14 | 435,098 |   NaN | NaN | 0,00 | 0,00 | NaN
  52 |  0,00 | 3,654 | 530,55 | 530,55 | 568,77 |  0,00 | 0,107 | 44,35 | 44,35 |  0,00 | 0,157 | 222,26 | 222,26 |  0,00 | 0,323 | 227,80 | 227,80 |  0,00 | 176,988 | 36,14 | 36,14 | 470,165 |   NaN | NaN | 0,00 | 0,00 | NaN
  53 |  0,00 | 3,372 | 531,39 | 531,39 | 569,38 |  0,00 | 0,094 | 44,35 | 44,35 |  0,00 | 0,116 | 226,48 | 226,48 |  0,00 | 0,271 | 224,42 | 224,42 |  0,00 | 164,273 | 36,14 | 36,14 | 517,980 |   NaN | NaN | 0,00 | 0,00 | NaN
  54 |  0,00 | 3,472 | 526,90 | 526,90 | 564,85 |  0,00 | 0,096 | 44,35 | 44,35 |  0,00 | 0,128 | 225,05 | 225,05 |  0,00 | 0,294 | 221,36 | 221,36 |  0,00 | 168,129 | 36,14 | 36,14 | 467,203 |   NaN | NaN | 0,00 | 0,00 | NaN
  55 |  0,00 | 2,297 | 527,98 | 527,98 | 565,89 |  0,00 | 0,082 | 44,35 | 44,35 |  0,00 | 0,089 | 222,76 | 222,76 |  0,00 | 0,285 | 224,73 | 224,73 |  0,00 | 109,791 | 36,14 | 36,14 | 427,276 |   NaN | NaN | 0,00 | 0,00 | NaN
  56 |  0,00 | 3,609 | 527,22 | 527,22 | 565,16 |  0,00 | 0,087 | 44,35 | 44,35 |  0,00 | 0,134 | 223,24 | 223,24 |  0,00 | 0,330 | 223,49 | 223,49 |  0,00 | 174,884 | 36,14 | 36,14 | 444,963 |   NaN | NaN | 0,00 | 0,00 | NaN
  57 |  0,00 | 3,420 | 530,02 | 530,02 | 567,99 |  0,00 | 0,084 | 44,35 | 44,35 |  0,00 | 0,108 | 224,34 | 224,34 |  0,00 | 0,326 | 225,19 | 225,19 |  0,00 | 166,191 | 36,14 | 36,14 | 408,585 |   NaN | NaN | 0,00 | 0,00 | NaN
  58 |  0,00 | 3,337 | 530,92 | 530,92 | 569,33 |  0,00 | 0,113 | 44,35 | 44,35 |  0,00 | 0,222 | 225,36 | 225,36 |  0,00 | 0,333 | 225,07 | 225,07 |  0,00 | 159,978 | 36,14 | 36,14 | 398,412 |   NaN | NaN | 0,00 | 0,00 | NaN
  59 |  0,00 | 2,196 | 533,90 | 533,90 | 575,00 |  0,00 | 0,132 | 44,35 | 44,35 |  0,00 | 0,135 | 224,69 | 224,69 |  0,00 | 0,224 | 228,71 | 228,71 |  0,00 | 104,133 | 36,14 | 36,14 | 349,290 |   NaN | NaN | 0,00 | 0,00 | NaN
  60 |  0,00 | 3,583 | 530,20 | 530,20 | 567,62 |  0,00 | 0,069 | 44,35 | 44,35 |  0,00 | 0,155 | 224,74 | 224,74 |  0,00 | 0,367 | 224,96 | 224,96 |  0,00 | 173,889 | 36,14 | 36,14 | 447,476 |   NaN | NaN | 0,00 | 0,00 | NaN
  61 |  0,00 | 3,108 | 533,39 | 533,39 | 571,38 |  0,00 | 0,089 | 44,35 | 44,35 |  0,00 | 0,109 | 226,55 | 226,55 |  0,00 | 0,288 | 226,34 | 226,34 |  0,00 | 151,158 | 36,14 | 36,14 | 500,015 |   NaN | NaN | 0,00 | 0,00 | NaN
  62 |  0,00 | 3,621 | 533,30 | 533,30 | 581,63 |  0,00 | 0,151 | 44,35 | 44,35 |  0,00 | 0,203 | 226,85 | 226,85 |  0,00 | 0,232 | 225,95 | 225,95 |  0,00 | 175,194 | 36,14 | 36,14 | 438,710 |   NaN | NaN | 0,00 | 0,00 | NaN
  63 |  0,00 | 2,433 | 530,92 | 530,92 | 569,07 |  0,00 | 0,106 | 44,35 | 44,35 |  0,00 | 0,116 | 226,23 | 226,23 |  0,00 | 0,259 | 224,20 | 224,20 |  0,00 | 116,367 | 36,14 | 36,14 | 453,844 |   NaN | NaN | 0,00 | 0,00 | NaN
  64 |  0,00 | 3,613 | 527,60 | 527,60 | 575,58 |  0,00 | 0,150 | 44,35 | 44,35 |  0,00 | 0,191 | 223,94 | 223,94 |  0,00 | 0,256 | 223,16 | 223,16 |  0,00 | 173,697 | 36,14 | 36,14 | 478,247 |   NaN | NaN | 0,00 | 0,00 | NaN

= = = = = = = = = = = = AVERAGE RESULTS system = = = = = = = = = = = =
meanPLR_system | 0,000000 
meanDelay_system | 2,264357 
meanLoad_system | 530,376213 
meanTHR_system | 530,376213 
meanGate_system | 570,621413 

meanPLR_EF_system | 0,000000 
meanPLR_AF_system | 0,000000 
meanPLR_BE_system | 0,000000 
meanPLR_FLA_system | 0,000000 
meanPLR_FLB_system | NaN 

meanTHR_EF_system | 44,352004 
meanTHR_AF_system | 225,120631 
meanTHR_BE_system | 224,761292 
meanTHR_FLA_system | 36,771551 
meanTHR_FLB_system | 0,000000 

meanLoad_EF_system | 44,352004 
meanLoad_AF_system | 225,120631 
meanLoad_BE_system | 224,761292 
meanLoad_FLA_system | 36,771551 
meanLoad_FLB_system | 0,000000 

meanDELAY_EF_system | 0,111322 
meanDELAY_AF_system | 0,149990 
meanDELAY_BE_system | 0,285405 
meanDELAY_FLA_system | 106,869443 
meanDELAY_FLB_system | NaN 
meanDELAY_CompleteFLA_system | 323,570443 
meanDELAY_CompleteFLB_system | NaN 

= = = = = = = = = = = = AVERAGE RESULTS = = = = = = = = = = = =
Packet Loss Ratio: 00,00 (%)
PROCESSED PACKAGES: 1715021646 
DISCARTED PACKAGES: 0 
TOTAL PACKAGES: 1715021646 
AVERAGE DELAY: 346,07 (ms) 
AVERAGE THROUGHPUT: 530,38 (Mbps) 
GRANTED THROUGHPUT: 36519,77 (Mbps) By 64 ONUs
EFFECTIVE THROUGHPUT: 33944,08 (Mbps) By 64 ONUs
TOTAL LOAD: 33944,08 (Mbps) By 64 ONUs
ON Arrival THROUGHPUT: 0,00 (Mbps) By 64 ONUs
FINISHTIMEFL: 172,307118 
FINISHTIME: 175,307118 


fileName | IPACT_LBVARIBLETOKENSBYCYCLE_4_30_60_0 
