
ONU ID 	|  PLR(%) | Delay(ms) | Throughput(Mbps) | Granted Throughput(Mbps) | Total Load (Mbps) 

  ID |  PLR(%) |  D  | Thr |  Gates  |  Load  | PLR-EF | D-EF | ThrEF | LoadEF | PLR-AF | D-AF | ThrAF | LoadAF | PLR-BE | D-BE | ThrBE | LoadBE | PLR-FA | D-FA | ThrFA | LoadFA | DTFA |  PLR-FB | D-FB | ThrFB | LoadFB | DTFB | 
   1 |  0,00 | 2,319 | 564,00 | 564,00 | 605,97 |  0,00 | 0,130 | 44,35 | 44,35 |  0,00 | 0,205 | 247,89 | 247,89 |  0,00 | 0,277 | 243,53 | 243,53 |  0,00 | 144,229 | 28,22 | 28,22 | 308,814 |   NaN | NaN | 0,00 | 0,00 | NaN
   2 |  0,00 | 15,859 | 561,85 | 561,85 | 608,74 |  0,00 | 0,142 | 44,35 | 44,35 |  0,00 | 0,155 | 246,65 | 246,65 |  0,00 | 0,215 | 242,63 | 242,63 |  0,00 | 1057,221 | 28,22 | 28,22 | 2134,945 |   NaN | NaN | 0,00 | 0,00 | NaN
   3 |  0,00 | 14,827 | 557,23 | 557,23 | 595,46 |  0,00 | 0,079 | 44,35 | 44,35 |  0,00 | 0,084 | 241,76 | 241,76 |  0,00 | 0,272 | 242,90 | 242,90 |  0,00 | 985,574 | 28,22 | 28,22 | 1991,567 |   NaN | NaN | 0,00 | 0,00 | NaN
   4 |  0,00 | 0,476 | 563,14 | 563,14 | 601,51 |  0,00 | 0,084 | 44,35 | 44,35 |  0,00 | 0,276 | 246,67 | 246,67 |  0,00 | 0,501 | 243,89 | 243,89 |  0,00 | 16,532 | 28,22 | 28,22 | 53,336 |   NaN | NaN | 0,00 | 0,00 | NaN
   5 |  0,00 | 22,371 | 556,86 | 556,86 | 595,53 |  0,00 | 0,110 | 44,35 | 44,35 |  0,00 | 0,116 | 242,94 | 242,94 |  0,00 | 0,237 | 241,34 | 241,34 |  0,00 | 1489,674 | 28,22 | 28,22 | 2999,669 |   NaN | NaN | 0,00 | 0,00 | NaN
   6 |  0,00 | 17,962 | 561,40 | 561,40 | 599,09 |  0,00 | 0,060 | 44,35 | 44,35 |  0,00 | 0,064 | 245,39 | 245,39 |  0,00 | 0,295 | 243,44 | 243,44 |  0,00 | 1201,225 | 28,22 | 28,22 | 2422,802 |   NaN | NaN | 0,00 | 0,00 | NaN
   7 |  0,00 | 5,996 | 560,21 | 560,21 | 598,38 |  0,00 | 0,077 | 44,35 | 44,35 |  0,00 | 0,082 | 243,39 | 243,39 |  0,00 | 0,274 | 244,25 | 244,25 |  0,00 | 394,734 | 28,22 | 28,22 | 809,757 |   NaN | NaN | 0,00 | 0,00 | NaN
   8 |  0,00 | 16,613 | 564,00 | 564,00 | 605,03 |  0,00 | 0,127 | 44,35 | 44,35 |  0,00 | 0,133 | 245,13 | 245,13 |  0,00 | 0,216 | 246,29 | 246,29 |  0,00 | 1111,191 | 28,22 | 28,22 | 2242,810 |   NaN | NaN | 0,00 | 0,00 | NaN
   9 |  0,00 | 10,303 | 561,37 | 561,37 | 599,52 |  0,00 | 0,067 | 44,35 | 44,35 |  0,00 | 0,072 | 244,13 | 244,13 |  0,00 | 0,287 | 244,67 | 244,67 |  0,00 | 685,473 | 28,22 | 28,22 | 1391,409 |   NaN | NaN | 0,00 | 0,00 | NaN
  10 |  0,00 | 1,327 | 560,28 | 560,28 | 601,55 |  0,00 | 0,127 | 44,35 | 44,35 |  0,00 | 0,266 | 244,84 | 244,84 |  0,00 | 0,391 | 242,87 | 242,87 |  0,00 | 74,253 | 28,22 | 28,22 | 168,614 |   NaN | NaN | 0,00 | 0,00 | NaN
  11 |  0,00 | 32,394 | 559,81 | 559,81 | 597,96 |  0,00 | 0,067 | 44,35 | 44,35 |  0,00 | 0,081 | 243,11 | 243,11 |  0,00 | 0,330 | 244,12 | 244,12 |  0,00 | 2168,298 | 28,22 | 28,22 | 4356,767 |   NaN | NaN | 0,00 | 0,00 | NaN
  12 |  0,00 | 18,964 | 560,73 | 560,73 | 602,49 |  0,00 | 0,129 | 44,35 | 44,35 |  0,00 | 0,135 | 243,50 | 243,50 |  0,00 | 0,213 | 244,66 | 244,66 |  0,00 | 1265,815 | 28,22 | 28,22 | 2551,994 |   NaN | NaN | 0,00 | 0,00 | NaN
  13 |  0,00 | 15,895 | 553,87 | 553,87 | 592,15 |  0,00 | 0,094 | 44,35 | 44,35 |  0,00 | 0,100 | 242,23 | 242,23 |  0,00 | 0,260 | 239,07 | 239,07 |  0,00 | 1053,125 | 28,22 | 28,22 | 2126,746 |   NaN | NaN | 0,00 | 0,00 | NaN
  14 |  0,00 | 22,297 | 563,33 | 563,33 | 607,08 |  0,00 | 0,135 | 44,35 | 44,35 |  0,00 | 0,138 | 244,75 | 244,75 |  0,00 | 0,209 | 246,01 | 246,01 |  0,00 | 1493,515 | 28,22 | 28,22 | 3007,383 |   NaN | NaN | 0,00 | 0,00 | NaN
  15 |  0,00 | 6,322 | 559,50 | 559,50 | 601,34 |  0,00 | 0,129 | 44,35 | 44,35 |  0,00 | 0,145 | 240,74 | 240,74 |  0,00 | 0,222 | 246,18 | 246,18 |  0,00 | 414,395 | 28,22 | 28,22 | 849,263 |   NaN | NaN | 0,00 | 0,00 | NaN
  16 |  0,00 | 12,630 | 565,90 | 565,90 | 605,60 |  0,00 | 0,121 | 44,35 | 44,35 |  0,00 | 0,125 | 245,53 | 245,53 |  0,00 | 0,221 | 247,80 | 247,80 |  0,00 | 844,230 | 28,22 | 28,22 | 1708,752 |   NaN | NaN | 0,00 | 0,00 | NaN
  17 |  0,00 | 11,885 | 561,35 | 561,35 | 604,39 |  0,00 | 0,133 | 44,35 | 44,35 |  0,00 | 0,137 | 245,42 | 245,42 |  0,00 | 0,209 | 243,36 | 243,36 |  0,00 | 789,869 | 28,22 | 28,22 | 1600,058 |   NaN | NaN | 0,00 | 0,00 | NaN
  18 |  0,00 | 35,140 | 558,18 | 558,18 | 596,83 |  0,00 | 0,110 | 44,35 | 44,35 |  0,00 | 0,119 | 243,30 | 243,30 |  0,00 | 0,239 | 242,30 | 242,30 |  0,00 | 2348,543 | 28,22 | 28,22 | 4717,202 |   NaN | NaN | 0,00 | 0,00 | NaN
  19 |  0,00 | 27,816 | 555,15 | 555,15 | 593,53 |  0,00 | 0,101 | 44,35 | 44,35 |  0,00 | 0,105 | 240,70 | 240,70 |  0,00 | 0,245 | 241,87 | 241,87 |  0,00 | 1851,878 | 28,22 | 28,22 | 3723,990 |   NaN | NaN | 0,00 | 0,00 | NaN
  20 |  0,00 | 33,121 | 555,06 | 555,06 | 593,31 |  0,00 | 0,097 | 44,35 | 44,35 |  0,00 | 0,131 | 243,65 | 243,65 |  0,00 | 0,282 | 238,83 | 238,83 |  0,00 | 2205,785 | 28,22 | 28,22 | 4431,875 |   NaN | NaN | 0,00 | 0,00 | NaN
  21 |  0,00 | 4,282 | 553,06 | 553,06 | 591,41 |  0,00 | 0,101 | 44,35 | 44,35 |  0,00 | 0,120 | 241,09 | 241,09 |  0,00 | 0,261 | 239,40 | 239,40 |  0,00 | 276,373 | 28,22 | 28,22 | 573,293 |   NaN | NaN | 0,00 | 0,00 | NaN
  22 |  0,00 | 23,623 | 563,15 | 563,15 | 608,82 |  0,00 | 0,140 | 44,35 | 44,35 |  0,00 | 0,143 | 247,92 | 247,92 |  0,00 | 0,205 | 242,66 | 242,66 |  0,00 | 1582,712 | 28,22 | 28,22 | 3185,750 |   NaN | NaN | 0,00 | 0,00 | NaN
  23 |  0,00 | 30,696 | 561,32 | 561,32 | 601,17 |  0,00 | 0,122 | 44,35 | 44,35 |  0,00 | 0,148 | 244,72 | 244,72 |  0,00 | 0,282 | 244,02 | 244,02 |  0,00 | 2055,028 | 28,22 | 28,22 | 4129,825 |   NaN | NaN | 0,00 | 0,00 | NaN
  24 |  0,00 | 15,964 | 564,42 | 564,42 | 602,66 |  0,00 | 0,083 | 44,35 | 44,35 |  0,00 | 0,091 | 245,27 | 245,27 |  0,00 | 0,268 | 246,58 | 246,58 |  0,00 | 1069,123 | 28,22 | 28,22 | 2158,644 |   NaN | NaN | 0,00 | 0,00 | NaN
  25 |  0,00 | 7,417 | 562,05 | 562,05 | 608,37 |  0,00 | 0,141 | 44,35 | 44,35 |  0,00 | 0,154 | 241,94 | 241,94 |  0,00 | 0,209 | 247,54 | 247,54 |  0,00 | 488,896 | 28,22 | 28,22 | 998,099 |   NaN | NaN | 0,00 | 0,00 | NaN
  26 |  0,00 | 5,667 | 558,41 | 558,41 | 603,01 |  0,00 | 0,137 | 44,35 | 44,35 |  0,00 | 0,147 | 243,72 | 243,72 |  0,00 | 0,213 | 242,11 | 242,11 |  0,00 | 369,840 | 28,22 | 28,22 | 760,102 |   NaN | NaN | 0,00 | 0,00 | NaN
  27 |  0,00 | 35,542 | 558,09 | 558,09 | 596,13 |  0,00 | 0,064 | 44,35 | 44,35 |  0,00 | 0,070 | 244,72 | 244,72 |  0,00 | 0,291 | 240,79 | 240,79 |  0,00 | 2376,765 | 28,22 | 28,22 | 4773,800 |   NaN | NaN | 0,00 | 0,00 | NaN
  28 |  0,00 | 30,911 | 555,47 | 555,47 | 597,42 |  0,00 | 0,130 | 44,35 | 44,35 |  0,00 | 0,200 | 242,91 | 242,91 |  0,00 | 0,313 | 239,98 | 239,98 |  0,00 | 2056,010 | 28,22 | 28,22 | 4132,322 |   NaN | NaN | 0,00 | 0,00 | NaN
  29 |  0,00 | 31,953 | 560,48 | 560,48 | 599,07 |  0,00 | 0,109 | 44,35 | 44,35 |  0,00 | 0,144 | 242,76 | 242,76 |  0,00 | 0,273 | 245,15 | 245,15 |  0,00 | 2138,497 | 28,22 | 28,22 | 4297,281 |   NaN | NaN | 0,00 | 0,00 | NaN
  30 |  0,00 | 34,070 | 559,19 | 559,19 | 605,00 |  0,00 | 0,140 | 44,35 | 44,35 |  0,00 | 0,144 | 242,91 | 242,91 |  0,00 | 0,203 | 243,71 | 243,71 |  0,00 | 2278,134 | 28,22 | 28,22 | 4576,431 |   NaN | NaN | 0,00 | 0,00 | NaN
  31 |  0,00 | 30,718 | 558,68 | 558,68 | 597,21 |  0,00 | 0,107 | 44,35 | 44,35 |  0,00 | 0,132 | 244,16 | 244,16 |  0,00 | 0,306 | 241,94 | 241,94 |  0,00 | 2051,587 | 28,22 | 28,22 | 4123,321 |   NaN | NaN | 0,00 | 0,00 | NaN
  32 |  0,00 | 32,437 | 562,03 | 562,03 | 600,09 |  0,00 | 0,064 | 44,35 | 44,35 |  0,00 | 0,092 | 244,20 | 244,20 |  0,00 | 0,318 | 245,25 | 245,25 |  0,00 | 2176,102 | 28,22 | 28,22 | 4372,493 |   NaN | NaN | 0,00 | 0,00 | NaN
  33 |  0,00 | 33,554 | 557,80 | 557,80 | 599,22 |  0,00 | 0,128 | 44,35 | 44,35 |  0,00 | 0,163 | 242,26 | 242,26 |  0,00 | 0,247 | 242,97 | 242,97 |  0,00 | 2239,580 | 28,22 | 28,22 | 4499,523 |   NaN | NaN | 0,00 | 0,00 | NaN
  34 |  0,00 | 36,706 | 559,33 | 559,33 | 598,85 |  0,00 | 0,120 | 44,35 | 44,35 |  0,00 | 0,126 | 242,78 | 242,78 |  0,00 | 0,225 | 243,97 | 243,97 |  0,00 | 2455,994 | 28,22 | 28,22 | 4932,166 |   NaN | NaN | 0,00 | 0,00 | NaN
  35 |  0,00 | 37,782 | 562,03 | 562,03 | 600,19 |  0,00 | 0,069 | 44,35 | 44,35 |  0,00 | 0,072 | 244,81 | 244,81 |  0,00 | 0,283 | 244,65 | 244,65 |  0,00 | 2536,900 | 28,22 | 28,22 | 5093,963 |   NaN | NaN | 0,00 | 0,00 | NaN
  36 |  0,00 | 36,086 | 558,48 | 558,48 | 598,52 |  0,00 | 0,122 | 44,35 | 44,35 |  0,00 | 0,127 | 241,80 | 241,80 |  0,00 | 0,222 | 244,10 | 244,10 |  0,00 | 2412,504 | 28,22 | 28,22 | 4845,232 |   NaN | NaN | 0,00 | 0,00 | NaN
  37 |  0,00 | 32,501 | 563,44 | 563,44 | 601,89 |  0,00 | 0,105 | 44,35 | 44,35 |  0,00 | 0,128 | 246,82 | 246,82 |  0,00 | 0,277 | 244,04 | 244,04 |  0,00 | 2182,254 | 28,22 | 28,22 | 4384,798 |   NaN | NaN | 0,00 | 0,00 | NaN
  38 |  0,00 | 34,259 | 563,78 | 563,78 | 602,08 |  0,00 | 0,096 | 44,35 | 44,35 |  0,00 | 0,103 | 245,49 | 245,49 |  0,00 | 0,252 | 245,72 | 245,72 |  0,00 | 2302,783 | 28,22 | 28,22 | 4625,857 |   NaN | NaN | 0,00 | 0,00 | NaN
  39 |  0,00 | 33,519 | 554,82 | 554,82 | 600,53 |  0,00 | 0,140 | 44,35 | 44,35 |  0,00 | 0,154 | 242,57 | 242,57 |  0,00 | 0,227 | 239,68 | 239,68 |  0,00 | 2230,998 | 28,22 | 28,22 | 4482,469 |   NaN | NaN | 0,00 | 0,00 | NaN
  40 |  0,00 | 35,578 | 554,17 | 554,17 | 599,85 |  0,00 | 0,140 | 44,35 | 44,35 |  0,00 | 0,149 | 242,81 | 242,81 |  0,00 | 0,212 | 238,78 | 238,78 |  0,00 | 2367,164 | 28,22 | 28,22 | 4754,538 |   NaN | NaN | 0,00 | 0,00 | NaN
  41 |  0,00 | 31,285 | 563,58 | 563,58 | 603,75 |  0,00 | 0,123 | 44,35 | 44,35 |  0,00 | 0,162 | 243,63 | 243,63 |  0,00 | 0,265 | 247,38 | 247,38 |  0,00 | 2099,540 | 28,22 | 28,22 | 4219,369 |   NaN | NaN | 0,00 | 0,00 | NaN
  42 |  0,00 | 31,896 | 562,28 | 562,28 | 600,43 |  0,00 | 0,068 | 44,35 | 44,35 |  0,00 | 0,101 | 244,31 | 244,31 |  0,00 | 0,351 | 245,40 | 245,40 |  0,00 | 2139,521 | 28,22 | 28,22 | 4299,276 |   NaN | NaN | 0,00 | 0,00 | NaN
  43 |  0,00 | 33,119 | 564,92 | 564,92 | 609,41 |  0,00 | 0,147 | 44,35 | 44,35 |  0,00 | 0,165 | 246,67 | 246,67 |  0,00 | 0,213 | 245,68 | 245,68 |  0,00 | 2226,217 | 28,22 | 28,22 | 4472,963 |   NaN | NaN | 0,00 | 0,00 | NaN
  44 |  0,00 | 31,122 | 562,30 | 562,30 | 600,05 |  0,00 | 0,060 | 44,35 | 44,35 |  0,00 | 0,099 | 244,59 | 244,59 |  0,00 | 0,396 | 245,14 | 245,14 |  0,00 | 2086,731 | 28,22 | 28,22 | 4193,730 |   NaN | NaN | 0,00 | 0,00 | NaN
  45 |  0,00 | 31,817 | 561,12 | 561,12 | 608,55 |  0,00 | 0,143 | 44,35 | 44,35 |  0,00 | 0,172 | 246,28 | 246,28 |  0,00 | 0,281 | 242,27 | 242,27 |  0,00 | 2128,855 | 28,22 | 28,22 | 4278,035 |   NaN | NaN | 0,00 | 0,00 | NaN
  46 |  0,00 | 32,991 | 560,45 | 560,45 | 598,66 |  0,00 | 0,082 | 44,35 | 44,35 |  0,00 | 0,096 | 243,74 | 243,74 |  0,00 | 0,282 | 244,14 | 244,14 |  0,00 | 2209,774 | 28,22 | 28,22 | 4439,870 |   NaN | NaN | 0,00 | 0,00 | NaN
  47 |  0,00 | 30,391 | 560,53 | 560,53 | 598,77 |  0,00 | 0,080 | 44,35 | 44,35 |  0,00 | 0,126 | 246,00 | 246,00 |  0,00 | 0,353 | 241,96 | 241,96 |  0,00 | 2033,524 | 28,22 | 28,22 | 4087,057 |   NaN | NaN | 0,00 | 0,00 | NaN
  48 |  0,00 | 31,125 | 558,15 | 558,15 | 596,80 |  0,00 | 0,110 | 44,35 | 44,35 |  0,00 | 0,154 | 243,20 | 243,20 |  0,00 | 0,308 | 242,38 | 242,38 |  0,00 | 2077,478 | 28,22 | 28,22 | 4175,203 |   NaN | NaN | 0,00 | 0,00 | NaN
  49 |  0,00 | 30,370 | 559,55 | 559,55 | 599,53 |  0,00 | 0,122 | 44,35 | 44,35 |  0,00 | 0,174 | 244,79 | 244,79 |  0,00 | 0,261 | 242,19 | 242,19 |  0,00 | 2029,517 | 28,22 | 28,22 | 4079,062 |   NaN | NaN | 0,00 | 0,00 | NaN
  50 |  0,00 | 33,149 | 561,32 | 561,32 | 599,51 |  0,00 | 0,076 | 44,35 | 44,35 |  0,00 | 0,090 | 246,18 | 246,18 |  0,00 | 0,294 | 242,56 | 242,56 |  0,00 | 2222,412 | 28,22 | 28,22 | 4465,352 |   NaN | NaN | 0,00 | 0,00 | NaN
  51 |  0,00 | 31,302 | 561,43 | 561,43 | 599,61 |  0,00 | 0,074 | 44,35 | 44,35 |  0,00 | 0,097 | 243,24 | 243,24 |  0,00 | 0,345 | 245,61 | 245,61 |  0,00 | 2097,633 | 28,22 | 28,22 | 4215,562 |   NaN | NaN | 0,00 | 0,00 | NaN
  52 |  0,00 | 31,721 | 557,03 | 557,03 | 595,41 |  0,00 | 0,101 | 44,35 | 44,35 |  0,00 | 0,150 | 240,32 | 240,32 |  0,00 | 0,310 | 244,14 | 244,14 |  0,00 | 2115,122 | 28,22 | 28,22 | 4250,918 |   NaN | NaN | 0,00 | 0,00 | NaN
  53 |  0,00 | 32,584 | 561,54 | 561,54 | 599,76 |  0,00 | 0,088 | 44,35 | 44,35 |  0,00 | 0,115 | 244,83 | 244,83 |  0,00 | 0,298 | 244,14 | 244,14 |  0,00 | 2184,018 | 28,22 | 28,22 | 4388,234 |   NaN | NaN | 0,00 | 0,00 | NaN
  54 |  0,00 | 31,960 | 557,08 | 557,08 | 595,30 |  0,00 | 0,091 | 44,35 | 44,35 |  0,00 | 0,134 | 243,91 | 243,91 |  0,00 | 0,312 | 240,60 | 240,60 |  0,00 | 2132,395 | 28,22 | 28,22 | 4285,152 |   NaN | NaN | 0,00 | 0,00 | NaN
  55 |  0,00 | 34,303 | 559,19 | 559,19 | 597,43 |  0,00 | 0,076 | 44,35 | 44,35 |  0,00 | 0,080 | 242,68 | 242,68 |  0,00 | 0,274 | 243,94 | 243,94 |  0,00 | 2295,858 | 28,22 | 28,22 | 4611,984 |   NaN | NaN | 0,00 | 0,00 | NaN
  56 |  0,00 | 31,112 | 557,70 | 557,70 | 595,93 |  0,00 | 0,081 | 44,35 | 44,35 |  0,00 | 0,145 | 241,99 | 241,99 |  0,00 | 0,352 | 243,13 | 243,13 |  0,00 | 2076,069 | 28,22 | 28,22 | 4172,364 |   NaN | NaN | 0,00 | 0,00 | NaN
  57 |  0,00 | 30,608 | 560,89 | 560,89 | 599,10 |  0,00 | 0,078 | 44,35 | 44,35 |  0,00 | 0,128 | 243,82 | 243,82 |  0,00 | 0,339 | 244,50 | 244,50 |  0,00 | 2049,195 | 28,22 | 28,22 | 4118,364 |   NaN | NaN | 0,00 | 0,00 | NaN
  58 |  0,00 | 30,805 | 560,03 | 560,03 | 598,60 |  0,00 | 0,107 | 44,35 | 44,35 |  0,00 | 0,146 | 243,20 | 243,20 |  0,00 | 0,287 | 244,26 | 244,26 |  0,00 | 2060,209 | 28,22 | 28,22 | 4140,238 |   NaN | NaN | 0,00 | 0,00 | NaN
  59 |  0,00 | 36,304 | 563,70 | 563,70 | 604,61 |  0,00 | 0,126 | 44,35 | 44,35 |  0,00 | 0,131 | 244,33 | 244,33 |  0,00 | 0,218 | 246,79 | 246,79 |  0,00 | 2439,505 | 28,22 | 28,22 | 4899,307 |   NaN | NaN | 0,00 | 0,00 | NaN
  60 |  0,00 | 31,348 | 559,29 | 559,29 | 597,19 |  0,00 | 0,062 | 44,35 | 44,35 |  0,00 | 0,119 | 243,87 | 243,87 |  0,00 | 0,369 | 242,85 | 242,85 |  0,00 | 2095,936 | 28,22 | 28,22 | 4212,247 |   NaN | NaN | 0,00 | 0,00 | NaN
  61 |  0,00 | 32,730 | 561,97 | 561,97 | 600,21 |  0,00 | 0,083 | 44,35 | 44,35 |  0,00 | 0,115 | 244,29 | 244,29 |  0,00 | 0,297 | 245,11 | 245,11 |  0,00 | 2195,088 | 28,22 | 28,22 | 4410,483 |   NaN | NaN | 0,00 | 0,00 | NaN
  62 |  0,00 | 31,118 | 562,15 | 562,15 | 610,41 |  0,00 | 0,145 | 44,35 | 44,35 |  0,00 | 0,165 | 245,10 | 245,10 |  0,00 | 0,277 | 244,48 | 244,48 |  0,00 | 2084,201 | 28,22 | 28,22 | 4188,657 |   NaN | NaN | 0,00 | 0,00 | NaN
  63 |  0,00 | 33,987 | 561,66 | 561,66 | 600,00 |  0,00 | 0,100 | 44,35 | 44,35 |  0,00 | 0,110 | 245,03 | 245,03 |  0,00 | 0,251 | 244,06 | 244,06 |  0,00 | 2279,250 | 28,22 | 28,22 | 4578,647 |   NaN | NaN | 0,00 | 0,00 | NaN
  64 |  0,00 | 32,010 | 557,26 | 557,26 | 605,15 |  0,00 | 0,144 | 44,35 | 44,35 |  0,00 | 0,181 | 241,32 | 241,32 |  0,00 | 0,258 | 243,36 | 243,36 |  0,00 | 2133,891 | 28,22 | 28,22 | 4288,168 |   NaN | NaN | 0,00 | 0,00 | NaN

= = = = = = = = = = = = AVERAGE RESULTS system = = = = = = = = = = = =
meanPLR_system | 0,000000 
meanDelay_system | 25,889614 
meanLoad_system | 560,133512 
meanTHR_system | 560,133512 
meanGate_system | 600,486501 

meanPLR_EF_system | 0,000000 
meanPLR_AF_system | 0,000000 
meanPLR_BE_system | 0,000000 
meanPLR_FLA_system | 0,000000 
meanPLR_FLB_system | NaN 

meanTHR_EF_system | 44,352003 
meanTHR_AF_system | 243,980345 
meanTHR_BE_system | 243,579851 
meanTHR_FLA_system | 28,631222 
meanTHR_FLB_system | 0,000000 

meanLoad_EF_system | 44,352003 
meanLoad_AF_system | 243,980345 
meanLoad_BE_system | 243,579851 
meanLoad_FLA_system | 28,631222 
meanLoad_FLB_system | 0,000000 

meanDELAY_EF_system | 0,105394 
meanDELAY_AF_system | 0,131771 
meanDELAY_BE_system | 0,276173 
meanDELAY_FLA_system | 1730,230353 
meanDELAY_FLB_system | NaN 
meanDELAY_CompleteFLA_system | 3480,748523 
meanDELAY_CompleteFLB_system | NaN 

= = = = = = = = = = = = AVERAGE RESULTS = = = = = = = = = = = =
Packet Loss Ratio: 00,00 (%)
PROCESSED PACKAGES: 2120473448 
DISCARTED PACKAGES: 0 
TOTAL PACKAGES: 2120473448 
AVERAGE DELAY: 4093,07 (ms) 
AVERAGE THROUGHPUT: 560,13 (Mbps) 
GRANTED THROUGHPUT: 38431,14 (Mbps) By 64 ONUs
EFFECTIVE THROUGHPUT: 35848,54 (Mbps) By 64 ONUs
TOTAL LOAD: 35848,54 (Mbps) By 64 ONUs
ON Arrival THROUGHPUT: 0,00 (Mbps) By 64 ONUs
FINISHTIMEFL: 206,543750 
FINISHTIME: 209,543750 


fileName | IPACT_LEAKYBUCKET_5_28_65_0 
