
ONU ID 	|  PLR(%) | Delay(ms) | Throughput(Mbps) | Granted Throughput(Mbps) | Total Load (Mbps) 

  ID |  PLR(%) |  D  | Thr |  Gates  |  Load  | PLR-EF | D-EF | ThrEF | LoadEF | PLR-AF | D-AF | ThrAF | LoadAF | PLR-BE | D-BE | ThrBE | LoadBE | PLR-FA | D-FA | ThrFA | LoadFA | DTFA |  PLR-FB | D-FB | ThrFB | LoadFB | DTFB | 
   1 |  0,00 | 0,990 | 638,77 | 638,77 | 668,02 |  0,00 | 0,275 | 44,35 | 44,35 |  0,00 | 0,670 | 267,50 | 267,50 |  0,00 | 0,853 | 259,07 | 259,07 |  0,00 | 14,362 | 67,85 | 67,85 | 51,391 |   NaN | NaN | 0,00 | 0,00 | NaN
   2 |  0,00 | 3,043 | 638,70 | 638,70 | 671,09 |  0,00 | 0,287 | 44,35 | 44,35 |  0,00 | 0,295 | 261,78 | 261,78 |  0,00 | 0,351 | 264,72 | 264,72 |  0,00 | 81,418 | 67,85 | 67,85 | 178,965 |   NaN | NaN | 0,00 | 0,00 | NaN
   3 |  0,00 | 2,726 | 640,38 | 640,38 | 667,02 |  0,00 | 0,223 | 44,35 | 44,35 |  0,00 | 0,238 | 265,03 | 265,03 |  0,00 | 0,424 | 263,15 | 263,15 |  0,00 | 72,950 | 67,85 | 67,85 | 158,760 |   NaN | NaN | 0,00 | 0,00 | NaN
   4 |  0,00 | 0,919 | 640,57 | 640,57 | 667,74 |  0,00 | 0,229 | 44,35 | 44,35 |  0,00 | 0,631 | 267,01 | 267,01 |  0,00 | 0,845 | 261,36 | 261,36 |  0,00 | 13,254 | 67,85 | 67,85 | 47,235 |   NaN | NaN | 0,00 | 0,00 | NaN
   5 |  0,00 | 7,525 | 635,33 | 635,33 | 662,30 |  0,00 | 0,254 | 44,35 | 44,35 |  0,00 | 0,304 | 262,39 | 262,39 |  0,00 | 0,412 | 260,73 | 260,73 |  0,00 | 213,498 | 67,85 | 67,85 | 375,864 |   NaN | NaN | 0,00 | 0,00 | NaN
   6 |  0,00 | 3,597 | 641,59 | 641,59 | 668,09 |  0,00 | 0,203 | 44,35 | 44,35 |  0,00 | 0,224 | 265,99 | 265,99 |  0,00 | 0,449 | 263,40 | 263,40 |  0,00 | 99,077 | 67,85 | 67,85 | 211,086 |   NaN | NaN | 0,00 | 0,00 | NaN
   7 |  0,00 | 1,196 | 637,71 | 637,71 | 664,39 |  0,00 | 0,221 | 44,35 | 44,35 |  0,00 | 0,269 | 263,36 | 263,36 |  0,00 | 0,501 | 262,15 | 262,15 |  0,00 | 26,697 | 67,85 | 67,85 | 74,418 |   NaN | NaN | 0,00 | 0,00 | NaN
   8 |  0,00 | 3,078 | 640,71 | 640,71 | 669,02 |  0,00 | 0,271 | 44,35 | 44,35 |  0,00 | 0,287 | 262,80 | 262,80 |  0,00 | 0,364 | 265,72 | 265,72 |  0,00 | 82,807 | 67,85 | 67,85 | 184,454 |   NaN | NaN | 0,00 | 0,00 | NaN
   9 |  0,00 | 1,434 | 639,61 | 639,61 | 666,25 |  0,00 | 0,211 | 44,35 | 44,35 |  0,00 | 0,228 | 265,33 | 265,33 |  0,00 | 0,449 | 262,08 | 262,08 |  0,00 | 34,631 | 67,85 | 67,85 | 87,675 |   NaN | NaN | 0,00 | 0,00 | NaN
  10 |  0,00 | 1,083 | 637,45 | 637,45 | 666,28 |  0,00 | 0,272 | 44,35 | 44,35 |  0,00 | 0,713 | 263,47 | 263,47 |  0,00 | 0,926 | 261,79 | 261,79 |  0,00 | 16,288 | 67,85 | 67,85 | 52,671 |   NaN | NaN | 0,00 | 0,00 | NaN
  11 |  0,00 | 12,484 | 630,97 | 630,97 | 657,62 |  0,00 | 0,211 | 44,35 | 44,35 |  0,00 | 0,406 | 256,86 | 256,86 |  0,00 | 0,869 | 261,91 | 261,91 |  0,00 | 355,094 | 67,85 | 67,85 | 750,272 |   NaN | NaN | 0,00 | 0,00 | NaN
  12 |  0,00 | 4,250 | 639,24 | 639,24 | 668,07 |  0,00 | 0,274 | 44,35 | 44,35 |  0,00 | 0,296 | 263,66 | 263,66 |  0,00 | 0,370 | 263,39 | 263,39 |  0,00 | 117,281 | 67,85 | 67,85 | 235,175 |   NaN | NaN | 0,00 | 0,00 | NaN
  13 |  0,00 | 2,988 | 632,02 | 632,02 | 658,70 |  0,00 | 0,239 | 44,35 | 44,35 |  0,00 | 0,252 | 259,89 | 259,89 |  0,00 | 0,403 | 259,93 | 259,93 |  0,00 | 79,907 | 67,85 | 67,85 | 175,339 |   NaN | NaN | 0,00 | 0,00 | NaN
  14 |  0,00 | 7,272 | 639,71 | 639,71 | 669,86 |  0,00 | 0,280 | 44,35 | 44,35 |  0,00 | 0,336 | 264,53 | 264,53 |  0,00 | 0,399 | 262,98 | 262,98 |  0,00 | 206,382 | 67,85 | 67,85 | 364,230 |   NaN | NaN | 0,00 | 0,00 | NaN
  15 |  0,00 | 1,168 | 636,37 | 636,37 | 665,20 |  0,00 | 0,274 | 44,35 | 44,35 |  0,00 | 0,322 | 259,59 | 259,59 |  0,00 | 0,462 | 264,57 | 264,57 |  0,00 | 24,983 | 67,85 | 67,85 | 72,519 |   NaN | NaN | 0,00 | 0,00 | NaN
  16 |  0,00 | 1,845 | 641,56 | 641,56 | 669,00 |  0,00 | 0,265 | 44,35 | 44,35 |  0,00 | 0,273 | 262,97 | 262,97 |  0,00 | 0,381 | 266,38 | 266,38 |  0,00 | 46,289 | 67,85 | 67,85 | 111,065 |   NaN | NaN | 0,00 | 0,00 | NaN
  17 |  0,00 | 1,736 | 639,33 | 639,33 | 669,04 |  0,00 | 0,278 | 44,35 | 44,35 |  0,00 | 0,294 | 262,84 | 262,84 |  0,00 | 0,360 | 264,29 | 264,29 |  0,00 | 42,773 | 67,85 | 67,85 | 105,805 |   NaN | NaN | 0,00 | 0,00 | NaN
  18 |  0,00 | 8,505 | 637,37 | 637,37 | 664,27 |  0,00 | 0,255 | 44,35 | 44,35 |  0,00 | 0,326 | 262,02 | 262,02 |  0,00 | 0,532 | 263,15 | 263,15 |  0,00 | 241,857 | 67,85 | 67,85 | 630,487 |   NaN | NaN | 0,00 | 0,00 | NaN
  19 |  0,00 | 11,252 | 632,92 | 632,92 | 659,69 |  0,00 | 0,245 | 44,35 | 44,35 |  0,00 | 0,626 | 258,96 | 258,96 |  0,00 | 0,898 | 261,77 | 261,77 |  0,00 | 317,159 | 67,85 | 67,85 | 582,434 |   NaN | NaN | 0,00 | 0,00 | NaN
  20 |  0,00 | 11,873 | 634,31 | 634,31 | 661,04 |  0,00 | 0,241 | 44,35 | 44,35 |  0,00 | 0,297 | 263,85 | 263,85 |  0,00 | 0,476 | 258,26 | 258,26 |  0,00 | 341,355 | 67,85 | 67,85 | 745,074 |   NaN | NaN | 0,00 | 0,00 | NaN
  21 |  0,00 | 0,961 | 630,45 | 630,45 | 657,45 |  0,00 | 0,246 | 44,35 | 44,35 |  0,00 | 0,495 | 259,29 | 259,29 |  0,00 | 0,669 | 258,96 | 258,96 |  0,00 | 16,429 | 67,85 | 67,85 | 53,031 |   NaN | NaN | 0,00 | 0,00 | NaN
  22 |  0,00 | 8,315 | 643,15 | 643,15 | 674,59 |  0,00 | 0,284 | 44,35 | 44,35 |  0,00 | 0,398 | 270,12 | 270,12 |  0,00 | 0,511 | 260,84 | 260,84 |  0,00 | 236,745 | 67,85 | 67,85 | 416,708 |   NaN | NaN | 0,00 | 0,00 | NaN
  23 |  0,00 | 12,843 | 641,06 | 641,06 | 668,64 |  0,00 | 0,266 | 44,35 | 44,35 |  0,00 | 0,472 | 265,53 | 265,53 |  0,00 | 1,400 | 263,33 | 263,33 |  0,00 | 363,984 | 67,85 | 67,85 | 707,617 |   NaN | NaN | 0,00 | 0,00 | NaN
  24 |  0,00 | 2,941 | 638,69 | 638,69 | 665,35 |  0,00 | 0,228 | 44,35 | 44,35 |  0,00 | 0,235 | 262,20 | 262,20 |  0,00 | 0,420 | 264,29 | 264,29 |  0,00 | 79,154 | 67,85 | 67,85 | 174,256 |   NaN | NaN | 0,00 | 0,00 | NaN
  25 |  0,00 | 1,134 | 645,82 | 645,82 | 677,76 |  0,00 | 0,285 | 44,35 | 44,35 |  0,00 | 0,307 | 263,01 | 263,01 |  0,00 | 0,398 | 270,62 | 270,62 |  0,00 | 24,608 | 67,85 | 67,85 | 71,986 |   NaN | NaN | 0,00 | 0,00 | NaN
  26 |  0,00 | 1,210 | 636,21 | 636,21 | 667,03 |  0,00 | 0,282 | 44,35 | 44,35 |  0,00 | 0,361 | 261,61 | 261,61 |  0,00 | 0,475 | 262,40 | 262,40 |  0,00 | 25,726 | 67,85 | 67,85 | 71,588 |   NaN | NaN | 0,00 | 0,00 | NaN
  27 |  0,00 | 7,785 | 633,80 | 633,80 | 660,42 |  0,00 | 0,208 | 44,35 | 44,35 |  0,00 | 0,309 | 262,90 | 262,90 |  0,00 | 0,686 | 258,70 | 258,70 |  0,00 | 219,497 | 67,85 | 67,85 | 593,317 |   NaN | NaN | 0,00 | 0,00 | NaN
  28 |  0,00 | 13,001 | 632,10 | 632,10 | 661,08 |  0,00 | 0,274 | 44,35 | 44,35 |  0,00 | 0,817 | 262,09 | 262,09 |  0,00 | 0,994 | 257,81 | 257,81 |  0,00 | 365,905 | 67,85 | 67,85 | 714,726 |   NaN | NaN | 0,00 | 0,00 | NaN
  29 |  0,00 | 12,646 | 640,39 | 640,39 | 667,27 |  0,00 | 0,254 | 44,35 | 44,35 |  0,00 | 0,507 | 265,30 | 265,30 |  0,00 | 0,817 | 262,89 | 262,89 |  0,00 | 362,031 | 67,85 | 67,85 | 747,677 |   NaN | NaN | 0,00 | 0,00 | NaN
  30 |  0,00 | 10,696 | 633,58 | 633,58 | 665,19 |  0,00 | 0,284 | 44,35 | 44,35 |  0,00 | 0,407 | 260,88 | 260,88 |  0,00 | 0,662 | 260,50 | 260,50 |  0,00 | 303,676 | 67,85 | 67,85 | 711,761 |   NaN | NaN | 0,00 | 0,00 | NaN
  31 |  0,00 | 12,850 | 635,66 | 635,66 | 662,51 |  0,00 | 0,251 | 44,35 | 44,35 |  0,00 | 0,560 | 261,50 | 261,50 |  0,00 | 0,940 | 261,96 | 261,96 |  0,00 | 365,239 | 67,85 | 67,85 | 709,310 |   NaN | NaN | 0,00 | 0,00 | NaN
  32 |  0,00 | 12,487 | 634,86 | 634,86 | 661,46 |  0,00 | 0,208 | 44,35 | 44,35 |  0,00 | 0,673 | 260,12 | 260,12 |  0,00 | 1,180 | 262,54 | 262,54 |  0,00 | 352,332 | 67,85 | 67,85 | 749,294 |   NaN | NaN | 0,00 | 0,00 | NaN
  33 |  0,00 | 11,492 | 634,11 | 634,11 | 662,77 |  0,00 | 0,273 | 44,35 | 44,35 |  0,00 | 0,444 | 259,36 | 259,36 |  0,00 | 1,035 | 262,55 | 262,55 |  0,00 | 324,514 | 67,85 | 67,85 | 732,293 |   NaN | NaN | 0,00 | 0,00 | NaN
  34 |  0,00 | 5,713 | 629,61 | 629,61 | 656,97 |  0,00 | 0,264 | 44,35 | 44,35 |  0,00 | 0,279 | 261,34 | 261,34 |  0,00 | 0,387 | 256,07 | 256,07 |  0,00 | 159,371 | 67,85 | 67,85 | 451,408 |   NaN | NaN | 0,00 | 0,00 | NaN
  35 |  0,00 | 4,437 | 640,67 | 640,67 | 667,32 |  0,00 | 0,213 | 44,35 | 44,35 |  0,00 | 0,227 | 264,45 | 264,45 |  0,00 | 0,431 | 264,02 | 264,02 |  0,00 | 123,877 | 67,85 | 67,85 | 314,519 |   NaN | NaN | 0,00 | 0,00 | NaN
  36 |  0,00 | 6,895 | 632,41 | 632,41 | 660,11 |  0,00 | 0,266 | 44,35 | 44,35 |  0,00 | 0,316 | 257,51 | 257,51 |  0,00 | 0,433 | 262,70 | 262,70 |  0,00 | 193,953 | 67,85 | 67,85 | 539,522 |   NaN | NaN | 0,00 | 0,00 | NaN
  37 |  0,00 | 12,547 | 642,39 | 642,39 | 669,17 |  0,00 | 0,249 | 44,35 | 44,35 |  0,00 | 0,678 | 266,88 | 266,88 |  0,00 | 1,109 | 263,31 | 263,31 |  0,00 | 356,400 | 67,85 | 67,85 | 750,962 |   NaN | NaN | 0,00 | 0,00 | NaN
  38 |  0,00 | 9,812 | 635,71 | 635,71 | 662,39 |  0,00 | 0,241 | 44,35 | 44,35 |  0,00 | 0,432 | 262,90 | 262,90 |  0,00 | 0,614 | 260,61 | 260,61 |  0,00 | 278,975 | 67,85 | 67,85 | 683,472 |   NaN | NaN | 0,00 | 0,00 | NaN
  39 |  0,00 | 11,911 | 630,43 | 630,43 | 661,99 |  0,00 | 0,284 | 44,35 | 44,35 |  0,00 | 0,551 | 260,14 | 260,14 |  0,00 | 1,054 | 258,09 | 258,09 |  0,00 | 334,688 | 67,85 | 67,85 | 738,847 |   NaN | NaN | 0,00 | 0,00 | NaN
  40 |  0,00 | 7,990 | 631,64 | 631,64 | 663,23 |  0,00 | 0,284 | 44,35 | 44,35 |  0,00 | 0,354 | 260,38 | 260,38 |  0,00 | 0,433 | 259,05 | 259,05 |  0,00 | 225,522 | 67,85 | 67,85 | 604,007 |   NaN | NaN | 0,00 | 0,00 | NaN
  41 |  0,00 | 13,107 | 639,12 | 639,12 | 666,90 |  0,00 | 0,267 | 44,35 | 44,35 |  0,00 | 0,710 | 261,23 | 261,23 |  0,00 | 1,526 | 265,68 | 265,68 |  0,00 | 368,346 | 67,85 | 67,85 | 736,259 |   NaN | NaN | 0,00 | 0,00 | NaN
  42 |  0,00 | 12,869 | 641,60 | 641,60 | 668,27 |  0,00 | 0,213 | 44,35 | 44,35 |  0,00 | 0,638 | 264,31 | 264,31 |  0,00 | 1,201 | 265,09 | 265,09 |  0,00 | 365,849 | 67,85 | 67,85 | 746,426 |   NaN | NaN | 0,00 | 0,00 | NaN
  43 |  0,00 | 11,574 | 641,07 | 641,07 | 672,02 |  0,00 | 0,291 | 44,35 | 44,35 |  0,00 | 0,461 | 264,04 | 264,04 |  0,00 | 0,610 | 264,83 | 264,83 |  0,00 | 331,727 | 67,85 | 67,85 | 737,303 |   NaN | NaN | 0,00 | 0,00 | NaN
  44 |  0,00 | 12,914 | 642,40 | 642,40 | 668,95 |  0,00 | 0,204 | 44,35 | 44,35 |  0,00 | 0,448 | 263,12 | 263,12 |  0,00 | 1,154 | 267,08 | 267,08 |  0,00 | 369,293 | 67,85 | 67,85 | 731,072 |   NaN | NaN | 0,00 | 0,00 | NaN
  45 |  0,00 | 12,934 | 640,01 | 640,01 | 672,80 |  0,00 | 0,288 | 44,35 | 44,35 |  0,00 | 0,605 | 268,17 | 268,17 |  0,00 | 1,161 | 259,65 | 259,65 |  0,00 | 366,794 | 67,85 | 67,85 | 742,931 |   NaN | NaN | 0,00 | 0,00 | NaN
  46 |  0,00 | 11,884 | 633,29 | 633,29 | 659,94 |  0,00 | 0,227 | 44,35 | 44,35 |  0,00 | 0,374 | 257,84 | 257,84 |  0,00 | 0,873 | 263,25 | 263,25 |  0,00 | 338,134 | 67,85 | 67,85 | 741,414 |   NaN | NaN | 0,00 | 0,00 | NaN
  47 |  0,00 | 12,945 | 631,69 | 631,69 | 658,34 |  0,00 | 0,225 | 44,35 | 44,35 |  0,00 | 0,514 | 261,98 | 261,98 |  0,00 | 1,210 | 257,52 | 257,52 |  0,00 | 365,490 | 67,85 | 67,85 | 709,916 |   NaN | NaN | 0,00 | 0,00 | NaN
  48 |  0,00 | 12,992 | 632,33 | 632,33 | 659,24 |  0,00 | 0,254 | 44,35 | 44,35 |  0,00 | 0,634 | 259,15 | 259,15 |  0,00 | 0,679 | 260,98 | 260,98 |  0,00 | 369,596 | 67,85 | 67,85 | 731,170 |   NaN | NaN | 0,00 | 0,00 | NaN
  49 |  0,00 | 13,008 | 632,40 | 632,40 | 660,04 |  0,00 | 0,267 | 44,35 | 44,35 |  0,00 | 0,856 | 260,73 | 260,73 |  0,00 | 1,358 | 259,47 | 259,47 |  0,00 | 363,479 | 67,85 | 67,85 | 704,069 |   NaN | NaN | 0,00 | 0,00 | NaN
  50 |  0,00 | 11,580 | 635,46 | 635,46 | 662,09 |  0,00 | 0,221 | 44,35 | 44,35 |  0,00 | 0,370 | 263,04 | 263,04 |  0,00 | 0,800 | 260,22 | 260,22 |  0,00 | 330,475 | 67,85 | 67,85 | 736,785 |   NaN | NaN | 0,00 | 0,00 | NaN
  51 |  0,00 | 12,901 | 634,78 | 634,78 | 661,46 |  0,00 | 0,219 | 44,35 | 44,35 |  0,00 | 0,382 | 259,58 | 259,58 |  0,00 | 0,864 | 263,00 | 263,00 |  0,00 | 368,748 | 67,85 | 67,85 | 735,824 |   NaN | NaN | 0,00 | 0,00 | NaN
  52 |  0,00 | 12,940 | 635,48 | 635,48 | 662,25 |  0,00 | 0,245 | 44,35 | 44,35 |  0,00 | 0,441 | 258,71 | 258,71 |  0,00 | 1,115 | 264,57 | 264,57 |  0,00 | 367,504 | 67,85 | 67,85 | 743,795 |   NaN | NaN | 0,00 | 0,00 | NaN
  53 |  0,00 | 12,671 | 637,63 | 637,63 | 664,32 |  0,00 | 0,232 | 44,35 | 44,35 |  0,00 | 0,757 | 262,24 | 262,24 |  0,00 | 1,754 | 263,19 | 263,19 |  0,00 | 353,534 | 67,85 | 67,85 | 749,032 |   NaN | NaN | 0,00 | 0,00 | NaN
  54 |  0,00 | 13,057 | 631,69 | 631,69 | 658,38 |  0,00 | 0,235 | 44,35 | 44,35 |  0,00 | 0,728 | 261,98 | 261,98 |  0,00 | 1,252 | 257,50 | 257,50 |  0,00 | 366,777 | 67,85 | 67,85 | 743,049 |   NaN | NaN | 0,00 | 0,00 | NaN
  55 |  0,00 | 9,975 | 637,33 | 637,33 | 664,01 |  0,00 | 0,220 | 44,35 | 44,35 |  0,00 | 0,313 | 261,79 | 261,79 |  0,00 | 0,587 | 263,34 | 263,34 |  0,00 | 285,516 | 67,85 | 67,85 | 689,672 |   NaN | NaN | 0,00 | 0,00 | NaN
  56 |  0,00 | 13,143 | 631,77 | 631,77 | 658,46 |  0,00 | 0,226 | 44,35 | 44,35 |  0,00 | 0,628 | 260,72 | 260,72 |  0,00 | 1,338 | 258,86 | 258,86 |  0,00 | 369,627 | 67,85 | 67,85 | 733,545 |   NaN | NaN | 0,00 | 0,00 | NaN
  57 |  0,00 | 13,024 | 636,03 | 636,03 | 662,74 |  0,00 | 0,223 | 44,35 | 44,35 |  0,00 | 0,900 | 260,95 | 260,95 |  0,00 | 1,177 | 262,89 | 262,89 |  0,00 | 366,727 | 67,85 | 67,85 | 716,120 |   NaN | NaN | 0,00 | 0,00 | NaN
  58 |  0,00 | 12,843 | 636,40 | 636,40 | 663,24 |  0,00 | 0,252 | 44,35 | 44,35 |  0,00 | 0,553 | 263,32 | 263,32 |  0,00 | 0,914 | 260,88 | 260,88 |  0,00 | 365,531 | 67,85 | 67,85 | 712,499 |   NaN | NaN | 0,00 | 0,00 | NaN
  59 |  0,00 | 6,032 | 641,21 | 641,21 | 669,40 |  0,00 | 0,271 | 44,35 | 44,35 |  0,00 | 0,324 | 261,98 | 261,98 |  0,00 | 0,455 | 267,03 | 267,03 |  0,00 | 169,633 | 67,85 | 67,85 | 475,823 |   NaN | NaN | 0,00 | 0,00 | NaN
  60 |  0,00 | 13,010 | 637,85 | 637,85 | 664,45 |  0,00 | 0,206 | 44,35 | 44,35 |  0,00 | 0,503 | 263,07 | 263,07 |  0,00 | 1,464 | 262,58 | 262,58 |  0,00 | 367,978 | 67,85 | 67,85 | 735,901 |   NaN | NaN | 0,00 | 0,00 | NaN
  61 |  0,00 | 12,267 | 641,11 | 641,11 | 667,75 |  0,00 | 0,228 | 44,35 | 44,35 |  0,00 | 0,418 | 264,78 | 264,78 |  0,00 | 1,040 | 264,14 | 264,14 |  0,00 | 350,371 | 67,85 | 67,85 | 747,909 |   NaN | NaN | 0,00 | 0,00 | NaN
  62 |  0,00 | 13,002 | 638,72 | 638,72 | 672,15 |  0,00 | 0,290 | 44,35 | 44,35 |  0,00 | 0,900 | 261,72 | 261,72 |  0,00 | 0,954 | 264,80 | 264,80 |  0,00 | 367,667 | 67,85 | 67,85 | 728,705 |   NaN | NaN | 0,00 | 0,00 | NaN
  63 |  0,00 | 10,580 | 639,77 | 639,77 | 666,50 |  0,00 | 0,245 | 44,35 | 44,35 |  0,00 | 0,502 | 265,14 | 265,14 |  0,00 | 1,269 | 262,43 | 262,43 |  0,00 | 297,418 | 67,85 | 67,85 | 703,078 |   NaN | NaN | 0,00 | 0,00 | NaN
  64 |  0,00 | 12,982 | 630,62 | 630,62 | 663,75 |  0,00 | 0,288 | 44,35 | 44,35 |  0,00 | 0,603 | 260,24 | 260,24 |  0,00 | 1,030 | 258,18 | 258,18 |  0,00 | 365,939 | 67,85 | 67,85 | 743,083 |   NaN | NaN | 0,00 | 0,00 | NaN

= = = = = = = = = = = = AVERAGE RESULTS system = = = = = = = = = = = =
meanPLR_system | 0,000000 
meanDelay_system | 8,607248 
meanLoad_system | 636,830404 
meanTHR_system | 636,830404 
meanGate_system | 664,887788 

meanPLR_EF_system | 0,000000 
meanPLR_AF_system | 0,000000 
meanPLR_BE_system | 0,000000 
meanPLR_FLA_system | 0,000000 
meanPLR_FLB_system | NaN 

meanTHR_EF_system | 44,352004 
meanTHR_AF_system | 262,455888 
meanTHR_BE_system | 262,174529 
meanTHR_FLA_system | 69,523053 
meanTHR_FLB_system | 0,000000 

meanLoad_EF_system | 44,352004 
meanLoad_AF_system | 262,455888 
meanLoad_BE_system | 262,174529 
meanLoad_FLA_system | 69,523053 
meanLoad_FLB_system | 0,000000 

meanDELAY_EF_system | 0,249777 
meanDELAY_AF_system | 0,463597 
meanDELAY_BE_system | 0,799353 
meanDELAY_FLA_system | 241,763158 
meanDELAY_FLB_system | NaN 
meanDELAY_CompleteFLA_system | 515,728136 
meanDELAY_CompleteFLB_system | NaN 

= = = = = = = = = = = = AVERAGE RESULTS = = = = = = = = = = = =
Packet Loss Ratio: 00,00 (%)
PROCESSED PACKAGES: 1332710088 
DISCARTED PACKAGES: 0 
TOTAL PACKAGES: 1332710088 
AVERAGE DELAY: 1438,70 (ms) 
AVERAGE THROUGHPUT: 636,83 (Mbps) 
GRANTED THROUGHPUT: 42552,82 (Mbps) By 64 ONUs
EFFECTIVE THROUGHPUT: 40757,15 (Mbps) By 64 ONUs
TOTAL LOAD: 40757,15 (Mbps) By 64 ONUs
ON Arrival THROUGHPUT: 0,00 (Mbps) By 64 ONUs
FINISHTIMEFL: 121,513651 
FINISHTIME: 124,513651 


fileName | IPACT_LBCONSTANTTOKENSBYCYCLE_2_40_70_0 
