
ONU ID 	|  PLR(%) | Delay(ms) | Throughput(Mbps) | Granted Throughput(Mbps) | Total Load (Mbps) 

  ID |  PLR(%) |  D  | Thr |  Gates  |  Load  | PLR-EF | D-EF | ThrEF | LoadEF | PLR-AF | D-AF | ThrAF | LoadAF | PLR-BE | D-BE | ThrBE | LoadBE | PLR-FA | D-FA | ThrFA | LoadFA | DTFA |  PLR-FB | D-FB | ThrFB | LoadFB | DTFB | 
   1 |  0,00 | 4,728 | 560,54 | 560,54 | 600,81 |  0,00 | 0,146 | 44,35 | 44,35 |  0,00 | 0,436 | 229,62 | 229,62 |  0,00 | 0,631 | 221,31 | 221,31 |  0,00 | 126,099 | 65,26 | 65,26 | 272,303 |   NaN | NaN | 0,00 | 0,00 | NaN
   2 |  0,00 | 17,882 | 560,35 | 560,35 | 605,35 |  0,00 | 0,158 | 44,35 | 44,35 |  0,00 | 0,164 | 224,80 | 224,80 |  0,00 | 0,219 | 225,93 | 225,93 |  0,00 | 506,245 | 65,26 | 65,26 | 1032,968 |   NaN | NaN | 0,00 | 0,00 | NaN
   3 |  0,00 | 16,896 | 561,45 | 561,45 | 597,70 |  0,00 | 0,094 | 44,35 | 44,35 |  0,00 | 0,104 | 226,17 | 226,17 |  0,00 | 0,292 | 225,67 | 225,67 |  0,00 | 479,537 | 65,26 | 65,26 | 979,474 |   NaN | NaN | 0,00 | 0,00 | NaN
   4 |  0,00 | 2,899 | 563,61 | 563,61 | 599,92 |  0,00 | 0,100 | 44,35 | 44,35 |  0,00 | 0,447 | 229,17 | 229,17 |  0,00 | 0,713 | 224,83 | 224,83 |  0,00 | 74,082 | 65,26 | 65,26 | 165,606 |   NaN | NaN | 0,00 | 0,00 | NaN
   5 |  0,00 | 24,408 | 558,01 | 558,01 | 594,92 |  0,00 | 0,125 | 44,35 | 44,35 |  0,00 | 0,137 | 224,96 | 224,96 |  0,00 | 0,257 | 223,44 | 223,44 |  0,00 | 691,552 | 65,26 | 65,26 | 1403,554 |   NaN | NaN | 0,00 | 0,00 | NaN
   6 |  0,00 | 19,910 | 563,30 | 563,30 | 598,98 |  0,00 | 0,076 | 44,35 | 44,35 |  0,00 | 0,084 | 227,43 | 227,43 |  0,00 | 0,319 | 226,26 | 226,26 |  0,00 | 566,992 | 65,26 | 65,26 | 1154,357 |   NaN | NaN | 0,00 | 0,00 | NaN
   7 |  0,00 | 8,306 | 559,63 | 559,63 | 595,89 |  0,00 | 0,092 | 44,35 | 44,35 |  0,00 | 0,102 | 225,97 | 225,97 |  0,00 | 0,305 | 224,05 | 224,05 |  0,00 | 233,240 | 65,26 | 65,26 | 486,822 |   NaN | NaN | 0,00 | 0,00 | NaN
   8 |  0,00 | 18,487 | 562,47 | 562,47 | 601,98 |  0,00 | 0,142 | 44,35 | 44,35 |  0,00 | 0,152 | 224,83 | 224,83 |  0,00 | 0,233 | 228,03 | 228,03 |  0,00 | 524,881 | 65,26 | 65,26 | 1070,205 |   NaN | NaN | 0,00 | 0,00 | NaN
   9 |  0,00 | 12,421 | 561,54 | 561,54 | 597,70 |  0,00 | 0,082 | 44,35 | 44,35 |  0,00 | 0,093 | 227,33 | 227,33 |  0,00 | 0,312 | 224,59 | 224,59 |  0,00 | 351,567 | 65,26 | 65,26 | 723,478 |   NaN | NaN | 0,00 | 0,00 | NaN
  10 |  0,00 | 4,210 | 560,56 | 560,56 | 600,10 |  0,00 | 0,143 | 44,35 | 44,35 |  0,00 | 0,503 | 226,01 | 226,01 |  0,00 | 0,577 | 224,95 | 224,95 |  0,00 | 111,222 | 65,26 | 65,26 | 239,828 |   NaN | NaN | 0,00 | 0,00 | NaN
  11 |  0,00 | 34,131 | 555,20 | 555,20 | 591,37 |  0,00 | 0,083 | 44,35 | 44,35 |  0,00 | 0,146 | 220,83 | 220,83 |  0,00 | 0,388 | 224,76 | 224,76 |  0,00 | 965,605 | 65,26 | 65,26 | 1951,923 |   NaN | NaN | 0,00 | 0,00 | NaN
  12 |  0,00 | 20,791 | 560,95 | 560,95 | 601,05 |  0,00 | 0,145 | 44,35 | 44,35 |  0,00 | 0,155 | 225,76 | 225,76 |  0,00 | 0,237 | 225,57 | 225,57 |  0,00 | 589,909 | 65,26 | 65,26 | 1200,256 |   NaN | NaN | 0,00 | 0,00 | NaN
  13 |  0,00 | 17,783 | 553,46 | 553,46 | 589,85 |  0,00 | 0,110 | 44,35 | 44,35 |  0,00 | 0,118 | 222,04 | 222,04 |  0,00 | 0,271 | 221,80 | 221,80 |  0,00 | 500,563 | 65,26 | 65,26 | 1021,546 |   NaN | NaN | 0,00 | 0,00 | NaN
  14 |  0,00 | 24,046 | 561,56 | 561,56 | 603,59 |  0,00 | 0,151 | 44,35 | 44,35 |  0,00 | 0,159 | 226,35 | 226,35 |  0,00 | 0,227 | 225,59 | 225,59 |  0,00 | 683,321 | 65,26 | 65,26 | 1387,118 |   NaN | NaN | 0,00 | 0,00 | NaN
  15 |  0,00 | 8,215 | 557,55 | 557,55 | 597,75 |  0,00 | 0,145 | 44,35 | 44,35 |  0,00 | 0,151 | 221,89 | 221,89 |  0,00 | 0,230 | 226,05 | 226,05 |  0,00 | 229,512 | 65,26 | 65,26 | 479,380 |   NaN | NaN | 0,00 | 0,00 | NaN
  16 |  0,00 | 14,482 | 563,29 | 563,29 | 601,35 |  0,00 | 0,136 | 44,35 | 44,35 |  0,00 | 0,143 | 225,08 | 225,08 |  0,00 | 0,244 | 228,60 | 228,60 |  0,00 | 410,622 | 65,26 | 65,26 | 841,710 |   NaN | NaN | 0,00 | 0,00 | NaN
  17 |  0,00 | 13,976 | 562,54 | 562,54 | 603,97 |  0,00 | 0,149 | 44,35 | 44,35 |  0,00 | 0,159 | 225,83 | 225,83 |  0,00 | 0,231 | 227,11 | 227,11 |  0,00 | 395,523 | 65,26 | 65,26 | 811,572 |   NaN | NaN | 0,00 | 0,00 | NaN
  18 |  0,00 | 36,450 | 559,94 | 559,94 | 596,79 |  0,00 | 0,126 | 44,35 | 44,35 |  0,00 | 0,147 | 224,47 | 224,47 |  0,00 | 0,273 | 225,86 | 225,86 |  0,00 | 1036,672 | 65,26 | 65,26 | 2093,806 |   NaN | NaN | 0,00 | 0,00 | NaN
  19 |  0,00 | 29,282 | 555,50 | 555,50 | 592,00 |  0,00 | 0,117 | 44,35 | 44,35 |  0,00 | 0,179 | 221,79 | 221,79 |  0,00 | 0,347 | 224,09 | 224,09 |  0,00 | 827,631 | 65,26 | 65,26 | 1675,001 |   NaN | NaN | 0,00 | 0,00 | NaN
  20 |  0,00 | 34,588 | 556,41 | 556,41 | 592,74 |  0,00 | 0,112 | 44,35 | 44,35 |  0,00 | 0,131 | 225,97 | 225,97 |  0,00 | 0,289 | 220,82 | 220,82 |  0,00 | 980,241 | 65,26 | 65,26 | 1981,032 |   NaN | NaN | 0,00 | 0,00 | NaN
  21 |  0,00 | 6,143 | 553,76 | 553,76 | 590,23 |  0,00 | 0,117 | 44,35 | 44,35 |  0,00 | 0,153 | 222,65 | 222,65 |  0,00 | 0,325 | 221,49 | 221,49 |  0,00 | 169,607 | 65,26 | 65,26 | 359,694 |   NaN | NaN | 0,00 | 0,00 | NaN
  22 |  0,00 | 25,168 | 564,94 | 564,94 | 608,80 |  0,00 | 0,155 | 44,35 | 44,35 |  0,00 | 0,162 | 231,08 | 231,08 |  0,00 | 0,223 | 224,25 | 224,25 |  0,00 | 717,956 | 65,26 | 65,26 | 1456,397 |   NaN | NaN | 0,00 | 0,00 | NaN
  23 |  0,00 | 32,017 | 562,30 | 562,30 | 600,57 |  0,00 | 0,138 | 44,35 | 44,35 |  0,00 | 0,240 | 227,11 | 227,11 |  0,00 | 0,628 | 225,57 | 225,57 |  0,00 | 909,176 | 65,26 | 65,26 | 1838,996 |   NaN | NaN | 0,00 | 0,00 | NaN
  24 |  0,00 | 17,618 | 560,44 | 560,44 | 596,71 |  0,00 | 0,099 | 44,35 | 44,35 |  0,00 | 0,105 | 224,69 | 224,69 |  0,00 | 0,287 | 226,14 | 226,14 |  0,00 | 499,512 | 65,26 | 65,26 | 1019,442 |   NaN | NaN | 0,00 | 0,00 | NaN
  25 |  0,00 | 9,350 | 566,33 | 566,33 | 610,76 |  0,00 | 0,157 | 44,35 | 44,35 |  0,00 | 0,168 | 225,61 | 225,61 |  0,00 | 0,224 | 231,11 | 231,11 |  0,00 | 263,955 | 65,26 | 65,26 | 548,359 |   NaN | NaN | 0,00 | 0,00 | NaN
  26 |  0,00 | 7,891 | 557,98 | 557,98 | 600,84 |  0,00 | 0,153 | 44,35 | 44,35 |  0,00 | 0,167 | 224,15 | 224,15 |  0,00 | 0,231 | 224,22 | 224,22 |  0,00 | 220,181 | 65,26 | 65,26 | 460,742 |   NaN | NaN | 0,00 | 0,00 | NaN
  27 |  0,00 | 36,986 | 556,91 | 556,91 | 593,00 |  0,00 | 0,080 | 44,35 | 44,35 |  0,00 | 0,108 | 225,14 | 225,14 |  0,00 | 0,350 | 222,16 | 222,16 |  0,00 | 1049,130 | 65,26 | 65,26 | 2118,635 |   NaN | NaN | 0,00 | 0,00 | NaN
  28 |  0,00 | 32,440 | 555,00 | 555,00 | 595,34 |  0,00 | 0,146 | 44,35 | 44,35 |  0,00 | 0,409 | 224,71 | 224,71 |  0,00 | 0,431 | 220,68 | 220,68 |  0,00 | 914,557 | 65,26 | 65,26 | 1849,654 |   NaN | NaN | 0,00 | 0,00 | NaN
  29 |  0,00 | 33,502 | 562,49 | 562,49 | 599,29 |  0,00 | 0,125 | 44,35 | 44,35 |  0,00 | 0,229 | 226,85 | 226,85 |  0,00 | 0,347 | 226,04 | 226,04 |  0,00 | 953,911 | 65,26 | 65,26 | 1928,668 |   NaN | NaN | 0,00 | 0,00 | NaN
  30 |  0,00 | 35,470 | 556,58 | 556,58 | 600,54 |  0,00 | 0,156 | 44,35 | 44,35 |  0,00 | 0,185 | 223,57 | 223,57 |  0,00 | 0,272 | 223,40 | 223,40 |  0,00 | 1004,688 | 65,26 | 65,26 | 2029,933 |   NaN | NaN | 0,00 | 0,00 | NaN
  31 |  0,00 | 32,162 | 558,07 | 558,07 | 594,71 |  0,00 | 0,122 | 44,35 | 44,35 |  0,00 | 0,278 | 223,95 | 223,95 |  0,00 | 0,508 | 224,51 | 224,51 |  0,00 | 910,238 | 65,26 | 65,26 | 1840,989 |   NaN | NaN | 0,00 | 0,00 | NaN
  32 |  0,00 | 34,183 | 558,70 | 558,70 | 594,68 |  0,00 | 0,079 | 44,35 | 44,35 |  0,00 | 0,281 | 224,31 | 224,31 |  0,00 | 0,529 | 224,78 | 224,78 |  0,00 | 968,903 | 65,26 | 65,26 | 1958,521 |   NaN | NaN | 0,00 | 0,00 | NaN
  33 |  0,00 | 35,108 | 556,23 | 556,23 | 596,04 |  0,00 | 0,144 | 44,35 | 44,35 |  0,00 | 0,213 | 222,02 | 222,02 |  0,00 | 0,443 | 224,60 | 224,60 |  0,00 | 992,864 | 65,26 | 65,26 | 2006,486 |   NaN | NaN | 0,00 | 0,00 | NaN
  34 |  0,00 | 38,240 | 553,79 | 553,79 | 591,69 |  0,00 | 0,136 | 44,35 | 44,35 |  0,00 | 0,144 | 224,32 | 224,32 |  0,00 | 0,246 | 219,86 | 219,86 |  0,00 | 1081,280 | 65,26 | 65,26 | 2183,040 |   NaN | NaN | 0,00 | 0,00 | NaN
  35 |  0,00 | 39,127 | 561,99 | 561,99 | 598,17 |  0,00 | 0,085 | 44,35 | 44,35 |  0,00 | 0,091 | 226,38 | 226,38 |  0,00 | 0,304 | 226,00 | 226,00 |  0,00 | 1116,339 | 65,26 | 65,26 | 2253,088 |   NaN | NaN | 0,00 | 0,00 | NaN
  36 |  0,00 | 37,484 | 555,60 | 555,60 | 594,02 |  0,00 | 0,138 | 44,35 | 44,35 |  0,00 | 0,149 | 221,08 | 221,08 |  0,00 | 0,250 | 224,91 | 224,91 |  0,00 | 1061,637 | 65,26 | 65,26 | 2143,840 |   NaN | NaN | 0,00 | 0,00 | NaN
  37 |  0,00 | 33,912 | 563,44 | 563,44 | 600,01 |  0,00 | 0,121 | 44,35 | 44,35 |  0,00 | 0,315 | 228,70 | 228,70 |  0,00 | 0,432 | 225,13 | 225,13 |  0,00 | 965,494 | 65,26 | 65,26 | 1951,703 |   NaN | NaN | 0,00 | 0,00 | NaN
  38 |  0,00 | 35,832 | 559,43 | 559,43 | 595,83 |  0,00 | 0,112 | 44,35 | 44,35 |  0,00 | 0,157 | 225,98 | 225,98 |  0,00 | 0,308 | 223,84 | 223,84 |  0,00 | 1018,300 | 65,26 | 65,26 | 2057,155 |   NaN | NaN | 0,00 | 0,00 | NaN
  39 |  0,00 | 34,831 | 554,33 | 554,33 | 598,19 |  0,00 | 0,155 | 44,35 | 44,35 |  0,00 | 0,231 | 222,68 | 222,68 |  0,00 | 0,292 | 222,04 | 222,04 |  0,00 | 983,732 | 65,26 | 65,26 | 1987,951 |   NaN | NaN | 0,00 | 0,00 | NaN
  40 |  0,00 | 36,998 | 553,84 | 553,84 | 597,75 |  0,00 | 0,155 | 44,35 | 44,35 |  0,00 | 0,178 | 222,75 | 222,75 |  0,00 | 0,237 | 221,48 | 221,48 |  0,00 | 1045,499 | 65,26 | 65,26 | 2111,678 |   NaN | NaN | 0,00 | 0,00 | NaN
  41 |  0,00 | 32,913 | 561,90 | 561,90 | 600,45 |  0,00 | 0,138 | 44,35 | 44,35 |  0,00 | 0,321 | 223,56 | 223,56 |  0,00 | 0,596 | 228,73 | 228,73 |  0,00 | 934,033 | 65,26 | 65,26 | 1888,848 |   NaN | NaN | 0,00 | 0,00 | NaN
  42 |  0,00 | 33,314 | 563,56 | 563,56 | 599,79 |  0,00 | 0,084 | 44,35 | 44,35 |  0,00 | 0,319 | 226,47 | 226,47 |  0,00 | 0,552 | 227,49 | 227,49 |  0,00 | 948,334 | 65,26 | 65,26 | 1917,075 |   NaN | NaN | 0,00 | 0,00 | NaN
  43 |  0,00 | 34,609 | 563,13 | 563,13 | 605,60 |  0,00 | 0,163 | 44,35 | 44,35 |  0,00 | 0,210 | 226,39 | 226,39 |  0,00 | 0,248 | 227,14 | 227,14 |  0,00 | 986,597 | 65,26 | 65,26 | 1993,756 |   NaN | NaN | 0,00 | 0,00 | NaN
  44 |  0,00 | 32,570 | 563,89 | 563,89 | 599,61 |  0,00 | 0,076 | 44,35 | 44,35 |  0,00 | 0,197 | 225,45 | 225,45 |  0,00 | 0,590 | 228,83 | 228,83 |  0,00 | 927,867 | 65,26 | 65,26 | 1876,167 |   NaN | NaN | 0,00 | 0,00 | NaN
  45 |  0,00 | 33,177 | 562,31 | 562,31 | 607,75 |  0,00 | 0,159 | 44,35 | 44,35 |  0,00 | 0,310 | 229,73 | 229,73 |  0,00 | 0,529 | 222,97 | 222,97 |  0,00 | 942,328 | 65,26 | 65,26 | 1905,441 |   NaN | NaN | 0,00 | 0,00 | NaN
  46 |  0,00 | 34,600 | 558,04 | 558,04 | 594,31 |  0,00 | 0,098 | 44,35 | 44,35 |  0,00 | 0,162 | 221,68 | 221,68 |  0,00 | 0,391 | 226,75 | 226,75 |  0,00 | 981,462 | 65,26 | 65,26 | 1983,717 |   NaN | NaN | 0,00 | 0,00 | NaN
  47 |  0,00 | 32,256 | 555,67 | 555,67 | 591,93 |  0,00 | 0,096 | 44,35 | 44,35 |  0,00 | 0,238 | 224,98 | 224,98 |  0,00 | 0,614 | 221,08 | 221,08 |  0,00 | 910,579 | 65,26 | 65,26 | 1841,825 |   NaN | NaN | 0,00 | 0,00 | NaN
  48 |  0,00 | 32,820 | 556,13 | 556,13 | 593,00 |  0,00 | 0,125 | 44,35 | 44,35 |  0,00 | 0,354 | 222,55 | 222,55 |  0,00 | 0,367 | 223,97 | 223,97 |  0,00 | 927,471 | 65,26 | 65,26 | 1875,397 |   NaN | NaN | 0,00 | 0,00 | NaN
  49 |  0,00 | 32,174 | 555,57 | 555,57 | 594,06 |  0,00 | 0,138 | 44,35 | 44,35 |  0,00 | 0,407 | 223,84 | 223,84 |  0,00 | 0,582 | 222,12 | 222,12 |  0,00 | 906,692 | 65,26 | 65,26 | 1834,080 |   NaN | NaN | 0,00 | 0,00 | NaN
  50 |  0,00 | 34,761 | 559,75 | 559,75 | 595,97 |  0,00 | 0,092 | 44,35 | 44,35 |  0,00 | 0,137 | 226,40 | 226,40 |  0,00 | 0,346 | 223,75 | 223,75 |  0,00 | 988,265 | 65,26 | 65,26 | 1997,112 |   NaN | NaN | 0,00 | 0,00 | NaN
  51 |  0,00 | 32,874 | 558,85 | 558,85 | 595,08 |  0,00 | 0,090 | 44,35 | 44,35 |  0,00 | 0,163 | 224,03 | 224,03 |  0,00 | 0,410 | 225,20 | 225,20 |  0,00 | 933,111 | 65,26 | 65,26 | 1886,974 |   NaN | NaN | 0,00 | 0,00 | NaN
  52 |  0,00 | 33,286 | 558,12 | 558,12 | 594,63 |  0,00 | 0,117 | 44,35 | 44,35 |  0,00 | 0,204 | 221,50 | 221,50 |  0,00 | 0,492 | 227,01 | 227,01 |  0,00 | 942,823 | 65,26 | 65,26 | 1906,424 |   NaN | NaN | 0,00 | 0,00 | NaN
  53 |  0,00 | 34,140 | 559,58 | 559,58 | 595,85 |  0,00 | 0,104 | 44,35 | 44,35 |  0,00 | 0,284 | 224,69 | 224,69 |  0,00 | 0,687 | 225,28 | 225,28 |  0,00 | 966,988 | 65,26 | 65,26 | 1954,788 |   NaN | NaN | 0,00 | 0,00 | NaN
  54 |  0,00 | 33,417 | 554,62 | 554,62 | 590,92 |  0,00 | 0,106 | 44,35 | 44,35 |  0,00 | 0,308 | 224,51 | 224,51 |  0,00 | 0,439 | 220,49 | 220,49 |  0,00 | 943,009 | 65,26 | 65,26 | 1906,815 |   NaN | NaN | 0,00 | 0,00 | NaN
  55 |  0,00 | 35,706 | 558,49 | 558,49 | 594,67 |  0,00 | 0,091 | 44,35 | 44,35 |  0,00 | 0,119 | 223,97 | 223,97 |  0,00 | 0,328 | 224,91 | 224,91 |  0,00 | 1014,315 | 65,26 | 65,26 | 2049,040 |   NaN | NaN | 0,00 | 0,00 | NaN
  56 |  0,00 | 32,986 | 554,18 | 554,18 | 590,39 |  0,00 | 0,097 | 44,35 | 44,35 |  0,00 | 0,280 | 223,42 | 223,42 |  0,00 | 0,554 | 221,15 | 221,15 |  0,00 | 930,136 | 65,26 | 65,26 | 1880,655 |   NaN | NaN | 0,00 | 0,00 | NaN
  57 |  0,00 | 32,339 | 558,18 | 558,18 | 594,40 |  0,00 | 0,094 | 44,35 | 44,35 |  0,00 | 0,392 | 223,71 | 223,71 |  0,00 | 0,458 | 224,86 | 224,86 |  0,00 | 915,319 | 65,26 | 65,26 | 1850,943 |   NaN | NaN | 0,00 | 0,00 | NaN
  58 |  0,00 | 32,187 | 559,79 | 559,79 | 596,48 |  0,00 | 0,123 | 44,35 | 44,35 |  0,00 | 0,259 | 226,13 | 226,13 |  0,00 | 0,446 | 224,06 | 224,06 |  0,00 | 912,943 | 65,26 | 65,26 | 1846,054 |   NaN | NaN | 0,00 | 0,00 | NaN
  59 |  0,00 | 37,784 | 561,96 | 561,96 | 601,27 |  0,00 | 0,142 | 44,35 | 44,35 |  0,00 | 0,159 | 224,35 | 224,35 |  0,00 | 0,252 | 228,00 | 228,00 |  0,00 | 1076,845 | 65,26 | 65,26 | 2174,205 |   NaN | NaN | 0,00 | 0,00 | NaN
  60 |  0,00 | 32,912 | 560,14 | 560,14 | 596,06 |  0,00 | 0,078 | 44,35 | 44,35 |  0,00 | 0,205 | 225,64 | 225,64 |  0,00 | 0,638 | 224,88 | 224,88 |  0,00 | 933,769 | 65,26 | 65,26 | 1888,269 |   NaN | NaN | 0,00 | 0,00 | NaN
  61 |  0,00 | 34,049 | 562,32 | 562,32 | 598,58 |  0,00 | 0,099 | 44,35 | 44,35 |  0,00 | 0,161 | 226,10 | 226,10 |  0,00 | 0,364 | 226,61 | 226,61 |  0,00 | 970,031 | 65,26 | 65,26 | 1960,704 |   NaN | NaN | 0,00 | 0,00 | NaN
  62 |  0,00 | 32,718 | 560,37 | 560,37 | 606,67 |  0,00 | 0,161 | 44,35 | 44,35 |  0,00 | 0,490 | 224,16 | 224,16 |  0,00 | 0,375 | 226,60 | 226,60 |  0,00 | 926,969 | 65,26 | 65,26 | 1874,357 |   NaN | NaN | 0,00 | 0,00 | NaN
  63 |  0,00 | 35,393 | 561,62 | 561,62 | 598,08 |  0,00 | 0,116 | 44,35 | 44,35 |  0,00 | 0,181 | 227,86 | 227,86 |  0,00 | 0,358 | 224,14 | 224,14 |  0,00 | 1007,681 | 65,26 | 65,26 | 2035,884 |   NaN | NaN | 0,00 | 0,00 | NaN
  64 |  0,00 | 33,528 | 552,78 | 552,78 | 598,68 |  0,00 | 0,160 | 44,35 | 44,35 |  0,00 | 0,287 | 222,73 | 222,73 |  0,00 | 0,466 | 220,44 | 220,44 |  0,00 | 943,757 | 65,26 | 65,26 | 1908,334 |   NaN | NaN | 0,00 | 0,00 | NaN

= = = = = = = = = = = = AVERAGE RESULTS system = = = = = = = = = = = =
meanPLR_system | 0,000000 
meanDelay_system | 27,575985 
meanLoad_system | 559,233873 
meanTHR_system | 559,233873 
meanGate_system | 597,737744 

meanPLR_EF_system | 0,000000 
meanPLR_AF_system | 0,000000 
meanPLR_BE_system | 0,000000 
meanPLR_FLA_system | 0,000000 
meanPLR_FLB_system | NaN 

meanTHR_EF_system | 44,352003 
meanTHR_AF_system | 224,967118 
meanTHR_BE_system | 224,655742 
meanTHR_FLA_system | 66,807226 
meanTHR_FLB_system | 0,000000 

meanLoad_EF_system | 44,352003 
meanLoad_AF_system | 224,967118 
meanLoad_BE_system | 224,655742 
meanLoad_FLA_system | 66,807226 
meanLoad_FLB_system | 0,000000 

meanDELAY_EF_system | 0,121134 
meanDELAY_AF_system | 0,215979 
meanDELAY_BE_system | 0,383566 
meanDELAY_FLA_system | 781,301563 
meanDELAY_FLB_system | NaN 
meanDELAY_CompleteFLA_system | 1583,027654 
meanDELAY_CompleteFLB_system | NaN 

= = = = = = = = = = = = AVERAGE RESULTS = = = = = = = = = = = =
Packet Loss Ratio: 00,00 (%)
PROCESSED PACKAGES: 1286204153 
DISCARTED PACKAGES: 0 
TOTAL PACKAGES: 1286204153 
AVERAGE DELAY: 4279,67 (ms) 
AVERAGE THROUGHPUT: 559,23 (Mbps) 
GRANTED THROUGHPUT: 38255,22 (Mbps) By 64 ONUs
EFFECTIVE THROUGHPUT: 35790,97 (Mbps) By 64 ONUs
TOTAL LOAD: 35790,97 (Mbps) By 64 ONUs
ON Arrival THROUGHPUT: 0,00 (Mbps) By 64 ONUs
FINISHTIMEFL: 126,453388 
FINISHTIME: 129,453388 


fileName | IPACT_LEAKYBUCKET_2_40_60_0 
