
ONU ID 	|  PLR(%) | Delay(ms) | Throughput(Mbps) | Granted Throughput(Mbps) | Total Load (Mbps) 

  ID |  PLR(%) |  D  | Thr |  Gates  |  Load  | PLR-EF | D-EF | ThrEF | LoadEF | PLR-AF | D-AF | ThrAF | LoadAF | PLR-BE | D-BE | ThrBE | LoadBE | PLR-FA | D-FA | ThrFA | LoadFA | DTFA |  PLR-FB | D-FB | ThrFB | LoadFB | DTFB | 
   1 |  8,17 | 299,665 | 755,00 | 822,14 | 759,42 |  0,00 | 1,550 | 44,35 | 44,35 |  0,00 | 1,418 | 372,67 | 372,67 | 18,46 | 1178,434 | 296,56 | 363,70 |  0,00 | 322,874 | 41,42 | 41,42 | 629,341 |   NaN | NaN | 0,00 | 0,00 | NaN
   2 |  8,51 | 292,693 | 754,44 | 824,62 | 758,89 |  0,00 | 1,681 | 44,35 | 44,35 |  0,00 | 1,453 | 372,79 | 372,79 | 19,17 | 1151,996 | 295,88 | 366,06 |  0,00 | 324,410 | 41,42 | 41,42 | 639,855 |   NaN | NaN | 0,00 | 0,00 | NaN
   3 |  7,54 | 286,659 | 754,89 | 816,44 | 759,34 |  0,00 | 1,378 | 44,35 | 44,35 |  0,00 | 1,366 | 364,87 | 364,87 | 16,83 | 1098,155 | 304,25 | 365,79 |  0,00 | 321,971 | 41,42 | 41,42 | 638,251 |   NaN | NaN | 0,00 | 0,00 | NaN
   4 |  8,61 | 294,866 | 754,80 | 825,90 | 759,22 |  0,00 | 1,579 | 44,35 | 44,35 |  0,00 | 1,377 | 371,35 | 371,35 | 19,28 | 1155,394 | 297,68 | 368,78 |  0,00 | 313,279 | 41,42 | 41,42 | 625,683 |   NaN | NaN | 0,00 | 0,00 | NaN
   5 |  7,77 | 280,134 | 754,25 | 817,79 | 758,67 |  0,00 | 1,588 | 44,35 | 44,35 |  0,00 | 1,403 | 366,78 | 366,78 | 17,40 | 1081,102 | 301,70 | 365,24 |  0,00 | 313,639 | 41,42 | 41,42 | 635,076 |   NaN | NaN | 0,00 | 0,00 | NaN
   6 |  8,44 | 291,671 | 755,07 | 824,70 | 759,49 |  0,00 | 1,455 | 44,35 | 44,35 |  0,00 | 1,348 | 370,86 | 370,86 | 18,92 | 1140,279 | 298,44 | 368,07 |  0,00 | 311,748 | 41,42 | 41,42 | 628,003 |   NaN | NaN | 0,00 | 0,00 | NaN
   7 |  8,16 | 293,362 | 754,43 | 821,43 | 758,87 |  0,00 | 1,422 | 44,35 | 44,35 |  0,00 | 1,364 | 368,70 | 368,70 | 18,26 | 1139,418 | 299,96 | 366,97 |  0,00 | 328,270 | 41,42 | 41,42 | 662,982 |   NaN | NaN | 0,00 | 0,00 | NaN
   8 |  8,29 | 297,844 | 754,86 | 823,05 | 759,32 |  0,00 | 1,432 | 44,35 | 44,35 |  0,00 | 1,415 | 367,23 | 367,23 | 18,43 | 1150,877 | 301,86 | 370,05 |  0,00 | 321,292 | 41,42 | 41,42 | 642,741 |   NaN | NaN | 0,00 | 0,00 | NaN
   9 |  8,49 | 293,691 | 754,98 | 825,04 | 759,42 |  0,00 | 1,642 | 44,35 | 44,35 |  0,00 | 1,359 | 369,22 | 369,22 | 18,93 | 1139,884 | 299,99 | 370,05 |  0,00 | 337,436 | 41,42 | 41,42 | 672,858 |   NaN | NaN | 0,00 | 0,00 | NaN
  10 |  7,79 | 289,085 | 755,46 | 819,32 | 759,90 |  0,00 | 1,482 | 44,35 | 44,35 |  0,00 | 1,415 | 367,44 | 367,44 | 17,44 | 1116,141 | 302,25 | 366,11 |  0,00 | 310,339 | 41,42 | 41,42 | 625,739 |   NaN | NaN | 0,00 | 0,00 | NaN
  11 |  7,93 | 297,002 | 753,63 | 818,56 | 758,06 |  0,00 | 1,469 | 44,35 | 44,35 |  0,00 | 1,355 | 364,45 | 364,45 | 17,63 | 1142,833 | 303,41 | 368,34 |  0,00 | 291,108 | 41,42 | 41,42 | 603,777 |   NaN | NaN | 0,00 | 0,00 | NaN
  12 |  8,23 | 294,061 | 755,00 | 822,71 | 759,42 |  0,00 | 1,524 | 44,35 | 44,35 |  0,00 | 1,418 | 367,94 | 367,94 | 18,35 | 1139,933 | 301,29 | 369,00 |  0,00 | 293,791 | 41,42 | 41,42 | 594,945 |   NaN | NaN | 0,00 | 0,00 | NaN
  13 |  7,22 | 287,121 | 754,13 | 812,78 | 758,59 |  0,00 | 1,456 | 44,35 | 44,35 |  0,00 | 1,384 | 365,69 | 365,69 | 16,23 | 1103,567 | 302,67 | 361,32 |  0,00 | 337,225 | 41,42 | 41,42 | 658,955 |   NaN | NaN | 0,00 | 0,00 | NaN
  14 |  8,39 | 293,158 | 754,51 | 823,65 | 758,95 |  0,00 | 1,493 | 44,35 | 44,35 |  0,00 | 1,423 | 369,06 | 369,06 | 18,75 | 1141,345 | 299,69 | 368,82 |  0,00 | 302,929 | 41,42 | 41,42 | 605,393 |   NaN | NaN | 0,00 | 0,00 | NaN
  15 |  7,79 | 298,458 | 753,60 | 817,31 | 758,05 |  0,00 | 1,549 | 44,35 | 44,35 |  0,00 | 1,421 | 361,83 | 361,83 | 17,23 | 1137,038 | 306,00 | 369,71 |  0,00 | 305,030 | 41,42 | 41,42 | 619,475 |   NaN | NaN | 0,00 | 0,00 | NaN
  16 |  9,24 | 302,695 | 754,15 | 830,89 | 758,57 |  0,00 | 1,618 | 44,35 | 44,35 |  0,00 | 1,421 | 369,51 | 369,51 | 20,43 | 1181,545 | 298,87 | 375,61 |  0,00 | 305,019 | 41,42 | 41,42 | 626,407 |   NaN | NaN | 0,00 | 0,00 | NaN
  17 |  8,43 | 294,667 | 753,87 | 823,26 | 758,33 |  0,00 | 1,470 | 44,35 | 44,35 |  0,00 | 1,422 | 370,11 | 370,11 | 18,89 | 1153,144 | 297,98 | 367,38 |  0,00 | 307,713 | 41,42 | 41,42 | 640,724 |   NaN | NaN | 0,00 | 0,00 | NaN
  18 |  7,78 | 292,988 | 753,69 | 817,25 | 758,15 |  0,00 | 1,504 | 44,35 | 44,35 |  0,00 | 1,402 | 365,49 | 365,49 | 17,37 | 1127,125 | 302,42 | 365,99 |  0,00 | 339,226 | 41,42 | 41,42 | 678,450 |   NaN | NaN | 0,00 | 0,00 | NaN
  19 |  6,99 | 288,273 | 754,50 | 811,24 | 758,93 |  0,00 | 1,477 | 44,35 | 44,35 |  0,00 | 1,388 | 361,33 | 361,33 | 15,58 | 1093,164 | 307,39 | 364,14 |  0,00 | 315,961 | 41,42 | 41,42 | 644,965 |   NaN | NaN | 0,00 | 0,00 | NaN
  20 |  7,40 | 289,694 | 754,23 | 814,50 | 758,68 |  0,00 | 1,418 | 44,35 | 44,35 |  0,00 | 1,385 | 367,46 | 367,46 | 16,68 | 1121,673 | 300,99 | 361,26 |  0,00 | 321,372 | 41,42 | 41,42 | 650,605 |   NaN | NaN | 0,00 | 0,00 | NaN
  21 |  6,82 | 286,024 | 754,09 | 809,25 | 758,53 |  0,00 | 1,409 | 44,35 | 44,35 |  0,00 | 1,388 | 363,09 | 363,09 | 15,31 | 1092,974 | 305,23 | 360,39 |  0,00 | 300,903 | 41,42 | 41,42 | 607,066 |   NaN | NaN | 0,00 | 0,00 | NaN
  22 |  8,68 | 298,912 | 754,79 | 826,54 | 759,28 |  0,00 | 1,529 | 44,35 | 44,35 |  0,00 | 1,440 | 374,20 | 374,20 | 19,57 | 1182,022 | 294,83 | 366,58 |  0,00 | 321,452 | 41,42 | 41,42 | 634,540 |   NaN | NaN | 0,00 | 0,00 | NaN
  23 |  8,14 | 296,096 | 754,82 | 821,74 | 759,27 |  0,00 | 1,669 | 44,35 | 44,35 |  0,00 | 1,414 | 368,19 | 368,19 | 18,19 | 1148,945 | 300,86 | 367,77 |  0,00 | 299,050 | 41,42 | 41,42 | 619,459 |   NaN | NaN | 0,00 | 0,00 | NaN
  24 |  8,57 | 296,637 | 754,37 | 825,05 | 758,80 |  0,00 | 1,431 | 44,35 | 44,35 |  0,00 | 1,371 | 368,28 | 368,28 | 19,05 | 1153,689 | 300,32 | 371,00 |  0,00 | 292,521 | 41,42 | 41,42 | 618,026 |   NaN | NaN | 0,00 | 0,00 | NaN
  25 |  8,62 | 300,000 | 754,32 | 825,48 | 758,80 |  0,00 | 1,457 | 44,35 | 44,35 |  0,00 | 1,429 | 366,18 | 366,18 | 19,05 | 1157,067 | 302,38 | 373,53 |  0,00 | 312,668 | 41,42 | 41,42 | 606,526 |   NaN | NaN | 0,00 | 0,00 | NaN
  26 |  7,67 | 289,205 | 754,61 | 817,28 | 759,07 |  0,00 | 1,492 | 44,35 | 44,35 |  0,00 | 1,424 | 366,62 | 366,62 | 17,17 | 1116,714 | 302,23 | 364,90 |  0,00 | 297,044 | 41,42 | 41,42 | 619,300 |   NaN | NaN | 0,00 | 0,00 | NaN
  27 |  7,72 | 296,658 | 754,88 | 818,00 | 759,32 |  0,00 | 1,520 | 44,35 | 44,35 |  0,00 | 1,362 | 369,41 | 369,41 | 17,40 | 1155,286 | 299,71 | 362,83 |  0,00 | 306,542 | 41,42 | 41,42 | 636,651 |   NaN | NaN | 0,00 | 0,00 | NaN
  28 |  7,10 | 288,247 | 754,37 | 812,05 | 758,82 |  0,00 | 1,468 | 44,35 | 44,35 |  0,00 | 1,419 | 366,75 | 366,75 | 16,04 | 1113,981 | 301,85 | 359,53 |  0,00 | 303,446 | 41,42 | 41,42 | 604,144 |   NaN | NaN | 0,00 | 0,00 | NaN
  29 |  8,27 | 291,265 | 754,27 | 822,23 | 758,71 |  0,00 | 1,422 | 44,35 | 44,35 |  0,00 | 1,398 | 368,08 | 368,08 | 18,45 | 1129,609 | 300,42 | 368,37 |  0,00 | 320,332 | 41,42 | 41,42 | 646,366 |   NaN | NaN | 0,00 | 0,00 | NaN
  30 |  7,70 | 295,398 | 754,42 | 817,35 | 758,89 |  0,00 | 1,480 | 44,35 | 44,35 |  0,00 | 1,428 | 365,69 | 365,69 | 17,20 | 1136,444 | 302,96 | 365,90 |  0,00 | 323,536 | 41,42 | 41,42 | 645,959 |   NaN | NaN | 0,00 | 0,00 | NaN
  31 |  7,61 | 292,449 | 755,14 | 817,33 | 759,57 |  0,00 | 1,437 | 44,35 | 44,35 |  0,00 | 1,395 | 368,01 | 368,01 | 17,11 | 1132,655 | 301,36 | 363,55 |  0,00 | 307,029 | 41,42 | 41,42 | 626,138 |   NaN | NaN | 0,00 | 0,00 | NaN
  32 |  8,21 | 296,081 | 755,20 | 822,73 | 759,65 |  0,00 | 1,857 | 44,35 | 44,35 |  0,00 | 1,420 | 368,09 | 368,09 | 18,31 | 1145,530 | 301,34 | 368,87 |  0,00 | 321,605 | 41,42 | 41,42 | 652,140 |   NaN | NaN | 0,00 | 0,00 | NaN
  33 |  7,60 | 289,553 | 754,37 | 816,38 | 758,82 |  0,00 | 1,530 | 44,35 | 44,35 |  0,00 | 1,416 | 364,36 | 364,36 | 16,93 | 1108,585 | 304,24 | 366,25 |  0,00 | 321,500 | 41,42 | 41,42 | 646,432 |   NaN | NaN | 0,00 | 0,00 | NaN
  34 |  7,75 | 295,914 | 755,02 | 818,42 | 759,46 |  0,00 | 1,462 | 44,35 | 44,35 |  0,00 | 1,407 | 366,58 | 366,58 | 17,32 | 1141,116 | 302,67 | 366,07 |  0,00 | 311,485 | 41,42 | 41,42 | 615,905 |   NaN | NaN | 0,00 | 0,00 | NaN
  35 |  8,54 | 297,276 | 754,04 | 824,48 | 758,49 |  0,00 | 1,384 | 44,35 | 44,35 |  0,00 | 1,355 | 369,89 | 369,89 | 19,10 | 1161,606 | 298,38 | 368,82 |  0,00 | 313,524 | 41,42 | 41,42 | 636,798 |   NaN | NaN | 0,00 | 0,00 | NaN
  36 |  7,74 | 294,235 | 754,34 | 817,66 | 758,79 |  0,00 | 1,434 | 44,35 | 44,35 |  0,00 | 1,409 | 363,60 | 363,60 | 17,19 | 1125,674 | 304,97 | 368,29 |  0,00 | 301,187 | 41,42 | 41,42 | 611,302 |   NaN | NaN | 0,00 | 0,00 | NaN
  37 |  8,70 | 299,979 | 755,32 | 827,26 | 759,76 |  0,00 | 1,486 | 44,35 | 44,35 |  0,00 | 1,398 | 373,55 | 373,55 | 19,55 | 1183,060 | 296,00 | 367,94 |  0,00 | 312,203 | 41,42 | 41,42 | 640,346 |   NaN | NaN | 0,00 | 0,00 | NaN
  38 |  8,52 | 293,121 | 755,16 | 825,49 | 759,61 |  0,00 | 1,407 | 44,35 | 44,35 |  0,00 | 1,383 | 369,51 | 369,51 | 19,00 | 1140,177 | 299,87 | 370,21 |  0,00 | 319,445 | 41,42 | 41,42 | 644,079 |   NaN | NaN | 0,00 | 0,00 | NaN
  39 |  6,75 | 287,807 | 754,78 | 809,42 | 759,24 |  0,00 | 1,478 | 44,35 | 44,35 |  0,00 | 1,429 | 363,86 | 363,86 | 15,19 | 1099,979 | 305,15 | 359,79 |  0,00 | 306,890 | 41,42 | 41,42 | 623,253 |   NaN | NaN | 0,00 | 0,00 | NaN
  40 |  7,15 | 289,382 | 754,03 | 812,12 | 758,49 |  0,00 | 1,508 | 44,35 | 44,35 |  0,00 | 1,430 | 367,25 | 367,25 | 16,18 | 1120,746 | 301,01 | 359,10 |  0,00 | 303,630 | 41,42 | 41,42 | 617,785 |   NaN | NaN | 0,00 | 0,00 | NaN
  41 |  8,48 | 295,974 | 753,21 | 823,03 | 757,65 |  0,00 | 1,472 | 44,35 | 44,35 |  0,00 | 1,414 | 364,22 | 364,22 | 18,72 | 1136,695 | 303,22 | 373,04 |  0,00 | 314,177 | 41,42 | 41,42 | 613,564 |   NaN | NaN | 0,00 | 0,00 | NaN
  42 |  8,56 | 296,444 | 755,12 | 825,86 | 759,57 |  0,00 | 1,687 | 44,35 | 44,35 |  0,00 | 1,395 | 369,76 | 369,76 | 19,10 | 1153,892 | 299,59 | 370,33 |  0,00 | 317,352 | 41,42 | 41,42 | 640,494 |   NaN | NaN | 0,00 | 0,00 | NaN
  43 |  9,21 | 299,665 | 755,13 | 831,78 | 759,58 |  0,00 | 1,563 | 44,35 | 44,35 |  0,00 | 1,437 | 373,28 | 373,28 | 20,56 | 1181,375 | 296,08 | 372,73 |  0,00 | 303,890 | 41,42 | 41,42 | 621,342 |   NaN | NaN | 0,00 | 0,00 | NaN
  44 |  8,39 | 299,223 | 754,70 | 823,82 | 759,14 |  0,00 | 1,385 | 44,35 | 44,35 |  0,00 | 1,346 | 367,21 | 367,21 | 18,64 | 1157,435 | 301,71 | 370,83 |  0,00 | 308,256 | 41,42 | 41,42 | 623,651 |   NaN | NaN | 0,00 | 0,00 | NaN
  45 |  7,77 | 289,844 | 754,96 | 818,53 | 759,43 |  0,00 | 1,674 | 44,35 | 44,35 |  0,00 | 1,430 | 370,92 | 370,92 | 17,57 | 1131,773 | 298,27 | 361,83 |  0,00 | 325,263 | 41,42 | 41,42 | 654,174 |   NaN | NaN | 0,00 | 0,00 | NaN
  46 |  8,08 | 292,445 | 754,64 | 820,97 | 759,07 |  0,00 | 1,661 | 44,35 | 44,35 |  0,00 | 1,383 | 365,73 | 365,73 | 17,95 | 1125,375 | 303,14 | 369,46 |  0,00 | 304,829 | 41,42 | 41,42 | 621,697 |   NaN | NaN | 0,00 | 0,00 | NaN
  47 |  7,80 | 295,003 | 754,58 | 818,46 | 759,01 |  0,00 | 1,413 | 44,35 | 44,35 |  0,00 | 1,367 | 368,06 | 368,06 | 17,52 | 1145,394 | 300,75 | 364,62 |  0,00 | 300,568 | 41,42 | 41,42 | 608,303 |   NaN | NaN | 0,00 | 0,00 | NaN
  48 |  7,79 | 292,259 | 754,22 | 817,97 | 758,65 |  0,00 | 1,481 | 44,35 | 44,35 |  0,00 | 1,410 | 366,33 | 366,33 | 17,42 | 1128,752 | 302,12 | 365,87 |  0,00 | 293,305 | 41,42 | 41,42 | 606,739 |   NaN | NaN | 0,00 | 0,00 | NaN
  49 |  7,74 | 288,334 | 754,64 | 817,98 | 759,08 |  0,00 | 1,750 | 44,35 | 44,35 |  0,00 | 1,416 | 368,05 | 368,05 | 17,39 | 1116,174 | 300,82 | 364,16 |  0,00 | 325,065 | 41,42 | 41,42 | 642,999 |   NaN | NaN | 0,00 | 0,00 | NaN
  50 |  8,31 | 291,972 | 754,48 | 822,85 | 758,91 |  0,00 | 1,573 | 44,35 | 44,35 |  0,00 | 1,366 | 370,73 | 370,73 | 18,66 | 1143,055 | 297,97 | 366,34 |  0,00 | 302,067 | 41,42 | 41,42 | 601,011 |   NaN | NaN | 0,00 | 0,00 | NaN
  51 |  8,13 | 290,688 | 754,54 | 821,29 | 758,99 |  0,00 | 1,396 | 44,35 | 44,35 |  0,00 | 1,362 | 367,03 | 367,03 | 18,12 | 1123,644 | 301,73 | 368,49 |  0,00 | 309,565 | 41,42 | 41,42 | 625,815 |   NaN | NaN | 0,00 | 0,00 | NaN
  52 |  7,89 | 288,571 | 753,91 | 818,48 | 758,34 |  0,00 | 1,543 | 44,35 | 44,35 |  0,00 | 1,399 | 362,52 | 362,52 | 17,44 | 1099,692 | 305,62 | 370,19 |  0,00 | 317,210 | 41,42 | 41,42 | 642,882 |   NaN | NaN | 0,00 | 0,00 | NaN
  53 |  8,19 | 298,984 | 754,07 | 821,37 | 758,51 |  0,00 | 1,422 | 44,35 | 44,35 |  0,00 | 1,375 | 369,22 | 369,22 | 18,37 | 1167,269 | 299,08 | 366,38 |  0,00 | 294,792 | 41,42 | 41,42 | 621,705 |   NaN | NaN | 0,00 | 0,00 | NaN
  54 |  7,28 | 290,915 | 755,19 | 814,52 | 759,62 |  0,00 | 1,799 | 44,35 | 44,35 |  0,00 | 1,403 | 366,93 | 366,93 | 16,40 | 1121,771 | 302,49 | 361,83 |  0,00 | 311,525 | 41,42 | 41,42 | 623,819 |   NaN | NaN | 0,00 | 0,00 | NaN
  55 |  7,62 | 295,472 | 755,19 | 817,48 | 759,64 |  0,00 | 1,372 | 44,35 | 44,35 |  0,00 | 1,362 | 364,26 | 364,26 | 16,95 | 1130,945 | 305,16 | 367,46 |  0,00 | 304,935 | 41,42 | 41,42 | 630,137 |   NaN | NaN | 0,00 | 0,00 | NaN
  56 |  7,51 | 290,929 | 754,54 | 815,80 | 758,98 |  0,00 | 1,473 | 44,35 | 44,35 |  0,00 | 1,373 | 364,28 | 364,28 | 16,75 | 1115,094 | 304,49 | 365,75 |  0,00 | 299,169 | 41,42 | 41,42 | 623,846 |   NaN | NaN | 0,00 | 0,00 | NaN
  57 |  8,01 | 289,211 | 754,82 | 820,53 | 759,26 |  0,00 | 1,484 | 44,35 | 44,35 |  0,00 | 1,366 | 366,04 | 366,04 | 17,82 | 1113,198 | 303,01 | 368,72 |  0,00 | 310,566 | 41,42 | 41,42 | 618,388 |   NaN | NaN | 0,00 | 0,00 | NaN
  58 |  8,02 | 295,584 | 754,41 | 820,22 | 758,86 |  0,00 | 1,423 | 44,35 | 44,35 |  0,00 | 1,395 | 367,12 | 367,12 | 17,92 | 1142,553 | 301,53 | 367,33 |  0,00 | 323,991 | 41,42 | 41,42 | 652,880 |   NaN | NaN | 0,00 | 0,00 | NaN
  59 |  8,59 | 295,681 | 755,22 | 826,16 | 759,65 |  0,00 | 1,568 | 44,35 | 44,35 |  0,00 | 1,414 | 367,16 | 367,16 | 19,01 | 1142,507 | 302,28 | 373,23 |  0,00 | 297,372 | 41,42 | 41,42 | 616,724 |   NaN | NaN | 0,00 | 0,00 | NaN
  60 |  8,08 | 296,349 | 754,64 | 821,00 | 759,08 |  0,00 | 1,391 | 44,35 | 44,35 |  0,00 | 1,349 | 367,38 | 367,38 | 18,04 | 1147,242 | 301,50 | 367,85 |  0,00 | 308,058 | 41,42 | 41,42 | 623,017 |   NaN | NaN | 0,00 | 0,00 | NaN
  61 |  8,53 | 298,284 | 754,31 | 824,68 | 758,74 |  0,00 | 1,726 | 44,35 | 44,35 |  0,00 | 1,402 | 369,04 | 369,04 | 19,03 | 1161,276 | 299,50 | 369,87 |  0,00 | 308,404 | 41,42 | 41,42 | 640,583 |   NaN | NaN | 0,00 | 0,00 | NaN
  62 |  8,42 | 298,263 | 754,72 | 824,10 | 759,21 |  0,00 | 1,483 | 44,35 | 44,35 |  0,00 | 1,435 | 369,62 | 369,62 | 18,82 | 1162,263 | 299,33 | 368,71 |  0,00 | 316,759 | 41,42 | 41,42 | 637,162 |   NaN | NaN | 0,00 | 0,00 | NaN
  63 |  8,19 | 292,481 | 754,11 | 821,42 | 758,58 |  0,00 | 1,397 | 44,35 | 44,35 |  0,00 | 1,388 | 369,46 | 369,46 | 18,38 | 1140,465 | 298,88 | 366,19 |  0,00 | 316,270 | 41,42 | 41,42 | 642,785 |   NaN | NaN | 0,00 | 0,00 | NaN
  64 |  7,35 | 291,112 | 754,60 | 814,42 | 759,07 |  0,00 | 1,486 | 44,35 | 44,35 |  0,00 | 1,432 | 365,76 | 365,76 | 16,48 | 1119,520 | 303,07 | 362,90 |  0,00 | 316,282 | 41,42 | 41,42 | 635,383 |   NaN | NaN | 0,00 | 0,00 | NaN

= = = = = = = = = = = = AVERAGE RESULTS system = = = = = = = = = = = =
meanPLR_system | 8,015342 
meanDelay_system | 293,526738 
meanLoad_system | 820,336749 
meanTHR_system | 754,558902 
meanGate_system | 759,004289 

meanPLR_EF_system | 0,000000 
meanPLR_AF_system | 0,000000 
meanPLR_BE_system | 17,915918 
meanPLR_FLA_system | 0,000000 
meanPLR_FLB_system | NaN 

meanTHR_EF_system | 44,352004 
meanTHR_AF_system | 367,594861 
meanTHR_BE_system | 301,193749 
meanTHR_FLA_system | 42,106410 
meanTHR_FLB_system | 0,000000 

meanLoad_EF_system | 44,352004 
meanLoad_AF_system | 367,594861 
meanLoad_BE_system | 366,971597 
meanLoad_FLA_system | 42,106410 
meanLoad_FLB_system | 0,000000 

meanDELAY_EF_system | 1,510488 
meanDELAY_AF_system | 1,397974 
meanDELAY_BE_system | 1136,660398 
meanDELAY_FLA_system | 311,723358 
meanDELAY_FLB_system | NaN 
meanDELAY_CompleteFLA_system | 630,399034 
meanDELAY_CompleteFLB_system | NaN 

= = = = = = = = = = = = AVERAGE RESULTS = = = = = = = = = = = =
Packet Loss Ratio: 08,02 (%)
PROCESSED PACKAGES: 2205683169 
DISCARTED PACKAGES: 120585530 
TOTAL PACKAGES: 2326268699 
AVERAGE DELAY: 55107,01 (ms) 
AVERAGE THROUGHPUT: 754,56 (Mbps) 
GRANTED THROUGHPUT: 48576,27 (Mbps) By 64 ONUs
EFFECTIVE THROUGHPUT: 48291,77 (Mbps) By 64 ONUs
TOTAL LOAD: 52501,55 (Mbps) By 64 ONUs
ON Arrival THROUGHPUT: 0,00 (Mbps) By 64 ONUs
FINISHTIMEFL: 180,571084 
FINISHTIME: 183,571084 


fileName | IPACT_STRICTPRIORITYFIRSTAF_3_36_98_0 
