
ONU ID 	|  PLR(%) | Delay(ms) | Throughput(Mbps) | Granted Throughput(Mbps) | Total Load (Mbps) 

  ID |  PLR(%) |  D  | Thr |  Gates  |  Load  | PLR-EF | D-EF | ThrEF | LoadEF | PLR-AF | D-AF | ThrAF | LoadAF | PLR-BE | D-BE | ThrBE | LoadBE | PLR-FA | D-FA | ThrFA | LoadFA | DTFA |  PLR-FB | D-FB | ThrFB | LoadFB | DTFB | 
   1 |  0,00 | 0,690 | 616,34 | 616,34 | 649,67 |  0,00 | 0,220 | 44,35 | 44,35 |  0,00 | 0,487 | 266,17 | 266,17 |  0,00 | 0,618 | 258,45 | 258,45 |  0,00 | 13,023 | 47,36 | 47,36 | 48,681 |   NaN | NaN | 0,00 | 0,00 | NaN
   2 |  0,00 | 1,232 | 617,85 | 617,85 | 654,87 |  0,00 | 0,232 | 44,35 | 44,35 |  0,00 | 0,382 | 264,06 | 264,06 |  0,00 | 0,493 | 262,08 | 262,08 |  0,00 | 37,947 | 47,36 | 47,36 | 118,616 |   NaN | NaN | 0,00 | 0,00 | NaN
   3 |  0,00 | 1,037 | 613,37 | 613,37 | 643,89 |  0,00 | 0,169 | 44,35 | 44,35 |  0,00 | 0,261 | 261,70 | 261,70 |  0,00 | 0,473 | 259,95 | 259,95 |  0,00 | 32,391 | 47,36 | 47,36 | 102,434 |   NaN | NaN | 0,00 | 0,00 | NaN
   4 |  0,00 | 0,643 | 620,70 | 620,70 | 651,54 |  0,00 | 0,174 | 44,35 | 44,35 |  0,00 | 0,400 | 267,00 | 267,00 |  0,00 | 0,630 | 261,99 | 261,99 |  0,00 | 12,782 | 47,36 | 47,36 | 46,418 |   NaN | NaN | 0,00 | 0,00 | NaN
   5 |  0,00 | 1,390 | 615,89 | 615,89 | 646,65 |  0,00 | 0,200 | 44,35 | 44,35 |  0,00 | 0,208 | 262,18 | 262,18 |  0,00 | 0,335 | 262,00 | 262,00 |  0,00 | 48,607 | 47,36 | 47,36 | 157,390 |   NaN | NaN | 0,00 | 0,00 | NaN
   6 |  0,00 | 1,090 | 619,98 | 619,98 | 650,26 |  0,00 | 0,149 | 44,35 | 44,35 |  0,00 | 0,166 | 265,32 | 265,32 |  0,00 | 0,404 | 262,95 | 262,95 |  0,00 | 36,930 | 47,36 | 47,36 | 131,165 |   NaN | NaN | 0,00 | 0,00 | NaN
   7 |  0,00 | 0,863 | 616,63 | 616,63 | 647,40 |  0,00 | 0,167 | 44,35 | 44,35 |  0,00 | 0,623 | 263,24 | 263,24 |  0,00 | 0,779 | 261,67 | 261,67 |  0,00 | 18,222 | 47,36 | 47,36 | 58,319 |   NaN | NaN | 0,00 | 0,00 | NaN
   8 |  0,00 | 1,025 | 617,72 | 617,72 | 650,21 |  0,00 | 0,217 | 44,35 | 44,35 |  0,00 | 0,294 | 261,50 | 261,50 |  0,00 | 0,404 | 264,51 | 264,51 |  0,00 | 31,401 | 47,36 | 47,36 | 118,890 |   NaN | NaN | 0,00 | 0,00 | NaN
   9 |  0,00 | 0,658 | 619,50 | 619,50 | 650,22 |  0,00 | 0,156 | 44,35 | 44,35 |  0,00 | 0,335 | 264,95 | 264,95 |  0,00 | 0,573 | 262,83 | 262,83 |  0,00 | 15,016 | 47,36 | 47,36 | 56,333 |   NaN | NaN | 0,00 | 0,00 | NaN
  10 |  0,00 | 0,747 | 615,13 | 615,13 | 647,92 |  0,00 | 0,218 | 44,35 | 44,35 |  0,00 | 0,503 | 261,99 | 261,99 |  0,00 | 0,612 | 261,43 | 261,43 |  0,00 | 15,306 | 47,36 | 47,36 | 50,113 |   NaN | NaN | 0,00 | 0,00 | NaN
  11 |  0,00 | 7,102 | 614,26 | 614,26 | 644,74 |  0,00 | 0,157 | 44,35 | 44,35 |  0,00 | 0,335 | 259,32 | 259,32 |  0,00 | 0,608 | 263,23 | 263,23 |  0,00 | 284,355 | 47,36 | 47,36 | 723,929 |   NaN | NaN | 0,00 | 0,00 | NaN
  12 |  0,00 | 1,081 | 615,63 | 615,63 | 648,58 |  0,00 | 0,219 | 44,35 | 44,35 |  0,00 | 0,226 | 261,48 | 261,48 |  0,00 | 0,311 | 262,44 | 262,44 |  0,00 | 35,293 | 47,36 | 47,36 | 125,389 |   NaN | NaN | 0,00 | 0,00 | NaN
  13 |  0,00 | 1,134 | 612,15 | 612,15 | 642,74 |  0,00 | 0,184 | 44,35 | 44,35 |  0,00 | 0,300 | 260,66 | 260,66 |  0,00 | 0,491 | 259,78 | 259,78 |  0,00 | 35,502 | 47,36 | 47,36 | 115,104 |   NaN | NaN | 0,00 | 0,00 | NaN
  14 |  0,00 | 1,453 | 618,41 | 618,41 | 652,93 |  0,00 | 0,225 | 44,35 | 44,35 |  0,00 | 0,237 | 262,66 | 262,66 |  0,00 | 0,305 | 264,03 | 264,03 |  0,00 | 50,836 | 47,36 | 47,36 | 159,762 |   NaN | NaN | 0,00 | 0,00 | NaN
  15 |  0,00 | 0,740 | 615,30 | 615,30 | 648,53 |  0,00 | 0,219 | 44,35 | 44,35 |  0,00 | 0,521 | 259,01 | 259,01 |  0,00 | 0,642 | 264,58 | 264,58 |  0,00 | 14,473 | 47,36 | 47,36 | 55,478 |   NaN | NaN | 0,00 | 0,00 | NaN
  16 |  0,00 | 0,772 | 623,48 | 623,48 | 655,04 |  0,00 | 0,211 | 44,35 | 44,35 |  0,00 | 0,330 | 263,94 | 263,94 |  0,00 | 0,458 | 267,82 | 267,82 |  0,00 | 20,035 | 47,36 | 47,36 | 75,060 |   NaN | NaN | 0,00 | 0,00 | NaN
  17 |  0,00 | 0,763 | 619,81 | 619,81 | 653,96 |  0,00 | 0,224 | 44,35 | 44,35 |  0,00 | 0,417 | 264,74 | 264,74 |  0,00 | 0,497 | 263,36 | 263,36 |  0,00 | 18,039 | 47,36 | 47,36 | 63,556 |   NaN | NaN | 0,00 | 0,00 | NaN
  18 |  0,00 | 4,116 | 613,91 | 613,91 | 644,67 |  0,00 | 0,200 | 44,35 | 44,35 |  0,00 | 0,255 | 260,28 | 260,28 |  0,00 | 0,347 | 261,91 | 261,91 |  0,00 | 161,960 | 47,36 | 47,36 | 719,045 |   NaN | NaN | 0,00 | 0,00 | NaN
  19 |  0,00 | 4,375 | 610,33 | 610,33 | 640,90 |  0,00 | 0,191 | 44,35 | 44,35 |  0,00 | 0,272 | 258,53 | 258,53 |  0,00 | 0,374 | 260,09 | 260,09 |  0,00 | 171,950 | 47,36 | 47,36 | 393,387 |   NaN | NaN | 0,00 | 0,00 | NaN
  20 |  0,00 | 6,538 | 613,63 | 613,63 | 644,18 |  0,00 | 0,187 | 44,35 | 44,35 |  0,00 | 0,242 | 263,28 | 263,28 |  0,00 | 0,676 | 258,63 | 258,63 |  0,00 | 260,255 | 47,36 | 47,36 | 734,420 |   NaN | NaN | 0,00 | 0,00 | NaN
  21 |  0,00 | 0,655 | 607,48 | 607,48 | 638,39 |  0,00 | 0,191 | 44,35 | 44,35 |  0,00 | 0,440 | 257,82 | 257,82 |  0,00 | 0,626 | 257,95 | 257,95 |  0,00 | 12,489 | 47,36 | 47,36 | 46,288 |   NaN | NaN | 0,00 | 0,00 | NaN
  22 |  0,00 | 1,611 | 621,31 | 621,31 | 657,35 |  0,00 | 0,230 | 44,35 | 44,35 |  0,00 | 0,241 | 268,51 | 268,51 |  0,00 | 0,301 | 261,09 | 261,09 |  0,00 | 57,571 | 47,36 | 47,36 | 187,852 |   NaN | NaN | 0,00 | 0,00 | NaN
  23 |  0,00 | 6,731 | 617,44 | 617,44 | 648,99 |  0,00 | 0,212 | 44,35 | 44,35 |  0,00 | 0,492 | 263,26 | 263,26 |  0,00 | 0,515 | 262,47 | 262,47 |  0,00 | 267,796 | 47,36 | 47,36 | 598,113 |   NaN | NaN | 0,00 | 0,00 | NaN
  24 |  0,00 | 1,290 | 617,13 | 617,13 | 647,67 |  0,00 | 0,173 | 44,35 | 44,35 |  0,00 | 0,258 | 261,97 | 261,97 |  0,00 | 0,496 | 263,45 | 263,45 |  0,00 | 42,768 | 47,36 | 47,36 | 132,411 |   NaN | NaN | 0,00 | 0,00 | NaN
  25 |  0,00 | 0,679 | 621,62 | 621,62 | 658,42 |  0,00 | 0,231 | 44,35 | 44,35 |  0,00 | 0,457 | 262,74 | 262,74 |  0,00 | 0,552 | 267,17 | 267,17 |  0,00 | 13,340 | 47,36 | 47,36 | 50,501 |   NaN | NaN | 0,00 | 0,00 | NaN
  26 |  0,00 | 0,876 | 615,28 | 615,28 | 650,67 |  0,00 | 0,227 | 44,35 | 44,35 |  0,00 | 0,600 | 262,88 | 262,88 |  0,00 | 0,724 | 260,69 | 260,69 |  0,00 | 18,356 | 47,36 | 47,36 | 57,636 |   NaN | NaN | 0,00 | 0,00 | NaN
  27 |  0,00 | 3,608 | 612,82 | 612,82 | 643,25 |  0,00 | 0,154 | 44,35 | 44,35 |  0,00 | 0,171 | 262,19 | 262,19 |  0,00 | 0,408 | 258,92 | 258,92 |  0,00 | 141,725 | 47,36 | 47,36 | 653,119 |   NaN | NaN | 0,00 | 0,00 | NaN
  28 |  0,00 | 7,056 | 611,37 | 611,37 | 644,46 |  0,00 | 0,220 | 44,35 | 44,35 |  0,00 | 0,567 | 261,39 | 261,39 |  0,00 | 0,760 | 258,26 | 258,26 |  0,00 | 276,374 | 47,36 | 47,36 | 616,459 |   NaN | NaN | 0,00 | 0,00 | NaN
  29 |  0,00 | 6,927 | 619,72 | 619,72 | 650,47 |  0,00 | 0,199 | 44,35 | 44,35 |  0,00 | 0,406 | 263,98 | 263,98 |  0,00 | 0,793 | 264,03 | 264,03 |  0,00 | 274,865 | 47,36 | 47,36 | 677,728 |   NaN | NaN | 0,00 | 0,00 | NaN
  30 |  0,00 | 5,533 | 613,16 | 613,16 | 649,39 |  0,00 | 0,230 | 44,35 | 44,35 |  0,00 | 0,286 | 259,86 | 259,86 |  0,00 | 0,351 | 261,58 | 261,58 |  0,00 | 220,112 | 47,36 | 47,36 | 763,247 |   NaN | NaN | 0,00 | 0,00 | NaN
  31 |  0,00 | 6,607 | 615,25 | 615,25 | 645,90 |  0,00 | 0,197 | 44,35 | 44,35 |  0,00 | 0,345 | 264,02 | 264,02 |  0,00 | 0,737 | 259,52 | 259,52 |  0,00 | 261,637 | 47,36 | 47,36 | 593,978 |   NaN | NaN | 0,00 | 0,00 | NaN
  32 |  0,00 | 6,782 | 618,69 | 618,69 | 649,17 |  0,00 | 0,153 | 44,35 | 44,35 |  0,00 | 0,282 | 263,19 | 263,19 |  0,00 | 0,862 | 263,79 | 263,79 |  0,00 | 270,026 | 47,36 | 47,36 | 714,350 |   NaN | NaN | 0,00 | 0,00 | NaN
  33 |  0,00 | 6,235 | 614,33 | 614,33 | 647,01 |  0,00 | 0,218 | 44,35 | 44,35 |  0,00 | 0,406 | 261,77 | 261,77 |  0,00 | 0,799 | 260,85 | 260,85 |  0,00 | 244,140 | 47,36 | 47,36 | 750,551 |   NaN | NaN | 0,00 | 0,00 | NaN
  34 |  0,00 | 2,815 | 613,24 | 613,24 | 644,54 |  0,00 | 0,210 | 44,35 | 44,35 |  0,00 | 0,223 | 261,50 | 261,50 |  0,00 | 0,332 | 260,03 | 260,03 |  0,00 | 107,778 | 47,36 | 47,36 | 460,948 |   NaN | NaN | 0,00 | 0,00 | NaN
  35 |  0,00 | 2,343 | 620,75 | 620,75 | 651,16 |  0,00 | 0,159 | 44,35 | 44,35 |  0,00 | 0,170 | 264,73 | 264,73 |  0,00 | 0,373 | 264,31 | 264,31 |  0,00 | 89,785 | 47,36 | 47,36 | 335,573 |   NaN | NaN | 0,00 | 0,00 | NaN
  36 |  0,00 | 3,230 | 615,05 | 615,05 | 646,75 |  0,00 | 0,212 | 44,35 | 44,35 |  0,00 | 0,244 | 259,02 | 259,02 |  0,00 | 0,342 | 264,31 | 264,31 |  0,00 | 124,927 | 47,36 | 47,36 | 569,854 |   NaN | NaN | 0,00 | 0,00 | NaN
  37 |  0,00 | 6,781 | 621,22 | 621,22 | 651,84 |  0,00 | 0,195 | 44,35 | 44,35 |  0,00 | 0,398 | 266,20 | 266,20 |  0,00 | 0,621 | 263,30 | 263,30 |  0,00 | 271,084 | 47,36 | 47,36 | 718,927 |   NaN | NaN | 0,00 | 0,00 | NaN
  38 |  0,00 | 4,892 | 619,38 | 619,38 | 649,89 |  0,00 | 0,186 | 44,35 | 44,35 |  0,00 | 0,205 | 264,78 | 264,78 |  0,00 | 0,368 | 262,88 | 262,88 |  0,00 | 196,002 | 47,36 | 47,36 | 746,835 |   NaN | NaN | 0,00 | 0,00 | NaN
  39 |  0,00 | 6,291 | 607,99 | 607,99 | 644,07 |  0,00 | 0,230 | 44,35 | 44,35 |  0,00 | 0,284 | 259,25 | 259,25 |  0,00 | 0,430 | 257,03 | 257,03 |  0,00 | 249,831 | 47,36 | 47,36 | 744,215 |   NaN | NaN | 0,00 | 0,00 | NaN
  40 |  0,00 | 4,173 | 610,77 | 610,77 | 646,79 |  0,00 | 0,230 | 44,35 | 44,35 |  0,00 | 0,278 | 261,75 | 261,75 |  0,00 | 0,349 | 257,31 | 257,31 |  0,00 | 162,997 | 47,36 | 47,36 | 721,730 |   NaN | NaN | 0,00 | 0,00 | NaN
  41 |  0,00 | 7,189 | 620,19 | 620,19 | 651,96 |  0,00 | 0,212 | 44,35 | 44,35 |  0,00 | 0,536 | 260,95 | 260,95 |  0,00 | 0,974 | 267,52 | 267,52 |  0,00 | 282,406 | 47,36 | 47,36 | 651,726 |   NaN | NaN | 0,00 | 0,00 | NaN
  42 |  0,00 | 6,923 | 622,27 | 622,27 | 652,77 |  0,00 | 0,158 | 44,35 | 44,35 |  0,00 | 0,302 | 265,30 | 265,30 |  0,00 | 0,589 | 265,26 | 265,26 |  0,00 | 279,417 | 47,36 | 47,36 | 685,099 |   NaN | NaN | 0,00 | 0,00 | NaN
  43 |  0,00 | 6,097 | 623,36 | 623,36 | 658,74 |  0,00 | 0,237 | 44,35 | 44,35 |  0,00 | 0,257 | 266,49 | 266,49 |  0,00 | 0,388 | 265,16 | 265,16 |  0,00 | 245,859 | 47,36 | 47,36 | 730,011 |   NaN | NaN | 0,00 | 0,00 | NaN
  44 |  0,00 | 6,790 | 620,01 | 620,01 | 650,39 |  0,00 | 0,149 | 44,35 | 44,35 |  0,00 | 0,305 | 263,02 | 263,02 |  0,00 | 0,853 | 265,28 | 265,28 |  0,00 | 270,595 | 47,36 | 47,36 | 624,945 |   NaN | NaN | 0,00 | 0,00 | NaN
  45 |  0,00 | 7,136 | 615,57 | 615,57 | 653,08 |  0,00 | 0,233 | 44,35 | 44,35 |  0,00 | 0,426 | 265,28 | 265,28 |  0,00 | 0,718 | 258,57 | 258,57 |  0,00 | 282,489 | 47,36 | 47,36 | 678,198 |   NaN | NaN | 0,00 | 0,00 | NaN
  46 |  0,00 | 6,401 | 616,05 | 616,05 | 646,55 |  0,00 | 0,172 | 44,35 | 44,35 |  0,00 | 0,256 | 260,50 | 260,50 |  0,00 | 0,489 | 263,84 | 263,84 |  0,00 | 257,117 | 47,36 | 47,36 | 738,389 |   NaN | NaN | 0,00 | 0,00 | NaN
  47 |  0,00 | 6,394 | 614,13 | 614,13 | 644,62 |  0,00 | 0,170 | 44,35 | 44,35 |  0,00 | 0,356 | 261,64 | 261,64 |  0,00 | 0,832 | 260,77 | 260,77 |  0,00 | 251,841 | 47,36 | 47,36 | 570,884 |   NaN | NaN | 0,00 | 0,00 | NaN
  48 |  0,00 | 6,878 | 614,36 | 614,36 | 645,15 |  0,00 | 0,200 | 44,35 | 44,35 |  0,00 | 0,465 | 261,51 | 261,51 |  0,00 | 0,634 | 261,14 | 261,14 |  0,00 | 272,465 | 47,36 | 47,36 | 627,693 |   NaN | NaN | 0,00 | 0,00 | NaN
  49 |  0,00 | 6,338 | 614,09 | 614,09 | 645,73 |  0,00 | 0,212 | 44,35 | 44,35 |  0,00 | 0,378 | 261,84 | 261,84 |  0,00 | 0,636 | 260,53 | 260,53 |  0,00 | 250,460 | 47,36 | 47,36 | 571,503 |   NaN | NaN | 0,00 | 0,00 | NaN
  50 |  0,00 | 6,254 | 616,41 | 616,41 | 646,90 |  0,00 | 0,166 | 44,35 | 44,35 |  0,00 | 0,242 | 263,27 | 263,27 |  0,00 | 0,555 | 261,43 | 261,43 |  0,00 | 250,650 | 47,36 | 47,36 | 749,740 |   NaN | NaN | 0,00 | 0,00 | NaN
  51 |  0,00 | 6,872 | 616,77 | 616,77 | 647,25 |  0,00 | 0,164 | 44,35 | 44,35 |  0,00 | 0,330 | 261,50 | 261,50 |  0,00 | 0,755 | 263,55 | 263,55 |  0,00 | 273,716 | 47,36 | 47,36 | 638,021 |   NaN | NaN | 0,00 | 0,00 | NaN
  52 |  0,00 | 7,186 | 617,32 | 617,32 | 647,91 |  0,00 | 0,191 | 44,35 | 44,35 |  0,00 | 0,365 | 259,25 | 259,25 |  0,00 | 0,926 | 266,36 | 266,36 |  0,00 | 284,276 | 47,36 | 47,36 | 666,167 |   NaN | NaN | 0,00 | 0,00 | NaN
  53 |  0,00 | 6,411 | 616,94 | 616,94 | 647,47 |  0,00 | 0,178 | 44,35 | 44,35 |  0,00 | 0,257 | 263,74 | 263,74 |  0,00 | 0,481 | 261,49 | 261,49 |  0,00 | 257,794 | 47,36 | 47,36 | 708,497 |   NaN | NaN | 0,00 | 0,00 | NaN
  54 |  0,00 | 7,139 | 611,89 | 611,89 | 642,41 |  0,00 | 0,181 | 44,35 | 44,35 |  0,00 | 0,423 | 261,84 | 261,84 |  0,00 | 0,740 | 258,34 | 258,34 |  0,00 | 282,496 | 47,36 | 47,36 | 676,932 |   NaN | NaN | 0,00 | 0,00 | NaN
  55 |  0,00 | 4,595 | 612,50 | 612,50 | 642,95 |  0,00 | 0,166 | 44,35 | 44,35 |  0,00 | 0,206 | 259,68 | 259,68 |  0,00 | 0,426 | 261,11 | 261,11 |  0,00 | 182,157 | 47,36 | 47,36 | 718,671 |   NaN | NaN | 0,00 | 0,00 | NaN
  56 |  0,00 | 6,931 | 611,38 | 611,38 | 641,85 |  0,00 | 0,171 | 44,35 | 44,35 |  0,00 | 0,338 | 259,98 | 259,98 |  0,00 | 0,891 | 259,69 | 259,69 |  0,00 | 273,225 | 47,36 | 47,36 | 631,396 |   NaN | NaN | 0,00 | 0,00 | NaN
  57 |  0,00 | 6,746 | 614,99 | 614,99 | 645,47 |  0,00 | 0,168 | 44,35 | 44,35 |  0,00 | 0,427 | 260,92 | 260,92 |  0,00 | 0,642 | 262,35 | 262,35 |  0,00 | 268,063 | 47,36 | 47,36 | 601,188 |   NaN | NaN | 0,00 | 0,00 | NaN
  58 |  0,00 | 6,935 | 618,70 | 618,70 | 649,40 |  0,00 | 0,197 | 44,35 | 44,35 |  0,00 | 0,389 | 264,48 | 264,48 |  0,00 | 0,629 | 262,51 | 262,51 |  0,00 | 276,922 | 47,36 | 47,36 | 618,164 |   NaN | NaN | 0,00 | 0,00 | NaN
  59 |  0,00 | 2,838 | 620,35 | 620,35 | 652,64 |  0,00 | 0,216 | 44,35 | 44,35 |  0,00 | 0,229 | 261,23 | 261,23 |  0,00 | 0,321 | 267,41 | 267,41 |  0,00 | 109,370 | 47,36 | 47,36 | 492,297 |   NaN | NaN | 0,00 | 0,00 | NaN
  60 |  0,00 | 7,175 | 615,66 | 615,66 | 646,07 |  0,00 | 0,151 | 44,35 | 44,35 |  0,00 | 0,246 | 262,86 | 262,86 |  0,00 | 0,510 | 261,08 | 261,08 |  0,00 | 289,839 | 47,36 | 47,36 | 662,838 |   NaN | NaN | 0,00 | 0,00 | NaN
  61 |  0,00 | 6,580 | 619,73 | 619,73 | 650,25 |  0,00 | 0,173 | 44,35 | 44,35 |  0,00 | 0,236 | 263,96 | 263,96 |  0,00 | 0,629 | 264,06 | 264,06 |  0,00 | 264,286 | 47,36 | 47,36 | 731,401 |   NaN | NaN | 0,00 | 0,00 | NaN
  62 |  0,00 | 6,929 | 618,71 | 618,71 | 656,94 |  0,00 | 0,235 | 44,35 | 44,35 |  0,00 | 0,428 | 262,64 | 262,64 |  0,00 | 0,584 | 264,36 | 264,36 |  0,00 | 275,957 | 47,36 | 47,36 | 633,522 |   NaN | NaN | 0,00 | 0,00 | NaN
  63 |  0,00 | 4,988 | 616,51 | 616,51 | 647,07 |  0,00 | 0,190 | 44,35 | 44,35 |  0,00 | 0,245 | 263,72 | 263,72 |  0,00 | 0,453 | 261,08 | 261,08 |  0,00 | 198,148 | 47,36 | 47,36 | 724,926 |   NaN | NaN | 0,00 | 0,00 | NaN
  64 |  0,00 | 7,179 | 611,19 | 611,19 | 649,04 |  0,00 | 0,234 | 44,35 | 44,35 |  0,00 | 0,401 | 259,78 | 259,78 |  0,00 | 0,670 | 259,70 | 259,70 |  0,00 | 283,841 | 47,36 | 47,36 | 678,153 |   NaN | NaN | 0,00 | 0,00 | NaN

= = = = = = = = = = = = AVERAGE RESULTS system = = = = = = = = = = = =
meanPLR_system | 0,000000 
meanDelay_system | 4,335514 
meanLoad_system | 616,298218 
meanTHR_system | 616,298218 
meanGate_system | 648,401153 

meanPLR_EF_system | 0,000000 
meanPLR_AF_system | 0,000000 
meanPLR_BE_system | 0,000000 
meanPLR_FLA_system | 0,000000 
meanPLR_FLB_system | NaN 

meanTHR_EF_system | 44,352002 
meanTHR_AF_system | 262,471574 
meanTHR_BE_system | 262,113127 
meanTHR_FLA_system | 48,263435 
meanTHR_FLB_system | 0,000000 

meanLoad_EF_system | 44,352002 
meanLoad_AF_system | 262,471574 
meanLoad_BE_system | 262,113127 
meanLoad_FLA_system | 48,263435 
meanLoad_FLB_system | 0,000000 

meanDELAY_EF_system | 0,195353 
meanDELAY_AF_system | 0,337295 
meanDELAY_BE_system | 0,563941 
meanDELAY_FLA_system | 168,458053 
meanDELAY_FLB_system | NaN 
meanDELAY_CompleteFLA_system | 468,815060 
meanDELAY_CompleteFLB_system | NaN 

= = = = = = = = = = = = AVERAGE RESULTS = = = = = = = = = = = =
Packet Loss Ratio: 00,00 (%)
PROCESSED PACKAGES: 1700652856 
DISCARTED PACKAGES: 0 
TOTAL PACKAGES: 1700652856 
AVERAGE DELAY: 717,45 (ms) 
AVERAGE THROUGHPUT: 616,30 (Mbps) 
GRANTED THROUGHPUT: 41497,67 (Mbps) By 64 ONUs
EFFECTIVE THROUGHPUT: 39443,09 (Mbps) By 64 ONUs
TOTAL LOAD: 39443,09 (Mbps) By 64 ONUs
ON Arrival THROUGHPUT: 0,00 (Mbps) By 64 ONUs
FINISHTIMEFL: 157,535408 
FINISHTIME: 160,535408 


fileName | IPACT_LBVARIBLETOKENSBYCYCLE_3_36_70_0 
