
ONU ID 	|  PLR(%) | Delay(ms) | Throughput(Mbps) | Granted Throughput(Mbps) | Total Load (Mbps) 

  ID |  PLR(%) |  D  | Thr |  Gates  |  Load  | PLR-EF | D-EF | ThrEF | LoadEF | PLR-AF | D-AF | ThrAF | LoadAF | PLR-BE | D-BE | ThrBE | LoadBE | PLR-FA | D-FA | ThrFA | LoadFA | DTFA |  PLR-FB | D-FB | ThrFB | LoadFB | DTFB | 
   1 |  0,00 | 29,893 | 693,95 | 693,95 | 711,06 |  0,00 | 0,683 | 44,35 | 44,35 |  0,00 | 23,816 | 267,07 | 267,07 |  0,00 | 62,252 | 259,13 | 259,13 |  0,00 | 151,652 | 123,40 | 123,40 | 322,339 |   NaN | NaN | 0,00 | 0,00 | NaN
   2 |  0,00 | 27,645 | 692,56 | 692,56 | 711,65 |  0,00 | 0,695 | 44,35 | 44,35 |  0,00 | 0,946 | 261,42 | 261,42 |  0,00 | 31,113 | 263,38 | 263,38 |  0,00 | 327,854 | 123,40 | 123,40 | 675,187 |   NaN | NaN | 0,00 | 0,00 | NaN
   3 |  0,00 | 27,894 | 696,60 | 696,60 | 712,51 |  0,00 | 0,632 | 44,35 | 44,35 |  0,00 | 1,149 | 265,00 | 265,00 |  0,00 | 35,309 | 263,84 | 263,84 |  0,00 | 316,251 | 123,40 | 123,40 | 651,914 |   NaN | NaN | 0,00 | 0,00 | NaN
   4 |  0,00 | 28,839 | 697,05 | 697,05 | 712,73 |  0,00 | 0,638 | 44,35 | 44,35 |  0,00 | 30,216 | 268,23 | 268,23 |  0,00 | 55,893 | 261,07 | 261,07 |  0,00 | 132,558 | 123,40 | 123,40 | 283,539 |   NaN | NaN | 0,00 | 0,00 | NaN
   5 |  0,00 | 28,921 | 690,53 | 690,53 | 706,62 |  0,00 | 0,663 | 44,35 | 44,35 |  0,00 | 1,044 | 262,02 | 262,02 |  0,00 | 14,325 | 260,76 | 260,76 |  0,00 | 416,203 | 123,40 | 123,40 | 852,338 |   NaN | NaN | 0,00 | 0,00 | NaN
   6 |  0,00 | 27,176 | 696,66 | 696,66 | 712,53 |  0,00 | 0,612 | 44,35 | 44,35 |  0,00 | 1,102 | 265,35 | 265,35 |  0,00 | 22,702 | 263,55 | 263,55 |  0,00 | 355,409 | 123,40 | 123,40 | 730,459 |   NaN | NaN | 0,00 | 0,00 | NaN
   7 |  0,00 | 30,272 | 693,03 | 693,03 | 708,93 |  0,00 | 0,630 | 44,35 | 44,35 |  0,00 | 8,546 | 263,26 | 263,26 |  0,00 | 67,189 | 262,02 | 262,02 |  0,00 | 198,178 | 123,40 | 123,40 | 415,673 |   NaN | NaN | 0,00 | 0,00 | NaN
   8 |  0,00 | 26,505 | 697,59 | 697,59 | 714,46 |  0,00 | 0,680 | 44,35 | 44,35 |  0,00 | 1,019 | 263,04 | 263,04 |  0,00 | 23,960 | 266,78 | 266,78 |  0,00 | 338,205 | 123,40 | 123,40 | 696,023 |   NaN | NaN | 0,00 | 0,00 | NaN
   9 |  0,00 | 27,177 | 694,33 | 694,33 | 710,25 |  0,00 | 0,620 | 44,35 | 44,35 |  0,00 | 1,923 | 264,76 | 264,76 |  0,00 | 46,686 | 261,81 | 261,81 |  0,00 | 255,855 | 123,40 | 123,40 | 530,959 |   NaN | NaN | 0,00 | 0,00 | NaN
  10 |  0,00 | 28,044 | 693,03 | 693,03 | 709,82 |  0,00 | 0,681 | 44,35 | 44,35 |  0,00 | 23,389 | 263,96 | 263,96 |  0,00 | 55,697 | 261,31 | 261,31 |  0,00 | 147,212 | 123,40 | 123,40 | 313,500 |   NaN | NaN | 0,00 | 0,00 | NaN
  11 |  0,00 | 35,069 | 686,70 | 686,70 | 702,66 |  0,00 | 0,621 | 44,35 | 44,35 |  0,00 | 0,858 | 257,56 | 257,56 |  0,00 | 7,734 | 261,38 | 261,38 |  0,00 | 544,112 | 123,40 | 123,40 | 1108,581 |   NaN | NaN | 0,00 | 0,00 | NaN
  12 |  0,00 | 27,078 | 695,72 | 695,72 | 712,84 |  0,00 | 0,683 | 44,35 | 44,35 |  0,00 | 0,889 | 263,84 | 263,84 |  0,00 | 19,144 | 264,12 | 264,12 |  0,00 | 367,869 | 123,40 | 123,40 | 755,412 |   NaN | NaN | 0,00 | 0,00 | NaN
  13 |  0,00 | 27,953 | 687,31 | 687,31 | 703,25 |  0,00 | 0,647 | 44,35 | 44,35 |  0,00 | 1,212 | 259,05 | 259,05 |  0,00 | 31,921 | 260,50 | 260,50 |  0,00 | 328,231 | 123,40 | 123,40 | 675,990 |   NaN | NaN | 0,00 | 0,00 | NaN
  14 |  0,00 | 29,291 | 697,54 | 697,54 | 715,50 |  0,00 | 0,689 | 44,35 | 44,35 |  0,00 | 1,009 | 265,31 | 265,31 |  0,00 | 17,537 | 264,47 | 264,47 |  0,00 | 411,617 | 123,40 | 123,40 | 843,052 |   NaN | NaN | 0,00 | 0,00 | NaN
  15 |  0,00 | 30,270 | 691,45 | 691,45 | 708,49 |  0,00 | 0,683 | 44,35 | 44,35 |  0,00 | 6,193 | 259,96 | 259,96 |  0,00 | 67,777 | 263,73 | 263,73 |  0,00 | 202,705 | 123,40 | 123,40 | 424,695 |   NaN | NaN | 0,00 | 0,00 | NaN
  16 |  0,00 | 27,611 | 698,03 | 698,03 | 714,41 |  0,00 | 0,674 | 44,35 | 44,35 |  0,00 | 1,162 | 262,95 | 262,95 |  0,00 | 41,314 | 267,33 | 267,33 |  0,00 | 285,320 | 123,40 | 123,40 | 589,958 |   NaN | NaN | 0,00 | 0,00 | NaN
  17 |  0,00 | 28,581 | 694,73 | 694,73 | 712,31 |  0,00 | 0,687 | 44,35 | 44,35 |  0,00 | 1,481 | 263,09 | 263,09 |  0,00 | 47,700 | 263,88 | 263,88 |  0,00 | 275,232 | 123,40 | 123,40 | 569,796 |   NaN | NaN | 0,00 | 0,00 | NaN
  18 |  0,00 | 36,297 | 693,35 | 693,35 | 709,42 |  0,00 | 0,664 | 44,35 | 44,35 |  0,00 | 0,737 | 262,26 | 262,26 |  0,00 | 5,119 | 263,33 | 263,33 |  0,00 | 578,454 | 123,40 | 123,40 | 1177,645 |   NaN | NaN | 0,00 | 0,00 | NaN
  19 |  0,00 | 31,634 | 688,33 | 688,33 | 704,33 |  0,00 | 0,654 | 44,35 | 44,35 |  0,00 | 1,045 | 258,89 | 258,89 |  0,00 | 8,897 | 261,68 | 261,68 |  0,00 | 482,033 | 123,40 | 123,40 | 984,076 |   NaN | NaN | 0,00 | 0,00 | NaN
  20 |  0,00 | 35,874 | 689,81 | 689,81 | 705,81 |  0,00 | 0,650 | 44,35 | 44,35 |  0,00 | 1,096 | 262,79 | 262,79 |  0,00 | 9,211 | 259,26 | 259,26 |  0,00 | 552,229 | 123,40 | 123,40 | 1124,896 |   NaN | NaN | 0,00 | 0,00 | NaN
  21 |  0,00 | 28,988 | 685,34 | 685,34 | 701,32 |  0,00 | 0,654 | 44,35 | 44,35 |  0,00 | 13,225 | 259,73 | 259,73 |  0,00 | 63,464 | 257,86 | 257,86 |  0,00 | 173,993 | 123,40 | 123,40 | 367,220 |   NaN | NaN | 0,00 | 0,00 | NaN
  22 |  0,00 | 29,528 | 697,52 | 697,52 | 716,18 |  0,00 | 0,693 | 44,35 | 44,35 |  0,00 | 1,038 | 268,81 | 268,81 |  0,00 | 14,361 | 260,96 | 260,96 |  0,00 | 428,979 | 123,40 | 123,40 | 877,929 |   NaN | NaN | 0,00 | 0,00 | NaN
  23 |  0,00 | 34,196 | 694,54 | 694,54 | 711,06 |  0,00 | 0,675 | 44,35 | 44,35 |  0,00 | 1,079 | 264,17 | 264,17 |  0,00 | 10,692 | 262,61 | 262,61 |  0,00 | 520,212 | 123,40 | 123,40 | 1060,463 |   NaN | NaN | 0,00 | 0,00 | NaN
  24 |  0,00 | 27,293 | 694,04 | 694,04 | 709,98 |  0,00 | 0,637 | 44,35 | 44,35 |  0,00 | 1,143 | 263,07 | 263,07 |  0,00 | 29,643 | 263,21 | 263,21 |  0,00 | 328,190 | 123,40 | 123,40 | 675,889 |   NaN | NaN | 0,00 | 0,00 | NaN
  25 |  0,00 | 30,734 | 702,48 | 702,48 | 721,17 |  0,00 | 0,694 | 44,35 | 44,35 |  0,00 | 2,985 | 263,08 | 263,08 |  0,00 | 68,287 | 271,65 | 271,65 |  0,00 | 217,741 | 123,40 | 123,40 | 454,669 |   NaN | NaN | 0,00 | 0,00 | NaN
  26 |  0,00 | 30,708 | 692,28 | 692,28 | 710,37 |  0,00 | 0,691 | 44,35 | 44,35 |  0,00 | 8,526 | 261,58 | 261,58 |  0,00 | 69,681 | 262,94 | 262,94 |  0,00 | 194,015 | 123,40 | 123,40 | 407,281 |   NaN | NaN | 0,00 | 0,00 | NaN
  27 |  0,00 | 37,255 | 687,28 | 687,28 | 703,20 |  0,00 | 0,617 | 44,35 | 44,35 |  0,00 | 0,669 | 261,90 | 261,90 |  0,00 | 7,275 | 257,62 | 257,62 |  0,00 | 583,661 | 123,40 | 123,40 | 1187,861 |   NaN | NaN | 0,00 | 0,00 | NaN
  28 |  0,00 | 33,828 | 688,46 | 688,46 | 705,66 |  0,00 | 0,684 | 44,35 | 44,35 |  0,00 | 1,021 | 262,24 | 262,24 |  0,00 | 8,087 | 258,47 | 258,47 |  0,00 | 521,990 | 123,40 | 123,40 | 1064,017 |   NaN | NaN | 0,00 | 0,00 | NaN
  29 |  0,00 | 34,948 | 694,55 | 694,55 | 710,64 |  0,00 | 0,663 | 44,35 | 44,35 |  0,00 | 1,070 | 264,08 | 264,08 |  0,00 | 9,468 | 262,72 | 262,72 |  0,00 | 537,803 | 123,40 | 123,40 | 1095,692 |   NaN | NaN | 0,00 | 0,00 | NaN
  30 |  0,00 | 36,284 | 686,24 | 686,24 | 705,08 |  0,00 | 0,693 | 44,35 | 44,35 |  0,00 | 0,947 | 258,80 | 258,80 |  0,00 | 7,228 | 259,69 | 259,69 |  0,00 | 565,213 | 123,40 | 123,40 | 1151,074 |   NaN | NaN | 0,00 | 0,00 | NaN
  31 |  0,00 | 33,368 | 692,15 | 692,15 | 708,18 |  0,00 | 0,660 | 44,35 | 44,35 |  0,00 | 1,061 | 262,40 | 262,40 |  0,00 | 6,972 | 261,99 | 261,99 |  0,00 | 520,301 | 123,40 | 123,40 | 1060,621 |   NaN | NaN | 0,00 | 0,00 | NaN
  32 |  0,00 | 35,155 | 688,86 | 688,86 | 704,79 |  0,00 | 0,617 | 44,35 | 44,35 |  0,00 | 1,137 | 259,91 | 259,91 |  0,00 | 7,761 | 261,19 | 261,19 |  0,00 | 545,455 | 123,40 | 123,40 | 1111,060 |   NaN | NaN | 0,00 | 0,00 | NaN
  33 |  0,00 | 35,555 | 689,72 | 689,72 | 706,80 |  0,00 | 0,682 | 44,35 | 44,35 |  0,00 | 0,875 | 258,63 | 258,63 |  0,00 | 6,786 | 263,33 | 263,33 |  0,00 | 556,844 | 123,40 | 123,40 | 1133,826 |   NaN | NaN | 0,00 | 0,00 | NaN
  34 |  0,00 | 37,897 | 685,38 | 685,38 | 701,76 |  0,00 | 0,673 | 44,35 | 44,35 |  0,00 | 0,716 | 261,22 | 261,22 |  0,00 | 5,592 | 256,41 | 256,41 |  0,00 | 599,443 | 123,40 | 123,40 | 1219,362 |   NaN | NaN | 0,00 | 0,00 | NaN
  35 |  0,00 | 38,187 | 696,50 | 696,50 | 712,43 |  0,00 | 0,622 | 44,35 | 44,35 |  0,00 | 0,633 | 264,93 | 264,93 |  0,00 | 4,661 | 263,82 | 263,82 |  0,00 | 614,444 | 123,40 | 123,40 | 1249,299 |   NaN | NaN | 0,00 | 0,00 | NaN
  36 |  0,00 | 37,483 | 688,08 | 688,08 | 704,57 |  0,00 | 0,676 | 44,35 | 44,35 |  0,00 | 0,734 | 257,79 | 257,79 |  0,00 | 6,603 | 262,53 | 262,53 |  0,00 | 589,442 | 123,40 | 123,40 | 1199,396 |   NaN | NaN | 0,00 | 0,00 | NaN
  37 |  0,00 | 35,104 | 698,10 | 698,10 | 714,13 |  0,00 | 0,658 | 44,35 | 44,35 |  0,00 | 1,043 | 267,37 | 267,37 |  0,00 | 8,716 | 262,97 | 262,97 |  0,00 | 545,375 | 123,40 | 123,40 | 1111,039 |   NaN | NaN | 0,00 | 0,00 | NaN
  38 |  0,00 | 36,437 | 691,05 | 691,05 | 707,01 |  0,00 | 0,650 | 44,35 | 44,35 |  0,00 | 1,064 | 263,11 | 263,11 |  0,00 | 7,345 | 260,18 | 260,18 |  0,00 | 569,779 | 123,40 | 123,40 | 1159,990 |   NaN | NaN | 0,00 | 0,00 | NaN
  39 |  0,00 | 35,649 | 686,24 | 686,24 | 705,05 |  0,00 | 0,693 | 44,35 | 44,35 |  0,00 | 0,960 | 260,06 | 260,06 |  0,00 | 7,155 | 258,43 | 258,43 |  0,00 | 555,046 | 123,40 | 123,40 | 1130,641 |   NaN | NaN | 0,00 | 0,00 | NaN
  40 |  0,00 | 37,273 | 688,31 | 688,31 | 707,10 |  0,00 | 0,693 | 44,35 | 44,35 |  0,00 | 0,813 | 260,83 | 260,83 |  0,00 | 7,507 | 259,73 | 259,73 |  0,00 | 582,246 | 123,40 | 123,40 | 1185,125 |   NaN | NaN | 0,00 | 0,00 | NaN
  41 |  0,00 | 33,744 | 696,61 | 696,61 | 713,17 |  0,00 | 0,676 | 44,35 | 44,35 |  0,00 | 0,971 | 262,25 | 262,25 |  0,00 | 6,716 | 266,61 | 266,61 |  0,00 | 529,671 | 123,40 | 123,40 | 1079,455 |   NaN | NaN | 0,00 | 0,00 | NaN
  42 |  0,00 | 34,793 | 695,31 | 695,31 | 711,24 |  0,00 | 0,622 | 44,35 | 44,35 |  0,00 | 0,989 | 262,74 | 262,74 |  0,00 | 9,038 | 264,81 | 264,81 |  0,00 | 537,713 | 123,40 | 123,40 | 1095,611 |   NaN | NaN | 0,00 | 0,00 | NaN
  43 |  0,00 | 36,706 | 696,15 | 696,15 | 714,56 |  0,00 | 0,700 | 44,35 | 44,35 |  0,00 | 0,971 | 263,02 | 263,02 |  0,00 | 12,644 | 265,37 | 265,37 |  0,00 | 555,015 | 123,40 | 123,40 | 1130,492 |   NaN | NaN | 0,00 | 0,00 | NaN
  44 |  0,00 | 33,776 | 698,48 | 698,48 | 714,39 |  0,00 | 0,613 | 44,35 | 44,35 |  0,00 | 0,898 | 263,61 | 263,61 |  0,00 | 8,010 | 267,11 | 267,11 |  0,00 | 526,627 | 123,40 | 123,40 | 1073,316 |   NaN | NaN | 0,00 | 0,00 | NaN
  45 |  0,00 | 34,354 | 696,64 | 696,64 | 716,08 |  0,00 | 0,697 | 44,35 | 44,35 |  0,00 | 1,272 | 269,03 | 269,03 |  0,00 | 7,458 | 259,85 | 259,85 |  0,00 | 536,193 | 123,40 | 123,40 | 1092,541 |   NaN | NaN | 0,00 | 0,00 | NaN
  46 |  0,00 | 35,286 | 689,59 | 689,59 | 705,55 |  0,00 | 0,636 | 44,35 | 44,35 |  0,00 | 0,983 | 258,37 | 258,37 |  0,00 | 6,763 | 263,46 | 263,46 |  0,00 | 552,247 | 123,40 | 123,40 | 1124,919 |   NaN | NaN | 0,00 | 0,00 | NaN
  47 |  0,00 | 33,383 | 686,04 | 686,04 | 702,02 |  0,00 | 0,634 | 44,35 | 44,35 |  0,00 | 0,748 | 261,87 | 261,87 |  0,00 | 7,535 | 256,42 | 256,42 |  0,00 | 517,252 | 123,40 | 123,40 | 1054,520 |   NaN | NaN | 0,00 | 0,00 | NaN
  48 |  0,00 | 33,727 | 686,80 | 686,80 | 702,86 |  0,00 | 0,663 | 44,35 | 44,35 |  0,00 | 0,901 | 259,16 | 259,16 |  0,00 | 6,420 | 259,88 | 259,88 |  0,00 | 526,615 | 123,40 | 123,40 | 1073,246 |   NaN | NaN | 0,00 | 0,00 | NaN
  49 |  0,00 | 33,475 | 685,79 | 685,79 | 702,41 |  0,00 | 0,676 | 44,35 | 44,35 |  0,00 | 0,990 | 258,60 | 258,60 |  0,00 | 7,535 | 259,43 | 259,43 |  0,00 | 517,164 | 123,40 | 123,40 | 1054,435 |   NaN | NaN | 0,00 | 0,00 | NaN
  50 |  0,00 | 36,516 | 691,63 | 691,63 | 707,56 |  0,00 | 0,630 | 44,35 | 44,35 |  0,00 | 0,996 | 263,56 | 263,56 |  0,00 | 11,467 | 260,32 | 260,32 |  0,00 | 555,402 | 123,40 | 123,40 | 1131,091 |   NaN | NaN | 0,00 | 0,00 | NaN
  51 |  0,00 | 34,182 | 688,88 | 688,88 | 704,86 |  0,00 | 0,628 | 44,35 | 44,35 |  0,00 | 1,024 | 259,23 | 259,23 |  0,00 | 7,536 | 261,90 | 261,90 |  0,00 | 530,433 | 123,40 | 123,40 | 1080,871 |   NaN | NaN | 0,00 | 0,00 | NaN
  52 |  0,00 | 33,965 | 691,01 | 691,01 | 707,04 |  0,00 | 0,654 | 44,35 | 44,35 |  0,00 | 0,999 | 259,13 | 259,13 |  0,00 | 6,086 | 264,12 | 264,12 |  0,00 | 533,439 | 123,40 | 123,40 | 1086,924 |   NaN | NaN | 0,00 | 0,00 | NaN
  53 |  0,00 | 34,942 | 693,59 | 693,59 | 709,55 |  0,00 | 0,642 | 44,35 | 44,35 |  0,00 | 0,832 | 261,33 | 261,33 |  0,00 | 7,228 | 264,50 | 264,50 |  0,00 | 547,238 | 123,40 | 123,40 | 1114,709 |   NaN | NaN | 0,00 | 0,00 | NaN
  54 |  0,00 | 35,596 | 686,16 | 686,16 | 702,11 |  0,00 | 0,644 | 44,35 | 44,35 |  0,00 | 1,016 | 262,23 | 262,23 |  0,00 | 11,802 | 256,17 | 256,17 |  0,00 | 536,299 | 123,40 | 123,40 | 1092,762 |   NaN | NaN | 0,00 | 0,00 | NaN
  55 |  0,00 | 36,389 | 691,57 | 691,57 | 707,51 |  0,00 | 0,629 | 44,35 | 44,35 |  0,00 | 0,886 | 261,15 | 261,15 |  0,00 | 7,443 | 262,67 | 262,67 |  0,00 | 569,417 | 123,40 | 123,40 | 1159,549 |   NaN | NaN | 0,00 | 0,00 | NaN
  56 |  0,00 | 34,520 | 686,98 | 686,98 | 702,91 |  0,00 | 0,635 | 44,35 | 44,35 |  0,00 | 1,044 | 261,27 | 261,27 |  0,00 | 9,452 | 257,95 | 257,95 |  0,00 | 527,858 | 123,40 | 123,40 | 1075,806 |   NaN | NaN | 0,00 | 0,00 | NaN
  57 |  0,00 | 33,852 | 689,56 | 689,56 | 705,55 |  0,00 | 0,632 | 44,35 | 44,35 |  0,00 | 0,938 | 259,85 | 259,85 |  0,00 | 8,864 | 261,96 | 261,96 |  0,00 | 520,273 | 123,40 | 123,40 | 1060,617 |   NaN | NaN | 0,00 | 0,00 | NaN
  58 |  0,00 | 34,095 | 691,77 | 691,77 | 707,82 |  0,00 | 0,661 | 44,35 | 44,35 |  0,00 | 1,078 | 262,77 | 262,77 |  0,00 | 9,572 | 261,24 | 261,24 |  0,00 | 521,895 | 123,40 | 123,40 | 1063,872 |   NaN | NaN | 0,00 | 0,00 | NaN
  59 |  0,00 | 37,515 | 696,21 | 696,21 | 713,01 |  0,00 | 0,680 | 44,35 | 44,35 |  0,00 | 0,771 | 261,16 | 261,16 |  0,00 | 6,110 | 267,29 | 267,29 |  0,00 | 595,927 | 123,40 | 123,40 | 1212,534 |   NaN | NaN | 0,00 | 0,00 | NaN
  60 |  0,00 | 34,066 | 691,58 | 691,58 | 707,49 |  0,00 | 0,615 | 44,35 | 44,35 |  0,00 | 1,040 | 263,02 | 263,02 |  0,00 | 7,656 | 260,81 | 260,81 |  0,00 | 529,553 | 123,40 | 123,40 | 1079,189 |   NaN | NaN | 0,00 | 0,00 | NaN
  61 |  0,00 | 35,598 | 695,96 | 695,96 | 711,90 |  0,00 | 0,637 | 44,35 | 44,35 |  0,00 | 1,001 | 264,63 | 264,63 |  0,00 | 9,565 | 263,58 | 263,58 |  0,00 | 549,364 | 123,40 | 123,40 | 1119,098 |   NaN | NaN | 0,00 | 0,00 | NaN
  62 |  0,00 | 34,136 | 693,71 | 693,71 | 713,47 |  0,00 | 0,699 | 44,35 | 44,35 |  0,00 | 1,116 | 262,56 | 262,56 |  0,00 | 8,671 | 263,39 | 263,39 |  0,00 | 526,469 | 123,40 | 123,40 | 1073,061 |   NaN | NaN | 0,00 | 0,00 | NaN
  63 |  0,00 | 35,897 | 693,98 | 693,98 | 710,00 |  0,00 | 0,654 | 44,35 | 44,35 |  0,00 | 0,837 | 264,98 | 264,98 |  0,00 | 6,826 | 261,24 | 261,24 |  0,00 | 565,149 | 123,40 | 123,40 | 1150,882 |   NaN | NaN | 0,00 | 0,00 | NaN
  64 |  0,00 | 34,862 | 687,01 | 687,01 | 706,67 |  0,00 | 0,697 | 44,35 | 44,35 |  0,00 | 0,904 | 260,72 | 260,72 |  0,00 | 8,774 | 258,54 | 258,54 |  0,00 | 536,158 | 123,40 | 123,40 | 1092,502 |   NaN | NaN | 0,00 | 0,00 | NaN

= = = = = = = = = = = = AVERAGE RESULTS system = = = = = = = = = = = =
meanPLR_system | 0,000000 
meanDelay_system | 33,019818 
meanLoad_system | 692,131621 
meanTHR_system | 692,131621 
meanGate_system | 708,840000 

meanPLR_EF_system | 0,000000 
meanPLR_AF_system | 0,000000 
meanPLR_BE_system | 0,000000 
meanPLR_FLA_system | 0,000000 
meanPLR_FLB_system | NaN 

meanTHR_EF_system | 44,352006 
meanTHR_AF_system | 262,340368 
meanTHR_BE_system | 262,035247 
meanTHR_FLA_system | 126,669270 
meanTHR_FLB_system | 0,000000 

meanLoad_EF_system | 44,352006 
meanLoad_AF_system | 262,340368 
meanLoad_BE_system | 262,035247 
meanLoad_FLA_system | 126,669270 
meanLoad_FLB_system | 0,000000 

meanDELAY_EF_system | 0,658773 
meanDELAY_AF_system | 2,699693 
meanDELAY_BE_system | 19,186534 
meanDELAY_FLA_system | 458,761260 
meanDELAY_FLB_system | NaN 
meanDELAY_CompleteFLA_system | 937,507592 
meanDELAY_CompleteFLB_system | NaN 

= = = = = = = = = = = = AVERAGE RESULTS = = = = = = = = = = = =
Packet Loss Ratio: 00,00 (%)
PROCESSED PACKAGES: 1279821935 
DISCARTED PACKAGES: 0 
TOTAL PACKAGES: 1279821935 
AVERAGE DELAY: 5673,00 (ms) 
AVERAGE THROUGHPUT: 692,13 (Mbps) 
GRANTED THROUGHPUT: 45365,76 (Mbps) By 64 ONUs
EFFECTIVE THROUGHPUT: 44296,42 (Mbps) By 64 ONUs
TOTAL LOAD: 44296,42 (Mbps) By 64 ONUs
ON Arrival THROUGHPUT: 0,00 (Mbps) By 64 ONUs
FINISHTIMEFL: 113,378723 
FINISHTIME: 116,378723 


fileName | IPACT_LEAKYBUCKET_1_68_70_0 
