
ONU ID 	|  PLR(%) | Delay(ms) | Throughput(Mbps) | Granted Throughput(Mbps) | Total Load (Mbps) 

  ID |  PLR(%) |  D  | Thr |  Gates  |  Load  | PLR-EF | D-EF | ThrEF | LoadEF | PLR-AF | D-AF | ThrAF | LoadAF | PLR-BE | D-BE | ThrBE | LoadBE | PLR-FA | D-FA | ThrFA | LoadFA | DTFA |  PLR-FB | D-FB | ThrFB | LoadFB | DTFB | 
   1 |  1,80 | 226,352 | 756,17 | 770,01 | 760,49 |  0,00 | 1,402 | 44,35 | 44,35 |  0,00 | 7,673 | 349,78 | 349,78 |  4,05 | 806,267 | 327,54 | 341,37 |  0,00 | 223,714 | 34,51 | 34,51 | 467,513 |   NaN | NaN | 0,00 | 0,00 | NaN
   2 |  2,20 | 208,613 | 755,34 | 772,37 | 759,70 |  0,00 | 1,414 | 44,35 | 44,35 |  0,00 | 1,861 | 349,83 | 349,83 |  4,95 | 709,656 | 326,65 | 343,67 |  0,00 | 923,654 | 34,51 | 34,51 | 1867,933 |   NaN | NaN | 0,00 | 0,00 | NaN
   3 |  1,85 | 200,676 | 750,81 | 764,96 | 755,12 |  0,00 | 1,351 | 44,35 | 44,35 |  0,00 | 1,805 | 342,63 | 342,63 |  4,12 | 674,996 | 329,32 | 343,47 |  0,00 | 879,982 | 34,51 | 34,51 | 1780,591 |   NaN | NaN | 0,00 | 0,00 | NaN
   4 |  2,30 | 229,764 | 755,94 | 773,72 | 760,39 |  0,00 | 1,356 | 44,35 | 44,35 |  0,00 | 14,932 | 348,67 | 348,67 |  5,14 | 813,167 | 328,41 | 346,19 |  0,00 | 145,992 | 34,51 | 34,51 | 311,986 |   NaN | NaN | 0,00 | 0,00 | NaN
   5 |  1,65 | 209,706 | 753,44 | 766,06 | 757,75 |  0,00 | 1,382 | 44,35 | 44,35 |  0,00 | 1,738 | 344,30 | 344,30 |  3,68 | 685,348 | 330,29 | 342,91 |  0,00 | 1275,773 | 34,51 | 34,51 | 2572,748 |   NaN | NaN | 0,00 | 0,00 | NaN
   6 |  2,07 | 222,541 | 756,26 | 772,25 | 760,57 |  0,00 | 1,330 | 44,35 | 44,35 |  0,00 | 1,907 | 347,93 | 347,93 |  4,63 | 748,962 | 329,47 | 345,45 |  0,00 | 1032,385 | 34,51 | 34,51 | 2085,634 |   NaN | NaN | 0,00 | 0,00 | NaN
   7 |  2,05 | 217,783 | 753,80 | 769,55 | 758,11 |  0,00 | 1,349 | 44,35 | 44,35 |  0,00 | 2,466 | 346,06 | 346,06 |  4,57 | 765,638 | 328,87 | 344,62 |  0,00 | 408,506 | 34,51 | 34,51 | 837,105 |   NaN | NaN | 0,00 | 0,00 | NaN
   8 |  2,08 | 209,883 | 755,00 | 771,06 | 759,34 |  0,00 | 1,399 | 44,35 | 44,35 |  0,00 | 1,845 | 344,82 | 344,82 |  4,62 | 702,408 | 331,32 | 347,38 |  0,00 | 954,677 | 34,51 | 34,51 | 1929,924 |   NaN | NaN | 0,00 | 0,00 | NaN
   9 |  2,18 | 218,559 | 755,80 | 772,66 | 760,12 |  0,00 | 1,339 | 44,35 | 44,35 |  0,00 | 1,907 | 346,44 | 346,44 |  4,85 | 753,647 | 330,51 | 347,36 |  0,00 | 638,235 | 34,51 | 34,51 | 1296,773 |   NaN | NaN | 0,00 | 0,00 | NaN
  10 |  1,58 | 214,476 | 755,51 | 767,65 | 759,86 |  0,00 | 1,400 | 44,35 | 44,35 |  0,00 | 10,113 | 345,11 | 345,11 |  3,53 | 751,801 | 331,54 | 343,68 |  0,00 | 200,702 | 34,51 | 34,51 | 421,552 |   NaN | NaN | 0,00 | 0,00 | NaN
  11 |  1,82 | 200,124 | 752,60 | 766,58 | 756,92 |  0,00 | 1,339 | 44,35 | 44,35 |  0,00 | 1,842 | 342,08 | 342,08 |  4,04 | 619,241 | 331,66 | 345,63 |  0,00 | 1784,168 | 34,51 | 34,51 | 3591,114 |   NaN | NaN | 0,00 | 0,00 | NaN
  12 |  2,02 | 188,886 | 754,99 | 770,59 | 759,32 |  0,00 | 1,402 | 44,35 | 44,35 |  0,00 | 1,872 | 345,29 | 345,29 |  4,50 | 620,253 | 330,84 | 346,43 |  0,00 | 1083,612 | 34,51 | 34,51 | 2188,059 |   NaN | NaN | 0,00 | 0,00 | NaN
  13 |  1,45 | 204,155 | 750,35 | 761,41 | 754,67 |  0,00 | 1,366 | 44,35 | 44,35 |  0,00 | 1,925 | 343,28 | 343,28 |  3,26 | 687,320 | 328,21 | 339,27 |  0,00 | 918,344 | 34,51 | 34,51 | 1857,152 |   NaN | NaN | 0,00 | 0,00 | NaN
  14 |  2,46 | 217,774 | 752,42 | 771,42 | 756,76 |  0,00 | 1,407 | 44,35 | 44,35 |  0,00 | 2,025 | 346,41 | 346,41 |  5,49 | 721,345 | 327,15 | 346,16 |  0,00 | 1256,614 | 34,51 | 34,51 | 2534,276 |   NaN | NaN | 0,00 | 0,00 | NaN
  15 |  1,48 | 217,014 | 754,32 | 765,63 | 758,66 |  0,00 | 1,401 | 44,35 | 44,35 |  0,00 | 2,548 | 339,61 | 339,61 |  3,26 | 746,259 | 335,86 | 347,16 |  0,00 | 424,843 | 34,51 | 34,51 | 869,802 |   NaN | NaN | 0,00 | 0,00 | NaN
  16 |  2,97 | 252,347 | 755,23 | 778,30 | 759,54 |  0,00 | 1,393 | 44,35 | 44,35 |  0,00 | 2,204 | 346,80 | 346,80 |  6,54 | 871,362 | 329,57 | 352,64 |  0,00 | 755,744 | 34,51 | 34,51 | 1531,841 |   NaN | NaN | 0,00 | 0,00 | NaN
  17 |  2,17 | 229,989 | 754,51 | 771,21 | 758,86 |  0,00 | 1,406 | 44,35 | 44,35 |  0,00 | 1,954 | 347,42 | 347,42 |  4,84 | 795,397 | 328,24 | 344,93 |  0,00 | 716,287 | 34,51 | 34,51 | 1453,098 |   NaN | NaN | 0,00 | 0,00 | NaN
  18 |  1,71 | 197,078 | 752,71 | 765,82 | 757,02 |  0,00 | 1,382 | 44,35 | 44,35 |  0,00 | 2,016 | 343,29 | 343,29 |  3,82 | 602,716 | 330,56 | 343,67 |  0,00 | 1919,161 | 34,51 | 34,51 | 3860,986 |   NaN | NaN | 0,00 | 0,00 | NaN
  19 |  0,88 | 162,993 | 753,37 | 760,09 | 757,68 |  0,00 | 1,373 | 44,35 | 44,35 |  0,00 | 1,800 | 339,37 | 339,37 |  1,97 | 494,311 | 335,14 | 341,86 |  0,00 | 1536,849 | 34,51 | 34,51 | 3095,377 |   NaN | NaN | 0,00 | 0,00 | NaN
  20 |  1,39 | 177,772 | 752,37 | 763,01 | 756,67 |  0,00 | 1,369 | 44,35 | 44,35 |  0,00 | 2,103 | 345,08 | 345,08 |  3,14 | 541,809 | 328,42 | 339,06 |  0,00 | 1816,210 | 34,51 | 34,51 | 3655,210 |   NaN | NaN | 0,00 | 0,00 | NaN
  21 |  0,98 | 183,886 | 750,58 | 757,99 | 754,88 |  0,00 | 1,373 | 44,35 | 44,35 |  0,00 | 3,657 | 340,84 | 340,84 |  2,19 | 640,399 | 330,88 | 338,29 |  0,00 | 314,517 | 34,51 | 34,51 | 649,182 |   NaN | NaN | 0,00 | 0,00 | NaN
  22 |  2,42 | 232,910 | 755,40 | 774,17 | 759,76 |  0,00 | 1,412 | 44,35 | 44,35 |  0,00 | 1,923 | 351,21 | 351,21 |  5,45 | 779,237 | 325,33 | 344,10 |  0,00 | 1327,217 | 34,51 | 34,51 | 2675,681 |   NaN | NaN | 0,00 | 0,00 | NaN
  23 |  1,87 | 199,431 | 755,44 | 769,85 | 759,77 |  0,00 | 1,394 | 44,35 | 44,35 |  0,00 | 1,987 | 345,61 | 345,61 |  4,17 | 625,326 | 330,97 | 345,38 |  0,00 | 1682,783 | 34,51 | 34,51 | 3387,593 |   NaN | NaN | 0,00 | 0,00 | NaN
  24 |  2,39 | 231,261 | 754,34 | 772,80 | 758,66 |  0,00 | 1,356 | 44,35 | 44,35 |  0,00 | 1,886 | 345,76 | 345,76 |  5,30 | 784,254 | 329,72 | 348,18 |  0,00 | 929,805 | 34,51 | 34,51 | 1880,197 |   NaN | NaN | 0,00 | 0,00 | NaN
  25 |  2,27 | 238,263 | 755,66 | 773,25 | 760,01 |  0,00 | 1,413 | 44,35 | 44,35 |  0,00 | 2,292 | 343,71 | 343,71 |  5,01 | 826,457 | 333,09 | 350,67 |  0,00 | 488,877 | 34,51 | 34,51 | 998,153 |   NaN | NaN | 0,00 | 0,00 | NaN
  26 |  1,42 | 220,967 | 754,73 | 765,57 | 759,07 |  0,00 | 1,409 | 44,35 | 44,35 |  0,00 | 3,229 | 344,15 | 344,15 |  3,16 | 770,625 | 331,73 | 342,57 |  0,00 | 400,093 | 34,51 | 34,51 | 820,405 |   NaN | NaN | 0,00 | 0,00 | NaN
  27 |  1,68 | 176,688 | 753,48 | 766,37 | 757,78 |  0,00 | 1,336 | 44,35 | 44,35 |  0,00 | 1,707 | 346,87 | 346,87 |  3,78 | 533,002 | 327,75 | 340,64 |  0,00 | 1941,584 | 34,51 | 34,51 | 3905,959 |   NaN | NaN | 0,00 | 0,00 | NaN
  28 |  1,16 | 181,510 | 751,83 | 760,66 | 756,18 |  0,00 | 1,402 | 44,35 | 44,35 |  0,00 | 1,801 | 344,27 | 344,27 |  2,62 | 561,973 | 328,71 | 337,54 |  0,00 | 1691,523 | 34,51 | 34,51 | 3405,157 |   NaN | NaN | 0,00 | 0,00 | NaN
  29 |  2,17 | 210,942 | 753,47 | 770,21 | 757,77 |  0,00 | 1,382 | 44,35 | 44,35 |  0,00 | 1,750 | 345,46 | 345,46 |  4,84 | 665,606 | 329,15 | 345,90 |  0,00 | 1756,166 | 34,51 | 34,51 | 3534,957 |   NaN | NaN | 0,00 | 0,00 | NaN
  30 |  1,66 | 189,215 | 752,99 | 765,67 | 757,34 |  0,00 | 1,412 | 44,35 | 44,35 |  0,00 | 1,785 | 343,32 | 343,32 |  3,69 | 577,162 | 330,81 | 343,49 |  0,00 | 1865,889 | 34,51 | 34,51 | 3754,802 |   NaN | NaN | 0,00 | 0,00 | NaN
  31 |  1,44 | 198,966 | 754,71 | 765,77 | 759,02 |  0,00 | 1,379 | 44,35 | 44,35 |  0,00 | 1,945 | 345,46 | 345,46 |  3,24 | 623,973 | 330,39 | 341,44 |  0,00 | 1689,925 | 34,51 | 34,51 | 3401,978 |   NaN | NaN | 0,00 | 0,00 | NaN
  32 |  2,26 | 190,456 | 753,36 | 770,81 | 757,66 |  0,00 | 1,335 | 44,35 | 44,35 |  0,00 | 2,175 | 345,63 | 345,63 |  5,04 | 589,311 | 328,87 | 346,32 |  0,00 | 1788,823 | 34,51 | 34,51 | 3600,385 |   NaN | NaN | 0,00 | 0,00 | NaN
  33 |  1,56 | 188,041 | 752,67 | 764,62 | 757,00 |  0,00 | 1,401 | 44,35 | 44,35 |  0,00 | 2,143 | 341,99 | 341,99 |  3,48 | 572,425 | 331,82 | 343,77 |  0,00 | 1833,181 | 34,51 | 34,51 | 3689,393 |   NaN | NaN | 0,00 | 0,00 | NaN
  34 |  1,81 | 181,622 | 752,79 | 766,67 | 757,10 |  0,00 | 1,392 | 44,35 | 44,35 |  0,00 | 1,768 | 344,17 | 344,17 |  4,04 | 543,841 | 329,76 | 343,64 |  0,00 | 2000,887 | 34,51 | 34,51 | 4025,262 |   NaN | NaN | 0,00 | 0,00 | NaN
  35 |  2,30 | 222,182 | 754,44 | 772,16 | 758,73 |  0,00 | 1,341 | 44,35 | 44,35 |  0,00 | 1,727 | 347,12 | 347,12 |  5,12 | 691,162 | 328,46 | 346,18 |  0,00 | 2068,546 | 34,51 | 34,51 | 4160,488 |   NaN | NaN | 0,00 | 0,00 | NaN
  36 |  1,78 | 182,377 | 752,53 | 766,19 | 756,85 |  0,00 | 1,394 | 44,35 | 44,35 |  0,00 | 1,757 | 341,40 | 341,40 |  3,95 | 544,395 | 332,28 | 345,94 |  0,00 | 1965,680 | 34,51 | 34,51 | 3954,527 |   NaN | NaN | 0,00 | 0,00 | NaN
  37 |  2,46 | 213,200 | 755,70 | 774,79 | 760,01 |  0,00 | 1,377 | 44,35 | 44,35 |  0,00 | 1,864 | 350,47 | 350,47 |  5,53 | 678,954 | 326,37 | 345,46 |  0,00 | 1789,356 | 34,51 | 34,51 | 3601,414 |   NaN | NaN | 0,00 | 0,00 | NaN
  38 |  2,29 | 222,405 | 755,51 | 773,22 | 759,83 |  0,00 | 1,368 | 44,35 | 44,35 |  0,00 | 1,513 | 346,90 | 346,90 |  5,10 | 700,507 | 329,75 | 347,46 |  0,00 | 1881,563 | 34,51 | 34,51 | 3786,032 |   NaN | NaN | 0,00 | 0,00 | NaN
  39 |  0,80 | 151,902 | 752,31 | 758,38 | 756,69 |  0,00 | 1,412 | 44,35 | 44,35 |  0,00 | 1,561 | 341,63 | 341,63 |  1,80 | 443,020 | 331,83 | 337,90 |  0,00 | 1825,487 | 34,51 | 34,51 | 3673,950 |   NaN | NaN | 0,00 | 0,00 | NaN
  40 |  1,20 | 173,060 | 751,45 | 760,62 | 755,80 |  0,00 | 1,412 | 44,35 | 44,35 |  0,00 | 1,624 | 344,61 | 344,61 |  2,72 | 518,576 | 327,98 | 337,14 |  0,00 | 1937,319 | 34,51 | 34,51 | 3897,506 |   NaN | NaN | 0,00 | 0,00 | NaN
  41 |  2,60 | 211,590 | 750,94 | 770,96 | 755,28 |  0,00 | 1,395 | 44,35 | 44,35 |  0,00 | 1,753 | 341,86 | 341,86 |  5,71 | 665,782 | 330,22 | 350,23 |  0,00 | 1724,023 | 34,51 | 34,51 | 3470,297 |   NaN | NaN | 0,00 | 0,00 | NaN
  42 |  2,50 | 212,900 | 754,33 | 773,65 | 758,64 |  0,00 | 1,341 | 44,35 | 44,35 |  0,00 | 1,689 | 347,13 | 347,13 |  5,56 | 674,792 | 328,34 | 347,66 |  0,00 | 1757,140 | 34,51 | 34,51 | 3536,983 |   NaN | NaN | 0,00 | 0,00 | NaN
  43 |  3,19 | 223,938 | 754,26 | 779,11 | 758,62 |  0,00 | 1,419 | 44,35 | 44,35 |  0,00 | 1,757 | 350,31 | 350,31 |  7,10 | 717,975 | 325,09 | 349,94 |  0,00 | 1828,276 | 34,51 | 34,51 | 3679,479 |   NaN | NaN | 0,00 | 0,00 | NaN
  44 |  2,05 | 221,617 | 755,99 | 771,80 | 760,28 |  0,00 | 1,331 | 44,35 | 44,35 |  0,00 | 2,331 | 344,71 | 344,71 |  4,54 | 700,909 | 332,42 | 348,24 |  0,00 | 1713,831 | 34,51 | 34,51 | 3449,928 |   NaN | NaN | 0,00 | 0,00 | NaN
  45 |  1,69 | 187,027 | 753,71 | 766,65 | 758,08 |  0,00 | 1,415 | 44,35 | 44,35 |  0,00 | 1,683 | 348,05 | 348,05 |  3,81 | 583,413 | 326,80 | 339,74 |  0,00 | 1746,900 | 34,51 | 34,51 | 3516,525 |   NaN | NaN | 0,00 | 0,00 | NaN
  46 |  1,96 | 200,483 | 754,04 | 769,08 | 758,35 |  0,00 | 1,355 | 44,35 | 44,35 |  0,00 | 1,823 | 343,36 | 343,36 |  4,34 | 619,712 | 331,82 | 346,86 |  0,00 | 1811,171 | 34,51 | 34,51 | 3645,330 |   NaN | NaN | 0,00 | 0,00 | NaN
  47 |  1,79 | 195,072 | 753,01 | 766,77 | 757,33 |  0,00 | 1,352 | 44,35 | 44,35 |  0,00 | 1,878 | 345,60 | 345,60 |  4,02 | 612,993 | 328,56 | 342,31 |  0,00 | 1674,651 | 34,51 | 34,51 | 3371,305 |   NaN | NaN | 0,00 | 0,00 | NaN
  48 |  1,53 | 219,955 | 754,63 | 766,32 | 758,94 |  0,00 | 1,382 | 44,35 | 44,35 |  0,00 | 1,508 | 343,86 | 343,86 |  3,40 | 696,130 | 331,90 | 343,60 |  0,00 | 1710,764 | 34,51 | 34,51 | 3443,797 |   NaN | NaN | 0,00 | 0,00 | NaN
  49 |  1,74 | 182,844 | 752,89 | 766,21 | 757,23 |  0,00 | 1,394 | 44,35 | 44,35 |  0,00 | 1,711 | 345,42 | 345,42 |  3,90 | 568,513 | 328,61 | 341,93 |  0,00 | 1677,450 | 34,51 | 34,51 | 3376,849 |   NaN | NaN | 0,00 | 0,00 | NaN
  50 |  2,12 | 203,391 | 754,68 | 771,00 | 758,99 |  0,00 | 1,349 | 44,35 | 44,35 |  0,00 | 1,653 | 348,13 | 348,13 |  4,74 | 638,247 | 327,69 | 344,01 |  0,00 | 1819,873 | 34,51 | 34,51 | 3662,626 |   NaN | NaN | 0,00 | 0,00 | NaN
  51 |  1,92 | 196,235 | 754,44 | 769,24 | 758,75 |  0,00 | 1,347 | 44,35 | 44,35 |  0,00 | 2,058 | 344,60 | 344,60 |  4,28 | 610,692 | 330,98 | 345,78 |  0,00 | 1721,095 | 34,51 | 34,51 | 3464,458 |   NaN | NaN | 0,00 | 0,00 | NaN
  52 |  1,90 | 201,779 | 752,00 | 766,60 | 756,31 |  0,00 | 1,373 | 44,35 | 44,35 |  0,00 | 2,144 | 340,31 | 340,31 |  4,20 | 624,734 | 332,83 | 347,43 |  0,00 | 1739,606 | 34,51 | 34,51 | 3501,960 |   NaN | NaN | 0,00 | 0,00 | NaN
  53 |  2,04 | 196,932 | 753,90 | 769,59 | 758,19 |  0,00 | 1,360 | 44,35 | 44,35 |  0,00 | 2,015 | 346,72 | 346,72 |  4,56 | 613,948 | 328,32 | 344,01 |  0,00 | 1795,051 | 34,51 | 34,51 | 3612,916 |   NaN | NaN | 0,00 | 0,00 | NaN
  54 |  1,33 | 191,991 | 752,82 | 763,00 | 757,13 |  0,00 | 1,363 | 44,35 | 44,35 |  0,00 | 1,730 | 344,52 | 344,52 |  3,00 | 596,063 | 329,44 | 339,62 |  0,00 | 1750,746 | 34,51 | 34,51 | 3524,241 |   NaN | NaN | 0,00 | 0,00 | NaN
  55 |  1,58 | 177,578 | 753,80 | 765,91 | 758,11 |  0,00 | 1,348 | 44,35 | 44,35 |  0,00 | 1,481 | 342,03 | 342,03 |  3,51 | 531,450 | 332,91 | 345,02 |  0,00 | 1886,637 | 34,51 | 34,51 | 3796,119 |   NaN | NaN | 0,00 | 0,00 | NaN
  56 |  1,43 | 180,990 | 753,15 | 764,07 | 757,47 |  0,00 | 1,354 | 44,35 | 44,35 |  0,00 | 1,859 | 341,93 | 341,93 |  3,18 | 553,032 | 332,36 | 343,28 |  0,00 | 1718,863 | 34,51 | 34,51 | 3460,185 |   NaN | NaN | 0,00 | 0,00 | NaN
  57 |  1,99 | 200,827 | 753,42 | 768,73 | 757,74 |  0,00 | 1,351 | 44,35 | 44,35 |  0,00 | 1,644 | 343,66 | 343,66 |  4,42 | 629,296 | 330,90 | 346,21 |  0,00 | 1689,638 | 34,51 | 34,51 | 3401,406 |   NaN | NaN | 0,00 | 0,00 | NaN
  58 |  1,78 | 220,159 | 754,68 | 768,35 | 759,00 |  0,00 | 1,379 | 44,35 | 44,35 |  0,00 | 2,345 | 344,63 | 344,63 |  3,97 | 698,496 | 331,19 | 344,86 |  0,00 | 1693,684 | 34,51 | 34,51 | 3409,496 |   NaN | NaN | 0,00 | 0,00 | NaN
  59 |  2,44 | 220,355 | 755,10 | 773,99 | 759,42 |  0,00 | 1,399 | 44,35 | 44,35 |  0,00 | 1,513 | 344,70 | 344,70 |  5,39 | 683,260 | 331,54 | 350,43 |  0,00 | 1987,620 | 34,51 | 34,51 | 3998,428 |   NaN | NaN | 0,00 | 0,00 | NaN
  60 |  1,88 | 206,004 | 754,56 | 768,98 | 758,87 |  0,00 | 1,333 | 44,35 | 44,35 |  0,00 | 2,092 | 344,83 | 344,83 |  4,18 | 646,337 | 330,87 | 345,29 |  0,00 | 1724,197 | 34,51 | 34,51 | 3470,764 |   NaN | NaN | 0,00 | 0,00 | NaN
  61 |  2,20 | 210,076 | 755,50 | 772,50 | 759,82 |  0,00 | 1,356 | 44,35 | 44,35 |  0,00 | 1,885 | 346,31 | 346,31 |  4,89 | 658,696 | 330,33 | 347,33 |  0,00 | 1803,772 | 34,51 | 34,51 | 3630,398 |   NaN | NaN | 0,00 | 0,00 | NaN
  62 |  2,24 | 220,053 | 754,57 | 771,86 | 758,93 |  0,00 | 1,417 | 44,35 | 44,35 |  0,00 | 1,696 | 346,99 | 346,99 |  5,00 | 702,552 | 328,71 | 346,00 |  0,00 | 1710,884 | 34,51 | 34,51 | 3444,101 |   NaN | NaN | 0,00 | 0,00 | NaN
  63 |  1,98 | 198,164 | 754,11 | 769,37 | 758,42 |  0,00 | 1,373 | 44,35 | 44,35 |  0,00 | 1,940 | 346,84 | 346,84 |  4,44 | 614,708 | 328,41 | 343,67 |  0,00 | 1860,682 | 34,51 | 34,51 | 3744,446 |   NaN | NaN | 0,00 | 0,00 | NaN
  64 |  1,54 | 189,768 | 751,18 | 762,89 | 755,54 |  0,00 | 1,416 | 44,35 | 44,35 |  0,00 | 1,977 | 343,32 | 343,32 |  3,44 | 587,354 | 329,00 | 340,71 |  0,00 | 1751,865 | 34,51 | 34,51 | 3526,319 |   NaN | NaN | 0,00 | 0,00 | NaN

= = = = = = = = = = = = AVERAGE RESULTS system = = = = = = = = = = = =
meanPLR_system | 1,897944 
meanDelay_system | 204,148382 
meanLoad_system | 768,448745 
meanTHR_system | 753,844712 
meanGate_system | 758,169972 

meanPLR_EF_system | 0,000000 
meanPLR_AF_system | 0,000000 
meanPLR_BE_system | 4,231253 
meanPLR_FLA_system | 0,000000 
meanPLR_FLB_system | NaN 

meanTHR_EF_system | 44,352004 
meanTHR_AF_system | 345,071532 
meanTHR_BE_system | 329,913061 
meanTHR_FLA_system | 35,081311 
meanTHR_FLB_system | 0,000000 

meanLoad_EF_system | 44,352004 
meanLoad_AF_system | 345,071532 
meanLoad_BE_system | 344,517094 
meanLoad_FLA_system | 35,081311 
meanLoad_FLB_system | 0,000000 

meanDELAY_EF_system | 1,377518 
meanDELAY_AF_system | 2,356108 
meanDELAY_BE_system | 656,424942 
meanDELAY_FLA_system | 1443,329547 
meanDELAY_FLB_system | NaN 
meanDELAY_CompleteFLA_system | 2908,594568 
meanDELAY_CompleteFLB_system | NaN 

= = = = = = = = = = = = AVERAGE RESULTS = = = = = = = = = = = =
Packet Loss Ratio: 01,90 (%)
PROCESSED PACKAGES: 2210220696 
DISCARTED PACKAGES: 26765819 
TOTAL PACKAGES: 2236986515 
AVERAGE DELAY: 38400,67 (ms) 
AVERAGE THROUGHPUT: 753,84 (Mbps) 
GRANTED THROUGHPUT: 48522,88 (Mbps) By 64 ONUs
EFFECTIVE THROUGHPUT: 48246,06 (Mbps) By 64 ONUs
TOTAL LOAD: 49180,72 (Mbps) By 64 ONUs
ON Arrival THROUGHPUT: 0,00 (Mbps) By 64 ONUs
FINISHTIMEFL: 180,608987 
FINISHTIME: 183,608987 


fileName | IPACT_LBCONSTANTTOKENSBYCYCLE_4_30_92_0 
