
ONU ID 	|  PLR(%) | Delay(ms) | Throughput(Mbps) | Granted Throughput(Mbps) | Total Load (Mbps) 

  ID |  PLR(%) |  D  | Thr |  Gates  |  Load  | PLR-EF | D-EF | ThrEF | LoadEF | PLR-AF | D-AF | ThrAF | LoadAF | PLR-BE | D-BE | ThrBE | LoadBE | PLR-FA | D-FA | ThrFA | LoadFA | DTFA |  PLR-FB | D-FB | ThrFB | LoadFB | DTFB | 
   1 | 16,50 | 304,547 | 753,55 | 902,47 | 758,81 |  0,00 | 1,408 | 44,35 | 44,35 |  0,00 | 57,050 | 373,66 | 373,66 | 41,13 | 1503,109 | 213,19 | 362,11 |  0,00 | 139,097 | 122,34 | 122,34 | 300,110 |   NaN | NaN | 0,00 | 0,00 | NaN
   2 | 16,30 | 297,284 | 754,65 | 901,62 | 759,56 |  0,00 | 1,420 | 44,35 | 44,35 |  0,00 | 49,486 | 366,07 | 366,07 | 39,84 | 1416,405 | 221,89 | 368,85 |  0,00 | 159,759 | 122,34 | 122,34 | 458,446 |   NaN | NaN | 0,00 | 0,00 | NaN
   3 | 16,75 | 301,290 | 754,63 | 906,49 | 759,58 |  0,00 | 1,356 | 44,35 | 44,35 |  0,00 | 56,463 | 371,32 | 371,32 | 41,21 | 1461,300 | 216,61 | 368,47 |  0,00 | 153,621 | 122,34 | 122,34 | 424,902 |   NaN | NaN | 0,00 | 0,00 | NaN
   4 | 16,95 | 301,278 | 753,88 | 907,70 | 759,17 |  0,00 | 1,362 | 44,35 | 44,35 |  0,00 | 63,008 | 375,65 | 375,65 | 42,10 | 1486,771 | 211,53 | 365,35 |  0,00 | 139,115 | 122,34 | 122,34 | 298,419 |   NaN | NaN | 0,00 | 0,00 | NaN
   5 | 15,88 | 297,611 | 755,74 | 898,44 | 760,14 |  0,00 | 1,388 | 44,35 | 44,35 |  0,00 | 41,447 | 367,43 | 367,43 | 39,17 | 1420,322 | 221,62 | 364,32 |  0,00 | 207,375 | 122,34 | 122,34 | 647,199 |   NaN | NaN | 0,00 | 0,00 | NaN
   6 | 16,74 | 299,252 | 755,74 | 907,73 | 760,34 |  0,00 | 1,336 | 44,35 | 44,35 |  0,00 | 42,961 | 371,67 | 371,67 | 41,15 | 1461,888 | 217,37 | 369,36 |  0,00 | 180,380 | 122,34 | 122,34 | 548,790 |   NaN | NaN | 0,00 | 0,00 | NaN
   7 | 16,32 | 303,938 | 754,51 | 901,72 | 759,80 |  0,00 | 1,355 | 44,35 | 44,35 |  0,00 | 56,471 | 367,97 | 367,97 | 40,10 | 1457,876 | 219,85 | 367,05 |  0,00 | 139,623 | 122,34 | 122,34 | 318,101 |   NaN | NaN | 0,00 | 0,00 | NaN
   8 | 16,93 | 303,928 | 753,59 | 907,16 | 758,39 |  0,00 | 1,405 | 44,35 | 44,35 |  0,00 | 47,166 | 368,16 | 368,16 | 41,25 | 1472,113 | 218,74 | 372,30 |  0,00 | 165,646 | 122,34 | 122,34 | 487,078 |   NaN | NaN | 0,00 | 0,00 | NaN
   9 | 16,51 | 302,637 | 755,55 | 904,95 | 760,69 |  0,00 | 1,344 | 44,35 | 44,35 |  0,00 | 59,629 | 371,62 | 371,62 | 40,75 | 1461,812 | 217,23 | 366,63 |  0,00 | 145,595 | 122,34 | 122,34 | 385,173 |   NaN | NaN | 0,00 | 0,00 | NaN
  10 | 16,27 | 303,183 | 755,45 | 902,20 | 760,77 |  0,00 | 1,405 | 44,35 | 44,35 |  0,00 | 63,354 | 369,03 | 369,03 | 40,04 | 1444,822 | 219,72 | 366,47 |  0,00 | 139,100 | 122,34 | 122,34 | 298,696 |   NaN | NaN | 0,00 | 0,00 | NaN
  11 | 15,44 | 293,189 | 755,66 | 893,69 | 759,93 |  0,00 | 1,345 | 44,35 | 44,35 |  0,00 | 15,520 | 360,90 | 360,90 | 37,70 | 1375,288 | 228,06 | 366,09 |  0,00 | 294,391 | 122,34 | 122,34 | 910,320 |   NaN | NaN | 0,00 | 0,00 | NaN
  12 | 16,55 | 304,704 | 755,82 | 905,72 | 760,54 |  0,00 | 1,407 | 44,35 | 44,35 |  0,00 | 47,553 | 368,91 | 368,91 | 40,50 | 1466,407 | 220,21 | 370,11 |  0,00 | 172,023 | 122,34 | 122,34 | 523,957 |   NaN | NaN | 0,00 | 0,00 | NaN
  13 | 15,59 | 301,168 | 754,94 | 894,42 | 759,74 |  0,00 | 1,372 | 44,35 | 44,35 |  0,00 | 52,589 | 362,97 | 362,97 | 38,24 | 1409,695 | 225,27 | 364,75 |  0,00 | 164,784 | 122,34 | 122,34 | 487,074 |   NaN | NaN | 0,00 | 0,00 | NaN
  14 | 16,78 | 300,155 | 755,13 | 907,44 | 759,54 |  0,00 | 1,413 | 44,35 | 44,35 |  0,00 | 39,681 | 370,95 | 370,95 | 41,19 | 1463,638 | 217,48 | 369,79 |  0,00 | 203,601 | 122,34 | 122,34 | 635,997 |   NaN | NaN | 0,00 | 0,00 | NaN
  15 | 16,19 | 305,298 | 753,50 | 899,02 | 758,79 |  0,00 | 1,407 | 44,35 | 44,35 |  0,00 | 62,566 | 363,40 | 363,40 | 39,44 | 1431,625 | 223,40 | 368,92 |  0,00 | 139,712 | 122,34 | 122,34 | 324,144 |   NaN | NaN | 0,00 | 0,00 | NaN
  16 | 17,05 | 306,703 | 754,81 | 909,98 | 759,90 |  0,00 | 1,398 | 44,35 | 44,35 |  0,00 | 57,987 | 369,22 | 369,22 | 41,48 | 1473,938 | 218,89 | 374,07 |  0,00 | 147,758 | 122,34 | 122,34 | 393,048 |   NaN | NaN | 0,00 | 0,00 | NaN
  17 | 16,54 | 303,638 | 754,90 | 904,48 | 759,92 |  0,00 | 1,411 | 44,35 | 44,35 |  0,00 | 51,788 | 368,13 | 368,13 | 40,47 | 1460,337 | 220,07 | 369,65 |  0,00 | 151,161 | 122,34 | 122,34 | 423,903 |   NaN | NaN | 0,00 | 0,00 | NaN
  18 | 16,26 | 294,094 | 755,33 | 901,98 | 759,60 |  0,00 | 1,388 | 44,35 | 44,35 |  0,00 | 13,525 | 367,20 | 367,20 | 39,84 | 1418,734 | 221,43 | 368,08 |  0,00 | 312,387 | 122,34 | 122,34 | 964,772 |   NaN | NaN | 0,00 | 0,00 | NaN
  19 | 15,57 | 296,296 | 756,12 | 895,51 | 760,38 |  0,00 | 1,379 | 44,35 | 44,35 |  0,00 | 31,667 | 362,29 | 362,29 | 38,03 | 1384,929 | 227,13 | 366,52 |  0,00 | 248,170 | 122,34 | 122,34 | 771,650 |   NaN | NaN | 0,00 | 0,00 | NaN
  20 | 15,71 | 292,386 | 755,78 | 896,61 | 760,04 |  0,00 | 1,374 | 44,35 | 44,35 |  0,00 | 18,005 | 367,25 | 367,25 | 38,83 | 1407,032 | 221,84 | 362,67 |  0,00 | 290,218 | 122,34 | 122,34 | 897,595 |   NaN | NaN | 0,00 | 0,00 | NaN
  21 | 15,44 | 297,066 | 753,01 | 890,48 | 758,31 |  0,00 | 1,379 | 44,35 | 44,35 |  0,00 | 59,225 | 363,15 | 363,15 | 38,12 | 1396,343 | 223,16 | 360,63 |  0,00 | 139,153 | 122,34 | 122,34 | 301,382 |   NaN | NaN | 0,00 | 0,00 | NaN
  22 | 16,92 | 300,453 | 755,59 | 909,49 | 760,00 |  0,00 | 1,418 | 44,35 | 44,35 |  0,00 | 40,519 | 377,02 | 377,02 | 42,08 | 1496,343 | 211,87 | 365,77 |  0,00 | 219,865 | 122,34 | 122,34 | 685,443 |   NaN | NaN | 0,00 | 0,00 | NaN
  23 | 16,60 | 294,598 | 755,18 | 905,47 | 759,46 |  0,00 | 1,400 | 44,35 | 44,35 |  0,00 | 25,099 | 369,58 | 369,58 | 40,71 | 1429,318 | 218,90 | 369,20 |  0,00 | 273,073 | 122,34 | 122,34 | 846,199 |   NaN | NaN | 0,00 | 0,00 | NaN
  24 | 16,51 | 304,338 | 755,16 | 904,48 | 760,04 |  0,00 | 1,361 | 44,35 | 44,35 |  0,00 | 50,647 | 368,18 | 368,18 | 40,40 | 1461,501 | 220,29 | 369,60 |  0,00 | 161,646 | 122,34 | 122,34 | 471,665 |   NaN | NaN | 0,00 | 0,00 | NaN
  25 | 17,62 | 305,111 | 753,76 | 914,93 | 759,09 |  0,00 | 1,419 | 44,35 | 44,35 |  0,00 | 61,414 | 368,15 | 368,15 | 42,40 | 1460,666 | 218,92 | 380,08 |  0,00 | 140,024 | 122,34 | 122,34 | 323,956 |   NaN | NaN | 0,00 | 0,00 | NaN
  26 | 16,17 | 299,924 | 754,95 | 900,58 | 760,26 |  0,00 | 1,415 | 44,35 | 44,35 |  0,00 | 61,114 | 366,09 | 366,09 | 39,60 | 1415,362 | 222,17 | 367,80 |  0,00 | 139,353 | 122,34 | 122,34 | 311,777 |   NaN | NaN | 0,00 | 0,00 | NaN
  27 | 15,50 | 295,304 | 756,14 | 894,86 | 760,42 |  0,00 | 1,341 | 44,35 | 44,35 |  0,00 | 17,852 | 367,47 | 367,47 | 38,46 | 1414,085 | 221,98 | 360,70 |  0,00 | 316,656 | 122,34 | 122,34 | 977,779 |   NaN | NaN | 0,00 | 0,00 | NaN
  28 | 15,75 | 296,255 | 754,61 | 895,64 | 758,90 |  0,00 | 1,408 | 44,35 | 44,35 |  0,00 | 20,166 | 367,18 | 367,18 | 38,99 | 1433,402 | 220,73 | 361,77 |  0,00 | 273,566 | 122,34 | 122,34 | 847,669 |   NaN | NaN | 0,00 | 0,00 | NaN
  29 | 16,42 | 296,643 | 756,34 | 904,95 | 760,60 |  0,00 | 1,387 | 44,35 | 44,35 |  0,00 | 24,972 | 370,31 | 370,31 | 40,39 | 1438,106 | 219,33 | 367,94 |  0,00 | 273,206 | 122,34 | 122,34 | 846,480 |   NaN | NaN | 0,00 | 0,00 | NaN
  30 | 15,36 | 297,593 | 756,06 | 893,22 | 760,34 |  0,00 | 1,418 | 44,35 | 44,35 |  0,00 | 19,406 | 361,76 | 361,76 | 37,60 | 1393,137 | 227,61 | 364,76 |  0,00 | 299,729 | 122,34 | 122,34 | 926,208 |   NaN | NaN | 0,00 | 0,00 | NaN
  31 | 16,07 | 296,884 | 754,65 | 899,15 | 758,90 |  0,00 | 1,385 | 44,35 | 44,35 |  0,00 | 21,454 | 366,46 | 366,46 | 39,48 | 1428,905 | 221,50 | 365,99 |  0,00 | 275,745 | 122,34 | 122,34 | 854,141 |   NaN | NaN | 0,00 | 0,00 | NaN
  32 | 15,66 | 295,188 | 755,75 | 896,08 | 760,03 |  0,00 | 1,341 | 44,35 | 44,35 |  0,00 | 19,546 | 363,39 | 363,39 | 38,34 | 1394,450 | 225,67 | 366,00 |  0,00 | 293,926 | 122,34 | 122,34 | 908,765 |   NaN | NaN | 0,00 | 0,00 | NaN
  33 | 15,78 | 293,705 | 756,70 | 898,49 | 760,99 |  0,00 | 1,406 | 44,35 | 44,35 |  0,00 | 16,496 | 362,99 | 362,99 | 38,44 | 1381,390 | 227,02 | 368,80 |  0,00 | 302,689 | 122,34 | 122,34 | 935,156 |   NaN | NaN | 0,00 | 0,00 | NaN
  34 | 15,13 | 295,210 | 756,19 | 891,03 | 760,46 |  0,00 | 1,398 | 44,35 | 44,35 |  0,00 | 13,592 | 365,09 | 365,09 | 37,53 | 1401,323 | 224,41 | 359,25 |  0,00 | 329,779 | 122,34 | 122,34 | 1017,901 |   NaN | NaN | 0,00 | 0,00 | NaN
  35 | 16,43 | 289,392 | 757,36 | 906,24 | 761,64 |  0,00 | 1,347 | 44,35 | 44,35 |  0,00 | 10,769 | 370,33 | 370,33 | 40,32 | 1397,771 | 220,33 | 369,22 |  0,00 | 345,370 | 122,34 | 122,34 | 1064,970 |   NaN | NaN | 0,00 | 0,00 | NaN
  36 | 15,61 | 294,432 | 756,08 | 895,97 | 760,37 |  0,00 | 1,400 | 44,35 | 44,35 |  0,00 | 13,012 | 360,81 | 360,81 | 37,97 | 1376,286 | 228,57 | 368,46 |  0,00 | 316,962 | 122,34 | 122,34 | 978,612 |   NaN | NaN | 0,00 | 0,00 | NaN
  37 | 16,91 | 296,559 | 756,03 | 909,90 | 760,30 |  0,00 | 1,383 | 44,35 | 44,35 |  0,00 | 18,578 | 374,38 | 374,38 | 41,72 | 1472,646 | 214,96 | 368,83 |  0,00 | 290,735 | 122,34 | 122,34 | 899,174 |   NaN | NaN | 0,00 | 0,00 | NaN
  38 | 16,00 | 292,135 | 756,41 | 900,47 | 760,68 |  0,00 | 1,374 | 44,35 | 44,35 |  0,00 | 19,634 | 369,37 | 369,37 | 39,53 | 1406,662 | 220,35 | 364,40 |  0,00 | 312,302 | 122,34 | 122,34 | 963,862 |   NaN | NaN | 0,00 | 0,00 | NaN
  39 | 15,42 | 297,534 | 754,88 | 892,55 | 759,18 |  0,00 | 1,417 | 44,35 | 44,35 |  0,00 | 19,648 | 364,07 | 364,07 | 38,05 | 1410,882 | 224,11 | 361,78 |  0,00 | 302,912 | 122,34 | 122,34 | 935,918 |   NaN | NaN | 0,00 | 0,00 | NaN
  40 | 15,60 | 292,816 | 755,31 | 894,87 | 759,61 |  0,00 | 1,417 | 44,35 | 44,35 |  0,00 | 15,197 | 364,69 | 364,69 | 38,40 | 1394,192 | 223,92 | 363,48 |  0,00 | 309,230 | 122,34 | 122,34 | 955,142 |   NaN | NaN | 0,00 | 0,00 | NaN
  41 | 16,75 | 296,883 | 754,43 | 906,26 | 758,70 |  0,00 | 1,400 | 44,35 | 44,35 |  0,00 | 22,647 | 367,10 | 367,10 | 40,76 | 1429,016 | 220,63 | 372,46 |  0,00 | 283,957 | 122,34 | 122,34 | 878,885 |   NaN | NaN | 0,00 | 0,00 | NaN
  42 | 16,50 | 297,627 | 754,49 | 903,62 | 758,74 |  0,00 | 1,346 | 44,35 | 44,35 |  0,00 | 21,458 | 367,22 | 367,22 | 40,34 | 1436,912 | 220,57 | 369,70 |  0,00 | 281,725 | 122,34 | 122,34 | 871,970 |   NaN | NaN | 0,00 | 0,00 | NaN
  43 | 16,62 | 297,706 | 755,55 | 906,16 | 759,83 |  0,00 | 1,425 | 44,35 | 44,35 |  0,00 | 16,019 | 368,41 | 368,41 | 40,59 | 1442,959 | 220,44 | 371,05 |  0,00 | 299,172 | 122,34 | 122,34 | 924,764 |   NaN | NaN | 0,00 | 0,00 | NaN
  44 | 16,89 | 296,441 | 755,54 | 909,06 | 759,79 |  0,00 | 1,337 | 44,35 | 44,35 |  0,00 | 24,158 | 368,66 | 368,66 | 41,08 | 1430,587 | 220,18 | 373,71 |  0,00 | 278,382 | 122,34 | 122,34 | 862,164 |   NaN | NaN | 0,00 | 0,00 | NaN
  45 | 16,67 | 297,384 | 755,33 | 906,41 | 759,61 |  0,00 | 1,421 | 44,35 | 44,35 |  0,00 | 21,241 | 376,09 | 376,09 | 41,55 | 1490,666 | 212,54 | 363,62 |  0,00 | 281,963 | 122,34 | 122,34 | 872,699 |   NaN | NaN | 0,00 | 0,00 | NaN
  46 | 15,87 | 292,255 | 754,64 | 896,99 | 758,90 |  0,00 | 1,360 | 44,35 | 44,35 |  0,00 | 14,445 | 361,69 | 361,69 | 38,62 | 1381,230 | 226,26 | 368,60 |  0,00 | 298,527 | 122,34 | 122,34 | 922,738 |   NaN | NaN | 0,00 | 0,00 | NaN
  47 | 15,26 | 296,214 | 756,62 | 892,88 | 760,88 |  0,00 | 1,358 | 44,35 | 44,35 |  0,00 | 19,546 | 366,59 | 366,59 | 37,89 | 1417,237 | 223,34 | 359,59 |  0,00 | 285,557 | 122,34 | 122,34 | 883,682 |   NaN | NaN | 0,00 | 0,00 | NaN
  48 | 15,54 | 291,843 | 754,42 | 893,21 | 758,68 |  0,00 | 1,388 | 44,35 | 44,35 |  0,00 | 17,738 | 362,91 | 362,91 | 38,17 | 1386,298 | 224,81 | 363,60 |  0,00 | 284,040 | 122,34 | 122,34 | 879,160 |   NaN | NaN | 0,00 | 0,00 | NaN
  49 | 15,32 | 296,541 | 755,72 | 892,44 | 760,00 |  0,00 | 1,400 | 44,35 | 44,35 |  0,00 | 20,881 | 362,71 | 362,71 | 37,66 | 1400,541 | 226,31 | 363,03 |  0,00 | 272,886 | 122,34 | 122,34 | 845,587 |   NaN | NaN | 0,00 | 0,00 | NaN
  50 | 15,99 | 296,031 | 755,38 | 899,21 | 759,65 |  0,00 | 1,354 | 44,35 | 44,35 |  0,00 | 19,830 | 368,75 | 368,75 | 39,54 | 1432,435 | 219,94 | 363,76 |  0,00 | 295,018 | 122,34 | 122,34 | 911,987 |   NaN | NaN | 0,00 | 0,00 | NaN
  51 | 15,70 | 296,998 | 755,16 | 895,76 | 759,42 |  0,00 | 1,352 | 44,35 | 44,35 |  0,00 | 25,453 | 362,88 | 362,88 | 38,40 | 1399,239 | 225,58 | 366,19 |  0,00 | 274,003 | 122,34 | 122,34 | 848,951 |   NaN | NaN | 0,00 | 0,00 | NaN
  52 | 16,01 | 298,315 | 755,25 | 899,23 | 759,50 |  0,00 | 1,379 | 44,35 | 44,35 |  0,00 | 19,994 | 362,85 | 362,85 | 38,95 | 1411,614 | 225,70 | 369,69 |  0,00 | 281,856 | 122,34 | 122,34 | 872,681 |   NaN | NaN | 0,00 | 0,00 | NaN
  53 | 16,29 | 300,216 | 755,14 | 902,15 | 759,41 |  0,00 | 1,366 | 44,35 | 44,35 |  0,00 | 16,179 | 365,70 | 365,70 | 39,76 | 1442,092 | 222,75 | 369,75 |  0,00 | 295,322 | 122,34 | 122,34 | 912,986 |   NaN | NaN | 0,00 | 0,00 | NaN
  54 | 15,32 | 295,335 | 756,13 | 892,93 | 760,39 |  0,00 | 1,368 | 44,35 | 44,35 |  0,00 | 24,919 | 367,06 | 367,06 | 38,09 | 1408,311 | 222,37 | 359,17 |  0,00 | 288,900 | 122,34 | 122,34 | 893,706 |   NaN | NaN | 0,00 | 0,00 | NaN
  55 | 15,96 | 297,233 | 756,40 | 900,08 | 760,65 |  0,00 | 1,354 | 44,35 | 44,35 |  0,00 | 15,072 | 365,11 | 365,11 | 39,02 | 1416,823 | 224,59 | 368,27 |  0,00 | 302,797 | 122,34 | 122,34 | 935,648 |   NaN | NaN | 0,00 | 0,00 | NaN
  56 | 15,51 | 293,579 | 754,50 | 893,00 | 758,75 |  0,00 | 1,359 | 44,35 | 44,35 |  0,00 | 17,795 | 365,12 | 365,12 | 38,34 | 1407,695 | 222,69 | 361,19 |  0,00 | 285,342 | 122,34 | 122,34 | 882,831 |   NaN | NaN | 0,00 | 0,00 | NaN
  57 | 15,77 | 295,352 | 756,15 | 897,69 | 760,41 |  0,00 | 1,356 | 44,35 | 44,35 |  0,00 | 20,942 | 364,68 | 364,68 | 38,64 | 1402,693 | 224,78 | 366,32 |  0,00 | 278,485 | 122,34 | 122,34 | 862,513 |   NaN | NaN | 0,00 | 0,00 | NaN
  58 | 16,11 | 296,729 | 755,39 | 900,47 | 759,64 |  0,00 | 1,385 | 44,35 | 44,35 |  0,00 | 20,489 | 368,30 | 368,30 | 39,70 | 1439,868 | 220,39 | 365,47 |  0,00 | 269,749 | 122,34 | 122,34 | 836,236 |   NaN | NaN | 0,00 | 0,00 | NaN
  59 | 16,55 | 294,354 | 756,75 | 906,83 | 761,04 |  0,00 | 1,404 | 44,35 | 44,35 |  0,00 | 12,492 | 366,05 | 366,05 | 40,12 | 1400,810 | 224,00 | 374,08 |  0,00 | 333,617 | 122,34 | 122,34 | 1028,461 |   NaN | NaN | 0,00 | 0,00 | NaN
  60 | 16,12 | 296,405 | 755,49 | 900,64 | 759,75 |  0,00 | 1,339 | 44,35 | 44,35 |  0,00 | 24,077 | 367,95 | 367,95 | 39,66 | 1428,787 | 220,85 | 366,00 |  0,00 | 273,039 | 122,34 | 122,34 | 846,192 |   NaN | NaN | 0,00 | 0,00 | NaN
  61 | 16,65 | 297,610 | 755,53 | 906,41 | 759,79 |  0,00 | 1,361 | 44,35 | 44,35 |  0,00 | 17,207 | 370,66 | 370,66 | 40,88 | 1456,316 | 218,18 | 369,06 |  0,00 | 297,256 | 122,34 | 122,34 | 918,858 |   NaN | NaN | 0,00 | 0,00 | NaN
  62 | 16,40 | 296,253 | 755,08 | 903,16 | 759,37 |  0,00 | 1,423 | 44,35 | 44,35 |  0,00 | 24,343 | 367,08 | 367,08 | 40,09 | 1422,548 | 221,30 | 369,38 |  0,00 | 276,108 | 122,34 | 122,34 | 855,345 |   NaN | NaN | 0,00 | 0,00 | NaN
  63 | 16,44 | 293,573 | 755,84 | 904,56 | 760,10 |  0,00 | 1,378 | 44,35 | 44,35 |  0,00 | 15,015 | 371,52 | 371,52 | 40,59 | 1437,254 | 217,63 | 366,35 |  0,00 | 315,305 | 122,34 | 122,34 | 972,650 |   NaN | NaN | 0,00 | 0,00 | NaN
  64 | 15,37 | 293,905 | 756,20 | 893,52 | 760,50 |  0,00 | 1,422 | 44,35 | 44,35 |  0,00 | 20,707 | 364,49 | 364,49 | 37,90 | 1390,547 | 225,01 | 362,33 |  0,00 | 290,206 | 122,34 | 122,34 | 897,429 |   NaN | NaN | 0,00 | 0,00 | NaN

= = = = = = = = = = = = AVERAGE RESULTS system = = = = = = = = = = = =
meanPLR_system | 16,145948 
meanDelay_system | 297,632813 
meanLoad_system | 900,794164 
meanTHR_system | 755,321269 
meanGate_system | 759,823140 

meanPLR_EF_system | 0,000000 
meanPLR_AF_system | 0,000000 
meanPLR_BE_system | 39,645861 
meanPLR_FLA_system | 0,000000 
meanPLR_FLB_system | NaN 

meanTHR_EF_system | 44,352004 
meanTHR_AF_system | 367,248109 
meanTHR_BE_system | 221,377899 
meanTHR_FLA_system | 125,551902 
meanTHR_FLB_system | 0,000000 

meanLoad_EF_system | 44,352004 
meanLoad_AF_system | 367,248109 
meanLoad_BE_system | 366,850794 
meanLoad_FLA_system | 125,551902 
meanLoad_FLB_system | 0,000000 

meanDELAY_EF_system | 1,383178 
meanDELAY_AF_system | 30,451611 
meanDELAY_BE_system | 1428,020161 
meanDELAY_FLA_system | 248,947693 
meanDELAY_FLB_system | NaN 
meanDELAY_CompleteFLA_system | 749,526430 
meanDELAY_CompleteFLB_system | NaN 

= = = = = = = = = = = = AVERAGE RESULTS = = = = = = = = = = = =
Packet Loss Ratio: 16,15 (%)
PROCESSED PACKAGES: 1366619281 
DISCARTED PACKAGES: 171071421 
TOTAL PACKAGES: 1537690702 
AVERAGE DELAY: 54140,66 (ms) 
AVERAGE THROUGHPUT: 755,32 (Mbps) 
GRANTED THROUGHPUT: 48628,68 (Mbps) By 64 ONUs
EFFECTIVE THROUGHPUT: 48340,56 (Mbps) By 64 ONUs
TOTAL LOAD: 57650,83 (Mbps) By 64 ONUs
ON Arrival THROUGHPUT: 0,00 (Mbps) By 64 ONUs
FINISHTIMEFL: 114,387753 
FINISHTIME: 117,387753 


fileName | IPACT_LBVARIBLETOKENSBYCYCLE_1_68_98_0 
