
ONU ID 	|  PLR(%) | Delay(ms) | Throughput(Mbps) | Granted Throughput(Mbps) | Total Load (Mbps) 

  ID |  PLR(%) |  D  | Thr |  Gates  |  Load  | PLR-EF | D-EF | ThrEF | LoadEF | PLR-AF | D-AF | ThrAF | LoadAF | PLR-BE | D-BE | ThrBE | LoadBE | PLR-FA | D-FA | ThrFA | LoadFA | DTFA |  PLR-FB | D-FB | ThrFB | LoadFB | DTFB | 
   1 |  0,00 | 0,408 | 504,22 | 504,22 | 546,00 |  0,00 | 0,156 | 44,35 | 44,35 |  0,00 | 0,284 | 209,40 | 209,40 |  0,00 | 0,397 | 202,97 | 202,97 |  0,00 | 6,564 | 47,49 | 47,49 | 34,488 |   NaN | NaN | 0,00 | 0,00 | NaN
   2 |  0,00 | 0,585 | 505,49 | 505,49 | 552,36 |  0,00 | 0,168 | 44,35 | 44,35 |  0,00 | 0,402 | 207,67 | 207,67 |  0,00 | 0,489 | 205,98 | 205,98 |  0,00 | 11,205 | 47,49 | 47,49 | 43,758 |   NaN | NaN | 0,00 | 0,00 | NaN
   3 |  0,00 | 0,400 | 502,12 | 502,12 | 539,26 |  0,00 | 0,105 | 44,35 | 44,35 |  0,00 | 0,251 | 205,87 | 205,87 |  0,00 | 0,455 | 204,41 | 204,41 |  0,00 | 7,067 | 47,49 | 47,49 | 34,971 |   NaN | NaN | 0,00 | 0,00 | NaN
   4 |  0,00 | 0,379 | 507,52 | 507,52 | 544,62 |  0,00 | 0,110 | 44,35 | 44,35 |  0,00 | 0,242 | 209,69 | 209,69 |  0,00 | 0,424 | 205,98 | 205,98 |  0,00 | 6,533 | 47,49 | 47,49 | 33,973 |   NaN | NaN | 0,00 | 0,00 | NaN
   5 |  0,00 | 0,416 | 503,59 | 503,59 | 541,60 |  0,00 | 0,136 | 44,35 | 44,35 |  0,00 | 0,291 | 205,86 | 205,86 |  0,00 | 0,418 | 205,89 | 205,89 |  0,00 | 7,036 | 47,49 | 47,49 | 35,160 |   NaN | NaN | 0,00 | 0,00 | NaN
   6 |  0,00 | 0,426 | 506,93 | 506,93 | 543,12 |  0,00 | 0,088 | 44,35 | 44,35 |  0,00 | 0,243 | 208,57 | 208,57 |  0,00 | 0,501 | 206,52 | 206,52 |  0,00 | 8,095 | 47,49 | 47,49 | 37,193 |   NaN | NaN | 0,00 | 0,00 | NaN
   7 |  0,00 | 0,438 | 504,28 | 504,28 | 541,53 |  0,00 | 0,103 | 44,35 | 44,35 |  0,00 | 0,275 | 206,81 | 206,81 |  0,00 | 0,495 | 205,63 | 205,63 |  0,00 | 8,005 | 47,49 | 47,49 | 37,185 |   NaN | NaN | 0,00 | 0,00 | NaN
   8 |  0,00 | 0,432 | 504,92 | 504,92 | 545,84 |  0,00 | 0,153 | 44,35 | 44,35 |  0,00 | 0,306 | 205,27 | 205,27 |  0,00 | 0,399 | 207,80 | 207,80 |  0,00 | 7,311 | 47,49 | 47,49 | 35,179 |   NaN | NaN | 0,00 | 0,00 | NaN
   9 |  0,00 | 0,390 | 506,40 | 506,40 | 543,19 |  0,00 | 0,093 | 44,35 | 44,35 |  0,00 | 0,238 | 208,10 | 208,10 |  0,00 | 0,464 | 206,45 | 206,45 |  0,00 | 6,979 | 47,49 | 47,49 | 34,954 |   NaN | NaN | 0,00 | 0,00 | NaN
  10 |  0,00 | 0,418 | 503,23 | 503,23 | 544,34 |  0,00 | 0,154 | 44,35 | 44,35 |  0,00 | 0,281 | 206,01 | 206,01 |  0,00 | 0,390 | 205,38 | 205,38 |  0,00 | 7,064 | 47,49 | 47,49 | 34,756 |   NaN | NaN | 0,00 | 0,00 | NaN
  11 |  0,00 | 1,662 | 502,87 | 502,87 | 540,05 |  0,00 | 0,094 | 44,35 | 44,35 |  0,00 | 1,321 | 204,08 | 204,08 |  0,00 | 1,912 | 206,94 | 206,94 |  0,00 | 33,744 | 47,49 | 47,49 | 91,997 |   NaN | NaN | 0,00 | 0,00 | NaN
  12 |  0,00 | 0,408 | 503,52 | 503,52 | 545,20 |  0,00 | 0,156 | 44,35 | 44,35 |  0,00 | 0,290 | 205,54 | 205,54 |  0,00 | 0,400 | 206,13 | 206,13 |  0,00 | 6,488 | 47,49 | 47,49 | 34,005 |   NaN | NaN | 0,00 | 0,00 | NaN
  13 |  0,00 | 0,552 | 500,57 | 500,57 | 538,21 |  0,00 | 0,120 | 44,35 | 44,35 |  0,00 | 0,336 | 204,81 | 204,81 |  0,00 | 0,549 | 203,91 | 203,91 |  0,00 | 10,992 | 47,49 | 47,49 | 43,463 |   NaN | NaN | 0,00 | 0,00 | NaN
  14 |  0,00 | 0,436 | 505,73 | 505,73 | 549,37 |  0,00 | 0,162 | 44,35 | 44,35 |  0,00 | 0,319 | 206,44 | 206,44 |  0,00 | 0,378 | 207,45 | 207,45 |  0,00 | 7,350 | 47,49 | 47,49 | 35,311 |   NaN | NaN | 0,00 | 0,00 | NaN
  15 |  0,00 | 0,419 | 503,61 | 503,61 | 545,28 |  0,00 | 0,156 | 44,35 | 44,35 |  0,00 | 0,312 | 203,71 | 203,71 |  0,00 | 0,383 | 208,06 | 208,06 |  0,00 | 6,863 | 47,49 | 47,49 | 35,359 |   NaN | NaN | 0,00 | 0,00 | NaN
  16 |  0,00 | 0,402 | 509,49 | 509,49 | 548,94 |  0,00 | 0,147 | 44,35 | 44,35 |  0,00 | 0,277 | 207,19 | 207,19 |  0,00 | 0,398 | 210,45 | 210,45 |  0,00 | 6,566 | 47,49 | 47,49 | 34,170 |   NaN | NaN | 0,00 | 0,00 | NaN
  17 |  0,00 | 0,408 | 506,85 | 506,85 | 549,70 |  0,00 | 0,160 | 44,35 | 44,35 |  0,00 | 0,291 | 208,00 | 208,00 |  0,00 | 0,367 | 207,00 | 207,00 |  0,00 | 6,675 | 47,49 | 47,49 | 34,268 |   NaN | NaN | 0,00 | 0,00 | NaN
  18 |  0,00 | 0,509 | 502,22 | 502,22 | 540,40 |  0,00 | 0,136 | 44,35 | 44,35 |  0,00 | 0,308 | 204,31 | 204,31 |  0,00 | 0,439 | 206,07 | 206,07 |  0,00 | 10,164 | 47,49 | 47,49 | 39,521 |   NaN | NaN | 0,00 | 0,00 | NaN
  19 |  0,00 | 0,391 | 499,52 | 499,52 | 537,00 |  0,00 | 0,127 | 44,35 | 44,35 |  0,00 | 0,266 | 203,12 | 203,12 |  0,00 | 0,426 | 204,56 | 204,56 |  0,00 | 6,386 | 47,49 | 47,49 | 33,766 |   NaN | NaN | 0,00 | 0,00 | NaN
  20 |  0,00 | 1,290 | 502,02 | 502,02 | 539,66 |  0,00 | 0,123 | 44,35 | 44,35 |  0,00 | 0,892 | 207,05 | 207,05 |  0,00 | 1,278 | 203,13 | 203,13 |  0,00 | 27,993 | 47,49 | 47,49 | 80,989 |   NaN | NaN | 0,00 | 0,00 | NaN
  21 |  0,00 | 0,391 | 497,23 | 497,23 | 534,65 |  0,00 | 0,127 | 44,35 | 44,35 |  0,00 | 0,258 | 202,81 | 202,81 |  0,00 | 0,415 | 202,57 | 202,57 |  0,00 | 6,531 | 47,49 | 47,49 | 34,070 |   NaN | NaN | 0,00 | 0,00 | NaN
  22 |  0,00 | 0,413 | 507,96 | 507,96 | 553,28 |  0,00 | 0,166 | 44,35 | 44,35 |  0,00 | 0,313 | 210,89 | 210,89 |  0,00 | 0,372 | 205,22 | 205,22 |  0,00 | 6,522 | 47,49 | 47,49 | 34,210 |   NaN | NaN | 0,00 | 0,00 | NaN
  23 |  0,00 | 2,805 | 504,92 | 504,92 | 544,94 |  0,00 | 0,148 | 44,35 | 44,35 |  0,00 | 2,396 | 206,75 | 206,75 |  0,00 | 2,821 | 206,33 | 206,33 |  0,00 | 59,205 | 47,49 | 47,49 | 129,960 |   NaN | NaN | 0,00 | 0,00 | NaN
  24 |  0,00 | 0,541 | 504,49 | 504,49 | 542,01 |  0,00 | 0,110 | 44,35 | 44,35 |  0,00 | 0,324 | 205,73 | 205,73 |  0,00 | 0,542 | 206,91 | 206,91 |  0,00 | 10,940 | 47,49 | 47,49 | 43,608 |   NaN | NaN | 0,00 | 0,00 | NaN
  25 |  0,00 | 0,419 | 508,41 | 508,41 | 554,38 |  0,00 | 0,167 | 44,35 | 44,35 |  0,00 | 0,310 | 206,44 | 206,44 |  0,00 | 0,374 | 210,13 | 210,13 |  0,00 | 6,708 | 47,49 | 47,49 | 34,340 |   NaN | NaN | 0,00 | 0,00 | NaN
  26 |  0,00 | 0,465 | 503,00 | 503,00 | 547,45 |  0,00 | 0,164 | 44,35 | 44,35 |  0,00 | 0,302 | 206,47 | 206,47 |  0,00 | 0,417 | 204,68 | 204,68 |  0,00 | 8,219 | 47,49 | 47,49 | 36,581 |   NaN | NaN | 0,00 | 0,00 | NaN
  27 |  0,00 | 0,468 | 500,88 | 500,88 | 537,85 |  0,00 | 0,091 | 44,35 | 44,35 |  0,00 | 0,268 | 205,87 | 205,87 |  0,00 | 0,515 | 203,17 | 203,17 |  0,00 | 9,281 | 47,49 | 47,49 | 40,144 |   NaN | NaN | 0,00 | 0,00 | NaN
  28 |  0,00 | 2,892 | 500,19 | 500,19 | 542,38 |  0,00 | 0,156 | 44,35 | 44,35 |  0,00 | 2,330 | 205,39 | 205,39 |  0,00 | 3,186 | 202,96 | 202,96 |  0,00 | 59,854 | 47,49 | 47,49 | 134,403 |   NaN | NaN | 0,00 | 0,00 | NaN
  29 |  0,00 | 2,124 | 506,51 | 506,51 | 544,63 |  0,00 | 0,136 | 44,35 | 44,35 |  0,00 | 1,816 | 207,38 | 207,38 |  0,00 | 2,559 | 207,29 | 207,29 |  0,00 | 40,884 | 47,49 | 47,49 | 109,512 |   NaN | NaN | 0,00 | 0,00 | NaN
  30 |  0,00 | 0,693 | 501,58 | 501,58 | 547,41 |  0,00 | 0,166 | 44,35 | 44,35 |  0,00 | 0,443 | 204,36 | 204,36 |  0,00 | 0,613 | 205,38 | 205,38 |  0,00 | 13,928 | 47,49 | 47,49 | 47,275 |   NaN | NaN | 0,00 | 0,00 | NaN
  31 |  0,00 | 2,805 | 503,18 | 503,18 | 541,26 |  0,00 | 0,133 | 44,35 | 44,35 |  0,00 | 2,338 | 207,31 | 207,31 |  0,00 | 2,719 | 204,02 | 204,02 |  0,00 | 60,829 | 47,49 | 47,49 | 134,713 |   NaN | NaN | 0,00 | 0,00 | NaN
  32 |  0,00 | 1,613 | 505,96 | 505,96 | 542,87 |  0,00 | 0,091 | 44,35 | 44,35 |  0,00 | 1,224 | 206,87 | 206,87 |  0,00 | 1,821 | 207,24 | 207,24 |  0,00 | 33,549 | 47,49 | 47,49 | 90,644 |   NaN | NaN | 0,00 | 0,00 | NaN
  33 |  0,00 | 0,780 | 502,43 | 502,43 | 544,04 |  0,00 | 0,155 | 44,35 | 44,35 |  0,00 | 0,602 | 205,72 | 205,72 |  0,00 | 0,751 | 204,87 | 204,87 |  0,00 | 14,983 | 47,49 | 47,49 | 57,799 |   NaN | NaN | 0,00 | 0,00 | NaN
  34 |  0,00 | 0,426 | 501,94 | 501,94 | 541,33 |  0,00 | 0,146 | 44,35 | 44,35 |  0,00 | 0,298 | 205,80 | 205,80 |  0,00 | 0,424 | 204,29 | 204,29 |  0,00 | 7,092 | 47,49 | 47,49 | 36,357 |   NaN | NaN | 0,00 | 0,00 | NaN
  35 |  0,00 | 0,384 | 507,41 | 507,41 | 544,35 |  0,00 | 0,095 | 44,35 | 44,35 |  0,00 | 0,229 | 208,04 | 208,04 |  0,00 | 0,463 | 207,53 | 207,53 |  0,00 | 6,772 | 47,49 | 47,49 | 34,542 |   NaN | NaN | 0,00 | 0,00 | NaN
  36 |  0,00 | 0,427 | 503,25 | 503,25 | 543,15 |  0,00 | 0,148 | 44,35 | 44,35 |  0,00 | 0,303 | 203,67 | 203,67 |  0,00 | 0,411 | 207,74 | 207,74 |  0,00 | 7,149 | 47,49 | 47,49 | 35,437 |   NaN | NaN | 0,00 | 0,00 | NaN
  37 |  0,00 | 1,571 | 507,71 | 507,71 | 545,56 |  0,00 | 0,131 | 44,35 | 44,35 |  0,00 | 1,148 | 209,23 | 209,23 |  0,00 | 1,679 | 206,63 | 206,63 |  0,00 | 32,995 | 47,49 | 47,49 | 89,139 |   NaN | NaN | 0,00 | 0,00 | NaN
  38 |  0,00 | 0,522 | 506,73 | 506,73 | 544,42 |  0,00 | 0,123 | 44,35 | 44,35 |  0,00 | 0,364 | 208,18 | 208,18 |  0,00 | 0,530 | 206,70 | 206,70 |  0,00 | 9,762 | 47,49 | 47,49 | 42,460 |   NaN | NaN | 0,00 | 0,00 | NaN
  39 |  0,00 | 1,074 | 497,26 | 497,26 | 543,03 |  0,00 | 0,166 | 44,35 | 44,35 |  0,00 | 0,822 | 203,63 | 203,63 |  0,00 | 1,098 | 201,79 | 201,79 |  0,00 | 21,105 | 47,49 | 47,49 | 69,347 |   NaN | NaN | 0,00 | 0,00 | NaN
  40 |  0,00 | 0,555 | 499,30 | 499,30 | 545,06 |  0,00 | 0,166 | 44,35 | 44,35 |  0,00 | 0,394 | 205,37 | 205,37 |  0,00 | 0,484 | 202,09 | 202,09 |  0,00 | 10,204 | 47,49 | 47,49 | 42,451 |   NaN | NaN | 0,00 | 0,00 | NaN
  41 |  0,00 | 2,903 | 507,14 | 507,14 | 547,44 |  0,00 | 0,149 | 44,35 | 44,35 |  0,00 | 2,679 | 205,18 | 205,18 |  0,00 | 3,755 | 210,11 | 210,11 |  0,00 | 52,739 | 47,49 | 47,49 | 133,163 |   NaN | NaN | 0,00 | 0,00 | NaN
  42 |  0,00 | 2,051 | 508,68 | 508,68 | 545,90 |  0,00 | 0,095 | 44,35 | 44,35 |  0,00 | 1,565 | 208,34 | 208,34 |  0,00 | 2,609 | 208,49 | 208,49 |  0,00 | 40,604 | 47,49 | 47,49 | 108,812 |   NaN | NaN | 0,00 | 0,00 | NaN
  43 |  0,00 | 1,119 | 509,53 | 509,53 | 553,55 |  0,00 | 0,173 | 44,35 | 44,35 |  0,00 | 0,815 | 209,49 | 209,49 |  0,00 | 1,175 | 208,20 | 208,20 |  0,00 | 22,109 | 47,49 | 47,49 | 71,908 |   NaN | NaN | 0,00 | 0,00 | NaN
  44 |  0,00 | 2,894 | 507,00 | 507,00 | 543,56 |  0,00 | 0,088 | 44,35 | 44,35 |  0,00 | 2,466 | 206,60 | 206,60 |  0,00 | 3,504 | 208,56 | 208,56 |  0,00 | 57,509 | 47,49 | 47,49 | 137,894 |   NaN | NaN | 0,00 | 0,00 | NaN
  45 |  0,00 | 2,320 | 503,42 | 503,42 | 550,64 |  0,00 | 0,169 | 44,35 | 44,35 |  0,00 | 1,939 | 208,57 | 208,57 |  0,00 | 3,011 | 203,00 | 203,00 |  0,00 | 42,959 | 47,49 | 47,49 | 114,424 |   NaN | NaN | 0,00 | 0,00 | NaN
  46 |  0,00 | 1,236 | 503,93 | 503,93 | 541,34 |  0,00 | 0,109 | 44,35 | 44,35 |  0,00 | 0,849 | 204,73 | 204,73 |  0,00 | 1,262 | 207,35 | 207,35 |  0,00 | 26,718 | 47,49 | 47,49 | 78,068 |   NaN | NaN | 0,00 | 0,00 | NaN
  47 |  0,00 | 2,641 | 502,31 | 502,31 | 539,77 |  0,00 | 0,106 | 44,35 | 44,35 |  0,00 | 2,166 | 205,62 | 205,62 |  0,00 | 2,582 | 204,85 | 204,85 |  0,00 | 57,728 | 47,49 | 47,49 | 124,090 |   NaN | NaN | 0,00 | 0,00 | NaN
  48 |  0,00 | 2,914 | 502,55 | 502,55 | 540,90 |  0,00 | 0,136 | 44,35 | 44,35 |  0,00 | 2,665 | 205,37 | 205,37 |  0,00 | 3,296 | 205,34 | 205,34 |  0,00 | 57,424 | 47,49 | 47,49 | 137,808 |   NaN | NaN | 0,00 | 0,00 | NaN
  49 |  0,00 | 2,679 | 502,17 | 502,17 | 542,29 |  0,00 | 0,148 | 44,35 | 44,35 |  0,00 | 2,073 | 205,79 | 205,79 |  0,00 | 2,636 | 204,53 | 204,53 |  0,00 | 58,628 | 47,49 | 47,49 | 126,996 |   NaN | NaN | 0,00 | 0,00 | NaN
  50 |  0,00 | 0,954 | 504,26 | 504,26 | 541,74 |  0,00 | 0,103 | 44,35 | 44,35 |  0,00 | 0,729 | 206,90 | 206,90 |  0,00 | 0,948 | 205,51 | 205,51 |  0,00 | 19,897 | 47,49 | 47,49 | 66,704 |   NaN | NaN | 0,00 | 0,00 | NaN
  51 |  0,00 | 2,685 | 504,36 | 504,36 | 541,79 |  0,00 | 0,101 | 44,35 | 44,35 |  0,00 | 2,134 | 205,56 | 205,56 |  0,00 | 3,565 | 206,96 | 206,96 |  0,00 | 51,688 | 47,49 | 47,49 | 130,533 |   NaN | NaN | 0,00 | 0,00 | NaN
  52 |  0,00 | 2,598 | 505,14 | 505,14 | 542,90 |  0,00 | 0,127 | 44,35 | 44,35 |  0,00 | 2,174 | 203,87 | 203,87 |  0,00 | 3,439 | 209,42 | 209,42 |  0,00 | 48,482 | 47,49 | 47,49 | 125,747 |   NaN | NaN | 0,00 | 0,00 | NaN
  53 |  0,00 | 1,516 | 504,72 | 504,72 | 542,17 |  0,00 | 0,114 | 44,35 | 44,35 |  0,00 | 1,130 | 207,42 | 207,42 |  0,00 | 1,591 | 205,45 | 205,45 |  0,00 | 32,140 | 47,49 | 47,49 | 87,113 |   NaN | NaN | 0,00 | 0,00 | NaN
  54 |  0,00 | 2,370 | 500,37 | 500,37 | 537,83 |  0,00 | 0,117 | 44,35 | 44,35 |  0,00 | 2,098 | 205,78 | 205,78 |  0,00 | 3,018 | 202,74 | 202,74 |  0,00 | 44,465 | 47,49 | 47,49 | 116,642 |   NaN | NaN | 0,00 | 0,00 | NaN
  55 |  0,00 | 0,479 | 500,94 | 500,94 | 538,35 |  0,00 | 0,102 | 44,35 | 44,35 |  0,00 | 0,291 | 204,00 | 204,00 |  0,00 | 0,525 | 205,09 | 205,09 |  0,00 | 9,164 | 47,49 | 47,49 | 41,330 |   NaN | NaN | 0,00 | 0,00 | NaN
  56 |  0,00 | 2,889 | 500,56 | 500,56 | 538,05 |  0,00 | 0,108 | 44,35 | 44,35 |  0,00 | 2,527 | 204,59 | 204,59 |  0,00 | 3,590 | 204,12 | 204,12 |  0,00 | 55,791 | 47,49 | 47,49 | 135,602 |   NaN | NaN | 0,00 | 0,00 | NaN
  57 |  0,00 | 2,956 | 502,96 | 502,96 | 540,46 |  0,00 | 0,105 | 44,35 | 44,35 |  0,00 | 2,687 | 204,97 | 204,97 |  0,00 | 3,100 | 206,14 | 206,14 |  0,00 | 61,015 | 47,49 | 47,49 | 135,293 |   NaN | NaN | 0,00 | 0,00 | NaN
  58 |  0,00 | 2,963 | 506,05 | 506,05 | 544,19 |  0,00 | 0,133 | 44,35 | 44,35 |  0,00 | 2,443 | 207,93 | 207,93 |  0,00 | 3,381 | 206,27 | 206,27 |  0,00 | 60,465 | 47,49 | 47,49 | 136,447 |   NaN | NaN | 0,00 | 0,00 | NaN
  59 |  0,00 | 0,458 | 507,34 | 507,34 | 548,24 |  0,00 | 0,153 | 44,35 | 44,35 |  0,00 | 0,294 | 205,27 | 205,27 |  0,00 | 0,404 | 210,22 | 210,22 |  0,00 | 8,367 | 47,49 | 47,49 | 36,588 |   NaN | NaN | 0,00 | 0,00 | NaN
  60 |  0,00 | 2,718 | 503,48 | 503,48 | 540,28 |  0,00 | 0,089 | 44,35 | 44,35 |  0,00 | 2,474 | 206,39 | 206,39 |  0,00 | 3,327 | 205,25 | 205,25 |  0,00 | 52,354 | 47,49 | 47,49 | 132,602 |   NaN | NaN | 0,00 | 0,00 | NaN
  61 |  0,00 | 1,414 | 506,17 | 506,17 | 543,60 |  0,00 | 0,110 | 44,35 | 44,35 |  0,00 | 0,973 | 206,98 | 206,98 |  0,00 | 1,472 | 207,35 | 207,35 |  0,00 | 30,658 | 47,49 | 47,49 | 84,089 |   NaN | NaN | 0,00 | 0,00 | NaN
  62 |  0,00 | 2,955 | 505,98 | 505,98 | 554,17 |  0,00 | 0,171 | 44,35 | 44,35 |  0,00 | 2,785 | 206,34 | 206,34 |  0,00 | 3,299 | 207,79 | 207,79 |  0,00 | 57,218 | 47,49 | 47,49 | 137,757 |   NaN | NaN | 0,00 | 0,00 | NaN
  63 |  0,00 | 0,604 | 504,28 | 504,28 | 542,14 |  0,00 | 0,127 | 44,35 | 44,35 |  0,00 | 0,407 | 207,30 | 207,30 |  0,00 | 0,522 | 205,13 | 205,13 |  0,00 | 12,433 | 47,49 | 47,49 | 44,473 |   NaN | NaN | 0,00 | 0,00 | NaN
  64 |  0,00 | 2,313 | 500,10 | 500,10 | 547,82 |  0,00 | 0,170 | 44,35 | 44,35 |  0,00 | 2,028 | 204,05 | 204,05 |  0,00 | 2,776 | 204,21 | 204,21 |  0,00 | 43,749 | 47,49 | 47,49 | 115,606 |   NaN | NaN | 0,00 | 0,00 | NaN

= = = = = = = = = = = = AVERAGE RESULTS system = = = = = = = = = = = =
meanPLR_system | 0,000000 
meanDelay_system | 1,293253 
meanLoad_system | 504,044996 
meanTHR_system | 504,044996 
meanGate_system | 543,888427 

meanPLR_EF_system | 0,000000 
meanPLR_AF_system | 0,000000 
meanPLR_BE_system | 0,000000 
meanPLR_FLA_system | 0,000000 
meanPLR_FLB_system | NaN 

meanTHR_EF_system | 44,352003 
meanTHR_AF_system | 206,257391 
meanTHR_BE_system | 205,942173 
meanTHR_FLA_system | 48,400431 
meanTHR_FLB_system | 0,000000 

meanLoad_EF_system | 44,352003 
meanLoad_AF_system | 206,257391 
meanLoad_BE_system | 205,942173 
meanLoad_FLA_system | 48,400431 
meanLoad_FLB_system | 0,000000 

meanDELAY_EF_system | 0,131816 
meanDELAY_AF_system | 1,035911 
meanDELAY_BE_system | 1,436601 
meanDELAY_FLA_system | 25,467085 
meanDELAY_FLB_system | NaN 
meanDELAY_CompleteFLA_system | 72,830394 
meanDELAY_CompleteFLB_system | NaN 

= = = = = = = = = = = = AVERAGE RESULTS = = = = = = = = = = = =
Packet Loss Ratio: 00,00 (%)
PROCESSED PACKAGES: 1515215367 
DISCARTED PACKAGES: 0 
TOTAL PACKAGES: 1515215367 
AVERAGE DELAY: 191,24 (ms) 
AVERAGE THROUGHPUT: 504,04 (Mbps) 
GRANTED THROUGHPUT: 34808,86 (Mbps) By 64 ONUs
EFFECTIVE THROUGHPUT: 32258,88 (Mbps) By 64 ONUs
TOTAL LOAD: 32258,88 (Mbps) By 64 ONUs
ON Arrival THROUGHPUT: 0,00 (Mbps) By 64 ONUs
FINISHTIMEFL: 157,089511 
FINISHTIME: 160,089511 


fileName | IPACT_STRICTPRIORITY_3_36_55_0 
