
ONU ID 	|  PLR(%) | Delay(ms) | Throughput(Mbps) | Granted Throughput(Mbps) | Total Load (Mbps) 

  ID |  PLR(%) |  D  | Thr |  Gates  |  Load  | PLR-EF | D-EF | ThrEF | LoadEF | PLR-AF | D-AF | ThrAF | LoadAF | PLR-BE | D-BE | ThrBE | LoadBE | PLR-FA | D-FA | ThrFA | LoadFA | DTFA |  PLR-FB | D-FB | ThrFB | LoadFB | DTFB | 
   1 |  0,00 | 3,319 | 677,20 | 677,20 | 699,16 |  0,00 | 0,305 | 44,35 | 44,35 |  0,00 | 0,891 | 305,16 | 305,16 |  0,00 | 2,524 | 299,61 | 299,61 |  0,00 | 171,112 | 28,07 | 28,07 | 362,590 |   NaN | NaN | 0,00 | 0,00 | NaN
   2 |  0,00 | 14,685 | 673,80 | 673,80 | 698,44 |  0,00 | 0,317 | 44,35 | 44,35 |  0,00 | 0,380 | 303,10 | 303,10 |  0,00 | 0,525 | 298,28 | 298,28 |  0,00 | 1075,787 | 28,07 | 28,07 | 2172,177 |   NaN | NaN | 0,00 | 0,00 | NaN
   3 |  0,00 | 13,711 | 669,48 | 669,48 | 690,17 |  0,00 | 0,254 | 44,35 | 44,35 |  0,00 | 0,277 | 297,98 | 297,98 |  0,00 | 0,477 | 299,07 | 299,07 |  0,00 | 1003,773 | 28,07 | 28,07 | 2027,892 |   NaN | NaN | 0,00 | 0,00 | NaN
   4 |  0,00 | 2,296 | 676,62 | 676,62 | 697,41 |  0,00 | 0,259 | 44,35 | 44,35 |  0,00 | 1,940 | 303,63 | 303,63 |  0,00 | 3,241 | 300,57 | 300,57 |  0,00 | 59,485 | 28,07 | 28,07 | 137,438 |   NaN | NaN | 0,00 | 0,00 | NaN
   5 |  0,00 | 20,468 | 668,24 | 668,24 | 689,01 |  0,00 | 0,285 | 44,35 | 44,35 |  0,00 | 0,305 | 298,66 | 298,66 |  0,00 | 0,437 | 297,16 | 297,16 |  0,00 | 1507,734 | 28,07 | 28,07 | 3035,819 |   NaN | NaN | 0,00 | 0,00 | NaN
   6 |  0,00 | 16,506 | 674,14 | 674,14 | 694,80 |  0,00 | 0,233 | 44,35 | 44,35 |  0,00 | 0,247 | 302,06 | 302,06 |  0,00 | 0,495 | 299,65 | 299,65 |  0,00 | 1219,244 | 28,07 | 28,07 | 2458,974 |   NaN | NaN | 0,00 | 0,00 | NaN
   7 |  0,00 | 5,860 | 672,38 | 672,38 | 693,06 |  0,00 | 0,252 | 44,35 | 44,35 |  0,00 | 0,271 | 299,36 | 299,36 |  0,00 | 0,648 | 300,60 | 300,60 |  0,00 | 413,251 | 28,07 | 28,07 | 846,416 |   NaN | NaN | 0,00 | 0,00 | NaN
   8 |  0,00 | 15,301 | 677,17 | 677,17 | 698,73 |  0,00 | 0,302 | 44,35 | 44,35 |  0,00 | 0,319 | 301,49 | 301,49 |  0,00 | 0,422 | 303,25 | 303,25 |  0,00 | 1129,209 | 28,07 | 28,07 | 2278,672 |   NaN | NaN | 0,00 | 0,00 | NaN
   9 |  0,00 | 9,654 | 673,98 | 673,98 | 694,69 |  0,00 | 0,242 | 44,35 | 44,35 |  0,00 | 0,251 | 300,60 | 300,60 |  0,00 | 0,481 | 300,96 | 300,96 |  0,00 | 703,415 | 28,07 | 28,07 | 1427,079 |   NaN | NaN | 0,00 | 0,00 | NaN
  10 |  0,00 | 3,127 | 672,76 | 672,76 | 694,36 |  0,00 | 0,303 | 44,35 | 44,35 |  0,00 | 1,239 | 301,40 | 301,40 |  0,00 | 2,838 | 298,94 | 298,94 |  0,00 | 142,767 | 28,07 | 28,07 | 304,837 |   NaN | NaN | 0,00 | 0,00 | NaN
  11 |  0,00 | 29,596 | 672,21 | 672,21 | 692,90 |  0,00 | 0,242 | 44,35 | 44,35 |  0,00 | 0,312 | 299,41 | 299,41 |  0,00 | 1,068 | 300,38 | 300,38 |  0,00 | 2187,513 | 28,07 | 28,07 | 4395,954 |   NaN | NaN | 0,00 | 0,00 | NaN
  12 |  0,00 | 17,401 | 673,16 | 673,16 | 695,06 |  0,00 | 0,304 | 44,35 | 44,35 |  0,00 | 0,320 | 299,73 | 299,73 |  0,00 | 0,395 | 301,01 | 301,01 |  0,00 | 1283,805 | 28,07 | 28,07 | 2587,945 |   NaN | NaN | 0,00 | 0,00 | NaN
  13 |  0,00 | 14,688 | 665,33 | 665,33 | 686,04 |  0,00 | 0,269 | 44,35 | 44,35 |  0,00 | 0,298 | 298,44 | 298,44 |  0,00 | 0,503 | 294,47 | 294,47 |  0,00 | 1071,633 | 28,07 | 28,07 | 2163,975 |   NaN | NaN | 0,00 | 0,00 | NaN
  14 |  0,00 | 20,374 | 676,61 | 676,61 | 699,55 |  0,00 | 0,310 | 44,35 | 44,35 |  0,00 | 0,322 | 301,47 | 301,47 |  0,00 | 0,396 | 302,72 | 302,72 |  0,00 | 1511,626 | 28,07 | 28,07 | 3043,515 |   NaN | NaN | 0,00 | 0,00 | NaN
  15 |  0,00 | 6,151 | 671,71 | 671,71 | 693,57 |  0,00 | 0,304 | 44,35 | 44,35 |  0,00 | 0,361 | 296,17 | 296,17 |  0,00 | 0,569 | 303,11 | 303,11 |  0,00 | 432,795 | 28,07 | 28,07 | 885,949 |   NaN | NaN | 0,00 | 0,00 | NaN
  16 |  0,00 | 11,738 | 678,99 | 678,99 | 700,08 |  0,00 | 0,296 | 44,35 | 44,35 |  0,00 | 0,313 | 301,92 | 301,92 |  0,00 | 0,413 | 304,65 | 304,65 |  0,00 | 862,389 | 28,07 | 28,07 | 1745,110 |   NaN | NaN | 0,00 | 0,00 | NaN
  17 |  0,00 | 11,075 | 673,68 | 673,68 | 696,24 |  0,00 | 0,309 | 44,35 | 44,35 |  0,00 | 0,319 | 301,83 | 301,83 |  0,00 | 0,419 | 299,43 | 299,43 |  0,00 | 807,827 | 28,07 | 28,07 | 1635,967 |   NaN | NaN | 0,00 | 0,00 | NaN
  18 |  0,00 | 31,898 | 670,34 | 670,34 | 691,09 |  0,00 | 0,285 | 44,35 | 44,35 |  0,00 | 0,325 | 299,25 | 299,25 |  0,00 | 0,464 | 298,67 | 298,67 |  0,00 | 2367,049 | 28,07 | 28,07 | 4754,482 |   NaN | NaN | 0,00 | 0,00 | NaN
  19 |  0,00 | 25,461 | 666,58 | 666,58 | 687,32 |  0,00 | 0,276 | 44,35 | 44,35 |  0,00 | 0,418 | 296,26 | 296,26 |  0,00 | 0,644 | 297,90 | 297,90 |  0,00 | 1872,491 | 28,07 | 28,07 | 3764,948 |   NaN | NaN | 0,00 | 0,00 | NaN
  20 |  0,00 | 30,407 | 665,71 | 665,71 | 686,40 |  0,00 | 0,272 | 44,35 | 44,35 |  0,00 | 0,478 | 299,60 | 299,60 |  0,00 | 1,400 | 293,68 | 293,68 |  0,00 | 2224,618 | 28,07 | 28,07 | 4470,027 |   NaN | NaN | 0,00 | 0,00 | NaN
  21 |  0,00 | 4,444 | 664,38 | 664,38 | 685,10 |  0,00 | 0,276 | 44,35 | 44,35 |  0,00 | 0,440 | 297,17 | 297,17 |  0,00 | 0,867 | 294,79 | 294,79 |  0,00 | 296,191 | 28,07 | 28,07 | 612,451 |   NaN | NaN | 0,00 | 0,00 | NaN
  22 |  0,00 | 21,592 | 676,28 | 676,28 | 700,24 |  0,00 | 0,315 | 44,35 | 44,35 |  0,00 | 0,334 | 305,32 | 305,32 |  0,00 | 0,475 | 298,54 | 298,54 |  0,00 | 1600,859 | 28,07 | 28,07 | 3222,221 |   NaN | NaN | 0,00 | 0,00 | NaN
  23 |  0,00 | 28,147 | 673,84 | 673,84 | 694,96 |  0,00 | 0,297 | 44,35 | 44,35 |  0,00 | 0,475 | 301,08 | 301,08 |  0,00 | 1,156 | 300,34 | 300,34 |  0,00 | 2074,772 | 28,07 | 28,07 | 4169,997 |   NaN | NaN | 0,00 | 0,00 | NaN
  24 |  0,00 | 14,733 | 677,83 | 677,83 | 698,52 |  0,00 | 0,259 | 44,35 | 44,35 |  0,00 | 0,293 | 302,05 | 302,05 |  0,00 | 0,482 | 303,36 | 303,36 |  0,00 | 1087,661 | 28,07 | 28,07 | 2195,827 |   NaN | NaN | 0,00 | 0,00 | NaN
  25 |  0,00 | 7,262 | 675,05 | 675,05 | 699,33 |  0,00 | 0,316 | 44,35 | 44,35 |  0,00 | 0,389 | 298,15 | 298,15 |  0,00 | 0,999 | 304,48 | 304,48 |  0,00 | 508,018 | 28,07 | 28,07 | 1036,588 |   NaN | NaN | 0,00 | 0,00 | NaN
  26 |  0,00 | 5,655 | 670,42 | 670,42 | 693,74 |  0,00 | 0,312 | 44,35 | 44,35 |  0,00 | 0,431 | 300,07 | 300,07 |  0,00 | 0,739 | 297,93 | 297,93 |  0,00 | 390,079 | 28,07 | 28,07 | 800,234 |   NaN | NaN | 0,00 | 0,00 | NaN
  27 |  0,00 | 32,292 | 669,15 | 669,15 | 689,86 |  0,00 | 0,239 | 44,35 | 44,35 |  0,00 | 0,267 | 300,63 | 300,63 |  0,00 | 0,542 | 296,10 | 296,10 |  0,00 | 2395,191 | 28,07 | 28,07 | 4810,913 |   NaN | NaN | 0,00 | 0,00 | NaN
  28 |  0,00 | 28,303 | 667,10 | 667,10 | 689,03 |  0,00 | 0,305 | 44,35 | 44,35 |  0,00 | 0,582 | 299,03 | 299,03 |  0,00 | 0,945 | 295,65 | 295,65 |  0,00 | 2075,508 | 28,07 | 28,07 | 4171,470 |   NaN | NaN | 0,00 | 0,00 | NaN
  29 |  0,00 | 29,230 | 673,03 | 673,03 | 693,82 |  0,00 | 0,285 | 44,35 | 44,35 |  0,00 | 0,500 | 298,82 | 298,82 |  0,00 | 0,962 | 301,80 | 301,80 |  0,00 | 2158,173 | 28,07 | 28,07 | 4336,933 |   NaN | NaN | 0,00 | 0,00 | NaN
  30 |  0,00 | 30,937 | 671,47 | 671,47 | 695,46 |  0,00 | 0,315 | 44,35 | 44,35 |  0,00 | 0,332 | 298,84 | 298,84 |  0,00 | 0,417 | 300,21 | 300,21 |  0,00 | 2296,595 | 28,07 | 28,07 | 4613,620 |   NaN | NaN | 0,00 | 0,00 | NaN
  31 |  0,00 | 28,141 | 670,85 | 670,85 | 691,59 |  0,00 | 0,282 | 44,35 | 44,35 |  0,00 | 0,406 | 300,38 | 300,38 |  0,00 | 1,131 | 298,05 | 298,05 |  0,00 | 2071,103 | 28,07 | 28,07 | 4162,515 |   NaN | NaN | 0,00 | 0,00 | NaN
  32 |  0,00 | 29,566 | 675,30 | 675,30 | 696,00 |  0,00 | 0,238 | 44,35 | 44,35 |  0,00 | 0,405 | 300,65 | 300,65 |  0,00 | 0,784 | 302,23 | 302,23 |  0,00 | 2195,205 | 28,07 | 28,07 | 4411,185 |   NaN | NaN | 0,00 | 0,00 | NaN
  33 |  0,00 | 30,592 | 669,91 | 669,91 | 691,65 |  0,00 | 0,304 | 44,35 | 44,35 |  0,00 | 0,448 | 298,19 | 298,19 |  0,00 | 0,780 | 299,30 | 299,30 |  0,00 | 2258,410 | 28,07 | 28,07 | 4537,804 |   NaN | NaN | 0,00 | 0,00 | NaN
  34 |  0,00 | 33,290 | 671,27 | 671,27 | 692,28 |  0,00 | 0,295 | 44,35 | 44,35 |  0,00 | 0,315 | 298,96 | 298,96 |  0,00 | 0,429 | 299,89 | 299,89 |  0,00 | 2473,990 | 28,07 | 28,07 | 4968,457 |   NaN | NaN | 0,00 | 0,00 | NaN
  35 |  0,00 | 34,225 | 674,89 | 674,89 | 695,58 |  0,00 | 0,244 | 44,35 | 44,35 |  0,00 | 0,250 | 301,46 | 301,46 |  0,00 | 0,465 | 301,01 | 301,01 |  0,00 | 2554,717 | 28,07 | 28,07 | 5129,715 |   NaN | NaN | 0,00 | 0,00 | NaN
  36 |  0,00 | 32,737 | 670,67 | 670,67 | 691,88 |  0,00 | 0,297 | 44,35 | 44,35 |  0,00 | 0,314 | 297,76 | 297,76 |  0,00 | 0,438 | 300,48 | 300,48 |  0,00 | 2430,811 | 28,07 | 28,07 | 4881,969 |   NaN | NaN | 0,00 | 0,00 | NaN
  37 |  0,00 | 29,692 | 676,65 | 676,65 | 697,38 |  0,00 | 0,280 | 44,35 | 44,35 |  0,00 | 0,399 | 303,71 | 303,71 |  0,00 | 1,019 | 300,52 | 300,52 |  0,00 | 2201,399 | 28,07 | 28,07 | 4423,772 |   NaN | NaN | 0,00 | 0,00 | NaN
  38 |  0,00 | 31,078 | 677,42 | 677,42 | 698,11 |  0,00 | 0,271 | 44,35 | 44,35 |  0,00 | 0,302 | 302,39 | 302,39 |  0,00 | 0,454 | 302,61 | 302,61 |  0,00 | 2321,163 | 28,07 | 28,07 | 4662,909 |   NaN | NaN | 0,00 | 0,00 | NaN
  39 |  0,00 | 30,532 | 666,86 | 666,86 | 690,82 |  0,00 | 0,315 | 44,35 | 44,35 |  0,00 | 0,407 | 299,01 | 299,01 |  0,00 | 0,682 | 295,42 | 295,42 |  0,00 | 2249,936 | 28,07 | 28,07 | 4520,548 |   NaN | NaN | 0,00 | 0,00 | NaN
  40 |  0,00 | 32,313 | 665,02 | 665,02 | 688,96 |  0,00 | 0,315 | 44,35 | 44,35 |  0,00 | 0,359 | 298,85 | 298,85 |  0,00 | 0,436 | 293,75 | 293,75 |  0,00 | 2385,593 | 28,07 | 28,07 | 4791,628 |   NaN | NaN | 0,00 | 0,00 | NaN
  41 |  0,00 | 28,610 | 676,78 | 676,78 | 698,00 |  0,00 | 0,298 | 44,35 | 44,35 |  0,00 | 0,484 | 299,91 | 299,91 |  0,00 | 0,931 | 304,45 | 304,45 |  0,00 | 2119,200 | 28,07 | 28,07 | 4258,850 |   NaN | NaN | 0,00 | 0,00 | NaN
  42 |  0,00 | 29,213 | 674,86 | 674,86 | 695,54 |  0,00 | 0,244 | 44,35 | 44,35 |  0,00 | 0,472 | 300,32 | 300,32 |  0,00 | 1,132 | 302,13 | 302,13 |  0,00 | 2159,178 | 28,07 | 28,07 | 4339,092 |   NaN | NaN | 0,00 | 0,00 | NaN
  43 |  0,00 | 30,147 | 678,10 | 678,10 | 701,89 |  0,00 | 0,322 | 44,35 | 44,35 |  0,00 | 0,443 | 303,65 | 303,65 |  0,00 | 0,574 | 302,03 | 302,03 |  0,00 | 2245,225 | 28,07 | 28,07 | 4511,140 |   NaN | NaN | 0,00 | 0,00 | NaN
  44 |  0,00 | 28,542 | 674,55 | 674,55 | 695,23 |  0,00 | 0,234 | 44,35 | 44,35 |  0,00 | 0,410 | 300,77 | 300,77 |  0,00 | 1,308 | 301,36 | 301,36 |  0,00 | 2106,223 | 28,07 | 28,07 | 4232,877 |   NaN | NaN | 0,00 | 0,00 | NaN
  45 |  0,00 | 29,246 | 673,91 | 673,91 | 698,88 |  0,00 | 0,318 | 44,35 | 44,35 |  0,00 | 0,481 | 303,17 | 303,17 |  0,00 | 1,568 | 298,32 | 298,32 |  0,00 | 2148,567 | 28,07 | 28,07 | 4317,746 |   NaN | NaN | 0,00 | 0,00 | NaN
  46 |  0,00 | 30,027 | 672,52 | 672,52 | 693,21 |  0,00 | 0,258 | 44,35 | 44,35 |  0,00 | 0,301 | 299,63 | 299,63 |  0,00 | 0,645 | 300,47 | 300,47 |  0,00 | 2228,607 | 28,07 | 28,07 | 4477,890 |   NaN | NaN | 0,00 | 0,00 | NaN
  47 |  0,00 | 27,850 | 673,17 | 673,17 | 693,86 |  0,00 | 0,255 | 44,35 | 44,35 |  0,00 | 0,513 | 302,50 | 302,50 |  0,00 | 1,086 | 298,25 | 298,25 |  0,00 | 2053,092 | 28,07 | 28,07 | 4126,431 |   NaN | NaN | 0,00 | 0,00 | NaN
  48 |  0,00 | 28,504 | 670,07 | 670,07 | 690,84 |  0,00 | 0,285 | 44,35 | 44,35 |  0,00 | 0,460 | 299,11 | 299,11 |  0,00 | 1,068 | 298,53 | 298,53 |  0,00 | 2096,953 | 28,07 | 28,07 | 4214,243 |   NaN | NaN | 0,00 | 0,00 | NaN
  49 |  0,00 | 27,786 | 671,92 | 671,92 | 693,10 |  0,00 | 0,297 | 44,35 | 44,35 |  0,00 | 0,567 | 301,07 | 301,07 |  0,00 | 0,804 | 298,42 | 298,42 |  0,00 | 2049,074 | 28,07 | 28,07 | 4118,449 |   NaN | NaN | 0,00 | 0,00 | NaN
  50 |  0,00 | 30,290 | 673,89 | 673,89 | 694,59 |  0,00 | 0,252 | 44,35 | 44,35 |  0,00 | 0,339 | 302,99 | 302,99 |  0,00 | 1,093 | 298,48 | 298,48 |  0,00 | 2241,392 | 28,07 | 28,07 | 4503,543 |   NaN | NaN | 0,00 | 0,00 | NaN
  51 |  0,00 | 28,587 | 674,15 | 674,15 | 694,84 |  0,00 | 0,250 | 44,35 | 44,35 |  0,00 | 0,332 | 299,55 | 299,55 |  0,00 | 0,938 | 302,18 | 302,18 |  0,00 | 2117,139 | 28,07 | 28,07 | 4254,623 |   NaN | NaN | 0,00 | 0,00 | NaN
  52 |  0,00 | 29,212 | 668,49 | 668,49 | 689,21 |  0,00 | 0,276 | 44,35 | 44,35 |  0,00 | 0,639 | 295,90 | 295,90 |  0,00 | 1,503 | 300,17 | 300,17 |  0,00 | 2134,932 | 28,07 | 28,07 | 4290,338 |   NaN | NaN | 0,00 | 0,00 | NaN
  53 |  0,00 | 29,813 | 674,34 | 674,34 | 695,01 |  0,00 | 0,263 | 44,35 | 44,35 |  0,00 | 0,445 | 301,45 | 301,45 |  0,00 | 1,125 | 300,46 | 300,46 |  0,00 | 2203,238 | 28,07 | 28,07 | 4427,410 |   NaN | NaN | 0,00 | 0,00 | NaN
  54 |  0,00 | 29,207 | 669,13 | 669,13 | 689,80 |  0,00 | 0,266 | 44,35 | 44,35 |  0,00 | 0,459 | 300,35 | 300,35 |  0,00 | 0,898 | 296,36 | 296,36 |  0,00 | 2152,079 | 28,07 | 28,07 | 4324,826 |   NaN | NaN | 0,00 | 0,00 | NaN
  55 |  0,00 | 31,116 | 672,42 | 672,42 | 693,09 |  0,00 | 0,251 | 44,35 | 44,35 |  0,00 | 0,273 | 299,51 | 299,51 |  0,00 | 0,475 | 300,49 | 300,49 |  0,00 | 2314,285 | 28,07 | 28,07 | 4649,158 |   NaN | NaN | 0,00 | 0,00 | NaN
  56 |  0,00 | 28,487 | 669,66 | 669,66 | 690,34 |  0,00 | 0,256 | 44,35 | 44,35 |  0,00 | 0,468 | 297,95 | 297,95 |  0,00 | 1,082 | 299,29 | 299,29 |  0,00 | 2095,593 | 28,07 | 28,07 | 4211,513 |   NaN | NaN | 0,00 | 0,00 | NaN
  57 |  0,00 | 27,961 | 673,31 | 673,31 | 693,98 |  0,00 | 0,254 | 44,35 | 44,35 |  0,00 | 0,472 | 299,83 | 299,83 |  0,00 | 0,777 | 301,07 | 301,07 |  0,00 | 2068,714 | 28,07 | 28,07 | 4157,716 |   NaN | NaN | 0,00 | 0,00 | NaN
  58 |  0,00 | 28,230 | 672,16 | 672,16 | 692,91 |  0,00 | 0,282 | 44,35 | 44,35 |  0,00 | 0,535 | 299,13 | 299,13 |  0,00 | 1,013 | 300,61 | 300,61 |  0,00 | 2079,845 | 28,07 | 28,07 | 4180,083 |   NaN | NaN | 0,00 | 0,00 | NaN
  59 |  0,00 | 32,892 | 677,37 | 677,37 | 698,86 |  0,00 | 0,301 | 44,35 | 44,35 |  0,00 | 0,316 | 301,02 | 301,02 |  0,00 | 0,403 | 303,93 | 303,93 |  0,00 | 2457,473 | 28,07 | 28,07 | 4935,389 |   NaN | NaN | 0,00 | 0,00 | NaN
  60 |  0,00 | 28,848 | 671,61 | 671,61 | 692,29 |  0,00 | 0,236 | 44,35 | 44,35 |  0,00 | 0,446 | 299,79 | 299,79 |  0,00 | 1,666 | 299,40 | 299,40 |  0,00 | 2115,599 | 28,07 | 28,07 | 4251,678 |   NaN | NaN | 0,00 | 0,00 | NaN
  61 |  0,00 | 29,978 | 675,07 | 675,07 | 695,76 |  0,00 | 0,259 | 44,35 | 44,35 |  0,00 | 0,421 | 300,43 | 300,43 |  0,00 | 1,309 | 302,22 | 302,22 |  0,00 | 2213,993 | 28,07 | 28,07 | 4448,801 |   NaN | NaN | 0,00 | 0,00 | NaN
  62 |  0,00 | 28,421 | 674,57 | 674,57 | 699,98 |  0,00 | 0,320 | 44,35 | 44,35 |  0,00 | 0,389 | 301,22 | 301,22 |  0,00 | 0,859 | 300,92 | 300,92 |  0,00 | 2103,688 | 28,07 | 28,07 | 4227,791 |   NaN | NaN | 0,00 | 0,00 | NaN
  63 |  0,00 | 30,879 | 673,84 | 673,84 | 694,53 |  0,00 | 0,276 | 44,35 | 44,35 |  0,00 | 0,321 | 301,16 | 301,16 |  0,00 | 0,490 | 300,25 | 300,25 |  0,00 | 2297,718 | 28,07 | 28,07 | 4615,863 |   NaN | NaN | 0,00 | 0,00 | NaN
  64 |  0,00 | 29,267 | 668,89 | 668,89 | 694,09 |  0,00 | 0,319 | 44,35 | 44,35 |  0,00 | 0,487 | 296,96 | 296,96 |  0,00 | 0,891 | 299,51 | 299,51 |  0,00 | 2153,622 | 28,07 | 28,07 | 4327,766 |   NaN | NaN | 0,00 | 0,00 | NaN

= = = = = = = = = = = = AVERAGE RESULTS system = = = = = = = = = = = =
meanPLR_system | 0,000000 
meanDelay_system | 23,774836 
meanLoad_system | 672,535598 
meanTHR_system | 672,535598 
meanGate_system | 694,097031 

meanPLR_EF_system | 0,000000 
meanPLR_AF_system | 0,000000 
meanPLR_BE_system | 0,000000 
meanPLR_FLA_system | 0,000000 
meanPLR_FLB_system | NaN 

meanTHR_EF_system | 44,352001 
meanTHR_AF_system | 300,271904 
meanTHR_BE_system | 299,841763 
meanTHR_FLA_system | 28,475420 
meanTHR_FLB_system | 0,000000 

meanLoad_EF_system | 44,352001 
meanLoad_AF_system | 300,271904 
meanLoad_BE_system | 299,841763 
meanLoad_FLA_system | 28,475420 
meanLoad_FLB_system | 0,000000 

meanDELAY_EF_system | 0,280442 
meanDELAY_AF_system | 0,432893 
meanDELAY_BE_system | 0,878074 
meanDELAY_FLA_system | 1750,442604 
meanDELAY_FLB_system | NaN 
meanDELAY_CompleteFLA_system | 3521,308408 
meanDELAY_CompleteFLB_system | NaN 

= = = = = = = = = = = = AVERAGE RESULTS = = = = = = = = = = = =
Packet Loss Ratio: 00,00 (%)
PROCESSED PACKAGES: 2370045758 
DISCARTED PACKAGES: 0 
TOTAL PACKAGES: 2370045758 
AVERAGE DELAY: 4178,54 (ms) 
AVERAGE THROUGHPUT: 672,54 (Mbps) 
GRANTED THROUGHPUT: 44422,21 (Mbps) By 64 ONUs
EFFECTIVE THROUGHPUT: 43042,28 (Mbps) By 64 ONUs
TOTAL LOAD: 43042,28 (Mbps) By 64 ONUs
ON Arrival THROUGHPUT: 0,00 (Mbps) By 64 ONUs
FINISHTIMEFL: 207,673845 
FINISHTIME: 210,673845 


fileName | IPACT_LEAKYBUCKET_5_28_80_0 
