
ONU ID 	|  PLR(%) | Delay(ms) | Throughput(Mbps) | Granted Throughput(Mbps) | Total Load (Mbps) 

  ID |  PLR(%) |  D  | Thr |  Gates  |  Load  | PLR-EF | D-EF | ThrEF | LoadEF | PLR-AF | D-AF | ThrAF | LoadAF | PLR-BE | D-BE | ThrBE | LoadBE | PLR-FA | D-FA | ThrFA | LoadFA | DTFA |  PLR-FB | D-FB | ThrFB | LoadFB | DTFB | 
   1 |  7,12 | 299,173 | 754,52 | 812,41 | 758,99 |  0,00 | 1,409 | 44,35 | 44,35 |  0,00 | 14,366 | 372,98 | 372,98 | 15,75 | 1134,009 | 309,56 | 367,44 |  0,00 | 139,658 | 27,63 | 27,63 | 307,346 |   NaN | NaN | 0,00 | 0,00 | NaN
   2 |  6,73 | 285,697 | 754,15 | 808,57 | 758,42 |  0,00 | 1,421 | 44,35 | 44,35 |  0,00 | 5,045 | 371,06 | 371,06 | 14,89 | 1074,317 | 311,11 | 365,53 |  0,00 | 409,749 | 27,63 | 27,63 | 1253,121 |   NaN | NaN | 0,00 | 0,00 | NaN
   3 |  6,02 | 273,929 | 754,91 | 803,25 | 759,18 |  0,00 | 1,358 | 44,35 | 44,35 |  0,00 | 5,507 | 364,96 | 364,96 | 13,20 | 1008,647 | 317,96 | 366,30 |  0,00 | 383,516 | 27,63 | 27,63 | 1169,001 |   NaN | NaN | 0,00 | 0,00 | NaN
   4 |  7,04 | 296,090 | 754,86 | 812,07 | 759,35 |  0,00 | 1,363 | 44,35 | 44,35 |  0,00 | 15,614 | 371,95 | 371,95 | 15,54 | 1116,132 | 310,93 | 368,14 |  0,00 | 139,100 | 27,63 | 27,63 | 298,379 |   NaN | NaN | 0,00 | 0,00 | NaN
   5 |  5,90 | 271,185 | 754,50 | 801,78 | 758,76 |  0,00 | 1,389 | 44,35 | 44,35 |  0,00 | 2,564 | 365,80 | 365,80 | 12,99 | 989,958 | 316,72 | 364,00 |  0,00 | 709,483 | 27,63 | 27,63 | 2152,480 |   NaN | NaN | 0,00 | 0,00 | NaN
   6 |  6,66 | 289,293 | 754,25 | 808,08 | 758,49 |  0,00 | 1,337 | 44,35 | 44,35 |  0,00 | 4,063 | 369,28 | 369,28 | 14,68 | 1080,308 | 312,99 | 366,82 |  0,00 | 471,601 | 27,63 | 27,63 | 1438,559 |   NaN | NaN | 0,00 | 0,00 | NaN
   7 |  6,48 | 292,457 | 754,96 | 807,26 | 759,37 |  0,00 | 1,356 | 44,35 | 44,35 |  0,00 | 13,932 | 367,26 | 367,26 | 14,21 | 1086,323 | 315,72 | 368,02 |  0,00 | 168,246 | 27,63 | 27,63 | 433,546 |   NaN | NaN | 0,00 | 0,00 | NaN
   8 |  7,10 | 296,419 | 754,50 | 812,16 | 758,77 |  0,00 | 1,406 | 44,35 | 44,35 |  0,00 | 3,910 | 369,16 | 369,16 | 15,54 | 1106,175 | 313,36 | 371,02 |  0,00 | 478,523 | 27,63 | 27,63 | 1459,308 |   NaN | NaN | 0,00 | 0,00 | NaN
   9 |  6,66 | 289,092 | 754,24 | 808,04 | 758,58 |  0,00 | 1,345 | 44,35 | 44,35 |  0,00 | 10,400 | 367,30 | 367,30 | 14,59 | 1076,230 | 314,95 | 368,75 |  0,00 | 238,037 | 27,63 | 27,63 | 694,769 |   NaN | NaN | 0,00 | 0,00 | NaN
  10 |  6,52 | 287,094 | 754,82 | 807,44 | 759,29 |  0,00 | 1,406 | 44,35 | 44,35 |  0,00 | 14,064 | 369,43 | 369,43 | 14,38 | 1074,569 | 313,40 | 366,02 |  0,00 | 139,439 | 27,63 | 27,63 | 303,357 |   NaN | NaN | 0,00 | 0,00 | NaN
  11 |  6,58 | 279,388 | 754,20 | 807,29 | 758,46 |  0,00 | 1,346 | 44,35 | 44,35 |  0,00 | 1,610 | 366,83 | 366,83 | 14,41 | 1006,810 | 315,39 | 368,49 |  0,00 | 1132,779 | 27,63 | 27,63 | 3421,995 |   NaN | NaN | 0,00 | 0,00 | NaN
  12 |  6,52 | 287,602 | 754,97 | 807,62 | 759,23 |  0,00 | 1,408 | 44,35 | 44,35 |  0,00 | 3,114 | 366,85 | 366,85 | 14,28 | 1061,150 | 316,13 | 368,79 |  0,00 | 549,885 | 27,63 | 27,63 | 1673,644 |   NaN | NaN | 0,00 | 0,00 | NaN
  13 |  5,48 | 278,471 | 754,19 | 797,92 | 758,44 |  0,00 | 1,373 | 44,35 | 44,35 |  0,00 | 3,650 | 365,06 | 365,06 | 12,12 | 1028,524 | 317,15 | 360,88 |  0,00 | 408,279 | 27,63 | 27,63 | 1248,840 |   NaN | NaN | 0,00 | 0,00 | NaN
  14 |  7,21 | 288,096 | 754,17 | 812,81 | 758,45 |  0,00 | 1,414 | 44,35 | 44,35 |  0,00 | 1,772 | 369,99 | 369,99 | 15,81 | 1068,602 | 312,20 | 370,84 |  0,00 | 730,408 | 27,63 | 27,63 | 2215,096 |   NaN | NaN | 0,00 | 0,00 | NaN
  15 |  6,53 | 288,008 | 753,84 | 806,52 | 758,26 |  0,00 | 1,408 | 44,35 | 44,35 |  0,00 | 14,641 | 362,78 | 362,78 | 14,17 | 1056,552 | 319,08 | 371,76 |  0,00 | 165,676 | 27,63 | 27,63 | 419,692 |   NaN | NaN | 0,00 | 0,00 | NaN
  16 |  7,52 | 300,978 | 754,06 | 815,37 | 758,38 |  0,00 | 1,400 | 44,35 | 44,35 |  0,00 | 8,681 | 370,20 | 370,20 | 16,43 | 1131,028 | 311,88 | 373,20 |  0,00 | 295,454 | 27,63 | 27,63 | 882,773 |   NaN | NaN | 0,00 | 0,00 | NaN
  17 |  6,67 | 292,482 | 754,25 | 808,19 | 758,58 |  0,00 | 1,412 | 44,35 | 44,35 |  0,00 | 7,430 | 369,61 | 369,61 | 14,71 | 1097,504 | 312,66 | 366,60 |  0,00 | 305,496 | 27,63 | 27,63 | 918,289 |   NaN | NaN | 0,00 | 0,00 | NaN
  18 |  6,27 | 282,781 | 754,53 | 805,01 | 758,79 |  0,00 | 1,389 | 44,35 | 44,35 |  0,00 | 1,758 | 367,29 | 367,29 | 13,80 | 1012,006 | 315,26 | 365,74 |  0,00 | 1304,111 | 27,63 | 27,63 | 3936,072 |   NaN | NaN | 0,00 | 0,00 | NaN
  19 |  5,62 | 277,602 | 755,24 | 800,22 | 759,50 |  0,00 | 1,380 | 44,35 | 44,35 |  0,00 | 2,156 | 362,33 | 362,33 | 12,29 | 991,060 | 320,93 | 365,91 |  0,00 | 953,662 | 27,63 | 27,63 | 2884,766 |   NaN | NaN | 0,00 | 0,00 | NaN
  20 |  5,53 | 270,955 | 754,53 | 798,73 | 758,78 |  0,00 | 1,376 | 44,35 | 44,35 |  0,00 | 2,212 | 366,73 | 366,73 | 12,28 | 970,612 | 315,82 | 360,02 |  0,00 | 1184,927 | 27,63 | 27,63 | 3578,608 |   NaN | NaN | 0,00 | 0,00 | NaN
  21 |  5,35 | 278,408 | 754,39 | 796,99 | 758,85 |  0,00 | 1,380 | 44,35 | 44,35 |  0,00 | 12,597 | 363,90 | 363,90 | 11,80 | 1026,288 | 318,50 | 361,11 |  0,00 | 144,327 | 27,63 | 27,63 | 335,689 |   NaN | NaN | 0,00 | 0,00 | NaN
  22 |  7,01 | 289,725 | 754,21 | 811,06 | 758,49 |  0,00 | 1,419 | 44,35 | 44,35 |  0,00 | 2,099 | 373,50 | 373,50 | 15,55 | 1086,270 | 308,73 | 365,58 |  0,00 | 739,116 | 27,63 | 27,63 | 2241,088 |   NaN | NaN | 0,00 | 0,00 | NaN
  23 |  6,76 | 283,392 | 755,08 | 809,84 | 759,34 |  0,00 | 1,401 | 44,35 | 44,35 |  0,00 | 1,946 | 369,29 | 369,29 | 14,86 | 1027,600 | 313,80 | 368,56 |  0,00 | 1127,277 | 27,63 | 27,63 | 3405,323 |   NaN | NaN | 0,00 | 0,00 | NaN
  24 |  7,29 | 291,304 | 755,02 | 814,36 | 759,27 |  0,00 | 1,362 | 44,35 | 44,35 |  0,00 | 3,343 | 370,44 | 370,44 | 15,96 | 1093,128 | 312,59 | 371,94 |  0,00 | 423,873 | 27,63 | 27,63 | 1295,434 |   NaN | NaN | 0,00 | 0,00 | NaN
  25 |  6,87 | 298,872 | 754,52 | 810,18 | 758,93 |  0,00 | 1,420 | 44,35 | 44,35 |  0,00 | 10,199 | 364,96 | 364,96 | 14,91 | 1107,440 | 317,58 | 373,24 |  0,00 | 179,013 | 27,63 | 27,63 | 491,149 |   NaN | NaN | 0,00 | 0,00 | NaN
  26 |  6,17 | 287,002 | 754,95 | 804,59 | 759,42 |  0,00 | 1,416 | 44,35 | 44,35 |  0,00 | 13,527 | 367,49 | 367,49 | 13,60 | 1067,401 | 315,47 | 365,12 |  0,00 | 155,638 | 27,63 | 27,63 | 379,999 |   NaN | NaN | 0,00 | 0,00 | NaN
  27 |  6,13 | 276,383 | 754,05 | 803,30 | 758,30 |  0,00 | 1,343 | 44,35 | 44,35 |  0,00 | 1,699 | 368,13 | 368,13 | 13,56 | 994,300 | 313,94 | 363,18 |  0,00 | 1244,452 | 27,63 | 27,63 | 3757,057 |   NaN | NaN | 0,00 | 0,00 | NaN
  28 |  5,73 | 278,835 | 754,57 | 800,46 | 758,83 |  0,00 | 1,409 | 44,35 | 44,35 |  0,00 | 2,011 | 366,23 | 366,23 | 12,67 | 1004,048 | 316,36 | 362,25 |  0,00 | 1072,973 | 27,63 | 27,63 | 3242,655 |   NaN | NaN | 0,00 | 0,00 | NaN
  29 |  6,57 | 280,592 | 754,50 | 807,57 | 758,77 |  0,00 | 1,388 | 44,35 | 44,35 |  0,00 | 1,816 | 366,10 | 366,10 | 14,36 | 1005,955 | 316,41 | 369,48 |  0,00 | 1169,173 | 27,63 | 27,63 | 3531,355 |   NaN | NaN | 0,00 | 0,00 | NaN
  30 |  6,31 | 276,448 | 753,96 | 804,71 | 758,24 |  0,00 | 1,419 | 44,35 | 44,35 |  0,00 | 1,685 | 365,59 | 365,59 | 13,82 | 985,063 | 316,38 | 367,14 |  0,00 | 1282,717 | 27,63 | 27,63 | 3872,050 |   NaN | NaN | 0,00 | 0,00 | NaN
  31 |  6,20 | 281,488 | 755,14 | 805,05 | 759,39 |  0,00 | 1,386 | 44,35 | 44,35 |  0,00 | 1,697 | 367,71 | 367,71 | 13,66 | 1018,837 | 315,44 | 365,36 |  0,00 | 1048,349 | 27,63 | 27,63 | 3168,788 |   NaN | NaN | 0,00 | 0,00 | NaN
  32 |  6,74 | 286,271 | 755,37 | 809,95 | 759,62 |  0,00 | 1,342 | 44,35 | 44,35 |  0,00 | 2,109 | 367,86 | 367,86 | 14,75 | 1029,378 | 315,53 | 370,11 |  0,00 | 1207,301 | 27,63 | 27,63 | 3645,989 |   NaN | NaN | 0,00 | 0,00 | NaN
  33 |  6,08 | 277,786 | 754,69 | 803,57 | 758,95 |  0,00 | 1,407 | 44,35 | 44,35 |  0,00 | 1,974 | 364,86 | 364,86 | 13,33 | 988,850 | 317,85 | 366,72 |  0,00 | 1213,477 | 27,63 | 27,63 | 3664,322 |   NaN | NaN | 0,00 | 0,00 | NaN
  34 |  6,36 | 281,854 | 755,09 | 806,40 | 759,35 |  0,00 | 1,399 | 44,35 | 44,35 |  0,00 | 1,738 | 366,72 | 366,72 | 13,95 | 1000,569 | 316,39 | 367,70 |  0,00 | 1407,883 | 27,63 | 27,63 | 4247,494 |   NaN | NaN | 0,00 | 0,00 | NaN
  35 |  6,89 | 285,603 | 755,11 | 810,98 | 759,37 |  0,00 | 1,348 | 44,35 | 44,35 |  0,00 | 1,491 | 369,77 | 369,77 | 15,13 | 1026,611 | 313,36 | 369,23 |  0,00 | 1370,902 | 27,63 | 27,63 | 4136,253 |   NaN | NaN | 0,00 | 0,00 | NaN
  36 |  6,14 | 276,529 | 754,99 | 804,40 | 759,25 |  0,00 | 1,401 | 44,35 | 44,35 |  0,00 | 1,598 | 364,54 | 364,54 | 13,43 | 977,226 | 318,48 | 367,88 |  0,00 | 1333,767 | 27,63 | 27,63 | 4025,355 |   NaN | NaN | 0,00 | 0,00 | NaN
  37 |  7,05 | 285,650 | 755,18 | 812,48 | 759,44 |  0,00 | 1,384 | 44,35 | 44,35 |  0,00 | 1,913 | 372,25 | 372,25 | 15,56 | 1040,181 | 310,95 | 368,25 |  0,00 | 1246,410 | 27,63 | 27,63 | 3763,105 |   NaN | NaN | 0,00 | 0,00 | NaN
  38 |  7,28 | 289,091 | 754,75 | 814,04 | 759,00 |  0,00 | 1,375 | 44,35 | 44,35 |  0,00 | 1,835 | 370,88 | 370,88 | 15,97 | 1047,866 | 311,88 | 371,18 |  0,00 | 1293,075 | 27,63 | 27,63 | 3903,187 |   NaN | NaN | 0,00 | 0,00 | NaN
  39 |  5,60 | 273,413 | 754,72 | 799,53 | 759,00 |  0,00 | 1,419 | 44,35 | 44,35 |  0,00 | 2,197 | 365,99 | 365,99 | 12,39 | 975,228 | 316,75 | 361,56 |  0,00 | 1219,344 | 27,63 | 27,63 | 3681,728 |   NaN | NaN | 0,00 | 0,00 | NaN
  40 |  5,46 | 267,069 | 753,41 | 796,88 | 757,69 |  0,00 | 1,418 | 44,35 | 44,35 |  0,00 | 1,918 | 365,60 | 365,60 | 12,10 | 950,539 | 315,83 | 359,30 |  0,00 | 1277,305 | 27,63 | 27,63 | 3855,739 |   NaN | NaN | 0,00 | 0,00 | NaN
  41 |  7,12 | 282,923 | 754,47 | 812,28 | 758,73 |  0,00 | 1,402 | 44,35 | 44,35 |  0,00 | 1,823 | 367,51 | 367,51 | 15,51 | 1021,238 | 314,97 | 372,78 |  0,00 | 1126,023 | 27,63 | 27,63 | 3402,120 |   NaN | NaN | 0,00 | 0,00 | NaN
  42 |  6,77 | 285,051 | 754,26 | 809,07 | 758,51 |  0,00 | 1,347 | 44,35 | 44,35 |  0,00 | 1,914 | 367,71 | 367,71 | 14,84 | 1025,977 | 314,57 | 369,37 |  0,00 | 1224,774 | 27,63 | 27,63 | 3698,095 |   NaN | NaN | 0,00 | 0,00 | NaN
  43 |  7,30 | 287,297 | 754,60 | 814,06 | 758,87 |  0,00 | 1,426 | 44,35 | 44,35 |  0,00 | 2,110 | 372,44 | 372,44 | 16,09 | 1048,338 | 310,17 | 369,64 |  0,00 | 1239,160 | 27,63 | 27,63 | 3741,263 |   NaN | NaN | 0,00 | 0,00 | NaN
  44 |  6,83 | 289,818 | 754,41 | 809,71 | 758,65 |  0,00 | 1,338 | 44,35 | 44,35 |  0,00 | 1,745 | 368,48 | 368,48 | 14,98 | 1050,291 | 313,95 | 369,25 |  0,00 | 1144,129 | 27,63 | 27,63 | 3456,117 |   NaN | NaN | 0,00 | 0,00 | NaN
  45 |  6,71 | 283,912 | 754,76 | 809,01 | 759,04 |  0,00 | 1,422 | 44,35 | 44,35 |  0,00 | 2,049 | 371,26 | 371,26 | 14,83 | 1036,546 | 311,52 | 365,76 |  0,00 | 1123,751 | 27,63 | 27,63 | 3394,723 |   NaN | NaN | 0,00 | 0,00 | NaN
  46 |  6,58 | 276,010 | 754,37 | 807,52 | 758,63 |  0,00 | 1,361 | 44,35 | 44,35 |  0,00 | 1,784 | 367,01 | 367,01 | 14,42 | 991,931 | 315,38 | 368,53 |  0,00 | 1170,172 | 27,63 | 27,63 | 3534,424 |   NaN | NaN | 0,00 | 0,00 | NaN
  47 |  6,61 | 283,103 | 754,68 | 808,11 | 758,94 |  0,00 | 1,359 | 44,35 | 44,35 |  0,00 | 2,040 | 370,72 | 370,72 | 14,62 | 1033,538 | 311,98 | 365,41 |  0,00 | 1095,960 | 27,63 | 27,63 | 3311,695 |   NaN | NaN | 0,00 | 0,00 | NaN
  48 |  6,34 | 275,724 | 753,64 | 804,66 | 757,89 |  0,00 | 1,389 | 44,35 | 44,35 |  0,00 | 1,997 | 366,89 | 366,89 | 13,95 | 995,600 | 314,76 | 365,78 |  0,00 | 1087,262 | 27,63 | 27,63 | 3285,525 |   NaN | NaN | 0,00 | 0,00 | NaN
  49 |  6,39 | 282,045 | 753,81 | 805,30 | 758,07 |  0,00 | 1,401 | 44,35 | 44,35 |  0,00 | 2,188 | 367,76 | 367,76 | 14,09 | 1024,834 | 314,06 | 365,56 |  0,00 | 1025,851 | 27,63 | 27,63 | 3101,196 |   NaN | NaN | 0,00 | 0,00 | NaN
  50 |  6,74 | 280,863 | 754,99 | 809,51 | 759,25 |  0,00 | 1,355 | 44,35 | 44,35 |  0,00 | 2,128 | 371,52 | 371,52 | 14,90 | 1022,838 | 311,48 | 366,00 |  0,00 | 1171,599 | 27,63 | 27,63 | 3538,805 |   NaN | NaN | 0,00 | 0,00 | NaN
  51 |  6,73 | 285,284 | 754,21 | 808,59 | 758,47 |  0,00 | 1,353 | 44,35 | 44,35 |  0,00 | 1,581 | 367,22 | 367,22 | 14,72 | 1029,989 | 315,01 | 369,39 |  0,00 | 1132,697 | 27,63 | 27,63 | 3421,649 |   NaN | NaN | 0,00 | 0,00 | NaN
  52 |  5,99 | 274,794 | 753,62 | 801,64 | 757,87 |  0,00 | 1,380 | 44,35 | 44,35 |  0,00 | 2,310 | 362,29 | 362,29 | 13,07 | 976,126 | 319,35 | 367,38 |  0,00 | 1118,211 | 27,63 | 27,63 | 3378,236 |   NaN | NaN | 0,00 | 0,00 | NaN
  53 |  6,81 | 287,723 | 754,83 | 809,96 | 759,09 |  0,00 | 1,367 | 44,35 | 44,35 |  0,00 | 1,925 | 369,50 | 369,50 | 14,96 | 1043,674 | 313,35 | 368,47 |  0,00 | 1163,345 | 27,63 | 27,63 | 3514,086 |   NaN | NaN | 0,00 | 0,00 | NaN
  54 |  6,00 | 278,375 | 755,13 | 803,36 | 759,38 |  0,00 | 1,370 | 44,35 | 44,35 |  0,00 | 1,866 | 367,96 | 367,96 | 13,27 | 1005,853 | 315,19 | 363,42 |  0,00 | 1094,090 | 27,63 | 27,63 | 3305,964 |   NaN | NaN | 0,00 | 0,00 | NaN
  55 |  6,41 | 282,756 | 755,02 | 806,69 | 759,28 |  0,00 | 1,355 | 44,35 | 44,35 |  0,00 | 1,701 | 366,60 | 366,60 | 14,04 | 1011,025 | 316,44 | 368,11 |  0,00 | 1257,473 | 27,63 | 27,63 | 3796,332 |   NaN | NaN | 0,00 | 0,00 | NaN
  56 |  6,09 | 285,315 | 754,84 | 803,80 | 759,11 |  0,00 | 1,360 | 44,35 | 44,35 |  0,00 | 1,786 | 364,65 | 364,65 | 13,33 | 1023,292 | 318,21 | 367,17 |  0,00 | 1068,673 | 27,63 | 27,63 | 3229,810 |   NaN | NaN | 0,00 | 0,00 | NaN
  57 |  6,65 | 270,453 | 754,84 | 808,57 | 759,10 |  0,00 | 1,357 | 44,35 | 44,35 |  0,00 | 1,773 | 367,57 | 367,57 | 14,56 | 975,464 | 315,28 | 369,02 |  0,00 | 1085,016 | 27,63 | 27,63 | 3278,590 |   NaN | NaN | 0,00 | 0,00 | NaN
  58 |  6,42 | 283,393 | 754,94 | 806,73 | 759,21 |  0,00 | 1,386 | 44,35 | 44,35 |  0,00 | 1,859 | 366,13 | 366,13 | 14,05 | 1018,296 | 316,83 | 368,62 |  0,00 | 1115,842 | 27,63 | 27,63 | 3371,072 |   NaN | NaN | 0,00 | 0,00 | NaN
  59 |  7,11 | 284,196 | 754,23 | 811,93 | 758,49 |  0,00 | 1,405 | 44,35 | 44,35 |  0,00 | 1,806 | 368,47 | 368,47 | 15,53 | 1020,251 | 313,78 | 371,48 |  0,00 | 1335,272 | 27,63 | 27,63 | 4029,245 |   NaN | NaN | 0,00 | 0,00 | NaN
  60 |  6,41 | 285,097 | 754,07 | 805,74 | 758,33 |  0,00 | 1,340 | 44,35 | 44,35 |  0,00 | 1,845 | 367,16 | 367,16 | 14,09 | 1032,033 | 314,93 | 366,59 |  0,00 | 1077,001 | 27,63 | 27,63 | 3254,649 |   NaN | NaN | 0,00 | 0,00 | NaN
  61 |  6,79 | 279,508 | 755,03 | 810,06 | 759,29 |  0,00 | 1,363 | 44,35 | 44,35 |  0,00 | 1,922 | 368,19 | 368,19 | 14,88 | 1006,371 | 314,86 | 369,89 |  0,00 | 1186,073 | 27,63 | 27,63 | 3582,042 |   NaN | NaN | 0,00 | 0,00 | NaN
  62 |  6,81 | 284,870 | 754,57 | 809,71 | 758,86 |  0,00 | 1,424 | 44,35 | 44,35 |  0,00 | 1,618 | 368,95 | 368,95 | 14,95 | 1036,902 | 313,64 | 368,78 |  0,00 | 1058,161 | 27,63 | 27,63 | 3198,129 |   NaN | NaN | 0,00 | 0,00 | NaN
  63 |  6,70 | 278,807 | 754,05 | 808,16 | 758,31 |  0,00 | 1,379 | 44,35 | 44,35 |  0,00 | 1,708 | 368,31 | 368,31 | 14,71 | 1003,161 | 313,76 | 367,87 |  0,00 | 1258,696 | 27,63 | 27,63 | 3799,750 |   NaN | NaN | 0,00 | 0,00 | NaN
  64 |  5,93 | 276,799 | 755,16 | 802,76 | 759,44 |  0,00 | 1,423 | 44,35 | 44,35 |  0,00 | 1,782 | 363,33 | 363,33 | 12,95 | 982,163 | 319,85 | 367,45 |  0,00 | 1156,725 | 27,63 | 27,63 | 3493,778 |   NaN | NaN | 0,00 | 0,00 | NaN

= = = = = = = = = = = = AVERAGE RESULTS system = = = = = = = = = = = =
meanPLR_system | 6,506256 
meanDelay_system | 283,384773 
meanLoad_system | 807,094494 
meanTHR_system | 754,561214 
meanGate_system | 758,849983 

meanPLR_EF_system | 0,000000 
meanPLR_AF_system | 0,000000 
meanPLR_BE_system | 14,293345 
meanPLR_FLA_system | 0,000000 
meanPLR_FLB_system | NaN 

meanTHR_EF_system | 44,352002 
meanTHR_AF_system | 367,754195 
meanTHR_BE_system | 314,824164 
meanTHR_FLA_system | 28,023669 
meanTHR_FLB_system | 0,000000 

meanLoad_EF_system | 44,352002 
meanLoad_AF_system | 367,754195 
meanLoad_BE_system | 367,357443 
meanLoad_FLA_system | 28,023669 
meanLoad_FLB_system | 0,000000 

meanDELAY_EF_system | 1,384327 
meanDELAY_AF_system | 3,924067 
meanDELAY_BE_system | 1031,859765 
meanDELAY_FLA_system | 905,943011 
meanDELAY_FLB_system | NaN 
meanDELAY_CompleteFLA_system | 2725,792084 
meanDELAY_CompleteFLB_system | NaN 

= = = = = = = = = = = = AVERAGE RESULTS = = = = = = = = = = = =
Packet Loss Ratio: 06,51 (%)
PROCESSED PACKAGES: 2585402218 
DISCARTED PACKAGES: 112172886 
TOTAL PACKAGES: 2697575104 
AVERAGE DELAY: 53489,38 (ms) 
AVERAGE THROUGHPUT: 754,56 (Mbps) 
GRANTED THROUGHPUT: 48566,40 (Mbps) By 64 ONUs
EFFECTIVE THROUGHPUT: 48291,92 (Mbps) By 64 ONUs
TOTAL LOAD: 51654,05 (Mbps) By 64 ONUs
ON Arrival THROUGHPUT: 0,00 (Mbps) By 64 ONUs
FINISHTIMEFL: 211,021619 
FINISHTIME: 214,021619 


fileName | IPACT_LBVARIBLETOKENSBYCYCLE_5_28_98_0 
