
ONU ID 	|  PLR(%) | Delay(ms) | Throughput(Mbps) | Granted Throughput(Mbps) | Total Load (Mbps) 

  ID |  PLR(%) |  D  | Thr |  Gates  |  Load  | PLR-EF | D-EF | ThrEF | LoadEF | PLR-AF | D-AF | ThrAF | LoadAF | PLR-BE | D-BE | ThrBE | LoadBE | PLR-FA | D-FA | ThrFA | LoadFA | DTFA |  PLR-FB | D-FB | ThrFB | LoadFB | DTFB | 
   1 |  0,00 | 4,772 | 674,80 | 674,80 | 694,51 |  0,00 | 0,658 | 44,35 | 44,35 |  0,00 | 3,625 | 249,05 | 249,05 |  0,00 | 4,216 | 240,28 | 240,28 |  0,00 | 38,084 | 141,12 | 141,12 | 89,221 |   NaN | NaN | 0,00 | 0,00 | NaN
   2 |  0,00 | 18,915 | 675,32 | 675,32 | 697,32 |  0,00 | 0,669 | 44,35 | 44,35 |  0,00 | 18,794 | 244,99 | 244,99 |  0,00 | 30,335 | 244,86 | 244,86 |  0,00 | 104,845 | 141,12 | 141,12 | 236,761 |   NaN | NaN | 0,00 | 0,00 | NaN
   3 |  0,00 | 17,518 | 677,53 | 677,53 | 695,79 |  0,00 | 0,606 | 44,35 | 44,35 |  0,00 | 17,956 | 247,50 | 247,50 |  0,00 | 26,439 | 244,56 | 244,56 |  0,00 | 100,839 | 141,12 | 141,12 | 221,885 |   NaN | NaN | 0,00 | 0,00 | NaN
   4 |  0,00 | 3,456 | 678,33 | 678,33 | 696,62 |  0,00 | 0,612 | 44,35 | 44,35 |  0,00 | 2,366 | 250,59 | 250,59 |  0,00 | 2,719 | 242,27 | 242,27 |  0,00 | 28,641 | 141,12 | 141,12 | 68,978 |   NaN | NaN | 0,00 | 0,00 | NaN
   5 |  0,00 | 26,373 | 669,81 | 669,81 | 688,11 |  0,00 | 0,637 | 44,35 | 44,35 |  0,00 | 21,237 | 242,92 | 242,92 |  0,00 | 53,390 | 241,42 | 241,42 |  0,00 | 129,256 | 141,12 | 141,12 | 357,422 |   NaN | NaN | 0,00 | 0,00 | NaN
   6 |  0,00 | 21,526 | 677,06 | 677,06 | 695,03 |  0,00 | 0,586 | 44,35 | 44,35 |  0,00 | 21,878 | 247,32 | 247,32 |  0,00 | 36,743 | 244,27 | 244,27 |  0,00 | 111,758 | 141,12 | 141,12 | 267,740 |   NaN | NaN | 0,00 | 0,00 | NaN
   7 |  0,00 | 7,661 | 672,79 | 672,79 | 691,00 |  0,00 | 0,604 | 44,35 | 44,35 |  0,00 | 6,345 | 246,09 | 246,09 |  0,00 | 8,900 | 241,23 | 241,23 |  0,00 | 55,520 | 141,12 | 141,12 | 121,867 |   NaN | NaN | 0,00 | 0,00 | NaN
   8 |  0,00 | 19,795 | 676,66 | 676,66 | 696,21 |  0,00 | 0,654 | 44,35 | 44,35 |  0,00 | 20,588 | 243,23 | 243,23 |  0,00 | 31,507 | 247,96 | 247,96 |  0,00 | 107,342 | 141,12 | 141,12 | 244,465 |   NaN | NaN | 0,00 | 0,00 | NaN
   9 |  0,00 | 11,532 | 677,15 | 677,15 | 695,38 |  0,00 | 0,594 | 44,35 | 44,35 |  0,00 | 11,372 | 246,58 | 246,58 |  0,00 | 14,566 | 245,09 | 245,09 |  0,00 | 75,794 | 141,12 | 141,12 | 161,504 |   NaN | NaN | 0,00 | 0,00 | NaN
  10 |  0,00 | 4,562 | 670,33 | 670,33 | 689,85 |  0,00 | 0,655 | 44,35 | 44,35 |  0,00 | 3,328 | 243,95 | 243,95 |  0,00 | 4,044 | 240,91 | 240,91 |  0,00 | 36,558 | 141,12 | 141,12 | 85,770 |   NaN | NaN | 0,00 | 0,00 | NaN
  11 |  0,00 | 24,969 | 668,32 | 668,32 | 686,25 |  0,00 | 0,594 | 44,35 | 44,35 |  0,00 | 4,361 | 238,06 | 238,06 |  0,00 | 48,233 | 244,80 | 244,80 |  0,00 | 178,607 | 141,12 | 141,12 | 565,720 |   NaN | NaN | 0,00 | 0,00 | NaN
  12 |  0,00 | 22,170 | 675,82 | 675,82 | 695,58 |  0,00 | 0,657 | 44,35 | 44,35 |  0,00 | 22,451 | 245,16 | 245,16 |  0,00 | 38,292 | 245,19 | 245,19 |  0,00 | 113,331 | 141,12 | 141,12 | 272,685 |   NaN | NaN | 0,00 | 0,00 | NaN
  13 |  0,00 | 19,136 | 670,90 | 670,90 | 689,18 |  0,00 | 0,621 | 44,35 | 44,35 |  0,00 | 19,916 | 241,95 | 241,95 |  0,00 | 30,303 | 243,48 | 243,48 |  0,00 | 105,001 | 141,12 | 141,12 | 238,673 |   NaN | NaN | 0,00 | 0,00 | NaN
  14 |  0,00 | 25,041 | 676,12 | 676,12 | 696,47 |  0,00 | 0,662 | 44,35 | 44,35 |  0,00 | 21,962 | 245,39 | 245,39 |  0,00 | 47,525 | 245,26 | 245,26 |  0,00 | 125,711 | 141,12 | 141,12 | 343,478 |   NaN | NaN | 0,00 | 0,00 | NaN
  15 |  0,00 | 7,914 | 670,42 | 670,42 | 690,26 |  0,00 | 0,657 | 44,35 | 44,35 |  0,00 | 6,793 | 239,71 | 239,71 |  0,00 | 8,970 | 245,24 | 245,24 |  0,00 | 56,917 | 141,12 | 141,12 | 124,713 |   NaN | NaN | 0,00 | 0,00 | NaN
  16 |  0,00 | 14,677 | 677,03 | 677,03 | 695,95 |  0,00 | 0,648 | 44,35 | 44,35 |  0,00 | 14,384 | 243,00 | 243,00 |  0,00 | 21,120 | 248,56 | 248,56 |  0,00 | 88,721 | 141,12 | 141,12 | 185,831 |   NaN | NaN | 0,00 | 0,00 | NaN
  17 |  0,00 | 14,116 | 673,96 | 673,96 | 694,40 |  0,00 | 0,661 | 44,35 | 44,35 |  0,00 | 13,933 | 243,18 | 243,18 |  0,00 | 20,523 | 245,30 | 245,30 |  0,00 | 84,345 | 141,12 | 141,12 | 178,352 |   NaN | NaN | 0,00 | 0,00 | NaN
  18 |  0,00 | 10,619 | 671,21 | 671,21 | 689,38 |  0,00 | 0,637 | 44,35 | 44,35 |  0,00 | 0,675 | 241,92 | 241,92 |  0,00 | 5,487 | 243,82 | 243,82 |  0,00 | 126,684 | 141,12 | 141,12 | 532,464 |   NaN | NaN | 0,00 | 0,00 | NaN
  19 |  0,00 | 27,113 | 667,98 | 667,98 | 685,95 |  0,00 | 0,628 | 44,35 | 44,35 |  0,00 | 11,412 | 239,35 | 239,35 |  0,00 | 57,406 | 243,16 | 243,16 |  0,00 | 157,297 | 141,12 | 141,12 | 473,931 |   NaN | NaN | 0,00 | 0,00 | NaN
  20 |  0,00 | 22,769 | 670,88 | 670,88 | 688,86 |  0,00 | 0,624 | 44,35 | 44,35 |  0,00 | 2,507 | 244,93 | 244,93 |  0,00 | 40,397 | 240,48 | 240,48 |  0,00 | 181,607 | 141,12 | 141,12 | 587,682 |   NaN | NaN | 0,00 | 0,00 | NaN
  21 |  0,00 | 6,038 | 666,69 | 666,69 | 684,76 |  0,00 | 0,629 | 44,35 | 44,35 |  0,00 | 4,882 | 242,04 | 242,04 |  0,00 | 6,146 | 239,18 | 239,18 |  0,00 | 45,854 | 141,12 | 141,12 | 105,732 |   NaN | NaN | 0,00 | 0,00 | NaN
  22 |  0,00 | 26,581 | 674,93 | 674,93 | 696,17 |  0,00 | 0,667 | 44,35 | 44,35 |  0,00 | 20,205 | 248,33 | 248,33 |  0,00 | 53,599 | 241,13 | 241,13 |  0,00 | 135,277 | 141,12 | 141,12 | 384,909 |   NaN | NaN | 0,00 | 0,00 | NaN
  23 |  0,00 | 27,809 | 676,20 | 676,20 | 694,93 |  0,00 | 0,649 | 44,35 | 44,35 |  0,00 | 8,409 | 245,34 | 245,34 |  0,00 | 57,534 | 245,39 | 245,39 |  0,00 | 176,862 | 141,12 | 141,12 | 538,578 |   NaN | NaN | 0,00 | 0,00 | NaN
  24 |  0,00 | 19,183 | 673,40 | 673,40 | 691,67 |  0,00 | 0,611 | 44,35 | 44,35 |  0,00 | 19,607 | 244,53 | 244,53 |  0,00 | 30,897 | 243,41 | 243,41 |  0,00 | 104,810 | 141,12 | 141,12 | 232,675 |   NaN | NaN | 0,00 | 0,00 | NaN
  25 |  0,00 | 8,863 | 678,29 | 678,29 | 700,19 |  0,00 | 0,668 | 44,35 | 44,35 |  0,00 | 7,769 | 241,78 | 241,78 |  0,00 | 10,611 | 251,05 | 251,05 |  0,00 | 61,722 | 141,12 | 141,12 | 135,105 |   NaN | NaN | 0,00 | 0,00 | NaN
  26 |  0,00 | 7,356 | 671,94 | 671,94 | 692,86 |  0,00 | 0,665 | 44,35 | 44,35 |  0,00 | 6,484 | 243,34 | 243,34 |  0,00 | 7,740 | 243,13 | 243,13 |  0,00 | 54,015 | 141,12 | 141,12 | 119,327 |   NaN | NaN | 0,00 | 0,00 | NaN
  27 |  0,00 | 9,647 | 669,09 | 669,09 | 686,94 |  0,00 | 0,591 | 44,35 | 44,35 |  0,00 | 0,599 | 241,55 | 241,55 |  0,00 | 3,917 | 242,07 | 242,07 |  0,00 | 118,347 | 141,12 | 141,12 | 521,976 |   NaN | NaN | 0,00 | 0,00 | NaN
  28 |  0,00 | 27,086 | 671,20 | 671,20 | 690,75 |  0,00 | 0,657 | 44,35 | 44,35 |  0,00 | 7,021 | 244,99 | 244,99 |  0,00 | 54,869 | 240,74 | 240,74 |  0,00 | 181,381 | 141,12 | 141,12 | 550,086 |   NaN | NaN | 0,00 | 0,00 | NaN
  29 |  0,00 | 26,001 | 674,44 | 674,44 | 692,56 |  0,00 | 0,636 | 44,35 | 44,35 |  0,00 | 4,100 | 246,08 | 246,08 |  0,00 | 51,364 | 242,90 | 242,90 |  0,00 | 186,524 | 141,12 | 141,12 | 577,561 |   NaN | NaN | 0,00 | 0,00 | NaN
  30 |  0,00 | 15,901 | 664,95 | 664,95 | 686,09 |  0,00 | 0,667 | 44,35 | 44,35 |  0,00 | 1,203 | 239,98 | 239,98 |  0,00 | 18,904 | 239,49 | 239,49 |  0,00 | 156,003 | 141,12 | 141,12 | 561,952 |   NaN | NaN | 0,00 | 0,00 | NaN
  31 |  0,00 | 28,589 | 671,94 | 671,94 | 690,01 |  0,00 | 0,634 | 44,35 | 44,35 |  0,00 | 7,693 | 243,76 | 243,76 |  0,00 | 60,842 | 242,70 | 242,70 |  0,00 | 180,398 | 141,12 | 141,12 | 546,699 |   NaN | NaN | 0,00 | 0,00 | NaN
  32 |  0,00 | 24,093 | 667,26 | 667,26 | 685,09 |  0,00 | 0,590 | 44,35 | 44,35 |  0,00 | 3,744 | 240,41 | 240,41 |  0,00 | 45,686 | 241,39 | 241,39 |  0,00 | 178,115 | 141,12 | 141,12 | 565,914 |   NaN | NaN | 0,00 | 0,00 | NaN
  33 |  0,00 | 20,023 | 668,21 | 668,21 | 687,53 |  0,00 | 0,655 | 44,35 | 44,35 |  0,00 | 1,919 | 239,86 | 239,86 |  0,00 | 31,620 | 242,88 | 242,88 |  0,00 | 170,827 | 141,12 | 141,12 | 571,430 |   NaN | NaN | 0,00 | 0,00 | NaN
  34 |  0,00 | 5,888 | 669,53 | 669,53 | 688,07 |  0,00 | 0,647 | 44,35 | 44,35 |  0,00 | 0,666 | 246,13 | 246,13 |  0,00 | 1,040 | 237,93 | 237,93 |  0,00 | 73,731 | 141,12 | 141,12 | 411,516 |   NaN | NaN | 0,00 | 0,00 | NaN
  35 |  0,00 | 3,343 | 676,87 | 676,87 | 694,75 |  0,00 | 0,597 | 44,35 | 44,35 |  0,00 | 0,602 | 245,83 | 245,83 |  0,00 | 0,817 | 245,57 | 245,57 |  0,00 | 39,127 | 141,12 | 141,12 | 260,522 |   NaN | NaN | 0,00 | 0,00 | NaN
  36 |  0,00 | 8,221 | 668,80 | 668,80 | 687,57 |  0,00 | 0,649 | 44,35 | 44,35 |  0,00 | 0,689 | 239,21 | 239,21 |  0,00 | 2,176 | 244,12 | 244,12 |  0,00 | 102,987 | 141,12 | 141,12 | 495,447 |   NaN | NaN | 0,00 | 0,00 | NaN
  37 |  0,00 | 24,967 | 675,33 | 675,33 | 693,34 |  0,00 | 0,632 | 44,35 | 44,35 |  0,00 | 5,149 | 247,25 | 247,25 |  0,00 | 48,295 | 242,62 | 242,62 |  0,00 | 178,737 | 141,12 | 141,12 | 567,193 |   NaN | NaN | 0,00 | 0,00 | NaN
  38 |  0,00 | 14,797 | 669,71 | 669,71 | 687,72 |  0,00 | 0,623 | 44,35 | 44,35 |  0,00 | 1,191 | 243,65 | 243,65 |  0,00 | 17,218 | 240,60 | 240,60 |  0,00 | 146,752 | 141,12 | 141,12 | 549,398 |   NaN | NaN | 0,00 | 0,00 | NaN
  39 |  0,00 | 21,579 | 666,38 | 666,38 | 687,56 |  0,00 | 0,667 | 44,35 | 44,35 |  0,00 | 2,095 | 240,86 | 240,86 |  0,00 | 35,636 | 240,05 | 240,05 |  0,00 | 180,014 | 141,12 | 141,12 | 590,791 |   NaN | NaN | 0,00 | 0,00 | NaN
  40 |  0,00 | 9,907 | 670,15 | 670,15 | 691,50 |  0,00 | 0,667 | 44,35 | 44,35 |  0,00 | 0,759 | 242,38 | 242,38 |  0,00 | 4,795 | 242,30 | 242,30 |  0,00 | 118,263 | 141,12 | 141,12 | 516,878 |   NaN | NaN | 0,00 | 0,00 | NaN
  41 |  0,00 | 28,699 | 678,83 | 678,83 | 697,57 |  0,00 | 0,649 | 44,35 | 44,35 |  0,00 | 7,890 | 245,67 | 245,67 |  0,00 | 61,751 | 247,69 | 247,69 |  0,00 | 176,528 | 141,12 | 141,12 | 542,775 |   NaN | NaN | 0,00 | 0,00 | NaN
  42 |  0,00 | 28,176 | 674,76 | 674,76 | 692,68 |  0,00 | 0,595 | 44,35 | 44,35 |  0,00 | 5,793 | 243,41 | 243,41 |  0,00 | 61,413 | 245,88 | 245,88 |  0,00 | 177,587 | 141,12 | 141,12 | 553,694 |   NaN | NaN | 0,00 | 0,00 | NaN
  43 |  0,00 | 20,358 | 673,19 | 673,19 | 693,89 |  0,00 | 0,674 | 44,35 | 44,35 |  0,00 | 2,165 | 243,23 | 243,23 |  0,00 | 32,524 | 244,49 | 244,49 |  0,00 | 172,308 | 141,12 | 141,12 | 571,075 |   NaN | NaN | 0,00 | 0,00 | NaN
  44 |  0,00 | 26,410 | 675,89 | 675,89 | 693,62 |  0,00 | 0,587 | 44,35 | 44,35 |  0,00 | 5,947 | 243,81 | 243,81 |  0,00 | 53,097 | 246,62 | 246,62 |  0,00 | 179,068 | 141,12 | 141,12 | 548,024 |   NaN | NaN | 0,00 | 0,00 | NaN
  45 |  0,00 | 27,069 | 675,58 | 675,58 | 697,39 |  0,00 | 0,670 | 44,35 | 44,35 |  0,00 | 5,797 | 248,51 | 248,51 |  0,00 | 54,640 | 241,59 | 241,59 |  0,00 | 186,484 | 141,12 | 141,12 | 575,072 |   NaN | NaN | 0,00 | 0,00 | NaN
  46 |  0,00 | 23,273 | 668,52 | 668,52 | 686,46 |  0,00 | 0,609 | 44,35 | 44,35 |  0,00 | 2,511 | 238,94 | 238,94 |  0,00 | 44,359 | 244,12 | 244,12 |  0,00 | 173,433 | 141,12 | 141,12 | 567,569 |   NaN | NaN | 0,00 | 0,00 | NaN
  47 |  0,00 | 26,949 | 667,22 | 667,22 | 685,19 |  0,00 | 0,607 | 44,35 | 44,35 |  0,00 | 8,706 | 242,66 | 242,66 |  0,00 | 55,110 | 239,09 | 239,09 |  0,00 | 173,537 | 141,12 | 141,12 | 528,582 |   NaN | NaN | 0,00 | 0,00 | NaN
  48 |  0,00 | 25,849 | 665,97 | 665,97 | 684,12 |  0,00 | 0,637 | 44,35 | 44,35 |  0,00 | 6,598 | 239,77 | 239,77 |  0,00 | 50,430 | 240,73 | 240,73 |  0,00 | 178,261 | 141,12 | 141,12 | 544,378 |   NaN | NaN | 0,00 | 0,00 | NaN
  49 |  0,00 | 28,083 | 667,68 | 667,68 | 686,42 |  0,00 | 0,649 | 44,35 | 44,35 |  0,00 | 7,962 | 241,28 | 241,28 |  0,00 | 60,810 | 240,93 | 240,93 |  0,00 | 172,325 | 141,12 | 141,12 | 525,659 |   NaN | NaN | 0,00 | 0,00 | NaN
  50 |  0,00 | 20,854 | 668,50 | 668,50 | 686,44 |  0,00 | 0,603 | 44,35 | 44,35 |  0,00 | 2,195 | 244,31 | 244,31 |  0,00 | 33,896 | 238,72 | 238,72 |  0,00 | 176,525 | 141,12 | 141,12 | 580,452 |   NaN | NaN | 0,00 | 0,00 | NaN
  51 |  0,00 | 25,564 | 669,23 | 669,23 | 687,20 |  0,00 | 0,601 | 44,35 | 44,35 |  0,00 | 6,779 | 241,41 | 241,41 |  0,00 | 49,677 | 242,36 | 242,36 |  0,00 | 176,218 | 141,12 | 141,12 | 542,039 |   NaN | NaN | 0,00 | 0,00 | NaN
  52 |  0,00 | 25,796 | 671,73 | 671,73 | 689,75 |  0,00 | 0,628 | 44,35 | 44,35 |  0,00 | 6,370 | 240,26 | 240,26 |  0,00 | 49,858 | 246,00 | 246,00 |  0,00 | 178,644 | 141,12 | 141,12 | 551,675 |   NaN | NaN | 0,00 | 0,00 | NaN
  53 |  0,00 | 24,111 | 675,30 | 675,30 | 693,25 |  0,00 | 0,615 | 44,35 | 44,35 |  0,00 | 3,554 | 243,99 | 243,99 |  0,00 | 45,775 | 245,85 | 245,85 |  0,00 | 178,219 | 141,12 | 141,12 | 568,558 |   NaN | NaN | 0,00 | 0,00 | NaN
  54 |  0,00 | 25,338 | 665,39 | 665,39 | 683,35 |  0,00 | 0,618 | 44,35 | 44,35 |  0,00 | 4,510 | 241,95 | 241,95 |  0,00 | 49,475 | 237,97 | 237,97 |  0,00 | 182,396 | 141,12 | 141,12 | 565,150 |   NaN | NaN | 0,00 | 0,00 | NaN
  55 |  0,00 | 14,698 | 671,39 | 671,39 | 689,33 |  0,00 | 0,603 | 44,35 | 44,35 |  0,00 | 0,904 | 241,43 | 241,43 |  0,00 | 16,541 | 244,49 | 244,49 |  0,00 | 148,087 | 141,12 | 141,12 | 554,929 |   NaN | NaN | 0,00 | 0,00 | NaN
  56 |  0,00 | 26,437 | 669,44 | 669,44 | 687,39 |  0,00 | 0,608 | 44,35 | 44,35 |  0,00 | 6,182 | 243,96 | 243,96 |  0,00 | 50,664 | 240,01 | 240,01 |  0,00 | 188,722 | 141,12 | 141,12 | 570,331 |   NaN | NaN | 0,00 | 0,00 | NaN
  57 |  0,00 | 27,267 | 670,03 | 670,03 | 687,96 |  0,00 | 0,605 | 44,35 | 44,35 |  0,00 | 8,536 | 241,18 | 241,18 |  0,00 | 55,944 | 243,39 | 243,39 |  0,00 | 173,912 | 141,12 | 141,12 | 530,616 |   NaN | NaN | 0,00 | 0,00 | NaN
  58 |  0,00 | 27,890 | 674,16 | 674,16 | 692,25 |  0,00 | 0,634 | 44,35 | 44,35 |  0,00 | 7,348 | 244,28 | 244,28 |  0,00 | 57,641 | 244,41 | 244,41 |  0,00 | 181,363 | 141,12 | 141,12 | 550,792 |   NaN | NaN | 0,00 | 0,00 | NaN
  59 |  0,00 | 6,528 | 671,32 | 671,32 | 690,52 |  0,00 | 0,654 | 44,35 | 44,35 |  0,00 | 0,724 | 242,20 | 242,20 |  0,00 | 1,333 | 243,65 | 243,65 |  0,00 | 81,771 | 141,12 | 141,12 | 439,122 |   NaN | NaN | 0,00 | 0,00 | NaN
  60 |  0,00 | 27,037 | 671,90 | 671,90 | 689,71 |  0,00 | 0,588 | 44,35 | 44,35 |  0,00 | 6,556 | 244,16 | 244,16 |  0,00 | 53,808 | 242,28 | 242,28 |  0,00 | 185,326 | 141,12 | 141,12 | 563,399 |   NaN | NaN | 0,00 | 0,00 | NaN
  61 |  0,00 | 22,713 | 673,68 | 673,68 | 691,63 |  0,00 | 0,610 | 44,35 | 44,35 |  0,00 | 3,768 | 244,77 | 244,77 |  0,00 | 41,395 | 243,45 | 243,45 |  0,00 | 172,810 | 141,12 | 141,12 | 559,868 |   NaN | NaN | 0,00 | 0,00 | NaN
  62 |  0,00 | 27,244 | 672,50 | 672,50 | 694,74 |  0,00 | 0,672 | 44,35 | 44,35 |  0,00 | 7,832 | 243,11 | 243,11 |  0,00 | 54,333 | 243,92 | 243,92 |  0,00 | 180,989 | 141,12 | 141,12 | 551,709 |   NaN | NaN | 0,00 | 0,00 | NaN
  63 |  0,00 | 17,197 | 676,38 | 676,38 | 694,35 |  0,00 | 0,627 | 44,35 | 44,35 |  0,00 | 0,997 | 246,35 | 246,35 |  0,00 | 24,661 | 244,56 | 244,56 |  0,00 | 157,703 | 141,12 | 141,12 | 566,596 |   NaN | NaN | 0,00 | 0,00 | NaN
  64 |  0,00 | 27,523 | 669,51 | 669,51 | 691,53 |  0,00 | 0,671 | 44,35 | 44,35 |  0,00 | 6,518 | 244,73 | 244,73 |  0,00 | 57,544 | 239,31 | 239,31 |  0,00 | 181,055 | 141,12 | 141,12 | 560,434 |   NaN | NaN | 0,00 | 0,00 | NaN

= = = = = = = = = = = = AVERAGE RESULTS system = = = = = = = = = = = =
meanPLR_system | 0,000000 
meanDelay_system | 19,399523 
meanLoad_system | 672,122068 
meanTHR_system | 672,122068 
meanGate_system | 691,076871 

meanPLR_EF_system | 0,000000 
meanPLR_AF_system | 0,000000 
meanPLR_BE_system | 0,000000 
meanPLR_FLA_system | 0,000000 
meanPLR_FLB_system | NaN 

meanTHR_EF_system | 44,352004 
meanTHR_AF_system | 243,555074 
meanTHR_BE_system | 243,098537 
meanTHR_FLA_system | 145,402611 
meanTHR_FLB_system | 0,000000 

meanLoad_EF_system | 44,352004 
meanLoad_AF_system | 243,555074 
meanLoad_BE_system | 243,098537 
meanLoad_FLA_system | 145,402611 
meanLoad_FLB_system | 0,000000 

meanDELAY_EF_system | 0,632487 
meanDELAY_AF_system | 7,450155 
meanDELAY_BE_system | 34,242231 
meanDELAY_FLA_system | 136,404298 
meanDELAY_FLB_system | NaN 
meanDELAY_CompleteFLA_system | 427,739486 
meanDELAY_CompleteFLB_system | NaN 

= = = = = = = = = = = = AVERAGE RESULTS = = = = = = = = = = = =
Packet Loss Ratio: 00,00 (%)
PROCESSED PACKAGES: 1090213536 
DISCARTED PACKAGES: 0 
TOTAL PACKAGES: 1090213536 
AVERAGE DELAY: 3246,79 (ms) 
AVERAGE THROUGHPUT: 672,12 (Mbps) 
GRANTED THROUGHPUT: 44228,92 (Mbps) By 64 ONUs
EFFECTIVE THROUGHPUT: 43015,81 (Mbps) By 64 ONUs
TOTAL LOAD: 43015,81 (Mbps) By 64 ONUs
ON Arrival THROUGHPUT: 0,00 (Mbps) By 64 ONUs
FINISHTIMEFL: 98,771266 
FINISHTIME: 101,771266 


fileName | IPACT_LBVARIBLETOKENSBYCYCLE_1_68_65_0 
