
ONU ID 	|  PLR(%) | Delay(ms) | Throughput(Mbps) | Granted Throughput(Mbps) | Total Load (Mbps) 

  ID |  PLR(%) |  D  | Thr |  Gates  |  Load  | PLR-EF | D-EF | ThrEF | LoadEF | PLR-AF | D-AF | ThrAF | LoadAF | PLR-BE | D-BE | ThrBE | LoadBE | PLR-FA | D-FA | ThrFA | LoadFA | DTFA |  PLR-FB | D-FB | ThrFB | LoadFB | DTFB | 
   1 |  7,36 | 293,505 | 754,80 | 814,73 | 759,06 |  0,00 | 1,409 | 44,35 | 44,35 |  0,00 | 8,680 | 372,35 | 372,35 | 16,48 | 1130,625 | 303,64 | 363,57 |  0,00 | 232,351 | 34,45 | 34,45 | 483,992 |   NaN | NaN | 0,00 | 0,00 | NaN
   2 |  7,71 | 279,866 | 754,40 | 817,42 | 758,70 |  0,00 | 1,420 | 44,35 | 44,35 |  0,00 | 2,065 | 372,56 | 372,56 | 17,22 | 1043,392 | 303,03 | 366,05 |  0,00 | 947,861 | 34,45 | 34,45 | 1914,824 |   NaN | NaN | 0,00 | 0,00 | NaN
   3 |  6,72 | 274,711 | 754,84 | 809,24 | 759,11 |  0,00 | 1,357 | 44,35 | 44,35 |  0,00 | 1,999 | 364,70 | 364,70 | 14,87 | 999,277 | 311,34 | 365,74 |  0,00 | 903,119 | 34,45 | 34,45 | 1825,366 |   NaN | NaN | 0,00 | 0,00 | NaN
   4 |  7,81 | 298,375 | 754,91 | 818,82 | 759,31 |  0,00 | 1,362 | 44,35 | 44,35 |  0,00 | 16,307 | 371,25 | 371,25 | 17,33 | 1141,061 | 304,85 | 368,76 |  0,00 | 151,044 | 34,45 | 34,45 | 321,169 |   NaN | NaN | 0,00 | 0,00 | NaN
   5 |  6,96 | 270,828 | 754,14 | 810,56 | 758,41 |  0,00 | 1,388 | 44,35 | 44,35 |  0,00 | 1,888 | 366,58 | 366,58 | 15,45 | 967,792 | 308,76 | 365,17 |  0,00 | 1308,253 | 34,45 | 34,45 | 2635,706 |   NaN | NaN | 0,00 | 0,00 | NaN
   6 |  7,66 | 282,985 | 755,18 | 817,85 | 759,45 |  0,00 | 1,336 | 44,35 | 44,35 |  0,00 | 2,171 | 371,04 | 371,04 | 17,03 | 1041,967 | 305,34 | 368,00 |  0,00 | 1059,149 | 34,45 | 34,45 | 2137,411 |   NaN | NaN | 0,00 | 0,00 | NaN
   7 |  7,34 | 291,495 | 754,72 | 814,49 | 759,00 |  0,00 | 1,355 | 44,35 | 44,35 |  0,00 | 3,004 | 368,56 | 368,56 | 16,28 | 1104,663 | 307,36 | 367,12 |  0,00 | 421,039 | 34,45 | 34,45 | 861,332 |   NaN | NaN | 0,00 | 0,00 | NaN
   8 |  7,47 | 286,721 | 754,92 | 815,87 | 759,21 |  0,00 | 1,405 | 44,35 | 44,35 |  0,00 | 1,957 | 367,07 | 367,07 | 16,47 | 1048,596 | 309,04 | 369,99 |  0,00 | 979,505 | 34,45 | 34,45 | 1978,003 |   NaN | NaN | 0,00 | 0,00 | NaN
   9 |  7,69 | 289,470 | 755,08 | 817,99 | 759,35 |  0,00 | 1,345 | 44,35 | 44,35 |  0,00 | 2,180 | 369,11 | 369,11 | 17,00 | 1084,686 | 307,16 | 370,07 |  0,00 | 655,844 | 34,45 | 34,45 | 1330,736 |   NaN | NaN | 0,00 | 0,00 | NaN
  10 |  7,04 | 287,157 | 755,67 | 812,87 | 759,95 |  0,00 | 1,406 | 44,35 | 44,35 |  0,00 | 10,742 | 367,50 | 367,50 | 15,61 | 1085,062 | 309,36 | 366,56 |  0,00 | 208,570 | 34,45 | 34,45 | 436,265 |   NaN | NaN | 0,00 | 0,00 | NaN
  11 |  7,12 | 274,249 | 753,88 | 811,66 | 758,14 |  0,00 | 1,345 | 44,35 | 44,35 |  0,00 | 1,984 | 364,66 | 364,66 | 15,69 | 945,011 | 310,42 | 368,20 |  0,00 | 1830,053 | 34,45 | 34,45 | 3679,194 |   NaN | NaN | 0,00 | 0,00 | NaN
  12 |  7,42 | 278,682 | 755,19 | 815,69 | 759,47 |  0,00 | 1,408 | 44,35 | 44,35 |  0,00 | 2,154 | 367,95 | 367,95 | 16,40 | 1011,531 | 308,44 | 368,94 |  0,00 | 1111,528 | 34,45 | 34,45 | 2242,106 |   NaN | NaN | 0,00 | 0,00 | NaN
  13 |  6,39 | 274,260 | 754,21 | 805,71 | 758,48 |  0,00 | 1,372 | 44,35 | 44,35 |  0,00 | 2,075 | 365,59 | 365,59 | 14,25 | 999,244 | 309,81 | 361,31 |  0,00 | 942,256 | 34,45 | 34,45 | 1903,582 |   NaN | NaN | 0,00 | 0,00 | NaN
  14 |  7,63 | 275,052 | 754,15 | 816,45 | 758,44 |  0,00 | 1,414 | 44,35 | 44,35 |  0,00 | 2,171 | 368,82 | 368,82 | 16,89 | 992,199 | 306,53 | 368,82 |  0,00 | 1288,628 | 34,45 | 34,45 | 2596,354 |   NaN | NaN | 0,00 | 0,00 | NaN
  15 |  7,00 | 288,229 | 753,46 | 810,15 | 757,73 |  0,00 | 1,408 | 44,35 | 44,35 |  0,00 | 3,173 | 361,77 | 361,77 | 15,34 | 1070,309 | 312,89 | 369,57 |  0,00 | 437,733 | 34,45 | 34,45 | 894,729 |   NaN | NaN | 0,00 | 0,00 | NaN
  16 |  8,45 | 295,645 | 753,78 | 823,34 | 758,05 |  0,00 | 1,399 | 44,35 | 44,35 |  0,00 | 2,567 | 369,17 | 369,17 | 18,53 | 1104,526 | 305,80 | 375,37 |  0,00 | 776,018 | 34,45 | 34,45 | 1571,201 |   NaN | NaN | 0,00 | 0,00 | NaN
  17 |  7,62 | 287,784 | 754,60 | 816,80 | 758,90 |  0,00 | 1,412 | 44,35 | 44,35 |  0,00 | 2,202 | 370,40 | 370,40 | 16,92 | 1079,199 | 305,40 | 367,60 |  0,00 | 735,716 | 34,45 | 34,45 | 1490,408 |   NaN | NaN | 0,00 | 0,00 | NaN
  18 |  6,95 | 268,037 | 753,57 | 809,89 | 757,84 |  0,00 | 1,389 | 44,35 | 44,35 |  0,00 | 2,437 | 365,29 | 365,29 | 15,39 | 914,856 | 309,47 | 365,78 |  0,00 | 1968,755 | 34,45 | 34,45 | 3956,484 |   NaN | NaN | 0,00 | 0,00 | NaN
  19 |  6,16 | 268,221 | 755,25 | 804,79 | 759,53 |  0,00 | 1,380 | 44,35 | 44,35 |  0,00 | 1,917 | 361,51 | 361,51 | 13,59 | 924,815 | 314,93 | 364,47 |  0,00 | 1575,716 | 34,45 | 34,45 | 3170,469 |   NaN | NaN | 0,00 | 0,00 | NaN
  20 |  6,58 | 263,180 | 753,97 | 807,06 | 758,25 |  0,00 | 1,375 | 44,35 | 44,35 |  0,00 | 2,559 | 367,31 | 367,31 | 14,71 | 907,492 | 307,86 | 360,95 |  0,00 | 1863,215 | 34,45 | 34,45 | 3745,526 |   NaN | NaN | 0,00 | 0,00 | NaN
  21 |  5,98 | 274,622 | 754,78 | 802,77 | 759,05 |  0,00 | 1,380 | 44,35 | 44,35 |  0,00 | 4,572 | 363,37 | 363,37 | 13,31 | 1025,621 | 312,60 | 360,60 |  0,00 | 325,155 | 34,45 | 34,45 | 669,502 |   NaN | NaN | 0,00 | 0,00 | NaN
  22 |  7,90 | 283,418 | 755,03 | 819,77 | 759,33 |  0,00 | 1,418 | 44,35 | 44,35 |  0,00 | 2,125 | 374,23 | 374,23 | 17,65 | 1036,465 | 302,00 | 366,74 |  0,00 | 1360,817 | 34,45 | 34,45 | 2740,661 |   NaN | NaN | 0,00 | 0,00 | NaN
  23 |  7,32 | 276,676 | 755,19 | 814,88 | 759,48 |  0,00 | 1,400 | 44,35 | 44,35 |  0,00 | 2,151 | 368,24 | 368,24 | 16,23 | 968,481 | 308,15 | 367,84 |  0,00 | 1725,450 | 34,45 | 34,45 | 3469,923 |   NaN | NaN | 0,00 | 0,00 | NaN
  24 |  7,75 | 284,954 | 754,82 | 818,27 | 759,10 |  0,00 | 1,362 | 44,35 | 44,35 |  0,00 | 2,130 | 368,31 | 368,31 | 17,10 | 1047,426 | 307,71 | 371,16 |  0,00 | 954,151 | 34,45 | 34,45 | 1927,399 |   NaN | NaN | 0,00 | 0,00 | NaN
  25 |  7,80 | 296,914 | 754,32 | 818,17 | 758,62 |  0,00 | 1,419 | 44,35 | 44,35 |  0,00 | 2,680 | 366,07 | 366,07 | 17,10 | 1113,106 | 309,44 | 373,28 |  0,00 | 503,264 | 34,45 | 34,45 | 1025,794 |   NaN | NaN | 0,00 | 0,00 | NaN
  26 |  6,85 | 286,570 | 755,11 | 810,61 | 759,41 |  0,00 | 1,416 | 44,35 | 44,35 |  0,00 | 3,852 | 366,77 | 366,77 | 15,20 | 1077,563 | 309,54 | 365,04 |  0,00 | 412,440 | 34,45 | 34,45 | 844,146 |   NaN | NaN | 0,00 | 0,00 | NaN
  27 |  6,95 | 265,418 | 754,97 | 811,35 | 759,24 |  0,00 | 1,342 | 44,35 | 44,35 |  0,00 | 1,882 | 369,47 | 369,47 | 15,53 | 913,478 | 306,70 | 363,08 |  0,00 | 1991,741 | 34,45 | 34,45 | 4002,524 |   NaN | NaN | 0,00 | 0,00 | NaN
  28 |  6,27 | 269,008 | 754,75 | 805,21 | 759,04 |  0,00 | 1,408 | 44,35 | 44,35 |  0,00 | 1,921 | 366,75 | 366,75 | 14,03 | 934,863 | 309,20 | 359,66 |  0,00 | 1734,562 | 34,45 | 34,45 | 3488,231 |   NaN | NaN | 0,00 | 0,00 | NaN
  29 |  7,45 | 273,431 | 754,72 | 815,43 | 758,98 |  0,00 | 1,388 | 44,35 | 44,35 |  0,00 | 1,826 | 368,18 | 368,18 | 16,48 | 952,505 | 307,72 | 368,44 |  0,00 | 1801,055 | 34,45 | 34,45 | 3621,200 |   NaN | NaN | 0,00 | 0,00 | NaN
  30 |  6,88 | 270,388 | 754,77 | 810,56 | 759,08 |  0,00 | 1,418 | 44,35 | 44,35 |  0,00 | 2,003 | 365,84 | 365,84 | 15,25 | 926,798 | 310,12 | 365,91 |  0,00 | 1914,395 | 34,45 | 34,45 | 3847,909 |   NaN | NaN | 0,00 | 0,00 | NaN
  31 |  6,79 | 273,469 | 755,19 | 810,21 | 759,46 |  0,00 | 1,385 | 44,35 | 44,35 |  0,00 | 2,034 | 367,79 | 367,79 | 15,13 | 954,361 | 308,59 | 363,61 |  0,00 | 1732,769 | 34,45 | 34,45 | 3484,572 |   NaN | NaN | 0,00 | 0,00 | NaN
  32 |  7,39 | 274,493 | 755,42 | 815,69 | 759,68 |  0,00 | 1,341 | 44,35 | 44,35 |  0,00 | 2,467 | 368,12 | 368,12 | 16,35 | 952,506 | 308,49 | 368,77 |  0,00 | 1834,887 | 34,45 | 34,45 | 3688,865 |   NaN | NaN | 0,00 | 0,00 | NaN
  33 |  6,78 | 263,298 | 754,46 | 809,33 | 758,75 |  0,00 | 1,407 | 44,35 | 44,35 |  0,00 | 2,450 | 364,20 | 364,20 | 14,98 | 896,727 | 311,45 | 366,32 |  0,00 | 1880,588 | 34,45 | 34,45 | 3780,203 |   NaN | NaN | 0,00 | 0,00 | NaN
  34 |  6,92 | 269,876 | 755,09 | 811,25 | 759,35 |  0,00 | 1,398 | 44,35 | 44,35 |  0,00 | 1,926 | 366,50 | 366,50 | 15,35 | 918,096 | 309,78 | 365,95 |  0,00 | 2052,860 | 34,45 | 34,45 | 4124,753 |   NaN | NaN | 0,00 | 0,00 | NaN
  35 |  7,78 | 272,270 | 753,64 | 817,23 | 757,91 |  0,00 | 1,347 | 44,35 | 44,35 |  0,00 | 1,847 | 369,73 | 369,73 | 17,25 | 935,863 | 305,10 | 368,69 |  0,00 | 2122,082 | 34,45 | 34,45 | 4263,205 |   NaN | NaN | 0,00 | 0,00 | NaN
  36 |  6,92 | 263,117 | 754,79 | 810,89 | 759,08 |  0,00 | 1,400 | 44,35 | 44,35 |  0,00 | 1,959 | 363,70 | 363,70 | 15,23 | 886,385 | 312,29 | 368,38 |  0,00 | 2016,581 | 34,45 | 34,45 | 4052,172 |   NaN | NaN | 0,00 | 0,00 | NaN
  37 |  7,91 | 276,786 | 755,53 | 820,40 | 759,81 |  0,00 | 1,383 | 44,35 | 44,35 |  0,00 | 2,090 | 373,51 | 373,51 | 17,62 | 978,182 | 303,22 | 368,09 |  0,00 | 1835,313 | 34,45 | 34,45 | 3689,724 |   NaN | NaN | 0,00 | 0,00 | NaN
  38 |  7,75 | 274,803 | 755,00 | 818,40 | 759,28 |  0,00 | 1,375 | 44,35 | 44,35 |  0,00 | 1,660 | 369,49 | 369,49 | 17,13 | 953,928 | 306,70 | 370,10 |  0,00 | 1930,292 | 34,45 | 34,45 | 3879,551 |   NaN | NaN | 0,00 | 0,00 | NaN
  39 |  5,94 | 263,766 | 754,87 | 802,51 | 759,19 |  0,00 | 1,418 | 44,35 | 44,35 |  0,00 | 1,680 | 363,91 | 363,91 | 13,24 | 898,089 | 312,15 | 359,79 |  0,00 | 1872,941 | 34,45 | 34,45 | 3764,872 |   NaN | NaN | 0,00 | 0,00 | NaN
  40 |  6,35 | 266,897 | 753,96 | 805,05 | 758,24 |  0,00 | 1,418 | 44,35 | 44,35 |  0,00 | 1,833 | 367,39 | 367,39 | 14,24 | 915,167 | 307,77 | 358,86 |  0,00 | 1987,338 | 34,45 | 34,45 | 3993,673 |   NaN | NaN | 0,00 | 0,00 | NaN
  41 |  7,68 | 273,134 | 753,65 | 816,32 | 757,93 |  0,00 | 1,401 | 44,35 | 44,35 |  0,00 | 1,863 | 364,61 | 364,61 | 16,80 | 944,377 | 310,24 | 372,91 |  0,00 | 1767,852 | 34,45 | 34,45 | 3554,864 |   NaN | NaN | 0,00 | 0,00 | NaN
  42 |  7,76 | 276,627 | 755,42 | 818,94 | 759,70 |  0,00 | 1,347 | 44,35 | 44,35 |  0,00 | 1,847 | 369,71 | 369,71 | 17,15 | 968,047 | 306,91 | 370,43 |  0,00 | 1802,094 | 34,45 | 34,45 | 3623,270 |   NaN | NaN | 0,00 | 0,00 | NaN
  43 |  8,49 | 282,937 | 754,82 | 824,87 | 759,11 |  0,00 | 1,425 | 44,35 | 44,35 |  0,00 | 2,088 | 373,17 | 373,17 | 18,79 | 1000,331 | 302,84 | 372,89 |  0,00 | 1875,600 | 34,45 | 34,45 | 3770,256 |   NaN | NaN | 0,00 | 0,00 | NaN
  44 |  7,58 | 280,165 | 755,05 | 816,96 | 759,32 |  0,00 | 1,337 | 44,35 | 44,35 |  0,00 | 2,583 | 367,33 | 367,33 | 16,69 | 976,914 | 308,92 | 370,83 |  0,00 | 1757,388 | 34,45 | 34,45 | 3533,783 |   NaN | NaN | 0,00 | 0,00 | NaN
  45 |  6,94 | 268,692 | 755,36 | 811,71 | 759,66 |  0,00 | 1,422 | 44,35 | 44,35 |  0,00 | 1,802 | 371,13 | 371,13 | 15,58 | 942,147 | 305,43 | 361,78 |  0,00 | 1791,702 | 34,45 | 34,45 | 3602,454 |   NaN | NaN | 0,00 | 0,00 | NaN
  46 |  7,31 | 274,077 | 754,61 | 814,13 | 758,89 |  0,00 | 1,361 | 44,35 | 44,35 |  0,00 | 2,159 | 365,77 | 365,77 | 16,10 | 944,275 | 310,04 | 369,55 |  0,00 | 1858,016 | 34,45 | 34,45 | 3734,981 |   NaN | NaN | 0,00 | 0,00 | NaN
  47 |  6,99 | 273,709 | 754,82 | 811,51 | 759,11 |  0,00 | 1,359 | 44,35 | 44,35 |  0,00 | 2,043 | 367,86 | 367,86 | 15,54 | 957,476 | 308,15 | 364,84 |  0,00 | 1717,098 | 34,45 | 34,45 | 3453,130 |   NaN | NaN | 0,00 | 0,00 | NaN
  48 |  7,02 | 274,218 | 754,39 | 811,35 | 758,66 |  0,00 | 1,388 | 44,35 | 44,35 |  0,00 | 1,554 | 366,54 | 366,54 | 15,56 | 954,177 | 309,04 | 366,00 |  0,00 | 1754,127 | 34,45 | 34,45 | 3527,222 |   NaN | NaN | 0,00 | 0,00 | NaN
  49 |  6,92 | 270,161 | 754,81 | 810,92 | 759,08 |  0,00 | 1,401 | 44,35 | 44,35 |  0,00 | 1,866 | 368,08 | 368,08 | 15,41 | 944,123 | 307,92 | 364,03 |  0,00 | 1719,964 | 34,45 | 34,45 | 3458,793 |   NaN | NaN | 0,00 | 0,00 | NaN
  50 |  7,50 | 274,348 | 754,41 | 815,55 | 758,69 |  0,00 | 1,355 | 44,35 | 44,35 |  0,00 | 1,866 | 370,57 | 370,57 | 16,70 | 960,314 | 305,03 | 366,17 |  0,00 | 1867,039 | 34,45 | 34,45 | 3753,078 |   NaN | NaN | 0,00 | 0,00 | NaN
  51 |  7,31 | 270,344 | 754,88 | 814,39 | 759,16 |  0,00 | 1,353 | 44,35 | 44,35 |  0,00 | 2,180 | 367,12 | 367,12 | 16,15 | 938,776 | 308,96 | 368,46 |  0,00 | 1764,814 | 34,45 | 34,45 | 3548,643 |   NaN | NaN | 0,00 | 0,00 | NaN
  52 |  7,06 | 268,098 | 754,21 | 811,54 | 758,49 |  0,00 | 1,379 | 44,35 | 44,35 |  0,00 | 2,425 | 362,60 | 362,60 | 15,49 | 916,556 | 312,80 | 370,13 |  0,00 | 1784,167 | 34,45 | 34,45 | 3587,519 |   NaN | NaN | 0,00 | 0,00 | NaN
  53 |  7,38 | 272,812 | 754,29 | 814,36 | 758,58 |  0,00 | 1,367 | 44,35 | 44,35 |  0,00 | 2,320 | 369,13 | 369,13 | 16,39 | 951,025 | 306,36 | 366,43 |  0,00 | 1841,347 | 34,45 | 34,45 | 3701,721 |   NaN | NaN | 0,00 | 0,00 | NaN
  54 |  6,46 | 268,393 | 755,30 | 807,44 | 759,59 |  0,00 | 1,369 | 44,35 | 44,35 |  0,00 | 1,932 | 366,97 | 366,97 | 14,42 | 928,605 | 309,52 | 361,66 |  0,00 | 1795,609 | 34,45 | 34,45 | 3610,149 |   NaN | NaN | 0,00 | 0,00 | NaN
  55 |  6,85 | 271,106 | 755,35 | 810,87 | 759,64 |  0,00 | 1,354 | 44,35 | 44,35 |  0,00 | 1,566 | 364,28 | 364,28 | 15,10 | 923,136 | 312,27 | 367,79 |  0,00 | 1935,523 | 34,45 | 34,45 | 3890,056 |   NaN | NaN | 0,00 | 0,00 | NaN
  56 |  6,69 | 268,284 | 754,67 | 808,74 | 758,94 |  0,00 | 1,360 | 44,35 | 44,35 |  0,00 | 1,977 | 364,38 | 364,38 | 14,79 | 923,479 | 311,49 | 365,55 |  0,00 | 1762,572 | 34,45 | 34,45 | 3544,153 |   NaN | NaN | 0,00 | 0,00 | NaN
  57 |  7,20 | 268,777 | 755,03 | 813,58 | 759,32 |  0,00 | 1,357 | 44,35 | 44,35 |  0,00 | 1,744 | 366,08 | 366,08 | 15,88 | 931,600 | 310,15 | 368,70 |  0,00 | 1732,576 | 34,45 | 34,45 | 3484,137 |   NaN | NaN | 0,00 | 0,00 | NaN
  58 |  7,21 | 277,531 | 754,66 | 813,30 | 758,94 |  0,00 | 1,386 | 44,35 | 44,35 |  0,00 | 2,518 | 367,03 | 367,03 | 15,96 | 968,013 | 308,82 | 367,46 |  0,00 | 1736,620 | 34,45 | 34,45 | 3492,268 |   NaN | NaN | 0,00 | 0,00 | NaN
  59 |  7,81 | 276,108 | 755,17 | 819,16 | 759,44 |  0,00 | 1,405 | 44,35 | 44,35 |  0,00 | 1,617 | 367,25 | 367,25 | 17,15 | 945,111 | 309,11 | 373,11 |  0,00 | 2039,022 | 34,45 | 34,45 | 4097,015 |   NaN | NaN | 0,00 | 0,00 | NaN
  60 |  7,36 | 273,849 | 754,35 | 814,25 | 758,62 |  0,00 | 1,340 | 44,35 | 44,35 |  0,00 | 2,273 | 367,60 | 367,60 | 16,28 | 954,706 | 307,95 | 367,85 |  0,00 | 1768,062 | 34,45 | 34,45 | 3555,034 |   NaN | NaN | 0,00 | 0,00 | NaN
  61 |  7,72 | 275,734 | 754,48 | 817,62 | 758,74 |  0,00 | 1,362 | 44,35 | 44,35 |  0,00 | 2,116 | 369,09 | 369,09 | 17,08 | 961,595 | 306,58 | 369,72 |  0,00 | 1850,291 | 34,45 | 34,45 | 3719,678 |   NaN | NaN | 0,00 | 0,00 | NaN
  62 |  7,63 | 274,497 | 754,79 | 817,11 | 759,10 |  0,00 | 1,424 | 44,35 | 44,35 |  0,00 | 1,778 | 369,51 | 369,51 | 16,90 | 963,592 | 306,47 | 368,79 |  0,00 | 1754,416 | 34,45 | 34,45 | 3527,749 |   NaN | NaN | 0,00 | 0,00 | NaN
  63 |  7,38 | 274,284 | 754,05 | 814,11 | 758,32 |  0,00 | 1,379 | 44,35 | 44,35 |  0,00 | 2,243 | 369,44 | 369,44 | 16,42 | 954,325 | 305,80 | 365,86 |  0,00 | 1909,107 | 34,45 | 34,45 | 3837,209 |   NaN | NaN | 0,00 | 0,00 | NaN
  64 |  6,52 | 265,728 | 754,78 | 807,47 | 759,09 |  0,00 | 1,422 | 44,35 | 44,35 |  0,00 | 2,118 | 365,75 | 365,75 | 14,52 | 914,893 | 310,23 | 362,92 |  0,00 | 1796,781 | 34,45 | 34,45 | 3612,673 |   NaN | NaN | 0,00 | 0,00 | NaN

= = = = = = = = = = = = AVERAGE RESULTS system = = = = = = = = = = = =
meanPLR_system | 7,210413 
meanDelay_system | 275,972470 
meanLoad_system | 813,368086 
meanTHR_system | 754,695533 
meanGate_system | 758,977529 

meanPLR_EF_system | 0,000000 
meanPLR_AF_system | 0,000000 
meanPLR_BE_system | 15,979555 
meanPLR_FLA_system | 0,000000 
meanPLR_FLB_system | NaN 

meanTHR_EF_system | 44,352004 
meanTHR_AF_system | 367,589880 
meanTHR_BE_system | 308,299104 
meanTHR_FLA_system | 35,025947 
meanTHR_FLB_system | 0,000000 

meanLoad_EF_system | 44,352004 
meanLoad_AF_system | 367,589880 
meanLoad_BE_system | 366,971658 
meanLoad_FLA_system | 35,025947 
meanLoad_FLB_system | 0,000000 

meanDELAY_EF_system | 1,383745 
meanDELAY_AF_system | 2,621899 
meanDELAY_BE_system | 978,898490 
meanDELAY_FLA_system | 1480,731552 
meanDELAY_FLB_system | NaN 
meanDELAY_CompleteFLA_system | 2980,524542 
meanDELAY_CompleteFLB_system | NaN 

= = = = = = = = = = = = AVERAGE RESULTS = = = = = = = = = = = =
Packet Loss Ratio: 07,21 (%)
PROCESSED PACKAGES: 2215838415 
DISCARTED PACKAGES: 107688828 
TOTAL PACKAGES: 2323527243 
AVERAGE DELAY: 51958,38 (ms) 
AVERAGE THROUGHPUT: 754,70 (Mbps) 
GRANTED THROUGHPUT: 48574,56 (Mbps) By 64 ONUs
EFFECTIVE THROUGHPUT: 48300,51 (Mbps) By 64 ONUs
TOTAL LOAD: 52055,56 (Mbps) By 64 ONUs
ON Arrival THROUGHPUT: 0,00 (Mbps) By 64 ONUs
FINISHTIMEFL: 180,894465 
FINISHTIME: 183,894465 


fileName | IPACT_LEAKYBUCKET_4_30_98_0 
