
ONU ID 	|  PLR(%) | Delay(ms) | Throughput(Mbps) | Granted Throughput(Mbps) | Total Load (Mbps) 

  ID |  PLR(%) |  D  | Thr |  Gates  |  Load  | PLR-EF | D-EF | ThrEF | LoadEF | PLR-AF | D-AF | ThrAF | LoadAF | PLR-BE | D-BE | ThrBE | LoadBE | PLR-FA | D-FA | ThrFA | LoadFA | DTFA |  PLR-FB | D-FB | ThrFB | LoadFB | DTFB | 
   1 |  0,00 | 4,453 | 675,07 | 675,07 | 694,77 |  0,00 | 0,654 | 44,35 | 44,35 |  0,00 | 3,397 | 248,97 | 248,97 |  0,00 | 3,924 | 240,26 | 240,26 |  0,00 | 35,164 | 141,49 | 141,49 | 84,251 |   NaN | NaN | 0,00 | 0,00 | NaN
   2 |  0,00 | 18,345 | 675,70 | 675,70 | 697,55 |  0,00 | 0,666 | 44,35 | 44,35 |  0,00 | 18,489 | 245,01 | 245,01 |  0,00 | 28,860 | 244,85 | 244,85 |  0,00 | 102,337 | 141,49 | 141,49 | 209,689 |   NaN | NaN | 0,00 | 0,00 | NaN
   3 |  0,00 | 17,042 | 677,75 | 677,75 | 695,90 |  0,00 | 0,603 | 44,35 | 44,35 |  0,00 | 17,241 | 247,41 | 247,41 |  0,00 | 25,741 | 244,50 | 244,50 |  0,00 | 98,486 | 141,49 | 141,49 | 200,952 |   NaN | NaN | 0,00 | 0,00 | NaN
   4 |  0,00 | 3,208 | 679,18 | 679,18 | 697,45 |  0,00 | 0,609 | 44,35 | 44,35 |  0,00 | 2,221 | 250,89 | 250,89 |  0,00 | 2,532 | 242,45 | 242,45 |  0,00 | 26,157 | 141,49 | 141,49 | 65,027 |   NaN | NaN | 0,00 | 0,00 | NaN
   5 |  0,00 | 26,502 | 670,44 | 670,44 | 688,67 |  0,00 | 0,633 | 44,35 | 44,35 |  0,00 | 27,804 | 242,89 | 242,89 |  0,00 | 52,100 | 241,70 | 241,70 |  0,00 | 113,637 | 141,49 | 141,49 | 245,532 |   NaN | NaN | 0,00 | 0,00 | NaN
   6 |  0,00 | 21,962 | 677,04 | 677,04 | 694,94 |  0,00 | 0,583 | 44,35 | 44,35 |  0,00 | 23,953 | 247,39 | 247,39 |  0,00 | 37,610 | 243,80 | 243,80 |  0,00 | 108,202 | 141,49 | 141,49 | 226,287 |   NaN | NaN | 0,00 | 0,00 | NaN
   7 |  0,00 | 7,196 | 673,36 | 673,36 | 691,37 |  0,00 | 0,601 | 44,35 | 44,35 |  0,00 | 6,496 | 246,24 | 246,24 |  0,00 | 7,651 | 241,27 | 241,27 |  0,00 | 52,334 | 141,49 | 141,49 | 115,434 |   NaN | NaN | 0,00 | 0,00 | NaN
   8 |  0,00 | 19,744 | 676,43 | 676,43 | 695,79 |  0,00 | 0,651 | 44,35 | 44,35 |  0,00 | 20,986 | 242,90 | 242,90 |  0,00 | 31,608 | 247,69 | 247,69 |  0,00 | 104,825 | 141,49 | 141,49 | 216,336 |   NaN | NaN | 0,00 | 0,00 | NaN
   9 |  0,00 | 11,078 | 677,53 | 677,53 | 695,67 |  0,00 | 0,591 | 44,35 | 44,35 |  0,00 | 10,576 | 246,68 | 246,68 |  0,00 | 14,165 | 245,01 | 245,01 |  0,00 | 73,093 | 141,49 | 141,49 | 156,676 |   NaN | NaN | 0,00 | 0,00 | NaN
  10 |  0,00 | 4,245 | 670,35 | 670,35 | 689,88 |  0,00 | 0,652 | 44,35 | 44,35 |  0,00 | 3,077 | 243,80 | 243,80 |  0,00 | 3,758 | 240,71 | 240,71 |  0,00 | 33,726 | 141,49 | 141,49 | 81,010 |   NaN | NaN | 0,00 | 0,00 | NaN
  11 |  0,00 | 29,690 | 668,47 | 668,47 | 686,42 |  0,00 | 0,591 | 44,35 | 44,35 |  0,00 | 27,777 | 237,89 | 237,89 |  0,00 | 68,877 | 244,74 | 244,74 |  0,00 | 103,489 | 141,49 | 141,49 | 236,194 |   NaN | NaN | 0,00 | 0,00 | NaN
  12 |  0,00 | 22,158 | 676,21 | 676,21 | 695,87 |  0,00 | 0,653 | 44,35 | 44,35 |  0,00 | 24,234 | 245,03 | 245,03 |  0,00 | 37,372 | 245,34 | 245,34 |  0,00 | 110,095 | 141,49 | 141,49 | 232,174 |   NaN | NaN | 0,00 | 0,00 | NaN
  13 |  0,00 | 18,511 | 671,36 | 671,36 | 689,50 |  0,00 | 0,618 | 44,35 | 44,35 |  0,00 | 19,467 | 241,88 | 241,88 |  0,00 | 28,740 | 243,64 | 243,64 |  0,00 | 102,423 | 141,49 | 141,49 | 209,858 |   NaN | NaN | 0,00 | 0,00 | NaN
  14 |  0,00 | 25,384 | 676,51 | 676,51 | 696,88 |  0,00 | 0,659 | 44,35 | 44,35 |  0,00 | 27,391 | 245,44 | 245,44 |  0,00 | 47,250 | 245,23 | 245,23 |  0,00 | 113,515 | 141,49 | 141,49 | 244,884 |   NaN | NaN | 0,00 | 0,00 | NaN
  15 |  0,00 | 7,429 | 670,75 | 670,75 | 690,41 |  0,00 | 0,653 | 44,35 | 44,35 |  0,00 | 6,381 | 239,57 | 239,57 |  0,00 | 8,149 | 245,34 | 245,34 |  0,00 | 53,936 | 141,49 | 141,49 | 118,386 |   NaN | NaN | 0,00 | 0,00 | NaN
  16 |  0,00 | 13,819 | 677,46 | 677,46 | 696,21 |  0,00 | 0,645 | 44,35 | 44,35 |  0,00 | 13,209 | 243,17 | 243,17 |  0,00 | 19,305 | 248,45 | 248,45 |  0,00 | 86,124 | 141,49 | 141,49 | 177,307 |   NaN | NaN | 0,00 | 0,00 | NaN
  17 |  0,00 | 12,999 | 674,35 | 674,35 | 694,67 |  0,00 | 0,658 | 44,35 | 44,35 |  0,00 | 12,781 | 243,29 | 243,29 |  0,00 | 17,600 | 245,21 | 245,21 |  0,00 | 81,585 | 141,49 | 141,49 | 169,974 |   NaN | NaN | 0,00 | 0,00 | NaN
  18 |  0,00 | 13,795 | 671,76 | 671,76 | 689,90 |  0,00 | 0,634 | 44,35 | 44,35 |  0,00 | 12,426 | 241,68 | 241,68 |  0,00 | 30,898 | 244,24 | 244,24 |  0,00 | 50,968 | 141,49 | 141,49 | 154,163 |   NaN | NaN | 0,00 | 0,00 | NaN
  19 |  0,00 | 29,990 | 668,82 | 668,82 | 686,87 |  0,00 | 0,625 | 44,35 | 44,35 |  0,00 | 30,017 | 239,43 | 239,43 |  0,00 | 64,933 | 243,55 | 243,55 |  0,00 | 113,791 | 141,49 | 141,49 | 248,057 |   NaN | NaN | 0,00 | 0,00 | NaN
  20 |  0,00 | 25,996 | 671,30 | 671,30 | 689,36 |  0,00 | 0,620 | 44,35 | 44,35 |  0,00 | 24,206 | 244,84 | 244,84 |  0,00 | 59,186 | 240,62 | 240,62 |  0,00 | 95,941 | 141,49 | 141,49 | 227,452 |   NaN | NaN | 0,00 | 0,00 | NaN
  21 |  0,00 | 5,476 | 666,99 | 666,99 | 685,00 |  0,00 | 0,625 | 44,35 | 44,35 |  0,00 | 4,299 | 241,87 | 241,87 |  0,00 | 5,371 | 239,28 | 239,28 |  0,00 | 42,190 | 141,49 | 141,49 | 99,425 |   NaN | NaN | 0,00 | 0,00 | NaN
  22 |  0,00 | 28,236 | 674,82 | 674,82 | 696,05 |  0,00 | 0,663 | 44,35 | 44,35 |  0,00 | 30,638 | 248,00 | 248,00 |  0,00 | 56,831 | 240,97 | 240,97 |  0,00 | 113,763 | 141,49 | 141,49 | 246,665 |   NaN | NaN | 0,00 | 0,00 | NaN
  23 |  0,00 | 31,757 | 676,36 | 676,36 | 695,11 |  0,00 | 0,645 | 44,35 | 44,35 |  0,00 | 32,888 | 245,08 | 245,08 |  0,00 | 69,515 | 245,43 | 245,43 |  0,00 | 113,619 | 141,49 | 141,49 | 247,932 |   NaN | NaN | 0,00 | 0,00 | NaN
  24 |  0,00 | 18,036 | 674,15 | 674,15 | 692,27 |  0,00 | 0,607 | 44,35 | 44,35 |  0,00 | 18,636 | 244,52 | 244,52 |  0,00 | 27,515 | 243,79 | 243,79 |  0,00 | 102,372 | 141,49 | 141,49 | 209,695 |   NaN | NaN | 0,00 | 0,00 | NaN
  25 |  0,00 | 8,506 | 678,76 | 678,76 | 700,51 |  0,00 | 0,665 | 44,35 | 44,35 |  0,00 | 7,666 | 241,92 | 241,92 |  0,00 | 9,929 | 251,00 | 251,00 |  0,00 | 59,124 | 141,49 | 141,49 | 129,361 |   NaN | NaN | 0,00 | 0,00 | NaN
  26 |  0,00 | 6,897 | 671,95 | 671,95 | 692,75 |  0,00 | 0,661 | 44,35 | 44,35 |  0,00 | 5,730 | 243,14 | 243,14 |  0,00 | 7,451 | 242,97 | 242,97 |  0,00 | 50,770 | 141,49 | 141,49 | 112,976 |   NaN | NaN | 0,00 | 0,00 | NaN
  27 |  0,00 | 10,720 | 669,53 | 669,53 | 687,40 |  0,00 | 0,588 | 44,35 | 44,35 |  0,00 | 10,342 | 241,69 | 241,69 |  0,00 | 22,727 | 242,00 | 242,00 |  0,00 | 41,292 | 141,49 | 141,49 | 129,515 |   NaN | NaN | 0,00 | 0,00 | NaN
  28 |  0,00 | 30,116 | 671,75 | 671,75 | 691,26 |  0,00 | 0,654 | 44,35 | 44,35 |  0,00 | 27,654 | 245,07 | 245,07 |  0,00 | 68,335 | 240,83 | 240,83 |  0,00 | 113,417 | 141,49 | 141,49 | 247,679 |   NaN | NaN | 0,00 | 0,00 | NaN
  29 |  0,00 | 30,361 | 675,01 | 675,01 | 693,16 |  0,00 | 0,633 | 44,35 | 44,35 |  0,00 | 29,091 | 246,16 | 246,16 |  0,00 | 69,338 | 243,00 | 243,00 |  0,00 | 108,055 | 141,49 | 141,49 | 241,565 |   NaN | NaN | 0,00 | 0,00 | NaN
  30 |  0,00 | 20,885 | 665,20 | 665,20 | 686,32 |  0,00 | 0,664 | 44,35 | 44,35 |  0,00 | 20,458 | 239,91 | 239,91 |  0,00 | 46,384 | 239,46 | 239,46 |  0,00 | 76,744 | 141,49 | 141,49 | 201,256 |   NaN | NaN | 0,00 | 0,00 | NaN
  31 |  0,00 | 31,412 | 672,26 | 672,26 | 690,39 |  0,00 | 0,630 | 44,35 | 44,35 |  0,00 | 31,120 | 243,80 | 243,80 |  0,00 | 70,236 | 242,62 | 242,62 |  0,00 | 113,734 | 141,49 | 141,49 | 247,996 |   NaN | NaN | 0,00 | 0,00 | NaN
  32 |  0,00 | 27,699 | 667,54 | 667,54 | 685,45 |  0,00 | 0,587 | 44,35 | 44,35 |  0,00 | 25,632 | 240,23 | 240,23 |  0,00 | 63,068 | 241,47 | 241,47 |  0,00 | 102,700 | 141,49 | 141,49 | 235,322 |   NaN | NaN | 0,00 | 0,00 | NaN
  33 |  0,00 | 24,380 | 668,42 | 668,42 | 687,80 |  0,00 | 0,652 | 44,35 | 44,35 |  0,00 | 24,278 | 239,74 | 239,74 |  0,00 | 53,369 | 242,84 | 242,84 |  0,00 | 90,346 | 141,49 | 141,49 | 220,140 |   NaN | NaN | 0,00 | 0,00 | NaN
  34 |  0,00 | 3,078 | 670,14 | 670,14 | 689,06 |  0,00 | 0,644 | 44,35 | 44,35 |  0,00 | 2,462 | 246,41 | 246,41 |  0,00 | 3,675 | 237,90 | 237,90 |  0,00 | 19,559 | 141,49 | 141,49 | 69,187 |   NaN | NaN | 0,00 | 0,00 | NaN
  35 |  0,00 | 1,561 | 677,06 | 677,06 | 695,33 |  0,00 | 0,594 | 44,35 | 44,35 |  0,00 | 1,180 | 245,60 | 245,60 |  0,00 | 1,529 | 245,62 | 245,62 |  0,00 | 9,404 | 141,49 | 141,49 | 42,152 |   NaN | NaN | 0,00 | 0,00 | NaN
  36 |  0,00 | 6,804 | 669,32 | 669,32 | 688,16 |  0,00 | 0,646 | 44,35 | 44,35 |  0,00 | 5,703 | 239,36 | 239,36 |  0,00 | 13,079 | 244,12 | 244,12 |  0,00 | 31,274 | 141,49 | 141,49 | 102,692 |   NaN | NaN | 0,00 | 0,00 | NaN
  37 |  0,00 | 29,321 | 675,86 | 675,86 | 693,91 |  0,00 | 0,629 | 44,35 | 44,35 |  0,00 | 28,713 | 247,40 | 247,40 |  0,00 | 66,916 | 242,62 | 242,62 |  0,00 | 102,560 | 141,49 | 141,49 | 235,140 |   NaN | NaN | 0,00 | 0,00 | NaN
  38 |  0,00 | 19,235 | 670,38 | 670,38 | 688,38 |  0,00 | 0,620 | 44,35 | 44,35 |  0,00 | 17,180 | 243,83 | 243,83 |  0,00 | 44,793 | 240,72 | 240,72 |  0,00 | 69,026 | 141,49 | 141,49 | 188,926 |   NaN | NaN | 0,00 | 0,00 | NaN
  39 |  0,00 | 25,951 | 666,95 | 666,95 | 688,12 |  0,00 | 0,663 | 44,35 | 44,35 |  0,00 | 23,974 | 241,08 | 241,08 |  0,00 | 60,278 | 240,03 | 240,03 |  0,00 | 92,391 | 141,49 | 141,49 | 222,906 |   NaN | NaN | 0,00 | 0,00 | NaN
  40 |  0,00 | 11,372 | 669,94 | 669,94 | 691,12 |  0,00 | 0,664 | 44,35 | 44,35 |  0,00 | 9,522 | 242,04 | 242,04 |  0,00 | 25,289 | 242,05 | 242,05 |  0,00 | 44,411 | 141,49 | 141,49 | 137,643 |   NaN | NaN | 0,00 | 0,00 | NaN
  41 |  0,00 | 33,039 | 679,37 | 679,37 | 698,26 |  0,00 | 0,646 | 44,35 | 44,35 |  0,00 | 33,038 | 245,88 | 245,88 |  0,00 | 75,101 | 247,65 | 247,65 |  0,00 | 111,818 | 141,49 | 141,49 | 245,777 |   NaN | NaN | 0,00 | 0,00 | NaN
  42 |  0,00 | 31,658 | 675,31 | 675,31 | 693,31 |  0,00 | 0,592 | 44,35 | 44,35 |  0,00 | 29,513 | 243,41 | 243,41 |  0,00 | 74,190 | 246,06 | 246,06 |  0,00 | 107,942 | 141,49 | 141,49 | 241,425 |   NaN | NaN | 0,00 | 0,00 | NaN
  43 |  0,00 | 25,410 | 673,42 | 673,42 | 694,14 |  0,00 | 0,671 | 44,35 | 44,35 |  0,00 | 23,766 | 243,26 | 243,26 |  0,00 | 57,469 | 244,33 | 244,33 |  0,00 | 92,597 | 141,49 | 141,49 | 223,075 |   NaN | NaN | 0,00 | 0,00 | NaN
  44 |  0,00 | 29,792 | 676,25 | 676,25 | 694,04 |  0,00 | 0,583 | 44,35 | 44,35 |  0,00 | 28,544 | 243,67 | 243,67 |  0,00 | 65,532 | 246,74 | 246,74 |  0,00 | 112,614 | 141,49 | 141,49 | 246,680 |   NaN | NaN | 0,00 | 0,00 | NaN
  45 |  0,00 | 32,128 | 675,65 | 675,65 | 697,54 |  0,00 | 0,667 | 44,35 | 44,35 |  0,00 | 31,752 | 248,53 | 248,53 |  0,00 | 74,348 | 241,27 | 241,27 |  0,00 | 109,043 | 141,49 | 141,49 | 242,673 |   NaN | NaN | 0,00 | 0,00 | NaN
  46 |  0,00 | 27,184 | 669,04 | 669,04 | 687,05 |  0,00 | 0,606 | 44,35 | 44,35 |  0,00 | 24,917 | 239,14 | 239,14 |  0,00 | 63,180 | 244,06 | 244,06 |  0,00 | 95,919 | 141,49 | 141,49 | 227,381 |   NaN | NaN | 0,00 | 0,00 | NaN
  47 |  0,00 | 30,573 | 667,32 | 667,32 | 685,34 |  0,00 | 0,604 | 44,35 | 44,35 |  0,00 | 30,211 | 242,64 | 242,64 |  0,00 | 68,066 | 238,83 | 238,83 |  0,00 | 113,774 | 141,49 | 141,49 | 248,133 |   NaN | NaN | 0,00 | 0,00 | NaN
  48 |  0,00 | 28,856 | 666,18 | 666,18 | 684,35 |  0,00 | 0,633 | 44,35 | 44,35 |  0,00 | 27,874 | 239,71 | 239,71 |  0,00 | 62,827 | 240,63 | 240,63 |  0,00 | 112,669 | 141,49 | 141,49 | 246,770 |   NaN | NaN | 0,00 | 0,00 | NaN
  49 |  0,00 | 31,360 | 668,10 | 668,10 | 686,80 |  0,00 | 0,646 | 44,35 | 44,35 |  0,00 | 28,804 | 241,33 | 241,33 |  0,00 | 72,520 | 240,93 | 240,93 |  0,00 | 113,771 | 141,49 | 141,49 | 248,144 |   NaN | NaN | 0,00 | 0,00 | NaN
  50 |  0,00 | 24,938 | 668,96 | 668,96 | 686,96 |  0,00 | 0,600 | 44,35 | 44,35 |  0,00 | 24,325 | 244,23 | 244,23 |  0,00 | 55,680 | 238,88 | 238,88 |  0,00 | 92,595 | 141,49 | 141,49 | 223,077 |   NaN | NaN | 0,00 | 0,00 | NaN
  51 |  0,00 | 29,385 | 669,68 | 669,68 | 687,70 |  0,00 | 0,598 | 44,35 | 44,35 |  0,00 | 29,586 | 241,43 | 241,43 |  0,00 | 63,656 | 242,41 | 242,41 |  0,00 | 111,493 | 141,49 | 141,49 | 245,372 |   NaN | NaN | 0,00 | 0,00 | NaN
  52 |  0,00 | 29,583 | 672,07 | 672,07 | 690,21 |  0,00 | 0,624 | 44,35 | 44,35 |  0,00 | 27,750 | 240,25 | 240,25 |  0,00 | 66,121 | 245,98 | 245,98 |  0,00 | 110,338 | 141,49 | 141,49 | 244,087 |   NaN | NaN | 0,00 | 0,00 | NaN
  53 |  0,00 | 28,148 | 675,04 | 675,04 | 693,04 |  0,00 | 0,612 | 44,35 | 44,35 |  0,00 | 26,968 | 243,55 | 243,55 |  0,00 | 63,599 | 245,65 | 245,65 |  0,00 | 100,961 | 141,49 | 141,49 | 233,340 |   NaN | NaN | 0,00 | 0,00 | NaN
  54 |  0,00 | 29,460 | 666,05 | 666,05 | 684,12 |  0,00 | 0,614 | 44,35 | 44,35 |  0,00 | 30,346 | 242,05 | 242,05 |  0,00 | 64,582 | 238,16 | 238,16 |  0,00 | 108,898 | 141,49 | 141,49 | 242,481 |   NaN | NaN | 0,00 | 0,00 | NaN
  55 |  0,00 | 19,501 | 672,06 | 672,06 | 690,08 |  0,00 | 0,599 | 44,35 | 44,35 |  0,00 | 17,828 | 241,65 | 241,65 |  0,00 | 45,099 | 244,57 | 244,57 |  0,00 | 68,482 | 141,49 | 141,49 | 188,008 |   NaN | NaN | 0,00 | 0,00 | NaN
  56 |  0,00 | 30,765 | 669,59 | 669,59 | 687,62 |  0,00 | 0,605 | 44,35 | 44,35 |  0,00 | 31,748 | 243,64 | 243,64 |  0,00 | 67,600 | 240,10 | 240,10 |  0,00 | 112,346 | 141,49 | 141,49 | 246,355 |   NaN | NaN | 0,00 | 0,00 | NaN
  57 |  0,00 | 30,744 | 670,75 | 670,75 | 688,75 |  0,00 | 0,602 | 44,35 | 44,35 |  0,00 | 30,881 | 241,39 | 241,39 |  0,00 | 67,467 | 243,52 | 243,52 |  0,00 | 113,637 | 141,49 | 141,49 | 247,928 |   NaN | NaN | 0,00 | 0,00 | NaN
  58 |  0,00 | 32,197 | 674,65 | 674,65 | 692,82 |  0,00 | 0,631 | 44,35 | 44,35 |  0,00 | 32,392 | 244,29 | 244,29 |  0,00 | 72,157 | 244,52 | 244,52 |  0,00 | 113,456 | 141,49 | 141,49 | 247,697 |   NaN | NaN | 0,00 | 0,00 | NaN
  59 |  0,00 | 3,894 | 671,73 | 671,73 | 691,10 |  0,00 | 0,651 | 44,35 | 44,35 |  0,00 | 3,223 | 242,33 | 242,33 |  0,00 | 5,150 | 243,55 | 243,55 |  0,00 | 23,768 | 141,49 | 141,49 | 80,711 |   NaN | NaN | 0,00 | 0,00 | NaN
  60 |  0,00 | 30,523 | 672,52 | 672,52 | 690,37 |  0,00 | 0,585 | 44,35 | 44,35 |  0,00 | 31,173 | 244,30 | 244,30 |  0,00 | 66,981 | 242,38 | 242,38 |  0,00 | 111,795 | 141,49 | 141,49 | 245,736 |   NaN | NaN | 0,00 | 0,00 | NaN
  61 |  0,00 | 26,674 | 674,30 | 674,30 | 692,32 |  0,00 | 0,607 | 44,35 | 44,35 |  0,00 | 26,228 | 244,86 | 244,86 |  0,00 | 58,845 | 243,60 | 243,60 |  0,00 | 98,861 | 141,49 | 141,49 | 230,963 |   NaN | NaN | 0,00 | 0,00 | NaN
  62 |  0,00 | 31,899 | 672,82 | 672,82 | 695,10 |  0,00 | 0,669 | 44,35 | 44,35 |  0,00 | 32,859 | 243,33 | 243,33 |  0,00 | 70,675 | 243,66 | 243,66 |  0,00 | 112,742 | 141,49 | 141,49 | 246,865 |   NaN | NaN | 0,00 | 0,00 | NaN
  63 |  0,00 | 22,556 | 677,12 | 677,12 | 695,22 |  0,00 | 0,624 | 44,35 | 44,35 |  0,00 | 21,091 | 246,37 | 246,37 |  0,00 | 52,624 | 244,90 | 244,90 |  0,00 | 76,609 | 141,49 | 141,49 | 201,040 |   NaN | NaN | 0,00 | 0,00 | NaN
  64 |  0,00 | 30,637 | 669,61 | 669,61 | 691,66 |  0,00 | 0,667 | 44,35 | 44,35 |  0,00 | 29,889 | 244,51 | 244,51 |  0,00 | 69,952 | 239,26 | 239,26 |  0,00 | 109,069 | 141,49 | 141,49 | 242,713 |   NaN | NaN | 0,00 | 0,00 | NaN

= = = = = = = = = = = = AVERAGE RESULTS system = = = = = = = = = = = =
meanPLR_system | 0,000000 
meanDelay_system | 21,503917 
meanLoad_system | 672,496811 
meanTHR_system | 672,496811 
meanGate_system | 691,461941 

meanPLR_EF_system | 0,000000 
meanPLR_AF_system | 0,000000 
meanPLR_BE_system | 0,000000 
meanPLR_FLA_system | 0,000000 
meanPLR_FLB_system | NaN 

meanTHR_EF_system | 44,352002 
meanTHR_AF_system | 243,546154 
meanTHR_BE_system | 243,108728 
meanTHR_FLA_system | 145,799148 
meanTHR_FLB_system | 0,000000 

meanLoad_EF_system | 44,352002 
meanLoad_AF_system | 243,546154 
meanLoad_BE_system | 243,108728 
meanLoad_FLA_system | 145,799148 
meanLoad_FLB_system | 0,000000 

meanDELAY_EF_system | 0,629228 
meanDELAY_AF_system | 21,000057 
meanDELAY_BE_system | 44,989129 
meanDELAY_FLA_system | 87,371525 
meanDELAY_FLB_system | NaN 
meanDELAY_CompleteFLA_system | 198,816376 
meanDELAY_CompleteFLB_system | NaN 

= = = = = = = = = = = = AVERAGE RESULTS = = = = = = = = = = = =
Packet Loss Ratio: 00,00 (%)
PROCESSED PACKAGES: 1087538903 
DISCARTED PACKAGES: 0 
TOTAL PACKAGES: 1087538903 
AVERAGE DELAY: 3599,36 (ms) 
AVERAGE THROUGHPUT: 672,50 (Mbps) 
GRANTED THROUGHPUT: 44253,56 (Mbps) By 64 ONUs
EFFECTIVE THROUGHPUT: 43039,80 (Mbps) By 64 ONUs
TOTAL LOAD: 43039,80 (Mbps) By 64 ONUs
ON Arrival THROUGHPUT: 0,00 (Mbps) By 64 ONUs
FINISHTIMEFL: 98,502633 
FINISHTIME: 101,502633 


fileName | IPACT_STRICTPRIORITY_1_68_65_0 
