
ONU ID 	|  PLR(%) | Delay(ms) | Throughput(Mbps) | Granted Throughput(Mbps) | Total Load (Mbps) 

  ID |  PLR(%) |  D  | Thr |  Gates  |  Load  | PLR-EF | D-EF | ThrEF | LoadEF | PLR-AF | D-AF | ThrAF | LoadAF | PLR-BE | D-BE | ThrBE | LoadBE | PLR-FA | D-FA | ThrFA | LoadFA | DTFA |  PLR-FB | D-FB | ThrFB | LoadFB | DTFB | 
   1 |  0,00 | 15,879 | 703,15 | 703,15 | 718,71 |  0,00 | 0,826 | 44,35 | 44,35 |  0,00 | 17,189 | 268,03 | 268,03 |  0,00 | 22,746 | 259,64 | 259,64 |  0,00 | 94,328 | 131,13 | 131,13 | 197,683 |   NaN | NaN | 0,00 | 0,00 | NaN
   2 |  0,00 | 30,092 | 701,28 | 701,28 | 717,97 |  0,00 | 0,838 | 44,35 | 44,35 |  0,00 | 25,403 | 262,29 | 262,29 |  0,00 | 65,004 | 263,52 | 263,52 |  0,00 | 127,592 | 131,13 | 131,13 | 326,660 |   NaN | NaN | 0,00 | 0,00 | NaN
   3 |  0,00 | 30,635 | 706,36 | 706,36 | 720,41 |  0,00 | 0,774 | 44,35 | 44,35 |  0,00 | 27,909 | 266,59 | 266,59 |  0,00 | 65,254 | 264,29 | 264,29 |  0,00 | 126,023 | 131,13 | 131,13 | 324,195 |   NaN | NaN | 0,00 | 0,00 | NaN
   4 |  0,00 | 13,800 | 705,14 | 705,14 | 719,48 |  0,00 | 0,780 | 44,35 | 44,35 |  0,00 | 13,952 | 268,76 | 268,76 |  0,00 | 19,105 | 260,90 | 260,90 |  0,00 | 87,697 | 131,13 | 131,13 | 182,967 |   NaN | NaN | 0,00 | 0,00 | NaN
   5 |  0,00 | 34,807 | 697,59 | 697,59 | 711,77 |  0,00 | 0,805 | 44,35 | 44,35 |  0,00 | 20,204 | 261,68 | 261,68 |  0,00 | 83,025 | 260,43 | 260,43 |  0,00 | 155,718 | 131,13 | 131,13 | 473,628 |   NaN | NaN | 0,00 | 0,00 | NaN
   6 |  0,00 | 34,121 | 702,83 | 702,83 | 716,75 |  0,00 | 0,754 | 44,35 | 44,35 |  0,00 | 26,384 | 264,48 | 264,48 |  0,00 | 78,546 | 262,87 | 262,87 |  0,00 | 137,499 | 131,13 | 131,13 | 388,524 |   NaN | NaN | 0,00 | 0,00 | NaN
   7 |  0,00 | 21,135 | 701,20 | 701,20 | 715,80 |  0,00 | 0,773 | 44,35 | 44,35 |  0,00 | 22,449 | 264,86 | 264,86 |  0,00 | 36,864 | 260,85 | 260,85 |  0,00 | 104,749 | 131,13 | 131,13 | 222,125 |   NaN | NaN | 0,00 | 0,00 | NaN
   8 |  0,00 | 31,738 | 704,91 | 704,91 | 719,78 |  0,00 | 0,822 | 44,35 | 44,35 |  0,00 | 28,034 | 262,75 | 262,75 |  0,00 | 68,421 | 266,68 | 266,68 |  0,00 | 129,225 | 131,13 | 131,13 | 347,238 |   NaN | NaN | 0,00 | 0,00 | NaN
   9 |  0,00 | 25,957 | 703,20 | 703,20 | 717,63 |  0,00 | 0,762 | 44,35 | 44,35 |  0,00 | 26,428 | 265,43 | 265,43 |  0,00 | 50,576 | 262,28 | 262,28 |  0,00 | 113,981 | 131,13 | 131,13 | 256,521 |   NaN | NaN | 0,00 | 0,00 | NaN
  10 |  0,00 | 15,043 | 699,79 | 699,79 | 715,04 |  0,00 | 0,823 | 44,35 | 44,35 |  0,00 | 15,129 | 263,29 | 263,29 |  0,00 | 21,612 | 261,02 | 261,02 |  0,00 | 93,142 | 131,13 | 131,13 | 194,979 |   NaN | NaN | 0,00 | 0,00 | NaN
  11 |  0,00 | 28,840 | 694,89 | 694,89 | 709,06 |  0,00 | 0,763 | 44,35 | 44,35 |  0,00 | 2,235 | 256,99 | 256,99 |  0,00 | 56,714 | 262,42 | 262,42 |  0,00 | 225,506 | 131,13 | 131,13 | 715,906 |   NaN | NaN | 0,00 | 0,00 | NaN
  12 |  0,00 | 34,671 | 702,40 | 702,40 | 717,41 |  0,00 | 0,825 | 44,35 | 44,35 |  0,00 | 25,180 | 263,88 | 263,88 |  0,00 | 81,129 | 263,04 | 263,04 |  0,00 | 140,346 | 131,13 | 131,13 | 405,081 |   NaN | NaN | 0,00 | 0,00 | NaN
  13 |  0,00 | 30,991 | 695,14 | 695,14 | 709,21 |  0,00 | 0,790 | 44,35 | 44,35 |  0,00 | 28,116 | 258,96 | 258,96 |  0,00 | 66,768 | 260,70 | 260,70 |  0,00 | 126,542 | 131,13 | 131,13 | 326,785 |   NaN | NaN | 0,00 | 0,00 | NaN
  14 |  0,00 | 34,285 | 705,41 | 705,41 | 721,06 |  0,00 | 0,831 | 44,35 | 44,35 |  0,00 | 20,307 | 265,65 | 265,65 |  0,00 | 80,883 | 264,28 | 264,28 |  0,00 | 153,124 | 131,13 | 131,13 | 464,833 |   NaN | NaN | 0,00 | 0,00 | NaN
  15 |  0,00 | 21,439 | 698,19 | 698,19 | 713,80 |  0,00 | 0,825 | 44,35 | 44,35 |  0,00 | 22,487 | 258,83 | 258,83 |  0,00 | 37,644 | 263,87 | 263,87 |  0,00 | 105,500 | 131,13 | 131,13 | 223,706 |   NaN | NaN | 0,00 | 0,00 | NaN
  16 |  0,00 | 28,933 | 705,75 | 705,75 | 720,35 |  0,00 | 0,816 | 44,35 | 44,35 |  0,00 | 28,520 | 262,53 | 262,53 |  0,00 | 58,934 | 267,74 | 267,74 |  0,00 | 118,808 | 131,13 | 131,13 | 281,769 |   NaN | NaN | 0,00 | 0,00 | NaN
  17 |  0,00 | 28,149 | 702,59 | 702,59 | 718,34 |  0,00 | 0,829 | 44,35 | 44,35 |  0,00 | 28,724 | 263,89 | 263,89 |  0,00 | 56,295 | 263,22 | 263,22 |  0,00 | 117,503 | 131,13 | 131,13 | 278,691 |   NaN | NaN | 0,00 | 0,00 | NaN
  18 |  0,00 | 15,190 | 700,37 | 700,37 | 714,68 |  0,00 | 0,806 | 44,35 | 44,35 |  0,00 | 0,884 | 261,55 | 261,55 |  0,00 | 15,750 | 263,34 | 263,34 |  0,00 | 171,080 | 131,13 | 131,13 | 670,722 |   NaN | NaN | 0,00 | 0,00 | NaN
  19 |  0,00 | 33,875 | 696,09 | 696,09 | 710,29 |  0,00 | 0,797 | 44,35 | 44,35 |  0,00 | 7,953 | 259,51 | 259,51 |  0,00 | 81,020 | 261,10 | 261,10 |  0,00 | 193,319 | 131,13 | 131,13 | 600,359 |   NaN | NaN | 0,00 | 0,00 | NaN
  20 |  0,00 | 28,175 | 697,41 | 697,41 | 711,65 |  0,00 | 0,792 | 44,35 | 44,35 |  0,00 | 2,619 | 262,72 | 262,72 |  0,00 | 57,805 | 259,22 | 259,22 |  0,00 | 212,764 | 131,13 | 131,13 | 692,947 |   NaN | NaN | 0,00 | 0,00 | NaN
  21 |  0,00 | 17,548 | 694,11 | 694,11 | 708,67 |  0,00 | 0,797 | 44,35 | 44,35 |  0,00 | 18,074 | 259,85 | 259,85 |  0,00 | 27,555 | 258,78 | 258,78 |  0,00 | 99,787 | 131,13 | 131,13 | 210,111 |   NaN | NaN | 0,00 | 0,00 | NaN
  22 |  0,00 | 34,250 | 703,96 | 703,96 | 720,34 |  0,00 | 0,835 | 44,35 | 44,35 |  0,00 | 15,241 | 268,31 | 268,31 |  0,00 | 82,386 | 260,17 | 260,17 |  0,00 | 169,665 | 131,13 | 131,13 | 522,157 |   NaN | NaN | 0,00 | 0,00 | NaN
  23 |  0,00 | 32,950 | 703,70 | 703,70 | 718,25 |  0,00 | 0,817 | 44,35 | 44,35 |  0,00 | 4,688 | 264,37 | 264,37 |  0,00 | 74,702 | 263,85 | 263,85 |  0,00 | 214,876 | 131,13 | 131,13 | 666,968 |   NaN | NaN | 0,00 | 0,00 | NaN
  24 |  0,00 | 32,243 | 701,82 | 701,82 | 715,84 |  0,00 | 0,779 | 44,35 | 44,35 |  0,00 | 29,477 | 262,92 | 262,92 |  0,00 | 70,452 | 263,42 | 263,42 |  0,00 | 126,098 | 131,13 | 131,13 | 319,691 |   NaN | NaN | 0,00 | 0,00 | NaN
  25 |  0,00 | 22,909 | 709,31 | 709,31 | 726,42 |  0,00 | 0,837 | 44,35 | 44,35 |  0,00 | 23,366 | 262,06 | 262,06 |  0,00 | 41,638 | 271,77 | 271,77 |  0,00 | 108,001 | 131,13 | 131,13 | 230,887 |   NaN | NaN | 0,00 | 0,00 | NaN
  26 |  0,00 | 19,851 | 701,23 | 701,23 | 717,74 |  0,00 | 0,833 | 44,35 | 44,35 |  0,00 | 20,503 | 262,38 | 262,38 |  0,00 | 33,400 | 263,36 | 263,36 |  0,00 | 103,968 | 131,13 | 131,13 | 219,488 |   NaN | NaN | 0,00 | 0,00 | NaN
  27 |  0,00 | 12,836 | 695,97 | 695,97 | 710,14 |  0,00 | 0,759 | 44,35 | 44,35 |  0,00 | 0,812 | 262,29 | 262,29 |  0,00 | 11,032 | 258,20 | 258,20 |  0,00 | 152,373 | 131,13 | 131,13 | 631,110 |   NaN | NaN | 0,00 | 0,00 | NaN
  28 |  0,00 | 33,853 | 698,78 | 698,78 | 713,91 |  0,00 | 0,826 | 44,35 | 44,35 |  0,00 | 7,523 | 263,91 | 263,91 |  0,00 | 79,083 | 259,38 | 259,38 |  0,00 | 204,445 | 131,13 | 131,13 | 638,333 |   NaN | NaN | 0,00 | 0,00 | NaN
  29 |  0,00 | 31,370 | 701,66 | 701,66 | 715,94 |  0,00 | 0,805 | 44,35 | 44,35 |  0,00 | 3,883 | 264,41 | 264,41 |  0,00 | 69,633 | 261,76 | 261,76 |  0,00 | 213,432 | 131,13 | 131,13 | 673,470 |   NaN | NaN | 0,00 | 0,00 | NaN
  30 |  0,00 | 20,647 | 692,62 | 692,62 | 709,15 |  0,00 | 0,835 | 44,35 | 44,35 |  0,00 | 1,172 | 257,81 | 257,81 |  0,00 | 29,697 | 259,33 | 259,33 |  0,00 | 202,645 | 131,13 | 131,13 | 704,239 |   NaN | NaN | 0,00 | 0,00 | NaN
  31 |  0,00 | 33,595 | 698,60 | 698,60 | 712,88 |  0,00 | 0,802 | 44,35 | 44,35 |  0,00 | 6,344 | 261,79 | 261,79 |  0,00 | 76,786 | 261,33 | 261,33 |  0,00 | 211,561 | 131,13 | 131,13 | 658,115 |   NaN | NaN | 0,00 | 0,00 | NaN
  32 |  0,00 | 29,593 | 696,57 | 696,57 | 710,72 |  0,00 | 0,759 | 44,35 | 44,35 |  0,00 | 2,972 | 260,13 | 260,13 |  0,00 | 61,288 | 260,96 | 260,96 |  0,00 | 219,218 | 131,13 | 131,13 | 699,138 |   NaN | NaN | 0,00 | 0,00 | NaN
  33 |  0,00 | 26,860 | 696,50 | 696,50 | 711,59 |  0,00 | 0,824 | 44,35 | 44,35 |  0,00 | 1,669 | 258,07 | 258,07 |  0,00 | 52,636 | 262,96 | 262,96 |  0,00 | 211,586 | 131,13 | 131,13 | 701,255 |   NaN | NaN | 0,00 | 0,00 | NaN
  34 |  0,00 | 8,277 | 694,36 | 694,36 | 708,85 |  0,00 | 0,816 | 44,35 | 44,35 |  0,00 | 0,833 | 263,02 | 263,02 |  0,00 | 2,957 | 255,86 | 255,86 |  0,00 | 110,061 | 131,13 | 131,13 | 556,260 |   NaN | NaN | 0,00 | 0,00 | NaN
  35 |  0,00 | 4,924 | 705,30 | 705,30 | 719,43 |  0,00 | 0,765 | 44,35 | 44,35 |  0,00 | 0,791 | 265,18 | 265,18 |  0,00 | 1,452 | 264,64 | 264,64 |  0,00 | 64,025 | 131,13 | 131,13 | 413,943 |   NaN | NaN | 0,00 | 0,00 | NaN
  36 |  0,00 | 11,615 | 697,06 | 697,06 | 711,78 |  0,00 | 0,818 | 44,35 | 44,35 |  0,00 | 0,895 | 257,57 | 257,57 |  0,00 | 9,476 | 264,01 | 264,01 |  0,00 | 137,672 | 131,13 | 131,13 | 612,387 |   NaN | NaN | 0,00 | 0,00 | NaN
  37 |  0,00 | 31,075 | 703,79 | 703,79 | 718,01 |  0,00 | 0,800 | 44,35 | 44,35 |  0,00 | 3,798 | 265,92 | 265,92 |  0,00 | 66,656 | 262,40 | 262,40 |  0,00 | 220,644 | 131,13 | 131,13 | 704,471 |   NaN | NaN | 0,00 | 0,00 | NaN
  38 |  0,00 | 20,716 | 698,55 | 698,55 | 712,78 |  0,00 | 0,792 | 44,35 | 44,35 |  0,00 | 1,340 | 263,17 | 263,17 |  0,00 | 32,208 | 259,89 | 259,89 |  0,00 | 195,497 | 131,13 | 131,13 | 700,401 |   NaN | NaN | 0,00 | 0,00 | NaN
  39 |  0,00 | 27,263 | 694,68 | 694,68 | 711,16 |  0,00 | 0,835 | 44,35 | 44,35 |  0,00 | 2,034 | 261,32 | 261,32 |  0,00 | 56,477 | 257,88 | 257,88 |  0,00 | 205,263 | 131,13 | 131,13 | 678,709 |   NaN | NaN | 0,00 | 0,00 | NaN
  40 |  0,00 | 14,308 | 698,09 | 698,09 | 714,74 |  0,00 | 0,835 | 44,35 | 44,35 |  0,00 | 0,959 | 261,39 | 261,39 |  0,00 | 14,651 | 261,21 | 261,21 |  0,00 | 160,790 | 131,13 | 131,13 | 652,818 |   NaN | NaN | 0,00 | 0,00 | NaN
  41 |  0,00 | 32,172 | 705,07 | 705,07 | 719,73 |  0,00 | 0,818 | 44,35 | 44,35 |  0,00 | 4,796 | 263,00 | 263,00 |  0,00 | 71,079 | 266,59 | 266,59 |  0,00 | 213,879 | 131,13 | 131,13 | 668,643 |   NaN | NaN | 0,00 | 0,00 | NaN
  42 |  0,00 | 31,142 | 702,17 | 702,17 | 716,35 |  0,00 | 0,764 | 44,35 | 44,35 |  0,00 | 4,227 | 262,34 | 262,34 |  0,00 | 66,196 | 264,35 | 264,35 |  0,00 | 219,644 | 131,13 | 131,13 | 691,363 |   NaN | NaN | 0,00 | 0,00 | NaN
  43 |  0,00 | 28,467 | 702,45 | 702,45 | 718,61 |  0,00 | 0,842 | 44,35 | 44,35 |  0,00 | 2,218 | 261,61 | 261,61 |  0,00 | 58,291 | 265,36 | 265,36 |  0,00 | 213,693 | 131,13 | 131,13 | 702,740 |   NaN | NaN | 0,00 | 0,00 | NaN
  44 |  0,00 | 31,871 | 704,06 | 704,06 | 718,18 |  0,00 | 0,755 | 44,35 | 44,35 |  0,00 | 3,875 | 262,96 | 262,96 |  0,00 | 70,351 | 265,62 | 265,62 |  0,00 | 216,364 | 131,13 | 131,13 | 674,077 |   NaN | NaN | 0,00 | 0,00 | NaN
  45 |  0,00 | 32,317 | 703,96 | 703,96 | 720,91 |  0,00 | 0,839 | 44,35 | 44,35 |  0,00 | 3,484 | 267,98 | 267,98 |  0,00 | 69,957 | 260,50 | 260,50 |  0,00 | 230,617 | 131,13 | 131,13 | 720,912 |   NaN | NaN | 0,00 | 0,00 | NaN
  46 |  0,00 | 26,344 | 696,70 | 696,70 | 710,91 |  0,00 | 0,778 | 44,35 | 44,35 |  0,00 | 2,029 | 257,72 | 257,72 |  0,00 | 48,458 | 263,50 | 263,50 |  0,00 | 217,963 | 131,13 | 131,13 | 708,745 |   NaN | NaN | 0,00 | 0,00 | NaN
  47 |  0,00 | 32,340 | 693,96 | 693,96 | 708,12 |  0,00 | 0,776 | 44,35 | 44,35 |  0,00 | 4,288 | 261,08 | 261,08 |  0,00 | 72,950 | 257,40 | 257,40 |  0,00 | 216,166 | 131,13 | 131,13 | 670,358 |   NaN | NaN | 0,00 | 0,00 | NaN
  48 |  0,00 | 33,213 | 694,52 | 694,52 | 708,79 |  0,00 | 0,805 | 44,35 | 44,35 |  0,00 | 4,528 | 258,95 | 258,95 |  0,00 | 75,073 | 260,08 | 260,08 |  0,00 | 218,443 | 131,13 | 131,13 | 679,015 |   NaN | NaN | 0,00 | 0,00 | NaN
  49 |  0,00 | 34,432 | 693,28 | 693,28 | 707,93 |  0,00 | 0,818 | 44,35 | 44,35 |  0,00 | 4,281 | 258,40 | 258,40 |  0,00 | 79,434 | 259,40 | 259,40 |  0,00 | 222,352 | 131,13 | 131,13 | 686,735 |   NaN | NaN | 0,00 | 0,00 | NaN
  50 |  0,00 | 26,127 | 698,27 | 698,27 | 712,42 |  0,00 | 0,772 | 44,35 | 44,35 |  0,00 | 2,005 | 263,89 | 263,89 |  0,00 | 48,926 | 258,90 | 258,90 |  0,00 | 216,577 | 131,13 | 131,13 | 710,983 |   NaN | NaN | 0,00 | 0,00 | NaN
  51 |  0,00 | 34,597 | 696,50 | 696,50 | 710,66 |  0,00 | 0,770 | 44,35 | 44,35 |  0,00 | 4,743 | 259,92 | 259,92 |  0,00 | 81,410 | 261,10 | 261,10 |  0,00 | 215,614 | 131,13 | 131,13 | 674,686 |   NaN | NaN | 0,00 | 0,00 | NaN
  52 |  0,00 | 33,345 | 699,04 | 699,04 | 713,25 |  0,00 | 0,796 | 44,35 | 44,35 |  0,00 | 4,009 | 259,28 | 259,28 |  0,00 | 75,761 | 264,28 | 264,28 |  0,00 | 217,444 | 131,13 | 131,13 | 681,257 |   NaN | NaN | 0,00 | 0,00 | NaN
  53 |  0,00 | 28,900 | 702,95 | 702,95 | 717,15 |  0,00 | 0,784 | 44,35 | 44,35 |  0,00 | 2,878 | 262,53 | 262,53 |  0,00 | 59,389 | 264,93 | 264,93 |  0,00 | 214,845 | 131,13 | 131,13 | 691,054 |   NaN | NaN | 0,00 | 0,00 | NaN
  54 |  0,00 | 31,923 | 694,86 | 694,86 | 709,08 |  0,00 | 0,786 | 44,35 | 44,35 |  0,00 | 2,942 | 262,40 | 262,40 |  0,00 | 70,219 | 256,98 | 256,98 |  0,00 | 225,488 | 131,13 | 131,13 | 706,461 |   NaN | NaN | 0,00 | 0,00 | NaN
  55 |  0,00 | 19,354 | 698,62 | 698,62 | 712,80 |  0,00 | 0,771 | 44,35 | 44,35 |  0,00 | 1,234 | 260,14 | 260,14 |  0,00 | 28,221 | 263,00 | 263,00 |  0,00 | 188,233 | 131,13 | 131,13 | 678,923 |   NaN | NaN | 0,00 | 0,00 | NaN
  56 |  0,00 | 30,341 | 695,01 | 695,01 | 709,18 |  0,00 | 0,777 | 44,35 | 44,35 |  0,00 | 4,067 | 261,76 | 261,76 |  0,00 | 62,013 | 257,76 | 257,76 |  0,00 | 226,166 | 131,13 | 131,13 | 700,730 |   NaN | NaN | 0,00 | 0,00 | NaN
  57 |  0,00 | 33,702 | 699,05 | 699,05 | 713,23 |  0,00 | 0,774 | 44,35 | 44,35 |  0,00 | 4,480 | 260,28 | 260,28 |  0,00 | 77,776 | 263,29 | 263,29 |  0,00 | 214,827 | 131,13 | 131,13 | 667,582 |   NaN | NaN | 0,00 | 0,00 | NaN
  58 |  0,00 | 32,074 | 701,05 | 701,05 | 715,29 |  0,00 | 0,803 | 44,35 | 44,35 |  0,00 | 4,313 | 263,02 | 263,02 |  0,00 | 72,646 | 262,55 | 262,55 |  0,00 | 210,604 | 131,13 | 131,13 | 656,251 |   NaN | NaN | 0,00 | 0,00 | NaN
  59 |  0,00 | 9,097 | 702,84 | 702,84 | 717,88 |  0,00 | 0,822 | 44,35 | 44,35 |  0,00 | 0,931 | 261,64 | 261,64 |  0,00 | 4,134 | 265,71 | 265,71 |  0,00 | 118,724 | 131,13 | 131,13 | 575,241 |   NaN | NaN | 0,00 | 0,00 | NaN
  60 |  0,00 | 31,292 | 699,17 | 699,17 | 713,27 |  0,00 | 0,757 | 44,35 | 44,35 |  0,00 | 3,923 | 262,13 | 262,13 |  0,00 | 67,553 | 261,56 | 261,56 |  0,00 | 219,414 | 131,13 | 131,13 | 683,777 |   NaN | NaN | 0,00 | 0,00 | NaN
  61 |  0,00 | 28,232 | 702,94 | 702,94 | 717,14 |  0,00 | 0,779 | 44,35 | 44,35 |  0,00 | 2,355 | 264,24 | 264,24 |  0,00 | 57,793 | 263,22 | 263,22 |  0,00 | 213,650 | 131,13 | 131,13 | 691,008 |   NaN | NaN | 0,00 | 0,00 | NaN
  62 |  0,00 | 31,978 | 700,99 | 700,99 | 718,27 |  0,00 | 0,841 | 44,35 | 44,35 |  0,00 | 4,631 | 261,98 | 261,98 |  0,00 | 70,991 | 263,53 | 263,53 |  0,00 | 212,875 | 131,13 | 131,13 | 664,143 |   NaN | NaN | 0,00 | 0,00 | NaN
  63 |  0,00 | 23,045 | 703,75 | 703,75 | 717,98 |  0,00 | 0,796 | 44,35 | 44,35 |  0,00 | 1,188 | 265,06 | 265,06 |  0,00 | 40,543 | 263,21 | 263,21 |  0,00 | 201,371 | 131,13 | 131,13 | 700,927 |   NaN | NaN | 0,00 | 0,00 | NaN
  64 |  0,00 | 32,306 | 695,05 | 695,05 | 712,22 |  0,00 | 0,839 | 44,35 | 44,35 |  0,00 | 3,887 | 261,45 | 261,45 |  0,00 | 73,149 | 258,12 | 258,12 |  0,00 | 215,620 | 131,13 | 131,13 | 678,374 |   NaN | NaN | 0,00 | 0,00 | NaN

= = = = = = = = = = = = AVERAGE RESULTS system = = = = = = = = = = = =
meanPLR_system | 0,000000 
meanDelay_system | 26,766407 
meanLoad_system | 699,946638 
meanTHR_system | 699,946638 
meanGate_system | 714,794796 

meanPLR_EF_system | 0,000000 
meanPLR_AF_system | 0,000000 
meanPLR_BE_system | 0,000000 
meanPLR_FLA_system | 0,000000 
meanPLR_FLB_system | NaN 

meanTHR_EF_system | 44,352005 
meanTHR_AF_system | 262,379631 
meanTHR_BE_system | 262,085782 
meanTHR_FLA_system | 134,822221 
meanTHR_FLB_system | 0,000000 

meanLoad_EF_system | 44,352005 
meanLoad_AF_system | 262,379631 
meanLoad_BE_system | 262,085782 
meanLoad_FLA_system | 134,822221 
meanLoad_FLB_system | 0,000000 

meanDELAY_EF_system | 0,800993 
meanDELAY_AF_system | 9,653010 
meanDELAY_BE_system | 54,696418 
meanDELAY_FLA_system | 174,166067 
meanDELAY_FLB_system | NaN 
meanDELAY_CompleteFLA_system | 548,957154 
meanDELAY_CompleteFLB_system | NaN 

= = = = = = = = = = = = AVERAGE RESULTS = = = = = = = = = = = =
Packet Loss Ratio: 00,00 (%)
PROCESSED PACKAGES: 1209035088 
DISCARTED PACKAGES: 0 
TOTAL PACKAGES: 1209035088 
AVERAGE DELAY: 4616,89 (ms) 
AVERAGE THROUGHPUT: 699,95 (Mbps) 
GRANTED THROUGHPUT: 45746,87 (Mbps) By 64 ONUs
EFFECTIVE THROUGHPUT: 44796,58 (Mbps) By 64 ONUs
TOTAL LOAD: 44796,58 (Mbps) By 64 ONUs
ON Arrival THROUGHPUT: 0,00 (Mbps) By 64 ONUs
FINISHTIMEFL: 106,522500 
FINISHTIME: 109,522500 


fileName | IPACT_LBVARIBLETOKENSBYCYCLE_1_68_70_0 
