
ONU ID 	|  PLR(%) | Delay(ms) | Throughput(Mbps) | Granted Throughput(Mbps) | Total Load (Mbps) 

  ID |  PLR(%) |  D  | Thr |  Gates  |  Load  | PLR-EF | D-EF | ThrEF | LoadEF | PLR-AF | D-AF | ThrAF | LoadAF | PLR-BE | D-BE | ThrBE | LoadBE | PLR-FA | D-FA | ThrFA | LoadFA | DTFA |  PLR-FB | D-FB | ThrFB | LoadFB | DTFB | 
   1 |  0,00 | 0,513 | 578,94 | 578,94 | 617,14 |  0,00 | 0,163 | 44,35 | 44,35 |  0,00 | 0,362 | 247,20 | 247,20 |  0,00 | 0,467 | 239,96 | 239,96 |  0,00 | 9,453 | 47,43 | 47,43 | 40,964 |   NaN | NaN | 0,00 | 0,00 | NaN
   2 |  0,00 | 1,971 | 580,56 | 580,56 | 623,09 |  0,00 | 0,174 | 44,35 | 44,35 |  0,00 | 0,185 | 245,36 | 245,36 |  0,00 | 0,247 | 243,41 | 243,41 |  0,00 | 72,042 | 47,43 | 47,43 | 164,600 |   NaN | NaN | 0,00 | 0,00 | NaN
   3 |  0,00 | 1,819 | 576,53 | 576,53 | 611,19 |  0,00 | 0,111 | 44,35 | 44,35 |  0,00 | 0,118 | 243,13 | 243,13 |  0,00 | 0,306 | 241,61 | 241,61 |  0,00 | 67,015 | 47,43 | 47,43 | 147,442 |   NaN | NaN | 0,00 | 0,00 | NaN
   4 |  0,00 | 0,471 | 583,03 | 583,03 | 617,83 |  0,00 | 0,116 | 44,35 | 44,35 |  0,00 | 0,292 | 247,87 | 247,87 |  0,00 | 0,470 | 243,37 | 243,37 |  0,00 | 9,361 | 47,43 | 47,43 | 39,545 |   NaN | NaN | 0,00 | 0,00 | NaN
   5 |  0,00 | 2,328 | 578,29 | 578,29 | 613,39 |  0,00 | 0,142 | 44,35 | 44,35 |  0,00 | 0,148 | 243,32 | 243,32 |  0,00 | 0,274 | 243,18 | 243,18 |  0,00 | 87,038 | 47,43 | 47,43 | 195,003 |   NaN | NaN | 0,00 | 0,00 | NaN
   6 |  0,00 | 1,870 | 582,40 | 582,40 | 616,60 |  0,00 | 0,092 | 44,35 | 44,35 |  0,00 | 0,101 | 246,50 | 246,50 |  0,00 | 0,331 | 244,11 | 244,11 |  0,00 | 69,732 | 47,43 | 47,43 | 162,173 |   NaN | NaN | 0,00 | 0,00 | NaN
   7 |  0,00 | 0,769 | 579,27 | 579,27 | 613,92 |  0,00 | 0,109 | 44,35 | 44,35 |  0,00 | 0,118 | 244,41 | 244,41 |  0,00 | 0,308 | 243,07 | 243,07 |  0,00 | 24,771 | 47,43 | 47,43 | 70,305 |   NaN | NaN | 0,00 | 0,00 | NaN
   8 |  0,00 | 1,871 | 580,14 | 580,14 | 617,44 |  0,00 | 0,159 | 44,35 | 44,35 |  0,00 | 0,167 | 242,85 | 242,85 |  0,00 | 0,249 | 245,50 | 245,50 |  0,00 | 68,423 | 47,43 | 47,43 | 163,665 |   NaN | NaN | 0,00 | 0,00 | NaN
   9 |  0,00 | 1,020 | 581,80 | 581,80 | 616,38 |  0,00 | 0,099 | 44,35 | 44,35 |  0,00 | 0,105 | 246,01 | 246,01 |  0,00 | 0,323 | 244,01 | 244,01 |  0,00 | 35,191 | 47,43 | 47,43 | 91,280 |   NaN | NaN | 0,00 | 0,00 | NaN
  10 |  0,00 | 0,543 | 578,15 | 578,15 | 615,74 |  0,00 | 0,160 | 44,35 | 44,35 |  0,00 | 0,337 | 243,58 | 243,58 |  0,00 | 0,453 | 242,78 | 242,78 |  0,00 | 11,095 | 47,43 | 47,43 | 42,133 |   NaN | NaN | 0,00 | 0,00 | NaN
  11 |  0,00 | 7,534 | 577,27 | 577,27 | 611,88 |  0,00 | 0,099 | 44,35 | 44,35 |  0,00 | 0,221 | 240,95 | 240,95 |  0,00 | 0,450 | 244,53 | 244,53 |  0,00 | 295,327 | 47,43 | 47,43 | 623,943 |   NaN | NaN | 0,00 | 0,00 | NaN
  12 |  0,00 | 1,938 | 578,22 | 578,22 | 616,15 |  0,00 | 0,162 | 44,35 | 44,35 |  0,00 | 0,167 | 242,87 | 242,87 |  0,00 | 0,250 | 243,56 | 243,56 |  0,00 | 70,965 | 47,43 | 47,43 | 164,738 |   NaN | NaN | 0,00 | 0,00 | NaN
  13 |  0,00 | 1,954 | 574,89 | 574,89 | 609,59 |  0,00 | 0,126 | 44,35 | 44,35 |  0,00 | 0,139 | 242,04 | 242,04 |  0,00 | 0,289 | 241,06 | 241,06 |  0,00 | 71,970 | 47,43 | 47,43 | 164,733 |   NaN | NaN | 0,00 | 0,00 | NaN
  14 |  0,00 | 2,307 | 581,07 | 581,07 | 620,80 |  0,00 | 0,168 | 44,35 | 44,35 |  0,00 | 0,175 | 243,93 | 243,93 |  0,00 | 0,246 | 245,36 | 245,36 |  0,00 | 85,928 | 47,43 | 47,43 | 191,805 |   NaN | NaN | 0,00 | 0,00 | NaN
  15 |  0,00 | 0,723 | 578,48 | 578,48 | 616,45 |  0,00 | 0,162 | 44,35 | 44,35 |  0,00 | 0,170 | 240,72 | 240,72 |  0,00 | 0,256 | 245,98 | 245,98 |  0,00 | 21,836 | 47,43 | 47,43 | 68,379 |   NaN | NaN | 0,00 | 0,00 | NaN
  16 |  0,00 | 1,281 | 585,60 | 585,60 | 621,61 |  0,00 | 0,153 | 44,35 | 44,35 |  0,00 | 0,160 | 245,01 | 245,01 |  0,00 | 0,258 | 248,81 | 248,81 |  0,00 | 44,901 | 47,43 | 47,43 | 112,244 |   NaN | NaN | 0,00 | 0,00 | NaN
  17 |  0,00 | 1,255 | 582,24 | 582,24 | 621,28 |  0,00 | 0,166 | 44,35 | 44,35 |  0,00 | 0,170 | 245,91 | 245,91 |  0,00 | 0,245 | 244,55 | 244,55 |  0,00 | 43,479 | 47,43 | 47,43 | 106,971 |   NaN | NaN | 0,00 | 0,00 | NaN
  18 |  0,00 | 4,867 | 576,59 | 576,59 | 611,72 |  0,00 | 0,142 | 44,35 | 44,35 |  0,00 | 0,170 | 241,49 | 241,49 |  0,00 | 0,275 | 243,31 | 243,31 |  0,00 | 188,965 | 47,43 | 47,43 | 484,133 |   NaN | NaN | 0,00 | 0,00 | NaN
  19 |  0,00 | 5,864 | 573,39 | 573,39 | 608,20 |  0,00 | 0,133 | 44,35 | 44,35 |  0,00 | 0,153 | 240,00 | 240,00 |  0,00 | 0,286 | 241,61 | 241,61 |  0,00 | 228,686 | 47,43 | 47,43 | 402,917 |   NaN | NaN | 0,00 | 0,00 | NaN
  20 |  0,00 | 7,137 | 576,21 | 576,21 | 610,92 |  0,00 | 0,129 | 44,35 | 44,35 |  0,00 | 0,160 | 244,40 | 244,40 |  0,00 | 0,402 | 240,02 | 240,02 |  0,00 | 279,539 | 47,43 | 47,43 | 619,232 |   NaN | NaN | 0,00 | 0,00 | NaN
  21 |  0,00 | 0,477 | 570,72 | 570,72 | 605,55 |  0,00 | 0,133 | 44,35 | 44,35 |  0,00 | 0,152 | 239,41 | 239,41 |  0,00 | 0,310 | 239,52 | 239,52 |  0,00 | 12,048 | 47,43 | 47,43 | 45,207 |   NaN | NaN | 0,00 | 0,00 | NaN
  22 |  0,00 | 2,484 | 583,54 | 583,54 | 624,91 |  0,00 | 0,172 | 44,35 | 44,35 |  0,00 | 0,180 | 249,27 | 249,27 |  0,00 | 0,241 | 242,48 | 242,48 |  0,00 | 93,225 | 47,43 | 47,43 | 205,883 |   NaN | NaN | 0,00 | 0,00 | NaN
  23 |  0,00 | 7,696 | 579,96 | 579,96 | 616,18 |  0,00 | 0,154 | 44,35 | 44,35 |  0,00 | 0,351 | 244,46 | 244,46 |  0,00 | 0,373 | 243,72 | 243,72 |  0,00 | 301,064 | 47,43 | 47,43 | 565,965 |   NaN | NaN | 0,00 | 0,00 | NaN
  24 |  0,00 | 1,934 | 579,61 | 579,61 | 614,26 |  0,00 | 0,116 | 44,35 | 44,35 |  0,00 | 0,120 | 243,38 | 243,38 |  0,00 | 0,315 | 244,45 | 244,45 |  0,00 | 71,645 | 47,43 | 47,43 | 164,413 |   NaN | NaN | 0,00 | 0,00 | NaN
  25 |  0,00 | 0,790 | 584,09 | 584,09 | 626,12 |  0,00 | 0,173 | 44,35 | 44,35 |  0,00 | 0,178 | 244,08 | 244,08 |  0,00 | 0,238 | 248,23 | 248,23 |  0,00 | 24,530 | 47,43 | 47,43 | 70,171 |   NaN | NaN | 0,00 | 0,00 | NaN
  26 |  0,00 | 0,767 | 577,89 | 577,89 | 618,32 |  0,00 | 0,170 | 44,35 | 44,35 |  0,00 | 0,172 | 244,08 | 244,08 |  0,00 | 0,239 | 242,02 | 242,02 |  0,00 | 23,595 | 47,43 | 47,43 | 65,514 |   NaN | NaN | 0,00 | 0,00 | NaN
  27 |  0,00 | 4,557 | 575,25 | 575,25 | 609,76 |  0,00 | 0,096 | 44,35 | 44,35 |  0,00 | 0,106 | 243,33 | 243,33 |  0,00 | 0,334 | 240,13 | 240,13 |  0,00 | 177,262 | 47,43 | 47,43 | 449,516 |   NaN | NaN | 0,00 | 0,00 | NaN
  28 |  0,00 | 7,855 | 574,22 | 574,22 | 612,31 |  0,00 | 0,162 | 44,35 | 44,35 |  0,00 | 0,420 | 242,62 | 242,62 |  0,00 | 0,530 | 239,81 | 239,81 |  0,00 | 303,485 | 47,43 | 47,43 | 574,721 |   NaN | NaN | 0,00 | 0,00 | NaN
  29 |  0,00 | 7,771 | 581,86 | 581,86 | 616,95 |  0,00 | 0,142 | 44,35 | 44,35 |  0,00 | 0,277 | 245,06 | 245,06 |  0,00 | 0,505 | 245,02 | 245,02 |  0,00 | 304,342 | 47,43 | 47,43 | 619,581 |   NaN | NaN | 0,00 | 0,00 | NaN
  30 |  0,00 | 6,128 | 575,86 | 575,86 | 617,47 |  0,00 | 0,172 | 44,35 | 44,35 |  0,00 | 0,197 | 241,28 | 241,28 |  0,00 | 0,253 | 242,80 | 242,80 |  0,00 | 238,982 | 47,43 | 47,43 | 573,617 |   NaN | NaN | 0,00 | 0,00 | NaN
  31 |  0,00 | 7,763 | 578,04 | 578,04 | 613,04 |  0,00 | 0,139 | 44,35 | 44,35 |  0,00 | 0,248 | 245,12 | 245,12 |  0,00 | 0,504 | 241,13 | 241,13 |  0,00 | 303,224 | 47,43 | 47,43 | 571,882 |   NaN | NaN | 0,00 | 0,00 | NaN
  32 |  0,00 | 7,459 | 581,24 | 581,24 | 615,73 |  0,00 | 0,096 | 44,35 | 44,35 |  0,00 | 0,165 | 244,52 | 244,52 |  0,00 | 0,546 | 244,93 | 244,93 |  0,00 | 293,129 | 47,43 | 47,43 | 624,351 |   NaN | NaN | 0,00 | 0,00 | NaN
  33 |  0,00 | 6,852 | 577,07 | 577,07 | 614,67 |  0,00 | 0,161 | 44,35 | 44,35 |  0,00 | 0,276 | 243,10 | 243,10 |  0,00 | 0,527 | 242,18 | 242,18 |  0,00 | 265,276 | 47,43 | 47,43 | 608,255 |   NaN | NaN | 0,00 | 0,00 | NaN
  34 |  0,00 | 4,045 | 576,43 | 576,43 | 612,31 |  0,00 | 0,152 | 44,35 | 44,35 |  0,00 | 0,160 | 242,97 | 242,97 |  0,00 | 0,267 | 241,67 | 241,67 |  0,00 | 155,830 | 47,43 | 47,43 | 365,985 |   NaN | NaN | 0,00 | 0,00 | NaN
  35 |  0,00 | 3,833 | 583,00 | 583,00 | 617,67 |  0,00 | 0,101 | 44,35 | 44,35 |  0,00 | 0,110 | 245,90 | 245,90 |  0,00 | 0,315 | 245,31 | 245,31 |  0,00 | 149,260 | 47,43 | 47,43 | 330,084 |   NaN | NaN | 0,00 | 0,00 | NaN
  36 |  0,00 | 4,282 | 577,98 | 577,98 | 614,36 |  0,00 | 0,154 | 44,35 | 44,35 |  0,00 | 0,171 | 240,66 | 240,66 |  0,00 | 0,265 | 245,54 | 245,54 |  0,00 | 165,454 | 47,43 | 47,43 | 406,743 |   NaN | NaN | 0,00 | 0,00 | NaN
  37 |  0,00 | 7,439 | 583,12 | 583,12 | 618,02 |  0,00 | 0,137 | 44,35 | 44,35 |  0,00 | 0,249 | 247,10 | 247,10 |  0,00 | 0,398 | 244,23 | 244,23 |  0,00 | 292,648 | 47,43 | 47,43 | 624,763 |   NaN | NaN | 0,00 | 0,00 | NaN
  38 |  0,00 | 5,606 | 581,84 | 581,84 | 616,60 |  0,00 | 0,129 | 44,35 | 44,35 |  0,00 | 0,138 | 245,85 | 245,85 |  0,00 | 0,292 | 244,20 | 244,20 |  0,00 | 220,314 | 47,43 | 47,43 | 547,348 |   NaN | NaN | 0,00 | 0,00 | NaN
  39 |  0,00 | 6,960 | 570,91 | 570,91 | 612,41 |  0,00 | 0,172 | 44,35 | 44,35 |  0,00 | 0,200 | 240,56 | 240,56 |  0,00 | 0,289 | 238,57 | 238,57 |  0,00 | 270,812 | 47,43 | 47,43 | 613,017 |   NaN | NaN | 0,00 | 0,00 | NaN
  40 |  0,00 | 4,768 | 573,49 | 573,49 | 614,96 |  0,00 | 0,172 | 44,35 | 44,35 |  0,00 | 0,197 | 242,89 | 242,89 |  0,00 | 0,260 | 238,82 | 238,82 |  0,00 | 183,711 | 47,43 | 47,43 | 464,883 |   NaN | NaN | 0,00 | 0,00 | NaN
  41 |  0,00 | 7,947 | 582,37 | 582,37 | 618,86 |  0,00 | 0,155 | 44,35 | 44,35 |  0,00 | 0,386 | 242,29 | 242,29 |  0,00 | 0,673 | 248,30 | 248,30 |  0,00 | 308,632 | 47,43 | 47,43 | 604,623 |   NaN | NaN | 0,00 | 0,00 | NaN
  42 |  0,00 | 7,689 | 584,43 | 584,43 | 619,11 |  0,00 | 0,101 | 44,35 | 44,35 |  0,00 | 0,207 | 246,29 | 246,29 |  0,00 | 0,440 | 246,36 | 246,36 |  0,00 | 303,885 | 47,43 | 47,43 | 619,614 |   NaN | NaN | 0,00 | 0,00 | NaN
  43 |  0,00 | 6,932 | 585,37 | 585,37 | 625,75 |  0,00 | 0,179 | 44,35 | 44,35 |  0,00 | 0,189 | 247,50 | 247,50 |  0,00 | 0,268 | 246,09 | 246,09 |  0,00 | 273,677 | 47,43 | 47,43 | 613,779 |   NaN | NaN | 0,00 | 0,00 | NaN
  44 |  0,00 | 7,851 | 582,45 | 582,45 | 616,75 |  0,00 | 0,093 | 44,35 | 44,35 |  0,00 | 0,198 | 244,21 | 244,21 |  0,00 | 0,643 | 246,46 | 246,46 |  0,00 | 308,110 | 47,43 | 47,43 | 595,336 |   NaN | NaN | 0,00 | 0,00 | NaN
  45 |  0,00 | 7,851 | 578,52 | 578,52 | 621,63 |  0,00 | 0,176 | 44,35 | 44,35 |  0,00 | 0,307 | 246,63 | 246,63 |  0,00 | 0,492 | 240,11 | 240,11 |  0,00 | 305,733 | 47,43 | 47,43 | 616,840 |   NaN | NaN | 0,00 | 0,00 | NaN
  46 |  0,00 | 7,067 | 578,85 | 578,85 | 613,56 |  0,00 | 0,115 | 44,35 | 44,35 |  0,00 | 0,164 | 242,00 | 242,00 |  0,00 | 0,361 | 245,06 | 245,06 |  0,00 | 278,003 | 47,43 | 47,43 | 618,753 |   NaN | NaN | 0,00 | 0,00 | NaN
  47 |  0,00 | 7,628 | 576,93 | 576,93 | 611,63 |  0,00 | 0,112 | 44,35 | 44,35 |  0,00 | 0,247 | 243,15 | 243,15 |  0,00 | 0,578 | 241,99 | 241,99 |  0,00 | 297,286 | 47,43 | 47,43 | 554,862 |   NaN | NaN | 0,00 | 0,00 | NaN
  48 |  0,00 | 7,905 | 577,17 | 577,17 | 612,28 |  0,00 | 0,142 | 44,35 | 44,35 |  0,00 | 0,328 | 242,79 | 242,79 |  0,00 | 0,466 | 242,59 | 242,59 |  0,00 | 308,262 | 47,43 | 47,43 | 595,908 |   NaN | NaN | 0,00 | 0,00 | NaN
  49 |  0,00 | 7,665 | 576,72 | 576,72 | 612,97 |  0,00 | 0,154 | 44,35 | 44,35 |  0,00 | 0,271 | 243,23 | 243,23 |  0,00 | 0,449 | 241,71 | 241,71 |  0,00 | 298,898 | 47,43 | 47,43 | 558,933 |   NaN | NaN | 0,00 | 0,00 | NaN
  50 |  0,00 | 6,834 | 579,24 | 579,24 | 613,91 |  0,00 | 0,109 | 44,35 | 44,35 |  0,00 | 0,143 | 244,59 | 244,59 |  0,00 | 0,360 | 242,87 | 242,87 |  0,00 | 269,079 | 47,43 | 47,43 | 611,695 |   NaN | NaN | 0,00 | 0,00 | NaN
  51 |  0,00 | 7,806 | 579,49 | 579,49 | 614,17 |  0,00 | 0,107 | 44,35 | 44,35 |  0,00 | 0,219 | 242,96 | 242,96 |  0,00 | 0,534 | 244,74 | 244,74 |  0,00 | 306,006 | 47,43 | 47,43 | 598,122 |   NaN | NaN | 0,00 | 0,00 | NaN
  52 |  0,00 | 7,879 | 580,11 | 580,11 | 614,94 |  0,00 | 0,133 | 44,35 | 44,35 |  0,00 | 0,246 | 240,75 | 240,75 |  0,00 | 0,649 | 247,57 | 247,57 |  0,00 | 307,201 | 47,43 | 47,43 | 610,407 |   NaN | NaN | 0,00 | 0,00 | NaN
  53 |  0,00 | 7,340 | 579,61 | 579,61 | 614,32 |  0,00 | 0,120 | 44,35 | 44,35 |  0,00 | 0,163 | 245,05 | 245,05 |  0,00 | 0,355 | 242,77 | 242,77 |  0,00 | 289,238 | 47,43 | 47,43 | 623,241 |   NaN | NaN | 0,00 | 0,00 | NaN
  54 |  0,00 | 7,844 | 574,49 | 574,49 | 609,22 |  0,00 | 0,123 | 44,35 | 44,35 |  0,00 | 0,281 | 243,06 | 243,06 |  0,00 | 0,508 | 239,65 | 239,65 |  0,00 | 305,485 | 47,43 | 47,43 | 614,649 |   NaN | NaN | 0,00 | 0,00 | NaN
  55 |  0,00 | 5,624 | 575,05 | 575,05 | 609,74 |  0,00 | 0,108 | 44,35 | 44,35 |  0,00 | 0,127 | 240,94 | 240,94 |  0,00 | 0,328 | 242,33 | 242,33 |  0,00 | 219,753 | 47,43 | 47,43 | 546,084 |   NaN | NaN | 0,00 | 0,00 | NaN
  56 |  0,00 | 7,919 | 574,62 | 574,62 | 609,35 |  0,00 | 0,114 | 44,35 | 44,35 |  0,00 | 0,226 | 241,60 | 241,60 |  0,00 | 0,671 | 241,24 | 241,24 |  0,00 | 307,623 | 47,43 | 47,43 | 596,784 |   NaN | NaN | 0,00 | 0,00 | NaN
  57 |  0,00 | 7,768 | 577,64 | 577,64 | 612,33 |  0,00 | 0,111 | 44,35 | 44,35 |  0,00 | 0,302 | 242,24 | 242,24 |  0,00 | 0,460 | 243,62 | 243,62 |  0,00 | 303,803 | 47,43 | 47,43 | 573,012 |   NaN | NaN | 0,00 | 0,00 | NaN
  58 |  0,00 | 7,774 | 581,37 | 581,37 | 616,37 |  0,00 | 0,140 | 44,35 | 44,35 |  0,00 | 0,277 | 245,76 | 245,76 |  0,00 | 0,450 | 243,82 | 243,82 |  0,00 | 304,859 | 47,43 | 47,43 | 578,066 |   NaN | NaN | 0,00 | 0,00 | NaN
  59 |  0,00 | 4,023 | 582,88 | 582,88 | 620,06 |  0,00 | 0,159 | 44,35 | 44,35 |  0,00 | 0,166 | 242,65 | 242,65 |  0,00 | 0,255 | 248,44 | 248,44 |  0,00 | 155,802 | 47,43 | 47,43 | 369,098 |   NaN | NaN | 0,00 | 0,00 | NaN
  60 |  0,00 | 7,824 | 578,31 | 578,31 | 612,74 |  0,00 | 0,094 | 44,35 | 44,35 |  0,00 | 0,154 | 243,95 | 243,95 |  0,00 | 0,412 | 242,58 | 242,58 |  0,00 | 308,497 | 47,43 | 47,43 | 605,570 |   NaN | NaN | 0,00 | 0,00 | NaN
  61 |  0,00 | 7,233 | 581,75 | 581,75 | 616,50 |  0,00 | 0,116 | 44,35 | 44,35 |  0,00 | 0,153 | 244,78 | 244,78 |  0,00 | 0,405 | 245,18 | 245,18 |  0,00 | 285,231 | 47,43 | 47,43 | 622,239 |   NaN | NaN | 0,00 | 0,00 | NaN
  62 |  0,00 | 7,881 | 581,27 | 581,27 | 625,14 |  0,00 | 0,178 | 44,35 | 44,35 |  0,00 | 0,325 | 243,93 | 243,93 |  0,00 | 0,432 | 245,56 | 245,56 |  0,00 | 308,122 | 47,43 | 47,43 | 595,799 |   NaN | NaN | 0,00 | 0,00 | NaN
  63 |  0,00 | 6,043 | 579,11 | 579,11 | 613,93 |  0,00 | 0,133 | 44,35 | 44,35 |  0,00 | 0,156 | 244,97 | 244,97 |  0,00 | 0,312 | 242,36 | 242,36 |  0,00 | 236,943 | 47,43 | 47,43 | 573,342 |   NaN | NaN | 0,00 | 0,00 | NaN
  64 |  0,00 | 7,872 | 574,30 | 574,30 | 617,80 |  0,00 | 0,176 | 44,35 | 44,35 |  0,00 | 0,285 | 241,24 | 241,24 |  0,00 | 0,443 | 241,27 | 241,27 |  0,00 | 305,997 | 47,43 | 47,43 | 615,832 |   NaN | NaN | 0,00 | 0,00 | NaN

= = = = = = = = = = = = AVERAGE RESULTS system = = = = = = = = = = = =
meanPLR_system | 0,000000 
meanDelay_system | 5,057845 
meanLoad_system | 578,924928 
meanTHR_system | 578,924928 
meanGate_system | 615,562423 

meanPLR_EF_system | 0,000000 
meanPLR_AF_system | 0,000000 
meanPLR_BE_system | 0,000000 
meanPLR_FLA_system | 0,000000 
meanPLR_FLB_system | NaN 

meanTHR_EF_system | 44,352003 
meanTHR_AF_system | 243,745870 
meanTHR_BE_system | 243,394114 
meanTHR_FLA_system | 48,337611 
meanTHR_FLB_system | 0,000000 

meanLoad_EF_system | 44,352003 
meanLoad_AF_system | 243,745870 
meanLoad_BE_system | 243,394114 
meanLoad_FLA_system | 48,337611 
meanLoad_FLB_system | 0,000000 

meanDELAY_EF_system | 0,137719 
meanDELAY_AF_system | 0,206349 
meanDELAY_BE_system | 0,380130 
meanDELAY_FLA_system | 195,807476 
meanDELAY_FLB_system | NaN 
meanDELAY_CompleteFLA_system | 416,573331 
meanDELAY_CompleteFLB_system | NaN 

= = = = = = = = = = = = AVERAGE RESULTS = = = = = = = = = = = =
Packet Loss Ratio: 00,00 (%)
PROCESSED PACKAGES: 1637820819 
DISCARTED PACKAGES: 0 
TOTAL PACKAGES: 1637820819 
AVERAGE DELAY: 807,31 (ms) 
AVERAGE THROUGHPUT: 578,92 (Mbps) 
GRANTED THROUGHPUT: 39396,00 (Mbps) By 64 ONUs
EFFECTIVE THROUGHPUT: 37051,20 (Mbps) By 64 ONUs
TOTAL LOAD: 37051,20 (Mbps) By 64 ONUs
ON Arrival THROUGHPUT: 0,00 (Mbps) By 64 ONUs
FINISHTIMEFL: 157,293664 
FINISHTIME: 160,293664 


fileName | IPACT_LBCONSTANTTOKENSBYCYCLE_3_36_65_0 
