
ONU ID 	|  PLR(%) | Delay(ms) | Throughput(Mbps) | Granted Throughput(Mbps) | Total Load (Mbps) 

  ID |  PLR(%) |  D  | Thr |  Gates  |  Load  | PLR-EF | D-EF | ThrEF | LoadEF | PLR-AF | D-AF | ThrAF | LoadAF | PLR-BE | D-BE | ThrBE | LoadBE | PLR-FA | D-FA | ThrFA | LoadFA | DTFA |  PLR-FB | D-FB | ThrFB | LoadFB | DTFB | 
   1 |  0,00 | 38,677 | 752,44 | 752,44 | 757,97 |  0,00 | 1,198 | 44,35 | 44,35 |  0,00 | 9,862 | 342,89 | 342,89 |  0,00 | 120,123 | 337,47 | 337,47 |  0,00 | 126,966 | 27,73 | 27,73 | 277,830 |   NaN | NaN | 0,00 | 0,00 | NaN
   2 |  0,00 | 50,583 | 748,38 | 748,38 | 754,33 |  0,00 | 1,210 | 44,35 | 44,35 |  0,00 | 3,101 | 340,77 | 340,77 |  0,00 | 157,526 | 335,53 | 335,53 |  0,00 | 404,036 | 27,73 | 27,73 | 1228,068 |   NaN | NaN | 0,00 | 0,00 | NaN
   3 |  0,01 | 45,940 | 743,37 | 743,43 | 748,81 |  0,00 | 1,146 | 44,35 | 44,35 |  0,00 | 4,315 | 335,00 | 335,00 |  0,02 | 142,473 | 336,28 | 336,34 |  0,00 | 323,060 | 27,73 | 27,73 | 984,250 |   NaN | NaN | 0,00 | 0,00 | NaN
   4 |  0,00 | 37,425 | 751,30 | 751,30 | 756,69 |  0,00 | 1,152 | 44,35 | 44,35 |  0,00 | 9,250 | 341,30 | 341,30 |  0,00 | 116,178 | 337,92 | 337,92 |  0,00 | 125,492 | 27,73 | 27,73 | 270,635 |   NaN | NaN | 0,00 | 0,00 | NaN
   5 |  0,04 | 49,255 | 742,06 | 742,34 | 747,53 |  0,00 | 1,177 | 44,35 | 44,35 |  0,00 | 1,772 | 335,95 | 335,95 |  0,08 | 140,348 | 334,03 | 334,31 |  0,00 | 712,720 | 27,73 | 27,73 | 2158,351 |   NaN | NaN | 0,00 | 0,00 | NaN
   6 |  0,00 | 46,695 | 748,26 | 748,26 | 753,70 |  0,00 | 1,126 | 44,35 | 44,35 |  0,00 | 2,346 | 339,13 | 339,13 |  0,00 | 138,460 | 337,04 | 337,04 |  0,00 | 528,595 | 27,73 | 27,73 | 1601,920 |   NaN | NaN | 0,00 | 0,00 | NaN
   7 |  0,00 | 39,605 | 746,94 | 746,94 | 752,36 |  0,00 | 1,144 | 44,35 | 44,35 |  0,00 | 9,055 | 337,07 | 337,07 |  0,00 | 122,707 | 337,78 | 337,78 |  0,00 | 149,621 | 27,73 | 27,73 | 375,528 |   NaN | NaN | 0,00 | 0,00 | NaN
   8 |  0,00 | 40,632 | 752,27 | 752,27 | 757,81 |  0,00 | 1,194 | 44,35 | 44,35 |  0,00 | 2,379 | 339,26 | 339,26 |  0,00 | 120,121 | 340,92 | 340,92 |  0,00 | 433,351 | 27,73 | 27,73 | 1318,940 |   NaN | NaN | 0,00 | 0,00 | NaN
   9 |  0,00 | 40,144 | 748,34 | 748,34 | 753,77 |  0,00 | 1,134 | 44,35 | 44,35 |  0,00 | 6,114 | 337,42 | 337,42 |  0,00 | 122,874 | 338,83 | 338,83 |  0,00 | 252,306 | 27,73 | 27,73 | 736,558 |   NaN | NaN | 0,00 | 0,00 | NaN
  10 |  0,00 | 35,629 | 747,69 | 747,69 | 753,17 |  0,00 | 1,195 | 44,35 | 44,35 |  0,00 | 9,817 | 339,41 | 339,41 |  0,00 | 109,318 | 336,20 | 336,20 |  0,00 | 127,196 | 27,73 | 27,73 | 283,730 |   NaN | NaN | 0,00 | 0,00 | NaN
  11 |  0,00 | 38,528 | 746,79 | 746,79 | 752,24 |  0,00 | 1,135 | 44,35 | 44,35 |  0,00 | 1,291 | 336,55 | 336,55 |  0,00 | 87,293 | 338,16 | 338,16 |  0,00 | 1051,333 | 27,73 | 27,73 | 3256,226 |   NaN | NaN | 0,00 | 0,00 | NaN
  12 |  0,00 | 45,737 | 747,76 | 747,76 | 753,34 |  0,00 | 1,197 | 44,35 | 44,35 |  0,00 | 1,824 | 337,10 | 337,10 |  0,00 | 134,660 | 338,57 | 338,57 |  0,00 | 531,609 | 27,73 | 27,73 | 1613,042 |   NaN | NaN | 0,00 | 0,00 | NaN
  13 |  0,00 | 41,486 | 739,06 | 739,06 | 744,52 |  0,00 | 1,162 | 44,35 | 44,35 |  0,00 | 2,605 | 335,53 | 335,53 |  0,00 | 126,109 | 331,44 | 331,44 |  0,00 | 403,548 | 27,73 | 27,73 | 1228,301 |   NaN | NaN | 0,00 | 0,00 | NaN
  14 |  0,00 | 45,718 | 752,48 | 752,48 | 758,19 |  0,00 | 1,203 | 44,35 | 44,35 |  0,00 | 1,371 | 340,05 | 340,05 |  0,00 | 129,040 | 340,34 | 340,34 |  0,00 | 668,838 | 27,73 | 27,73 | 2027,593 |   NaN | NaN | 0,00 | 0,00 | NaN
  15 |  0,00 | 42,119 | 746,46 | 746,46 | 752,02 |  0,00 | 1,197 | 44,35 | 44,35 |  0,00 | 9,385 | 333,34 | 333,34 |  0,00 | 129,693 | 341,04 | 341,04 |  0,00 | 156,615 | 27,73 | 27,73 | 418,474 |   NaN | NaN | 0,00 | 0,00 | NaN
  16 |  0,00 | 42,122 | 754,97 | 754,97 | 760,46 |  0,00 | 1,188 | 44,35 | 44,35 |  0,00 | 4,765 | 340,15 | 340,15 |  0,00 | 127,197 | 342,74 | 342,74 |  0,00 | 327,036 | 27,73 | 27,73 | 983,870 |   NaN | NaN | 0,00 | 0,00 | NaN
  17 |  0,00 | 43,495 | 748,21 | 748,21 | 753,86 |  0,00 | 1,201 | 44,35 | 44,35 |  0,00 | 5,205 | 339,53 | 339,53 |  0,00 | 136,315 | 336,59 | 336,59 |  0,00 | 253,178 | 27,73 | 27,73 | 758,862 |   NaN | NaN | 0,00 | 0,00 | NaN
  18 |  0,00 | 30,218 | 744,71 | 744,71 | 750,18 |  0,00 | 1,178 | 44,35 | 44,35 |  0,00 | 1,371 | 336,95 | 336,95 |  0,00 | 58,211 | 335,68 | 335,68 |  0,00 | 1047,118 | 27,73 | 27,73 | 3468,277 |   NaN | NaN | 0,00 | 0,00 | NaN
  19 |  0,00 | 46,179 | 740,93 | 740,93 | 746,38 |  0,00 | 1,169 | 44,35 | 44,35 |  0,00 | 1,709 | 332,92 | 332,92 |  0,00 | 120,884 | 335,92 | 335,92 |  0,00 | 889,501 | 27,73 | 27,73 | 2701,907 |   NaN | NaN | 0,00 | 0,00 | NaN
  20 |  0,00 | 36,788 | 739,69 | 739,69 | 745,14 |  0,00 | 1,164 | 44,35 | 44,35 |  0,00 | 1,730 | 336,67 | 336,67 |  0,00 | 81,911 | 330,94 | 330,94 |  0,00 | 1044,997 | 27,73 | 27,73 | 3265,509 |   NaN | NaN | 0,00 | 0,00 | NaN
  21 |  0,00 | 31,207 | 737,56 | 737,56 | 742,96 |  0,00 | 1,169 | 44,35 | 44,35 |  0,00 | 11,006 | 334,03 | 334,03 |  0,00 | 92,605 | 331,45 | 331,45 |  0,00 | 136,425 | 27,73 | 27,73 | 324,511 |   NaN | NaN | 0,00 | 0,00 | NaN
  22 |  0,00 | 48,520 | 751,07 | 751,07 | 756,93 |  0,00 | 1,207 | 44,35 | 44,35 |  0,00 | 1,512 | 343,02 | 343,02 |  0,00 | 136,803 | 335,96 | 335,96 |  0,00 | 750,120 | 27,73 | 27,73 | 2271,182 |   NaN | NaN | 0,00 | 0,00 | NaN
  23 |  0,00 | 41,200 | 749,08 | 749,08 | 754,59 |  0,00 | 1,189 | 44,35 | 44,35 |  0,00 | 1,491 | 338,62 | 338,62 |  0,00 | 97,535 | 338,38 | 338,38 |  0,00 | 1030,883 | 27,73 | 27,73 | 3147,738 |   NaN | NaN | 0,00 | 0,00 | NaN
  24 |  0,00 | 48,423 | 752,95 | 752,95 | 758,41 |  0,00 | 1,151 | 44,35 | 44,35 |  0,00 | 2,277 | 339,87 | 339,87 |  0,00 | 145,639 | 341,00 | 341,00 |  0,00 | 481,010 | 27,73 | 27,73 | 1459,070 |   NaN | NaN | 0,00 | 0,00 | NaN
  25 |  0,00 | 41,080 | 749,71 | 749,71 | 755,58 |  0,00 | 1,208 | 44,35 | 44,35 |  0,00 | 7,537 | 335,30 | 335,30 |  0,00 | 127,159 | 342,33 | 342,33 |  0,00 | 169,515 | 27,73 | 27,73 | 455,743 |   NaN | NaN | 0,00 | 0,00 | NaN
  26 |  0,00 | 36,847 | 744,61 | 744,61 | 750,37 |  0,00 | 1,205 | 44,35 | 44,35 |  0,00 | 11,176 | 337,45 | 337,45 |  0,00 | 111,808 | 335,08 | 335,08 |  0,00 | 140,525 | 27,73 | 27,73 | 341,018 |   NaN | NaN | 0,00 | 0,00 | NaN
  27 |  0,00 | 31,353 | 743,80 | 743,80 | 749,25 |  0,00 | 1,131 | 44,35 | 44,35 |  0,00 | 1,277 | 338,12 | 338,12 |  0,00 | 65,053 | 333,60 | 333,60 |  0,00 | 994,146 | 27,73 | 27,73 | 3366,035 |   NaN | NaN | 0,00 | 0,00 | NaN
  28 |  0,00 | 43,584 | 740,89 | 740,89 | 746,51 |  0,00 | 1,198 | 44,35 | 44,35 |  0,00 | 1,606 | 336,13 | 336,13 |  0,00 | 104,576 | 332,68 | 332,68 |  0,00 | 1076,791 | 27,73 | 27,73 | 3279,725 |   NaN | NaN | 0,00 | 0,00 | NaN
  29 |  0,00 | 41,690 | 747,23 | 747,23 | 752,69 |  0,00 | 1,177 | 44,35 | 44,35 |  0,00 | 1,511 | 336,11 | 336,11 |  0,00 | 98,597 | 339,03 | 339,03 |  0,00 | 1036,582 | 27,73 | 27,73 | 3189,215 |   NaN | NaN | 0,00 | 0,00 | NaN
  30 |  0,00 | 37,770 | 745,71 | 745,71 | 751,62 |  0,00 | 1,207 | 44,35 | 44,35 |  0,00 | 1,346 | 335,92 | 335,92 |  0,00 | 81,844 | 337,71 | 337,71 |  0,00 | 1111,009 | 27,73 | 27,73 | 3552,196 |   NaN | NaN | 0,00 | 0,00 | NaN
  31 |  0,00 | 39,468 | 745,18 | 745,18 | 750,64 |  0,00 | 1,174 | 44,35 | 44,35 |  0,00 | 1,380 | 337,64 | 337,64 |  0,00 | 92,024 | 335,46 | 335,46 |  0,00 | 1027,530 | 27,73 | 27,73 | 3132,873 |   NaN | NaN | 0,00 | 0,00 | NaN
  32 |  0,00 | 40,988 | 749,57 | 749,57 | 755,02 |  0,00 | 1,131 | 44,35 | 44,35 |  0,00 | 1,557 | 337,72 | 337,72 |  0,00 | 96,353 | 339,77 | 339,77 |  0,00 | 1033,501 | 27,73 | 27,73 | 3201,682 |   NaN | NaN | 0,00 | 0,00 | NaN
  33 |  0,00 | 37,777 | 744,44 | 744,44 | 750,02 |  0,00 | 1,196 | 44,35 | 44,35 |  0,00 | 1,597 | 335,57 | 335,57 |  0,00 | 86,002 | 336,79 | 336,79 |  0,00 | 1012,776 | 27,73 | 27,73 | 3200,864 |   NaN | NaN | 0,00 | 0,00 | NaN
  34 |  0,00 | 25,386 | 746,56 | 746,56 | 752,06 |  0,00 | 1,187 | 44,35 | 44,35 |  0,00 | 1,290 | 336,60 | 336,60 |  0,00 | 44,537 | 337,88 | 337,88 |  0,00 | 966,150 | 27,73 | 27,73 | 3427,255 |   NaN | NaN | 0,00 | 0,00 | NaN
  35 |  0,00 | 27,161 | 750,80 | 750,80 | 756,27 |  0,00 | 1,136 | 44,35 | 44,35 |  0,00 | 1,150 | 339,52 | 339,52 |  0,00 | 54,628 | 339,19 | 339,19 |  0,00 | 886,141 | 27,73 | 27,73 | 3291,162 |   NaN | NaN | 0,00 | 0,00 | NaN
  36 |  0,00 | 32,299 | 744,77 | 744,77 | 750,28 |  0,00 | 1,190 | 44,35 | 44,35 |  0,00 | 1,268 | 334,48 | 334,48 |  0,00 | 68,564 | 338,20 | 338,20 |  0,00 | 970,284 | 27,73 | 27,73 | 3357,594 |   NaN | NaN | 0,00 | 0,00 | NaN
  37 |  0,00 | 40,766 | 752,04 | 752,04 | 757,49 |  0,00 | 1,172 | 44,35 | 44,35 |  0,00 | 1,506 | 341,53 | 341,53 |  0,00 | 96,845 | 338,43 | 338,43 |  0,00 | 1019,097 | 27,73 | 27,73 | 3169,827 |   NaN | NaN | 0,00 | 0,00 | NaN
  38 |  0,00 | 39,160 | 752,74 | 752,74 | 758,20 |  0,00 | 1,164 | 44,35 | 44,35 |  0,00 | 1,389 | 340,19 | 340,19 |  0,00 | 90,479 | 340,48 | 340,48 |  0,00 | 1027,053 | 27,73 | 27,73 | 3334,985 |   NaN | NaN | 0,00 | 0,00 | NaN
  39 |  0,00 | 39,138 | 740,27 | 740,27 | 746,16 |  0,00 | 1,207 | 44,35 | 44,35 |  0,00 | 1,656 | 335,91 | 335,91 |  0,00 | 89,355 | 332,27 | 332,27 |  0,00 | 1060,742 | 27,73 | 27,73 | 3337,154 |   NaN | NaN | 0,00 | 0,00 | NaN
  40 |  0,00 | 30,914 | 737,72 | 737,72 | 743,65 |  0,00 | 1,207 | 44,35 | 44,35 |  0,00 | 1,448 | 335,54 | 335,54 |  0,00 | 62,313 | 330,10 | 330,10 |  0,00 | 1016,599 | 27,73 | 27,73 | 3398,305 |   NaN | NaN | 0,00 | 0,00 | NaN
  41 |  0,00 | 48,133 | 751,80 | 751,80 | 757,33 |  0,00 | 1,190 | 44,35 | 44,35 |  0,00 | 1,470 | 337,32 | 337,32 |  0,00 | 121,105 | 342,40 | 342,40 |  0,00 | 1028,923 | 27,73 | 27,73 | 3155,326 |   NaN | NaN | 0,00 | 0,00 | NaN
  42 |  0,00 | 39,839 | 749,77 | 749,77 | 755,23 |  0,00 | 1,136 | 44,35 | 44,35 |  0,00 | 1,505 | 338,23 | 338,23 |  0,00 | 90,710 | 339,46 | 339,46 |  0,00 | 1073,797 | 27,73 | 27,73 | 3303,466 |   NaN | NaN | 0,00 | 0,00 | NaN
  43 |  0,00 | 42,207 | 753,46 | 753,46 | 759,30 |  0,00 | 1,214 | 44,35 | 44,35 |  0,00 | 1,661 | 341,79 | 341,79 |  0,00 | 100,610 | 339,58 | 339,58 |  0,00 | 1041,107 | 27,73 | 27,73 | 3274,675 |   NaN | NaN | 0,00 | 0,00 | NaN
  44 |  0,00 | 41,916 | 750,25 | 750,25 | 755,69 |  0,00 | 1,126 | 44,35 | 44,35 |  0,00 | 1,396 | 338,57 | 338,57 |  0,00 | 100,382 | 339,59 | 339,59 |  0,00 | 1022,926 | 27,73 | 27,73 | 3128,322 |   NaN | NaN | 0,00 | 0,00 | NaN
  45 |  0,00 | 39,188 | 749,27 | 749,27 | 755,28 |  0,00 | 1,211 | 44,35 | 44,35 |  0,00 | 1,504 | 341,16 | 341,16 |  0,00 | 88,451 | 336,03 | 336,03 |  0,00 | 1089,728 | 27,73 | 27,73 | 3348,539 |   NaN | NaN | 0,00 | 0,00 | NaN
  46 |  0,02 | 45,755 | 747,72 | 747,83 | 753,17 |  0,00 | 1,150 | 44,35 | 44,35 |  0,00 | 1,287 | 337,26 | 337,26 |  0,03 | 112,643 | 338,38 | 338,49 |  0,00 | 1055,919 | 27,73 | 27,73 | 3302,542 |   NaN | NaN | 0,00 | 0,00 | NaN
  47 |  0,00 | 44,104 | 748,26 | 748,26 | 753,71 |  0,00 | 1,148 | 44,35 | 44,35 |  0,00 | 1,595 | 340,56 | 340,56 |  0,00 | 111,439 | 335,62 | 335,62 |  0,00 | 964,133 | 27,73 | 27,73 | 2940,663 |   NaN | NaN | 0,00 | 0,00 | NaN
  48 |  0,00 | 41,391 | 745,23 | 745,23 | 750,70 |  0,00 | 1,177 | 44,35 | 44,35 |  0,00 | 1,502 | 337,01 | 337,01 |  0,00 | 98,378 | 336,14 | 336,14 |  0,00 | 1031,528 | 27,73 | 27,73 | 3150,481 |   NaN | NaN | 0,00 | 0,00 | NaN
  49 |  0,00 | 40,513 | 745,42 | 745,42 | 750,95 |  0,00 | 1,190 | 44,35 | 44,35 |  0,00 | 1,648 | 338,05 | 338,05 |  0,00 | 95,398 | 335,29 | 335,29 |  0,00 | 1030,521 | 27,73 | 27,73 | 3137,092 |   NaN | NaN | 0,00 | 0,00 | NaN
  50 |  0,00 | 34,968 | 749,06 | 749,06 | 754,50 |  0,00 | 1,144 | 44,35 | 44,35 |  0,00 | 1,604 | 341,09 | 341,09 |  0,00 | 75,920 | 335,88 | 335,88 |  0,00 | 1032,941 | 27,73 | 27,73 | 3246,387 |   NaN | NaN | 0,00 | 0,00 | NaN
  51 |  0,00 | 39,686 | 748,34 | 748,34 | 753,80 |  0,00 | 1,142 | 44,35 | 44,35 |  0,00 | 1,268 | 336,93 | 336,93 |  0,00 | 92,239 | 339,33 | 339,33 |  0,00 | 1028,552 | 27,73 | 27,73 | 3150,610 |   NaN | NaN | 0,00 | 0,00 | NaN
  52 |  0,00 | 41,018 | 742,02 | 742,02 | 747,48 |  0,00 | 1,168 | 44,35 | 44,35 |  0,00 | 1,779 | 332,51 | 332,51 |  0,00 | 96,650 | 337,43 | 337,43 |  0,00 | 1017,412 | 27,73 | 27,73 | 3122,266 |   NaN | NaN | 0,00 | 0,00 | NaN
  53 |  0,00 | 37,381 | 749,59 | 749,59 | 755,06 |  0,00 | 1,156 | 44,35 | 44,35 |  0,00 | 1,536 | 339,05 | 339,05 |  0,00 | 82,108 | 338,46 | 338,46 |  0,00 | 1076,394 | 27,73 | 27,73 | 3340,584 |   NaN | NaN | 0,00 | 0,00 | NaN
  54 |  0,00 | 34,631 | 743,67 | 743,67 | 749,13 |  0,00 | 1,158 | 44,35 | 44,35 |  0,00 | 1,437 | 337,77 | 337,77 |  0,00 | 74,358 | 333,82 | 333,82 |  0,00 | 1042,481 | 27,73 | 27,73 | 3207,847 |   NaN | NaN | 0,00 | 0,00 | NaN
  55 |  0,00 | 35,956 | 746,57 | 746,57 | 752,03 |  0,00 | 1,143 | 44,35 | 44,35 |  0,00 | 1,309 | 336,54 | 336,54 |  0,00 | 78,050 | 337,95 | 337,95 |  0,00 | 1054,486 | 27,73 | 27,73 | 3407,826 |   NaN | NaN | 0,00 | 0,00 | NaN
  56 |  0,00 | 35,598 | 744,14 | 744,14 | 749,60 |  0,00 | 1,149 | 44,35 | 44,35 |  0,00 | 1,438 | 335,00 | 335,00 |  0,00 | 76,540 | 337,06 | 337,06 |  0,00 | 1056,431 | 27,73 | 27,73 | 3224,332 |   NaN | NaN | 0,00 | 0,00 | NaN
  57 |  0,00 | 47,615 | 748,09 | 748,09 | 753,55 |  0,00 | 1,146 | 44,35 | 44,35 |  0,00 | 1,454 | 337,48 | 337,48 |  0,00 | 121,501 | 338,53 | 338,53 |  0,00 | 998,276 | 27,73 | 27,73 | 3047,196 |   NaN | NaN | 0,00 | 0,00 | NaN
  58 |  0,00 | 37,820 | 747,02 | 747,02 | 752,50 |  0,00 | 1,175 | 44,35 | 44,35 |  0,00 | 1,546 | 336,57 | 336,57 |  0,00 | 85,919 | 338,37 | 338,37 |  0,00 | 1017,139 | 27,73 | 27,73 | 3105,619 |   NaN | NaN | 0,00 | 0,00 | NaN
  59 |  0,00 | 33,317 | 751,45 | 751,45 | 757,00 |  0,00 | 1,194 | 44,35 | 44,35 |  0,00 | 1,252 | 338,45 | 338,45 |  0,00 | 71,448 | 340,91 | 340,91 |  0,00 | 987,951 | 27,73 | 27,73 | 3477,614 |   NaN | NaN | 0,00 | 0,00 | NaN
  60 |  0,00 | 35,930 | 746,11 | 746,11 | 751,56 |  0,00 | 1,129 | 44,35 | 44,35 |  0,00 | 1,460 | 337,69 | 337,69 |  0,00 | 79,656 | 336,34 | 336,34 |  0,00 | 1019,851 | 27,73 | 27,73 | 3123,780 |   NaN | NaN | 0,00 | 0,00 | NaN
  61 |  0,00 | 37,571 | 749,76 | 749,76 | 755,21 |  0,00 | 1,151 | 44,35 | 44,35 |  0,00 | 1,501 | 338,10 | 338,10 |  0,00 | 84,185 | 339,58 | 339,58 |  0,00 | 1038,297 | 27,73 | 27,73 | 3233,901 |   NaN | NaN | 0,00 | 0,00 | NaN
  62 |  0,00 | 36,536 | 749,30 | 749,30 | 755,38 |  0,00 | 1,213 | 44,35 | 44,35 |  0,00 | 1,319 | 338,82 | 338,82 |  0,00 | 81,507 | 338,40 | 338,40 |  0,00 | 1023,839 | 27,73 | 27,73 | 3128,158 |   NaN | NaN | 0,00 | 0,00 | NaN
  63 |  0,00 | 33,495 | 748,38 | 748,38 | 753,84 |  0,00 | 1,168 | 44,35 | 44,35 |  0,00 | 1,371 | 338,32 | 338,32 |  0,00 | 69,302 | 337,97 | 337,97 |  0,00 | 1057,722 | 27,73 | 27,73 | 3390,221 |   NaN | NaN | 0,00 | 0,00 | NaN
  64 |  0,00 | 40,099 | 742,92 | 742,92 | 748,97 |  0,00 | 1,211 | 44,35 | 44,35 |  0,00 | 1,449 | 333,74 | 333,74 |  0,00 | 91,563 | 337,10 | 337,10 |  0,00 | 1070,627 | 27,73 | 27,73 | 3291,662 |   NaN | NaN | 0,00 | 0,00 | NaN

= = = = = = = = = = = = AVERAGE RESULTS system = = = = = = = = = = = =
meanPLR_system | 0,000937 
meanDelay_system | 39,630826 
meanLoad_system | 747,138430 
meanTHR_system | 747,131460 
meanGate_system | 752,689606 

meanPLR_EF_system | 0,000000 
meanPLR_AF_system | 0,000000 
meanPLR_BE_system | 0,002077 
meanPLR_FLA_system | 0,000000 
meanPLR_FLB_system | NaN 

meanTHR_EF_system | 44,352002 
meanTHR_AF_system | 337,723111 
meanTHR_BE_system | 337,324948 
meanTHR_FLA_system | 28,127098 
meanTHR_FLB_system | 0,000000 

meanLoad_EF_system | 44,352002 
meanLoad_AF_system | 337,723111 
meanLoad_BE_system | 337,331919 
meanLoad_FLA_system | 28,127098 
meanLoad_FLB_system | 0,000000 

meanDELAY_EF_system | 1,172883 
meanDELAY_AF_system | 2,805220 
meanDELAY_BE_system | 100,690963 
meanDELAY_FLA_system | 802,577806 
meanDELAY_FLB_system | NaN 
meanDELAY_CompleteFLA_system | 2506,798598 
meanDELAY_CompleteFLB_system | NaN 

= = = = = = = = = = = = AVERAGE RESULTS = = = = = = = = = = = =
Packet Loss Ratio: 00,00 (%)
PROCESSED PACKAGES: 2559186015 
DISCARTED PACKAGES: 14771 
TOTAL PACKAGES: 2559200786 
AVERAGE DELAY: 7432,18 (ms) 
AVERAGE THROUGHPUT: 747,13 (Mbps) 
GRANTED THROUGHPUT: 48172,13 (Mbps) By 64 ONUs
EFFECTIVE THROUGHPUT: 47816,41 (Mbps) By 64 ONUs
TOTAL LOAD: 47816,86 (Mbps) By 64 ONUs
ON Arrival THROUGHPUT: 0,00 (Mbps) By 64 ONUs
FINISHTIMEFL: 210,245648 
FINISHTIME: 213,245648 


fileName | IPACT_LBVARIBLETOKENSBYCYCLE_5_28_90_0 
