
ONU ID 	|  PLR(%) | Delay(ms) | Throughput(Mbps) | Granted Throughput(Mbps) | Total Load (Mbps) 

  ID |  PLR(%) |  D  | Thr |  Gates  |  Load  | PLR-EF | D-EF | ThrEF | LoadEF | PLR-AF | D-AF | ThrAF | LoadAF | PLR-BE | D-BE | ThrBE | LoadBE | PLR-FA | D-FA | ThrFA | LoadFA | DTFA |  PLR-FB | D-FB | ThrFB | LoadFB | DTFB | 
   1 |  0,00 | 0,442 | 601,79 | 601,79 | 638,76 |  0,00 | 0,164 | 44,35 | 44,35 |  0,00 | 0,314 | 266,98 | 266,98 |  0,00 | 0,421 | 261,89 | 261,89 |  0,00 | 12,271 | 28,58 | 28,58 | 45,841 |   NaN | NaN | 0,00 | 0,00 | NaN
   2 |  0,00 | 0,885 | 600,08 | 600,08 | 641,25 |  0,00 | 0,176 | 44,35 | 44,35 |  0,00 | 0,207 | 265,74 | 265,74 |  0,00 | 0,291 | 261,42 | 261,42 |  0,00 | 46,596 | 28,58 | 28,58 | 146,692 |   NaN | NaN | 0,00 | 0,00 | NaN
   3 |  0,00 | 0,785 | 594,71 | 594,71 | 628,62 |  0,00 | 0,113 | 44,35 | 44,35 |  0,00 | 0,132 | 260,16 | 260,16 |  0,00 | 0,326 | 261,62 | 261,62 |  0,00 | 42,255 | 28,58 | 28,58 | 136,539 |   NaN | NaN | 0,00 | 0,00 | NaN
   4 |  0,00 | 0,421 | 601,31 | 601,31 | 635,41 |  0,00 | 0,118 | 44,35 | 44,35 |  0,00 | 0,277 | 265,66 | 265,66 |  0,00 | 0,464 | 262,72 | 262,72 |  0,00 | 12,240 | 28,58 | 28,58 | 45,614 |   NaN | NaN | 0,00 | 0,00 | NaN
   5 |  0,00 | 1,224 | 595,51 | 595,51 | 629,78 |  0,00 | 0,144 | 44,35 | 44,35 |  0,00 | 0,151 | 262,22 | 262,22 |  0,00 | 0,271 | 260,36 | 260,36 |  0,00 | 72,086 | 28,58 | 28,58 | 229,176 |   NaN | NaN | 0,00 | 0,00 | NaN
   6 |  0,00 | 0,808 | 599,56 | 599,56 | 633,21 |  0,00 | 0,093 | 44,35 | 44,35 |  0,00 | 0,099 | 264,29 | 264,29 |  0,00 | 0,328 | 262,34 | 262,34 |  0,00 | 45,266 | 28,58 | 28,58 | 152,099 |   NaN | NaN | 0,00 | 0,00 | NaN
   7 |  0,00 | 0,469 | 598,27 | 598,27 | 632,31 |  0,00 | 0,111 | 44,35 | 44,35 |  0,00 | 0,231 | 262,51 | 262,51 |  0,00 | 0,470 | 262,84 | 262,84 |  0,00 | 16,472 | 28,58 | 28,58 | 61,713 |   NaN | NaN | 0,00 | 0,00 | NaN
   8 |  0,00 | 0,918 | 602,52 | 602,52 | 638,55 |  0,00 | 0,161 | 44,35 | 44,35 |  0,00 | 0,169 | 264,12 | 264,12 |  0,00 | 0,253 | 265,47 | 265,47 |  0,00 | 50,819 | 28,58 | 28,58 | 178,509 |   NaN | NaN | 0,00 | 0,00 | NaN
   9 |  0,00 | 0,541 | 599,55 | 599,55 | 633,50 |  0,00 | 0,101 | 44,35 | 44,35 |  0,00 | 0,154 | 262,93 | 262,93 |  0,00 | 0,372 | 263,68 | 263,68 |  0,00 | 24,830 | 28,58 | 28,58 | 87,960 |   NaN | NaN | 0,00 | 0,00 | NaN
  10 |  0,00 | 0,454 | 598,04 | 598,04 | 634,37 |  0,00 | 0,162 | 44,35 | 44,35 |  0,00 | 0,326 | 263,71 | 263,71 |  0,00 | 0,434 | 261,40 | 261,40 |  0,00 | 12,727 | 28,58 | 28,58 | 45,869 |   NaN | NaN | 0,00 | 0,00 | NaN
  11 |  0,00 | 4,028 | 597,17 | 597,17 | 631,07 |  0,00 | 0,101 | 44,35 | 44,35 |  0,00 | 0,126 | 261,77 | 261,77 |  0,00 | 0,423 | 262,48 | 262,48 |  0,00 | 264,417 | 28,58 | 28,58 | 771,052 |   NaN | NaN | 0,00 | 0,00 | NaN
  12 |  0,00 | 0,906 | 599,19 | 599,19 | 635,85 |  0,00 | 0,163 | 44,35 | 44,35 |  0,00 | 0,168 | 262,82 | 262,82 |  0,00 | 0,249 | 263,45 | 263,45 |  0,00 | 49,817 | 28,58 | 28,58 | 169,156 |   NaN | NaN | 0,00 | 0,00 | NaN
  13 |  0,00 | 1,006 | 591,46 | 591,46 | 625,42 |  0,00 | 0,128 | 44,35 | 44,35 |  0,00 | 0,137 | 261,02 | 261,02 |  0,00 | 0,303 | 257,51 | 257,51 |  0,00 | 57,085 | 28,58 | 28,58 | 171,674 |   NaN | NaN | 0,00 | 0,00 | NaN
  14 |  0,00 | 1,273 | 601,21 | 601,21 | 639,54 |  0,00 | 0,169 | 44,35 | 44,35 |  0,00 | 0,172 | 263,44 | 263,44 |  0,00 | 0,243 | 264,84 | 264,84 |  0,00 | 75,119 | 28,58 | 28,58 | 235,696 |   NaN | NaN | 0,00 | 0,00 | NaN
  15 |  0,00 | 0,448 | 597,38 | 597,38 | 634,25 |  0,00 | 0,163 | 44,35 | 44,35 |  0,00 | 0,325 | 259,25 | 259,25 |  0,00 | 0,404 | 265,20 | 265,20 |  0,00 | 12,796 | 28,58 | 28,58 | 48,369 |   NaN | NaN | 0,00 | 0,00 | NaN
  16 |  0,00 | 0,616 | 604,66 | 604,66 | 639,69 |  0,00 | 0,155 | 44,35 | 44,35 |  0,00 | 0,198 | 264,47 | 264,47 |  0,00 | 0,307 | 267,26 | 267,26 |  0,00 | 28,678 | 28,58 | 28,58 | 104,113 |   NaN | NaN | 0,00 | 0,00 | NaN
  17 |  0,00 | 0,592 | 599,12 | 599,12 | 636,95 |  0,00 | 0,168 | 44,35 | 44,35 |  0,00 | 0,228 | 264,31 | 264,31 |  0,00 | 0,309 | 261,89 | 261,89 |  0,00 | 25,978 | 28,58 | 28,58 | 90,052 |   NaN | NaN | 0,00 | 0,00 | NaN
  18 |  0,00 | 2,853 | 595,80 | 595,80 | 630,01 |  0,00 | 0,144 | 44,35 | 44,35 |  0,00 | 0,158 | 262,00 | 262,00 |  0,00 | 0,276 | 260,88 | 260,88 |  0,00 | 183,812 | 28,58 | 28,58 | 720,566 |   NaN | NaN | 0,00 | 0,00 | NaN
  19 |  0,00 | 2,269 | 592,35 | 592,35 | 626,41 |  0,00 | 0,135 | 44,35 | 44,35 |  0,00 | 0,142 | 259,08 | 259,08 |  0,00 | 0,280 | 260,34 | 260,34 |  0,00 | 143,715 | 28,58 | 28,58 | 376,752 |   NaN | NaN | 0,00 | 0,00 | NaN
  20 |  0,00 | 4,049 | 592,32 | 592,32 | 626,30 |  0,00 | 0,131 | 44,35 | 44,35 |  0,00 | 0,191 | 262,16 | 262,16 |  0,00 | 0,349 | 257,23 | 257,23 |  0,00 | 263,844 | 28,58 | 28,58 | 824,071 |   NaN | NaN | 0,00 | 0,00 | NaN
  21 |  0,00 | 0,438 | 590,96 | 590,96 | 625,16 |  0,00 | 0,135 | 44,35 | 44,35 |  0,00 | 0,290 | 260,05 | 260,05 |  0,00 | 0,454 | 257,98 | 257,98 |  0,00 | 12,749 | 28,58 | 28,58 | 46,835 |   NaN | NaN | 0,00 | 0,00 | NaN
  22 |  0,00 | 1,222 | 601,37 | 601,37 | 641,43 |  0,00 | 0,174 | 44,35 | 44,35 |  0,00 | 0,179 | 267,11 | 267,11 |  0,00 | 0,241 | 261,33 | 261,33 |  0,00 | 71,358 | 28,58 | 28,58 | 237,954 |   NaN | NaN | 0,00 | 0,00 | NaN
  23 |  0,00 | 4,289 | 599,41 | 599,41 | 634,48 |  0,00 | 0,156 | 44,35 | 44,35 |  0,00 | 0,221 | 263,57 | 263,57 |  0,00 | 0,399 | 262,91 | 262,91 |  0,00 | 279,894 | 28,58 | 28,58 | 667,752 |   NaN | NaN | 0,00 | 0,00 | NaN
  24 |  0,00 | 0,930 | 602,09 | 602,09 | 635,97 |  0,00 | 0,118 | 44,35 | 44,35 |  0,00 | 0,142 | 263,78 | 263,78 |  0,00 | 0,341 | 265,38 | 265,38 |  0,00 | 51,992 | 28,58 | 28,58 | 161,154 |   NaN | NaN | 0,00 | 0,00 | NaN
  25 |  0,00 | 0,493 | 599,89 | 599,89 | 640,71 |  0,00 | 0,175 | 44,35 | 44,35 |  0,00 | 0,275 | 260,24 | 260,24 |  0,00 | 0,358 | 266,72 | 266,72 |  0,00 | 17,167 | 28,58 | 28,58 | 63,017 |   NaN | NaN | 0,00 | 0,00 | NaN
  26 |  0,00 | 0,523 | 596,35 | 596,35 | 635,64 |  0,00 | 0,171 | 44,35 | 44,35 |  0,00 | 0,343 | 262,45 | 262,45 |  0,00 | 0,435 | 260,97 | 260,97 |  0,00 | 16,826 | 28,58 | 28,58 | 55,404 |   NaN | NaN | 0,00 | 0,00 | NaN
  27 |  0,00 | 2,509 | 595,62 | 595,62 | 629,47 |  0,00 | 0,098 | 44,35 | 44,35 |  0,00 | 0,106 | 263,43 | 263,43 |  0,00 | 0,327 | 259,26 | 259,26 |  0,00 | 161,778 | 28,58 | 28,58 | 608,281 |   NaN | NaN | 0,00 | 0,00 | NaN
  28 |  0,00 | 4,234 | 592,98 | 592,98 | 629,77 |  0,00 | 0,164 | 44,35 | 44,35 |  0,00 | 0,295 | 262,00 | 262,00 |  0,00 | 0,438 | 258,05 | 258,05 |  0,00 | 272,258 | 28,58 | 28,58 | 655,608 |   NaN | NaN | 0,00 | 0,00 | NaN
  29 |  0,00 | 4,316 | 598,53 | 598,53 | 632,73 |  0,00 | 0,143 | 44,35 | 44,35 |  0,00 | 0,222 | 261,33 | 261,33 |  0,00 | 0,384 | 264,27 | 264,27 |  0,00 | 282,175 | 28,58 | 28,58 | 759,961 |   NaN | NaN | 0,00 | 0,00 | NaN
  30 |  0,00 | 3,265 | 596,60 | 596,60 | 636,82 |  0,00 | 0,174 | 44,35 | 44,35 |  0,00 | 0,181 | 261,53 | 261,53 |  0,00 | 0,238 | 262,14 | 262,14 |  0,00 | 211,567 | 28,58 | 28,58 | 800,297 |   NaN | NaN | 0,00 | 0,00 | NaN
  31 |  0,00 | 4,271 | 596,07 | 596,07 | 630,20 |  0,00 | 0,141 | 44,35 | 44,35 |  0,00 | 0,188 | 262,87 | 262,87 |  0,00 | 0,431 | 260,28 | 260,28 |  0,00 | 278,338 | 28,58 | 28,58 | 664,454 |   NaN | NaN | 0,00 | 0,00 | NaN
  32 |  0,00 | 4,044 | 599,61 | 599,61 | 633,45 |  0,00 | 0,097 | 44,35 | 44,35 |  0,00 | 0,155 | 262,79 | 262,79 |  0,00 | 0,387 | 263,89 | 263,89 |  0,00 | 266,361 | 28,58 | 28,58 | 784,530 |   NaN | NaN | 0,00 | 0,00 | NaN
  33 |  0,00 | 3,716 | 595,16 | 595,16 | 631,54 |  0,00 | 0,162 | 44,35 | 44,35 |  0,00 | 0,218 | 260,84 | 260,84 |  0,00 | 0,313 | 261,39 | 261,39 |  0,00 | 240,774 | 28,58 | 28,58 | 816,870 |   NaN | NaN | 0,00 | 0,00 | NaN
  34 |  0,00 | 2,467 | 597,29 | 597,29 | 632,13 |  0,00 | 0,154 | 44,35 | 44,35 |  0,00 | 0,161 | 261,52 | 261,52 |  0,00 | 0,261 | 262,85 | 262,85 |  0,00 | 157,444 | 28,58 | 28,58 | 545,494 |   NaN | NaN | 0,00 | 0,00 | NaN
  35 |  0,00 | 2,303 | 600,17 | 600,17 | 634,03 |  0,00 | 0,103 | 44,35 | 44,35 |  0,00 | 0,105 | 264,00 | 264,00 |  0,00 | 0,317 | 263,24 | 263,24 |  0,00 | 148,168 | 28,58 | 28,58 | 493,865 |   NaN | NaN | 0,00 | 0,00 | NaN
  36 |  0,00 | 2,457 | 595,87 | 595,87 | 631,06 |  0,00 | 0,156 | 44,35 | 44,35 |  0,00 | 0,161 | 260,68 | 260,68 |  0,00 | 0,257 | 262,26 | 262,26 |  0,00 | 156,530 | 28,58 | 28,58 | 566,779 |   NaN | NaN | 0,00 | 0,00 | NaN
  37 |  0,00 | 4,105 | 602,09 | 602,09 | 636,15 |  0,00 | 0,139 | 44,35 | 44,35 |  0,00 | 0,183 | 265,98 | 265,98 |  0,00 | 0,355 | 263,18 | 263,18 |  0,00 | 269,897 | 28,58 | 28,58 | 794,532 |   NaN | NaN | 0,00 | 0,00 | NaN
  38 |  0,00 | 2,955 | 602,28 | 602,28 | 636,22 |  0,00 | 0,130 | 44,35 | 44,35 |  0,00 | 0,142 | 264,35 | 264,35 |  0,00 | 0,288 | 265,01 | 265,01 |  0,00 | 192,549 | 28,58 | 28,58 | 749,656 |   NaN | NaN | 0,00 | 0,00 | NaN
  39 |  0,00 | 3,834 | 591,63 | 591,63 | 631,74 |  0,00 | 0,174 | 44,35 | 44,35 |  0,00 | 0,193 | 260,79 | 260,79 |  0,00 | 0,278 | 257,92 | 257,92 |  0,00 | 248,666 | 28,58 | 28,58 | 828,407 |   NaN | NaN | 0,00 | 0,00 | NaN
  40 |  0,00 | 2,752 | 591,87 | 591,87 | 631,99 |  0,00 | 0,174 | 44,35 | 44,35 |  0,00 | 0,189 | 261,67 | 261,67 |  0,00 | 0,253 | 257,27 | 257,27 |  0,00 | 175,105 | 28,58 | 28,58 | 681,761 |   NaN | NaN | 0,00 | 0,00 | NaN
  41 |  0,00 | 4,404 | 602,23 | 602,23 | 637,54 |  0,00 | 0,157 | 44,35 | 44,35 |  0,00 | 0,233 | 262,71 | 262,71 |  0,00 | 0,381 | 266,59 | 266,59 |  0,00 | 288,655 | 28,58 | 28,58 | 723,425 |   NaN | NaN | 0,00 | 0,00 | NaN
  42 |  0,00 | 4,673 | 600,50 | 600,50 | 634,41 |  0,00 | 0,102 | 44,35 | 44,35 |  0,00 | 0,180 | 263,46 | 263,46 |  0,00 | 0,508 | 264,11 | 264,11 |  0,00 | 307,288 | 28,58 | 28,58 | 802,282 |   NaN | NaN | 0,00 | 0,00 | NaN
  43 |  0,00 | 3,920 | 603,54 | 603,54 | 642,89 |  0,00 | 0,181 | 44,35 | 44,35 |  0,00 | 0,208 | 265,83 | 265,83 |  0,00 | 0,256 | 264,78 | 264,78 |  0,00 | 257,299 | 28,58 | 28,58 | 838,208 |   NaN | NaN | 0,00 | 0,00 | NaN
  44 |  0,00 | 4,239 | 599,93 | 599,93 | 633,67 |  0,00 | 0,094 | 44,35 | 44,35 |  0,00 | 0,161 | 262,95 | 262,95 |  0,00 | 0,533 | 264,05 | 264,05 |  0,00 | 277,400 | 28,58 | 28,58 | 688,920 |   NaN | NaN | 0,00 | 0,00 | NaN
  45 |  0,00 | 4,339 | 598,52 | 598,52 | 640,24 |  0,00 | 0,177 | 44,35 | 44,35 |  0,00 | 0,241 | 265,07 | 265,07 |  0,00 | 0,463 | 260,52 | 260,52 |  0,00 | 280,962 | 28,58 | 28,58 | 742,735 |   NaN | NaN | 0,00 | 0,00 | NaN
  46 |  0,00 | 4,007 | 598,05 | 598,05 | 631,95 |  0,00 | 0,117 | 44,35 | 44,35 |  0,00 | 0,136 | 262,26 | 262,26 |  0,00 | 0,331 | 262,87 | 262,87 |  0,00 | 264,042 | 28,58 | 28,58 | 826,365 |   NaN | NaN | 0,00 | 0,00 | NaN
  47 |  0,00 | 3,982 | 597,80 | 597,80 | 631,73 |  0,00 | 0,114 | 44,35 | 44,35 |  0,00 | 0,211 | 264,24 | 264,24 |  0,00 | 0,474 | 260,63 | 260,63 |  0,00 | 258,584 | 28,58 | 28,58 | 619,211 |   NaN | NaN | 0,00 | 0,00 | NaN
  48 |  0,00 | 4,366 | 596,07 | 596,07 | 630,32 |  0,00 | 0,144 | 44,35 | 44,35 |  0,00 | 0,220 | 261,56 | 261,56 |  0,00 | 0,420 | 261,58 | 261,58 |  0,00 | 284,330 | 28,58 | 28,58 | 695,040 |   NaN | NaN | 0,00 | 0,00 | NaN
  49 |  0,00 | 4,005 | 596,98 | 596,98 | 632,16 |  0,00 | 0,156 | 44,35 | 44,35 |  0,00 | 0,266 | 263,57 | 263,57 |  0,00 | 0,347 | 260,48 | 260,48 |  0,00 | 259,846 | 28,58 | 28,58 | 620,247 |   NaN | NaN | 0,00 | 0,00 | NaN
  50 |  0,00 | 3,875 | 599,37 | 599,37 | 633,26 |  0,00 | 0,110 | 44,35 | 44,35 |  0,00 | 0,131 | 265,18 | 265,18 |  0,00 | 0,340 | 261,26 | 261,26 |  0,00 | 255,428 | 28,58 | 28,58 | 833,571 |   NaN | NaN | 0,00 | 0,00 | NaN
  51 |  0,00 | 4,277 | 599,01 | 599,01 | 632,90 |  0,00 | 0,109 | 44,35 | 44,35 |  0,00 | 0,147 | 261,85 | 261,85 |  0,00 | 0,456 | 264,23 | 264,23 |  0,00 | 280,827 | 28,58 | 28,58 | 705,378 |   NaN | NaN | 0,00 | 0,00 | NaN
  52 |  0,00 | 4,317 | 594,74 | 594,74 | 628,76 |  0,00 | 0,135 | 44,35 | 44,35 |  0,00 | 0,262 | 259,11 | 259,11 |  0,00 | 0,498 | 262,70 | 262,70 |  0,00 | 278,830 | 28,58 | 28,58 | 723,901 |   NaN | NaN | 0,00 | 0,00 | NaN
  53 |  0,00 | 4,001 | 599,32 | 599,32 | 633,26 |  0,00 | 0,122 | 44,35 | 44,35 |  0,00 | 0,176 | 263,43 | 263,43 |  0,00 | 0,426 | 262,96 | 262,96 |  0,00 | 261,420 | 28,58 | 28,58 | 784,979 |   NaN | NaN | 0,00 | 0,00 | NaN
  54 |  0,00 | 4,633 | 595,06 | 595,06 | 629,02 |  0,00 | 0,125 | 44,35 | 44,35 |  0,00 | 0,212 | 262,76 | 262,76 |  0,00 | 0,429 | 259,38 | 259,38 |  0,00 | 303,112 | 28,58 | 28,58 | 783,794 |   NaN | NaN | 0,00 | 0,00 | NaN
  55 |  0,00 | 3,128 | 597,05 | 597,05 | 630,98 |  0,00 | 0,110 | 44,35 | 44,35 |  0,00 | 0,117 | 261,53 | 261,53 |  0,00 | 0,309 | 262,59 | 262,59 |  0,00 | 204,251 | 28,58 | 28,58 | 785,245 |   NaN | NaN | 0,00 | 0,00 | NaN
  56 |  0,00 | 4,248 | 595,44 | 595,44 | 629,34 |  0,00 | 0,115 | 44,35 | 44,35 |  0,00 | 0,226 | 260,45 | 260,45 |  0,00 | 0,493 | 262,06 | 262,06 |  0,00 | 275,757 | 28,58 | 28,58 | 686,312 |   NaN | NaN | 0,00 | 0,00 | NaN
  57 |  0,00 | 4,121 | 598,50 | 598,50 | 632,41 |  0,00 | 0,113 | 44,35 | 44,35 |  0,00 | 0,213 | 262,47 | 262,47 |  0,00 | 0,436 | 263,10 | 263,10 |  0,00 | 269,001 | 28,58 | 28,58 | 646,539 |   NaN | NaN | 0,00 | 0,00 | NaN
  58 |  0,00 | 4,166 | 597,93 | 597,93 | 632,07 |  0,00 | 0,141 | 44,35 | 44,35 |  0,00 | 0,240 | 262,05 | 262,05 |  0,00 | 0,403 | 262,95 | 262,95 |  0,00 | 271,167 | 28,58 | 28,58 | 657,999 |   NaN | NaN | 0,00 | 0,00 | NaN
  59 |  0,00 | 2,543 | 601,94 | 601,94 | 637,88 |  0,00 | 0,160 | 44,35 | 44,35 |  0,00 | 0,168 | 263,18 | 263,18 |  0,00 | 0,253 | 265,83 | 265,83 |  0,00 | 163,146 | 28,58 | 28,58 | 571,982 |   NaN | NaN | 0,00 | 0,00 | NaN
  60 |  0,00 | 4,463 | 597,85 | 597,85 | 631,65 |  0,00 | 0,095 | 44,35 | 44,35 |  0,00 | 0,194 | 262,94 | 262,94 |  0,00 | 0,535 | 261,98 | 261,98 |  0,00 | 291,600 | 28,58 | 28,58 | 724,073 |   NaN | NaN | 0,00 | 0,00 | NaN
  61 |  0,00 | 3,968 | 599,82 | 599,82 | 633,76 |  0,00 | 0,118 | 44,35 | 44,35 |  0,00 | 0,173 | 263,10 | 263,10 |  0,00 | 0,390 | 263,79 | 263,79 |  0,00 | 260,093 | 28,58 | 28,58 | 800,433 |   NaN | NaN | 0,00 | 0,00 | NaN
  62 |  0,00 | 4,415 | 600,33 | 600,33 | 642,79 |  0,00 | 0,179 | 44,35 | 44,35 |  0,00 | 0,214 | 263,99 | 263,99 |  0,00 | 0,399 | 263,41 | 263,41 |  0,00 | 288,232 | 28,58 | 28,58 | 703,823 |   NaN | NaN | 0,00 | 0,00 | NaN
  63 |  0,00 | 3,257 | 599,56 | 599,56 | 633,58 |  0,00 | 0,134 | 44,35 | 44,35 |  0,00 | 0,148 | 263,94 | 263,94 |  0,00 | 0,290 | 262,70 | 262,70 |  0,00 | 212,613 | 28,58 | 28,58 | 801,432 |   NaN | NaN | 0,00 | 0,00 | NaN
  64 |  0,00 | 4,367 | 594,10 | 594,10 | 636,20 |  0,00 | 0,178 | 44,35 | 44,35 |  0,00 | 0,256 | 259,81 | 259,81 |  0,00 | 0,397 | 261,37 | 261,37 |  0,00 | 282,511 | 28,58 | 28,58 | 749,999 |   NaN | NaN | 0,00 | 0,00 | NaN

= = = = = = = = = = = = AVERAGE RESULTS system = = = = = = = = = = = =
meanPLR_system | 0,000000 
meanDelay_system | 2,778466 
meanLoad_system | 597,992065 
meanTHR_system | 597,992065 
meanGate_system | 633,667352 

meanPLR_EF_system | 0,000000 
meanPLR_AF_system | 0,000000 
meanPLR_BE_system | 0,000000 
meanPLR_FLA_system | 0,000000 
meanPLR_FLB_system | NaN 

meanTHR_EF_system | 44,352003 
meanTHR_AF_system | 262,766850 
meanTHR_BE_system | 262,297442 
meanTHR_FLA_system | 28,996116 
meanTHR_FLB_system | 0,000000 

meanLoad_EF_system | 44,352003 
meanLoad_AF_system | 262,766850 
meanLoad_BE_system | 262,297442 
meanLoad_FLA_system | 28,996116 
meanLoad_FLB_system | 0,000000 

meanDELAY_EF_system | 0,139439 
meanDELAY_AF_system | 0,196628 
meanDELAY_BE_system | 0,363948 
meanDELAY_FLA_system | 177,012736 
meanDELAY_FLB_system | NaN 
meanDELAY_CompleteFLA_system | 517,812780 
meanDELAY_CompleteFLB_system | NaN 

= = = = = = = = = = = = AVERAGE RESULTS = = = = = = = = = = = =
Packet Loss Ratio: 00,00 (%)
PROCESSED PACKAGES: 2172567666 
DISCARTED PACKAGES: 0 
TOTAL PACKAGES: 2172567666 
AVERAGE DELAY: 455,67 (ms) 
AVERAGE THROUGHPUT: 597,99 (Mbps) 
GRANTED THROUGHPUT: 40554,71 (Mbps) By 64 ONUs
EFFECTIVE THROUGHPUT: 38271,49 (Mbps) By 64 ONUs
TOTAL LOAD: 38271,49 (Mbps) By 64 ONUs
ON Arrival THROUGHPUT: 0,00 (Mbps) By 64 ONUs
FINISHTIMEFL: 203,944556 
FINISHTIME: 206,944556 


fileName | IPACT_LBVARIBLETOKENSBYCYCLE_5_28_70_0 
