
ONU ID 	|  PLR(%) | Delay(ms) | Throughput(Mbps) | Granted Throughput(Mbps) | Total Load (Mbps) 

  ID |  PLR(%) |  D  | Thr |  Gates  |  Load  | PLR-EF | D-EF | ThrEF | LoadEF | PLR-AF | D-AF | ThrAF | LoadAF | PLR-BE | D-BE | ThrBE | LoadBE | PLR-FA | D-FA | ThrFA | LoadFA | DTFA |  PLR-FB | D-FB | ThrFB | LoadFB | DTFB | 
   1 |  0,00 | 0,289 | 488,37 | 488,37 | 532,17 |  0,00 | 0,130 | 44,35 | 44,35 |  0,00 | 0,207 | 209,82 | 209,82 |  0,00 | 0,298 | 205,58 | 205,58 |  0,00 | 6,550 | 28,62 | 28,62 | 34,038 |   NaN | NaN | 0,00 | 0,00 | NaN
   2 |  0,00 | 0,407 | 487,06 | 487,06 | 535,98 |  0,00 | 0,142 | 44,35 | 44,35 |  0,00 | 0,291 | 208,81 | 208,81 |  0,00 | 0,360 | 205,28 | 205,28 |  0,00 | 11,459 | 28,62 | 28,62 | 44,048 |   NaN | NaN | 0,00 | 0,00 | NaN
   3 |  0,00 | 0,268 | 482,89 | 482,89 | 521,77 |  0,00 | 0,079 | 44,35 | 44,35 |  0,00 | 0,161 | 204,40 | 204,40 |  0,00 | 0,366 | 205,52 | 205,52 |  0,00 | 6,656 | 28,62 | 28,62 | 34,365 |   NaN | NaN | 0,00 | 0,00 | NaN
   4 |  0,00 | 0,267 | 488,27 | 488,27 | 527,20 |  0,00 | 0,084 | 44,35 | 44,35 |  0,00 | 0,167 | 208,84 | 208,84 |  0,00 | 0,364 | 206,46 | 206,46 |  0,00 | 6,376 | 28,62 | 28,62 | 33,747 |   NaN | NaN | 0,00 | 0,00 | NaN
   5 |  0,00 | 0,279 | 483,50 | 483,50 | 523,30 |  0,00 | 0,110 | 44,35 | 44,35 |  0,00 | 0,185 | 206,05 | 206,05 |  0,00 | 0,333 | 204,48 | 204,48 |  0,00 | 6,451 | 28,62 | 28,62 | 33,859 |   NaN | NaN | 0,00 | 0,00 | NaN
   6 |  0,00 | 0,285 | 486,78 | 486,78 | 524,61 |  0,00 | 0,062 | 44,35 | 44,35 |  0,00 | 0,142 | 207,71 | 207,71 |  0,00 | 0,396 | 206,09 | 206,09 |  0,00 | 8,120 | 28,62 | 28,62 | 37,211 |   NaN | NaN | 0,00 | 0,00 | NaN
   7 |  0,00 | 0,265 | 485,59 | 485,59 | 524,48 |  0,00 | 0,077 | 44,35 | 44,35 |  0,00 | 0,151 | 206,11 | 206,11 |  0,00 | 0,364 | 206,50 | 206,50 |  0,00 | 6,722 | 28,62 | 28,62 | 34,729 |   NaN | NaN | 0,00 | 0,00 | NaN
   8 |  0,00 | 0,286 | 488,98 | 488,98 | 531,87 |  0,00 | 0,127 | 44,35 | 44,35 |  0,00 | 0,208 | 207,43 | 207,43 |  0,00 | 0,299 | 208,58 | 208,58 |  0,00 | 6,466 | 28,62 | 28,62 | 33,985 |   NaN | NaN | 0,00 | 0,00 | NaN
   9 |  0,00 | 0,268 | 487,12 | 487,12 | 525,74 |  0,00 | 0,067 | 44,35 | 44,35 |  0,00 | 0,150 | 206,81 | 206,81 |  0,00 | 0,382 | 207,34 | 207,34 |  0,00 | 6,985 | 28,62 | 28,62 | 35,005 |   NaN | NaN | 0,00 | 0,00 | NaN
  10 |  0,00 | 0,287 | 485,57 | 485,57 | 528,57 |  0,00 | 0,127 | 44,35 | 44,35 |  0,00 | 0,209 | 207,25 | 207,25 |  0,00 | 0,300 | 205,35 | 205,35 |  0,00 | 6,443 | 28,62 | 28,62 | 33,807 |   NaN | NaN | 0,00 | 0,00 | NaN
  11 |  0,00 | 0,475 | 485,20 | 485,20 | 524,16 |  0,00 | 0,067 | 44,35 | 44,35 |  0,00 | 0,240 | 205,89 | 205,89 |  0,00 | 0,477 | 206,33 | 206,33 |  0,00 | 17,175 | 28,62 | 28,62 | 51,400 |   NaN | NaN | 0,00 | 0,00 | NaN
  12 |  0,00 | 0,287 | 486,24 | 486,24 | 529,88 |  0,00 | 0,129 | 44,35 | 44,35 |  0,00 | 0,213 | 206,45 | 206,45 |  0,00 | 0,297 | 206,81 | 206,81 |  0,00 | 6,391 | 28,62 | 28,62 | 33,811 |   NaN | NaN | 0,00 | 0,00 | NaN
  13 |  0,00 | 0,378 | 480,26 | 480,26 | 519,60 |  0,00 | 0,094 | 44,35 | 44,35 |  0,00 | 0,235 | 205,02 | 205,02 |  0,00 | 0,393 | 202,27 | 202,27 |  0,00 | 11,533 | 28,62 | 28,62 | 44,359 |   NaN | NaN | 0,00 | 0,00 | NaN
  14 |  0,00 | 0,287 | 488,05 | 488,05 | 533,69 |  0,00 | 0,135 | 44,35 | 44,35 |  0,00 | 0,202 | 206,96 | 206,96 |  0,00 | 0,296 | 208,11 | 208,11 |  0,00 | 6,375 | 28,62 | 28,62 | 33,731 |   NaN | NaN | 0,00 | 0,00 | NaN
  15 |  0,00 | 0,288 | 485,10 | 485,10 | 528,78 |  0,00 | 0,129 | 44,35 | 44,35 |  0,00 | 0,216 | 203,76 | 203,76 |  0,00 | 0,294 | 208,36 | 208,36 |  0,00 | 6,444 | 28,62 | 28,62 | 33,932 |   NaN | NaN | 0,00 | 0,00 | NaN
  16 |  0,00 | 0,284 | 490,77 | 490,77 | 532,12 |  0,00 | 0,121 | 44,35 | 44,35 |  0,00 | 0,199 | 207,85 | 207,85 |  0,00 | 0,317 | 209,95 | 209,95 |  0,00 | 6,442 | 28,62 | 28,62 | 33,929 |   NaN | NaN | 0,00 | 0,00 | NaN
  17 |  0,00 | 0,292 | 486,39 | 486,39 | 531,36 |  0,00 | 0,133 | 44,35 | 44,35 |  0,00 | 0,216 | 207,73 | 207,73 |  0,00 | 0,297 | 205,68 | 205,68 |  0,00 | 6,526 | 28,62 | 28,62 | 33,971 |   NaN | NaN | 0,00 | 0,00 | NaN
  18 |  0,00 | 0,304 | 483,71 | 483,71 | 523,53 |  0,00 | 0,110 | 44,35 | 44,35 |  0,00 | 0,204 | 205,79 | 205,79 |  0,00 | 0,333 | 204,94 | 204,94 |  0,00 | 7,693 | 28,62 | 28,62 | 35,713 |   NaN | NaN | 0,00 | 0,00 | NaN
  19 |  0,00 | 0,279 | 481,12 | 481,12 | 520,39 |  0,00 | 0,101 | 44,35 | 44,35 |  0,00 | 0,191 | 203,47 | 203,47 |  0,00 | 0,335 | 204,68 | 204,68 |  0,00 | 6,638 | 28,62 | 28,62 | 34,230 |   NaN | NaN | 0,00 | 0,00 | NaN
  20 |  0,00 | 0,565 | 481,08 | 481,08 | 520,47 |  0,00 | 0,096 | 44,35 | 44,35 |  0,00 | 0,324 | 206,03 | 206,03 |  0,00 | 0,538 | 202,07 | 202,07 |  0,00 | 19,769 | 28,62 | 28,62 | 57,496 |   NaN | NaN | 0,00 | 0,00 | NaN
  21 |  0,00 | 0,276 | 479,72 | 479,72 | 518,98 |  0,00 | 0,101 | 44,35 | 44,35 |  0,00 | 0,183 | 204,30 | 204,30 |  0,00 | 0,329 | 202,45 | 202,45 |  0,00 | 6,615 | 28,62 | 28,62 | 34,259 |   NaN | NaN | 0,00 | 0,00 | NaN
  22 |  0,00 | 0,292 | 488,07 | 488,07 | 535,65 |  0,00 | 0,140 | 44,35 | 44,35 |  0,00 | 0,217 | 209,68 | 209,68 |  0,00 | 0,288 | 205,42 | 205,42 |  0,00 | 6,429 | 28,62 | 28,62 | 33,815 |   NaN | NaN | 0,00 | 0,00 | NaN
  23 |  0,00 | 0,811 | 486,65 | 486,65 | 528,39 |  0,00 | 0,122 | 44,35 | 44,35 |  0,00 | 0,558 | 207,13 | 207,13 |  0,00 | 0,719 | 206,54 | 206,54 |  0,00 | 28,381 | 28,62 | 28,62 | 76,340 |   NaN | NaN | 0,00 | 0,00 | NaN
  24 |  0,00 | 0,367 | 489,00 | 489,00 | 528,16 |  0,00 | 0,083 | 44,35 | 44,35 |  0,00 | 0,215 | 207,42 | 207,42 |  0,00 | 0,402 | 208,60 | 208,60 |  0,00 | 11,367 | 28,62 | 28,62 | 44,103 |   NaN | NaN | 0,00 | 0,00 | NaN
  25 |  0,00 | 0,295 | 487,15 | 487,15 | 535,35 |  0,00 | 0,141 | 44,35 | 44,35 |  0,00 | 0,223 | 204,49 | 204,49 |  0,00 | 0,286 | 209,68 | 209,68 |  0,00 | 6,490 | 28,62 | 28,62 | 34,012 |   NaN | NaN | 0,00 | 0,00 | NaN
  26 |  0,00 | 0,308 | 484,31 | 484,31 | 530,85 |  0,00 | 0,137 | 44,35 | 44,35 |  0,00 | 0,214 | 206,20 | 206,20 |  0,00 | 0,299 | 205,13 | 205,13 |  0,00 | 7,374 | 28,62 | 28,62 | 35,227 |   NaN | NaN | 0,00 | 0,00 | NaN
  27 |  0,00 | 0,291 | 483,53 | 483,53 | 522,09 |  0,00 | 0,065 | 44,35 | 44,35 |  0,00 | 0,164 | 207,00 | 207,00 |  0,00 | 0,410 | 203,56 | 203,56 |  0,00 | 7,936 | 28,62 | 28,62 | 37,750 |   NaN | NaN | 0,00 | 0,00 | NaN
  28 |  0,00 | 0,801 | 481,50 | 481,50 | 525,55 |  0,00 | 0,130 | 44,35 | 44,35 |  0,00 | 0,584 | 205,76 | 205,76 |  0,00 | 0,728 | 202,77 | 202,77 |  0,00 | 26,995 | 28,62 | 28,62 | 74,888 |   NaN | NaN | 0,00 | 0,00 | NaN
  29 |  0,00 | 0,464 | 486,01 | 486,01 | 525,96 |  0,00 | 0,109 | 44,35 | 44,35 |  0,00 | 0,308 | 205,45 | 205,45 |  0,00 | 0,477 | 207,59 | 207,59 |  0,00 | 14,191 | 28,62 | 28,62 | 54,029 |   NaN | NaN | 0,00 | 0,00 | NaN
  30 |  0,00 | 0,345 | 484,33 | 484,33 | 532,23 |  0,00 | 0,140 | 44,35 | 44,35 |  0,00 | 0,239 | 205,44 | 205,44 |  0,00 | 0,316 | 205,91 | 205,91 |  0,00 | 8,974 | 28,62 | 28,62 | 39,173 |   NaN | NaN | 0,00 | 0,00 | NaN
  31 |  0,00 | 0,808 | 483,88 | 483,88 | 523,60 |  0,00 | 0,107 | 44,35 | 44,35 |  0,00 | 0,523 | 206,41 | 206,41 |  0,00 | 0,714 | 204,49 | 204,49 |  0,00 | 29,266 | 28,62 | 28,62 | 77,471 |   NaN | NaN | 0,00 | 0,00 | NaN
  32 |  0,00 | 0,509 | 486,85 | 486,85 | 525,58 |  0,00 | 0,064 | 44,35 | 44,35 |  0,00 | 0,281 | 206,55 | 206,55 |  0,00 | 0,540 | 207,32 | 207,32 |  0,00 | 17,967 | 28,62 | 28,62 | 55,590 |   NaN | NaN | 0,00 | 0,00 | NaN
  33 |  0,00 | 0,379 | 483,18 | 483,18 | 526,65 |  0,00 | 0,128 | 44,35 | 44,35 |  0,00 | 0,273 | 204,86 | 204,86 |  0,00 | 0,362 | 205,34 | 205,34 |  0,00 | 10,375 | 28,62 | 28,62 | 45,216 |   NaN | NaN | 0,00 | 0,00 | NaN
  34 |  0,00 | 0,287 | 484,93 | 484,93 | 526,09 |  0,00 | 0,120 | 44,35 | 44,35 |  0,00 | 0,205 | 205,46 | 205,46 |  0,00 | 0,313 | 206,49 | 206,49 |  0,00 | 6,572 | 28,62 | 28,62 | 34,255 |   NaN | NaN | 0,00 | 0,00 | NaN
  35 |  0,00 | 0,269 | 487,12 | 487,12 | 525,84 |  0,00 | 0,069 | 44,35 | 44,35 |  0,00 | 0,159 | 207,33 | 207,33 |  0,00 | 0,386 | 206,82 | 206,82 |  0,00 | 6,838 | 28,62 | 28,62 | 34,765 |   NaN | NaN | 0,00 | 0,00 | NaN
  36 |  0,00 | 0,293 | 483,94 | 483,94 | 525,70 |  0,00 | 0,122 | 44,35 | 44,35 |  0,00 | 0,205 | 204,76 | 204,76 |  0,00 | 0,307 | 206,20 | 206,20 |  0,00 | 6,940 | 28,62 | 28,62 | 34,748 |   NaN | NaN | 0,00 | 0,00 | NaN
  37 |  0,00 | 0,505 | 488,66 | 488,66 | 528,34 |  0,00 | 0,105 | 44,35 | 44,35 |  0,00 | 0,304 | 209,06 | 209,06 |  0,00 | 0,477 | 206,62 | 206,62 |  0,00 | 16,951 | 28,62 | 28,62 | 53,837 |   NaN | NaN | 0,00 | 0,00 | NaN
  38 |  0,00 | 0,328 | 488,79 | 488,79 | 528,13 |  0,00 | 0,096 | 44,35 | 44,35 |  0,00 | 0,195 | 207,58 | 207,58 |  0,00 | 0,368 | 208,24 | 208,24 |  0,00 | 9,278 | 28,62 | 28,62 | 39,471 |   NaN | NaN | 0,00 | 0,00 | NaN
  39 |  0,00 | 0,534 | 480,53 | 480,53 | 528,39 |  0,00 | 0,139 | 44,35 | 44,35 |  0,00 | 0,372 | 204,96 | 204,96 |  0,00 | 0,484 | 202,60 | 202,60 |  0,00 | 16,451 | 28,62 | 28,62 | 55,892 |   NaN | NaN | 0,00 | 0,00 | NaN
  40 |  0,00 | 0,339 | 480,56 | 480,56 | 528,27 |  0,00 | 0,139 | 44,35 | 44,35 |  0,00 | 0,243 | 205,46 | 205,46 |  0,00 | 0,316 | 202,13 | 202,13 |  0,00 | 8,571 | 28,62 | 28,62 | 37,482 |   NaN | NaN | 0,00 | 0,00 | NaN
  41 |  0,00 | 0,663 | 488,60 | 488,60 | 530,72 |  0,00 | 0,122 | 44,35 | 44,35 |  0,00 | 0,426 | 206,27 | 206,27 |  0,00 | 0,648 | 209,36 | 209,36 |  0,00 | 22,031 | 28,62 | 28,62 | 68,024 |   NaN | NaN | 0,00 | 0,00 | NaN
  42 |  0,00 | 0,435 | 487,83 | 487,83 | 526,79 |  0,00 | 0,069 | 44,35 | 44,35 |  0,00 | 0,278 | 207,25 | 207,25 |  0,00 | 0,521 | 207,61 | 207,61 |  0,00 | 13,541 | 28,62 | 28,62 | 53,537 |   NaN | NaN | 0,00 | 0,00 | NaN
  43 |  0,00 | 0,524 | 490,09 | 490,09 | 536,13 |  0,00 | 0,147 | 44,35 | 44,35 |  0,00 | 0,379 | 209,02 | 209,02 |  0,00 | 0,452 | 208,10 | 208,10 |  0,00 | 16,010 | 28,62 | 28,62 | 55,644 |   NaN | NaN | 0,00 | 0,00 | NaN
  44 |  0,00 | 0,766 | 487,12 | 487,12 | 525,15 |  0,00 | 0,062 | 44,35 | 44,35 |  0,00 | 0,508 | 206,53 | 206,53 |  0,00 | 0,778 | 207,61 | 207,61 |  0,00 | 27,501 | 28,62 | 28,62 | 75,519 |   NaN | NaN | 0,00 | 0,00 | NaN
  45 |  0,00 | 0,598 | 485,96 | 485,96 | 535,53 |  0,00 | 0,143 | 44,35 | 44,35 |  0,00 | 0,392 | 208,29 | 208,29 |  0,00 | 0,512 | 204,70 | 204,70 |  0,00 | 19,686 | 28,62 | 28,62 | 59,540 |   NaN | NaN | 0,00 | 0,00 | NaN
  46 |  0,00 | 0,534 | 485,27 | 485,27 | 524,43 |  0,00 | 0,082 | 44,35 | 44,35 |  0,00 | 0,298 | 205,73 | 205,73 |  0,00 | 0,534 | 206,56 | 206,56 |  0,00 | 18,716 | 28,62 | 28,62 | 56,451 |   NaN | NaN | 0,00 | 0,00 | NaN
  47 |  0,00 | 0,680 | 485,34 | 485,34 | 524,43 |  0,00 | 0,080 | 44,35 | 44,35 |  0,00 | 0,416 | 207,64 | 207,64 |  0,00 | 0,652 | 204,72 | 204,72 |  0,00 | 24,583 | 28,62 | 28,62 | 64,021 |   NaN | NaN | 0,00 | 0,00 | NaN
  48 |  0,00 | 0,782 | 483,72 | 483,72 | 523,72 |  0,00 | 0,110 | 44,35 | 44,35 |  0,00 | 0,521 | 205,44 | 205,44 |  0,00 | 0,753 | 205,31 | 205,31 |  0,00 | 27,019 | 28,62 | 28,62 | 74,393 |   NaN | NaN | 0,00 | 0,00 | NaN
  49 |  0,00 | 0,689 | 484,69 | 484,69 | 526,57 |  0,00 | 0,122 | 44,35 | 44,35 |  0,00 | 0,433 | 207,08 | 207,08 |  0,00 | 0,574 | 204,64 | 204,64 |  0,00 | 24,581 | 28,62 | 28,62 | 63,452 |   NaN | NaN | 0,00 | 0,00 | NaN
  50 |  0,00 | 0,489 | 486,51 | 486,51 | 525,71 |  0,00 | 0,076 | 44,35 | 44,35 |  0,00 | 0,288 | 208,28 | 208,28 |  0,00 | 0,567 | 205,26 | 205,26 |  0,00 | 15,868 | 28,62 | 28,62 | 54,638 |   NaN | NaN | 0,00 | 0,00 | NaN
  51 |  0,00 | 0,649 | 486,01 | 486,01 | 525,13 |  0,00 | 0,074 | 44,35 | 44,35 |  0,00 | 0,403 | 205,54 | 205,54 |  0,00 | 0,704 | 207,49 | 207,49 |  0,00 | 22,327 | 28,62 | 28,62 | 68,510 |   NaN | NaN | 0,00 | 0,00 | NaN
  52 |  0,00 | 0,605 | 483,06 | 483,06 | 522,60 |  0,00 | 0,101 | 44,35 | 44,35 |  0,00 | 0,393 | 203,65 | 203,65 |  0,00 | 0,590 | 206,44 | 206,44 |  0,00 | 20,406 | 28,62 | 28,62 | 61,457 |   NaN | NaN | 0,00 | 0,00 | NaN
  53 |  0,00 | 0,479 | 486,31 | 486,31 | 525,59 |  0,00 | 0,088 | 44,35 | 44,35 |  0,00 | 0,282 | 206,98 | 206,98 |  0,00 | 0,507 | 206,36 | 206,36 |  0,00 | 15,732 | 28,62 | 28,62 | 53,410 |   NaN | NaN | 0,00 | 0,00 | NaN
  54 |  0,00 | 0,585 | 483,20 | 483,20 | 522,46 |  0,00 | 0,091 | 44,35 | 44,35 |  0,00 | 0,372 | 206,46 | 206,46 |  0,00 | 0,573 | 203,77 | 203,77 |  0,00 | 20,091 | 28,62 | 28,62 | 61,064 |   NaN | NaN | 0,00 | 0,00 | NaN
  55 |  0,00 | 0,330 | 485,07 | 485,07 | 524,16 |  0,00 | 0,076 | 44,35 | 44,35 |  0,00 | 0,196 | 205,61 | 205,61 |  0,00 | 0,398 | 206,48 | 206,48 |  0,00 | 9,651 | 28,62 | 28,62 | 40,806 |   NaN | NaN | 0,00 | 0,00 | NaN
  56 |  0,00 | 0,706 | 483,62 | 483,62 | 522,79 |  0,00 | 0,081 | 44,35 | 44,35 |  0,00 | 0,491 | 204,65 | 204,65 |  0,00 | 0,715 | 206,00 | 206,00 |  0,00 | 24,221 | 28,62 | 28,62 | 70,502 |   NaN | NaN | 0,00 | 0,00 | NaN
  57 |  0,00 | 0,776 | 485,85 | 485,85 | 524,94 |  0,00 | 0,078 | 44,35 | 44,35 |  0,00 | 0,533 | 206,25 | 206,25 |  0,00 | 0,750 | 206,63 | 206,63 |  0,00 | 27,584 | 28,62 | 28,62 | 74,442 |   NaN | NaN | 0,00 | 0,00 | NaN
  58 |  0,00 | 0,787 | 485,33 | 485,33 | 525,12 |  0,00 | 0,107 | 44,35 | 44,35 |  0,00 | 0,549 | 205,77 | 205,77 |  0,00 | 0,757 | 206,58 | 206,58 |  0,00 | 26,977 | 28,62 | 28,62 | 75,064 |   NaN | NaN | 0,00 | 0,00 | NaN
  59 |  0,00 | 0,301 | 488,90 | 488,90 | 531,67 |  0,00 | 0,126 | 44,35 | 44,35 |  0,00 | 0,212 | 206,96 | 206,96 |  0,00 | 0,304 | 208,96 | 208,96 |  0,00 | 7,253 | 28,62 | 28,62 | 35,179 |   NaN | NaN | 0,00 | 0,00 | NaN
  60 |  0,00 | 0,623 | 485,46 | 485,46 | 523,85 |  0,00 | 0,063 | 44,35 | 44,35 |  0,00 | 0,408 | 206,65 | 206,65 |  0,00 | 0,662 | 205,84 | 205,84 |  0,00 | 21,620 | 28,62 | 28,62 | 66,837 |   NaN | NaN | 0,00 | 0,00 | NaN
  61 |  0,00 | 0,482 | 486,81 | 486,81 | 526,04 |  0,00 | 0,083 | 44,35 | 44,35 |  0,00 | 0,291 | 206,55 | 206,55 |  0,00 | 0,495 | 207,29 | 207,29 |  0,00 | 16,132 | 28,62 | 28,62 | 53,185 |   NaN | NaN | 0,00 | 0,00 | NaN
  62 |  0,00 | 0,797 | 487,29 | 487,29 | 537,52 |  0,00 | 0,145 | 44,35 | 44,35 |  0,00 | 0,581 | 207,36 | 207,36 |  0,00 | 0,674 | 206,95 | 206,95 |  0,00 | 27,060 | 28,62 | 28,62 | 74,557 |   NaN | NaN | 0,00 | 0,00 | NaN
  63 |  0,00 | 0,332 | 486,87 | 486,87 | 526,32 |  0,00 | 0,100 | 44,35 | 44,35 |  0,00 | 0,201 | 207,39 | 207,39 |  0,00 | 0,372 | 206,50 | 206,50 |  0,00 | 9,234 | 28,62 | 28,62 | 39,387 |   NaN | NaN | 0,00 | 0,00 | NaN
  64 |  0,00 | 0,606 | 482,51 | 482,51 | 532,52 |  0,00 | 0,144 | 44,35 | 44,35 |  0,00 | 0,400 | 204,08 | 204,08 |  0,00 | 0,512 | 205,45 | 205,45 |  0,00 | 19,991 | 28,62 | 28,62 | 60,629 |   NaN | NaN | 0,00 | 0,00 | NaN

= = = = = = = = = = = = AVERAGE RESULTS system = = = = = = = = = = = =
meanPLR_system | 0,000000 
meanDelay_system | 0,453972 
meanLoad_system | 485,502483 
meanTHR_system | 485,502483 
meanGate_system | 527,177815 

meanPLR_EF_system | 0,000000 
meanPLR_AF_system | 0,000000 
meanPLR_BE_system | 0,000000 
meanPLR_FLA_system | 0,000000 
meanPLR_FLB_system | NaN 

meanTHR_EF_system | 44,352002 
meanTHR_AF_system | 206,451471 
meanTHR_BE_system | 206,077254 
meanTHR_FLA_system | 29,043466 
meanTHR_FLB_system | 0,000000 

meanLoad_EF_system | 44,352002 
meanLoad_AF_system | 206,451471 
meanLoad_BE_system | 206,077254 
meanLoad_FLA_system | 29,043466 
meanLoad_FLB_system | 0,000000 

meanDELAY_EF_system | 0,105457 
meanDELAY_AF_system | 0,297331 
meanDELAY_BE_system | 0,461915 
meanDELAY_FLA_system | 14,046736 
meanDELAY_FLB_system | NaN 
meanDELAY_CompleteFLA_system | 49,061499 
meanDELAY_CompleteFLB_system | NaN 

= = = = = = = = = = = = AVERAGE RESULTS = = = = = = = = = = = =
Packet Loss Ratio: 00,00 (%)
PROCESSED PACKAGES: 1935438377 
DISCARTED PACKAGES: 0 
TOTAL PACKAGES: 1935438377 
AVERAGE DELAY: 66,44 (ms) 
AVERAGE THROUGHPUT: 485,50 (Mbps) 
GRANTED THROUGHPUT: 33739,38 (Mbps) By 64 ONUs
EFFECTIVE THROUGHPUT: 31072,16 (Mbps) By 64 ONUs
TOTAL LOAD: 31072,16 (Mbps) By 64 ONUs
ON Arrival THROUGHPUT: 0,00 (Mbps) By 64 ONUs
FINISHTIMEFL: 203,612062 
FINISHTIME: 206,612062 


fileName | IPACT_STRICTPRIORITY_5_28_55_0 
