
ONU ID 	|  PLR(%) | Delay(ms) | Throughput(Mbps) | Granted Throughput(Mbps) | Total Load (Mbps) 

  ID |  PLR(%) |  D  | Thr |  Gates  |  Load  | PLR-EF | D-EF | ThrEF | LoadEF | PLR-AF | D-AF | ThrAF | LoadAF | PLR-BE | D-BE | ThrBE | LoadBE | PLR-FA | D-FA | ThrFA | LoadFA | DTFA |  PLR-FB | D-FB | ThrFB | LoadFB | DTFB | 
   1 |  0,00 | 44,833 | 752,06 | 752,06 | 757,73 |  0,00 | 1,169 | 44,35 | 44,35 |  0,00 | 3,547 | 342,79 | 342,79 |  0,00 | 141,549 | 337,57 | 337,57 |  0,00 | 287,945 | 27,34 | 27,34 | 595,057 |   NaN | NaN | 0,00 | 0,00 | NaN
   2 |  0,00 | 41,908 | 748,29 | 748,29 | 754,40 |  0,00 | 1,181 | 44,35 | 44,35 |  0,00 | 1,730 | 340,62 | 340,62 |  0,00 | 94,756 | 335,97 | 335,97 |  0,00 | 1177,177 | 27,34 | 27,34 | 2373,489 |   NaN | NaN | 0,00 | 0,00 | NaN
   3 |  0,00 | 39,165 | 743,38 | 743,38 | 748,91 |  0,00 | 1,118 | 44,35 | 44,35 |  0,00 | 1,550 | 335,12 | 335,12 |  0,00 | 87,655 | 336,56 | 336,56 |  0,00 | 1105,830 | 27,34 | 27,34 | 2230,956 |   NaN | NaN | 0,00 | 0,00 | NaN
   4 |  0,00 | 40,205 | 751,76 | 751,76 | 757,29 |  0,00 | 1,123 | 44,35 | 44,35 |  0,00 | 8,247 | 341,74 | 341,74 |  0,00 | 124,987 | 338,32 | 338,32 |  0,00 | 174,331 | 27,34 | 27,34 | 367,880 |   NaN | NaN | 0,00 | 0,00 | NaN
   5 |  0,00 | 37,133 | 741,53 | 741,53 | 747,08 |  0,00 | 1,149 | 44,35 | 44,35 |  0,00 | 1,590 | 335,84 | 335,84 |  0,00 | 58,881 | 334,00 | 334,00 |  0,00 | 1609,921 | 27,34 | 27,34 | 3239,149 |   NaN | NaN | 0,00 | 0,00 | NaN
   6 |  0,00 | 40,860 | 747,96 | 747,96 | 753,48 |  0,00 | 1,097 | 44,35 | 44,35 |  0,00 | 1,475 | 338,87 | 338,87 |  0,00 | 84,780 | 337,39 | 337,39 |  0,00 | 1321,503 | 27,34 | 27,34 | 2662,209 |   NaN | NaN | 0,00 | 0,00 | NaN
   7 |  0,00 | 41,914 | 747,20 | 747,20 | 752,72 |  0,00 | 1,116 | 44,35 | 44,35 |  0,00 | 1,657 | 337,06 | 337,06 |  0,00 | 122,513 | 338,44 | 338,44 |  0,00 | 514,804 | 27,34 | 27,34 | 1048,814 |   NaN | NaN | 0,00 | 0,00 | NaN
   8 |  0,00 | 42,966 | 752,12 | 752,12 | 757,77 |  0,00 | 1,166 | 44,35 | 44,35 |  0,00 | 1,819 | 339,44 | 339,44 |  0,00 | 95,201 | 340,99 | 340,99 |  0,00 | 1231,498 | 27,34 | 27,34 | 2482,414 |   NaN | NaN | 0,00 | 0,00 | NaN
   9 |  0,00 | 35,917 | 747,30 | 747,30 | 752,82 |  0,00 | 1,106 | 44,35 | 44,35 |  0,00 | 1,644 | 337,04 | 337,04 |  0,00 | 88,897 | 338,56 | 338,56 |  0,00 | 805,745 | 27,34 | 27,34 | 1630,672 |   NaN | NaN | 0,00 | 0,00 | NaN
  10 |  0,00 | 40,966 | 746,82 | 746,82 | 752,48 |  0,00 | 1,167 | 44,35 | 44,35 |  0,00 | 3,611 | 339,42 | 339,42 |  0,00 | 128,883 | 335,71 | 335,71 |  0,00 | 263,648 | 27,34 | 27,34 | 546,625 |   NaN | NaN | 0,00 | 0,00 | NaN
  11 |  0,00 | 44,580 | 747,14 | 747,14 | 752,67 |  0,00 | 1,106 | 44,35 | 44,35 |  0,00 | 1,264 | 336,98 | 336,98 |  0,00 | 56,356 | 338,47 | 338,47 |  0,00 | 2287,190 | 27,34 | 27,34 | 4593,898 |   NaN | NaN | 0,00 | 0,00 | NaN
  12 |  0,00 | 38,722 | 747,57 | 747,57 | 753,26 |  0,00 | 1,169 | 44,35 | 44,35 |  0,00 | 1,493 | 336,96 | 336,96 |  0,00 | 73,930 | 338,92 | 338,92 |  0,00 | 1385,986 | 27,34 | 27,34 | 2791,298 |   NaN | NaN | 0,00 | 0,00 | NaN
  13 |  0,00 | 34,316 | 738,58 | 738,58 | 744,11 |  0,00 | 1,133 | 44,35 | 44,35 |  0,00 | 1,465 | 335,26 | 335,26 |  0,00 | 68,156 | 331,63 | 331,63 |  0,00 | 1173,165 | 27,34 | 27,34 | 2365,652 |   NaN | NaN | 0,00 | 0,00 | NaN
  14 |  0,00 | 41,644 | 751,71 | 751,71 | 757,52 |  0,00 | 1,175 | 44,35 | 44,35 |  0,00 | 1,321 | 339,80 | 339,80 |  0,00 | 74,855 | 340,22 | 340,22 |  0,00 | 1613,810 | 27,34 | 27,34 | 3246,791 |   NaN | NaN | 0,00 | 0,00 | NaN
  15 |  0,00 | 37,458 | 746,19 | 746,19 | 751,87 |  0,00 | 1,169 | 44,35 | 44,35 |  0,00 | 2,461 | 333,33 | 333,33 |  0,00 | 104,153 | 341,16 | 341,16 |  0,00 | 534,634 | 27,34 | 27,34 | 1088,284 |   NaN | NaN | 0,00 | 0,00 | NaN
  16 |  0,00 | 41,818 | 755,00 | 755,00 | 760,55 |  0,00 | 1,160 | 44,35 | 44,35 |  0,00 | 1,627 | 340,29 | 340,29 |  0,00 | 102,439 | 343,01 | 343,01 |  0,00 | 964,581 | 27,34 | 27,34 | 1948,387 |   NaN | NaN | 0,00 | 0,00 | NaN
  17 |  0,00 | 41,806 | 747,81 | 747,81 | 753,56 |  0,00 | 1,173 | 44,35 | 44,35 |  0,00 | 1,362 | 339,25 | 339,25 |  0,00 | 105,965 | 336,87 | 336,87 |  0,00 | 910,145 | 27,34 | 27,34 | 1839,431 |   NaN | NaN | 0,00 | 0,00 | NaN
  18 |  0,00 | 44,000 | 744,23 | 744,23 | 749,78 |  0,00 | 1,150 | 44,35 | 44,35 |  0,00 | 1,341 | 337,21 | 337,21 |  0,00 | 46,475 | 335,33 | 335,33 |  0,00 | 2467,603 | 27,34 | 27,34 | 4954,607 |   NaN | NaN | 0,00 | 0,00 | NaN
  19 |  0,00 | 39,301 | 740,21 | 740,21 | 745,72 |  0,00 | 1,140 | 44,35 | 44,35 |  0,00 | 1,663 | 332,44 | 332,44 |  0,00 | 50,352 | 336,07 | 336,07 |  0,00 | 1972,126 | 27,34 | 27,34 | 3963,432 |   NaN | NaN | 0,00 | 0,00 | NaN
  20 |  0,00 | 42,861 | 739,18 | 739,18 | 744,70 |  0,00 | 1,136 | 44,35 | 44,35 |  0,00 | 1,694 | 336,67 | 336,67 |  0,00 | 48,285 | 330,81 | 330,81 |  0,00 | 2324,785 | 27,34 | 27,34 | 4669,063 |   NaN | NaN | 0,00 | 0,00 | NaN
  21 |  0,00 | 35,134 | 737,49 | 737,49 | 743,03 |  0,00 | 1,141 | 44,35 | 44,35 |  0,00 | 2,057 | 334,55 | 334,55 |  0,00 | 104,386 | 331,25 | 331,25 |  0,00 | 398,646 | 27,34 | 27,34 | 816,723 |   NaN | NaN | 0,00 | 0,00 | NaN
  22 |  0,00 | 40,149 | 750,34 | 750,34 | 756,37 |  0,00 | 1,179 | 44,35 | 44,35 |  0,00 | 1,474 | 342,62 | 342,62 |  0,00 | 66,272 | 336,03 | 336,03 |  0,00 | 1702,981 | 27,34 | 27,34 | 3425,153 |   NaN | NaN | 0,00 | 0,00 | NaN
  23 |  0,00 | 42,200 | 749,16 | 749,16 | 754,74 |  0,00 | 1,161 | 44,35 | 44,35 |  0,00 | 1,459 | 338,74 | 338,74 |  0,00 | 52,748 | 338,72 | 338,72 |  0,00 | 2173,673 | 27,34 | 27,34 | 4366,657 |   NaN | NaN | 0,00 | 0,00 | NaN
  24 |  0,00 | 39,497 | 753,56 | 753,56 | 759,10 |  0,00 | 1,123 | 44,35 | 44,35 |  0,00 | 1,501 | 340,76 | 340,76 |  0,00 | 85,282 | 341,11 | 341,11 |  0,00 | 1189,135 | 27,34 | 27,34 | 2397,460 |   NaN | NaN | 0,00 | 0,00 | NaN
  25 |  0,00 | 41,761 | 749,75 | 749,75 | 755,80 |  0,00 | 1,180 | 44,35 | 44,35 |  0,00 | 1,504 | 335,11 | 335,11 |  0,00 | 116,596 | 342,95 | 342,95 |  0,00 | 613,407 | 27,34 | 27,34 | 1245,995 |   NaN | NaN | 0,00 | 0,00 | NaN
  26 |  0,00 | 36,911 | 744,47 | 744,47 | 750,36 |  0,00 | 1,176 | 44,35 | 44,35 |  0,00 | 1,741 | 337,34 | 337,34 |  0,00 | 106,330 | 335,44 | 335,44 |  0,00 | 492,145 | 27,34 | 27,34 | 1003,393 |   NaN | NaN | 0,00 | 0,00 | NaN
  27 |  0,00 | 45,123 | 743,48 | 743,48 | 749,01 |  0,00 | 1,103 | 44,35 | 44,35 |  0,00 | 1,250 | 337,90 | 337,90 |  0,00 | 49,519 | 333,88 | 333,88 |  0,00 | 2495,829 | 27,34 | 27,34 | 5011,077 |   NaN | NaN | 0,00 | 0,00 | NaN
  28 |  0,00 | 43,562 | 740,88 | 740,88 | 746,58 |  0,00 | 1,169 | 44,35 | 44,35 |  0,00 | 1,570 | 336,22 | 336,22 |  0,00 | 57,338 | 332,97 | 332,97 |  0,00 | 2174,399 | 27,34 | 27,34 | 4368,043 |   NaN | NaN | 0,00 | 0,00 | NaN
  29 |  0,00 | 44,109 | 746,84 | 746,84 | 752,39 |  0,00 | 1,149 | 44,35 | 44,35 |  0,00 | 1,478 | 336,36 | 336,36 |  0,00 | 55,601 | 338,79 | 338,79 |  0,00 | 2257,370 | 27,34 | 27,34 | 4534,208 |   NaN | NaN | 0,00 | 0,00 | NaN
  30 |  0,00 | 42,325 | 745,06 | 745,06 | 751,11 |  0,00 | 1,179 | 44,35 | 44,35 |  0,00 | 1,319 | 335,77 | 335,77 |  0,00 | 43,364 | 337,60 | 337,60 |  0,00 | 2397,286 | 27,34 | 27,34 | 4814,137 |   NaN | NaN | 0,00 | 0,00 | NaN
  31 |  0,00 | 43,290 | 745,08 | 745,08 | 750,62 |  0,00 | 1,146 | 44,35 | 44,35 |  0,00 | 1,351 | 337,44 | 337,44 |  0,00 | 56,834 | 335,95 | 335,95 |  0,00 | 2169,963 | 27,34 | 27,34 | 4359,231 |   NaN | NaN | 0,00 | 0,00 | NaN
  32 |  0,00 | 43,268 | 749,19 | 749,19 | 754,72 |  0,00 | 1,102 | 44,35 | 44,35 |  0,00 | 1,526 | 337,78 | 337,78 |  0,00 | 51,205 | 339,72 | 339,72 |  0,00 | 2295,009 | 27,34 | 27,34 | 4609,505 |   NaN | NaN | 0,00 | 0,00 | NaN
  33 |  0,00 | 43,370 | 743,88 | 743,88 | 749,54 |  0,00 | 1,168 | 44,35 | 44,35 |  0,00 | 1,563 | 335,19 | 335,19 |  0,00 | 48,440 | 337,00 | 337,00 |  0,00 | 2358,486 | 27,34 | 27,34 | 4736,408 |   NaN | NaN | 0,00 | 0,00 | NaN
  34 |  0,00 | 43,716 | 746,99 | 746,99 | 752,57 |  0,00 | 1,159 | 44,35 | 44,35 |  0,00 | 1,263 | 337,15 | 337,15 |  0,00 | 40,960 | 338,15 | 338,15 |  0,00 | 2573,500 | 27,34 | 27,34 | 5167,108 |   NaN | NaN | 0,00 | 0,00 | NaN
  35 |  0,00 | 47,054 | 750,33 | 750,33 | 755,85 |  0,00 | 1,108 | 44,35 | 44,35 |  0,00 | 1,126 | 339,61 | 339,61 |  0,00 | 49,863 | 339,02 | 339,02 |  0,00 | 2653,588 | 27,34 | 27,34 | 5326,449 |   NaN | NaN | 0,00 | 0,00 | NaN
  36 |  0,00 | 42,155 | 744,13 | 744,13 | 749,74 |  0,00 | 1,161 | 44,35 | 44,35 |  0,00 | 1,238 | 335,00 | 335,00 |  0,00 | 37,037 | 337,44 | 337,44 |  0,00 | 2531,009 | 27,34 | 27,34 | 5081,904 |   NaN | NaN | 0,00 | 0,00 | NaN
  37 |  0,00 | 43,527 | 751,45 | 751,45 | 756,97 |  0,00 | 1,144 | 44,35 | 44,35 |  0,00 | 1,468 | 341,71 | 341,71 |  0,00 | 52,375 | 338,04 | 338,04 |  0,00 | 2301,164 | 27,34 | 27,34 | 4621,770 |   NaN | NaN | 0,00 | 0,00 | NaN
  38 |  0,00 | 46,995 | 752,86 | 752,86 | 758,40 |  0,00 | 1,136 | 44,35 | 44,35 |  0,00 | 1,357 | 340,75 | 340,75 |  0,00 | 59,391 | 340,42 | 340,42 |  0,00 | 2421,994 | 27,34 | 27,34 | 4863,472 |   NaN | NaN | 0,00 | 0,00 | NaN
  39 |  0,00 | 45,978 | 740,23 | 740,23 | 746,27 |  0,00 | 1,179 | 44,35 | 44,35 |  0,00 | 1,602 | 336,27 | 336,27 |  0,00 | 58,275 | 332,27 | 332,27 |  0,00 | 2350,181 | 27,34 | 27,34 | 4719,881 |   NaN | NaN | 0,00 | 0,00 | NaN
  40 |  0,00 | 42,732 | 737,02 | 737,02 | 743,09 |  0,00 | 1,179 | 44,35 | 44,35 |  0,00 | 1,417 | 335,24 | 335,24 |  0,00 | 40,781 | 330,09 | 330,09 |  0,00 | 2486,177 | 27,34 | 27,34 | 4991,694 |   NaN | NaN | 0,00 | 0,00 | NaN
  41 |  0,00 | 46,013 | 750,92 | 750,92 | 756,52 |  0,00 | 1,162 | 44,35 | 44,35 |  0,00 | 1,439 | 337,52 | 337,52 |  0,00 | 64,012 | 341,71 | 341,71 |  0,00 | 2218,085 | 27,34 | 27,34 | 4455,330 |   NaN | NaN | 0,00 | 0,00 | NaN
  42 |  0,00 | 45,724 | 749,00 | 749,00 | 754,53 |  0,00 | 1,108 | 44,35 | 44,35 |  0,00 | 1,474 | 337,70 | 337,70 |  0,00 | 61,438 | 339,60 | 339,60 |  0,00 | 2258,412 | 27,34 | 27,34 | 4536,213 |   NaN | NaN | 0,00 | 0,00 | NaN
  43 |  0,00 | 46,380 | 753,12 | 753,12 | 759,11 |  0,00 | 1,186 | 44,35 | 44,35 |  0,00 | 1,629 | 341,83 | 341,83 |  0,00 | 60,316 | 339,59 | 339,59 |  0,00 | 2345,554 | 27,34 | 27,34 | 4710,604 |   NaN | NaN | 0,00 | 0,00 | NaN
  44 |  0,00 | 41,054 | 748,58 | 748,58 | 754,11 |  0,00 | 1,098 | 44,35 | 44,35 |  0,00 | 1,363 | 337,70 | 337,70 |  0,00 | 47,412 | 339,19 | 339,19 |  0,00 | 2205,092 | 27,34 | 27,34 | 4429,499 |   NaN | NaN | 0,00 | 0,00 | NaN
  45 |  0,00 | 45,022 | 747,92 | 747,92 | 754,09 |  0,00 | 1,183 | 44,35 | 44,35 |  0,00 | 1,470 | 340,71 | 340,71 |  0,00 | 59,898 | 335,51 | 335,51 |  0,00 | 2247,689 | 27,34 | 27,34 | 4514,776 |   NaN | NaN | 0,00 | 0,00 | NaN
  46 |  0,00 | 45,516 | 747,70 | 747,70 | 753,23 |  0,00 | 1,122 | 44,35 | 44,35 |  0,00 | 1,251 | 337,10 | 337,10 |  0,00 | 57,867 | 338,91 | 338,91 |  0,00 | 2328,697 | 27,34 | 27,34 | 4676,973 |   NaN | NaN | 0,00 | 0,00 | NaN
  47 |  0,00 | 43,995 | 747,32 | 747,32 | 752,86 |  0,00 | 1,120 | 44,35 | 44,35 |  0,00 | 1,557 | 340,52 | 340,52 |  0,00 | 60,368 | 335,10 | 335,10 |  0,00 | 2151,937 | 27,34 | 27,34 | 4323,150 |   NaN | NaN | 0,00 | 0,00 | NaN
  48 |  0,00 | 40,913 | 744,47 | 744,47 | 750,00 |  0,00 | 1,149 | 44,35 | 44,35 |  0,00 | 1,435 | 336,85 | 336,85 |  0,00 | 47,128 | 335,92 | 335,92 |  0,00 | 2195,846 | 27,34 | 27,34 | 4411,013 |   NaN | NaN | 0,00 | 0,00 | NaN
  49 |  0,00 | 44,570 | 744,53 | 744,53 | 750,13 |  0,00 | 1,161 | 44,35 | 44,35 |  0,00 | 1,582 | 337,51 | 337,51 |  0,00 | 62,121 | 335,32 | 335,32 |  0,00 | 2147,918 | 27,34 | 27,34 | 4315,110 |   NaN | NaN | 0,00 | 0,00 | NaN
  50 |  0,00 | 46,554 | 749,16 | 749,16 | 754,70 |  0,00 | 1,116 | 44,35 | 44,35 |  0,00 | 1,576 | 340,92 | 340,92 |  0,00 | 61,276 | 336,55 | 336,55 |  0,00 | 2341,715 | 27,34 | 27,34 | 4702,963 |   NaN | NaN | 0,00 | 0,00 | NaN
  51 |  0,00 | 43,955 | 748,89 | 748,89 | 754,41 |  0,00 | 1,114 | 44,35 | 44,35 |  0,00 | 1,236 | 337,26 | 337,26 |  0,00 | 57,193 | 339,93 | 339,93 |  0,00 | 2216,009 | 27,34 | 27,34 | 4451,454 |   NaN | NaN | 0,00 | 0,00 | NaN
  52 |  0,00 | 41,552 | 741,75 | 741,75 | 747,28 |  0,00 | 1,140 | 44,35 | 44,35 |  0,00 | 1,730 | 332,88 | 332,88 |  0,00 | 46,973 | 337,18 | 337,18 |  0,00 | 2233,922 | 27,34 | 27,34 | 4487,332 |   NaN | NaN | 0,00 | 0,00 | NaN
  53 |  0,00 | 42,141 | 749,67 | 749,67 | 755,21 |  0,00 | 1,128 | 44,35 | 44,35 |  0,00 | 1,503 | 339,57 | 339,57 |  0,00 | 47,122 | 338,41 | 338,41 |  0,00 | 2302,886 | 27,34 | 27,34 | 4625,142 |   NaN | NaN | 0,00 | 0,00 | NaN
  54 |  0,00 | 44,104 | 743,81 | 743,81 | 749,35 |  0,00 | 1,130 | 44,35 | 44,35 |  0,00 | 1,402 | 338,00 | 338,00 |  0,00 | 56,334 | 334,11 | 334,11 |  0,00 | 2251,220 | 27,34 | 27,34 | 4521,784 |   NaN | NaN | 0,00 | 0,00 | NaN
  55 |  0,00 | 44,296 | 746,17 | 746,17 | 751,71 |  0,00 | 1,115 | 44,35 | 44,35 |  0,00 | 1,276 | 337,26 | 337,26 |  0,00 | 49,885 | 337,21 | 337,21 |  0,00 | 2415,177 | 27,34 | 27,34 | 4849,782 |   NaN | NaN | 0,00 | 0,00 | NaN
  56 |  0,00 | 42,456 | 743,53 | 743,53 | 749,07 |  0,00 | 1,121 | 44,35 | 44,35 |  0,00 | 1,401 | 334,71 | 334,71 |  0,00 | 52,441 | 337,13 | 337,13 |  0,00 | 2194,470 | 27,34 | 27,34 | 4408,255 |   NaN | NaN | 0,00 | 0,00 | NaN
  57 |  0,00 | 44,747 | 747,97 | 747,97 | 753,50 |  0,00 | 1,118 | 44,35 | 44,35 |  0,00 | 1,416 | 337,32 | 337,32 |  0,00 | 61,901 | 338,95 | 338,95 |  0,00 | 2167,571 | 27,34 | 27,34 | 4354,411 |   NaN | NaN | 0,00 | 0,00 | NaN
  58 |  0,00 | 40,462 | 746,39 | 746,39 | 751,93 |  0,00 | 1,147 | 44,35 | 44,35 |  0,00 | 1,512 | 336,31 | 336,31 |  0,00 | 46,086 | 338,38 | 338,38 |  0,00 | 2178,721 | 27,34 | 27,34 | 4376,764 |   NaN | NaN | 0,00 | 0,00 | NaN
  59 |  0,00 | 46,585 | 751,26 | 751,26 | 756,90 |  0,00 | 1,166 | 44,35 | 44,35 |  0,00 | 1,222 | 338,30 | 338,30 |  0,00 | 51,942 | 341,26 | 341,26 |  0,00 | 2556,849 | 27,34 | 27,34 | 5133,756 |   NaN | NaN | 0,00 | 0,00 | NaN
  60 |  0,00 | 43,289 | 746,42 | 746,42 | 751,95 |  0,00 | 1,100 | 44,35 | 44,35 |  0,00 | 1,434 | 337,76 | 337,76 |  0,00 | 54,884 | 336,97 | 336,97 |  0,00 | 2214,483 | 27,34 | 27,34 | 4448,311 |   NaN | NaN | 0,00 | 0,00 | NaN
  61 |  0,00 | 44,513 | 749,98 | 749,98 | 755,52 |  0,00 | 1,123 | 44,35 | 44,35 |  0,00 | 1,475 | 338,21 | 338,21 |  0,00 | 54,826 | 340,07 | 340,07 |  0,00 | 2313,999 | 27,34 | 27,34 | 4647,657 |   NaN | NaN | 0,00 | 0,00 | NaN
  62 |  0,00 | 46,382 | 749,41 | 749,41 | 755,67 |  0,00 | 1,185 | 44,35 | 44,35 |  0,00 | 1,291 | 339,33 | 339,33 |  0,00 | 66,517 | 338,39 | 338,39 |  0,00 | 2202,584 | 27,34 | 27,34 | 4424,458 |   NaN | NaN | 0,00 | 0,00 | NaN
  63 |  0,00 | 47,969 | 747,82 | 747,82 | 753,35 |  0,00 | 1,140 | 44,35 | 44,35 |  0,00 | 1,337 | 338,38 | 338,38 |  0,00 | 63,657 | 337,74 | 337,74 |  0,00 | 2398,368 | 27,34 | 27,34 | 4816,242 |   NaN | NaN | 0,00 | 0,00 | NaN
  64 |  0,00 | 45,745 | 742,09 | 742,09 | 748,31 |  0,00 | 1,183 | 44,35 | 44,35 |  0,00 | 1,420 | 333,34 | 333,34 |  0,00 | 61,266 | 337,05 | 337,05 |  0,00 | 2252,697 | 27,34 | 27,34 | 4524,777 |   NaN | NaN | 0,00 | 0,00 | NaN

= = = = = = = = = = = = AVERAGE RESULTS system = = = = = = = = = = = =
meanPLR_system | 0,000000 
meanDelay_system | 42,643281 
meanLoad_system | 746,812861 
meanTHR_system | 746,812861 
meanGate_system | 752,469580 

meanPLR_EF_system | 0,000000 
meanPLR_AF_system | 0,000000 
meanPLR_BE_system | 0,000000 
meanPLR_FLA_system | 0,000000 
meanPLR_FLB_system | NaN 

meanTHR_EF_system | 44,352002 
meanTHR_AF_system | 337,729141 
meanTHR_BE_system | 337,390486 
meanTHR_FLA_system | 27,725797 
meanTHR_FLB_system | 0,000000 

meanLoad_EF_system | 44,352002 
meanLoad_AF_system | 337,729141 
meanLoad_BE_system | 337,390486 
meanLoad_FLA_system | 27,725797 
meanLoad_FLB_system | 0,000000 

meanDELAY_EF_system | 1,144672 
meanDELAY_AF_system | 1,660243 
meanDELAY_BE_system | 67,883229 
meanDELAY_FLA_system | 1851,597928 
meanDELAY_FLB_system | NaN 
meanDELAY_CompleteFLA_system | 3722,564589 
meanDELAY_CompleteFLB_system | NaN 

= = = = = = = = = = = = AVERAGE RESULTS = = = = = = = = = = = =
Packet Loss Ratio: 00,00 (%)
PROCESSED PACKAGES: 2595409867 
DISCARTED PACKAGES: 0 
TOTAL PACKAGES: 2595409867 
AVERAGE DELAY: 7996,06 (ms) 
AVERAGE THROUGHPUT: 746,81 (Mbps) 
GRANTED THROUGHPUT: 48158,05 (Mbps) By 64 ONUs
EFFECTIVE THROUGHPUT: 47796,02 (Mbps) By 64 ONUs
TOTAL LOAD: 47796,02 (Mbps) By 64 ONUs
ON Arrival THROUGHPUT: 0,00 (Mbps) By 64 ONUs
FINISHTIMEFL: 213,288727 
FINISHTIME: 216,288727 


fileName | IPACT_LEAKYBUCKET_5_28_90_0 
