
ONU ID 	|  PLR(%) | Delay(ms) | Throughput(Mbps) | Granted Throughput(Mbps) | Total Load (Mbps) 

  ID |  PLR(%) |  D  | Thr |  Gates  |  Load  | PLR-EF | D-EF | ThrEF | LoadEF | PLR-AF | D-AF | ThrAF | LoadAF | PLR-BE | D-BE | ThrBE | LoadBE | PLR-FA | D-FA | ThrFA | LoadFA | DTFA |  PLR-FB | D-FB | ThrFB | LoadFB | DTFB | 
   1 |  5,62 | 281,796 | 754,71 | 799,61 | 759,00 |  0,00 | 1,408 | 44,35 | 44,35 |  0,00 | 8,182 | 364,66 | 364,66 | 12,61 | 1058,902 | 311,24 | 356,14 |  0,00 | 232,102 | 34,46 | 34,46 | 483,337 |   NaN | NaN | 0,00 | 0,00 | NaN
   2 |  6,00 | 266,916 | 754,26 | 802,42 | 758,56 |  0,00 | 1,420 | 44,35 | 44,35 |  0,00 | 1,976 | 364,95 | 364,95 | 13,43 | 968,839 | 310,49 | 358,66 |  0,00 | 947,587 | 34,46 | 34,46 | 1914,293 |   NaN | NaN | 0,00 | 0,00 | NaN
   3 |  5,09 | 260,444 | 754,14 | 794,61 | 758,43 |  0,00 | 1,356 | 44,35 | 44,35 |  0,00 | 1,923 | 357,46 | 357,46 | 11,29 | 924,699 | 317,87 | 358,34 |  0,00 | 902,843 | 34,46 | 34,46 | 1824,900 |   NaN | NaN | 0,00 | 0,00 | NaN
   4 |  6,11 | 287,000 | 754,71 | 803,82 | 759,11 |  0,00 | 1,362 | 44,35 | 44,35 |  0,00 | 15,861 | 363,70 | 363,70 | 13,59 | 1071,712 | 312,20 | 361,31 |  0,00 | 150,716 | 34,46 | 34,46 | 320,670 |   NaN | NaN | 0,00 | 0,00 | NaN
   5 |  5,29 | 258,842 | 753,69 | 795,83 | 757,96 |  0,00 | 1,387 | 44,35 | 44,35 |  0,00 | 1,829 | 359,25 | 359,25 | 11,78 | 901,197 | 315,63 | 357,76 |  0,00 | 1307,996 | 34,46 | 34,46 | 2635,001 |   NaN | NaN | 0,00 | 0,00 | NaN
   6 |  5,93 | 272,055 | 754,99 | 802,55 | 759,27 |  0,00 | 1,336 | 44,35 | 44,35 |  0,00 | 2,069 | 363,27 | 363,27 | 13,19 | 975,278 | 312,92 | 360,48 |  0,00 | 1058,887 | 34,46 | 34,46 | 2136,738 |   NaN | NaN | 0,00 | 0,00 | NaN
   7 |  5,63 | 279,224 | 754,58 | 799,56 | 758,86 |  0,00 | 1,354 | 44,35 | 44,35 |  0,00 | 2,813 | 361,06 | 361,06 | 12,51 | 1032,809 | 314,70 | 359,68 |  0,00 | 420,832 | 34,46 | 34,46 | 860,804 |   NaN | NaN | 0,00 | 0,00 | NaN
   8 |  5,74 | 273,122 | 754,97 | 800,94 | 759,27 |  0,00 | 1,404 | 44,35 | 44,35 |  0,00 | 1,912 | 359,69 | 359,69 | 12,68 | 972,854 | 316,47 | 362,43 |  0,00 | 979,264 | 34,46 | 34,46 | 1977,569 |   NaN | NaN | 0,00 | 0,00 | NaN
   9 |  5,94 | 275,174 | 755,11 | 802,79 | 759,39 |  0,00 | 1,344 | 44,35 | 44,35 |  0,00 | 2,080 | 361,49 | 361,49 | 13,15 | 1004,479 | 314,81 | 362,49 |  0,00 | 655,630 | 34,46 | 34,46 | 1330,406 |   NaN | NaN | 0,00 | 0,00 | NaN
  10 |  5,32 | 273,753 | 755,43 | 797,83 | 759,74 |  0,00 | 1,405 | 44,35 | 44,35 |  0,00 | 10,313 | 359,96 | 359,96 | 11,81 | 1010,274 | 316,66 | 359,07 |  0,00 | 208,351 | 34,46 | 34,46 | 435,984 |   NaN | NaN | 0,00 | 0,00 | NaN
  11 |  5,40 | 260,214 | 753,65 | 796,63 | 757,93 |  0,00 | 1,345 | 44,35 | 44,35 |  0,00 | 1,941 | 357,19 | 357,19 | 11,92 | 870,671 | 317,66 | 360,63 |  0,00 | 1829,683 | 34,46 | 34,46 | 3678,370 |   NaN | NaN | 0,00 | 0,00 | NaN
  12 |  5,68 | 264,584 | 755,18 | 800,69 | 759,47 |  0,00 | 1,407 | 44,35 | 44,35 |  0,00 | 2,031 | 360,37 | 360,37 | 12,59 | 934,492 | 316,00 | 361,51 |  0,00 | 1111,283 | 34,46 | 34,46 | 2241,660 |   NaN | NaN | 0,00 | 0,00 | NaN
  13 |  4,77 | 260,516 | 753,26 | 790,96 | 757,53 |  0,00 | 1,372 | 44,35 | 44,35 |  0,00 | 2,021 | 358,10 | 358,10 | 10,65 | 926,351 | 316,35 | 354,05 |  0,00 | 942,014 | 34,46 | 34,46 | 1902,889 |   NaN | NaN | 0,00 | 0,00 | NaN
  14 |  6,00 | 265,314 | 753,22 | 801,31 | 757,52 |  0,00 | 1,413 | 44,35 | 44,35 |  0,00 | 2,118 | 361,23 | 361,23 | 13,31 | 933,519 | 313,19 | 361,28 |  0,00 | 1288,361 | 34,46 | 34,46 | 2595,826 |   NaN | NaN | 0,00 | 0,00 | NaN
  15 |  5,30 | 275,353 | 753,21 | 795,39 | 757,50 |  0,00 | 1,407 | 44,35 | 44,35 |  0,00 | 2,928 | 354,45 | 354,45 | 11,65 | 998,939 | 319,95 | 362,13 |  0,00 | 437,510 | 34,46 | 34,46 | 894,046 |   NaN | NaN | 0,00 | 0,00 | NaN
  16 |  6,75 | 286,356 | 753,59 | 808,10 | 757,85 |  0,00 | 1,398 | 44,35 | 44,35 |  0,00 | 2,414 | 361,52 | 361,52 | 14,82 | 1043,499 | 313,26 | 367,77 |  0,00 | 775,764 | 34,46 | 34,46 | 1570,721 |   NaN | NaN | 0,00 | 0,00 | NaN
  17 |  5,89 | 276,304 | 754,32 | 801,57 | 758,61 |  0,00 | 1,411 | 44,35 | 44,35 |  0,00 | 2,102 | 362,83 | 362,83 | 13,13 | 1010,002 | 312,68 | 359,92 |  0,00 | 735,469 | 34,46 | 34,46 | 1490,218 |   NaN | NaN | 0,00 | 0,00 | NaN
  18 |  5,24 | 253,501 | 753,50 | 795,19 | 757,78 |  0,00 | 1,388 | 44,35 | 44,35 |  0,00 | 2,351 | 357,95 | 357,95 | 11,63 | 839,378 | 316,74 | 358,43 |  0,00 | 1968,462 | 34,46 | 34,46 | 3955,725 |   NaN | NaN | 0,00 | 0,00 | NaN
  19 |  4,43 | 252,644 | 755,01 | 790,01 | 759,31 |  0,00 | 1,379 | 44,35 | 44,35 |  0,00 | 1,862 | 354,20 | 354,20 |  9,80 | 846,508 | 322,00 | 357,00 |  0,00 | 1575,477 | 34,46 | 34,46 | 3169,965 |   NaN | NaN | 0,00 | 0,00 | NaN
  20 |  4,89 | 247,952 | 753,58 | 792,31 | 757,86 |  0,00 | 1,374 | 44,35 | 44,35 |  0,00 | 2,447 | 360,02 | 360,02 | 10,96 | 829,412 | 314,74 | 353,48 |  0,00 | 1862,871 | 34,46 | 34,46 | 3744,790 |   NaN | NaN | 0,00 | 0,00 | NaN
  21 |  4,26 | 255,289 | 754,28 | 787,86 | 758,56 |  0,00 | 1,379 | 44,35 | 44,35 |  0,00 | 4,190 | 355,86 | 355,86 |  9,51 | 931,071 | 319,62 | 353,20 |  0,00 | 324,901 | 34,46 | 34,46 | 668,943 |   NaN | NaN | 0,00 | 0,00 | NaN
  22 |  6,14 | 272,592 | 755,14 | 804,54 | 759,46 |  0,00 | 1,417 | 44,35 | 44,35 |  0,00 | 2,055 | 366,45 | 366,45 | 13,75 | 968,953 | 309,88 | 359,28 |  0,00 | 1360,587 | 34,46 | 34,46 | 2740,276 |   NaN | NaN | 0,00 | 0,00 | NaN
  23 |  5,60 | 265,053 | 755,10 | 799,88 | 759,38 |  0,00 | 1,399 | 44,35 | 44,35 |  0,00 | 2,084 | 360,71 | 360,71 | 12,42 | 901,868 | 315,59 | 360,36 |  0,00 | 1725,196 | 34,46 | 34,46 | 3469,244 |   NaN | NaN | 0,00 | 0,00 | NaN
  24 |  6,01 | 271,047 | 754,82 | 803,09 | 759,10 |  0,00 | 1,361 | 44,35 | 44,35 |  0,00 | 2,016 | 360,78 | 360,78 | 13,28 | 970,044 | 315,23 | 363,50 |  0,00 | 953,891 | 34,46 | 34,46 | 1926,853 |   NaN | NaN | 0,00 | 0,00 | NaN
  25 |  6,08 | 286,352 | 754,24 | 803,04 | 758,56 |  0,00 | 1,418 | 44,35 | 44,35 |  0,00 | 2,511 | 358,52 | 358,52 | 13,34 | 1047,775 | 316,92 | 365,71 |  0,00 | 503,036 | 34,46 | 34,46 | 1025,163 |   NaN | NaN | 0,00 | 0,00 | NaN
  26 |  5,14 | 274,464 | 754,77 | 795,65 | 759,07 |  0,00 | 1,415 | 44,35 | 44,35 |  0,00 | 3,608 | 359,25 | 359,25 | 11,43 | 1007,845 | 316,71 | 357,59 |  0,00 | 412,221 | 34,46 | 34,46 | 843,489 |   NaN | NaN | 0,00 | 0,00 | NaN
  27 |  5,19 | 250,304 | 754,95 | 796,28 | 759,24 |  0,00 | 1,341 | 44,35 | 44,35 |  0,00 | 1,847 | 361,94 | 361,94 | 11,63 | 834,172 | 314,20 | 355,53 |  0,00 | 1991,445 | 34,46 | 34,46 | 4001,957 |   NaN | NaN | 0,00 | 0,00 | NaN
  28 |  4,54 | 254,397 | 754,48 | 790,33 | 758,78 |  0,00 | 1,408 | 44,35 | 44,35 |  0,00 | 1,871 | 359,20 | 359,20 | 10,17 | 858,254 | 316,48 | 352,32 |  0,00 | 1734,289 | 34,46 | 34,46 | 3487,441 |   NaN | NaN | 0,00 | 0,00 | NaN
  29 |  5,72 | 262,311 | 754,47 | 800,27 | 758,76 |  0,00 | 1,387 | 44,35 | 44,35 |  0,00 | 1,803 | 360,65 | 360,65 | 12,69 | 888,185 | 315,01 | 360,81 |  0,00 | 1800,721 | 34,46 | 34,46 | 3620,526 |   NaN | NaN | 0,00 | 0,00 | NaN
  30 |  5,14 | 254,965 | 754,72 | 795,63 | 759,03 |  0,00 | 1,417 | 44,35 | 44,35 |  0,00 | 1,957 | 358,35 | 358,35 | 11,41 | 847,267 | 317,56 | 358,47 |  0,00 | 1914,115 | 34,46 | 34,46 | 3847,050 |   NaN | NaN | 0,00 | 0,00 | NaN
  31 |  5,06 | 258,181 | 755,04 | 795,28 | 759,34 |  0,00 | 1,384 | 44,35 | 44,35 |  0,00 | 2,000 | 360,31 | 360,31 | 11,30 | 874,356 | 315,92 | 356,16 |  0,00 | 1732,519 | 34,46 | 34,46 | 3484,037 |   NaN | NaN | 0,00 | 0,00 | NaN
  32 |  5,65 | 258,521 | 755,46 | 800,74 | 759,74 |  0,00 | 1,341 | 44,35 | 44,35 |  0,00 | 2,375 | 360,72 | 360,72 | 12,54 | 869,746 | 315,93 | 361,21 |  0,00 | 1834,541 | 34,46 | 34,46 | 3688,223 |   NaN | NaN | 0,00 | 0,00 | NaN
  33 |  5,11 | 249,619 | 753,92 | 794,48 | 758,20 |  0,00 | 1,406 | 44,35 | 44,35 |  0,00 | 2,371 | 356,83 | 356,83 | 11,30 | 825,995 | 318,28 | 358,84 |  0,00 | 1880,221 | 34,46 | 34,46 | 3779,608 |   NaN | NaN | 0,00 | 0,00 | NaN
  34 |  5,23 | 253,814 | 754,76 | 796,39 | 759,03 |  0,00 | 1,397 | 44,35 | 44,35 |  0,00 | 1,882 | 359,05 | 359,05 | 11,61 | 836,797 | 316,90 | 358,54 |  0,00 | 2052,519 | 34,46 | 34,46 | 4124,129 |   NaN | NaN | 0,00 | 0,00 | NaN
  35 |  6,05 | 261,920 | 753,42 | 801,96 | 757,68 |  0,00 | 1,347 | 44,35 | 44,35 |  0,00 | 1,819 | 362,06 | 362,06 | 13,44 | 874,149 | 312,55 | 361,09 |  0,00 | 2121,741 | 34,46 | 34,46 | 4262,458 |   NaN | NaN | 0,00 | 0,00 | NaN
  36 |  5,20 | 247,395 | 754,77 | 796,21 | 759,07 |  0,00 | 1,400 | 44,35 | 44,35 |  0,00 | 1,919 | 356,34 | 356,34 | 11,48 | 807,746 | 319,63 | 361,06 |  0,00 | 2016,304 | 34,46 | 34,46 | 4051,589 |   NaN | NaN | 0,00 | 0,00 | NaN
  37 |  6,16 | 263,959 | 755,58 | 805,14 | 759,86 |  0,00 | 1,382 | 44,35 | 44,35 |  0,00 | 2,009 | 365,71 | 365,71 | 13,74 | 904,917 | 311,06 | 360,62 |  0,00 | 1834,953 | 34,46 | 34,46 | 3688,923 |   NaN | NaN | 0,00 | 0,00 | NaN
  38 |  6,01 | 263,564 | 754,93 | 803,19 | 759,22 |  0,00 | 1,374 | 44,35 | 44,35 |  0,00 | 1,619 | 361,82 | 361,82 | 13,31 | 888,397 | 314,30 | 362,56 |  0,00 | 1930,021 | 34,46 | 34,46 | 3879,114 |   NaN | NaN | 0,00 | 0,00 | NaN
  39 |  4,17 | 246,916 | 755,01 | 787,90 | 759,34 |  0,00 | 1,417 | 44,35 | 44,35 |  0,00 | 1,646 | 356,50 | 356,50 |  9,33 | 814,372 | 319,71 | 352,59 |  0,00 | 1872,616 | 34,46 | 34,46 | 3764,414 |   NaN | NaN | 0,00 | 0,00 | NaN
  40 |  4,60 | 249,376 | 753,62 | 789,98 | 757,93 |  0,00 | 1,417 | 44,35 | 44,35 |  0,00 | 1,782 | 359,66 | 359,66 | 10,34 | 827,401 | 315,15 | 351,50 |  0,00 | 1987,061 | 34,46 | 34,46 | 3993,048 |   NaN | NaN | 0,00 | 0,00 | NaN
  41 |  5,99 | 260,783 | 753,29 | 801,29 | 757,58 |  0,00 | 1,400 | 44,35 | 44,35 |  0,00 | 1,827 | 357,00 | 357,00 | 13,13 | 876,772 | 317,48 | 365,48 |  0,00 | 1767,545 | 34,46 | 34,46 | 3554,088 |   NaN | NaN | 0,00 | 0,00 | NaN
  42 |  6,03 | 263,628 | 755,39 | 803,90 | 759,68 |  0,00 | 1,346 | 44,35 | 44,35 |  0,00 | 1,788 | 362,14 | 362,14 | 13,36 | 895,832 | 314,44 | 362,94 |  0,00 | 1801,754 | 34,46 | 34,46 | 3622,619 |   NaN | NaN | 0,00 | 0,00 | NaN
  43 |  6,77 | 272,051 | 754,71 | 809,54 | 759,01 |  0,00 | 1,424 | 44,35 | 44,35 |  0,00 | 1,982 | 365,47 | 365,47 | 15,01 | 934,319 | 310,43 | 365,26 |  0,00 | 1875,278 | 34,46 | 34,46 | 3769,619 |   NaN | NaN | 0,00 | 0,00 | NaN
  44 |  5,87 | 269,906 | 754,92 | 802,00 | 759,19 |  0,00 | 1,337 | 44,35 | 44,35 |  0,00 | 2,497 | 359,75 | 359,75 | 12,96 | 915,750 | 316,36 | 363,45 |  0,00 | 1757,143 | 34,46 | 34,46 | 3533,328 |   NaN | NaN | 0,00 | 0,00 | NaN
  45 |  5,22 | 255,625 | 755,23 | 796,81 | 759,55 |  0,00 | 1,421 | 44,35 | 44,35 |  0,00 | 1,757 | 363,49 | 363,49 | 11,73 | 869,962 | 312,93 | 354,51 |  0,00 | 1791,370 | 34,46 | 34,46 | 3601,882 |   NaN | NaN | 0,00 | 0,00 | NaN
  46 |  5,58 | 262,004 | 754,59 | 799,14 | 758,87 |  0,00 | 1,360 | 44,35 | 44,35 |  0,00 | 2,064 | 358,39 | 358,39 | 12,31 | 877,090 | 317,39 | 361,94 |  0,00 | 1857,707 | 34,46 | 34,46 | 3734,470 |   NaN | NaN | 0,00 | 0,00 | NaN
  47 |  5,25 | 259,848 | 754,65 | 796,50 | 758,93 |  0,00 | 1,358 | 44,35 | 44,35 |  0,00 | 1,968 | 360,34 | 360,34 | 11,71 | 882,654 | 315,50 | 357,36 |  0,00 | 1716,847 | 34,46 | 34,46 | 3452,604 |   NaN | NaN | 0,00 | 0,00 | NaN
  48 |  5,30 | 265,153 | 754,09 | 796,29 | 758,38 |  0,00 | 1,387 | 44,35 | 44,35 |  0,00 | 1,532 | 358,94 | 358,94 | 11,77 | 898,031 | 316,34 | 358,54 |  0,00 | 1753,838 | 34,46 | 34,46 | 3526,723 |   NaN | NaN | 0,00 | 0,00 | NaN
  49 |  5,15 | 255,176 | 754,89 | 795,89 | 759,18 |  0,00 | 1,400 | 44,35 | 44,35 |  0,00 | 1,800 | 360,52 | 360,52 | 11,50 | 864,808 | 315,57 | 356,56 |  0,00 | 1719,695 | 34,46 | 34,46 | 3458,479 |   NaN | NaN | 0,00 | 0,00 | NaN
  50 |  5,79 | 263,124 | 754,35 | 800,70 | 758,62 |  0,00 | 1,354 | 44,35 | 44,35 |  0,00 | 1,794 | 363,12 | 363,12 | 12,92 | 894,854 | 312,41 | 358,76 |  0,00 | 1866,732 | 34,46 | 34,46 | 3752,384 |   NaN | NaN | 0,00 | 0,00 | NaN
  51 |  5,58 | 259,583 | 754,71 | 799,32 | 759,00 |  0,00 | 1,352 | 44,35 | 44,35 |  0,00 | 2,137 | 359,58 | 359,58 | 12,36 | 876,422 | 316,32 | 360,93 |  0,00 | 1764,530 | 34,46 | 34,46 | 3548,253 |   NaN | NaN | 0,00 | 0,00 | NaN
  52 |  5,38 | 253,695 | 753,72 | 796,55 | 758,00 |  0,00 | 1,379 | 44,35 | 44,35 |  0,00 | 2,317 | 355,06 | 355,06 | 11,81 | 842,834 | 319,85 | 362,69 |  0,00 | 1783,857 | 34,46 | 34,46 | 3586,756 |   NaN | NaN | 0,00 | 0,00 | NaN
  53 |  5,63 | 258,877 | 754,24 | 799,27 | 758,52 |  0,00 | 1,366 | 44,35 | 44,35 |  0,00 | 2,235 | 361,59 | 361,59 | 12,55 | 875,605 | 313,83 | 358,87 |  0,00 | 1841,007 | 34,46 | 34,46 | 3701,033 |   NaN | NaN | 0,00 | 0,00 | NaN
  54 |  4,71 | 252,663 | 755,11 | 792,42 | 759,38 |  0,00 | 1,368 | 44,35 | 44,35 |  0,00 | 1,864 | 359,46 | 359,46 | 10,54 | 847,715 | 316,83 | 354,15 |  0,00 | 1795,293 | 34,46 | 34,46 | 3609,661 |   NaN | NaN | 0,00 | 0,00 | NaN
  55 |  5,09 | 252,960 | 755,43 | 795,91 | 759,72 |  0,00 | 1,353 | 44,35 | 44,35 |  0,00 | 1,540 | 356,81 | 356,81 | 11,24 | 833,720 | 319,81 | 360,29 |  0,00 | 1935,233 | 34,46 | 34,46 | 3889,255 |   NaN | NaN | 0,00 | 0,00 | NaN
  56 |  4,95 | 255,003 | 754,48 | 793,82 | 758,76 |  0,00 | 1,359 | 44,35 | 44,35 |  0,00 | 1,938 | 356,97 | 356,97 | 10,99 | 852,731 | 318,70 | 358,03 |  0,00 | 1762,317 | 34,46 | 34,46 | 3543,722 |   NaN | NaN | 0,00 | 0,00 | NaN
  57 |  5,46 | 253,771 | 754,77 | 798,39 | 759,06 |  0,00 | 1,356 | 44,35 | 44,35 |  0,00 | 1,709 | 358,50 | 358,50 | 12,08 | 853,639 | 317,46 | 361,08 |  0,00 | 1732,320 | 34,46 | 34,46 | 3483,655 |   NaN | NaN | 0,00 | 0,00 | NaN
  58 |  5,50 | 265,849 | 754,27 | 798,17 | 758,57 |  0,00 | 1,385 | 44,35 | 44,35 |  0,00 | 2,453 | 359,59 | 359,59 | 12,20 | 901,978 | 315,88 | 359,78 |  0,00 | 1736,354 | 34,46 | 34,46 | 3491,707 |   NaN | NaN | 0,00 | 0,00 | NaN
  59 |  6,09 | 266,670 | 755,17 | 804,15 | 759,45 |  0,00 | 1,404 | 44,35 | 44,35 |  0,00 | 1,581 | 359,80 | 359,80 | 13,40 | 887,463 | 316,56 | 365,53 |  0,00 | 2038,681 | 34,46 | 34,46 | 4096,432 |   NaN | NaN | 0,00 | 0,00 | NaN
  60 |  5,62 | 261,032 | 754,26 | 799,18 | 758,55 |  0,00 | 1,339 | 44,35 | 44,35 |  0,00 | 2,203 | 360,15 | 360,15 | 12,47 | 883,936 | 315,31 | 360,23 |  0,00 | 1767,789 | 34,46 | 34,46 | 3554,722 |   NaN | NaN | 0,00 | 0,00 | NaN
  61 |  6,02 | 264,199 | 754,45 | 802,78 | 758,73 |  0,00 | 1,361 | 44,35 | 44,35 |  0,00 | 2,032 | 361,63 | 361,63 | 13,34 | 895,434 | 314,00 | 362,34 |  0,00 | 1849,951 | 34,46 | 34,46 | 3718,885 |   NaN | NaN | 0,00 | 0,00 | NaN
  62 |  5,94 | 264,220 | 754,46 | 802,11 | 758,78 |  0,00 | 1,423 | 44,35 | 44,35 |  0,00 | 1,746 | 362,09 | 362,09 | 13,19 | 902,423 | 313,56 | 361,21 |  0,00 | 1754,147 | 34,46 | 34,46 | 3527,338 |   NaN | NaN | 0,00 | 0,00 | NaN
  63 |  5,66 | 262,560 | 754,04 | 799,25 | 758,32 |  0,00 | 1,378 | 44,35 | 44,35 |  0,00 | 2,196 | 362,06 | 362,06 | 12,62 | 887,385 | 313,17 | 358,38 |  0,00 | 1908,804 | 34,46 | 34,46 | 3836,515 |   NaN | NaN | 0,00 | 0,00 | NaN
  64 |  4,82 | 248,675 | 754,48 | 792,65 | 758,79 |  0,00 | 1,421 | 44,35 | 44,35 |  0,00 | 2,063 | 358,27 | 358,27 | 10,73 | 830,106 | 317,41 | 355,58 |  0,00 | 1796,448 | 34,46 | 34,46 | 3611,951 |   NaN | NaN | 0,00 | 0,00 | NaN

= = = = = = = = = = = = AVERAGE RESULTS system = = = = = = = = = = = =
meanPLR_system | 5,491938 
meanDelay_system | 262,783758 
meanLoad_system | 798,375301 
meanTHR_system | 754,504358 
meanGate_system | 758,795936 

meanPLR_EF_system | 0,000000 
meanPLR_AF_system | 0,000000 
meanPLR_BE_system | 12,194625 
meanPLR_FLA_system | 0,000000 
meanPLR_FLB_system | NaN 

meanTHR_EF_system | 44,352001 
meanTHR_AF_system | 360,075201 
meanTHR_BE_system | 315,620304 
meanTHR_FLA_system | 35,028331 
meanTHR_FLB_system | 0,000000 

meanLoad_EF_system | 44,352001 
meanLoad_AF_system | 360,075201 
meanLoad_BE_system | 359,491247 
meanLoad_FLA_system | 35,028331 
meanLoad_FLB_system | 0,000000 

meanDELAY_EF_system | 1,382966 
meanDELAY_AF_system | 2,524421 
meanDELAY_BE_system | 906,477943 
meanDELAY_FLA_system | 1480,447526 
meanDELAY_FLB_system | NaN 
meanDELAY_CompleteFLA_system | 2979,944973 
meanDELAY_CompleteFLB_system | NaN 

= = = = = = = = = = = = AVERAGE RESULTS = = = = = = = = = = = =
Packet Loss Ratio: 05,50 (%)
PROCESSED PACKAGES: 2215140513 
DISCARTED PACKAGES: 80522328 
TOTAL PACKAGES: 2295662841 
AVERAGE DELAY: 49463,06 (ms) 
AVERAGE THROUGHPUT: 754,50 (Mbps) 
GRANTED THROUGHPUT: 48562,94 (Mbps) By 64 ONUs
EFFECTIVE THROUGHPUT: 48288,28 (Mbps) By 64 ONUs
TOTAL LOAD: 51096,02 (Mbps) By 64 ONUs
ON Arrival THROUGHPUT: 0,00 (Mbps) By 64 ONUs
FINISHTIMEFL: 180,882153 
FINISHTIME: 183,882153 


fileName | IPACT_LEAKYBUCKET_4_30_96_0 
