
ONU ID 	|  PLR(%) | Delay(ms) | Throughput(Mbps) | Granted Throughput(Mbps) | Total Load (Mbps) 

  ID |  PLR(%) |  D  | Thr |  Gates  |  Load  | PLR-EF | D-EF | ThrEF | LoadEF | PLR-AF | D-AF | ThrAF | LoadAF | PLR-BE | D-BE | ThrBE | LoadBE | PLR-FA | D-FA | ThrFA | LoadFA | DTFA |  PLR-FB | D-FB | ThrFB | LoadFB | DTFB | 
   1 |  0,00 | 2,734 | 616,15 | 616,15 | 649,71 |  0,00 | 0,188 | 44,35 | 44,35 |  0,00 | 0,787 | 266,01 | 266,01 |  0,00 | 1,202 | 258,99 | 258,99 |  0,00 | 91,287 | 46,79 | 46,79 | 203,776 |   NaN | NaN | 0,00 | 0,00 | NaN
   2 |  0,00 | 15,492 | 617,71 | 617,71 | 655,39 |  0,00 | 0,200 | 44,35 | 44,35 |  0,00 | 0,217 | 264,15 | 264,15 |  0,00 | 0,280 | 262,42 | 262,42 |  0,00 | 649,371 | 46,79 | 46,79 | 1319,177 |   NaN | NaN | 0,00 | 0,00 | NaN
   3 |  0,00 | 14,760 | 613,69 | 613,69 | 644,68 |  0,00 | 0,136 | 44,35 | 44,35 |  0,00 | 0,146 | 262,74 | 262,74 |  0,00 | 0,336 | 259,80 | 259,80 |  0,00 | 617,365 | 46,79 | 46,79 | 1255,117 |   NaN | NaN | 0,00 | 0,00 | NaN
   4 |  0,00 | 1,857 | 620,00 | 620,00 | 651,13 |  0,00 | 0,142 | 44,35 | 44,35 |  0,00 | 1,341 | 266,93 | 266,93 |  0,00 | 1,737 | 261,93 | 261,93 |  0,00 | 43,521 | 46,79 | 46,79 | 98,427 |   NaN | NaN | 0,00 | 0,00 | NaN
   5 |  0,00 | 21,889 | 615,26 | 615,26 | 646,57 |  0,00 | 0,167 | 44,35 | 44,35 |  0,00 | 0,177 | 262,30 | 262,30 |  0,00 | 0,302 | 261,81 | 261,81 |  0,00 | 919,975 | 46,79 | 46,79 | 1860,561 |   NaN | NaN | 0,00 | 0,00 | NaN
   6 |  0,00 | 17,379 | 619,35 | 619,35 | 650,17 |  0,00 | 0,116 | 44,35 | 44,35 |  0,00 | 0,127 | 265,28 | 265,28 |  0,00 | 0,357 | 262,93 | 262,93 |  0,00 | 732,534 | 46,79 | 46,79 | 1485,495 |   NaN | NaN | 0,00 | 0,00 | NaN
   7 |  0,00 | 6,108 | 616,47 | 616,47 | 647,51 |  0,00 | 0,134 | 44,35 | 44,35 |  0,00 | 0,146 | 263,64 | 263,64 |  0,00 | 0,336 | 261,69 | 261,69 |  0,00 | 251,558 | 46,79 | 46,79 | 523,321 |   NaN | NaN | 0,00 | 0,00 | NaN
   8 |  0,00 | 16,231 | 616,42 | 616,42 | 649,38 |  0,00 | 0,184 | 44,35 | 44,35 |  0,00 | 0,195 | 261,29 | 261,29 |  0,00 | 0,277 | 263,98 | 263,98 |  0,00 | 680,525 | 46,79 | 46,79 | 1381,542 |   NaN | NaN | 0,00 | 0,00 | NaN
   9 |  0,00 | 10,143 | 618,37 | 618,37 | 649,37 |  0,00 | 0,124 | 44,35 | 44,35 |  0,00 | 0,134 | 264,68 | 264,68 |  0,00 | 0,351 | 262,54 | 262,54 |  0,00 | 423,851 | 46,79 | 46,79 | 868,212 |   NaN | NaN | 0,00 | 0,00 | NaN
  10 |  0,00 | 2,271 | 615,55 | 615,55 | 648,51 |  0,00 | 0,185 | 44,35 | 44,35 |  0,00 | 1,066 | 262,44 | 262,44 |  0,00 | 1,570 | 261,97 | 261,97 |  0,00 | 64,784 | 46,79 | 46,79 | 149,567 |   NaN | NaN | 0,00 | 0,00 | NaN
  11 |  0,00 | 31,399 | 613,97 | 613,97 | 644,92 |  0,00 | 0,125 | 44,35 | 44,35 |  0,00 | 0,301 | 259,89 | 259,89 |  0,00 | 0,570 | 262,93 | 262,93 |  0,00 | 1318,669 | 46,79 | 46,79 | 2658,309 |   NaN | NaN | 0,00 | 0,00 | NaN
  12 |  0,00 | 18,382 | 615,13 | 615,13 | 648,73 |  0,00 | 0,187 | 44,35 | 44,35 |  0,00 | 0,195 | 261,19 | 261,19 |  0,00 | 0,277 | 262,79 | 262,79 |  0,00 | 770,766 | 46,79 | 46,79 | 1562,059 |   NaN | NaN | 0,00 | 0,00 | NaN
  13 |  0,00 | 15,600 | 611,29 | 611,29 | 642,33 |  0,00 | 0,152 | 44,35 | 44,35 |  0,00 | 0,171 | 260,86 | 260,86 |  0,00 | 0,317 | 259,29 | 259,29 |  0,00 | 651,017 | 46,79 | 46,79 | 1322,592 |   NaN | NaN | 0,00 | 0,00 | NaN
  14 |  0,00 | 21,511 | 617,72 | 617,72 | 652,82 |  0,00 | 0,193 | 44,35 | 44,35 |  0,00 | 0,203 | 263,01 | 263,01 |  0,00 | 0,275 | 263,56 | 263,56 |  0,00 | 905,588 | 46,79 | 46,79 | 1831,677 |   NaN | NaN | 0,00 | 0,00 | NaN
  15 |  0,00 | 6,303 | 614,60 | 614,60 | 648,11 |  0,00 | 0,187 | 44,35 | 44,35 |  0,00 | 0,195 | 259,08 | 259,08 |  0,00 | 0,282 | 264,37 | 264,37 |  0,00 | 258,355 | 46,79 | 46,79 | 537,091 |   NaN | NaN | 0,00 | 0,00 | NaN
  16 |  0,00 | 12,280 | 622,93 | 622,93 | 654,87 |  0,00 | 0,178 | 44,35 | 44,35 |  0,00 | 0,184 | 263,64 | 263,64 |  0,00 | 0,285 | 268,14 | 268,14 |  0,00 | 516,041 | 46,79 | 46,79 | 1052,576 |   NaN | NaN | 0,00 | 0,00 | NaN
  17 |  0,00 | 11,679 | 618,47 | 618,47 | 652,96 |  0,00 | 0,191 | 44,35 | 44,35 |  0,00 | 0,195 | 264,28 | 264,28 |  0,00 | 0,271 | 263,05 | 263,05 |  0,00 | 488,055 | 46,79 | 46,79 | 996,486 |   NaN | NaN | 0,00 | 0,00 | NaN
  18 |  0,00 | 33,885 | 613,80 | 613,80 | 645,05 |  0,00 | 0,168 | 44,35 | 44,35 |  0,00 | 0,220 | 260,07 | 260,07 |  0,00 | 0,314 | 262,58 | 262,58 |  0,00 | 1426,161 | 46,79 | 46,79 | 2872,936 |   NaN | NaN | 0,00 | 0,00 | NaN
  19 |  0,00 | 26,937 | 609,92 | 609,92 | 641,03 |  0,00 | 0,159 | 44,35 | 44,35 |  0,00 | 0,239 | 258,72 | 258,72 |  0,00 | 0,337 | 260,06 | 260,06 |  0,00 | 1127,628 | 46,79 | 46,79 | 2275,098 |   NaN | NaN | 0,00 | 0,00 | NaN
  20 |  0,00 | 32,010 | 612,67 | 612,67 | 643,76 |  0,00 | 0,154 | 44,35 | 44,35 |  0,00 | 0,211 | 263,17 | 263,17 |  0,00 | 0,638 | 258,36 | 258,36 |  0,00 | 1342,270 | 46,79 | 46,79 | 2705,391 |   NaN | NaN | 0,00 | 0,00 | NaN
  21 |  0,00 | 4,385 | 607,59 | 607,59 | 638,72 |  0,00 | 0,159 | 44,35 | 44,35 |  0,00 | 0,264 | 258,31 | 258,31 |  0,00 | 0,509 | 258,14 | 258,14 |  0,00 | 173,371 | 46,79 | 46,79 | 367,239 |   NaN | NaN | 0,00 | 0,00 | NaN
  22 |  0,00 | 22,691 | 621,00 | 621,00 | 657,64 |  0,00 | 0,197 | 44,35 | 44,35 |  0,00 | 0,208 | 268,57 | 268,57 |  0,00 | 0,269 | 261,28 | 261,28 |  0,00 | 958,661 | 46,79 | 46,79 | 1937,941 |   NaN | NaN | 0,00 | 0,00 | NaN
  23 |  0,00 | 29,546 | 616,70 | 616,70 | 648,78 |  0,00 | 0,179 | 44,35 | 44,35 |  0,00 | 0,454 | 262,97 | 262,97 |  0,00 | 0,482 | 262,58 | 262,58 |  0,00 | 1241,425 | 46,79 | 46,79 | 2503,137 |   NaN | NaN | 0,00 | 0,00 | NaN
  24 |  0,00 | 15,517 | 616,55 | 616,55 | 647,57 |  0,00 | 0,141 | 44,35 | 44,35 |  0,00 | 0,151 | 262,16 | 262,16 |  0,00 | 0,346 | 263,24 | 263,24 |  0,00 | 650,913 | 46,79 | 46,79 | 1322,311 |   NaN | NaN | 0,00 | 0,00 | NaN
  25 |  0,00 | 7,448 | 621,12 | 621,12 | 658,26 |  0,00 | 0,198 | 44,35 | 44,35 |  0,00 | 0,203 | 262,70 | 262,70 |  0,00 | 0,264 | 267,28 | 267,28 |  0,00 | 308,651 | 46,79 | 46,79 | 637,699 |   NaN | NaN | 0,00 | 0,00 | NaN
  26 |  0,00 | 5,828 | 614,68 | 614,68 | 650,50 |  0,00 | 0,195 | 44,35 | 44,35 |  0,00 | 0,200 | 262,78 | 262,78 |  0,00 | 0,276 | 260,75 | 260,75 |  0,00 | 238,078 | 46,79 | 46,79 | 496,573 |   NaN | NaN | 0,00 | 0,00 | NaN
  27 |  0,00 | 34,239 | 612,17 | 612,17 | 643,14 |  0,00 | 0,121 | 44,35 | 44,35 |  0,00 | 0,135 | 262,39 | 262,39 |  0,00 | 0,374 | 258,63 | 258,63 |  0,00 | 1440,158 | 46,79 | 46,79 | 2900,888 |   NaN | NaN | 0,00 | 0,00 | NaN
  28 |  0,00 | 29,930 | 611,48 | 611,48 | 645,17 |  0,00 | 0,188 | 44,35 | 44,35 |  0,00 | 0,531 | 261,83 | 261,83 |  0,00 | 0,720 | 258,50 | 258,50 |  0,00 | 1247,938 | 46,79 | 46,79 | 2516,270 |   NaN | NaN | 0,00 | 0,00 | NaN
  29 |  0,00 | 30,863 | 619,43 | 619,43 | 650,62 |  0,00 | 0,167 | 44,35 | 44,35 |  0,00 | 0,368 | 263,92 | 263,92 |  0,00 | 0,754 | 264,36 | 264,36 |  0,00 | 1298,888 | 46,79 | 46,79 | 2618,713 |   NaN | NaN | 0,00 | 0,00 | NaN
  30 |  0,00 | 32,810 | 612,82 | 612,82 | 649,64 |  0,00 | 0,197 | 44,35 | 44,35 |  0,00 | 0,253 | 260,18 | 260,18 |  0,00 | 0,319 | 261,50 | 261,50 |  0,00 | 1378,388 | 46,79 | 46,79 | 2777,417 |   NaN | NaN | 0,00 | 0,00 | NaN
  31 |  0,00 | 29,705 | 614,92 | 614,92 | 646,12 |  0,00 | 0,164 | 44,35 | 44,35 |  0,00 | 0,313 | 264,15 | 264,15 |  0,00 | 0,698 | 259,62 | 259,62 |  0,00 | 1245,553 | 46,79 | 46,79 | 2511,483 |   NaN | NaN | 0,00 | 0,00 | NaN
  32 |  0,00 | 31,421 | 618,15 | 618,15 | 649,11 |  0,00 | 0,121 | 44,35 | 44,35 |  0,00 | 0,248 | 263,31 | 263,31 |  0,00 | 0,825 | 263,70 | 263,70 |  0,00 | 1322,600 | 46,79 | 46,79 | 2666,106 |   NaN | NaN | 0,00 | 0,00 | NaN
  33 |  0,00 | 32,424 | 613,58 | 613,58 | 646,84 |  0,00 | 0,186 | 44,35 | 44,35 |  0,00 | 0,371 | 261,29 | 261,29 |  0,00 | 0,761 | 261,15 | 261,15 |  0,00 | 1357,568 | 46,79 | 46,79 | 2736,101 |   NaN | NaN | 0,00 | 0,00 | NaN
  34 |  0,00 | 35,339 | 612,79 | 612,79 | 644,65 |  0,00 | 0,177 | 44,35 | 44,35 |  0,00 | 0,191 | 261,62 | 261,62 |  0,00 | 0,300 | 260,03 | 260,03 |  0,00 | 1486,829 | 46,79 | 46,79 | 2994,320 |   NaN | NaN | 0,00 | 0,00 | NaN
  35 |  0,00 | 36,255 | 620,95 | 620,95 | 651,93 |  0,00 | 0,126 | 44,35 | 44,35 |  0,00 | 0,138 | 265,08 | 265,08 |  0,00 | 0,342 | 264,73 | 264,73 |  0,00 | 1538,308 | 46,79 | 46,79 | 3097,104 |   NaN | NaN | 0,00 | 0,00 | NaN
  36 |  0,00 | 34,647 | 614,42 | 614,42 | 646,64 |  0,00 | 0,180 | 44,35 | 44,35 |  0,00 | 0,209 | 259,34 | 259,34 |  0,00 | 0,307 | 263,94 | 263,94 |  0,00 | 1459,428 | 46,79 | 46,79 | 2939,401 |   NaN | NaN | 0,00 | 0,00 | NaN
  37 |  0,00 | 31,374 | 620,53 | 620,53 | 651,69 |  0,00 | 0,162 | 44,35 | 44,35 |  0,00 | 0,360 | 266,03 | 266,03 |  0,00 | 0,587 | 263,35 | 263,35 |  0,00 | 1323,916 | 46,79 | 46,79 | 2668,792 |   NaN | NaN | 0,00 | 0,00 | NaN
  38 |  0,00 | 33,002 | 618,93 | 618,93 | 649,98 |  0,00 | 0,154 | 44,35 | 44,35 |  0,00 | 0,174 | 264,92 | 264,92 |  0,00 | 0,332 | 262,86 | 262,86 |  0,00 | 1396,240 | 46,79 | 46,79 | 2812,892 |   NaN | NaN | 0,00 | 0,00 | NaN
  39 |  0,00 | 32,334 | 608,15 | 608,15 | 644,86 |  0,00 | 0,197 | 44,35 | 44,35 |  0,00 | 0,249 | 259,62 | 259,62 |  0,00 | 0,395 | 257,38 | 257,38 |  0,00 | 1351,526 | 46,79 | 46,79 | 2723,893 |   NaN | NaN | 0,00 | 0,00 | NaN
  40 |  0,00 | 34,190 | 610,13 | 610,13 | 646,78 |  0,00 | 0,197 | 44,35 | 44,35 |  0,00 | 0,244 | 261,53 | 261,53 |  0,00 | 0,312 | 257,45 | 257,45 |  0,00 | 1433,266 | 46,79 | 46,79 | 2887,112 |   NaN | NaN | 0,00 | 0,00 | NaN
  41 |  0,00 | 30,375 | 619,75 | 619,75 | 652,01 |  0,00 | 0,180 | 44,35 | 44,35 |  0,00 | 0,495 | 260,76 | 260,76 |  0,00 | 0,934 | 267,85 | 267,85 |  0,00 | 1274,933 | 46,79 | 46,79 | 2570,479 |   NaN | NaN | 0,00 | 0,00 | NaN
  42 |  0,00 | 30,705 | 621,75 | 621,75 | 652,75 |  0,00 | 0,126 | 44,35 | 44,35 |  0,00 | 0,274 | 265,03 | 265,03 |  0,00 | 0,551 | 265,57 | 265,57 |  0,00 | 1299,059 | 46,79 | 46,79 | 2619,083 |   NaN | NaN | 0,00 | 0,00 | NaN
  43 |  0,00 | 31,783 | 622,40 | 622,40 | 658,37 |  0,00 | 0,205 | 44,35 | 44,35 |  0,00 | 0,224 | 266,40 | 266,40 |  0,00 | 0,352 | 264,85 | 264,85 |  0,00 | 1346,939 | 46,79 | 46,79 | 2714,779 |   NaN | NaN | 0,00 | 0,00 | NaN
  44 |  0,00 | 30,078 | 618,28 | 618,28 | 649,18 |  0,00 | 0,117 | 44,35 | 44,35 |  0,00 | 0,273 | 262,28 | 262,28 |  0,00 | 0,819 | 264,86 | 264,86 |  0,00 | 1265,498 | 46,79 | 46,79 | 2551,451 |   NaN | NaN | 0,00 | 0,00 | NaN
  45 |  0,00 | 30,867 | 614,57 | 614,57 | 652,72 |  0,00 | 0,201 | 44,35 | 44,35 |  0,00 | 0,391 | 265,22 | 265,22 |  0,00 | 0,680 | 258,20 | 258,20 |  0,00 | 1293,060 | 46,79 | 46,79 | 2606,975 |   NaN | NaN | 0,00 | 0,00 | NaN
  46 |  0,00 | 31,923 | 615,34 | 615,34 | 646,34 |  0,00 | 0,140 | 44,35 | 44,35 |  0,00 | 0,222 | 260,33 | 260,33 |  0,00 | 0,452 | 263,86 | 263,86 |  0,00 | 1344,133 | 46,79 | 46,79 | 2709,154 |   NaN | NaN | 0,00 | 0,00 | NaN
  47 |  0,00 | 29,468 | 613,58 | 613,58 | 644,60 |  0,00 | 0,138 | 44,35 | 44,35 |  0,00 | 0,324 | 261,96 | 261,96 |  0,00 | 0,792 | 260,48 | 260,48 |  0,00 | 1233,301 | 46,79 | 46,79 | 2487,003 |   NaN | NaN | 0,00 | 0,00 | NaN
  48 |  0,00 | 30,232 | 613,61 | 613,61 | 644,96 |  0,00 | 0,167 | 44,35 | 44,35 |  0,00 | 0,431 | 261,54 | 261,54 |  0,00 | 0,601 | 260,92 | 260,92 |  0,00 | 1266,010 | 46,79 | 46,79 | 2552,379 |   NaN | NaN | 0,00 | 0,00 | NaN
  49 |  0,00 | 29,514 | 613,35 | 613,35 | 645,54 |  0,00 | 0,180 | 44,35 | 44,35 |  0,00 | 0,344 | 261,88 | 261,88 |  0,00 | 0,596 | 260,33 | 260,33 |  0,00 | 1236,169 | 46,79 | 46,79 | 2492,592 |   NaN | NaN | 0,00 | 0,00 | NaN
  50 |  0,00 | 32,101 | 616,91 | 616,91 | 647,88 |  0,00 | 0,134 | 44,35 | 44,35 |  0,00 | 0,207 | 263,95 | 263,95 |  0,00 | 0,517 | 261,81 | 261,81 |  0,00 | 1353,307 | 46,79 | 46,79 | 2727,423 |   NaN | NaN | 0,00 | 0,00 | NaN
  51 |  0,00 | 30,214 | 616,91 | 616,91 | 647,95 |  0,00 | 0,132 | 44,35 | 44,35 |  0,00 | 0,298 | 261,80 | 261,80 |  0,00 | 0,720 | 263,96 | 263,96 |  0,00 | 1270,179 | 46,79 | 46,79 | 2561,025 |   NaN | NaN | 0,00 | 0,00 | NaN
  52 |  0,00 | 30,605 | 616,20 | 616,20 | 647,30 |  0,00 | 0,159 | 44,35 | 44,35 |  0,00 | 0,328 | 259,25 | 259,25 |  0,00 | 0,888 | 265,81 | 265,81 |  0,00 | 1283,234 | 46,79 | 46,79 | 2587,172 |   NaN | NaN | 0,00 | 0,00 | NaN
  53 |  0,00 | 31,523 | 616,55 | 616,55 | 647,58 |  0,00 | 0,146 | 44,35 | 44,35 |  0,00 | 0,221 | 264,07 | 264,07 |  0,00 | 0,448 | 261,33 | 261,33 |  0,00 | 1328,769 | 46,79 | 46,79 | 2678,580 |   NaN | NaN | 0,00 | 0,00 | NaN
  54 |  0,00 | 30,872 | 611,88 | 611,88 | 642,88 |  0,00 | 0,148 | 44,35 | 44,35 |  0,00 | 0,388 | 262,31 | 262,31 |  0,00 | 0,702 | 258,43 | 258,43 |  0,00 | 1290,828 | 46,79 | 46,79 | 2602,484 |   NaN | NaN | 0,00 | 0,00 | NaN
  55 |  0,00 | 33,256 | 611,60 | 611,60 | 642,56 |  0,00 | 0,133 | 44,35 | 44,35 |  0,00 | 0,170 | 259,56 | 259,56 |  0,00 | 0,393 | 260,90 | 260,90 |  0,00 | 1397,071 | 46,79 | 46,79 | 2814,558 |   NaN | NaN | 0,00 | 0,00 | NaN
  56 |  0,00 | 30,352 | 611,09 | 611,09 | 642,09 |  0,00 | 0,139 | 44,35 | 44,35 |  0,00 | 0,306 | 260,18 | 260,18 |  0,00 | 0,853 | 259,77 | 259,77 |  0,00 | 1267,551 | 46,79 | 46,79 | 2555,638 |   NaN | NaN | 0,00 | 0,00 | NaN
  57 |  0,00 | 29,726 | 614,11 | 614,11 | 645,11 |  0,00 | 0,136 | 44,35 | 44,35 |  0,00 | 0,390 | 261,04 | 261,04 |  0,00 | 0,601 | 261,92 | 261,92 |  0,00 | 1246,314 | 46,79 | 46,79 | 2513,011 |   NaN | NaN | 0,00 | 0,00 | NaN
  58 |  0,00 | 29,743 | 617,16 | 617,16 | 648,39 |  0,00 | 0,165 | 44,35 | 44,35 |  0,00 | 0,352 | 263,86 | 263,86 |  0,00 | 0,594 | 262,16 | 262,16 |  0,00 | 1250,617 | 46,79 | 46,79 | 2521,732 |   NaN | NaN | 0,00 | 0,00 | NaN
  59 |  0,00 | 35,001 | 619,70 | 619,70 | 652,55 |  0,00 | 0,184 | 44,35 | 44,35 |  0,00 | 0,193 | 261,27 | 261,27 |  0,00 | 0,294 | 267,28 | 267,28 |  0,00 | 1482,049 | 46,79 | 46,79 | 2984,710 |   NaN | NaN | 0,00 | 0,00 | NaN
  60 |  0,00 | 30,329 | 614,95 | 614,95 | 645,87 |  0,00 | 0,119 | 44,35 | 44,35 |  0,00 | 0,211 | 262,77 | 262,77 |  0,00 | 0,480 | 261,03 | 261,03 |  0,00 | 1276,378 | 46,79 | 46,79 | 2573,478 |   NaN | NaN | 0,00 | 0,00 | NaN
  61 |  0,00 | 31,624 | 619,12 | 619,12 | 650,12 |  0,00 | 0,141 | 44,35 | 44,35 |  0,00 | 0,206 | 263,61 | 263,61 |  0,00 | 0,598 | 264,36 | 264,36 |  0,00 | 1334,765 | 46,79 | 46,79 | 2690,408 |   NaN | NaN | 0,00 | 0,00 | NaN
  62 |  0,00 | 30,084 | 618,48 | 618,48 | 657,28 |  0,00 | 0,203 | 44,35 | 44,35 |  0,00 | 0,386 | 263,15 | 263,15 |  0,00 | 0,547 | 264,18 | 264,18 |  0,00 | 1266,031 | 46,79 | 46,79 | 2552,666 |   NaN | NaN | 0,00 | 0,00 | NaN
  63 |  0,00 | 32,757 | 616,52 | 616,52 | 647,61 |  0,00 | 0,158 | 44,35 | 44,35 |  0,00 | 0,209 | 264,11 | 264,11 |  0,00 | 0,416 | 261,26 | 261,26 |  0,00 | 1381,327 | 46,79 | 46,79 | 2783,260 |   NaN | NaN | 0,00 | 0,00 | NaN
  64 |  0,00 | 30,898 | 611,78 | 611,78 | 650,29 |  0,00 | 0,201 | 44,35 | 44,35 |  0,00 | 0,364 | 260,44 | 260,44 |  0,00 | 0,634 | 260,19 | 260,19 |  0,00 | 1291,620 | 46,79 | 46,79 | 2604,073 |   NaN | NaN | 0,00 | 0,00 | NaN

= = = = = = = = = = = = AVERAGE RESULTS system = = = = = = = = = = = =
meanPLR_system | 0,000000 
meanDelay_system | 25,106679 
meanLoad_system | 615,799244 
meanTHR_system | 615,799244 
meanGate_system | 648,399412 

meanPLR_EF_system | 0,000000 
meanPLR_AF_system | 0,000000 
meanPLR_BE_system | 0,000000 
meanPLR_FLA_system | 0,000000 
meanPLR_FLB_system | NaN 

meanTHR_EF_system | 44,352003 
meanTHR_AF_system | 262,544611 
meanTHR_BE_system | 262,108468 
meanTHR_FLA_system | 47,674403 
meanTHR_FLB_system | 0,000000 

meanLoad_EF_system | 44,352003 
meanLoad_AF_system | 262,544611 
meanLoad_BE_system | 262,108468 
meanLoad_FLA_system | 47,674403 
meanLoad_FLB_system | 0,000000 

meanDELAY_EF_system | 0,162976 
meanDELAY_AF_system | 0,295659 
meanDELAY_BE_system | 0,530419 
meanDELAY_FLA_system | 1053,283950 
meanDELAY_FLB_system | NaN 
meanDELAY_CompleteFLA_system | 2127,014373 
meanDELAY_CompleteFLB_system | NaN 

= = = = = = = = = = = = AVERAGE RESULTS = = = = = = = = = = = =
Packet Loss Ratio: 00,00 (%)
PROCESSED PACKAGES: 1720894351 
DISCARTED PACKAGES: 0 
TOTAL PACKAGES: 1720894351 
AVERAGE DELAY: 4154,23 (ms) 
AVERAGE THROUGHPUT: 615,80 (Mbps) 
GRANTED THROUGHPUT: 41497,56 (Mbps) By 64 ONUs
EFFECTIVE THROUGHPUT: 39411,15 (Mbps) By 64 ONUs
TOTAL LOAD: 39411,15 (Mbps) By 64 ONUs
ON Arrival THROUGHPUT: 0,00 (Mbps) By 64 ONUs
FINISHTIMEFL: 159,481808 
FINISHTIME: 162,481808 


fileName | IPACT_LEAKYBUCKET_3_36_70_0 
