
ONU ID 	|  PLR(%) | Delay(ms) | Throughput(Mbps) | Granted Throughput(Mbps) | Total Load (Mbps) 

  ID |  PLR(%) |  D  | Thr |  Gates  |  Load  | PLR-EF | D-EF | ThrEF | LoadEF | PLR-AF | D-AF | ThrAF | LoadAF | PLR-BE | D-BE | ThrBE | LoadBE | PLR-FA | D-FA | ThrFA | LoadFA | DTFA |  PLR-FB | D-FB | ThrFB | LoadFB | DTFB | 
   1 |  0,00 | 0,450 | 601,82 | 601,82 | 638,12 |  0,00 | 0,189 | 44,35 | 44,35 |  0,00 | 0,189 | 266,95 | 266,95 |  0,00 | 0,454 | 261,95 | 261,95 |  0,00 | 13,674 | 28,57 | 28,57 | 48,823 |   NaN | NaN | 0,00 | 0,00 | NaN
   2 |  0,00 | 0,648 | 600,17 | 600,17 | 640,81 |  0,00 | 0,201 | 44,35 | 44,35 |  0,00 | 0,200 | 265,78 | 265,78 |  0,00 | 0,639 | 261,47 | 261,47 |  0,00 | 23,491 | 28,57 | 28,57 | 68,497 |   NaN | NaN | 0,00 | 0,00 | NaN
   3 |  0,00 | 0,435 | 594,75 | 594,75 | 627,92 |  0,00 | 0,138 | 44,35 | 44,35 |  0,00 | 0,136 | 260,19 | 260,19 |  0,00 | 0,503 | 261,64 | 261,64 |  0,00 | 14,289 | 28,57 | 28,57 | 49,516 |   NaN | NaN | 0,00 | 0,00 | NaN
   4 |  0,00 | 0,420 | 601,26 | 601,26 | 634,49 |  0,00 | 0,144 | 44,35 | 44,35 |  0,00 | 0,145 | 265,61 | 265,61 |  0,00 | 0,486 | 262,72 | 262,72 |  0,00 | 13,292 | 28,57 | 28,57 | 47,695 |   NaN | NaN | 0,00 | 0,00 | NaN
   5 |  0,00 | 0,432 | 595,45 | 595,45 | 629,15 |  0,00 | 0,169 | 44,35 | 44,35 |  0,00 | 0,166 | 262,19 | 262,19 |  0,00 | 0,456 | 260,34 | 260,34 |  0,00 | 13,385 | 28,57 | 28,57 | 48,001 |   NaN | NaN | 0,00 | 0,00 | NaN
   6 |  0,00 | 0,417 | 599,58 | 599,58 | 632,35 |  0,00 | 0,119 | 44,35 | 44,35 |  0,00 | 0,119 | 264,33 | 264,33 |  0,00 | 0,511 | 262,33 | 262,33 |  0,00 | 13,892 | 28,57 | 28,57 | 48,974 |   NaN | NaN | 0,00 | 0,00 | NaN
   7 |  0,00 | 0,457 | 598,25 | 598,25 | 631,36 |  0,00 | 0,136 | 44,35 | 44,35 |  0,00 | 0,135 | 262,48 | 262,48 |  0,00 | 0,553 | 262,85 | 262,85 |  0,00 | 15,030 | 28,57 | 28,57 | 52,622 |   NaN | NaN | 0,00 | 0,00 | NaN
   8 |  0,00 | 0,461 | 602,48 | 602,48 | 637,97 |  0,00 | 0,186 | 44,35 | 44,35 |  0,00 | 0,185 | 264,14 | 264,14 |  0,00 | 0,469 | 265,42 | 265,42 |  0,00 | 14,311 | 28,57 | 28,57 | 49,733 |   NaN | NaN | 0,00 | 0,00 | NaN
   9 |  0,00 | 0,414 | 599,46 | 599,46 | 632,55 |  0,00 | 0,126 | 44,35 | 44,35 |  0,00 | 0,127 | 262,90 | 262,90 |  0,00 | 0,498 | 263,64 | 263,64 |  0,00 | 13,537 | 28,57 | 28,57 | 48,396 |   NaN | NaN | 0,00 | 0,00 | NaN
  10 |  0,00 | 0,454 | 598,02 | 598,02 | 633,61 |  0,00 | 0,187 | 44,35 | 44,35 |  0,00 | 0,186 | 263,69 | 263,69 |  0,00 | 0,451 | 261,41 | 261,41 |  0,00 | 14,081 | 28,57 | 28,57 | 48,326 |   NaN | NaN | 0,00 | 0,00 | NaN
  11 |  0,00 | 1,533 | 597,15 | 597,15 | 630,27 |  0,00 | 0,127 | 44,35 | 44,35 |  0,00 | 0,125 | 261,76 | 261,76 |  0,00 | 2,295 | 262,47 | 262,47 |  0,00 | 59,433 | 28,57 | 28,57 | 142,649 |   NaN | NaN | 0,00 | 0,00 | NaN
  12 |  0,00 | 0,444 | 599,18 | 599,18 | 635,31 |  0,00 | 0,189 | 44,35 | 44,35 |  0,00 | 0,185 | 262,79 | 262,79 |  0,00 | 0,436 | 263,47 | 263,47 |  0,00 | 13,557 | 28,57 | 28,57 | 48,276 |   NaN | NaN | 0,00 | 0,00 | NaN
  13 |  0,00 | 0,636 | 591,38 | 591,38 | 624,67 |  0,00 | 0,153 | 44,35 | 44,35 |  0,00 | 0,151 | 260,99 | 260,99 |  0,00 | 0,681 | 257,46 | 257,46 |  0,00 | 24,287 | 28,57 | 28,57 | 70,022 |   NaN | NaN | 0,00 | 0,00 | NaN
  14 |  0,00 | 0,442 | 601,21 | 601,21 | 639,04 |  0,00 | 0,194 | 44,35 | 44,35 |  0,00 | 0,191 | 263,44 | 263,44 |  0,00 | 0,413 | 264,85 | 264,85 |  0,00 | 13,577 | 28,57 | 28,57 | 47,838 |   NaN | NaN | 0,00 | 0,00 | NaN
  15 |  0,00 | 0,449 | 597,38 | 597,38 | 633,53 |  0,00 | 0,188 | 44,35 | 44,35 |  0,00 | 0,190 | 259,25 | 259,25 |  0,00 | 0,433 | 265,21 | 265,21 |  0,00 | 13,806 | 28,57 | 28,57 | 49,002 |   NaN | NaN | 0,00 | 0,00 | NaN
  16 |  0,00 | 0,435 | 604,62 | 604,62 | 639,05 |  0,00 | 0,180 | 44,35 | 44,35 |  0,00 | 0,177 | 264,46 | 264,46 |  0,00 | 0,447 | 267,23 | 267,23 |  0,00 | 13,244 | 28,57 | 28,57 | 48,090 |   NaN | NaN | 0,00 | 0,00 | NaN
  17 |  0,00 | 0,443 | 599,09 | 599,09 | 636,34 |  0,00 | 0,193 | 44,35 | 44,35 |  0,00 | 0,191 | 264,28 | 264,28 |  0,00 | 0,428 | 261,90 | 261,90 |  0,00 | 13,445 | 28,57 | 28,57 | 47,744 |   NaN | NaN | 0,00 | 0,00 | NaN
  18 |  0,00 | 0,586 | 595,83 | 595,83 | 629,50 |  0,00 | 0,169 | 44,35 | 44,35 |  0,00 | 0,170 | 262,00 | 262,00 |  0,00 | 0,587 | 260,91 | 260,91 |  0,00 | 21,634 | 28,57 | 28,57 | 60,245 |   NaN | NaN | 0,00 | 0,00 | NaN
  19 |  0,00 | 0,435 | 592,33 | 592,33 | 625,71 |  0,00 | 0,160 | 44,35 | 44,35 |  0,00 | 0,161 | 259,09 | 259,09 |  0,00 | 0,461 | 260,32 | 260,32 |  0,00 | 13,784 | 28,57 | 28,57 | 48,670 |   NaN | NaN | 0,00 | 0,00 | NaN
  20 |  0,00 | 1,298 | 592,31 | 592,31 | 625,68 |  0,00 | 0,156 | 44,35 | 44,35 |  0,00 | 0,156 | 262,13 | 262,13 |  0,00 | 1,705 | 257,26 | 257,26 |  0,00 | 52,130 | 28,57 | 28,57 | 131,302 |   NaN | NaN | 0,00 | 0,00 | NaN
  21 |  0,00 | 0,443 | 590,93 | 590,93 | 624,26 |  0,00 | 0,161 | 44,35 | 44,35 |  0,00 | 0,159 | 260,06 | 260,06 |  0,00 | 0,479 | 257,94 | 257,94 |  0,00 | 14,086 | 28,57 | 28,57 | 49,250 |   NaN | NaN | 0,00 | 0,00 | NaN
  22 |  0,00 | 0,438 | 601,34 | 601,34 | 640,93 |  0,00 | 0,199 | 44,35 | 44,35 |  0,00 | 0,198 | 267,13 | 267,13 |  0,00 | 0,415 | 261,29 | 261,29 |  0,00 | 13,020 | 28,57 | 28,57 | 47,283 |   NaN | NaN | 0,00 | 0,00 | NaN
  23 |  0,00 | 2,562 | 599,39 | 599,39 | 633,98 |  0,00 | 0,181 | 44,35 | 44,35 |  0,00 | 0,180 | 263,55 | 263,55 |  0,00 | 3,875 | 262,91 | 262,91 |  0,00 | 100,403 | 28,57 | 28,57 | 211,022 |   NaN | NaN | 0,00 | 0,00 | NaN
  24 |  0,00 | 0,631 | 602,06 | 602,06 | 635,29 |  0,00 | 0,143 | 44,35 | 44,35 |  0,00 | 0,144 | 263,77 | 263,77 |  0,00 | 0,711 | 265,37 | 265,37 |  0,00 | 23,939 | 28,57 | 28,57 | 70,002 |   NaN | NaN | 0,00 | 0,00 | NaN
  25 |  0,00 | 0,459 | 599,91 | 599,91 | 640,11 |  0,00 | 0,200 | 44,35 | 44,35 |  0,00 | 0,202 | 260,25 | 260,25 |  0,00 | 0,433 | 266,74 | 266,74 |  0,00 | 13,914 | 28,57 | 28,57 | 49,021 |   NaN | NaN | 0,00 | 0,00 | NaN
  26 |  0,00 | 0,525 | 596,38 | 596,38 | 634,97 |  0,00 | 0,196 | 44,35 | 44,35 |  0,00 | 0,195 | 262,46 | 262,46 |  0,00 | 0,477 | 261,00 | 261,00 |  0,00 | 18,026 | 28,57 | 28,57 | 54,953 |   NaN | NaN | 0,00 | 0,00 | NaN
  27 |  0,00 | 0,484 | 595,60 | 595,60 | 628,57 |  0,00 | 0,123 | 44,35 | 44,35 |  0,00 | 0,122 | 263,43 | 263,43 |  0,00 | 0,607 | 259,25 | 259,25 |  0,00 | 16,682 | 28,57 | 28,57 | 57,766 |   NaN | NaN | 0,00 | 0,00 | NaN
  28 |  0,00 | 2,500 | 592,98 | 592,98 | 629,26 |  0,00 | 0,189 | 44,35 | 44,35 |  0,00 | 0,188 | 261,98 | 261,98 |  0,00 | 3,784 | 258,08 | 258,08 |  0,00 | 97,483 | 28,57 | 28,57 | 207,172 |   NaN | NaN | 0,00 | 0,00 | NaN
  29 |  0,00 | 1,750 | 598,49 | 598,49 | 632,17 |  0,00 | 0,169 | 44,35 | 44,35 |  0,00 | 0,166 | 261,33 | 261,33 |  0,00 | 2,628 | 264,23 | 264,23 |  0,00 | 66,400 | 28,57 | 28,57 | 163,697 |   NaN | NaN | 0,00 | 0,00 | NaN
  30 |  0,00 | 0,655 | 596,58 | 596,58 | 636,31 |  0,00 | 0,199 | 44,35 | 44,35 |  0,00 | 0,201 | 261,49 | 261,49 |  0,00 | 0,588 | 262,18 | 262,18 |  0,00 | 24,784 | 28,57 | 28,57 | 67,558 |   NaN | NaN | 0,00 | 0,00 | NaN
  31 |  0,00 | 2,586 | 596,10 | 596,10 | 629,65 |  0,00 | 0,166 | 44,35 | 44,35 |  0,00 | 0,165 | 262,88 | 262,88 |  0,00 | 4,068 | 260,30 | 260,30 |  0,00 | 99,612 | 28,57 | 28,57 | 208,259 |   NaN | NaN | 0,00 | 0,00 | NaN
  32 |  0,00 | 1,427 | 599,60 | 599,60 | 632,62 |  0,00 | 0,123 | 44,35 | 44,35 |  0,00 | 0,123 | 262,80 | 262,80 |  0,00 | 1,949 | 263,88 | 263,88 |  0,00 | 58,335 | 28,57 | 28,57 | 139,357 |   NaN | NaN | 0,00 | 0,00 | NaN
  33 |  0,00 | 0,738 | 595,17 | 595,17 | 631,00 |  0,00 | 0,188 | 44,35 | 44,35 |  0,00 | 0,185 | 260,85 | 260,85 |  0,00 | 0,866 | 261,40 | 261,40 |  0,00 | 26,341 | 28,57 | 28,57 | 85,046 |   NaN | NaN | 0,00 | 0,00 | NaN
  34 |  0,00 | 0,471 | 597,32 | 597,32 | 631,62 |  0,00 | 0,179 | 44,35 | 44,35 |  0,00 | 0,177 | 261,55 | 261,55 |  0,00 | 0,492 | 262,85 | 262,85 |  0,00 | 14,876 | 28,57 | 28,57 | 52,902 |   NaN | NaN | 0,00 | 0,00 | NaN
  35 |  0,00 | 0,420 | 600,17 | 600,17 | 633,25 |  0,00 | 0,129 | 44,35 | 44,35 |  0,00 | 0,125 | 264,06 | 264,06 |  0,00 | 0,517 | 263,19 | 263,19 |  0,00 | 13,546 | 28,57 | 28,57 | 48,439 |   NaN | NaN | 0,00 | 0,00 | NaN
  36 |  0,00 | 0,456 | 595,83 | 595,83 | 630,52 |  0,00 | 0,181 | 44,35 | 44,35 |  0,00 | 0,179 | 260,66 | 260,66 |  0,00 | 0,439 | 262,26 | 262,26 |  0,00 | 14,649 | 28,57 | 28,57 | 50,289 |   NaN | NaN | 0,00 | 0,00 | NaN
  37 |  0,00 | 1,484 | 602,06 | 602,06 | 635,53 |  0,00 | 0,164 | 44,35 | 44,35 |  0,00 | 0,163 | 265,99 | 265,99 |  0,00 | 2,125 | 263,16 | 263,16 |  0,00 | 57,476 | 28,57 | 28,57 | 138,454 |   NaN | NaN | 0,00 | 0,00 | NaN
  38 |  0,00 | 0,593 | 602,29 | 602,29 | 635,61 |  0,00 | 0,156 | 44,35 | 44,35 |  0,00 | 0,156 | 264,39 | 264,39 |  0,00 | 0,661 | 264,98 | 264,98 |  0,00 | 21,595 | 28,57 | 28,57 | 67,449 |   NaN | NaN | 0,00 | 0,00 | NaN
  39 |  0,00 | 0,976 | 591,66 | 591,66 | 631,26 |  0,00 | 0,199 | 44,35 | 44,35 |  0,00 | 0,197 | 260,78 | 260,78 |  0,00 | 1,123 | 257,96 | 257,96 |  0,00 | 37,705 | 28,57 | 28,57 | 105,509 |   NaN | NaN | 0,00 | 0,00 | NaN
  40 |  0,00 | 0,588 | 591,87 | 591,87 | 631,49 |  0,00 | 0,199 | 44,35 | 44,35 |  0,00 | 0,200 | 261,66 | 261,66 |  0,00 | 0,570 | 257,29 | 257,29 |  0,00 | 20,516 | 28,57 | 28,57 | 63,026 |   NaN | NaN | 0,00 | 0,00 | NaN
  41 |  0,00 | 2,533 | 602,26 | 602,26 | 637,09 |  0,00 | 0,182 | 44,35 | 44,35 |  0,00 | 0,182 | 262,72 | 262,72 |  0,00 | 4,488 | 266,62 | 266,62 |  0,00 | 87,115 | 28,57 | 28,57 | 205,475 |   NaN | NaN | 0,00 | 0,00 | NaN
  42 |  0,00 | 1,888 | 600,51 | 600,51 | 633,67 |  0,00 | 0,128 | 44,35 | 44,35 |  0,00 | 0,128 | 263,47 | 263,47 |  0,00 | 3,181 | 264,12 | 264,12 |  0,00 | 68,474 | 28,57 | 28,57 | 168,373 |   NaN | NaN | 0,00 | 0,00 | NaN
  43 |  0,00 | 1,067 | 603,44 | 603,44 | 642,33 |  0,00 | 0,206 | 44,35 | 44,35 |  0,00 | 0,206 | 265,78 | 265,78 |  0,00 | 1,433 | 264,74 | 264,74 |  0,00 | 38,443 | 28,57 | 28,57 | 107,762 |   NaN | NaN | 0,00 | 0,00 | NaN
  44 |  0,00 | 2,584 | 599,90 | 599,90 | 632,77 |  0,00 | 0,119 | 44,35 | 44,35 |  0,00 | 0,118 | 262,94 | 262,94 |  0,00 | 4,392 | 264,04 | 264,04 |  0,00 | 95,857 | 28,57 | 28,57 | 215,747 |   NaN | NaN | 0,00 | 0,00 | NaN
  45 |  0,00 | 1,984 | 598,49 | 598,49 | 639,69 |  0,00 | 0,202 | 44,35 | 44,35 |  0,00 | 0,201 | 265,05 | 265,05 |  0,00 | 3,173 | 260,52 | 260,52 |  0,00 | 72,030 | 28,57 | 28,57 | 173,461 |   NaN | NaN | 0,00 | 0,00 | NaN
  46 |  0,00 | 1,301 | 598,04 | 598,04 | 631,26 |  0,00 | 0,142 | 44,35 | 44,35 |  0,00 | 0,140 | 262,29 | 262,29 |  0,00 | 1,852 | 262,84 | 262,84 |  0,00 | 50,420 | 28,57 | 28,57 | 129,432 |   NaN | NaN | 0,00 | 0,00 | NaN
  47 |  0,00 | 2,333 | 597,80 | 597,80 | 631,00 |  0,00 | 0,140 | 44,35 | 44,35 |  0,00 | 0,139 | 264,23 | 264,23 |  0,00 | 3,333 | 260,65 | 260,65 |  0,00 | 96,310 | 28,57 | 28,57 | 194,827 |   NaN | NaN | 0,00 | 0,00 | NaN
  48 |  0,00 | 2,481 | 596,04 | 596,04 | 629,70 |  0,00 | 0,169 | 44,35 | 44,35 |  0,00 | 0,166 | 261,57 | 261,57 |  0,00 | 4,075 | 261,56 | 261,56 |  0,00 | 91,863 | 28,57 | 28,57 | 207,808 |   NaN | NaN | 0,00 | 0,00 | NaN
  49 |  0,00 | 2,238 | 596,97 | 596,97 | 631,69 |  0,00 | 0,181 | 44,35 | 44,35 |  0,00 | 0,180 | 263,55 | 263,55 |  0,00 | 3,083 | 260,50 | 260,50 |  0,00 | 91,933 | 28,57 | 28,57 | 188,795 |   NaN | NaN | 0,00 | 0,00 | NaN
  50 |  0,00 | 0,992 | 599,35 | 599,35 | 632,53 |  0,00 | 0,136 | 44,35 | 44,35 |  0,00 | 0,137 | 265,16 | 265,16 |  0,00 | 1,363 | 261,27 | 261,27 |  0,00 | 38,014 | 28,57 | 28,57 | 105,002 |   NaN | NaN | 0,00 | 0,00 | NaN
  51 |  0,00 | 2,530 | 599,02 | 599,02 | 632,20 |  0,00 | 0,134 | 44,35 | 44,35 |  0,00 | 0,134 | 261,85 | 261,85 |  0,00 | 4,493 | 264,24 | 264,24 |  0,00 | 89,410 | 28,57 | 28,57 | 209,395 |   NaN | NaN | 0,00 | 0,00 | NaN
  52 |  0,00 | 2,318 | 594,80 | 594,80 | 628,26 |  0,00 | 0,160 | 44,35 | 44,35 |  0,00 | 0,162 | 259,16 | 259,16 |  0,00 | 4,148 | 262,72 | 262,72 |  0,00 | 79,214 | 28,57 | 28,57 | 196,029 |   NaN | NaN | 0,00 | 0,00 | NaN
  53 |  0,00 | 1,449 | 599,38 | 599,38 | 632,63 |  0,00 | 0,148 | 44,35 | 44,35 |  0,00 | 0,148 | 263,44 | 263,44 |  0,00 | 2,012 | 263,02 | 263,02 |  0,00 | 57,582 | 28,57 | 28,57 | 136,888 |   NaN | NaN | 0,00 | 0,00 | NaN
  54 |  0,00 | 2,064 | 595,10 | 595,10 | 628,37 |  0,00 | 0,150 | 44,35 | 44,35 |  0,00 | 0,149 | 262,76 | 262,76 |  0,00 | 3,700 | 259,42 | 259,42 |  0,00 | 70,949 | 28,57 | 28,57 | 173,720 |   NaN | NaN | 0,00 | 0,00 | NaN
  55 |  0,00 | 0,637 | 596,99 | 596,99 | 630,15 |  0,00 | 0,135 | 44,35 | 44,35 |  0,00 | 0,135 | 261,49 | 261,49 |  0,00 | 0,811 | 262,58 | 262,58 |  0,00 | 22,995 | 28,57 | 28,57 | 70,672 |   NaN | NaN | 0,00 | 0,00 | NaN
  56 |  0,00 | 2,572 | 595,46 | 595,46 | 628,70 |  0,00 | 0,141 | 44,35 | 44,35 |  0,00 | 0,142 | 260,48 | 260,48 |  0,00 | 4,634 | 262,06 | 262,06 |  0,00 | 89,591 | 28,57 | 28,57 | 206,448 |   NaN | NaN | 0,00 | 0,00 | NaN
  57 |  0,00 | 2,475 | 598,43 | 598,43 | 631,68 |  0,00 | 0,138 | 44,35 | 44,35 |  0,00 | 0,138 | 262,43 | 262,43 |  0,00 | 3,670 | 263,07 | 263,07 |  0,00 | 99,968 | 28,57 | 28,57 | 207,919 |   NaN | NaN | 0,00 | 0,00 | NaN
  58 |  0,00 | 2,672 | 597,89 | 597,89 | 631,49 |  0,00 | 0,166 | 44,35 | 44,35 |  0,00 | 0,167 | 262,04 | 262,04 |  0,00 | 4,381 | 262,94 | 262,94 |  0,00 | 99,693 | 28,57 | 28,57 | 211,626 |   NaN | NaN | 0,00 | 0,00 | NaN
  59 |  0,00 | 0,523 | 601,87 | 601,87 | 637,30 |  0,00 | 0,186 | 44,35 | 44,35 |  0,00 | 0,187 | 263,15 | 263,15 |  0,00 | 0,507 | 265,80 | 265,80 |  0,00 | 17,866 | 28,57 | 28,57 | 54,415 |   NaN | NaN | 0,00 | 0,00 | NaN
  60 |  0,00 | 2,383 | 597,84 | 597,84 | 630,77 |  0,00 | 0,121 | 44,35 | 44,35 |  0,00 | 0,120 | 262,91 | 262,91 |  0,00 | 4,202 | 262,01 | 262,01 |  0,00 | 85,450 | 28,57 | 28,57 | 200,790 |   NaN | NaN | 0,00 | 0,00 | NaN
  61 |  0,00 | 1,355 | 599,85 | 599,85 | 633,13 |  0,00 | 0,143 | 44,35 | 44,35 |  0,00 | 0,142 | 263,14 | 263,14 |  0,00 | 1,776 | 263,79 | 263,79 |  0,00 | 55,396 | 28,57 | 28,57 | 132,992 |   NaN | NaN | 0,00 | 0,00 | NaN
  62 |  0,00 | 2,506 | 600,30 | 600,30 | 642,25 |  0,00 | 0,204 | 44,35 | 44,35 |  0,00 | 0,203 | 264,01 | 264,01 |  0,00 | 3,947 | 263,37 | 263,37 |  0,00 | 94,118 | 28,57 | 28,57 | 210,601 |   NaN | NaN | 0,00 | 0,00 | NaN
  63 |  0,00 | 0,654 | 599,57 | 599,57 | 632,95 |  0,00 | 0,160 | 44,35 | 44,35 |  0,00 | 0,158 | 263,95 | 263,95 |  0,00 | 0,667 | 262,70 | 262,70 |  0,00 | 25,485 | 28,57 | 28,57 | 68,349 |   NaN | NaN | 0,00 | 0,00 | NaN
  64 |  0,00 | 2,096 | 594,09 | 594,09 | 635,61 |  0,00 | 0,203 | 44,35 | 44,35 |  0,00 | 0,202 | 259,80 | 259,80 |  0,00 | 3,638 | 261,38 | 261,38 |  0,00 | 70,958 | 28,57 | 28,57 | 173,631 |   NaN | NaN | 0,00 | 0,00 | NaN

= = = = = = = = = = = = AVERAGE RESULTS system = = = = = = = = = = = =
meanPLR_system | 0,000000 
meanDelay_system | 1,204858 
meanLoad_system | 597,981562 
meanTHR_system | 597,981562 
meanGate_system | 633,016264 

meanPLR_EF_system | 0,000000 
meanPLR_AF_system | 0,000000 
meanPLR_BE_system | 0,000000 
meanPLR_FLA_system | 0,000000 
meanPLR_FLB_system | NaN 

meanTHR_EF_system | 44,352001 
meanTHR_AF_system | 262,763899 
meanTHR_BE_system | 262,298023 
meanTHR_FLA_system | 28,987745 
meanTHR_FLB_system | 0,000000 

meanLoad_EF_system | 44,352001 
meanLoad_AF_system | 262,763899 
meanLoad_BE_system | 262,298023 
meanLoad_FLA_system | 28,987745 
meanLoad_FLB_system | 0,000000 

meanDELAY_EF_system | 0,164677 
meanDELAY_AF_system | 0,163985 
meanDELAY_BE_system | 1,760492 
meanDELAY_FLA_system | 44,224919 
meanDELAY_FLB_system | NaN 
meanDELAY_CompleteFLA_system | 110,797347 
meanDELAY_CompleteFLB_system | NaN 

= = = = = = = = = = = = AVERAGE RESULTS = = = = = = = = = = = =
Packet Loss Ratio: 00,00 (%)
PROCESSED PACKAGES: 2173171826 
DISCARTED PACKAGES: 0 
TOTAL PACKAGES: 2173171826 
AVERAGE DELAY: 197,61 (ms) 
AVERAGE THROUGHPUT: 597,98 (Mbps) 
GRANTED THROUGHPUT: 40513,04 (Mbps) By 64 ONUs
EFFECTIVE THROUGHPUT: 38270,82 (Mbps) By 64 ONUs
TOTAL LOAD: 38270,82 (Mbps) By 64 ONUs
ON Arrival THROUGHPUT: 0,00 (Mbps) By 64 ONUs
FINISHTIMEFL: 204,003454 
FINISHTIME: 207,003454 


fileName | IPACT_STRICTPRIORITYFIRSTAF_5_28_70_0 
