
ONU ID 	|  PLR(%) | Delay(ms) | Throughput(Mbps) | Granted Throughput(Mbps) | Total Load (Mbps) 

  ID |  PLR(%) |  D  | Thr |  Gates  |  Load  | PLR-EF | D-EF | ThrEF | LoadEF | PLR-AF | D-AF | ThrAF | LoadAF | PLR-BE | D-BE | ThrBE | LoadBE | PLR-FA | D-FA | ThrFA | LoadFA | DTFA |  PLR-FB | D-FB | ThrFB | LoadFB | DTFB | 
   1 |  6,65 | 280,951 | 751,49 | 805,01 | 756,81 |  0,00 | 1,407 | 44,35 | 44,35 |  0,00 | 49,223 | 324,14 | 324,14 | 17,03 | 1145,050 | 260,66 | 314,18 |  0,00 | 139,082 | 122,34 | 122,34 | 299,807 |   NaN | NaN | 0,00 | 0,00 | NaN
   2 |  6,47 | 268,530 | 752,05 | 804,10 | 756,92 |  0,00 | 1,419 | 44,35 | 44,35 |  0,00 | 38,926 | 317,46 | 317,46 | 16,27 | 1067,807 | 267,90 | 319,95 |  0,00 | 165,347 | 122,34 | 122,34 | 477,619 |   NaN | NaN | 0,00 | 0,00 | NaN
   3 |  6,96 | 272,157 | 752,22 | 808,47 | 757,14 |  0,00 | 1,355 | 44,35 | 44,35 |  0,00 | 46,880 | 322,16 | 322,16 | 17,60 | 1094,999 | 263,37 | 319,62 |  0,00 | 155,160 | 122,34 | 122,34 | 439,982 |   NaN | NaN | 0,00 | 0,00 | NaN
   4 |  7,11 | 276,267 | 751,94 | 809,49 | 757,27 |  0,00 | 1,361 | 44,35 | 44,35 |  0,00 | 53,562 | 325,93 | 325,93 | 18,16 | 1124,709 | 259,33 | 316,88 |  0,00 | 139,076 | 122,34 | 122,34 | 298,361 |   NaN | NaN | 0,00 | 0,00 | NaN
   5 |  5,93 | 262,369 | 753,96 | 801,48 | 758,35 |  0,00 | 1,387 | 44,35 | 44,35 |  0,00 | 28,328 | 318,72 | 318,72 | 15,03 | 1042,224 | 268,55 | 316,06 |  0,00 | 211,872 | 122,34 | 122,34 | 660,761 |   NaN | NaN | 0,00 | 0,00 | NaN
   6 |  6,72 | 272,707 | 755,02 | 809,42 | 759,65 |  0,00 | 1,335 | 44,35 | 44,35 |  0,00 | 34,669 | 322,40 | 322,40 | 16,98 | 1098,738 | 265,93 | 320,32 |  0,00 | 177,635 | 122,34 | 122,34 | 542,914 |   NaN | NaN | 0,00 | 0,00 | NaN
   7 |  6,37 | 277,832 | 753,10 | 804,33 | 758,38 |  0,00 | 1,354 | 44,35 | 44,35 |  0,00 | 48,762 | 319,28 | 319,28 | 16,09 | 1106,634 | 267,13 | 318,36 |  0,00 | 139,628 | 122,34 | 122,34 | 316,039 |   NaN | NaN | 0,00 | 0,00 | NaN
   8 |  7,05 | 280,042 | 751,92 | 808,98 | 756,78 |  0,00 | 1,404 | 44,35 | 44,35 |  0,00 | 39,982 | 319,39 | 319,39 | 17,67 | 1125,469 | 265,84 | 322,90 |  0,00 | 161,159 | 122,34 | 122,34 | 466,070 |   NaN | NaN | 0,00 | 0,00 | NaN
   9 |  6,48 | 276,430 | 754,53 | 806,83 | 759,71 |  0,00 | 1,343 | 44,35 | 44,35 |  0,00 | 51,454 | 322,21 | 322,21 | 16,45 | 1103,366 | 265,62 | 317,93 |  0,00 | 144,029 | 122,34 | 122,34 | 367,885 |   NaN | NaN | 0,00 | 0,00 | NaN
  10 |  6,24 | 274,168 | 754,28 | 804,51 | 759,61 |  0,00 | 1,404 | 44,35 | 44,35 |  0,00 | 54,165 | 320,01 | 320,01 | 15,80 | 1083,840 | 267,58 | 317,80 |  0,00 | 139,073 | 122,34 | 122,34 | 298,803 |   NaN | NaN | 0,00 | 0,00 | NaN
  11 |  5,62 | 260,152 | 752,42 | 797,24 | 756,69 |  0,00 | 1,344 | 44,35 | 44,35 |  0,00 | 7,804 | 313,10 | 313,10 | 14,12 | 1020,502 | 272,63 | 317,45 |  0,00 | 292,810 | 122,34 | 122,34 | 905,816 |   NaN | NaN | 0,00 | 0,00 | NaN
  12 |  6,61 | 278,603 | 754,54 | 807,91 | 759,25 |  0,00 | 1,406 | 44,35 | 44,35 |  0,00 | 36,934 | 320,09 | 320,09 | 16,62 | 1113,887 | 267,76 | 321,14 |  0,00 | 176,445 | 122,34 | 122,34 | 535,984 |   NaN | NaN | 0,00 | 0,00 | NaN
  13 |  5,62 | 265,131 | 753,06 | 797,91 | 757,89 |  0,00 | 1,371 | 44,35 | 44,35 |  0,00 | 43,412 | 314,86 | 314,86 | 14,18 | 1035,841 | 271,51 | 316,36 |  0,00 | 164,118 | 122,34 | 122,34 | 474,173 |   NaN | NaN | 0,00 | 0,00 | NaN
  14 |  6,90 | 268,353 | 753,45 | 809,29 | 757,88 |  0,00 | 1,412 | 44,35 | 44,35 |  0,00 | 28,923 | 321,78 | 321,78 | 17,41 | 1082,455 | 264,98 | 320,83 |  0,00 | 205,333 | 122,34 | 122,34 | 640,496 |   NaN | NaN | 0,00 | 0,00 | NaN
  15 |  6,26 | 276,909 | 751,90 | 802,08 | 757,21 |  0,00 | 1,406 | 44,35 | 44,35 |  0,00 | 53,700 | 315,16 | 315,16 | 15,67 | 1084,709 | 270,04 | 320,22 |  0,00 | 139,696 | 122,34 | 122,34 | 322,579 |   NaN | NaN | 0,00 | 0,00 | NaN
  16 |  7,14 | 279,780 | 753,65 | 811,62 | 758,73 |  0,00 | 1,398 | 44,35 | 44,35 |  0,00 | 47,710 | 320,36 | 320,36 | 17,86 | 1116,143 | 266,60 | 324,57 |  0,00 | 150,583 | 122,34 | 122,34 | 401,001 |   NaN | NaN | 0,00 | 0,00 | NaN
  17 |  6,65 | 275,673 | 753,14 | 806,76 | 758,22 |  0,00 | 1,410 | 44,35 | 44,35 |  0,00 | 44,672 | 319,42 | 319,42 | 16,72 | 1100,445 | 267,03 | 320,65 |  0,00 | 148,542 | 122,34 | 122,34 | 407,569 |   NaN | NaN | 0,00 | 0,00 | NaN
  18 |  6,25 | 263,068 | 754,24 | 804,54 | 758,53 |  0,00 | 1,387 | 44,35 | 44,35 |  0,00 | 6,749 | 318,49 | 318,49 | 15,75 | 1045,598 | 269,06 | 319,36 |  0,00 | 310,622 | 122,34 | 122,34 | 960,349 |   NaN | NaN | 0,00 | 0,00 | NaN
  19 |  5,53 | 264,918 | 754,75 | 798,96 | 759,04 |  0,00 | 1,378 | 44,35 | 44,35 |  0,00 | 19,924 | 314,41 | 314,41 | 13,91 | 1035,256 | 273,65 | 317,86 |  0,00 | 249,480 | 122,34 | 122,34 | 775,654 |   NaN | NaN | 0,00 | 0,00 | NaN
  20 |  5,64 | 257,663 | 754,57 | 799,64 | 758,87 |  0,00 | 1,373 | 44,35 | 44,35 |  0,00 | 10,084 | 318,57 | 318,57 | 14,34 | 1020,125 | 269,31 | 314,38 |  0,00 | 298,119 | 122,34 | 122,34 | 921,773 |   NaN | NaN | 0,00 | 0,00 | NaN
  21 |  5,50 | 263,449 | 750,85 | 794,53 | 756,18 |  0,00 | 1,378 | 44,35 | 44,35 |  0,00 | 50,998 | 315,05 | 315,05 | 13,96 | 1032,794 | 269,12 | 312,80 |  0,00 | 139,191 | 122,34 | 122,34 | 303,873 |   NaN | NaN | 0,00 | 0,00 | NaN
  22 |  6,85 | 276,535 | 755,28 | 810,81 | 759,68 |  0,00 | 1,417 | 44,35 | 44,35 |  0,00 | 28,054 | 326,90 | 326,90 | 17,51 | 1130,952 | 261,69 | 317,22 |  0,00 | 218,297 | 122,34 | 122,34 | 681,009 |   NaN | NaN | 0,00 | 0,00 | NaN
  23 |  6,76 | 268,036 | 752,99 | 807,57 | 757,27 |  0,00 | 1,399 | 44,35 | 44,35 |  0,00 | 15,711 | 320,56 | 320,56 | 17,04 | 1077,678 | 265,74 | 320,32 |  0,00 | 270,368 | 122,34 | 122,34 | 838,261 |   NaN | NaN | 0,00 | 0,00 | NaN
  24 |  6,58 | 278,237 | 753,58 | 806,66 | 758,47 |  0,00 | 1,360 | 44,35 | 44,35 |  0,00 | 41,831 | 319,30 | 319,30 | 16,55 | 1110,505 | 267,59 | 320,67 |  0,00 | 160,471 | 122,34 | 122,34 | 462,575 |   NaN | NaN | 0,00 | 0,00 | NaN
  25 |  7,71 | 282,017 | 752,80 | 815,73 | 758,12 |  0,00 | 1,418 | 44,35 | 44,35 |  0,00 | 52,162 | 319,28 | 319,28 | 19,08 | 1121,522 | 266,83 | 329,76 |  0,00 | 140,485 | 122,34 | 122,34 | 331,447 |   NaN | NaN | 0,00 | 0,00 | NaN
  26 |  6,17 | 268,806 | 753,70 | 803,23 | 759,03 |  0,00 | 1,414 | 44,35 | 44,35 |  0,00 | 52,551 | 317,48 | 317,48 | 15,52 | 1054,551 | 269,53 | 319,06 |  0,00 | 139,449 | 122,34 | 122,34 | 313,234 |   NaN | NaN | 0,00 | 0,00 | NaN
  27 |  5,57 | 261,544 | 753,66 | 798,15 | 757,95 |  0,00 | 1,340 | 44,35 | 44,35 |  0,00 | 8,551 | 318,67 | 318,67 | 14,22 | 1037,683 | 268,31 | 312,79 |  0,00 | 315,489 | 122,34 | 122,34 | 975,285 |   NaN | NaN | 0,00 | 0,00 | NaN
  28 |  5,78 | 266,878 | 752,60 | 798,75 | 756,90 |  0,00 | 1,407 | 44,35 | 44,35 |  0,00 | 11,398 | 318,45 | 318,45 | 14,71 | 1069,283 | 267,46 | 313,61 |  0,00 | 273,809 | 122,34 | 122,34 | 848,614 |   NaN | NaN | 0,00 | 0,00 | NaN
  29 |  6,49 | 262,642 | 754,89 | 807,25 | 759,17 |  0,00 | 1,386 | 44,35 | 44,35 |  0,00 | 13,549 | 321,30 | 321,30 | 16,40 | 1051,310 | 266,90 | 319,26 |  0,00 | 281,255 | 122,34 | 122,34 | 871,014 |   NaN | NaN | 0,00 | 0,00 | NaN
  30 |  5,22 | 260,323 | 755,18 | 796,76 | 759,51 |  0,00 | 1,417 | 44,35 | 44,35 |  0,00 | 10,188 | 313,75 | 313,75 | 13,14 | 1009,450 | 274,74 | 316,32 |  0,00 | 307,898 | 122,34 | 122,34 | 951,343 |   NaN | NaN | 0,00 | 0,00 | NaN
  31 |  6,02 | 266,079 | 753,63 | 801,95 | 757,91 |  0,00 | 1,384 | 44,35 | 44,35 |  0,00 | 13,898 | 317,86 | 317,86 | 15,22 | 1057,607 | 269,08 | 317,39 |  0,00 | 273,312 | 122,34 | 122,34 | 847,044 |   NaN | NaN | 0,00 | 0,00 | NaN
  32 |  5,71 | 263,237 | 753,56 | 799,17 | 757,83 |  0,00 | 1,340 | 44,35 | 44,35 |  0,00 | 10,068 | 315,18 | 315,18 | 14,37 | 1034,065 | 271,69 | 317,31 |  0,00 | 299,496 | 122,34 | 122,34 | 925,516 |   NaN | NaN | 0,00 | 0,00 | NaN
  33 |  5,71 | 256,456 | 755,57 | 801,34 | 759,87 |  0,00 | 1,405 | 44,35 | 44,35 |  0,00 | 7,695 | 314,79 | 314,79 | 14,31 | 1000,403 | 274,09 | 319,86 |  0,00 | 300,604 | 122,34 | 122,34 | 928,962 |   NaN | NaN | 0,00 | 0,00 | NaN
  34 |  5,28 | 257,928 | 752,99 | 795,00 | 757,27 |  0,00 | 1,397 | 44,35 | 44,35 |  0,00 | 6,189 | 316,81 | 316,81 | 13,49 | 1016,497 | 269,50 | 311,50 |  0,00 | 327,877 | 122,34 | 122,34 | 1012,898 |   NaN | NaN | 0,00 | 0,00 | NaN
  35 |  6,67 | 262,474 | 754,22 | 808,12 | 758,50 |  0,00 | 1,346 | 44,35 | 44,35 |  0,00 | 5,105 | 321,16 | 321,16 | 16,83 | 1051,224 | 266,37 | 320,27 |  0,00 | 325,693 | 122,34 | 122,34 | 1006,165 |   NaN | NaN | 0,00 | 0,00 | NaN
  36 |  5,62 | 259,731 | 754,19 | 799,09 | 758,48 |  0,00 | 1,399 | 44,35 | 44,35 |  0,00 | 6,233 | 312,87 | 312,87 | 14,05 | 1008,168 | 274,64 | 319,53 |  0,00 | 319,608 | 122,34 | 122,34 | 987,533 |   NaN | NaN | 0,00 | 0,00 | NaN
  37 |  6,94 | 267,772 | 754,88 | 811,16 | 759,17 |  0,00 | 1,382 | 44,35 | 44,35 |  0,00 | 12,095 | 324,44 | 324,44 | 17,58 | 1087,511 | 263,75 | 320,02 |  0,00 | 284,592 | 122,34 | 122,34 | 880,966 |   NaN | NaN | 0,00 | 0,00 | NaN
  38 |  6,03 | 261,410 | 754,52 | 802,94 | 758,81 |  0,00 | 1,373 | 44,35 | 44,35 |  0,00 | 10,643 | 320,37 | 320,37 | 15,33 | 1041,410 | 267,46 | 315,88 |  0,00 | 302,917 | 122,34 | 122,34 | 936,186 |   NaN | NaN | 0,00 | 0,00 | NaN
  39 |  5,47 | 264,596 | 752,78 | 796,37 | 757,10 |  0,00 | 1,416 | 44,35 | 44,35 |  0,00 | 10,228 | 315,85 | 315,85 | 13,89 | 1043,072 | 270,23 | 313,83 |  0,00 | 302,681 | 122,34 | 122,34 | 935,467 |   NaN | NaN | 0,00 | 0,00 | NaN
  40 |  5,60 | 257,072 | 753,27 | 797,99 | 757,59 |  0,00 | 1,416 | 44,35 | 44,35 |  0,00 | 7,677 | 316,08 | 316,08 | 14,19 | 1010,449 | 270,50 | 315,21 |  0,00 | 316,197 | 122,34 | 122,34 | 977,409 |   NaN | NaN | 0,00 | 0,00 | NaN
  41 |  6,86 | 268,963 | 752,74 | 808,22 | 757,03 |  0,00 | 1,399 | 44,35 | 44,35 |  0,00 | 11,666 | 318,29 | 318,29 | 17,16 | 1074,685 | 267,75 | 323,23 |  0,00 | 285,219 | 122,34 | 122,34 | 882,670 |   NaN | NaN | 0,00 | 0,00 | NaN
  42 |  6,60 | 269,218 | 752,46 | 805,68 | 756,71 |  0,00 | 1,345 | 44,35 | 44,35 |  0,00 | 11,071 | 318,38 | 318,38 | 16,60 | 1076,456 | 267,39 | 320,60 |  0,00 | 288,974 | 122,34 | 122,34 | 893,998 |   NaN | NaN | 0,00 | 0,00 | NaN
  43 |  6,75 | 269,779 | 753,80 | 808,40 | 758,10 |  0,00 | 1,424 | 44,35 | 44,35 |  0,00 | 7,986 | 319,57 | 319,57 | 16,95 | 1081,123 | 267,54 | 322,14 |  0,00 | 299,500 | 122,34 | 122,34 | 925,975 |   NaN | NaN | 0,00 | 0,00 | NaN
  44 |  6,96 | 272,439 | 754,23 | 810,63 | 758,50 |  0,00 | 1,336 | 44,35 | 44,35 |  0,00 | 16,096 | 319,71 | 319,71 | 17,39 | 1089,759 | 267,83 | 324,23 |  0,00 | 266,423 | 122,34 | 122,34 | 826,391 |   NaN | NaN | 0,00 | 0,00 | NaN
  45 |  6,73 | 272,005 | 753,91 | 808,33 | 758,23 |  0,00 | 1,420 | 44,35 | 44,35 |  0,00 | 11,080 | 326,19 | 326,19 | 17,25 | 1115,993 | 261,02 | 315,45 |  0,00 | 290,207 | 122,34 | 122,34 | 897,577 |   NaN | NaN | 0,00 | 0,00 | NaN
  46 |  5,96 | 257,880 | 752,34 | 800,00 | 756,61 |  0,00 | 1,359 | 44,35 | 44,35 |  0,00 | 8,237 | 313,71 | 313,71 | 14,91 | 1011,799 | 271,93 | 319,59 |  0,00 | 296,675 | 122,34 | 122,34 | 917,513 |   NaN | NaN | 0,00 | 0,00 | NaN
  47 |  5,24 | 262,734 | 754,74 | 796,49 | 759,02 |  0,00 | 1,357 | 44,35 | 44,35 |  0,00 | 10,305 | 317,91 | 317,91 | 13,39 | 1042,372 | 270,13 | 311,88 |  0,00 | 284,726 | 122,34 | 122,34 | 881,368 |   NaN | NaN | 0,00 | 0,00 | NaN
  48 |  5,68 | 255,265 | 751,47 | 796,73 | 755,74 |  0,00 | 1,387 | 44,35 | 44,35 |  0,00 | 9,305 | 314,73 | 314,73 | 14,35 | 1008,391 | 270,05 | 315,31 |  0,00 | 285,586 | 122,34 | 122,34 | 884,083 |   NaN | NaN | 0,00 | 0,00 | NaN
  49 |  5,30 | 261,199 | 754,06 | 796,27 | 758,35 |  0,00 | 1,399 | 44,35 | 44,35 |  0,00 | 11,729 | 314,62 | 314,62 | 13,40 | 1025,917 | 272,75 | 314,96 |  0,00 | 275,000 | 122,34 | 122,34 | 852,118 |   NaN | NaN | 0,00 | 0,00 | NaN
  50 |  5,90 | 268,611 | 754,75 | 802,06 | 759,03 |  0,00 | 1,353 | 44,35 | 44,35 |  0,00 | 10,408 | 319,87 | 319,87 | 15,00 | 1071,068 | 268,18 | 315,50 |  0,00 | 299,607 | 122,34 | 122,34 | 926,075 |   NaN | NaN | 0,00 | 0,00 | NaN
  51 |  5,69 | 262,092 | 753,50 | 798,93 | 757,78 |  0,00 | 1,351 | 44,35 | 44,35 |  0,00 | 12,505 | 314,80 | 314,80 | 14,31 | 1028,170 | 272,01 | 317,44 |  0,00 | 284,946 | 122,34 | 122,34 | 882,020 |   NaN | NaN | 0,00 | 0,00 | NaN
  52 |  6,00 | 267,834 | 753,66 | 801,77 | 757,93 |  0,00 | 1,378 | 44,35 | 44,35 |  0,00 | 11,391 | 314,60 | 314,60 | 15,01 | 1054,284 | 272,37 | 320,48 |  0,00 | 278,186 | 122,34 | 122,34 | 861,660 |   NaN | NaN | 0,00 | 0,00 | NaN
  53 |  6,34 | 271,902 | 753,55 | 804,57 | 757,82 |  0,00 | 1,365 | 44,35 | 44,35 |  0,00 | 7,663 | 317,30 | 317,30 | 15,92 | 1081,993 | 269,55 | 320,58 |  0,00 | 300,079 | 122,34 | 122,34 | 927,510 |   NaN | NaN | 0,00 | 0,00 | NaN
  54 |  5,29 | 262,971 | 754,38 | 796,52 | 758,66 |  0,00 | 1,368 | 44,35 | 44,35 |  0,00 | 13,976 | 318,44 | 318,44 | 13,53 | 1041,984 | 269,25 | 311,39 |  0,00 | 284,168 | 122,34 | 122,34 | 879,418 |   NaN | NaN | 0,00 | 0,00 | NaN
  55 |  5,85 | 264,809 | 755,91 | 802,91 | 760,20 |  0,00 | 1,353 | 44,35 | 44,35 |  0,00 | 7,171 | 316,85 | 316,85 | 14,72 | 1040,148 | 272,37 | 319,37 |  0,00 | 314,914 | 122,34 | 122,34 | 972,836 |   NaN | NaN | 0,00 | 0,00 | NaN
  56 |  5,54 | 257,515 | 752,38 | 796,49 | 756,67 |  0,00 | 1,358 | 44,35 | 44,35 |  0,00 | 11,340 | 316,55 | 316,55 | 14,08 | 1021,787 | 269,14 | 313,25 |  0,00 | 278,364 | 122,34 | 122,34 | 862,249 |   NaN | NaN | 0,00 | 0,00 | NaN
  57 |  5,76 | 251,211 | 754,57 | 800,72 | 758,85 |  0,00 | 1,355 | 44,35 | 44,35 |  0,00 | 13,335 | 316,28 | 316,28 | 14,52 | 985,367 | 271,60 | 317,75 |  0,00 | 278,297 | 122,34 | 122,34 | 862,123 |   NaN | NaN | 0,00 | 0,00 | NaN
  58 |  6,20 | 266,546 | 753,29 | 803,09 | 757,57 |  0,00 | 1,384 | 44,35 | 44,35 |  0,00 | 12,244 | 319,40 | 319,40 | 15,71 | 1068,758 | 267,19 | 317,00 |  0,00 | 274,587 | 122,34 | 122,34 | 850,830 |   NaN | NaN | 0,00 | 0,00 | NaN
  59 |  6,66 | 265,799 | 754,82 | 808,66 | 759,13 |  0,00 | 1,403 | 44,35 | 44,35 |  0,00 | 5,450 | 317,56 | 317,56 | 16,60 | 1048,007 | 270,57 | 324,41 |  0,00 | 330,720 | 122,34 | 122,34 | 1020,916 |   NaN | NaN | 0,00 | 0,00 | NaN
  60 |  6,21 | 265,795 | 753,60 | 803,47 | 757,87 |  0,00 | 1,338 | 44,35 | 44,35 |  0,00 | 13,311 | 319,25 | 319,25 | 15,70 | 1062,304 | 267,66 | 317,52 |  0,00 | 276,465 | 122,34 | 122,34 | 856,512 |   NaN | NaN | 0,00 | 0,00 | NaN
  61 |  6,72 | 272,565 | 753,96 | 808,29 | 758,26 |  0,00 | 1,360 | 44,35 | 44,35 |  0,00 | 8,359 | 321,52 | 321,52 | 16,97 | 1099,148 | 265,75 | 320,08 |  0,00 | 302,650 | 122,34 | 122,34 | 935,111 |   NaN | NaN | 0,00 | 0,00 | NaN
  62 |  6,53 | 262,725 | 752,94 | 805,55 | 757,24 |  0,00 | 1,422 | 44,35 | 44,35 |  0,00 | 13,147 | 318,38 | 318,38 | 16,42 | 1047,559 | 267,86 | 320,48 |  0,00 | 277,544 | 122,34 | 122,34 | 859,484 |   NaN | NaN | 0,00 | 0,00 | NaN
  63 |  6,42 | 262,051 | 754,88 | 806,64 | 759,18 |  0,00 | 1,377 | 44,35 | 44,35 |  0,00 | 9,568 | 322,18 | 322,18 | 16,29 | 1053,126 | 266,01 | 317,77 |  0,00 | 297,631 | 122,34 | 122,34 | 920,505 |   NaN | NaN | 0,00 | 0,00 | NaN
  64 |  5,37 | 258,665 | 754,40 | 797,17 | 758,72 |  0,00 | 1,421 | 44,35 | 44,35 |  0,00 | 11,946 | 316,04 | 316,04 | 13,60 | 1016,484 | 271,67 | 314,43 |  0,00 | 286,858 | 122,34 | 122,34 | 887,613 |   NaN | NaN | 0,00 | 0,00 | NaN

= = = = = = = = = = = = AVERAGE RESULTS system = = = = = = = = = = = =
meanPLR_system | 6,194625 
meanDelay_system | 266,992178 
meanLoad_system | 803,417624 
meanTHR_system | 753,620444 
meanGate_system | 758,140089 

meanPLR_EF_system | 0,000000 
meanPLR_AF_system | 0,000000 
meanPLR_BE_system | 15,638810 
meanPLR_FLA_system | 0,000000 
meanPLR_FLB_system | NaN 

meanTHR_EF_system | 44,352003 
meanTHR_AF_system | 318,533967 
meanTHR_BE_system | 268,394959 
meanTHR_FLA_system | 125,547961 
meanTHR_FLB_system | 0,000000 

meanLoad_EF_system | 44,352003 
meanLoad_AF_system | 318,533967 
meanLoad_BE_system | 318,192139 
meanLoad_FLA_system | 125,547961 
meanLoad_FLB_system | 0,000000 

meanDELAY_EF_system | 1,382194 
meanDELAY_AF_system | 21,562091 
meanDELAY_BE_system | 1061,572063 
meanDELAY_FLA_system | 249,137913 
meanDELAY_FLB_system | NaN 
meanDELAY_CompleteFLA_system | 749,921707 
meanDELAY_CompleteFLB_system | NaN 

= = = = = = = = = = = = AVERAGE RESULTS = = = = = = = = = = = =
Packet Loss Ratio: 06,20 (%)
PROCESSED PACKAGES: 1364259298 
DISCARTED PACKAGES: 58582955 
TOTAL PACKAGES: 1422842253 
AVERAGE DELAY: 48481,63 (ms) 
AVERAGE THROUGHPUT: 753,62 (Mbps) 
GRANTED THROUGHPUT: 48520,97 (Mbps) By 64 ONUs
EFFECTIVE THROUGHPUT: 48231,71 (Mbps) By 64 ONUs
TOTAL LOAD: 51418,73 (Mbps) By 64 ONUs
ON Arrival THROUGHPUT: 0,00 (Mbps) By 64 ONUs
FINISHTIMEFL: 114,391344 
FINISHTIME: 117,391344 


fileName | IPACT_LBVARIBLETOKENSBYCYCLE_1_68_85_0 
