
ONU ID 	|  PLR(%) | Delay(ms) | Throughput(Mbps) | Granted Throughput(Mbps) | Total Load (Mbps) 

  ID |  PLR(%) |  D  | Thr |  Gates  |  Load  | PLR-EF | D-EF | ThrEF | LoadEF | PLR-AF | D-AF | ThrAF | LoadAF | PLR-BE | D-BE | ThrBE | LoadBE | PLR-FA | D-FA | ThrFA | LoadFA | DTFA |  PLR-FB | D-FB | ThrFB | LoadFB | DTFB | 
   1 |  0,00 | 6,251 | 711,85 | 711,85 | 725,56 |  0,00 | 0,704 | 44,35 | 44,35 |  0,00 | 4,723 | 306,47 | 306,47 |  0,00 | 8,959 | 294,82 | 294,82 |  0,00 | 76,473 | 66,21 | 66,21 | 165,276 |   NaN | NaN | 0,00 | 0,00 | NaN
   2 |  0,00 | 15,659 | 711,68 | 711,68 | 726,98 |  0,00 | 0,716 | 44,35 | 44,35 |  0,00 | 0,998 | 299,77 | 299,77 |  0,00 | 11,765 | 301,35 | 301,35 |  0,00 | 388,661 | 66,21 | 66,21 | 763,584 |   NaN | NaN | 0,00 | 0,00 | NaN
   3 |  0,00 | 15,240 | 713,00 | 713,00 | 725,95 |  0,00 | 0,653 | 44,35 | 44,35 |  0,00 | 1,225 | 301,75 | 301,75 |  0,00 | 12,569 | 300,69 | 300,69 |  0,00 | 367,845 | 66,21 | 66,21 | 720,511 |   NaN | NaN | 0,00 | 0,00 | NaN
   4 |  0,00 | 4,599 | 715,41 | 715,41 | 728,49 |  0,00 | 0,658 | 44,35 | 44,35 |  0,00 | 3,973 | 305,17 | 305,17 |  0,00 | 5,778 | 299,68 | 299,68 |  0,00 | 56,556 | 66,21 | 66,21 | 125,214 |   NaN | NaN | 0,00 | 0,00 | NaN
   5 |  0,00 | 18,810 | 709,19 | 709,19 | 722,20 |  0,00 | 0,684 | 44,35 | 44,35 |  0,00 | 1,399 | 300,36 | 300,36 |  0,00 | 8,366 | 298,28 | 298,28 |  0,00 | 516,536 | 66,21 | 66,21 | 1049,331 |   NaN | NaN | 0,00 | 0,00 | NaN
   6 |  0,00 | 17,743 | 715,85 | 715,85 | 728,79 |  0,00 | 0,632 | 44,35 | 44,35 |  0,00 | 1,034 | 303,55 | 303,55 |  0,00 | 14,832 | 301,75 | 301,75 |  0,00 | 432,746 | 66,21 | 66,21 | 859,952 |   NaN | NaN | 0,00 | 0,00 | NaN
   7 |  0,00 | 8,846 | 710,39 | 710,39 | 723,32 |  0,00 | 0,651 | 44,35 | 44,35 |  0,00 | 1,791 | 301,15 | 301,15 |  0,00 | 13,438 | 298,68 | 298,68 |  0,00 | 147,926 | 66,21 | 66,21 | 301,750 |   NaN | NaN | 0,00 | 0,00 | NaN
   8 |  0,00 | 16,089 | 713,97 | 713,97 | 727,44 |  0,00 | 0,701 | 44,35 | 44,35 |  0,00 | 1,255 | 299,72 | 299,72 |  0,00 | 11,560 | 303,69 | 303,69 |  0,00 | 402,646 | 66,21 | 66,21 | 793,440 |   NaN | NaN | 0,00 | 0,00 | NaN
   9 |  0,00 | 13,080 | 713,56 | 713,56 | 726,47 |  0,00 | 0,641 | 44,35 | 44,35 |  0,00 | 0,900 | 303,14 | 303,14 |  0,00 | 18,045 | 299,86 | 299,86 |  0,00 | 254,363 | 66,21 | 66,21 | 499,343 |   NaN | NaN | 0,00 | 0,00 | NaN
  10 |  0,00 | 5,481 | 711,30 | 711,30 | 724,79 |  0,00 | 0,702 | 44,35 | 44,35 |  0,00 | 3,999 | 301,12 | 301,12 |  0,00 | 7,495 | 299,63 | 299,63 |  0,00 | 69,636 | 66,21 | 66,21 | 152,671 |   NaN | NaN | 0,00 | 0,00 | NaN
  11 |  0,00 | 21,680 | 704,19 | 704,19 | 717,14 |  0,00 | 0,641 | 44,35 | 44,35 |  0,00 | 0,993 | 293,37 | 293,37 |  0,00 | 5,457 | 300,26 | 300,26 |  0,00 | 635,135 | 66,21 | 66,21 | 1376,835 |   NaN | NaN | 0,00 | 0,00 | NaN
  12 |  0,00 | 17,630 | 713,02 | 713,02 | 726,68 |  0,00 | 0,703 | 44,35 | 44,35 |  0,00 | 1,515 | 301,35 | 301,35 |  0,00 | 11,797 | 301,11 | 301,11 |  0,00 | 448,861 | 66,21 | 66,21 | 895,705 |   NaN | NaN | 0,00 | 0,00 | NaN
  13 |  0,00 | 15,095 | 703,24 | 703,24 | 716,19 |  0,00 | 0,668 | 44,35 | 44,35 |  0,00 | 1,097 | 296,33 | 296,33 |  0,00 | 9,838 | 296,35 | 296,35 |  0,00 | 384,601 | 66,21 | 66,21 | 754,620 |   NaN | NaN | 0,00 | 0,00 | NaN
  14 |  0,00 | 19,166 | 713,68 | 713,68 | 727,93 |  0,00 | 0,709 | 44,35 | 44,35 |  0,00 | 0,962 | 302,51 | 302,51 |  0,00 | 10,898 | 300,62 | 300,62 |  0,00 | 511,637 | 66,21 | 66,21 | 1037,530 |   NaN | NaN | 0,00 | 0,00 | NaN
  15 |  0,00 | 9,090 | 708,44 | 708,44 | 722,10 |  0,00 | 0,703 | 44,35 | 44,35 |  0,00 | 1,910 | 296,20 | 296,20 |  0,00 | 14,277 | 301,69 | 301,69 |  0,00 | 145,468 | 66,21 | 66,21 | 297,176 |   NaN | NaN | 0,00 | 0,00 | NaN
  16 |  0,00 | 14,435 | 716,49 | 716,49 | 729,68 |  0,00 | 0,695 | 44,35 | 44,35 |  0,00 | 1,060 | 300,71 | 300,71 |  0,00 | 16,434 | 305,23 | 305,23 |  0,00 | 308,792 | 66,21 | 66,21 | 602,620 |   NaN | NaN | 0,00 | 0,00 | NaN
  17 |  0,00 | 13,287 | 713,87 | 713,87 | 727,89 |  0,00 | 0,708 | 44,35 | 44,35 |  0,00 | 0,874 | 300,63 | 300,63 |  0,00 | 13,946 | 302,68 | 302,68 |  0,00 | 294,427 | 66,21 | 66,21 | 575,737 |   NaN | NaN | 0,00 | 0,00 | NaN
  18 |  0,00 | 17,147 | 709,79 | 709,79 | 722,81 |  0,00 | 0,684 | 44,35 | 44,35 |  0,00 | 0,927 | 298,98 | 298,98 |  0,00 | 4,832 | 300,25 | 300,25 |  0,00 | 496,789 | 66,21 | 66,21 | 1220,707 |   NaN | NaN | 0,00 | 0,00 | NaN
  19 |  0,00 | 20,343 | 704,85 | 704,85 | 717,84 |  0,00 | 0,675 | 44,35 | 44,35 |  0,00 | 1,411 | 295,58 | 295,58 |  0,00 | 5,223 | 298,72 | 298,72 |  0,00 | 590,513 | 66,21 | 66,21 | 1233,764 |   NaN | NaN | 0,00 | 0,00 | NaN
  20 |  0,00 | 20,329 | 706,63 | 706,63 | 719,59 |  0,00 | 0,671 | 44,35 | 44,35 |  0,00 | 0,760 | 300,73 | 300,73 |  0,00 | 2,687 | 295,34 | 295,34 |  0,00 | 618,322 | 66,21 | 66,21 | 1364,059 |   NaN | NaN | 0,00 | 0,00 | NaN
  21 |  0,00 | 6,926 | 702,07 | 702,07 | 715,04 |  0,00 | 0,675 | 44,35 | 44,35 |  0,00 | 2,850 | 296,40 | 296,40 |  0,00 | 10,446 | 295,12 | 295,12 |  0,00 | 101,479 | 66,21 | 66,21 | 214,217 |   NaN | NaN | 0,00 | 0,00 | NaN
  22 |  0,00 | 19,311 | 717,41 | 717,41 | 732,27 |  0,00 | 0,714 | 44,35 | 44,35 |  0,00 | 1,028 | 308,44 | 308,44 |  0,00 | 9,307 | 298,42 | 298,42 |  0,00 | 531,729 | 66,21 | 66,21 | 1086,518 |   NaN | NaN | 0,00 | 0,00 | NaN
  23 |  0,00 | 21,947 | 714,37 | 714,37 | 727,61 |  0,00 | 0,696 | 44,35 | 44,35 |  0,00 | 1,007 | 302,93 | 302,93 |  0,00 | 6,502 | 300,88 | 300,88 |  0,00 | 639,895 | 66,21 | 66,21 | 1346,294 |   NaN | NaN | 0,00 | 0,00 | NaN
  24 |  0,00 | 15,778 | 711,85 | 711,85 | 724,78 |  0,00 | 0,658 | 44,35 | 44,35 |  0,00 | 0,995 | 299,88 | 299,88 |  0,00 | 12,913 | 301,41 | 301,41 |  0,00 | 383,511 | 66,21 | 66,21 | 752,774 |   NaN | NaN | 0,00 | 0,00 | NaN
  25 |  0,00 | 9,758 | 720,17 | 720,17 | 735,20 |  0,00 | 0,715 | 44,35 | 44,35 |  0,00 | 1,104 | 301,12 | 301,12 |  0,00 | 14,284 | 308,49 | 308,49 |  0,00 | 174,029 | 66,21 | 66,21 | 350,799 |   NaN | NaN | 0,00 | 0,00 | NaN
  26 |  0,00 | 8,017 | 708,96 | 708,96 | 723,47 |  0,00 | 0,711 | 44,35 | 44,35 |  0,00 | 1,813 | 298,85 | 298,85 |  0,00 | 11,253 | 299,55 | 299,55 |  0,00 | 138,056 | 66,21 | 66,21 | 282,808 |   NaN | NaN | 0,00 | 0,00 | NaN
  27 |  0,00 | 15,704 | 705,34 | 705,34 | 718,31 |  0,00 | 0,638 | 44,35 | 44,35 |  0,00 | 0,917 | 299,52 | 299,52 |  0,00 | 2,843 | 295,26 | 295,26 |  0,00 | 466,180 | 66,21 | 66,21 | 1176,268 |   NaN | NaN | 0,00 | 0,00 | NaN
  28 |  0,00 | 22,149 | 704,22 | 704,22 | 717,97 |  0,00 | 0,704 | 44,35 | 44,35 |  0,00 | 1,588 | 299,68 | 299,68 |  0,00 | 5,837 | 293,97 | 293,97 |  0,00 | 641,741 | 66,21 | 66,21 | 1352,121 |   NaN | NaN | 0,00 | 0,00 | NaN
  29 |  0,00 | 21,683 | 714,30 | 714,30 | 727,31 |  0,00 | 0,683 | 44,35 | 44,35 |  0,00 | 1,101 | 302,48 | 302,48 |  0,00 | 5,184 | 301,27 | 301,27 |  0,00 | 641,772 | 66,21 | 66,21 | 1377,354 |   NaN | NaN | 0,00 | 0,00 | NaN
  30 |  0,00 | 19,688 | 707,75 | 707,75 | 722,77 |  0,00 | 0,714 | 44,35 | 44,35 |  0,00 | 1,030 | 298,44 | 298,44 |  0,00 | 5,020 | 298,75 | 298,75 |  0,00 | 575,162 | 66,21 | 66,21 | 1319,896 |   NaN | NaN | 0,00 | 0,00 | NaN
  31 |  0,00 | 21,531 | 708,10 | 708,10 | 721,11 |  0,00 | 0,681 | 44,35 | 44,35 |  0,00 | 1,119 | 297,67 | 297,67 |  0,00 | 4,488 | 299,87 | 299,87 |  0,00 | 639,251 | 66,21 | 66,21 | 1346,254 |   NaN | NaN | 0,00 | 0,00 | NaN
  32 |  0,00 | 22,190 | 708,18 | 708,18 | 721,12 |  0,00 | 0,637 | 44,35 | 44,35 |  0,00 | 1,354 | 298,08 | 298,08 |  0,00 | 7,753 | 299,55 | 299,55 |  0,00 | 631,446 | 66,21 | 66,21 | 1373,001 |   NaN | NaN | 0,00 | 0,00 | NaN
  33 |  0,00 | 20,441 | 706,08 | 706,08 | 719,65 |  0,00 | 0,703 | 44,35 | 44,35 |  0,00 | 0,981 | 296,15 | 296,15 |  0,00 | 4,873 | 299,37 | 299,37 |  0,00 | 600,463 | 66,21 | 66,21 | 1347,766 |   NaN | NaN | 0,00 | 0,00 | NaN
  34 |  0,00 | 12,516 | 702,97 | 702,97 | 716,13 |  0,00 | 0,694 | 44,35 | 44,35 |  0,00 | 0,799 | 298,96 | 298,96 |  0,00 | 1,788 | 293,45 | 293,45 |  0,00 | 371,563 | 66,21 | 66,21 | 1023,279 |   NaN | NaN | 0,00 | 0,00 | NaN
  35 |  0,00 | 9,607 | 713,84 | 713,84 | 726,77 |  0,00 | 0,643 | 44,35 | 44,35 |  0,00 | 0,666 | 302,18 | 302,18 |  0,00 | 1,275 | 301,11 | 301,11 |  0,00 | 286,608 | 66,21 | 66,21 | 846,344 |   NaN | NaN | 0,00 | 0,00 | NaN
  36 |  0,00 | 14,622 | 705,38 | 705,38 | 718,66 |  0,00 | 0,696 | 44,35 | 44,35 |  0,00 | 0,912 | 294,86 | 294,86 |  0,00 | 2,909 | 299,97 | 299,97 |  0,00 | 429,608 | 66,21 | 66,21 | 1122,182 |   NaN | NaN | 0,00 | 0,00 | NaN
  37 |  0,00 | 21,656 | 715,90 | 715,90 | 728,87 |  0,00 | 0,679 | 44,35 | 44,35 |  0,00 | 1,346 | 304,81 | 304,81 |  0,00 | 5,637 | 300,53 | 300,53 |  0,00 | 636,052 | 66,21 | 66,21 | 1377,302 |   NaN | NaN | 0,00 | 0,00 | NaN
  38 |  0,00 | 18,381 | 709,51 | 709,51 | 722,46 |  0,00 | 0,670 | 44,35 | 44,35 |  0,00 | 1,166 | 300,97 | 300,97 |  0,00 | 3,580 | 297,98 | 297,98 |  0,00 | 545,686 | 66,21 | 66,21 | 1284,364 |   NaN | NaN | 0,00 | 0,00 | NaN
  39 |  0,00 | 20,974 | 703,12 | 703,12 | 718,09 |  0,00 | 0,714 | 44,35 | 44,35 |  0,00 | 1,315 | 297,00 | 297,00 |  0,00 | 5,012 | 295,56 | 295,56 |  0,00 | 612,194 | 66,21 | 66,21 | 1358,464 |   NaN | NaN | 0,00 | 0,00 | NaN
  40 |  0,00 | 16,132 | 703,44 | 703,44 | 718,46 |  0,00 | 0,714 | 44,35 | 44,35 |  0,00 | 0,990 | 297,50 | 297,50 |  0,00 | 3,103 | 295,39 | 295,39 |  0,00 | 475,263 | 66,21 | 66,21 | 1190,303 |   NaN | NaN | 0,00 | 0,00 | NaN
  41 |  0,00 | 23,199 | 712,53 | 712,53 | 725,82 |  0,00 | 0,697 | 44,35 | 44,35 |  0,00 | 1,413 | 298,31 | 298,31 |  0,00 | 9,771 | 303,67 | 303,67 |  0,00 | 647,206 | 66,21 | 66,21 | 1371,212 |   NaN | NaN | 0,00 | 0,00 | NaN
  42 |  0,00 | 22,201 | 715,31 | 715,31 | 728,30 |  0,00 | 0,642 | 44,35 | 44,35 |  0,00 | 1,270 | 301,50 | 301,50 |  0,00 | 6,755 | 303,26 | 303,26 |  0,00 | 644,601 | 66,21 | 66,21 | 1376,995 |   NaN | NaN | 0,00 | 0,00 | NaN
  43 |  0,00 | 20,424 | 714,35 | 714,35 | 729,17 |  0,00 | 0,721 | 44,35 | 44,35 |  0,00 | 1,146 | 301,75 | 301,75 |  0,00 | 4,217 | 302,04 | 302,04 |  0,00 | 608,198 | 66,21 | 66,21 | 1354,012 |   NaN | NaN | 0,00 | 0,00 | NaN
  44 |  0,00 | 21,626 | 715,45 | 715,45 | 728,40 |  0,00 | 0,633 | 44,35 | 44,35 |  0,00 | 1,002 | 300,42 | 300,42 |  0,00 | 4,711 | 304,48 | 304,48 |  0,00 | 645,931 | 66,21 | 66,21 | 1365,874 |   NaN | NaN | 0,00 | 0,00 | NaN
  45 |  0,00 | 21,964 | 713,92 | 713,92 | 729,42 |  0,00 | 0,717 | 44,35 | 44,35 |  0,00 | 1,172 | 306,49 | 306,49 |  0,00 | 5,757 | 296,86 | 296,86 |  0,00 | 645,278 | 66,21 | 66,21 | 1375,078 |   NaN | NaN | 0,00 | 0,00 | NaN
  46 |  0,00 | 20,846 | 708,49 | 708,49 | 721,42 |  0,00 | 0,657 | 44,35 | 44,35 |  0,00 | 0,873 | 295,49 | 295,49 |  0,00 | 4,810 | 302,44 | 302,44 |  0,00 | 616,727 | 66,21 | 66,21 | 1363,068 |   NaN | NaN | 0,00 | 0,00 | NaN
  47 |  0,00 | 21,879 | 705,42 | 705,42 | 718,40 |  0,00 | 0,654 | 44,35 | 44,35 |  0,00 | 1,059 | 300,28 | 300,28 |  0,00 | 5,790 | 294,58 | 294,58 |  0,00 | 639,374 | 66,21 | 66,21 | 1346,436 |   NaN | NaN | 0,00 | 0,00 | NaN
  48 |  0,00 | 21,591 | 705,33 | 705,33 | 718,37 |  0,00 | 0,684 | 44,35 | 44,35 |  0,00 | 1,198 | 296,49 | 296,49 |  0,00 | 3,653 | 298,29 | 298,29 |  0,00 | 646,141 | 66,21 | 66,21 | 1365,156 |   NaN | NaN | 0,00 | 0,00 | NaN
  49 |  0,00 | 22,102 | 704,54 | 704,54 | 717,82 |  0,00 | 0,696 | 44,35 | 44,35 |  0,00 | 1,608 | 297,81 | 297,81 |  0,00 | 6,126 | 296,18 | 296,18 |  0,00 | 637,771 | 66,21 | 66,21 | 1342,358 |   NaN | NaN | 0,00 | 0,00 | NaN
  50 |  0,00 | 20,571 | 709,83 | 709,83 | 722,79 |  0,00 | 0,651 | 44,35 | 44,35 |  0,00 | 0,943 | 301,28 | 301,28 |  0,00 | 5,074 | 298,00 | 298,00 |  0,00 | 606,221 | 66,21 | 66,21 | 1352,758 |   NaN | NaN | 0,00 | 0,00 | NaN
  51 |  0,00 | 21,737 | 708,27 | 708,27 | 721,22 |  0,00 | 0,649 | 44,35 | 44,35 |  0,00 | 0,913 | 297,65 | 297,65 |  0,00 | 4,707 | 300,06 | 300,06 |  0,00 | 646,381 | 66,21 | 66,21 | 1370,200 |   NaN | NaN | 0,00 | 0,00 | NaN
  52 |  0,00 | 21,884 | 708,34 | 708,34 | 721,31 |  0,00 | 0,675 | 44,35 | 44,35 |  0,00 | 0,959 | 295,51 | 295,51 |  0,00 | 5,268 | 302,27 | 302,27 |  0,00 | 645,343 | 66,21 | 66,21 | 1374,573 |   NaN | NaN | 0,00 | 0,00 | NaN
  53 |  0,00 | 21,731 | 710,59 | 710,59 | 723,52 |  0,00 | 0,662 | 44,35 | 44,35 |  0,00 | 1,512 | 299,86 | 299,86 |  0,00 | 5,933 | 300,17 | 300,17 |  0,00 | 631,697 | 66,21 | 66,21 | 1373,355 |   NaN | NaN | 0,00 | 0,00 | NaN
  54 |  0,00 | 22,317 | 703,99 | 703,99 | 716,93 |  0,00 | 0,665 | 44,35 | 44,35 |  0,00 | 1,476 | 299,37 | 299,37 |  0,00 | 6,332 | 294,07 | 294,07 |  0,00 | 644,516 | 66,21 | 66,21 | 1373,681 |   NaN | NaN | 0,00 | 0,00 | NaN
  55 |  0,00 | 18,618 | 709,96 | 709,96 | 722,90 |  0,00 | 0,650 | 44,35 | 44,35 |  0,00 | 0,932 | 299,01 | 299,01 |  0,00 | 3,897 | 300,39 | 300,39 |  0,00 | 552,951 | 66,21 | 66,21 | 1293,334 |   NaN | NaN | 0,00 | 0,00 | NaN
  56 |  0,00 | 22,065 | 703,36 | 703,36 | 716,31 |  0,00 | 0,655 | 44,35 | 44,35 |  0,00 | 1,292 | 297,79 | 297,79 |  0,00 | 5,303 | 295,01 | 295,01 |  0,00 | 646,296 | 66,21 | 66,21 | 1367,171 |   NaN | NaN | 0,00 | 0,00 | NaN
  57 |  0,00 | 22,483 | 709,06 | 709,06 | 722,02 |  0,00 | 0,653 | 44,35 | 44,35 |  0,00 | 1,848 | 298,45 | 298,45 |  0,00 | 7,097 | 300,05 | 300,05 |  0,00 | 642,547 | 66,21 | 66,21 | 1353,384 |   NaN | NaN | 0,00 | 0,00 | NaN
  58 |  0,00 | 21,727 | 710,04 | 710,04 | 723,05 |  0,00 | 0,681 | 44,35 | 44,35 |  0,00 | 1,191 | 300,87 | 300,87 |  0,00 | 5,104 | 298,61 | 298,61 |  0,00 | 640,938 | 66,21 | 66,21 | 1349,980 |   NaN | NaN | 0,00 | 0,00 | NaN
  59 |  0,00 | 13,092 | 713,03 | 713,03 | 726,42 |  0,00 | 0,701 | 44,35 | 44,35 |  0,00 | 0,933 | 298,97 | 298,97 |  0,00 | 2,394 | 303,51 | 303,51 |  0,00 | 386,881 | 66,21 | 66,21 | 1050,551 |   NaN | NaN | 0,00 | 0,00 | NaN
  60 |  0,00 | 22,065 | 711,60 | 711,60 | 724,55 |  0,00 | 0,635 | 44,35 | 44,35 |  0,00 | 1,093 | 300,91 | 300,91 |  0,00 | 5,920 | 300,13 | 300,13 |  0,00 | 647,239 | 66,21 | 66,21 | 1371,358 |   NaN | NaN | 0,00 | 0,00 | NaN
  61 |  0,00 | 21,144 | 715,51 | 715,51 | 728,47 |  0,00 | 0,658 | 44,35 | 44,35 |  0,00 | 1,061 | 302,02 | 302,02 |  0,00 | 4,709 | 302,94 | 302,94 |  0,00 | 629,577 | 66,21 | 66,21 | 1373,212 |   NaN | NaN | 0,00 | 0,00 | NaN
  62 |  0,00 | 22,032 | 712,06 | 712,06 | 727,91 |  0,00 | 0,719 | 44,35 | 44,35 |  0,00 | 1,631 | 298,70 | 298,70 |  0,00 | 5,239 | 302,81 | 302,81 |  0,00 | 646,209 | 66,21 | 66,21 | 1365,398 |   NaN | NaN | 0,00 | 0,00 | NaN
  63 |  0,00 | 19,660 | 713,53 | 713,53 | 726,48 |  0,00 | 0,675 | 44,35 | 44,35 |  0,00 | 1,269 | 303,82 | 303,82 |  0,00 | 5,779 | 299,15 | 299,15 |  0,00 | 569,502 | 66,21 | 66,21 | 1312,715 |   NaN | NaN | 0,00 | 0,00 | NaN
  64 |  0,00 | 21,832 | 701,91 | 701,91 | 717,64 |  0,00 | 0,718 | 44,35 | 44,35 |  0,00 | 1,217 | 296,92 | 296,92 |  0,00 | 4,583 | 294,44 | 294,44 |  0,00 | 643,643 | 66,21 | 66,21 | 1373,426 |   NaN | NaN | 0,00 | 0,00 | NaN

= = = = = = = = = = = = AVERAGE RESULTS system = = = = = = = = = = = =
meanPLR_system | 0,000000 
meanDelay_system | 17,778105 
meanLoad_system | 709,996740 
meanTHR_system | 709,996740 
meanGate_system | 723,476357 

meanPLR_EF_system | 0,000000 
meanPLR_AF_system | 0,000000 
meanPLR_BE_system | 0,000000 
meanPLR_FLA_system | 0,000000 
meanPLR_FLB_system | NaN 

meanTHR_EF_system | 44,352005 
meanTHR_AF_system | 299,908572 
meanTHR_BE_system | 299,530819 
meanTHR_FLA_system | 67,799335 
meanTHR_FLB_system | 0,000000 

meanLoad_EF_system | 44,352005 
meanLoad_AF_system | 299,908572 
meanLoad_BE_system | 299,530819 
meanLoad_FLA_system | 67,799335 
meanLoad_FLB_system | 0,000000 

meanDELAY_EF_system | 0,679452 
meanDELAY_AF_system | 1,342149 
meanDELAY_BE_system | 7,205258 
meanDELAY_FLA_system | 493,449824 
meanDELAY_FLB_system | NaN 
meanDELAY_CompleteFLA_system | 1072,397148 
meanDELAY_CompleteFLB_system | NaN 

= = = = = = = = = = = = AVERAGE RESULTS = = = = = = = = = = = =
Packet Loss Ratio: 00,00 (%)
PROCESSED PACKAGES: 1460594199 
DISCARTED PACKAGES: 0 
TOTAL PACKAGES: 1460594199 
AVERAGE DELAY: 3179,09 (ms) 
AVERAGE THROUGHPUT: 710,00 (Mbps) 
GRANTED THROUGHPUT: 46302,49 (Mbps) By 64 ONUs
EFFECTIVE THROUGHPUT: 45439,79 (Mbps) By 64 ONUs
TOTAL LOAD: 45439,79 (Mbps) By 64 ONUs
ON Arrival THROUGHPUT: 0,00 (Mbps) By 64 ONUs
FINISHTIMEFL: 124,602992 
FINISHTIME: 127,602992 


fileName | IPACT_LBCONSTANTTOKENSBYCYCLE_2_40_80_0 
