
ONU ID 	|  PLR(%) | Delay(ms) | Throughput(Mbps) | Granted Throughput(Mbps) | Total Load (Mbps) 

  ID |  PLR(%) |  D  | Thr |  Gates  |  Load  | PLR-EF | D-EF | ThrEF | LoadEF | PLR-AF | D-AF | ThrAF | LoadAF | PLR-BE | D-BE | ThrBE | LoadBE | PLR-FA | D-FA | ThrFA | LoadFA | DTFA |  PLR-FB | D-FB | ThrFB | LoadFB | DTFB | 
   1 |  1,21 | 193,063 | 755,93 | 765,16 | 760,36 |  0,00 | 1,419 | 44,35 | 44,35 |  0,00 | 1,405 | 349,51 | 349,51 |  2,68 | 676,614 | 335,55 | 344,78 |  0,00 | 289,350 | 26,52 | 26,52 | 592,677 |   NaN | NaN | 0,00 | 0,00 | NaN
   2 |  1,13 | 187,324 | 753,93 | 762,56 | 758,39 |  0,00 | 1,549 | 44,35 | 44,35 |  0,00 | 1,420 | 348,12 | 348,12 |  2,51 | 655,518 | 334,93 | 343,56 |  0,00 | 299,002 | 26,52 | 26,52 | 622,734 |   NaN | NaN | 0,00 | 0,00 | NaN
   3 |  0,90 | 166,955 | 751,83 | 758,67 | 756,25 |  0,00 | 1,360 | 44,35 | 44,35 |  0,00 | 1,354 | 342,51 | 342,51 |  1,98 | 575,866 | 338,44 | 345,28 |  0,00 | 296,299 | 26,52 | 26,52 | 600,423 |   NaN | NaN | 0,00 | 0,00 | NaN
   4 |  1,26 | 192,099 | 756,63 | 766,26 | 761,05 |  0,00 | 1,393 | 44,35 | 44,35 |  0,00 | 1,360 | 349,19 | 349,19 |  2,78 | 671,361 | 336,57 | 346,20 |  0,00 | 295,420 | 26,52 | 26,52 | 601,699 |   NaN | NaN | 0,00 | 0,00 | NaN
   5 |  0,61 | 167,708 | 751,68 | 756,32 | 756,09 |  0,00 | 1,408 | 44,35 | 44,35 |  0,00 | 1,386 | 343,17 | 343,17 |  1,36 | 580,201 | 337,63 | 342,27 |  0,00 | 285,890 | 26,52 | 26,52 | 569,847 |   NaN | NaN | 0,00 | 0,00 | NaN
   6 |  0,91 | 186,420 | 754,38 | 761,32 | 758,78 |  0,00 | 1,345 | 44,35 | 44,35 |  0,00 | 1,332 | 345,90 | 345,90 |  2,01 | 648,269 | 337,61 | 344,55 |  0,00 | 286,638 | 26,52 | 26,52 | 597,989 |   NaN | NaN | 0,00 | 0,00 | NaN
   7 |  0,99 | 187,712 | 754,58 | 762,11 | 759,01 |  0,00 | 1,359 | 44,35 | 44,35 |  0,00 | 1,352 | 344,48 | 344,48 |  2,17 | 649,577 | 339,22 | 346,75 |  0,00 | 293,407 | 26,52 | 26,52 | 594,892 |   NaN | NaN | 0,00 | 0,00 | NaN
   8 |  1,46 | 193,343 | 754,70 | 765,91 | 759,16 |  0,00 | 1,409 | 44,35 | 44,35 |  0,00 | 1,403 | 346,55 | 346,55 |  3,22 | 672,888 | 337,28 | 348,49 |  0,00 | 303,770 | 26,52 | 26,52 | 614,541 |   NaN | NaN | 0,00 | 0,00 | NaN
   9 |  1,17 | 176,244 | 753,02 | 761,90 | 757,45 |  0,00 | 1,368 | 44,35 | 44,35 |  0,00 | 1,341 | 344,13 | 344,13 |  2,56 | 610,538 | 338,01 | 346,89 |  0,00 | 286,959 | 26,52 | 26,52 | 600,194 |   NaN | NaN | 0,00 | 0,00 | NaN
  10 |  0,84 | 185,591 | 754,97 | 761,36 | 759,40 |  0,00 | 1,413 | 44,35 | 44,35 |  0,00 | 1,403 | 347,35 | 347,35 |  1,86 | 646,863 | 336,74 | 343,14 |  0,00 | 290,428 | 26,52 | 26,52 | 601,460 |   NaN | NaN | 0,00 | 0,00 | NaN
  11 |  0,96 | 189,687 | 753,52 | 760,85 | 757,93 |  0,00 | 1,351 | 44,35 | 44,35 |  0,00 | 1,343 | 344,19 | 344,19 |  2,12 | 658,778 | 338,45 | 345,78 |  0,00 | 260,274 | 26,52 | 26,52 | 544,886 |   NaN | NaN | 0,00 | 0,00 | NaN
  12 |  1,20 | 173,493 | 751,96 | 761,08 | 756,41 |  0,00 | 1,420 | 44,35 | 44,35 |  0,00 | 1,404 | 343,49 | 343,49 |  2,63 | 600,924 | 337,59 | 346,72 |  0,00 | 285,467 | 26,52 | 26,52 | 582,516 |   NaN | NaN | 0,00 | 0,00 | NaN
  13 |  0,74 | 155,662 | 748,30 | 753,87 | 752,74 |  0,00 | 1,384 | 44,35 | 44,35 |  0,00 | 1,370 | 343,29 | 343,29 |  1,64 | 541,563 | 334,14 | 339,71 |  0,00 | 284,883 | 26,52 | 26,52 | 605,676 |   NaN | NaN | 0,00 | 0,00 | NaN
  14 |  1,74 | 194,485 | 752,43 | 765,73 | 756,87 |  0,00 | 1,419 | 44,35 | 44,35 |  0,00 | 1,411 | 346,97 | 346,97 |  3,82 | 681,420 | 334,59 | 347,88 |  0,00 | 291,769 | 26,52 | 26,52 | 606,920 |   NaN | NaN | 0,00 | 0,00 | NaN
  15 |  0,64 | 174,953 | 755,60 | 760,48 | 760,03 |  0,00 | 1,458 | 44,35 | 44,35 |  0,00 | 1,405 | 340,98 | 340,98 |  1,40 | 597,358 | 343,74 | 348,62 |  0,00 | 280,555 | 26,52 | 26,52 | 574,348 |   NaN | NaN | 0,00 | 0,00 | NaN
  16 |  1,60 | 220,834 | 757,05 | 769,38 | 761,47 |  0,00 | 1,460 | 44,35 | 44,35 |  0,00 | 1,396 | 348,22 | 348,22 |  3,52 | 771,476 | 337,95 | 350,29 |  0,00 | 285,979 | 26,52 | 26,52 | 602,282 |   NaN | NaN | 0,00 | 0,00 | NaN
  17 |  1,01 | 183,266 | 752,94 | 760,66 | 757,38 |  0,00 | 1,418 | 44,35 | 44,35 |  0,00 | 1,410 | 346,07 | 346,07 |  2,24 | 640,055 | 336,00 | 343,72 |  0,00 | 267,529 | 26,52 | 26,52 | 549,411 |   NaN | NaN | 0,00 | 0,00 | NaN
  18 |  0,83 | 189,279 | 752,99 | 759,29 | 757,40 |  0,00 | 1,406 | 44,35 | 44,35 |  0,00 | 1,386 | 345,21 | 345,21 |  1,84 | 659,165 | 336,90 | 343,21 |  0,00 | 280,526 | 26,52 | 26,52 | 568,271 |   NaN | NaN | 0,00 | 0,00 | NaN
  19 |  0,43 | 141,954 | 750,89 | 754,13 | 755,30 |  0,00 | 1,387 | 44,35 | 44,35 |  0,00 | 1,376 | 340,53 | 340,53 |  0,95 | 486,361 | 339,49 | 342,73 |  0,00 | 272,568 | 26,52 | 26,52 | 548,739 |   NaN | NaN | 0,00 | 0,00 | NaN
  20 |  0,37 | 151,176 | 751,00 | 753,81 | 755,42 |  0,00 | 1,381 | 44,35 | 44,35 |  0,00 | 1,372 | 344,68 | 344,68 |  0,83 | 524,290 | 335,44 | 338,25 |  0,00 | 295,366 | 26,52 | 26,52 | 594,038 |   NaN | NaN | 0,00 | 0,00 | NaN
  21 |  0,45 | 131,400 | 748,82 | 752,19 | 753,25 |  0,00 | 1,383 | 44,35 | 44,35 |  0,00 | 1,377 | 342,76 | 342,76 |  1,00 | 454,088 | 335,18 | 338,55 |  0,00 | 270,385 | 26,52 | 26,52 | 548,487 |   NaN | NaN | 0,00 | 0,00 | NaN
  22 |  1,12 | 196,011 | 755,22 | 763,74 | 759,67 |  0,00 | 1,469 | 44,35 | 44,35 |  0,00 | 1,419 | 349,19 | 349,19 |  2,48 | 687,532 | 335,16 | 343,68 |  0,00 | 287,664 | 26,52 | 26,52 | 580,424 |   NaN | NaN | 0,00 | 0,00 | NaN
  23 |  1,05 | 185,779 | 754,44 | 762,43 | 758,87 |  0,00 | 1,432 | 44,35 | 44,35 |  0,00 | 1,398 | 346,06 | 346,06 |  2,31 | 646,442 | 337,50 | 345,49 |  0,00 | 279,400 | 26,52 | 26,52 | 583,837 |   NaN | NaN | 0,00 | 0,00 | NaN
  24 |  1,48 | 207,617 | 756,03 | 767,38 | 760,46 |  0,00 | 1,371 | 44,35 | 44,35 |  0,00 | 1,360 | 348,52 | 348,52 |  3,26 | 726,137 | 336,63 | 347,98 |  0,00 | 299,040 | 26,52 | 26,52 | 610,146 |   NaN | NaN | 0,00 | 0,00 | NaN
  25 |  1,24 | 184,929 | 754,56 | 764,03 | 759,04 |  0,00 | 1,422 | 44,35 | 44,35 |  0,00 | 1,416 | 342,35 | 342,35 |  2,70 | 636,378 | 341,33 | 350,80 |  0,00 | 275,604 | 26,52 | 26,52 | 573,979 |   NaN | NaN | 0,00 | 0,00 | NaN
  26 |  0,51 | 164,624 | 755,01 | 758,92 | 759,46 |  0,00 | 1,423 | 44,35 | 44,35 |  0,00 | 1,412 | 345,21 | 345,21 |  1,14 | 568,959 | 338,93 | 342,83 |  0,00 | 278,105 | 26,52 | 26,52 | 553,993 |   NaN | NaN | 0,00 | 0,00 | NaN
  27 |  0,77 | 154,693 | 753,72 | 759,60 | 758,15 |  0,00 | 1,359 | 44,35 | 44,35 |  0,00 | 1,340 | 346,21 | 346,21 |  1,72 | 536,174 | 336,64 | 342,52 |  0,00 | 294,341 | 26,52 | 26,52 | 588,587 |   NaN | NaN | 0,00 | 0,00 | NaN
  28 |  0,62 | 162,003 | 750,25 | 754,90 | 754,70 |  0,00 | 1,417 | 44,35 | 44,35 |  0,00 | 1,406 | 344,04 | 344,04 |  1,37 | 562,140 | 335,33 | 339,99 |  0,00 | 310,907 | 26,52 | 26,52 | 616,930 |   NaN | NaN | 0,00 | 0,00 | NaN
  29 |  1,11 | 189,449 | 753,56 | 762,03 | 757,98 |  0,00 | 1,453 | 44,35 | 44,35 |  0,00 | 1,385 | 343,78 | 343,78 |  2,44 | 655,086 | 338,90 | 347,37 |  0,00 | 307,037 | 26,52 | 26,52 | 627,370 |   NaN | NaN | 0,00 | 0,00 | NaN
  30 |  0,89 | 178,431 | 753,83 | 760,57 | 758,30 |  0,00 | 1,426 | 44,35 | 44,35 |  0,00 | 1,416 | 343,53 | 343,53 |  1,95 | 616,422 | 339,43 | 346,17 |  0,00 | 277,509 | 26,52 | 26,52 | 566,207 |   NaN | NaN | 0,00 | 0,00 | NaN
  31 |  0,56 | 174,382 | 754,46 | 758,69 | 758,90 |  0,00 | 1,389 | 44,35 | 44,35 |  0,00 | 1,382 | 344,21 | 344,21 |  1,23 | 601,308 | 339,37 | 343,61 |  0,00 | 310,594 | 26,52 | 26,52 | 625,258 |   NaN | NaN | 0,00 | 0,00 | NaN
  32 |  1,41 | 200,031 | 752,40 | 763,18 | 756,80 |  0,00 | 1,644 | 44,35 | 44,35 |  0,00 | 1,347 | 345,35 | 345,35 |  3,11 | 699,007 | 336,17 | 346,95 |  0,00 | 264,818 | 26,52 | 26,52 | 537,618 |   NaN | NaN | 0,00 | 0,00 | NaN
  33 |  0,54 | 166,423 | 753,30 | 757,37 | 757,73 |  0,00 | 1,411 | 44,35 | 44,35 |  0,00 | 1,403 | 342,08 | 342,08 |  1,18 | 571,874 | 340,34 | 344,41 |  0,00 | 284,890 | 26,52 | 26,52 | 580,265 |   NaN | NaN | 0,00 | 0,00 | NaN
  34 |  1,11 | 178,858 | 752,53 | 760,97 | 756,95 |  0,00 | 1,405 | 44,35 | 44,35 |  0,00 | 1,395 | 345,13 | 345,13 |  2,45 | 622,528 | 336,52 | 344,96 |  0,00 | 280,491 | 26,52 | 26,52 | 585,147 |   NaN | NaN | 0,00 | 0,00 | NaN
  35 |  1,04 | 206,584 | 757,34 | 765,31 | 761,75 |  0,00 | 1,350 | 44,35 | 44,35 |  0,00 | 1,344 | 346,65 | 346,65 |  2,29 | 718,303 | 339,82 | 347,79 |  0,00 | 258,417 | 26,52 | 26,52 | 533,343 |   NaN | NaN | 0,00 | 0,00 | NaN
  36 |  0,77 | 182,533 | 753,03 | 758,88 | 757,47 |  0,00 | 1,403 | 44,35 | 44,35 |  0,00 | 1,398 | 343,20 | 343,20 |  1,70 | 630,985 | 338,95 | 344,81 |  0,00 | 290,387 | 26,52 | 26,52 | 567,806 |   NaN | NaN | 0,00 | 0,00 | NaN
  37 |  1,17 | 205,284 | 755,82 | 764,75 | 760,24 |  0,00 | 1,402 | 44,35 | 44,35 |  0,00 | 1,382 | 348,50 | 348,50 |  2,59 | 718,678 | 336,44 | 345,37 |  0,00 | 288,060 | 26,52 | 26,52 | 599,457 |   NaN | NaN | 0,00 | 0,00 | NaN
  38 |  1,44 | 193,615 | 754,94 | 765,93 | 759,34 |  0,00 | 1,393 | 44,35 | 44,35 |  0,00 | 1,372 | 348,26 | 348,26 |  3,17 | 678,268 | 335,80 | 346,80 |  0,00 | 270,903 | 26,52 | 26,52 | 563,967 |   NaN | NaN | 0,00 | 0,00 | NaN
  39 |  0,78 | 152,979 | 749,41 | 755,27 | 753,90 |  0,00 | 1,529 | 44,35 | 44,35 |  0,00 | 1,426 | 344,27 | 344,27 |  1,72 | 531,854 | 334,26 | 340,12 |  0,00 | 287,645 | 26,52 | 26,52 | 563,064 |   NaN | NaN | 0,00 | 0,00 | NaN
  40 |  0,32 | 152,798 | 749,70 | 752,13 | 754,19 |  0,00 | 1,435 | 44,35 | 44,35 |  0,00 | 1,415 | 343,17 | 343,17 |  0,72 | 529,831 | 335,66 | 338,09 |  0,00 | 276,155 | 26,52 | 26,52 | 573,140 |   NaN | NaN | 0,00 | 0,00 | NaN
  41 |  1,64 | 201,149 | 753,03 | 765,56 | 757,45 |  0,00 | 1,413 | 44,35 | 44,35 |  0,00 | 1,400 | 345,35 | 345,35 |  3,59 | 701,023 | 336,80 | 349,33 |  0,00 | 294,462 | 26,52 | 26,52 | 570,167 |   NaN | NaN | 0,00 | 0,00 | NaN
  42 |  1,18 | 185,665 | 753,80 | 762,76 | 758,22 |  0,00 | 1,500 | 44,35 | 44,35 |  0,00 | 1,350 | 345,11 | 345,11 |  2,58 | 644,173 | 337,81 | 346,77 |  0,00 | 295,259 | 26,52 | 26,52 | 592,120 |   NaN | NaN | 0,00 | 0,00 | NaN
  43 |  1,84 | 196,247 | 752,24 | 766,38 | 756,71 |  0,00 | 1,447 | 44,35 | 44,35 |  0,00 | 1,423 | 348,88 | 348,88 |  4,08 | 691,883 | 332,49 | 346,63 |  0,00 | 293,777 | 26,52 | 26,52 | 594,290 |   NaN | NaN | 0,00 | 0,00 | NaN
  44 |  0,82 | 193,832 | 757,47 | 763,70 | 761,89 |  0,00 | 1,340 | 44,35 | 44,35 |  0,00 | 1,334 | 346,05 | 346,05 |  1,80 | 670,536 | 340,55 | 346,78 |  0,00 | 289,571 | 26,52 | 26,52 | 581,633 |   NaN | NaN | 0,00 | 0,00 | NaN
  45 |  1,18 | 188,135 | 753,17 | 762,16 | 757,66 |  0,00 | 1,429 | 44,35 | 44,35 |  0,00 | 1,418 | 348,62 | 348,62 |  2,62 | 660,867 | 333,68 | 342,67 |  0,00 | 294,872 | 26,52 | 26,52 | 605,102 |   NaN | NaN | 0,00 | 0,00 | NaN
  46 |  1,09 | 170,402 | 752,57 | 760,86 | 756,97 |  0,00 | 1,429 | 44,35 | 44,35 |  0,00 | 1,359 | 344,46 | 344,46 |  2,40 | 591,131 | 337,23 | 345,52 |  0,00 | 280,137 | 26,52 | 26,52 | 580,484 |   NaN | NaN | 0,00 | 0,00 | NaN
  47 |  1,30 | 187,999 | 751,21 | 761,08 | 755,64 |  0,00 | 1,362 | 44,35 | 44,35 |  0,00 | 1,356 | 347,69 | 347,69 |  2,88 | 661,232 | 332,64 | 342,51 |  0,00 | 297,853 | 26,52 | 26,52 | 604,993 |   NaN | NaN | 0,00 | 0,00 | NaN
  48 |  0,68 | 166,779 | 753,61 | 758,77 | 758,04 |  0,00 | 1,435 | 44,35 | 44,35 |  0,00 | 1,388 | 344,33 | 344,33 |  1,50 | 576,539 | 338,40 | 343,56 |  0,00 | 287,886 | 26,52 | 26,52 | 580,116 |   NaN | NaN | 0,00 | 0,00 | NaN
  49 |  0,97 | 168,843 | 750,80 | 758,13 | 755,23 |  0,00 | 1,433 | 44,35 | 44,35 |  0,00 | 1,398 | 343,84 | 343,84 |  2,13 | 586,855 | 336,08 | 343,41 |  0,00 | 278,532 | 26,52 | 26,52 | 571,039 |   NaN | NaN | 0,00 | 0,00 | NaN
  50 |  1,13 | 188,467 | 754,97 | 763,62 | 759,38 |  0,00 | 1,368 | 44,35 | 44,35 |  0,00 | 1,353 | 348,58 | 348,58 |  2,51 | 660,504 | 335,50 | 344,16 |  0,00 | 274,648 | 26,52 | 26,52 | 565,547 |   NaN | NaN | 0,00 | 0,00 | NaN
  51 |  1,09 | 175,578 | 754,33 | 762,68 | 758,76 |  0,00 | 1,357 | 44,35 | 44,35 |  0,00 | 1,350 | 344,14 | 344,14 |  2,40 | 605,767 | 339,32 | 347,67 |  0,00 | 301,326 | 26,52 | 26,52 | 604,528 |   NaN | NaN | 0,00 | 0,00 | NaN
  52 |  0,74 | 161,393 | 751,17 | 756,76 | 755,59 |  0,00 | 1,435 | 44,35 | 44,35 |  0,00 | 1,377 | 341,09 | 341,09 |  1,62 | 555,063 | 339,21 | 344,79 |  0,00 | 278,973 | 26,52 | 26,52 | 571,832 |   NaN | NaN | 0,00 | 0,00 | NaN
  53 |  1,07 | 182,080 | 756,24 | 764,44 | 760,67 |  0,00 | 1,370 | 44,35 | 44,35 |  0,00 | 1,364 | 347,73 | 347,73 |  2,37 | 633,981 | 337,64 | 345,83 |  0,00 | 281,568 | 26,52 | 26,52 | 566,957 |   NaN | NaN | 0,00 | 0,00 | NaN
  54 |  0,68 | 164,095 | 752,88 | 758,03 | 757,29 |  0,00 | 1,502 | 44,35 | 44,35 |  0,00 | 1,368 | 344,89 | 344,89 |  1,51 | 569,300 | 337,12 | 342,27 |  0,00 | 270,987 | 26,52 | 26,52 | 553,480 |   NaN | NaN | 0,00 | 0,00 | NaN
  55 |  1,05 | 183,954 | 753,36 | 761,33 | 757,77 |  0,00 | 1,371 | 44,35 | 44,35 |  0,00 | 1,352 | 346,02 | 346,02 |  2,31 | 641,316 | 336,46 | 344,43 |  0,00 | 282,246 | 26,52 | 26,52 | 566,153 |   NaN | NaN | 0,00 | 0,00 | NaN
  56 |  0,70 | 169,732 | 753,11 | 758,43 | 757,53 |  0,00 | 1,396 | 44,35 | 44,35 |  0,00 | 1,358 | 342,97 | 342,97 |  1,54 | 585,477 | 339,27 | 344,58 |  0,00 | 281,583 | 26,52 | 26,52 | 576,921 |   NaN | NaN | 0,00 | 0,00 | NaN
  57 |  1,16 | 171,446 | 752,65 | 761,45 | 757,08 |  0,00 | 1,369 | 44,35 | 44,35 |  0,00 | 1,354 | 344,54 | 344,54 |  2,54 | 594,548 | 337,24 | 346,03 |  0,00 | 292,705 | 26,52 | 26,52 | 588,561 |   NaN | NaN | 0,00 | 0,00 | NaN
  58 |  0,71 | 186,414 | 757,78 | 763,19 | 762,19 |  0,00 | 1,389 | 44,35 | 44,35 |  0,00 | 1,383 | 345,61 | 345,61 |  1,56 | 644,301 | 341,29 | 346,71 |  0,00 | 257,293 | 26,52 | 26,52 | 528,439 |   NaN | NaN | 0,00 | 0,00 | NaN
  59 |  1,26 | 208,011 | 755,94 | 765,61 | 760,35 |  0,00 | 1,409 | 44,35 | 44,35 |  0,00 | 1,402 | 345,31 | 345,31 |  2,77 | 722,466 | 339,75 | 349,42 |  0,00 | 260,869 | 26,52 | 26,52 | 534,319 |   NaN | NaN | 0,00 | 0,00 | NaN
  60 |  0,76 | 182,574 | 754,15 | 759,94 | 758,55 |  0,00 | 1,347 | 44,35 | 44,35 |  0,00 | 1,337 | 344,35 | 344,35 |  1,68 | 632,075 | 338,92 | 344,71 |  0,00 | 286,232 | 26,52 | 26,52 | 580,584 |   NaN | NaN | 0,00 | 0,00 | NaN
  61 |  1,04 | 207,411 | 756,39 | 764,34 | 760,80 |  0,00 | 1,489 | 44,35 | 44,35 |  0,00 | 1,362 | 346,28 | 346,28 |  2,29 | 720,914 | 339,23 | 347,18 |  0,00 | 281,524 | 26,52 | 26,52 | 594,895 |   NaN | NaN | 0,00 | 0,00 | NaN
  62 |  1,09 | 194,730 | 756,08 | 764,44 | 760,56 |  0,00 | 1,446 | 44,35 | 44,35 |  0,00 | 1,423 | 346,96 | 346,96 |  2,41 | 677,037 | 338,25 | 346,60 |  0,00 | 290,213 | 26,52 | 26,52 | 599,385 |   NaN | NaN | 0,00 | 0,00 | NaN
  63 |  1,16 | 181,745 | 754,75 | 763,58 | 759,18 |  0,00 | 1,382 | 44,35 | 44,35 |  0,00 | 1,376 | 346,66 | 346,66 |  2,55 | 632,473 | 337,21 | 346,04 |  0,00 | 283,941 | 26,52 | 26,52 | 587,912 |   NaN | NaN | 0,00 | 0,00 | NaN
  64 |  0,65 | 182,824 | 752,24 | 757,17 | 756,73 |  0,00 | 1,430 | 44,35 | 44,35 |  0,00 | 1,419 | 341,62 | 341,62 |  1,43 | 629,736 | 339,74 | 344,67 |  0,00 | 296,502 | 26,52 | 26,52 | 598,499 |   NaN | NaN | 0,00 | 0,00 | NaN

= = = = = = = = = = = = AVERAGE RESULTS system = = = = = = = = = = = =
meanPLR_system | 0,989957 
meanDelay_system | 180,924675 
meanLoad_system | 761,149196 
meanTHR_system | 753,603470 
meanGate_system | 758,034975 

meanPLR_EF_system | 0,000000 
meanPLR_AF_system | 0,000000 
meanPLR_BE_system | 2,183352 
meanPLR_FLA_system | 0,000000 
meanPLR_FLB_system | NaN 

meanTHR_EF_system | 44,352002 
meanTHR_AF_system | 345,283080 
meanTHR_BE_system | 337,444625 
meanTHR_FLA_system | 26,885525 
meanTHR_FLB_system | 0,000000 

meanLoad_EF_system | 44,352002 
meanLoad_AF_system | 345,283080 
meanLoad_BE_system | 344,990350 
meanLoad_FLA_system | 26,885525 
meanLoad_FLB_system | 0,000000 

meanDELAY_EF_system | 1,413661 
meanDELAY_AF_system | 1,381656 
meanDELAY_BE_system | 628,598002 
meanDELAY_FLA_system | 285,271744 
meanDELAY_FLB_system | NaN 
meanDELAY_CompleteFLA_system | 582,039417 
meanDELAY_CompleteFLB_system | NaN 

= = = = = = = = = = = = AVERAGE RESULTS = = = = = = = = = = = =
Packet Loss Ratio: 00,99 (%)
PROCESSED PACKAGES: 2691606226 
DISCARTED PACKAGES: 16778359 
TOTAL PACKAGES: 2708384585 
AVERAGE DELAY: 34132,22 (ms) 
AVERAGE THROUGHPUT: 753,60 (Mbps) 
GRANTED THROUGHPUT: 48514,24 (Mbps) By 64 ONUs
EFFECTIVE THROUGHPUT: 48230,62 (Mbps) By 64 ONUs
TOTAL LOAD: 48713,55 (Mbps) By 64 ONUs
ON Arrival THROUGHPUT: 0,00 (Mbps) By 64 ONUs
FINISHTIMEFL: 219,954787 
FINISHTIME: 222,954787 


fileName | IPACT_STRICTPRIORITYFIRSTAF_5_28_92_0 
