
ONU ID 	|  PLR(%) | Delay(ms) | Throughput(Mbps) | Granted Throughput(Mbps) | Total Load (Mbps) 

  ID |  PLR(%) |  D  | Thr |  Gates  |  Load  | PLR-EF | D-EF | ThrEF | LoadEF | PLR-AF | D-AF | ThrAF | LoadAF | PLR-BE | D-BE | ThrBE | LoadBE | PLR-FA | D-FA | ThrFA | LoadFA | DTFA |  PLR-FB | D-FB | ThrFB | LoadFB | DTFB | 
   1 | 12,23 | 297,988 | 752,55 | 857,44 | 757,83 |  0,00 | 1,408 | 44,35 | 44,35 |  0,00 | 53,306 | 350,81 | 350,81 | 30,85 | 1341,891 | 235,07 | 339,96 |  0,00 | 139,160 | 122,33 | 122,33 | 300,406 |   NaN | NaN | 0,00 | 0,00 | NaN
   2 | 11,98 | 288,058 | 753,98 | 856,58 | 758,80 |  0,00 | 1,420 | 44,35 | 44,35 |  0,00 | 42,931 | 343,51 | 343,51 | 29,62 | 1258,208 | 243,79 | 346,39 |  0,00 | 165,156 | 122,33 | 122,33 | 485,104 |   NaN | NaN | 0,00 | 0,00 | NaN
   3 | 12,48 | 293,371 | 753,84 | 861,33 | 758,70 |  0,00 | 1,356 | 44,35 | 44,35 |  0,00 | 50,318 | 348,72 | 348,72 | 31,07 | 1302,379 | 238,43 | 345,93 |  0,00 | 157,841 | 122,33 | 122,33 | 454,066 |   NaN | NaN | 0,00 | 0,00 | NaN
   4 | 12,68 | 293,859 | 752,92 | 862,28 | 758,24 |  0,00 | 1,362 | 44,35 | 44,35 |  0,00 | 58,349 | 352,64 | 352,64 | 31,89 | 1322,662 | 233,60 | 342,96 |  0,00 | 139,123 | 122,33 | 122,33 | 298,441 |   NaN | NaN | 0,00 | 0,00 | NaN
   5 | 11,55 | 288,850 | 755,25 | 853,85 | 759,64 |  0,00 | 1,387 | 44,35 | 44,35 |  0,00 | 34,327 | 345,08 | 345,08 | 28,82 | 1264,700 | 243,49 | 342,09 |  0,00 | 210,559 | 122,33 | 122,33 | 657,224 |   NaN | NaN | 0,00 | 0,00 | NaN
   6 | 12,37 | 292,708 | 755,34 | 861,92 | 760,00 |  0,00 | 1,336 | 44,35 | 44,35 |  0,00 | 39,511 | 348,65 | 348,65 | 30,75 | 1302,714 | 240,00 | 346,59 |  0,00 | 176,180 | 122,33 | 122,33 | 539,026 |   NaN | NaN | 0,00 | 0,00 | NaN
   7 | 11,99 | 296,680 | 753,97 | 856,68 | 759,24 |  0,00 | 1,354 | 44,35 | 44,35 |  0,00 | 52,493 | 345,41 | 345,41 | 29,81 | 1302,279 | 241,88 | 344,59 |  0,00 | 139,453 | 122,33 | 122,33 | 311,117 |   NaN | NaN | 0,00 | 0,00 | NaN
   8 | 12,63 | 297,581 | 752,96 | 861,82 | 757,75 |  0,00 | 1,404 | 44,35 | 44,35 |  0,00 | 42,247 | 345,65 | 345,65 | 31,15 | 1318,821 | 240,64 | 349,49 |  0,00 | 167,747 | 122,33 | 122,33 | 494,275 |   NaN | NaN | 0,00 | 0,00 | NaN
   9 | 12,15 | 295,595 | 755,15 | 859,58 | 760,33 |  0,00 | 1,344 | 44,35 | 44,35 |  0,00 | 55,732 | 348,69 | 348,69 | 30,34 | 1303,147 | 239,78 | 344,21 |  0,00 | 144,108 | 122,33 | 122,33 | 369,452 |   NaN | NaN | 0,00 | 0,00 | NaN
  10 | 11,91 | 294,882 | 755,03 | 857,14 | 760,34 |  0,00 | 1,405 | 44,35 | 44,35 |  0,00 | 58,664 | 346,54 | 346,54 | 29,69 | 1285,699 | 241,81 | 343,93 |  0,00 | 139,161 | 122,33 | 122,33 | 298,755 |   NaN | NaN | 0,00 | 0,00 | NaN
  11 | 11,17 | 283,729 | 754,36 | 849,18 | 758,63 |  0,00 | 1,344 | 44,35 | 44,35 |  0,00 | 11,242 | 338,83 | 338,83 | 27,59 | 1223,305 | 248,84 | 343,66 |  0,00 | 293,813 | 122,33 | 122,33 | 908,562 |   NaN | NaN | 0,00 | 0,00 | NaN
  12 | 12,22 | 296,837 | 755,39 | 860,52 | 760,09 |  0,00 | 1,407 | 44,35 | 44,35 |  0,00 | 41,035 | 346,26 | 346,26 | 30,24 | 1307,482 | 242,45 | 347,58 |  0,00 | 177,669 | 122,33 | 122,33 | 543,022 |   NaN | NaN | 0,00 | 0,00 | NaN
  13 | 11,27 | 292,606 | 754,11 | 849,89 | 758,91 |  0,00 | 1,371 | 44,35 | 44,35 |  0,00 | 48,175 | 340,73 | 340,73 | 27,97 | 1258,325 | 246,70 | 342,48 |  0,00 | 163,998 | 122,33 | 122,33 | 481,565 |   NaN | NaN | 0,00 | 0,00 | NaN
  14 | 12,48 | 292,458 | 754,50 | 862,13 | 758,99 |  0,00 | 1,413 | 44,35 | 44,35 |  0,00 | 36,098 | 348,35 | 348,35 | 31,01 | 1301,742 | 239,46 | 347,10 |  0,00 | 200,755 | 122,33 | 122,33 | 625,312 |   NaN | NaN | 0,00 | 0,00 | NaN
  15 | 11,88 | 297,082 | 752,77 | 854,27 | 758,02 |  0,00 | 1,407 | 44,35 | 44,35 |  0,00 | 58,072 | 341,11 | 341,11 | 29,29 | 1279,141 | 244,98 | 346,48 |  0,00 | 139,760 | 122,33 | 122,33 | 321,854 |   NaN | NaN | 0,00 | 0,00 | NaN
  16 | 12,73 | 298,810 | 754,57 | 864,61 | 759,66 |  0,00 | 1,398 | 44,35 | 44,35 |  0,00 | 53,336 | 346,56 | 346,56 | 31,32 | 1312,096 | 241,33 | 351,37 |  0,00 | 149,356 | 122,33 | 122,33 | 394,220 |   NaN | NaN | 0,00 | 0,00 | NaN
  17 | 12,24 | 296,167 | 754,05 | 859,22 | 759,18 |  0,00 | 1,411 | 44,35 | 44,35 |  0,00 | 48,739 | 345,45 | 345,45 | 30,30 | 1302,686 | 241,92 | 347,09 |  0,00 | 147,945 | 122,33 | 122,33 | 391,448 |   NaN | NaN | 0,00 | 0,00 | NaN
  18 | 11,91 | 286,051 | 755,07 | 857,17 | 759,35 |  0,00 | 1,388 | 44,35 | 44,35 |  0,00 | 10,076 | 344,90 | 344,90 | 29,54 | 1256,858 | 243,49 | 345,59 |  0,00 | 319,135 | 122,33 | 122,33 | 985,441 |   NaN | NaN | 0,00 | 0,00 | NaN
  19 | 11,18 | 287,584 | 755,76 | 850,88 | 760,04 |  0,00 | 1,379 | 44,35 | 44,35 |  0,00 | 23,206 | 340,11 | 340,11 | 27,64 | 1235,366 | 248,97 | 344,08 |  0,00 | 257,069 | 122,33 | 122,33 | 798,243 |   NaN | NaN | 0,00 | 0,00 | NaN
  20 | 11,35 | 283,220 | 755,24 | 851,97 | 759,50 |  0,00 | 1,374 | 44,35 | 44,35 |  0,00 | 14,053 | 344,88 | 344,88 | 28,42 | 1243,656 | 243,69 | 340,42 |  0,00 | 294,405 | 122,33 | 122,33 | 910,432 |   NaN | NaN | 0,00 | 0,00 | NaN
  21 | 11,11 | 287,896 | 751,99 | 845,99 | 757,29 |  0,00 | 1,379 | 44,35 | 44,35 |  0,00 | 54,869 | 340,86 | 340,86 | 27,77 | 1241,866 | 244,45 | 338,45 |  0,00 | 139,191 | 122,33 | 122,33 | 304,238 |   NaN | NaN | 0,00 | 0,00 | NaN
  22 | 12,55 | 293,364 | 755,45 | 863,90 | 759,85 |  0,00 | 1,417 | 44,35 | 44,35 |  0,00 | 34,488 | 353,81 | 353,81 | 31,58 | 1328,780 | 234,97 | 343,42 |  0,00 | 220,136 | 122,33 | 122,33 | 686,679 |   NaN | NaN | 0,00 | 0,00 | NaN
  23 | 12,36 | 286,243 | 754,09 | 860,45 | 758,36 |  0,00 | 1,399 | 44,35 | 44,35 |  0,00 | 19,600 | 347,01 | 347,01 | 30,67 | 1270,217 | 240,40 | 346,76 |  0,00 | 276,845 | 122,33 | 122,33 | 857,586 |   NaN | NaN | 0,00 | 0,00 | NaN
  24 | 12,19 | 298,081 | 754,48 | 859,27 | 759,45 |  0,00 | 1,361 | 44,35 | 44,35 |  0,00 | 47,863 | 345,62 | 345,62 | 30,20 | 1309,576 | 242,18 | 346,97 |  0,00 | 156,977 | 122,33 | 122,33 | 448,204 |   NaN | NaN | 0,00 | 0,00 | NaN
  25 | 13,33 | 299,461 | 753,22 | 869,10 | 758,54 |  0,00 | 1,418 | 44,35 | 44,35 |  0,00 | 56,982 | 345,61 | 345,61 | 32,48 | 1312,707 | 240,93 | 356,81 |  0,00 | 140,126 | 122,33 | 122,33 | 324,036 |   NaN | NaN | 0,00 | 0,00 | NaN
  26 | 11,87 | 291,655 | 754,28 | 855,88 | 759,61 |  0,00 | 1,415 | 44,35 | 44,35 |  0,00 | 56,620 | 343,80 | 343,80 | 29,42 | 1262,665 | 243,80 | 345,40 |  0,00 | 139,334 | 122,33 | 122,33 | 309,396 |   NaN | NaN | 0,00 | 0,00 | NaN
  27 | 11,12 | 285,720 | 755,59 | 850,16 | 759,86 |  0,00 | 1,341 | 44,35 | 44,35 |  0,00 | 11,777 | 344,96 | 344,96 | 27,94 | 1250,984 | 243,94 | 338,51 |  0,00 | 318,044 | 122,33 | 122,33 | 982,584 |   NaN | NaN | 0,00 | 0,00 | NaN
  28 | 11,44 | 286,850 | 753,61 | 850,98 | 757,87 |  0,00 | 1,408 | 44,35 | 44,35 |  0,00 | 14,942 | 344,63 | 344,63 | 28,66 | 1267,620 | 242,30 | 339,67 |  0,00 | 283,439 | 122,33 | 122,33 | 877,403 |   NaN | NaN | 0,00 | 0,00 | NaN
  29 | 12,04 | 285,534 | 756,28 | 859,83 | 760,56 |  0,00 | 1,387 | 44,35 | 44,35 |  0,00 | 16,738 | 347,63 | 347,63 | 29,97 | 1260,726 | 241,97 | 345,52 |  0,00 | 293,195 | 122,33 | 122,33 | 906,556 |   NaN | NaN | 0,00 | 0,00 | NaN
  30 | 10,95 | 289,395 | 755,81 | 848,72 | 760,12 |  0,00 | 1,417 | 44,35 | 44,35 |  0,00 | 14,803 | 339,54 | 339,54 | 27,13 | 1239,384 | 249,59 | 342,50 |  0,00 | 306,065 | 122,33 | 122,33 | 945,388 |   NaN | NaN | 0,00 | 0,00 | NaN
  31 | 11,73 | 288,218 | 754,10 | 854,34 | 758,35 |  0,00 | 1,384 | 44,35 | 44,35 |  0,00 | 17,552 | 343,99 | 343,99 | 29,17 | 1267,977 | 243,43 | 343,67 |  0,00 | 272,546 | 122,33 | 122,33 | 844,658 |   NaN | NaN | 0,00 | 0,00 | NaN
  32 | 11,35 | 285,987 | 754,73 | 851,37 | 758,99 |  0,00 | 1,341 | 44,35 | 44,35 |  0,00 | 16,146 | 341,17 | 341,17 | 28,13 | 1240,032 | 246,88 | 343,53 |  0,00 | 284,102 | 122,33 | 122,33 | 879,408 |   NaN | NaN | 0,00 | 0,00 | NaN
  33 | 11,38 | 284,077 | 756,47 | 853,62 | 760,74 |  0,00 | 1,406 | 44,35 | 44,35 |  0,00 | 11,549 | 340,73 | 340,73 | 28,06 | 1223,457 | 249,05 | 346,21 |  0,00 | 302,529 | 122,33 | 122,33 | 934,643 |   NaN | NaN | 0,00 | 0,00 | NaN
  34 | 10,78 | 283,452 | 755,34 | 846,61 | 759,61 |  0,00 | 1,397 | 44,35 | 44,35 |  0,00 | 9,097 | 342,76 | 342,76 | 27,07 | 1231,482 | 245,91 | 337,17 |  0,00 | 327,801 | 122,33 | 122,33 | 1012,448 |   NaN | NaN | 0,00 | 0,00 | NaN
  35 | 12,09 | 281,168 | 756,77 | 860,81 | 761,05 |  0,00 | 1,346 | 44,35 | 44,35 |  0,00 | 7,462 | 347,47 | 347,47 | 30,01 | 1235,815 | 242,62 | 346,66 |  0,00 | 348,310 | 122,33 | 122,33 | 1073,645 |   NaN | NaN | 0,00 | 0,00 | NaN
  36 | 11,23 | 285,530 | 755,81 | 851,40 | 760,08 |  0,00 | 1,400 | 44,35 | 44,35 |  0,00 | 9,532 | 338,70 | 338,70 | 27,63 | 1221,251 | 250,43 | 346,02 |  0,00 | 319,317 | 122,33 | 122,33 | 986,225 |   NaN | NaN | 0,00 | 0,00 | NaN
  37 | 12,53 | 289,491 | 755,99 | 864,24 | 760,25 |  0,00 | 1,382 | 44,35 | 44,35 |  0,00 | 14,117 | 351,21 | 351,21 | 31,26 | 1305,315 | 238,10 | 346,35 |  0,00 | 287,796 | 122,33 | 122,33 | 890,348 |   NaN | NaN | 0,00 | 0,00 | NaN
  38 | 11,60 | 282,056 | 756,33 | 855,57 | 760,59 |  0,00 | 1,374 | 44,35 | 44,35 |  0,00 | 15,064 | 346,88 | 346,88 | 29,02 | 1238,691 | 242,77 | 342,01 |  0,00 | 306,777 | 122,33 | 122,33 | 947,606 |   NaN | NaN | 0,00 | 0,00 | NaN
  39 | 11,14 | 288,211 | 753,86 | 848,42 | 758,17 |  0,00 | 1,417 | 44,35 | 44,35 |  0,00 | 15,494 | 341,89 | 341,89 | 27,82 | 1252,988 | 245,29 | 339,85 |  0,00 | 302,842 | 122,33 | 122,33 | 935,727 |   NaN | NaN | 0,00 | 0,00 | NaN
  40 | 11,25 | 282,585 | 754,37 | 850,04 | 758,70 |  0,00 | 1,417 | 44,35 | 44,35 |  0,00 | 11,032 | 342,10 | 342,10 | 28,03 | 1228,617 | 245,59 | 341,26 |  0,00 | 316,480 | 122,33 | 122,33 | 977,446 |   NaN | NaN | 0,00 | 0,00 | NaN
  41 | 12,48 | 289,761 | 753,59 | 861,07 | 757,87 |  0,00 | 1,400 | 44,35 | 44,35 |  0,00 | 17,447 | 344,62 | 344,62 | 30,73 | 1277,120 | 242,29 | 349,78 |  0,00 | 283,290 | 122,33 | 122,33 | 876,916 |   NaN | NaN | 0,00 | 0,00 | NaN
  42 | 12,23 | 289,904 | 753,46 | 858,44 | 757,71 |  0,00 | 1,346 | 44,35 | 44,35 |  0,00 | 15,311 | 344,73 | 344,73 | 30,25 | 1282,094 | 242,05 | 347,02 |  0,00 | 285,163 | 122,33 | 122,33 | 882,588 |   NaN | NaN | 0,00 | 0,00 | NaN
  43 | 12,31 | 290,030 | 754,82 | 860,76 | 759,13 |  0,00 | 1,424 | 44,35 | 44,35 |  0,00 | 11,761 | 345,73 | 345,73 | 30,41 | 1284,411 | 242,41 | 348,36 |  0,00 | 295,939 | 122,33 | 122,33 | 914,982 |   NaN | NaN | 0,00 | 0,00 | NaN
  44 | 12,60 | 289,316 | 754,94 | 863,73 | 759,20 |  0,00 | 1,337 | 44,35 | 44,35 |  0,00 | 18,064 | 346,08 | 346,08 | 31,00 | 1276,249 | 242,19 | 350,98 |  0,00 | 284,682 | 122,33 | 122,33 | 881,116 |   NaN | NaN | 0,00 | 0,00 | NaN
  45 | 12,34 | 290,666 | 754,79 | 861,00 | 759,08 |  0,00 | 1,421 | 44,35 | 44,35 |  0,00 | 17,387 | 352,92 | 352,92 | 31,11 | 1321,954 | 235,19 | 341,40 |  0,00 | 283,689 | 122,33 | 122,33 | 878,049 |   NaN | NaN | 0,00 | 0,00 | NaN
  46 | 11,56 | 282,285 | 753,69 | 852,22 | 757,95 |  0,00 | 1,360 | 44,35 | 44,35 |  0,00 | 10,833 | 339,51 | 339,51 | 28,47 | 1221,683 | 247,50 | 346,03 |  0,00 | 299,201 | 122,33 | 122,33 | 924,855 |   NaN | NaN | 0,00 | 0,00 | NaN
  47 | 10,88 | 287,511 | 756,16 | 848,49 | 760,43 |  0,00 | 1,358 | 44,35 | 44,35 |  0,00 | 18,234 | 344,23 | 344,23 | 27,35 | 1257,923 | 245,25 | 337,58 |  0,00 | 268,592 | 122,33 | 122,33 | 832,894 |   NaN | NaN | 0,00 | 0,00 | NaN
  48 | 11,24 | 279,654 | 753,47 | 848,92 | 757,74 |  0,00 | 1,387 | 44,35 | 44,35 |  0,00 | 13,037 | 340,77 | 340,77 | 27,95 | 1216,522 | 246,02 | 341,47 |  0,00 | 288,016 | 122,33 | 122,33 | 890,994 |   NaN | NaN | 0,00 | 0,00 | NaN
  49 | 10,95 | 287,596 | 755,28 | 848,16 | 759,57 |  0,00 | 1,400 | 44,35 | 44,35 |  0,00 | 16,832 | 340,52 | 340,52 | 27,24 | 1243,470 | 248,08 | 340,96 |  0,00 | 274,507 | 122,33 | 122,33 | 850,529 |   NaN | NaN | 0,00 | 0,00 | NaN
  50 | 11,66 | 288,602 | 755,00 | 854,62 | 759,27 |  0,00 | 1,354 | 44,35 | 44,35 |  0,00 | 15,740 | 346,32 | 346,32 | 29,16 | 1275,201 | 241,99 | 341,61 |  0,00 | 292,139 | 122,33 | 122,33 | 903,479 |   NaN | NaN | 0,00 | 0,00 | NaN
  51 | 11,35 | 287,591 | 754,45 | 851,03 | 758,70 |  0,00 | 1,352 | 44,35 | 44,35 |  0,00 | 19,431 | 340,72 | 340,72 | 28,11 | 1242,044 | 247,05 | 343,63 |  0,00 | 280,880 | 122,33 | 122,33 | 869,762 |   NaN | NaN | 0,00 | 0,00 | NaN
  52 | 11,66 | 289,774 | 754,57 | 854,17 | 758,83 |  0,00 | 1,378 | 44,35 | 44,35 |  0,00 | 15,227 | 340,62 | 340,62 | 28,71 | 1255,171 | 247,27 | 346,86 |  0,00 | 287,291 | 122,33 | 122,33 | 888,895 |   NaN | NaN | 0,00 | 0,00 | NaN
  53 | 11,97 | 293,333 | 754,61 | 857,18 | 758,86 |  0,00 | 1,366 | 44,35 | 44,35 |  0,00 | 12,371 | 343,44 | 343,44 | 29,55 | 1288,025 | 244,49 | 347,06 |  0,00 | 295,849 | 122,33 | 122,33 | 914,550 |   NaN | NaN | 0,00 | 0,00 | NaN
  54 | 10,99 | 287,494 | 755,29 | 848,50 | 759,56 |  0,00 | 1,368 | 44,35 | 44,35 |  0,00 | 20,598 | 344,71 | 344,71 | 27,65 | 1256,539 | 243,90 | 337,11 |  0,00 | 282,676 | 122,33 | 122,33 | 875,100 |   NaN | NaN | 0,00 | 0,00 | NaN
  55 | 11,57 | 288,138 | 756,31 | 855,27 | 760,59 |  0,00 | 1,353 | 44,35 | 44,35 |  0,00 | 11,105 | 342,84 | 342,84 | 28,62 | 1252,772 | 246,80 | 345,76 |  0,00 | 309,021 | 122,33 | 122,33 | 954,711 |   NaN | NaN | 0,00 | 0,00 | NaN
  56 | 11,19 | 283,778 | 753,45 | 848,39 | 757,72 |  0,00 | 1,359 | 44,35 | 44,35 |  0,00 | 13,425 | 342,67 | 342,67 | 28,00 | 1246,113 | 244,11 | 339,05 |  0,00 | 282,029 | 122,33 | 122,33 | 873,141 |   NaN | NaN | 0,00 | 0,00 | NaN
  57 | 11,40 | 284,990 | 755,81 | 853,10 | 760,10 |  0,00 | 1,356 | 44,35 | 44,35 |  0,00 | 16,132 | 342,36 | 342,36 | 28,28 | 1239,851 | 246,76 | 344,05 |  0,00 | 274,092 | 122,33 | 122,33 | 849,151 |   NaN | NaN | 0,00 | 0,00 | NaN
  58 | 11,81 | 288,108 | 754,45 | 855,51 | 758,70 |  0,00 | 1,385 | 44,35 | 44,35 |  0,00 | 16,378 | 345,70 | 345,70 | 29,45 | 1277,899 | 242,07 | 343,13 |  0,00 | 267,845 | 122,33 | 122,33 | 830,632 |   NaN | NaN | 0,00 | 0,00 | NaN
  59 | 12,14 | 285,227 | 756,86 | 861,42 | 761,14 |  0,00 | 1,404 | 44,35 | 44,35 |  0,00 | 8,762 | 343,54 | 343,54 | 29,77 | 1236,181 | 246,64 | 351,20 |  0,00 | 336,085 | 122,33 | 122,33 | 1036,374 |   NaN | NaN | 0,00 | 0,00 | NaN
  60 | 11,73 | 286,857 | 755,35 | 855,71 | 759,61 |  0,00 | 1,339 | 44,35 | 44,35 |  0,00 | 17,483 | 345,46 | 345,46 | 29,21 | 1260,888 | 243,22 | 343,57 |  0,00 | 284,217 | 122,33 | 122,33 | 879,713 |   NaN | NaN | 0,00 | 0,00 | NaN
  61 | 12,33 | 290,705 | 754,87 | 860,99 | 759,12 |  0,00 | 1,361 | 44,35 | 44,35 |  0,00 | 12,790 | 347,81 | 347,81 | 30,63 | 1298,029 | 240,38 | 346,51 |  0,00 | 293,653 | 122,33 | 122,33 | 908,093 |   NaN | NaN | 0,00 | 0,00 | NaN
  62 | 12,07 | 285,789 | 754,37 | 857,90 | 758,67 |  0,00 | 1,423 | 44,35 | 44,35 |  0,00 | 17,151 | 344,57 | 344,57 | 29,87 | 1255,661 | 243,11 | 346,65 |  0,00 | 282,605 | 122,33 | 122,33 | 874,937 |   NaN | NaN | 0,00 | 0,00 | NaN
  63 | 12,04 | 286,072 | 755,72 | 859,15 | 760,00 |  0,00 | 1,378 | 44,35 | 44,35 |  0,00 | 13,340 | 348,71 | 348,71 | 30,09 | 1273,888 | 240,33 | 343,77 |  0,00 | 300,606 | 122,33 | 122,33 | 929,166 |   NaN | NaN | 0,00 | 0,00 | NaN
  64 | 11,00 | 285,055 | 755,67 | 849,05 | 759,97 |  0,00 | 1,421 | 44,35 | 44,35 |  0,00 | 15,732 | 342,23 | 342,23 | 27,45 | 1235,699 | 246,76 | 340,14 |  0,00 | 289,746 | 122,33 | 122,33 | 896,268 |   NaN | NaN | 0,00 | 0,00 | NaN

= = = = = = = = = = = = AVERAGE RESULTS system = = = = = = = = = = = =
meanPLR_system | 11,811616 
meanDelay_system | 289,176988 
meanLoad_system | 855,842887 
meanTHR_system | 754,724426 
meanGate_system | 759,231582 

meanPLR_EF_system | 0,000000 
meanPLR_AF_system | 0,000000 
meanPLR_BE_system | 29,350090 
meanPLR_FLA_system | 0,000000 
meanPLR_FLB_system | NaN 

meanTHR_EF_system | 44,352002 
meanTHR_AF_system | 344,750793 
meanTHR_BE_system | 243,293685 
meanTHR_FLA_system | 125,535779 
meanTHR_FLB_system | 0,000000 

meanLoad_EF_system | 44,352002 
meanLoad_AF_system | 344,750793 
meanLoad_BE_system | 344,412145 
meanLoad_FLA_system | 125,535779 
meanLoad_FLB_system | 0,000000 

meanDELAY_EF_system | 1,382871 
meanDELAY_AF_system | 25,815731 
meanDELAY_BE_system | 1268,573386 
meanDELAY_FLA_system | 249,782137 
meanDELAY_FLB_system | NaN 
meanDELAY_CompleteFLA_system | 751,704450 
meanDELAY_CompleteFLB_system | NaN 

= = = = = = = = = = = = AVERAGE RESULTS = = = = = = = = = = = =
Packet Loss Ratio: 11,82 (%)
PROCESSED PACKAGES: 1365903101 
DISCARTED PACKAGES: 118939727 
TOTAL PACKAGES: 1484842828 
AVERAGE DELAY: 52568,32 (ms) 
AVERAGE THROUGHPUT: 754,72 (Mbps) 
GRANTED THROUGHPUT: 48590,82 (Mbps) By 64 ONUs
EFFECTIVE THROUGHPUT: 48302,36 (Mbps) By 64 ONUs
TOTAL LOAD: 54773,94 (Mbps) By 64 ONUs
ON Arrival THROUGHPUT: 0,00 (Mbps) By 64 ONUs
FINISHTIMEFL: 114,402445 
FINISHTIME: 117,402445 


fileName | IPACT_LBVARIBLETOKENSBYCYCLE_1_68_92_0 
