
ONU ID 	|  PLR(%) | Delay(ms) | Throughput(Mbps) | Granted Throughput(Mbps) | Total Load (Mbps) 

  ID |  PLR(%) |  D  | Thr |  Gates  |  Load  | PLR-EF | D-EF | ThrEF | LoadEF | PLR-AF | D-AF | ThrAF | LoadAF | PLR-BE | D-BE | ThrBE | LoadBE | PLR-FA | D-FA | ThrFA | LoadFA | DTFA |  PLR-FB | D-FB | ThrFB | LoadFB | DTFB | 
   1 |  0,00 | 0,948 | 653,82 | 653,82 | 680,19 |  0,00 | 0,278 | 44,35 | 44,35 |  0,00 | 0,718 | 285,18 | 285,18 |  0,00 | 0,866 | 277,02 | 277,02 |  0,00 | 17,927 | 47,27 | 47,27 | 59,347 |   NaN | NaN | 0,00 | 0,00 | NaN
   2 |  0,00 | 3,004 | 655,38 | 655,38 | 684,63 |  0,00 | 0,290 | 44,35 | 44,35 |  0,00 | 0,323 | 283,04 | 283,04 |  0,00 | 0,398 | 280,72 | 280,72 |  0,00 | 116,965 | 47,27 | 47,27 | 251,569 |   NaN | NaN | 0,00 | 0,00 | NaN
   3 |  0,00 | 2,815 | 650,53 | 650,53 | 674,85 |  0,00 | 0,227 | 44,35 | 44,35 |  0,00 | 0,250 | 280,56 | 280,56 |  0,00 | 0,436 | 278,36 | 278,36 |  0,00 | 109,953 | 47,27 | 47,27 | 228,651 |   NaN | NaN | 0,00 | 0,00 | NaN
   4 |  0,00 | 0,881 | 658,17 | 658,17 | 682,83 |  0,00 | 0,232 | 44,35 | 44,35 |  0,00 | 0,600 | 286,03 | 286,03 |  0,00 | 0,852 | 280,52 | 280,52 |  0,00 | 17,467 | 47,27 | 47,27 | 55,537 |   NaN | NaN | 0,00 | 0,00 | NaN
   5 |  0,00 | 6,351 | 653,26 | 653,26 | 677,83 |  0,00 | 0,258 | 44,35 | 44,35 |  0,00 | 0,272 | 281,06 | 281,06 |  0,00 | 0,399 | 280,58 | 280,58 |  0,00 | 263,583 | 47,27 | 47,27 | 463,714 |   NaN | NaN | 0,00 | 0,00 | NaN
   6 |  0,00 | 2,961 | 658,02 | 658,02 | 682,34 |  0,00 | 0,206 | 44,35 | 44,35 |  0,00 | 0,222 | 284,50 | 284,50 |  0,00 | 0,453 | 281,90 | 281,90 |  0,00 | 117,575 | 47,27 | 47,27 | 262,415 |   NaN | NaN | 0,00 | 0,00 | NaN
   7 |  0,00 | 1,266 | 654,02 | 654,02 | 678,36 |  0,00 | 0,225 | 44,35 | 44,35 |  0,00 | 0,243 | 281,90 | 281,90 |  0,00 | 0,435 | 280,51 | 280,51 |  0,00 | 42,975 | 47,27 | 47,27 | 106,882 |   NaN | NaN | 0,00 | 0,00 | NaN
   8 |  0,00 | 2,942 | 655,24 | 655,24 | 680,90 |  0,00 | 0,275 | 44,35 | 44,35 |  0,00 | 0,296 | 280,21 | 280,21 |  0,00 | 0,373 | 283,42 | 283,42 |  0,00 | 115,172 | 47,27 | 47,27 | 258,372 |   NaN | NaN | 0,00 | 0,00 | NaN
   9 |  0,00 | 1,521 | 657,20 | 657,20 | 681,55 |  0,00 | 0,215 | 44,35 | 44,35 |  0,00 | 0,226 | 283,96 | 283,96 |  0,00 | 0,468 | 281,62 | 281,62 |  0,00 | 54,300 | 47,27 | 47,27 | 127,366 |   NaN | NaN | 0,00 | 0,00 | NaN
  10 |  0,00 | 1,012 | 652,54 | 652,54 | 678,47 |  0,00 | 0,276 | 44,35 | 44,35 |  0,00 | 0,685 | 280,73 | 280,73 |  0,00 | 0,862 | 280,20 | 280,20 |  0,00 | 21,165 | 47,27 | 47,27 | 61,731 |   NaN | NaN | 0,00 | 0,00 | NaN
  11 |  0,00 | 11,526 | 651,78 | 651,78 | 676,12 |  0,00 | 0,215 | 44,35 | 44,35 |  0,00 | 0,466 | 278,07 | 278,07 |  0,00 | 0,872 | 282,09 | 282,09 |  0,00 | 481,390 | 47,27 | 47,27 | 999,933 |   NaN | NaN | 0,00 | 0,00 | NaN
  12 |  0,00 | 3,307 | 652,79 | 652,79 | 678,83 |  0,00 | 0,278 | 44,35 | 44,35 |  0,00 | 0,286 | 279,98 | 279,98 |  0,00 | 0,376 | 281,19 | 281,19 |  0,00 | 130,813 | 47,27 | 47,27 | 276,545 |   NaN | NaN | 0,00 | 0,00 | NaN
  13 |  0,00 | 2,993 | 648,98 | 648,98 | 673,34 |  0,00 | 0,242 | 44,35 | 44,35 |  0,00 | 0,274 | 279,21 | 279,21 |  0,00 | 0,416 | 278,15 | 278,15 |  0,00 | 117,136 | 47,27 | 47,27 | 251,880 |   NaN | NaN | 0,00 | 0,00 | NaN
  14 |  0,00 | 6,039 | 655,93 | 655,93 | 683,21 |  0,00 | 0,283 | 44,35 | 44,35 |  0,00 | 0,300 | 281,38 | 281,38 |  0,00 | 0,367 | 282,93 | 282,93 |  0,00 | 250,166 | 47,27 | 47,27 | 442,565 |   NaN | NaN | 0,00 | 0,00 | NaN
  15 |  0,00 | 1,247 | 652,54 | 652,54 | 678,59 |  0,00 | 0,277 | 44,35 | 44,35 |  0,00 | 0,297 | 277,46 | 277,46 |  0,00 | 0,388 | 283,47 | 283,47 |  0,00 | 40,975 | 47,27 | 47,27 | 107,660 |   NaN | NaN | 0,00 | 0,00 | NaN
  16 |  0,00 | 1,935 | 661,57 | 661,57 | 686,49 |  0,00 | 0,269 | 44,35 | 44,35 |  0,00 | 0,284 | 282,88 | 282,88 |  0,00 | 0,376 | 287,07 | 287,07 |  0,00 | 71,910 | 47,27 | 47,27 | 164,006 |   NaN | NaN | 0,00 | 0,00 | NaN
  17 |  0,00 | 1,862 | 657,42 | 657,42 | 684,24 |  0,00 | 0,282 | 44,35 | 44,35 |  0,00 | 0,292 | 283,54 | 283,54 |  0,00 | 0,368 | 282,26 | 282,26 |  0,00 | 68,211 | 47,27 | 47,27 | 155,704 |   NaN | NaN | 0,00 | 0,00 | NaN
  18 |  0,00 | 8,394 | 650,87 | 650,87 | 675,37 |  0,00 | 0,258 | 44,35 | 44,35 |  0,00 | 0,366 | 278,71 | 278,71 |  0,00 | 0,459 | 280,54 | 280,54 |  0,00 | 349,958 | 47,27 | 47,27 | 870,900 |   NaN | NaN | 0,00 | 0,00 | NaN
  19 |  0,00 | 10,056 | 647,50 | 647,50 | 671,93 |  0,00 | 0,249 | 44,35 | 44,35 |  0,00 | 0,459 | 277,11 | 277,11 |  0,00 | 0,573 | 278,77 | 278,77 |  0,00 | 418,697 | 47,27 | 47,27 | 768,133 |   NaN | NaN | 0,00 | 0,00 | NaN
  20 |  0,00 | 11,185 | 650,75 | 650,75 | 675,12 |  0,00 | 0,245 | 44,35 | 44,35 |  0,00 | 0,342 | 282,11 | 282,11 |  0,00 | 1,207 | 277,02 | 277,02 |  0,00 | 463,373 | 47,27 | 47,27 | 995,062 |   NaN | NaN | 0,00 | 0,00 | NaN
  21 |  0,00 | 0,869 | 643,82 | 643,82 | 668,22 |  0,00 | 0,249 | 44,35 | 44,35 |  0,00 | 0,310 | 276,13 | 276,13 |  0,00 | 0,522 | 276,07 | 276,07 |  0,00 | 23,285 | 47,27 | 47,27 | 67,535 |   NaN | NaN | 0,00 | 0,00 | NaN
  22 |  0,00 | 7,101 | 659,24 | 659,24 | 687,73 |  0,00 | 0,288 | 44,35 | 44,35 |  0,00 | 0,305 | 287,66 | 287,66 |  0,00 | 0,364 | 279,95 | 279,95 |  0,00 | 297,225 | 47,27 | 47,27 | 519,140 |   NaN | NaN | 0,00 | 0,00 | NaN
  23 |  0,00 | 11,649 | 655,12 | 655,12 | 680,13 |  0,00 | 0,270 | 44,35 | 44,35 |  0,00 | 0,646 | 282,14 | 282,14 |  0,00 | 0,757 | 281,36 | 281,36 |  0,00 | 486,348 | 47,27 | 47,27 | 938,378 |   NaN | NaN | 0,00 | 0,00 | NaN
  24 |  0,00 | 2,978 | 654,67 | 654,67 | 679,02 |  0,00 | 0,232 | 44,35 | 44,35 |  0,00 | 0,246 | 280,77 | 280,77 |  0,00 | 0,456 | 282,28 | 282,28 |  0,00 | 117,147 | 47,27 | 47,27 | 252,124 |   NaN | NaN | 0,00 | 0,00 | NaN
  25 |  0,00 | 1,208 | 659,26 | 659,26 | 688,16 |  0,00 | 0,289 | 44,35 | 44,35 |  0,00 | 0,300 | 281,40 | 281,40 |  0,00 | 0,358 | 286,25 | 286,25 |  0,00 | 39,584 | 47,27 | 47,27 | 101,892 |   NaN | NaN | 0,00 | 0,00 | NaN
  26 |  0,00 | 1,253 | 652,38 | 652,38 | 680,13 |  0,00 | 0,285 | 44,35 | 44,35 |  0,00 | 0,290 | 281,60 | 281,60 |  0,00 | 0,366 | 279,16 | 279,16 |  0,00 | 41,396 | 47,27 | 47,27 | 99,936 |   NaN | NaN | 0,00 | 0,00 | NaN
  27 |  0,00 | 7,879 | 649,91 | 649,91 | 674,31 |  0,00 | 0,212 | 44,35 | 44,35 |  0,00 | 0,249 | 281,06 | 281,06 |  0,00 | 0,537 | 277,23 | 277,23 |  0,00 | 328,716 | 47,27 | 47,27 | 839,840 |   NaN | NaN | 0,00 | 0,00 | NaN
  28 |  0,00 | 11,893 | 648,41 | 648,41 | 674,54 |  0,00 | 0,278 | 44,35 | 44,35 |  0,00 | 0,717 | 280,13 | 280,13 |  0,00 | 1,134 | 276,67 | 276,67 |  0,00 | 488,907 | 47,27 | 47,27 | 947,393 |   NaN | NaN | 0,00 | 0,00 | NaN
  29 |  0,00 | 11,802 | 657,51 | 657,51 | 682,02 |  0,00 | 0,258 | 44,35 | 44,35 |  0,00 | 0,546 | 282,68 | 282,68 |  0,00 | 1,194 | 283,21 | 283,21 |  0,00 | 490,607 | 47,27 | 47,27 | 994,086 |   NaN | NaN | 0,00 | 0,00 | NaN
  30 |  0,00 | 10,193 | 650,44 | 650,44 | 679,05 |  0,00 | 0,288 | 44,35 | 44,35 |  0,00 | 0,445 | 278,46 | 278,46 |  0,00 | 1,108 | 280,36 | 280,36 |  0,00 | 419,086 | 47,27 | 47,27 | 955,604 |   NaN | NaN | 0,00 | 0,00 | NaN
  31 |  0,00 | 11,754 | 652,32 | 652,32 | 676,76 |  0,00 | 0,255 | 44,35 | 44,35 |  0,00 | 0,452 | 282,84 | 282,84 |  0,00 | 1,107 | 277,85 | 277,85 |  0,00 | 488,444 | 47,27 | 47,27 | 944,746 |   NaN | NaN | 0,00 | 0,00 | NaN
  32 |  0,00 | 11,572 | 656,17 | 656,17 | 680,54 |  0,00 | 0,211 | 44,35 | 44,35 |  0,00 | 0,445 | 282,00 | 282,00 |  0,00 | 1,416 | 282,55 | 282,55 |  0,00 | 479,527 | 47,27 | 47,27 | 999,977 |   NaN | NaN | 0,00 | 0,00 | NaN
  33 |  0,00 | 10,949 | 651,71 | 651,71 | 677,53 |  0,00 | 0,277 | 44,35 | 44,35 |  0,00 | 0,553 | 280,14 | 280,14 |  0,00 | 1,271 | 279,96 | 279,96 |  0,00 | 449,710 | 47,27 | 47,27 | 986,446 |   NaN | NaN | 0,00 | 0,00 | NaN
  34 |  0,00 | 6,334 | 650,46 | 650,46 | 675,33 |  0,00 | 0,268 | 44,35 | 44,35 |  0,00 | 0,290 | 280,08 | 280,08 |  0,00 | 0,413 | 278,76 | 278,76 |  0,00 | 261,612 | 47,27 | 47,27 | 695,196 |   NaN | NaN | 0,00 | 0,00 | NaN
  35 |  0,00 | 5,128 | 658,43 | 658,43 | 682,79 |  0,00 | 0,217 | 44,35 | 44,35 |  0,00 | 0,234 | 283,63 | 283,63 |  0,00 | 0,435 | 283,19 | 283,19 |  0,00 | 212,209 | 47,27 | 47,27 | 527,292 |   NaN | NaN | 0,00 | 0,00 | NaN
  36 |  0,00 | 7,207 | 651,96 | 651,96 | 677,07 |  0,00 | 0,270 | 44,35 | 44,35 |  0,00 | 0,338 | 277,46 | 277,46 |  0,00 | 0,465 | 282,89 | 282,89 |  0,00 | 298,742 | 47,27 | 47,27 | 784,867 |   NaN | NaN | 0,00 | 0,00 | NaN
  37 |  0,00 | 11,459 | 658,63 | 658,63 | 683,07 |  0,00 | 0,253 | 44,35 | 44,35 |  0,00 | 0,581 | 284,93 | 284,93 |  0,00 | 0,953 | 282,08 | 282,08 |  0,00 | 478,495 | 47,27 | 47,27 | 1000,212 |   NaN | NaN | 0,00 | 0,00 | NaN
  38 |  0,00 | 9,379 | 657,36 | 657,36 | 681,77 |  0,00 | 0,244 | 44,35 | 44,35 |  0,00 | 0,291 | 283,90 | 283,90 |  0,00 | 0,498 | 281,85 | 281,85 |  0,00 | 395,683 | 47,27 | 47,27 | 929,532 |   NaN | NaN | 0,00 | 0,00 | NaN
  39 |  0,00 | 10,964 | 645,42 | 645,42 | 673,95 |  0,00 | 0,288 | 44,35 | 44,35 |  0,00 | 0,385 | 277,92 | 277,92 |  0,00 | 0,703 | 275,88 | 275,88 |  0,00 | 455,672 | 47,27 | 47,27 | 990,630 |   NaN | NaN | 0,00 | 0,00 | NaN
  40 |  0,00 | 8,170 | 647,87 | 647,87 | 676,38 |  0,00 | 0,288 | 44,35 | 44,35 |  0,00 | 0,393 | 280,38 | 280,38 |  0,00 | 0,484 | 275,87 | 275,87 |  0,00 | 338,144 | 47,27 | 47,27 | 851,983 |   NaN | NaN | 0,00 | 0,00 | NaN
  41 |  0,00 | 12,026 | 657,94 | 657,94 | 683,15 |  0,00 | 0,271 | 44,35 | 44,35 |  0,00 | 0,691 | 279,44 | 279,44 |  0,00 | 1,461 | 286,87 | 286,87 |  0,00 | 495,516 | 47,27 | 47,27 | 978,606 |   NaN | NaN | 0,00 | 0,00 | NaN
  42 |  0,00 | 11,620 | 660,30 | 660,30 | 684,67 |  0,00 | 0,217 | 44,35 | 44,35 |  0,00 | 0,407 | 284,22 | 284,22 |  0,00 | 0,791 | 284,46 | 284,46 |  0,00 | 490,735 | 47,27 | 47,27 | 993,803 |   NaN | NaN | 0,00 | 0,00 | NaN
  43 |  0,00 | 10,824 | 661,10 | 661,10 | 689,18 |  0,00 | 0,295 | 44,35 | 44,35 |  0,00 | 0,332 | 285,45 | 285,45 |  0,00 | 0,589 | 284,04 | 284,04 |  0,00 | 457,854 | 47,27 | 47,27 | 990,753 |   NaN | NaN | 0,00 | 0,00 | NaN
  44 |  0,00 | 11,843 | 657,44 | 657,44 | 681,75 |  0,00 | 0,207 | 44,35 | 44,35 |  0,00 | 0,430 | 281,71 | 281,71 |  0,00 | 1,176 | 284,11 | 284,11 |  0,00 | 494,850 | 47,27 | 47,27 | 969,543 |   NaN | NaN | 0,00 | 0,00 | NaN
  45 |  0,00 | 11,878 | 652,79 | 652,79 | 682,51 |  0,00 | 0,291 | 44,35 | 44,35 |  0,00 | 0,556 | 284,20 | 284,20 |  0,00 | 1,092 | 276,97 | 276,97 |  0,00 | 492,214 | 47,27 | 47,27 | 991,275 |   NaN | NaN | 0,00 | 0,00 | NaN
  46 |  0,00 | 11,032 | 653,40 | 653,40 | 677,74 |  0,00 | 0,231 | 44,35 | 44,35 |  0,00 | 0,364 | 279,02 | 279,02 |  0,00 | 0,709 | 282,77 | 282,77 |  0,00 | 463,262 | 47,27 | 47,27 | 995,844 |   NaN | NaN | 0,00 | 0,00 | NaN
  47 |  0,00 | 11,648 | 651,15 | 651,15 | 675,48 |  0,00 | 0,228 | 44,35 | 44,35 |  0,00 | 0,470 | 280,25 | 280,25 |  0,00 | 1,227 | 279,29 | 279,29 |  0,00 | 482,248 | 47,27 | 47,27 | 926,787 |   NaN | NaN | 0,00 | 0,00 | NaN
  48 |  0,00 | 11,901 | 651,42 | 651,42 | 675,94 |  0,00 | 0,258 | 44,35 | 44,35 |  0,00 | 0,626 | 280,20 | 280,20 |  0,00 | 0,868 | 279,60 | 279,60 |  0,00 | 494,978 | 47,27 | 47,27 | 970,007 |   NaN | NaN | 0,00 | 0,00 | NaN
  49 |  0,00 | 11,647 | 651,21 | 651,21 | 676,32 |  0,00 | 0,270 | 44,35 | 44,35 |  0,00 | 0,495 | 280,56 | 280,56 |  0,00 | 0,928 | 279,04 | 279,04 |  0,00 | 484,425 | 47,27 | 47,27 | 931,741 |   NaN | NaN | 0,00 | 0,00 | NaN
  50 |  0,00 | 10,854 | 653,60 | 653,60 | 677,98 |  0,00 | 0,225 | 44,35 | 44,35 |  0,00 | 0,369 | 281,94 | 281,94 |  0,00 | 0,887 | 280,04 | 280,04 |  0,00 | 453,830 | 47,27 | 47,27 | 989,894 |   NaN | NaN | 0,00 | 0,00 | NaN
  51 |  0,00 | 11,816 | 654,40 | 654,40 | 678,72 |  0,00 | 0,223 | 44,35 | 44,35 |  0,00 | 0,451 | 280,29 | 280,29 |  0,00 | 1,045 | 282,49 | 282,49 |  0,00 | 493,267 | 47,27 | 47,27 | 972,020 |   NaN | NaN | 0,00 | 0,00 | NaN
  52 |  0,00 | 11,940 | 654,35 | 654,35 | 678,78 |  0,00 | 0,249 | 44,35 | 44,35 |  0,00 | 0,491 | 277,65 | 277,65 |  0,00 | 1,337 | 285,08 | 285,08 |  0,00 | 494,296 | 47,27 | 47,27 | 984,423 |   NaN | NaN | 0,00 | 0,00 | NaN
  53 |  0,00 | 11,284 | 654,05 | 654,05 | 678,41 |  0,00 | 0,236 | 44,35 | 44,35 |  0,00 | 0,370 | 282,46 | 282,46 |  0,00 | 0,676 | 279,97 | 279,97 |  0,00 | 474,743 | 47,27 | 47,27 | 999,681 |   NaN | NaN | 0,00 | 0,00 | NaN
  54 |  0,00 | 11,864 | 649,54 | 649,54 | 673,90 |  0,00 | 0,239 | 44,35 | 44,35 |  0,00 | 0,600 | 280,79 | 280,79 |  0,00 | 1,025 | 277,13 | 277,13 |  0,00 | 491,399 | 47,27 | 47,27 | 987,934 |   NaN | NaN | 0,00 | 0,00 | NaN
  55 |  0,00 | 9,466 | 649,63 | 649,63 | 674,01 |  0,00 | 0,224 | 44,35 | 44,35 |  0,00 | 0,322 | 277,98 | 277,98 |  0,00 | 0,714 | 280,04 | 280,04 |  0,00 | 394,318 | 47,27 | 47,27 | 929,078 |   NaN | NaN | 0,00 | 0,00 | NaN
  56 |  0,00 | 11,936 | 648,62 | 648,62 | 672,98 |  0,00 | 0,230 | 44,35 | 44,35 |  0,00 | 0,455 | 278,77 | 278,77 |  0,00 | 1,137 | 278,22 | 278,22 |  0,00 | 494,636 | 47,27 | 47,27 | 970,831 |   NaN | NaN | 0,00 | 0,00 | NaN
  57 |  0,00 | 11,743 | 652,22 | 652,22 | 676,59 |  0,00 | 0,227 | 44,35 | 44,35 |  0,00 | 0,566 | 279,48 | 279,48 |  0,00 | 0,921 | 281,12 | 281,12 |  0,00 | 489,134 | 47,27 | 47,27 | 946,014 |   NaN | NaN | 0,00 | 0,00 | NaN
  58 |  0,00 | 11,698 | 656,02 | 656,02 | 680,50 |  0,00 | 0,255 | 44,35 | 44,35 |  0,00 | 0,515 | 283,10 | 283,10 |  0,00 | 0,876 | 281,30 | 281,30 |  0,00 | 489,387 | 47,27 | 47,27 | 950,539 |   NaN | NaN | 0,00 | 0,00 | NaN
  59 |  0,00 | 6,429 | 658,06 | 658,06 | 683,59 |  0,00 | 0,275 | 44,35 | 44,35 |  0,00 | 0,296 | 280,03 | 280,03 |  0,00 | 0,417 | 286,42 | 286,42 |  0,00 | 267,332 | 47,27 | 47,27 | 714,746 |   NaN | NaN | 0,00 | 0,00 | NaN
  60 |  0,00 | 11,739 | 653,02 | 653,02 | 677,38 |  0,00 | 0,209 | 44,35 | 44,35 |  0,00 | 0,347 | 281,60 | 281,60 |  0,00 | 0,634 | 279,80 | 279,80 |  0,00 | 495,345 | 47,27 | 47,27 | 979,994 |   NaN | NaN | 0,00 | 0,00 | NaN
  61 |  0,00 | 11,210 | 657,61 | 657,61 | 681,95 |  0,00 | 0,232 | 44,35 | 44,35 |  0,00 | 0,345 | 282,96 | 282,96 |  0,00 | 0,959 | 283,04 | 283,04 |  0,00 | 470,169 | 47,27 | 47,27 | 998,526 |   NaN | NaN | 0,00 | 0,00 | NaN
  62 |  0,00 | 11,822 | 656,42 | 656,42 | 686,64 |  0,00 | 0,293 | 44,35 | 44,35 |  0,00 | 0,531 | 281,62 | 281,62 |  0,00 | 0,791 | 283,19 | 283,19 |  0,00 | 494,943 | 47,27 | 47,27 | 970,068 |   NaN | NaN | 0,00 | 0,00 | NaN
  63 |  0,00 | 10,040 | 654,15 | 654,15 | 678,54 |  0,00 | 0,249 | 44,35 | 44,35 |  0,00 | 0,400 | 282,60 | 282,60 |  0,00 | 0,869 | 279,94 | 279,94 |  0,00 | 417,844 | 47,27 | 47,27 | 955,550 |   NaN | NaN | 0,00 | 0,00 | NaN
  64 |  0,00 | 11,911 | 648,18 | 648,18 | 678,12 |  0,00 | 0,292 | 44,35 | 44,35 |  0,00 | 0,526 | 278,36 | 278,36 |  0,00 | 1,046 | 278,20 | 278,20 |  0,00 | 492,425 | 47,27 | 47,27 | 990,323 |   NaN | NaN | 0,00 | 0,00 | NaN

= = = = = = = = = = = = AVERAGE RESULTS system = = = = = = = = = = = =
meanPLR_system | 0,000000 
meanDelay_system | 8,002499 
meanLoad_system | 653,687373 
meanTHR_system | 653,687373 
meanGate_system | 679,195835 

meanPLR_EF_system | 0,000000 
meanPLR_AF_system | 0,000000 
meanPLR_BE_system | 0,000000 
meanPLR_FLA_system | 0,000000 
meanPLR_FLB_system | NaN 

meanTHR_EF_system | 44,352004 
meanTHR_AF_system | 281,212108 
meanTHR_BE_system | 280,857566 
meanTHR_FLA_system | 48,163935 
meanTHR_FLB_system | 0,000000 

meanLoad_EF_system | 44,352004 
meanLoad_AF_system | 281,212108 
meanLoad_BE_system | 280,857566 
meanLoad_FLA_system | 48,163935 
meanLoad_FLB_system | 0,000000 

meanDELAY_EF_system | 0,253500 
meanDELAY_AF_system | 0,408943 
meanDELAY_BE_system | 0,744674 
meanDELAY_FLA_system | 330,146875 
meanDELAY_FLB_system | NaN 
meanDELAY_CompleteFLA_system | 694,105641 
meanDELAY_CompleteFLB_system | NaN 

= = = = = = = = = = = = AVERAGE RESULTS = = = = = = = = = = = =
Packet Loss Ratio: 00,00 (%)
PROCESSED PACKAGES: 1764619279 
DISCARTED PACKAGES: 0 
TOTAL PACKAGES: 1764619279 
AVERAGE DELAY: 1371,35 (ms) 
AVERAGE THROUGHPUT: 653,69 (Mbps) 
GRANTED THROUGHPUT: 43468,53 (Mbps) By 64 ONUs
EFFECTIVE THROUGHPUT: 41835,99 (Mbps) By 64 ONUs
TOTAL LOAD: 41835,99 (Mbps) By 64 ONUs
ON Arrival THROUGHPUT: 0,00 (Mbps) By 64 ONUs
FINISHTIMEFL: 157,860856 
FINISHTIME: 160,860856 


fileName | IPACT_LBCONSTANTTOKENSBYCYCLE_3_36_75_0 
