
ONU ID 	|  PLR(%) | Delay(ms) | Throughput(Mbps) | Granted Throughput(Mbps) | Total Load (Mbps) 

  ID |  PLR(%) |  D  | Thr |  Gates  |  Load  | PLR-EF | D-EF | ThrEF | LoadEF | PLR-AF | D-AF | ThrAF | LoadAF | PLR-BE | D-BE | ThrBE | LoadBE | PLR-FA | D-FA | ThrFA | LoadFA | DTFA |  PLR-FB | D-FB | ThrFB | LoadFB | DTFB | 
   1 |  3,26 | 255,719 | 754,30 | 779,70 | 758,97 |  0,00 | 1,405 | 44,35 | 44,35 |  0,00 | 22,027 | 349,66 | 349,66 |  7,45 | 929,860 | 315,46 | 340,86 |  0,00 | 138,995 | 44,83 | 44,83 | 298,238 |   NaN | NaN | 0,00 | 0,00 | NaN
   2 |  3,71 | 258,508 | 753,57 | 782,62 | 758,28 |  0,00 | 1,417 | 44,35 | 44,35 |  0,00 | 20,278 | 348,74 | 348,74 |  8,43 | 941,128 | 315,65 | 344,69 |  0,00 | 139,106 | 44,83 | 44,83 | 298,306 |   NaN | NaN | 0,00 | 0,00 | NaN
   3 |  3,06 | 233,142 | 752,58 | 776,36 | 757,26 |  0,00 | 1,354 | 44,35 | 44,35 |  0,00 | 20,843 | 344,96 | 344,96 |  6,95 | 837,060 | 318,43 | 342,22 |  0,00 | 139,044 | 44,83 | 44,83 | 298,245 |   NaN | NaN | 0,00 | 0,00 | NaN
   4 |  3,83 | 265,356 | 754,54 | 784,60 | 759,23 |  0,00 | 1,359 | 44,35 | 44,35 |  0,00 | 21,735 | 350,31 | 350,31 |  8,71 | 967,987 | 315,05 | 345,11 |  0,00 | 139,035 | 44,83 | 44,83 | 298,288 |   NaN | NaN | 0,00 | 0,00 | NaN
   5 |  3,15 | 247,706 | 752,83 | 777,31 | 757,50 |  0,00 | 1,385 | 44,35 | 44,35 |  0,00 | 22,199 | 343,75 | 343,75 |  7,11 | 886,124 | 319,89 | 344,38 |  0,00 | 138,969 | 44,83 | 44,83 | 298,023 |   NaN | NaN | 0,00 | 0,00 | NaN
   6 |  3,71 | 256,437 | 754,19 | 783,23 | 758,86 |  0,00 | 1,333 | 44,35 | 44,35 |  0,00 | 20,134 | 348,65 | 348,65 |  8,41 | 931,972 | 316,36 | 345,41 |  0,00 | 138,980 | 44,83 | 44,83 | 298,172 |   NaN | NaN | 0,00 | 0,00 | NaN
   7 |  3,25 | 243,802 | 754,77 | 780,13 | 759,44 |  0,00 | 1,352 | 44,35 | 44,35 |  0,00 | 20,990 | 346,69 | 346,69 |  7,37 | 877,133 | 318,90 | 344,27 |  0,00 | 138,877 | 44,83 | 44,83 | 298,093 |   NaN | NaN | 0,00 | 0,00 | NaN
   8 |  3,24 | 257,239 | 754,93 | 780,20 | 759,62 |  0,00 | 1,402 | 44,35 | 44,35 |  0,00 | 20,475 | 343,65 | 343,65 |  7,27 | 918,739 | 322,10 | 347,37 |  0,00 | 139,015 | 44,83 | 44,83 | 298,227 |   NaN | NaN | 0,00 | 0,00 | NaN
   9 |  3,62 | 256,220 | 754,38 | 782,71 | 759,06 |  0,00 | 1,342 | 44,35 | 44,35 |  0,00 | 20,975 | 347,50 | 347,50 |  8,19 | 926,582 | 317,70 | 346,03 |  0,00 | 138,908 | 44,83 | 44,83 | 298,025 |   NaN | NaN | 0,00 | 0,00 | NaN
  10 |  3,15 | 252,128 | 754,39 | 778,92 | 759,07 |  0,00 | 1,403 | 44,35 | 44,35 |  0,00 | 21,616 | 345,67 | 345,67 |  7,13 | 905,207 | 319,53 | 344,07 |  0,00 | 139,072 | 44,83 | 44,83 | 298,333 |   NaN | NaN | 0,00 | 0,00 | NaN
  11 |  2,94 | 244,395 | 753,57 | 776,41 | 758,22 |  0,00 | 1,342 | 44,35 | 44,35 |  0,00 | 20,295 | 340,92 | 340,92 |  6,59 | 866,963 | 323,47 | 346,30 |  0,00 | 138,735 | 44,83 | 44,83 | 297,892 |   NaN | NaN | 0,00 | 0,00 | NaN
  12 |  3,13 | 241,961 | 754,57 | 778,96 | 759,24 |  0,00 | 1,405 | 44,35 | 44,35 |  0,00 | 19,932 | 344,80 | 344,80 |  7,07 | 866,527 | 320,59 | 344,98 |  0,00 | 138,927 | 44,83 | 44,83 | 298,095 |   NaN | NaN | 0,00 | 0,00 | NaN
  13 |  2,65 | 227,067 | 752,03 | 772,49 | 756,69 |  0,00 | 1,369 | 44,35 | 44,35 |  0,00 | 22,077 | 343,04 | 343,04 |  6,01 | 809,216 | 319,80 | 340,26 |  0,00 | 138,940 | 44,83 | 44,83 | 298,131 |   NaN | NaN | 0,00 | 0,00 | NaN
  14 |  3,73 | 250,060 | 752,41 | 781,55 | 757,09 |  0,00 | 1,411 | 44,35 | 44,35 |  0,00 | 22,901 | 346,16 | 346,16 |  8,42 | 901,391 | 317,07 | 346,21 |  0,00 | 138,981 | 44,83 | 44,83 | 298,064 |   NaN | NaN | 0,00 | 0,00 | NaN
  15 |  3,04 | 253,377 | 753,02 | 776,67 | 757,71 |  0,00 | 1,404 | 44,35 | 44,35 |  0,00 | 22,405 | 340,29 | 340,29 |  6,81 | 897,226 | 323,56 | 347,21 |  0,00 | 139,017 | 44,83 | 44,83 | 298,249 |   NaN | NaN | 0,00 | 0,00 | NaN
  16 |  4,43 | 272,771 | 753,95 | 788,92 | 758,66 |  0,00 | 1,396 | 44,35 | 44,35 |  0,00 | 19,542 | 347,03 | 347,03 |  9,91 | 989,725 | 317,74 | 352,71 |  0,00 | 139,021 | 44,83 | 44,83 | 298,210 |   NaN | NaN | 0,00 | 0,00 | NaN
  17 |  3,62 | 252,935 | 753,87 | 782,22 | 758,55 |  0,00 | 1,409 | 44,35 | 44,35 |  0,00 | 19,370 | 347,54 | 347,54 |  8,20 | 917,261 | 317,15 | 345,50 |  0,00 | 138,984 | 44,83 | 44,83 | 298,197 |   NaN | NaN | 0,00 | 0,00 | NaN
  18 |  2,96 | 246,849 | 753,41 | 776,42 | 758,07 |  0,00 | 1,385 | 44,35 | 44,35 |  0,00 | 20,359 | 342,51 | 342,51 |  6,67 | 880,447 | 321,72 | 344,72 |  0,00 | 138,558 | 44,83 | 44,83 | 297,444 |   NaN | NaN | 0,00 | 0,00 | NaN
  19 |  2,13 | 239,534 | 754,44 | 770,89 | 759,10 |  0,00 | 1,376 | 44,35 | 44,35 |  0,00 | 18,771 | 339,44 | 339,44 |  4,81 | 845,274 | 325,82 | 342,26 |  0,00 | 138,959 | 44,83 | 44,83 | 298,059 |   NaN | NaN | 0,00 | 0,00 | NaN
  20 |  2,75 | 247,821 | 753,77 | 775,08 | 758,44 |  0,00 | 1,372 | 44,35 | 44,35 |  0,00 | 23,028 | 345,78 | 345,78 |  6,27 | 889,425 | 318,81 | 340,12 |  0,00 | 138,789 | 44,83 | 44,83 | 297,933 |   NaN | NaN | 0,00 | 0,00 | NaN
  21 |  1,95 | 215,624 | 752,78 | 767,78 | 757,45 |  0,00 | 1,376 | 44,35 | 44,35 |  0,00 | 19,466 | 340,56 | 340,56 |  4,44 | 762,328 | 323,05 | 338,04 |  0,00 | 139,010 | 44,83 | 44,83 | 298,238 |   NaN | NaN | 0,00 | 0,00 | NaN
  22 |  4,00 | 264,755 | 754,58 | 786,01 | 759,29 |  0,00 | 1,415 | 44,35 | 44,35 |  0,00 | 22,435 | 352,52 | 352,52 |  9,13 | 971,343 | 312,88 | 344,31 |  0,00 | 138,973 | 44,83 | 44,83 | 298,081 |   NaN | NaN | 0,00 | 0,00 | NaN
  23 |  3,29 | 258,899 | 754,29 | 779,96 | 758,99 |  0,00 | 1,397 | 44,35 | 44,35 |  0,00 | 21,832 | 345,54 | 345,54 |  7,44 | 930,284 | 319,57 | 345,24 |  0,00 | 138,958 | 44,83 | 44,83 | 298,148 |   NaN | NaN | 0,00 | 0,00 | NaN
  24 |  3,46 | 253,141 | 754,57 | 781,65 | 759,25 |  0,00 | 1,359 | 44,35 | 44,35 |  0,00 | 21,824 | 344,57 | 344,57 |  7,78 | 905,383 | 320,82 | 347,90 |  0,00 | 138,973 | 44,83 | 44,83 | 298,167 |   NaN | NaN | 0,00 | 0,00 | NaN
  25 |  3,96 | 267,627 | 754,18 | 785,30 | 758,89 |  0,00 | 1,416 | 44,35 | 44,35 |  0,00 | 22,719 | 343,75 | 343,75 |  8,83 | 956,760 | 321,25 | 352,38 |  0,00 | 138,977 | 44,83 | 44,83 | 298,175 |   NaN | NaN | 0,00 | 0,00 | NaN
  26 |  2,95 | 255,095 | 754,17 | 777,09 | 758,87 |  0,00 | 1,412 | 44,35 | 44,35 |  0,00 | 22,499 | 344,83 | 344,83 |  6,68 | 913,526 | 320,16 | 343,08 |  0,00 | 138,994 | 44,83 | 44,83 | 298,239 |   NaN | NaN | 0,00 | 0,00 | NaN
  27 |  2,68 | 242,804 | 754,89 | 775,66 | 759,55 |  0,00 | 1,339 | 44,35 | 44,35 |  0,00 | 22,605 | 346,25 | 346,25 |  6,10 | 870,102 | 319,46 | 340,23 |  0,00 | 138,489 | 44,83 | 44,83 | 297,363 |   NaN | NaN | 0,00 | 0,00 | NaN
  28 |  2,51 | 228,044 | 753,23 | 772,60 | 757,93 |  0,00 | 1,405 | 44,35 | 44,35 |  0,00 | 22,597 | 345,11 | 345,11 |  5,73 | 815,283 | 318,94 | 338,32 |  0,00 | 138,984 | 44,83 | 44,83 | 298,165 |   NaN | NaN | 0,00 | 0,00 | NaN
  29 |  3,82 | 259,604 | 753,88 | 783,81 | 758,54 |  0,00 | 1,385 | 44,35 | 44,35 |  0,00 | 21,738 | 346,79 | 346,79 |  8,60 | 937,513 | 317,91 | 347,84 |  0,00 | 138,907 | 44,83 | 44,83 | 298,093 |   NaN | NaN | 0,00 | 0,00 | NaN
  30 |  2,83 | 237,040 | 753,88 | 775,82 | 758,58 |  0,00 | 1,415 | 44,35 | 44,35 |  0,00 | 22,594 | 342,02 | 342,02 |  6,37 | 839,617 | 322,68 | 344,62 |  0,00 | 138,649 | 44,83 | 44,83 | 297,658 |   NaN | NaN | 0,00 | 0,00 | NaN
  31 |  2,90 | 248,598 | 753,40 | 775,87 | 758,07 |  0,00 | 1,382 | 44,35 | 44,35 |  0,00 | 23,808 | 346,07 | 346,07 |  6,60 | 893,041 | 318,15 | 340,62 |  0,00 | 139,040 | 44,83 | 44,83 | 298,247 |   NaN | NaN | 0,00 | 0,00 | NaN
  32 |  3,45 | 246,430 | 754,40 | 781,32 | 759,05 |  0,00 | 1,338 | 44,35 | 44,35 |  0,00 | 22,124 | 345,66 | 345,66 |  7,77 | 883,664 | 319,56 | 346,48 |  0,00 | 138,764 | 44,83 | 44,83 | 297,926 |   NaN | NaN | 0,00 | 0,00 | NaN
  33 |  2,79 | 249,902 | 754,84 | 776,52 | 759,51 |  0,00 | 1,404 | 44,35 | 44,35 |  0,00 | 21,069 | 343,78 | 343,78 |  6,31 | 891,501 | 321,88 | 343,56 |  0,00 | 138,796 | 44,83 | 44,83 | 297,975 |   NaN | NaN | 0,00 | 0,00 | NaN
  34 |  2,85 | 238,649 | 753,26 | 775,38 | 757,90 |  0,00 | 1,395 | 44,35 | 44,35 |  0,00 | 20,586 | 344,49 | 344,49 |  6,47 | 855,343 | 319,58 | 341,71 |  0,00 | 138,274 | 44,83 | 44,83 | 297,047 |   NaN | NaN | 0,00 | 0,00 | NaN
  35 |  3,89 | 264,874 | 753,77 | 784,26 | 758,41 |  0,00 | 1,344 | 44,35 | 44,35 |  0,00 | 19,818 | 347,97 | 347,97 |  8,78 | 962,987 | 316,62 | 347,11 |  0,00 | 138,114 | 44,83 | 44,83 | 296,640 |   NaN | NaN | 0,00 | 0,00 | NaN
  36 |  2,79 | 246,135 | 755,11 | 776,74 | 759,78 |  0,00 | 1,397 | 44,35 | 44,35 |  0,00 | 22,106 | 340,78 | 340,78 |  6,24 | 868,336 | 325,14 | 346,78 |  0,00 | 138,511 | 44,83 | 44,83 | 297,315 |   NaN | NaN | 0,00 | 0,00 | NaN
  37 |  3,88 | 268,457 | 755,48 | 785,96 | 760,14 |  0,00 | 1,380 | 44,35 | 44,35 |  0,00 | 21,324 | 350,76 | 350,76 |  8,81 | 979,466 | 315,54 | 346,02 |  0,00 | 138,821 | 44,83 | 44,83 | 297,984 |   NaN | NaN | 0,00 | 0,00 | NaN
  38 |  3,64 | 262,964 | 754,40 | 782,86 | 759,05 |  0,00 | 1,372 | 44,35 | 44,35 |  0,00 | 22,295 | 347,67 | 347,67 |  8,22 | 950,742 | 317,56 | 346,02 |  0,00 | 138,610 | 44,83 | 44,83 | 297,553 |   NaN | NaN | 0,00 | 0,00 | NaN
  39 |  1,83 | 220,019 | 752,96 | 767,00 | 757,66 |  0,00 | 1,415 | 44,35 | 44,35 |  0,00 | 21,139 | 340,14 | 340,14 |  4,16 | 775,453 | 323,63 | 337,67 |  0,00 | 138,721 | 44,83 | 44,83 | 297,800 |   NaN | NaN | 0,00 | 0,00 | NaN
  40 |  2,43 | 232,275 | 752,21 | 770,97 | 756,90 |  0,00 | 1,415 | 44,35 | 44,35 |  0,00 | 19,725 | 343,71 | 343,71 |  5,55 | 832,507 | 319,32 | 338,08 |  0,00 | 138,743 | 44,83 | 44,83 | 297,605 |   NaN | NaN | 0,00 | 0,00 | NaN
  41 |  3,81 | 245,994 | 752,80 | 782,63 | 757,48 |  0,00 | 1,398 | 44,35 | 44,35 |  0,00 | 21,753 | 342,23 | 342,23 |  8,49 | 876,225 | 321,39 | 351,22 |  0,00 | 138,976 | 44,83 | 44,83 | 298,174 |   NaN | NaN | 0,00 | 0,00 | NaN
  42 |  4,02 | 255,509 | 754,14 | 785,73 | 758,81 |  0,00 | 1,344 | 44,35 | 44,35 |  0,00 | 20,061 | 348,51 | 348,51 |  9,08 | 928,252 | 316,44 | 348,03 |  0,00 | 138,874 | 44,83 | 44,83 | 298,060 |   NaN | NaN | 0,00 | 0,00 | NaN
  43 |  4,35 | 259,525 | 753,98 | 788,23 | 758,69 |  0,00 | 1,422 | 44,35 | 44,35 |  0,00 | 23,723 | 350,55 | 350,55 |  9,83 | 945,258 | 314,24 | 348,49 |  0,00 | 138,751 | 44,83 | 44,83 | 297,862 |   NaN | NaN | 0,00 | 0,00 | NaN
  44 |  3,57 | 266,353 | 754,30 | 782,19 | 758,98 |  0,00 | 1,334 | 44,35 | 44,35 |  0,00 | 22,835 | 344,29 | 344,29 |  8,00 | 953,389 | 320,83 | 348,72 |  0,00 | 138,883 | 44,83 | 44,83 | 298,105 |   NaN | NaN | 0,00 | 0,00 | NaN
  45 |  2,85 | 245,124 | 754,24 | 776,39 | 758,95 |  0,00 | 1,418 | 44,35 | 44,35 |  0,00 | 20,383 | 347,84 | 347,84 |  6,53 | 886,754 | 317,22 | 339,37 |  0,00 | 138,988 | 44,83 | 44,83 | 298,175 |   NaN | NaN | 0,00 | 0,00 | NaN
  46 |  3,28 | 244,593 | 753,75 | 779,33 | 758,42 |  0,00 | 1,358 | 44,35 | 44,35 |  0,00 | 20,068 | 343,11 | 343,11 |  7,37 | 873,482 | 321,46 | 347,03 |  0,00 | 138,731 | 44,83 | 44,83 | 297,859 |   NaN | NaN | 0,00 | 0,00 | NaN
  47 |  2,92 | 231,802 | 754,37 | 777,06 | 759,05 |  0,00 | 1,356 | 44,35 | 44,35 |  0,00 | 21,618 | 345,12 | 345,12 |  6,62 | 828,254 | 320,07 | 342,77 |  0,00 | 138,990 | 44,83 | 44,83 | 298,175 |   NaN | NaN | 0,00 | 0,00 | NaN
  48 |  2,97 | 247,329 | 751,88 | 774,86 | 756,55 |  0,00 | 1,385 | 44,35 | 44,35 |  0,00 | 22,021 | 342,94 | 342,94 |  6,71 | 884,831 | 319,76 | 342,75 |  0,00 | 138,926 | 44,83 | 44,83 | 298,116 |   NaN | NaN | 0,00 | 0,00 | NaN
  49 |  2,96 | 241,937 | 753,87 | 776,90 | 758,55 |  0,00 | 1,397 | 44,35 | 44,35 |  0,00 | 20,132 | 344,86 | 344,86 |  6,72 | 868,025 | 319,83 | 342,86 |  0,00 | 139,002 | 44,83 | 44,83 | 298,174 |   NaN | NaN | 0,00 | 0,00 | NaN
  50 |  3,40 | 257,221 | 754,76 | 781,33 | 759,43 |  0,00 | 1,352 | 44,35 | 44,35 |  0,00 | 21,526 | 347,89 | 347,89 |  7,72 | 930,144 | 317,69 | 344,25 |  0,00 | 138,676 | 44,83 | 44,83 | 297,773 |   NaN | NaN | 0,00 | 0,00 | NaN
  51 |  3,31 | 251,959 | 753,31 | 779,10 | 757,98 |  0,00 | 1,350 | 44,35 | 44,35 |  0,00 | 20,253 | 344,15 | 344,15 |  7,46 | 903,922 | 319,98 | 345,77 |  0,00 | 138,949 | 44,83 | 44,83 | 298,174 |   NaN | NaN | 0,00 | 0,00 | NaN
  52 |  3,36 | 264,546 | 753,87 | 780,04 | 758,54 |  0,00 | 1,376 | 44,35 | 44,35 |  0,00 | 20,479 | 341,73 | 341,73 |  7,50 | 942,550 | 322,96 | 349,13 |  0,00 | 138,879 | 44,83 | 44,83 | 298,066 |   NaN | NaN | 0,00 | 0,00 | NaN
  53 |  3,40 | 251,397 | 754,77 | 781,36 | 759,44 |  0,00 | 1,363 | 44,35 | 44,35 |  0,00 | 22,163 | 347,63 | 347,63 |  7,72 | 906,823 | 317,96 | 344,56 |  0,00 | 138,718 | 44,83 | 44,83 | 297,861 |   NaN | NaN | 0,00 | 0,00 | NaN
  54 |  2,41 | 231,218 | 754,08 | 772,69 | 758,74 |  0,00 | 1,366 | 44,35 | 44,35 |  0,00 | 21,841 | 344,46 | 344,46 |  5,49 | 824,762 | 320,43 | 339,05 |  0,00 | 138,918 | 44,83 | 44,83 | 298,149 |   NaN | NaN | 0,00 | 0,00 | NaN
  55 |  2,64 | 236,987 | 754,93 | 775,38 | 759,60 |  0,00 | 1,351 | 44,35 | 44,35 |  0,00 | 19,339 | 341,81 | 341,81 |  5,94 | 840,600 | 323,94 | 344,39 |  0,00 | 138,578 | 44,83 | 44,83 | 297,512 |   NaN | NaN | 0,00 | 0,00 | NaN
  56 |  2,54 | 238,394 | 754,81 | 774,45 | 759,48 |  0,00 | 1,357 | 44,35 | 44,35 |  0,00 | 23,920 | 342,83 | 342,83 |  5,74 | 843,555 | 322,79 | 342,44 |  0,00 | 138,995 | 44,83 | 44,83 | 298,198 |   NaN | NaN | 0,00 | 0,00 | NaN
  57 |  3,15 | 232,675 | 753,13 | 777,66 | 757,79 |  0,00 | 1,354 | 44,35 | 44,35 |  0,00 | 20,837 | 343,44 | 343,44 |  7,11 | 830,493 | 320,51 | 345,04 |  0,00 | 138,918 | 44,83 | 44,83 | 298,087 |   NaN | NaN | 0,00 | 0,00 | NaN
  58 |  3,37 | 257,215 | 753,22 | 779,47 | 757,90 |  0,00 | 1,383 | 44,35 | 44,35 |  0,00 | 19,537 | 345,27 | 345,27 |  7,61 | 928,011 | 318,78 | 345,03 |  0,00 | 139,011 | 44,83 | 44,83 | 298,193 |   NaN | NaN | 0,00 | 0,00 | NaN
  59 |  3,76 | 251,887 | 754,35 | 783,80 | 759,02 |  0,00 | 1,402 | 44,35 | 44,35 |  0,00 | 22,114 | 343,80 | 343,80 |  8,39 | 898,847 | 321,37 | 350,82 |  0,00 | 138,553 | 44,83 | 44,83 | 297,352 |   NaN | NaN | 0,00 | 0,00 | NaN
  60 |  3,12 | 252,107 | 752,80 | 777,06 | 757,46 |  0,00 | 1,336 | 44,35 | 44,35 |  0,00 | 20,897 | 344,08 | 344,08 |  7,06 | 905,023 | 319,54 | 343,80 |  0,00 | 138,919 | 44,83 | 44,83 | 298,125 |   NaN | NaN | 0,00 | 0,00 | NaN
  61 |  3,61 | 259,479 | 755,18 | 783,49 | 759,85 |  0,00 | 1,359 | 44,35 | 44,35 |  0,00 | 20,873 | 346,57 | 346,57 |  8,14 | 934,774 | 319,42 | 347,73 |  0,00 | 138,732 | 44,83 | 44,83 | 297,899 |   NaN | NaN | 0,00 | 0,00 | NaN
  62 |  3,72 | 258,208 | 754,03 | 783,12 | 758,76 |  0,00 | 1,421 | 44,35 | 44,35 |  0,00 | 24,117 | 346,73 | 346,73 |  8,38 | 928,748 | 318,12 | 347,21 |  0,00 | 139,031 | 44,83 | 44,83 | 298,250 |   NaN | NaN | 0,00 | 0,00 | NaN
  63 |  3,28 | 238,463 | 754,25 | 779,84 | 758,90 |  0,00 | 1,376 | 44,35 | 44,35 |  0,00 | 20,293 | 346,81 | 346,81 |  7,44 | 858,967 | 318,25 | 343,85 |  0,00 | 138,721 | 44,83 | 44,83 | 297,758 |   NaN | NaN | 0,00 | 0,00 | NaN
  64 |  2,56 | 235,525 | 753,16 | 772,91 | 757,86 |  0,00 | 1,419 | 44,35 | 44,35 |  0,00 | 22,874 | 342,52 | 342,52 |  5,79 | 836,177 | 321,45 | 341,21 |  0,00 | 138,930 | 44,83 | 44,83 | 298,114 |   NaN | NaN | 0,00 | 0,00 | NaN

= = = = = = = = = = = = AVERAGE RESULTS system = = = = = = = = = = = =
meanPLR_system | 3,212798 
meanDelay_system | 248,740779 
meanLoad_system | 778,952913 
meanTHR_system | 753,902023 
meanGate_system | 758,579674 

meanPLR_EF_system | 0,000000 
meanPLR_AF_system | 0,000000 
meanPLR_BE_system | 7,259694 
meanPLR_FLA_system | 0,000000 
meanPLR_FLB_system | NaN 

meanTHR_EF_system | 44,352004 
meanTHR_AF_system | 345,143986 
meanTHR_BE_system | 319,577624 
meanTHR_FLA_system | 45,635609 
meanTHR_FLB_system | 0,000000 

meanLoad_EF_system | 44,352004 
meanLoad_AF_system | 345,143986 
meanLoad_BE_system | 344,628515 
meanLoad_FLA_system | 45,635609 
meanLoad_FLB_system | 0,000000 

meanDELAY_EF_system | 1,380639 
meanDELAY_AF_system | 21,373612 
meanDELAY_BE_system | 892,785839 
meanDELAY_FLA_system | 138,857363 
meanDELAY_FLB_system | NaN 
meanDELAY_CompleteFLA_system | 297,982088 
meanDELAY_CompleteFLB_system | NaN 

= = = = = = = = = = = = AVERAGE RESULTS = = = = = = = = = = = =
Packet Loss Ratio: 03,22 (%)
PROCESSED PACKAGES: 2033611508 
DISCARTED PACKAGES: 42437552 
TOTAL PACKAGES: 2076049060 
AVERAGE DELAY: 46601,33 (ms) 
AVERAGE THROUGHPUT: 753,90 (Mbps) 
GRANTED THROUGHPUT: 48549,10 (Mbps) By 64 ONUs
EFFECTIVE THROUGHPUT: 48249,73 (Mbps) By 64 ONUs
TOTAL LOAD: 49852,99 (Mbps) By 64 ONUs
ON Arrival THROUGHPUT: 0,00 (Mbps) By 64 ONUs
FINISHTIMEFL: 166,606739 
FINISHTIME: 169,606739 


fileName | IPACT_STRICTPRIORITY_3_36_92_0 
