
ONU ID 	|  PLR(%) | Delay(ms) | Throughput(Mbps) | Granted Throughput(Mbps) | Total Load (Mbps) 

  ID |  PLR(%) |  D  | Thr |  Gates  |  Load  | PLR-EF | D-EF | ThrEF | LoadEF | PLR-AF | D-AF | ThrAF | LoadAF | PLR-BE | D-BE | ThrBE | LoadBE | PLR-FA | D-FA | ThrFA | LoadFA | DTFA |  PLR-FB | D-FB | ThrFB | LoadFB | DTFB | 
   1 |  0,00 | 1,010 | 677,48 | 677,48 | 699,37 |  0,00 | 0,370 | 44,35 | 44,35 |  0,00 | 0,378 | 305,12 | 305,12 |  0,00 | 1,258 | 299,54 | 299,54 |  0,00 | 30,233 | 28,46 | 28,46 | 85,377 |   NaN | NaN | 0,00 | 0,00 | NaN
   2 |  0,00 | 1,302 | 675,49 | 675,49 | 700,01 |  0,00 | 0,382 | 44,35 | 44,35 |  0,00 | 0,380 | 303,84 | 303,84 |  0,00 | 1,590 | 298,83 | 298,83 |  0,00 | 44,901 | 28,46 | 28,46 | 112,717 |   NaN | NaN | 0,00 | 0,00 | NaN
   3 |  0,00 | 1,111 | 669,86 | 669,86 | 690,42 |  0,00 | 0,318 | 44,35 | 44,35 |  0,00 | 0,316 | 297,76 | 297,76 |  0,00 | 1,365 | 299,28 | 299,28 |  0,00 | 38,213 | 28,46 | 28,46 | 91,770 |   NaN | NaN | 0,00 | 0,00 | NaN
   4 |  0,00 | 0,861 | 676,42 | 676,42 | 697,01 |  0,00 | 0,324 | 44,35 | 44,35 |  0,00 | 0,328 | 303,36 | 303,36 |  0,00 | 1,020 | 300,24 | 300,24 |  0,00 | 26,365 | 28,46 | 28,46 | 74,522 |   NaN | NaN | 0,00 | 0,00 | NaN
   5 |  0,00 | 0,934 | 669,05 | 669,05 | 689,75 |  0,00 | 0,349 | 44,35 | 44,35 |  0,00 | 0,344 | 299,17 | 299,17 |  0,00 | 1,074 | 297,07 | 297,07 |  0,00 | 29,361 | 28,46 | 28,46 | 82,755 |   NaN | NaN | 0,00 | 0,00 | NaN
   6 |  0,00 | 0,936 | 675,20 | 675,20 | 695,71 |  0,00 | 0,298 | 44,35 | 44,35 |  0,00 | 0,301 | 302,25 | 302,25 |  0,00 | 1,270 | 300,13 | 300,13 |  0,00 | 28,325 | 28,46 | 28,46 | 77,532 |   NaN | NaN | 0,00 | 0,00 | NaN
   7 |  0,00 | 1,095 | 673,02 | 673,02 | 693,57 |  0,00 | 0,316 | 44,35 | 44,35 |  0,00 | 0,314 | 299,76 | 299,76 |  0,00 | 1,393 | 300,45 | 300,45 |  0,00 | 36,658 | 28,46 | 28,46 | 94,779 |   NaN | NaN | 0,00 | 0,00 | NaN
   8 |  0,00 | 0,904 | 678,49 | 678,49 | 699,97 |  0,00 | 0,366 | 44,35 | 44,35 |  0,00 | 0,367 | 302,18 | 302,18 |  0,00 | 0,970 | 303,49 | 303,49 |  0,00 | 28,229 | 28,46 | 28,46 | 78,672 |   NaN | NaN | 0,00 | 0,00 | NaN
   9 |  0,00 | 0,897 | 674,77 | 674,77 | 695,33 |  0,00 | 0,306 | 44,35 | 44,35 |  0,00 | 0,306 | 300,68 | 300,68 |  0,00 | 1,095 | 301,27 | 301,27 |  0,00 | 28,465 | 28,46 | 28,46 | 77,778 |   NaN | NaN | 0,00 | 0,00 | NaN
  10 |  0,00 | 1,044 | 672,99 | 672,99 | 694,47 |  0,00 | 0,367 | 44,35 | 44,35 |  0,00 | 0,361 | 301,38 | 301,38 |  0,00 | 1,179 | 298,79 | 298,79 |  0,00 | 34,635 | 28,46 | 28,46 | 86,570 |   NaN | NaN | 0,00 | 0,00 | NaN
  11 |  0,00 | 5,558 | 672,15 | 672,15 | 692,74 |  0,00 | 0,307 | 44,35 | 44,35 |  0,00 | 0,302 | 299,08 | 299,08 |  0,00 | 13,470 | 300,25 | 300,25 |  0,00 | 127,731 | 28,46 | 28,46 | 298,079 |   NaN | NaN | 0,00 | 0,00 | NaN
  12 |  0,00 | 0,887 | 673,92 | 673,92 | 695,70 |  0,00 | 0,369 | 44,35 | 44,35 |  0,00 | 0,362 | 299,98 | 299,98 |  0,00 | 0,955 | 301,12 | 301,12 |  0,00 | 27,274 | 28,46 | 28,46 | 75,813 |   NaN | NaN | 0,00 | 0,00 | NaN
  13 |  0,00 | 1,299 | 665,25 | 665,25 | 685,88 |  0,00 | 0,334 | 44,35 | 44,35 |  0,00 | 0,331 | 298,29 | 298,29 |  0,00 | 1,611 | 294,15 | 294,15 |  0,00 | 46,522 | 28,46 | 28,46 | 115,174 |   NaN | NaN | 0,00 | 0,00 | NaN
  14 |  0,00 | 0,961 | 676,74 | 676,74 | 699,50 |  0,00 | 0,375 | 44,35 | 44,35 |  0,00 | 0,371 | 301,14 | 301,14 |  0,00 | 0,952 | 302,78 | 302,78 |  0,00 | 32,462 | 28,46 | 28,46 | 82,128 |   NaN | NaN | 0,00 | 0,00 | NaN
  15 |  0,00 | 0,960 | 672,03 | 672,03 | 693,87 |  0,00 | 0,369 | 44,35 | 44,35 |  0,00 | 0,368 | 296,20 | 296,20 |  0,00 | 1,147 | 303,02 | 303,02 |  0,00 | 28,580 | 28,46 | 28,46 | 81,326 |   NaN | NaN | 0,00 | 0,00 | NaN
  16 |  0,00 | 0,878 | 680,59 | 680,59 | 701,57 |  0,00 | 0,360 | 44,35 | 44,35 |  0,00 | 0,360 | 302,12 | 302,12 |  0,00 | 0,957 | 305,65 | 305,65 |  0,00 | 26,954 | 28,46 | 28,46 | 75,802 |   NaN | NaN | 0,00 | 0,00 | NaN
  17 |  0,00 | 0,906 | 674,28 | 674,28 | 696,71 |  0,00 | 0,373 | 44,35 | 44,35 |  0,00 | 0,368 | 301,86 | 301,86 |  0,00 | 1,020 | 299,60 | 299,60 |  0,00 | 27,198 | 28,46 | 28,46 | 75,887 |   NaN | NaN | 0,00 | 0,00 | NaN
  18 |  0,00 | 1,666 | 670,25 | 670,25 | 690,97 |  0,00 | 0,350 | 44,35 | 44,35 |  0,00 | 0,344 | 299,59 | 299,59 |  0,00 | 2,574 | 297,84 | 297,84 |  0,00 | 53,959 | 28,46 | 28,46 | 126,606 |   NaN | NaN | 0,00 | 0,00 | NaN
  19 |  0,00 | 3,859 | 666,10 | 666,10 | 686,77 |  0,00 | 0,341 | 44,35 | 44,35 |  0,00 | 0,343 | 295,81 | 295,81 |  0,00 | 6,557 | 297,46 | 297,46 |  0,00 | 137,042 | 28,46 | 28,46 | 259,034 |   NaN | NaN | 0,00 | 0,00 | NaN
  20 |  0,00 | 4,786 | 666,11 | 666,11 | 686,75 |  0,00 | 0,336 | 44,35 | 44,35 |  0,00 | 0,333 | 299,49 | 299,49 |  0,00 | 11,456 | 293,80 | 293,80 |  0,00 | 111,988 | 28,46 | 28,46 | 264,511 |   NaN | NaN | 0,00 | 0,00 | NaN
  21 |  0,00 | 0,877 | 665,11 | 665,11 | 685,72 |  0,00 | 0,341 | 44,35 | 44,35 |  0,00 | 0,342 | 297,37 | 297,37 |  0,00 | 0,945 | 294,92 | 294,92 |  0,00 | 27,999 | 28,46 | 28,46 | 77,177 |   NaN | NaN | 0,00 | 0,00 | NaN
  22 |  0,00 | 0,859 | 676,39 | 676,39 | 700,22 |  0,00 | 0,379 | 44,35 | 44,35 |  0,00 | 0,374 | 305,15 | 305,15 |  0,00 | 0,837 | 298,43 | 298,43 |  0,00 | 27,121 | 28,46 | 28,46 | 75,049 |   NaN | NaN | 0,00 | 0,00 | NaN
  23 |  0,00 | 7,519 | 673,97 | 673,97 | 695,07 |  0,00 | 0,361 | 44,35 | 44,35 |  0,00 | 0,362 | 300,94 | 300,94 |  0,00 | 18,001 | 300,22 | 300,22 |  0,00 | 180,687 | 28,46 | 28,46 | 370,895 |   NaN | NaN | 0,00 | 0,00 | NaN
  24 |  0,00 | 1,279 | 678,06 | 678,06 | 698,64 |  0,00 | 0,323 | 44,35 | 44,35 |  0,00 | 0,323 | 301,83 | 301,83 |  0,00 | 1,639 | 303,40 | 303,40 |  0,00 | 45,076 | 28,46 | 28,46 | 112,529 |   NaN | NaN | 0,00 | 0,00 | NaN
  25 |  0,00 | 0,923 | 675,01 | 675,01 | 699,23 |  0,00 | 0,380 | 44,35 | 44,35 |  0,00 | 0,381 | 297,41 | 297,41 |  0,00 | 1,027 | 304,79 | 304,79 |  0,00 | 27,637 | 28,46 | 28,46 | 77,222 |   NaN | NaN | 0,00 | 0,00 | NaN
  26 |  0,00 | 1,123 | 670,98 | 670,98 | 694,26 |  0,00 | 0,377 | 44,35 | 44,35 |  0,00 | 0,379 | 299,98 | 299,98 |  0,00 | 1,210 | 298,19 | 298,19 |  0,00 | 39,118 | 28,46 | 28,46 | 95,889 |   NaN | NaN | 0,00 | 0,00 | NaN
  27 |  0,00 | 1,310 | 670,01 | 670,01 | 690,56 |  0,00 | 0,303 | 44,35 | 44,35 |  0,00 | 0,299 | 301,06 | 301,06 |  0,00 | 1,793 | 296,14 | 296,14 |  0,00 | 45,621 | 28,46 | 28,46 | 114,704 |   NaN | NaN | 0,00 | 0,00 | NaN
  28 |  0,00 | 6,701 | 667,14 | 667,14 | 689,03 |  0,00 | 0,369 | 44,35 | 44,35 |  0,00 | 0,365 | 299,24 | 299,24 |  0,00 | 15,472 | 295,09 | 295,09 |  0,00 | 172,212 | 28,46 | 28,46 | 358,728 |   NaN | NaN | 0,00 | 0,00 | NaN
  29 |  0,00 | 7,106 | 673,27 | 673,27 | 694,02 |  0,00 | 0,349 | 44,35 | 44,35 |  0,00 | 0,348 | 298,50 | 298,50 |  0,00 | 17,758 | 301,95 | 301,95 |  0,00 | 153,407 | 28,46 | 28,46 | 346,718 |   NaN | NaN | 0,00 | 0,00 | NaN
  30 |  0,00 | 1,855 | 671,39 | 671,39 | 695,27 |  0,00 | 0,379 | 44,35 | 44,35 |  0,00 | 0,381 | 298,90 | 298,90 |  0,00 | 2,753 | 299,67 | 299,67 |  0,00 | 62,500 | 28,46 | 28,46 | 153,761 |   NaN | NaN | 0,00 | 0,00 | NaN
  31 |  0,00 | 6,974 | 670,77 | 670,77 | 691,49 |  0,00 | 0,346 | 44,35 | 44,35 |  0,00 | 0,345 | 300,49 | 300,49 |  0,00 | 16,431 | 297,46 | 297,46 |  0,00 | 173,850 | 28,46 | 28,46 | 366,616 |   NaN | NaN | 0,00 | 0,00 | NaN
  32 |  0,00 | 5,510 | 675,06 | 675,06 | 695,65 |  0,00 | 0,303 | 44,35 | 44,35 |  0,00 | 0,299 | 300,57 | 300,57 |  0,00 | 13,155 | 301,67 | 301,67 |  0,00 | 130,356 | 28,46 | 28,46 | 305,721 |   NaN | NaN | 0,00 | 0,00 | NaN
  33 |  0,00 | 3,646 | 669,72 | 669,72 | 691,37 |  0,00 | 0,368 | 44,35 | 44,35 |  0,00 | 0,364 | 298,13 | 298,13 |  0,00 | 8,086 | 298,77 | 298,77 |  0,00 | 90,068 | 28,46 | 28,46 | 220,515 |   NaN | NaN | 0,00 | 0,00 | NaN
  34 |  0,00 | 1,021 | 672,14 | 672,14 | 693,07 |  0,00 | 0,359 | 44,35 | 44,35 |  0,00 | 0,354 | 299,03 | 299,03 |  0,00 | 1,193 | 300,29 | 300,29 |  0,00 | 32,860 | 28,46 | 28,46 | 90,889 |   NaN | NaN | 0,00 | 0,00 | NaN
  35 |  0,00 | 0,911 | 675,04 | 675,04 | 695,60 |  0,00 | 0,309 | 44,35 | 44,35 |  0,00 | 0,307 | 301,65 | 301,65 |  0,00 | 1,174 | 300,58 | 300,58 |  0,00 | 27,873 | 28,46 | 28,46 | 78,247 |   NaN | NaN | 0,00 | 0,00 | NaN
  36 |  0,00 | 1,206 | 670,30 | 670,30 | 691,44 |  0,00 | 0,362 | 44,35 | 44,35 |  0,00 | 0,363 | 297,59 | 297,59 |  0,00 | 1,511 | 299,90 | 299,90 |  0,00 | 39,962 | 28,46 | 28,46 | 101,065 |   NaN | NaN | 0,00 | 0,00 | NaN
  37 |  0,00 | 5,842 | 677,15 | 677,15 | 697,83 |  0,00 | 0,344 | 44,35 | 44,35 |  0,00 | 0,341 | 303,90 | 303,90 |  0,00 | 14,262 | 300,44 | 300,44 |  0,00 | 132,644 | 28,46 | 28,46 | 312,496 |   NaN | NaN | 0,00 | 0,00 | NaN
  38 |  0,00 | 1,657 | 677,81 | 677,81 | 698,43 |  0,00 | 0,336 | 44,35 | 44,35 |  0,00 | 0,340 | 302,29 | 302,29 |  0,00 | 2,518 | 302,70 | 302,70 |  0,00 | 54,908 | 28,46 | 28,46 | 136,772 |   NaN | NaN | 0,00 | 0,00 | NaN
  39 |  0,00 | 3,491 | 666,15 | 666,15 | 690,01 |  0,00 | 0,379 | 44,35 | 44,35 |  0,00 | 0,375 | 298,18 | 298,18 |  0,00 | 7,273 | 295,16 | 295,16 |  0,00 | 95,053 | 28,46 | 28,46 | 230,975 |   NaN | NaN | 0,00 | 0,00 | NaN
  40 |  0,00 | 1,459 | 665,95 | 665,95 | 689,79 |  0,00 | 0,379 | 44,35 | 44,35 |  0,00 | 0,377 | 298,96 | 298,96 |  0,00 | 1,950 | 294,17 | 294,17 |  0,00 | 49,400 | 28,46 | 28,46 | 122,330 |   NaN | NaN | 0,00 | 0,00 | NaN
  41 |  0,00 | 7,652 | 678,04 | 678,04 | 699,25 |  0,00 | 0,362 | 44,35 | 44,35 |  0,00 | 0,360 | 300,53 | 300,53 |  0,00 | 18,897 | 304,69 | 304,69 |  0,00 | 169,239 | 28,46 | 28,46 | 359,481 |   NaN | NaN | 0,00 | 0,00 | NaN
  42 |  0,00 | 7,769 | 675,94 | 675,94 | 696,54 |  0,00 | 0,308 | 44,35 | 44,35 |  0,00 | 0,309 | 301,15 | 301,15 |  0,00 | 19,978 | 301,98 | 301,98 |  0,00 | 161,552 | 28,46 | 28,46 | 356,622 |   NaN | NaN | 0,00 | 0,00 | NaN
  43 |  0,00 | 4,448 | 679,05 | 679,05 | 702,76 |  0,00 | 0,386 | 44,35 | 44,35 |  0,00 | 0,393 | 303,80 | 303,80 |  0,00 | 10,512 | 302,44 | 302,44 |  0,00 | 100,220 | 28,46 | 28,46 | 244,402 |   NaN | NaN | 0,00 | 0,00 | NaN
  44 |  0,00 | 7,724 | 675,08 | 675,08 | 695,67 |  0,00 | 0,299 | 44,35 | 44,35 |  0,00 | 0,299 | 300,78 | 300,78 |  0,00 | 19,261 | 301,49 | 301,49 |  0,00 | 173,299 | 28,46 | 28,46 | 370,324 |   NaN | NaN | 0,00 | 0,00 | NaN
  45 |  0,00 | 7,372 | 674,26 | 674,26 | 699,08 |  0,00 | 0,383 | 44,35 | 44,35 |  0,00 | 0,383 | 303,19 | 303,19 |  0,00 | 18,610 | 298,25 | 298,25 |  0,00 | 159,120 | 28,46 | 28,46 | 355,279 |   NaN | NaN | 0,00 | 0,00 | NaN
  46 |  0,00 | 5,233 | 672,86 | 672,86 | 693,48 |  0,00 | 0,322 | 44,35 | 44,35 |  0,00 | 0,325 | 299,63 | 299,63 |  0,00 | 13,061 | 300,42 | 300,42 |  0,00 | 110,912 | 28,46 | 28,46 | 260,509 |   NaN | NaN | 0,00 | 0,00 | NaN
  47 |  0,00 | 7,239 | 672,80 | 672,80 | 693,40 |  0,00 | 0,320 | 44,35 | 44,35 |  0,00 | 0,320 | 302,03 | 302,03 |  0,00 | 17,290 | 297,95 | 297,95 |  0,00 | 178,414 | 28,46 | 28,46 | 372,382 |   NaN | NaN | 0,00 | 0,00 | NaN
  48 |  0,00 | 7,911 | 670,80 | 670,80 | 691,55 |  0,00 | 0,349 | 44,35 | 44,35 |  0,00 | 0,350 | 299,15 | 299,15 |  0,00 | 19,611 | 298,83 | 298,83 |  0,00 | 178,684 | 28,46 | 28,46 | 373,114 |   NaN | NaN | 0,00 | 0,00 | NaN
  49 |  0,00 | 7,104 | 671,67 | 671,67 | 692,84 |  0,00 | 0,362 | 44,35 | 44,35 |  0,00 | 0,359 | 301,06 | 301,06 |  0,00 | 16,528 | 297,80 | 297,80 |  0,00 | 180,893 | 28,46 | 28,46 | 369,098 |   NaN | NaN | 0,00 | 0,00 | NaN
  50 |  0,00 | 3,964 | 674,69 | 674,69 | 695,28 |  0,00 | 0,316 | 44,35 | 44,35 |  0,00 | 0,320 | 303,13 | 303,13 |  0,00 | 9,069 | 298,74 | 298,74 |  0,00 | 97,920 | 28,46 | 28,46 | 235,305 |   NaN | NaN | 0,00 | 0,00 | NaN
  51 |  0,00 | 8,569 | 674,26 | 674,26 | 694,88 |  0,00 | 0,314 | 44,35 | 44,35 |  0,00 | 0,317 | 299,20 | 299,20 |  0,00 | 22,467 | 302,24 | 302,24 |  0,00 | 169,593 | 28,46 | 28,46 | 367,649 |   NaN | NaN | 0,00 | 0,00 | NaN
  52 |  0,00 | 7,944 | 669,57 | 669,57 | 690,24 |  0,00 | 0,340 | 44,35 | 44,35 |  0,00 | 0,341 | 296,10 | 296,10 |  0,00 | 19,994 | 300,65 | 300,65 |  0,00 | 170,998 | 28,46 | 28,46 | 359,800 |   NaN | NaN | 0,00 | 0,00 | NaN
  53 |  0,00 | 5,381 | 674,42 | 674,42 | 695,05 |  0,00 | 0,328 | 44,35 | 44,35 |  0,00 | 0,326 | 301,15 | 301,15 |  0,00 | 12,868 | 300,46 | 300,46 |  0,00 | 125,980 | 28,46 | 28,46 | 297,440 |   NaN | NaN | 0,00 | 0,00 | NaN
  54 |  0,00 | 8,004 | 669,98 | 669,98 | 690,63 |  0,00 | 0,330 | 44,35 | 44,35 |  0,00 | 0,332 | 300,38 | 300,38 |  0,00 | 20,922 | 296,79 | 296,79 |  0,00 | 162,943 | 28,46 | 28,46 | 360,377 |   NaN | NaN | 0,00 | 0,00 | NaN
  55 |  0,00 | 2,045 | 671,49 | 671,49 | 692,04 |  0,00 | 0,315 | 44,35 | 44,35 |  0,00 | 0,322 | 298,69 | 298,69 |  0,00 | 3,700 | 299,98 | 299,98 |  0,00 | 60,974 | 28,46 | 28,46 | 150,531 |   NaN | NaN | 0,00 | 0,00 | NaN
  56 |  0,00 | 7,631 | 670,36 | 670,36 | 690,96 |  0,00 | 0,321 | 44,35 | 44,35 |  0,00 | 0,320 | 297,89 | 297,89 |  0,00 | 18,856 | 299,65 | 299,65 |  0,00 | 173,196 | 28,46 | 28,46 | 359,625 |   NaN | NaN | 0,00 | 0,00 | NaN
  57 |  0,00 | 7,794 | 672,87 | 672,87 | 693,48 |  0,00 | 0,318 | 44,35 | 44,35 |  0,00 | 0,321 | 299,66 | 299,66 |  0,00 | 18,742 | 300,39 | 300,39 |  0,00 | 187,989 | 28,46 | 28,46 | 382,871 |   NaN | NaN | 0,00 | 0,00 | NaN
  58 |  0,00 | 7,573 | 672,74 | 672,74 | 693,49 |  0,00 | 0,347 | 44,35 | 44,35 |  0,00 | 0,344 | 299,29 | 299,29 |  0,00 | 18,377 | 300,64 | 300,64 |  0,00 | 177,097 | 28,46 | 28,46 | 366,559 |   NaN | NaN | 0,00 | 0,00 | NaN
  59 |  0,00 | 1,260 | 677,13 | 677,13 | 698,59 |  0,00 | 0,366 | 44,35 | 44,35 |  0,00 | 0,368 | 300,77 | 300,77 |  0,00 | 1,685 | 303,54 | 303,54 |  0,00 | 40,316 | 28,46 | 28,46 | 102,905 |   NaN | NaN | 0,00 | 0,00 | NaN
  60 |  0,00 | 8,300 | 672,24 | 672,24 | 692,83 |  0,00 | 0,301 | 44,35 | 44,35 |  0,00 | 0,303 | 300,21 | 300,21 |  0,00 | 21,355 | 299,22 | 299,22 |  0,00 | 175,713 | 28,46 | 28,46 | 375,328 |   NaN | NaN | 0,00 | 0,00 | NaN
  61 |  0,00 | 5,789 | 675,36 | 675,36 | 695,97 |  0,00 | 0,323 | 44,35 | 44,35 |  0,00 | 0,321 | 300,65 | 300,65 |  0,00 | 14,699 | 301,89 | 301,89 |  0,00 | 119,095 | 28,46 | 28,46 | 283,155 |   NaN | NaN | 0,00 | 0,00 | NaN
  62 |  0,00 | 7,935 | 675,44 | 675,44 | 700,75 |  0,00 | 0,385 | 44,35 | 44,35 |  0,00 | 0,385 | 301,56 | 301,56 |  0,00 | 19,819 | 301,06 | 301,06 |  0,00 | 174,005 | 28,46 | 28,46 | 366,409 |   NaN | NaN | 0,00 | 0,00 | NaN
  63 |  0,00 | 2,144 | 674,60 | 674,60 | 695,25 |  0,00 | 0,340 | 44,35 | 44,35 |  0,00 | 0,341 | 301,41 | 301,41 |  0,00 | 3,879 | 300,37 | 300,37 |  0,00 | 63,836 | 28,46 | 28,46 | 158,446 |   NaN | NaN | 0,00 | 0,00 | NaN
  64 |  0,00 | 7,237 | 668,95 | 668,95 | 694,03 |  0,00 | 0,383 | 44,35 | 44,35 |  0,00 | 0,384 | 297,11 | 297,11 |  0,00 | 17,991 | 299,03 | 299,03 |  0,00 | 157,937 | 28,46 | 28,46 | 351,773 |   NaN | NaN | 0,00 | 0,00 | NaN

= = = = = = = = = = = = AVERAGE RESULTS system = = = = = = = = = = = =
meanPLR_system | 0,000000 
meanDelay_system | 3,861678 
meanLoad_system | 672,909316 
meanTHR_system | 672,909316 
meanGate_system | 694,387347 

meanPLR_EF_system | 0,000000 
meanPLR_AF_system | 0,000000 
meanPLR_BE_system | 0,000000 
meanPLR_FLA_system | 0,000000 
meanPLR_FLB_system | NaN 

meanTHR_EF_system | 44,352003 
meanTHR_AF_system | 300,293121 
meanTHR_BE_system | 299,800094 
meanTHR_FLA_system | 28,881140 
meanTHR_FLB_system | 0,000000 

meanLoad_EF_system | 44,352003 
meanLoad_AF_system | 300,293121 
meanLoad_BE_system | 299,800094 
meanLoad_FLA_system | 28,881140 
meanLoad_FLB_system | 0,000000 

meanDELAY_EF_system | 0,344866 
meanDELAY_AF_system | 0,344353 
meanDELAY_BE_system | 8,751103 
meanDELAY_FLA_system | 94,115215 
meanDELAY_FLB_system | NaN 
meanDELAY_CompleteFLA_system | 213,195541 
meanDELAY_CompleteFLB_system | NaN 

= = = = = = = = = = = = AVERAGE RESULTS = = = = = = = = = = = =
Packet Loss Ratio: 00,00 (%)
PROCESSED PACKAGES: 2337621743 
DISCARTED PACKAGES: 0 
TOTAL PACKAGES: 2337621743 
AVERAGE DELAY: 678,79 (ms) 
AVERAGE THROUGHPUT: 672,91 (Mbps) 
GRANTED THROUGHPUT: 44440,79 (Mbps) By 64 ONUs
EFFECTIVE THROUGHPUT: 43066,20 (Mbps) By 64 ONUs
TOTAL LOAD: 43066,20 (Mbps) By 64 ONUs
ON Arrival THROUGHPUT: 0,00 (Mbps) By 64 ONUs
FINISHTIMEFL: 204,756462 
FINISHTIME: 207,756462 


fileName | IPACT_STRICTPRIORITYFIRSTAF_5_28_80_0 
