
ONU ID 	|  PLR(%) | Delay(ms) | Throughput(Mbps) | Granted Throughput(Mbps) | Total Load (Mbps) 

  ID |  PLR(%) |  D  | Thr |  Gates  |  Load  | PLR-EF | D-EF | ThrEF | LoadEF | PLR-AF | D-AF | ThrAF | LoadAF | PLR-BE | D-BE | ThrBE | LoadBE | PLR-FA | D-FA | ThrFA | LoadFA | DTFA |  PLR-FB | D-FB | ThrFB | LoadFB | DTFB | 
   1 |  0,00 | 18,266 | 701,89 | 701,89 | 717,64 |  0,00 | 0,794 | 44,35 | 44,35 |  0,00 | 19,234 | 267,67 | 267,67 |  0,00 | 28,563 | 259,76 | 259,76 |  0,00 | 103,422 | 130,11 | 130,11 | 212,020 |   NaN | NaN | 0,00 | 0,00 | NaN
   2 |  0,00 | 26,661 | 700,29 | 700,29 | 717,47 |  0,00 | 0,806 | 44,35 | 44,35 |  0,00 | 1,369 | 262,26 | 262,26 |  0,00 | 44,014 | 263,56 | 263,56 |  0,00 | 245,374 | 130,11 | 130,11 | 498,143 |   NaN | NaN | 0,00 | 0,00 | NaN
   3 |  0,00 | 28,175 | 705,29 | 705,29 | 719,69 |  0,00 | 0,742 | 44,35 | 44,35 |  0,00 | 1,761 | 266,57 | 266,57 |  0,00 | 52,975 | 264,25 | 264,25 |  0,00 | 235,653 | 130,11 | 130,11 | 477,711 |   NaN | NaN | 0,00 | 0,00 | NaN
   4 |  0,00 | 15,429 | 704,65 | 704,65 | 719,22 |  0,00 | 0,748 | 44,35 | 44,35 |  0,00 | 15,664 | 268,70 | 268,70 |  0,00 | 22,494 | 261,49 | 261,49 |  0,00 | 95,006 | 130,11 | 130,11 | 195,546 |   NaN | NaN | 0,00 | 0,00 | NaN
   5 |  0,00 | 27,698 | 696,58 | 696,58 | 711,21 |  0,00 | 0,773 | 44,35 | 44,35 |  0,00 | 1,230 | 262,12 | 262,12 |  0,00 | 32,003 | 260,00 | 260,00 |  0,00 | 308,629 | 130,11 | 130,11 | 642,241 |   NaN | NaN | 0,00 | 0,00 | NaN
   6 |  0,00 | 26,057 | 703,32 | 703,32 | 717,61 |  0,00 | 0,722 | 44,35 | 44,35 |  0,00 | 1,301 | 265,50 | 265,50 |  0,00 | 36,622 | 263,36 | 263,36 |  0,00 | 265,978 | 130,11 | 130,11 | 544,345 |   NaN | NaN | 0,00 | 0,00 | NaN
   7 |  0,00 | 21,669 | 700,02 | 700,02 | 714,40 |  0,00 | 0,740 | 44,35 | 44,35 |  0,00 | 16,290 | 264,89 | 264,89 |  0,00 | 38,728 | 260,67 | 260,67 |  0,00 | 130,764 | 130,11 | 130,11 | 266,103 |   NaN | NaN | 0,00 | 0,00 | NaN
   8 |  0,00 | 26,843 | 704,11 | 704,11 | 719,32 |  0,00 | 0,790 | 44,35 | 44,35 |  0,00 | 1,189 | 263,05 | 263,05 |  0,00 | 42,824 | 266,60 | 266,60 |  0,00 | 253,246 | 130,11 | 130,11 | 515,609 |   NaN | NaN | 0,00 | 0,00 | NaN
   9 |  0,00 | 24,874 | 702,41 | 702,41 | 716,79 |  0,00 | 0,730 | 44,35 | 44,35 |  0,00 | 4,805 | 266,09 | 266,09 |  0,00 | 50,039 | 261,86 | 261,86 |  0,00 | 183,162 | 130,11 | 130,11 | 369,997 |   NaN | NaN | 0,00 | 0,00 | NaN
  10 |  0,00 | 17,832 | 699,30 | 699,30 | 714,70 |  0,00 | 0,791 | 44,35 | 44,35 |  0,00 | 19,711 | 263,57 | 263,57 |  0,00 | 26,644 | 261,26 | 261,26 |  0,00 | 101,792 | 130,11 | 130,11 | 208,792 |   NaN | NaN | 0,00 | 0,00 | NaN
  11 |  0,00 | 26,130 | 693,61 | 693,61 | 708,03 |  0,00 | 0,731 | 44,35 | 44,35 |  0,00 | 0,986 | 257,10 | 257,10 |  0,00 | 10,766 | 262,04 | 262,04 |  0,00 | 363,656 | 130,11 | 130,11 | 801,377 |   NaN | NaN | 0,00 | 0,00 | NaN
  12 |  0,00 | 26,473 | 701,65 | 701,65 | 717,03 |  0,00 | 0,793 | 44,35 | 44,35 |  0,00 | 1,074 | 263,73 | 263,73 |  0,00 | 35,911 | 263,45 | 263,45 |  0,00 | 275,050 | 130,11 | 130,11 | 564,906 |   NaN | NaN | 0,00 | 0,00 | NaN
  13 |  0,00 | 27,053 | 693,62 | 693,62 | 708,05 |  0,00 | 0,757 | 44,35 | 44,35 |  0,00 | 1,590 | 258,40 | 258,40 |  0,00 | 45,271 | 260,75 | 260,75 |  0,00 | 245,615 | 130,11 | 130,11 | 498,759 |   NaN | NaN | 0,00 | 0,00 | NaN
  14 |  0,00 | 27,164 | 704,97 | 704,97 | 721,07 |  0,00 | 0,799 | 44,35 | 44,35 |  0,00 | 1,129 | 266,06 | 266,06 |  0,00 | 30,967 | 264,44 | 264,44 |  0,00 | 305,494 | 130,11 | 130,11 | 635,059 |   NaN | NaN | 0,00 | 0,00 | NaN
  15 |  0,00 | 23,345 | 698,11 | 698,11 | 713,62 |  0,00 | 0,793 | 44,35 | 44,35 |  0,00 | 16,459 | 259,51 | 259,51 |  0,00 | 44,005 | 264,14 | 264,14 |  0,00 | 134,937 | 130,11 | 130,11 | 274,202 |   NaN | NaN | 0,00 | 0,00 | NaN
  16 |  0,00 | 27,030 | 704,95 | 704,95 | 719,74 |  0,00 | 0,784 | 44,35 | 44,35 |  0,00 | 2,573 | 263,07 | 263,07 |  0,00 | 53,553 | 267,41 | 267,41 |  0,00 | 209,164 | 130,11 | 130,11 | 422,841 |   NaN | NaN | 0,00 | 0,00 | NaN
  17 |  0,00 | 26,500 | 700,60 | 700,60 | 716,52 |  0,00 | 0,797 | 44,35 | 44,35 |  0,00 | 3,580 | 263,20 | 263,20 |  0,00 | 53,089 | 262,93 | 262,93 |  0,00 | 200,349 | 130,11 | 130,11 | 404,764 |   NaN | NaN | 0,00 | 0,00 | NaN
  18 |  0,00 | 18,122 | 698,88 | 698,88 | 713,43 |  0,00 | 0,774 | 44,35 | 44,35 |  0,00 | 0,841 | 261,23 | 261,23 |  0,00 | 4,319 | 263,18 | 263,18 |  0,00 | 262,813 | 130,11 | 130,11 | 685,352 |   NaN | NaN | 0,00 | 0,00 | NaN
  19 |  0,00 | 27,242 | 695,05 | 695,05 | 709,52 |  0,00 | 0,764 | 44,35 | 44,35 |  0,00 | 1,168 | 259,47 | 259,47 |  0,00 | 18,758 | 261,12 | 261,12 |  0,00 | 350,724 | 130,11 | 130,11 | 741,253 |   NaN | NaN | 0,00 | 0,00 | NaN
  20 |  0,00 | 25,442 | 696,09 | 696,09 | 710,56 |  0,00 | 0,760 | 44,35 | 44,35 |  0,00 | 1,234 | 262,62 | 262,62 |  0,00 | 11,267 | 259,01 | 259,01 |  0,00 | 350,948 | 130,11 | 130,11 | 791,508 |   NaN | NaN | 0,00 | 0,00 | NaN
  21 |  0,00 | 20,233 | 694,29 | 694,29 | 708,83 |  0,00 | 0,765 | 44,35 | 44,35 |  0,00 | 20,907 | 260,84 | 260,84 |  0,00 | 33,332 | 258,98 | 258,98 |  0,00 | 110,773 | 130,11 | 130,11 | 227,383 |   NaN | NaN | 0,00 | 0,00 | NaN
  22 |  0,00 | 27,324 | 704,47 | 704,47 | 721,20 |  0,00 | 0,803 | 44,35 | 44,35 |  0,00 | 1,151 | 269,22 | 269,22 |  0,00 | 28,945 | 260,79 | 260,79 |  0,00 | 316,920 | 130,11 | 130,11 | 662,006 |   NaN | NaN | 0,00 | 0,00 | NaN
  23 |  0,00 | 27,580 | 702,62 | 702,62 | 717,56 |  0,00 | 0,785 | 44,35 | 44,35 |  0,00 | 1,206 | 264,69 | 264,69 |  0,00 | 14,851 | 263,46 | 263,46 |  0,00 | 372,973 | 130,11 | 130,11 | 794,739 |   NaN | NaN | 0,00 | 0,00 | NaN
  24 |  0,00 | 27,003 | 700,04 | 700,04 | 714,47 |  0,00 | 0,747 | 44,35 | 44,35 |  0,00 | 1,525 | 262,48 | 262,48 |  0,00 | 45,362 | 263,10 | 263,10 |  0,00 | 245,686 | 130,11 | 130,11 | 498,732 |   NaN | NaN | 0,00 | 0,00 | NaN
  25 |  0,00 | 23,003 | 708,03 | 708,03 | 724,91 |  0,00 | 0,804 | 44,35 | 44,35 |  0,00 | 10,448 | 262,11 | 262,11 |  0,00 | 44,373 | 271,45 | 271,45 |  0,00 | 148,779 | 130,11 | 130,11 | 301,363 |   NaN | NaN | 0,00 | 0,00 | NaN
  26 |  0,00 | 22,164 | 700,01 | 700,01 | 716,44 |  0,00 | 0,801 | 44,35 | 44,35 |  0,00 | 18,108 | 261,72 | 261,72 |  0,00 | 39,641 | 263,82 | 263,82 |  0,00 | 126,811 | 130,11 | 130,11 | 258,498 |   NaN | NaN | 0,00 | 0,00 | NaN
  27 |  0,00 | 16,798 | 695,15 | 695,15 | 709,55 |  0,00 | 0,727 | 44,35 | 44,35 |  0,00 | 0,787 | 262,28 | 262,28 |  0,00 | 4,634 | 258,40 | 258,40 |  0,00 | 240,524 | 130,11 | 130,11 | 652,392 |   NaN | NaN | 0,00 | 0,00 | NaN
  28 |  0,00 | 27,120 | 697,32 | 697,32 | 712,96 |  0,00 | 0,793 | 44,35 | 44,35 |  0,00 | 1,171 | 263,49 | 263,49 |  0,00 | 12,497 | 259,37 | 259,37 |  0,00 | 373,325 | 130,11 | 130,11 | 796,463 |   NaN | NaN | 0,00 | 0,00 | NaN
  29 |  0,00 | 27,520 | 699,90 | 699,90 | 714,44 |  0,00 | 0,773 | 44,35 | 44,35 |  0,00 | 1,198 | 264,40 | 264,40 |  0,00 | 15,266 | 261,04 | 261,04 |  0,00 | 370,005 | 130,11 | 130,11 | 804,398 |   NaN | NaN | 0,00 | 0,00 | NaN
  30 |  0,00 | 21,741 | 691,26 | 691,26 | 708,29 |  0,00 | 0,803 | 44,35 | 44,35 |  0,00 | 1,066 | 257,72 | 257,72 |  0,00 | 4,990 | 259,08 | 259,08 |  0,00 | 314,689 | 130,11 | 130,11 | 752,533 |   NaN | NaN | 0,00 | 0,00 | NaN
  31 |  0,00 | 26,371 | 697,33 | 697,33 | 711,84 |  0,00 | 0,770 | 44,35 | 44,35 |  0,00 | 1,196 | 261,88 | 261,88 |  0,00 | 9,457 | 260,99 | 260,99 |  0,00 | 372,772 | 130,11 | 130,11 | 794,512 |   NaN | NaN | 0,00 | 0,00 | NaN
  32 |  0,00 | 26,223 | 695,52 | 695,52 | 709,94 |  0,00 | 0,726 | 44,35 | 44,35 |  0,00 | 1,250 | 260,12 | 260,12 |  0,00 | 11,500 | 260,94 | 260,94 |  0,00 | 362,189 | 130,11 | 130,11 | 800,342 |   NaN | NaN | 0,00 | 0,00 | NaN
  33 |  0,00 | 23,657 | 696,09 | 696,09 | 711,51 |  0,00 | 0,792 | 44,35 | 44,35 |  0,00 | 0,987 | 258,49 | 258,49 |  0,00 | 6,617 | 263,14 | 263,14 |  0,00 | 340,527 | 130,11 | 130,11 | 781,176 |   NaN | NaN | 0,00 | 0,00 | NaN
  34 |  0,00 | 11,395 | 693,84 | 693,84 | 708,63 |  0,00 | 0,784 | 44,35 | 44,35 |  0,00 | 0,818 | 263,15 | 263,15 |  0,00 | 1,724 | 256,22 | 256,22 |  0,00 | 165,114 | 130,11 | 130,11 | 520,131 |   NaN | NaN | 0,00 | 0,00 | NaN
  35 |  0,00 | 7,305 | 704,58 | 704,58 | 718,97 |  0,00 | 0,733 | 44,35 | 44,35 |  0,00 | 0,752 | 265,41 | 265,41 |  0,00 | 1,518 | 264,71 | 264,71 |  0,00 | 102,675 | 130,11 | 130,11 | 369,624 |   NaN | NaN | 0,00 | 0,00 | NaN
  36 |  0,00 | 14,800 | 696,44 | 696,44 | 711,43 |  0,00 | 0,786 | 44,35 | 44,35 |  0,00 | 0,860 | 257,67 | 257,67 |  0,00 | 2,991 | 264,31 | 264,31 |  0,00 | 214,412 | 130,11 | 130,11 | 610,631 |   NaN | NaN | 0,00 | 0,00 | NaN
  37 |  0,00 | 25,782 | 702,80 | 702,80 | 717,30 |  0,00 | 0,768 | 44,35 | 44,35 |  0,00 | 1,166 | 265,93 | 265,93 |  0,00 | 10,313 | 262,40 | 262,40 |  0,00 | 362,066 | 130,11 | 130,11 | 800,351 |   NaN | NaN | 0,00 | 0,00 | NaN
  38 |  0,00 | 21,295 | 696,67 | 696,67 | 711,15 |  0,00 | 0,760 | 44,35 | 44,35 |  0,00 | 1,189 | 262,54 | 262,54 |  0,00 | 7,529 | 259,66 | 259,66 |  0,00 | 299,533 | 130,11 | 130,11 | 734,283 |   NaN | NaN | 0,00 | 0,00 | NaN
  39 |  0,00 | 24,205 | 694,52 | 694,52 | 711,49 |  0,00 | 0,803 | 44,35 | 44,35 |  0,00 | 1,077 | 261,42 | 261,42 |  0,00 | 7,721 | 258,63 | 258,63 |  0,00 | 344,438 | 130,11 | 130,11 | 785,223 |   NaN | NaN | 0,00 | 0,00 | NaN
  40 |  0,00 | 17,334 | 696,95 | 696,95 | 713,88 |  0,00 | 0,803 | 44,35 | 44,35 |  0,00 | 0,921 | 261,40 | 261,40 |  0,00 | 4,850 | 261,09 | 261,09 |  0,00 | 247,415 | 130,11 | 130,11 | 662,962 |   NaN | NaN | 0,00 | 0,00 | NaN
  41 |  0,00 | 26,968 | 704,32 | 704,32 | 719,27 |  0,00 | 0,786 | 44,35 | 44,35 |  0,00 | 1,085 | 263,26 | 263,26 |  0,00 | 12,255 | 266,59 | 266,59 |  0,00 | 373,682 | 130,11 | 130,11 | 802,519 |   NaN | NaN | 0,00 | 0,00 | NaN
  42 |  0,00 | 27,379 | 701,26 | 701,26 | 715,69 |  0,00 | 0,732 | 44,35 | 44,35 |  0,00 | 1,102 | 262,70 | 262,70 |  0,00 | 14,864 | 264,10 | 264,10 |  0,00 | 369,856 | 130,11 | 130,11 | 804,127 |   NaN | NaN | 0,00 | 0,00 | NaN
  43 |  0,00 | 24,869 | 702,00 | 702,00 | 718,62 |  0,00 | 0,810 | 44,35 | 44,35 |  0,00 | 1,095 | 262,11 | 262,11 |  0,00 | 10,850 | 265,42 | 265,42 |  0,00 | 344,734 | 130,11 | 130,11 | 785,537 |   NaN | NaN | 0,00 | 0,00 | NaN
  44 |  0,00 | 27,160 | 703,18 | 703,18 | 717,53 |  0,00 | 0,723 | 44,35 | 44,35 |  0,00 | 1,023 | 262,85 | 262,85 |  0,00 | 12,987 | 265,86 | 265,86 |  0,00 | 374,338 | 130,11 | 130,11 | 801,203 |   NaN | NaN | 0,00 | 0,00 | NaN
  45 |  0,00 | 27,014 | 703,01 | 703,01 | 720,51 |  0,00 | 0,807 | 44,35 | 44,35 |  0,00 | 1,408 | 268,09 | 268,09 |  0,00 | 12,886 | 260,45 | 260,45 |  0,00 | 371,162 | 130,11 | 130,11 | 804,430 |   NaN | NaN | 0,00 | 0,00 | NaN
  46 |  0,00 | 25,717 | 695,91 | 695,91 | 710,32 |  0,00 | 0,746 | 44,35 | 44,35 |  0,00 | 1,140 | 257,64 | 257,64 |  0,00 | 12,334 | 263,80 | 263,80 |  0,00 | 350,964 | 130,11 | 130,11 | 791,502 |   NaN | NaN | 0,00 | 0,00 | NaN
  47 |  0,00 | 26,747 | 693,54 | 693,54 | 707,98 |  0,00 | 0,744 | 44,35 | 44,35 |  0,00 | 0,866 | 261,44 | 261,44 |  0,00 | 11,483 | 257,63 | 257,63 |  0,00 | 371,619 | 130,11 | 130,11 | 790,969 |   NaN | NaN | 0,00 | 0,00 | NaN
  48 |  0,00 | 27,131 | 693,78 | 693,78 | 708,33 |  0,00 | 0,773 | 44,35 | 44,35 |  0,00 | 1,046 | 259,28 | 259,28 |  0,00 | 12,106 | 260,03 | 260,03 |  0,00 | 374,180 | 130,11 | 130,11 | 800,781 |   NaN | NaN | 0,00 | 0,00 | NaN
  49 |  0,00 | 26,520 | 691,89 | 691,89 | 706,86 |  0,00 | 0,786 | 44,35 | 44,35 |  0,00 | 1,112 | 258,32 | 258,32 |  0,00 | 10,028 | 259,10 | 259,10 |  0,00 | 371,476 | 130,11 | 130,11 | 790,731 |   NaN | NaN | 0,00 | 0,00 | NaN
  50 |  0,00 | 24,757 | 697,20 | 697,20 | 711,62 |  0,00 | 0,740 | 44,35 | 44,35 |  0,00 | 1,125 | 264,11 | 264,11 |  0,00 | 10,336 | 258,62 | 258,62 |  0,00 | 344,587 | 130,11 | 130,11 | 785,447 |   NaN | NaN | 0,00 | 0,00 | NaN
  51 |  0,00 | 26,925 | 695,21 | 695,21 | 709,63 |  0,00 | 0,738 | 44,35 | 44,35 |  0,00 | 1,152 | 260,03 | 260,03 |  0,00 | 11,443 | 260,71 | 260,71 |  0,00 | 373,729 | 130,11 | 130,11 | 803,162 |   NaN | NaN | 0,00 | 0,00 | NaN
  52 |  0,00 | 27,263 | 698,31 | 698,31 | 712,80 |  0,00 | 0,764 | 44,35 | 44,35 |  0,00 | 1,153 | 259,59 | 259,59 |  0,00 | 13,258 | 264,26 | 264,26 |  0,00 | 372,625 | 130,11 | 130,11 | 804,125 |   NaN | NaN | 0,00 | 0,00 | NaN
  53 |  0,00 | 25,875 | 701,21 | 701,21 | 715,64 |  0,00 | 0,752 | 44,35 | 44,35 |  0,00 | 0,972 | 262,25 | 262,25 |  0,00 | 11,398 | 264,50 | 264,50 |  0,00 | 359,481 | 130,11 | 130,11 | 798,615 |   NaN | NaN | 0,00 | 0,00 | NaN
  54 |  0,00 | 26,760 | 693,73 | 693,73 | 708,17 |  0,00 | 0,754 | 44,35 | 44,35 |  0,00 | 1,117 | 262,40 | 262,40 |  0,00 | 11,464 | 256,87 | 256,87 |  0,00 | 371,055 | 130,11 | 130,11 | 804,401 |   NaN | NaN | 0,00 | 0,00 | NaN
  55 |  0,00 | 20,672 | 697,90 | 697,90 | 712,31 |  0,00 | 0,739 | 44,35 | 44,35 |  0,00 | 1,008 | 260,52 | 260,52 |  0,00 | 5,346 | 262,92 | 262,92 |  0,00 | 298,788 | 130,11 | 130,11 | 733,183 |   NaN | NaN | 0,00 | 0,00 | NaN
  56 |  0,00 | 27,403 | 694,08 | 694,08 | 708,53 |  0,00 | 0,745 | 44,35 | 44,35 |  0,00 | 1,170 | 261,62 | 261,62 |  0,00 | 13,367 | 258,00 | 258,00 |  0,00 | 374,027 | 130,11 | 130,11 | 801,638 |   NaN | NaN | 0,00 | 0,00 | NaN
  57 |  0,00 | 28,222 | 697,40 | 697,40 | 711,84 |  0,00 | 0,742 | 44,35 | 44,35 |  0,00 | 1,071 | 260,39 | 260,39 |  0,00 | 17,282 | 262,55 | 262,55 |  0,00 | 372,942 | 130,11 | 130,11 | 794,679 |   NaN | NaN | 0,00 | 0,00 | NaN
  58 |  0,00 | 27,827 | 699,51 | 699,51 | 714,07 |  0,00 | 0,771 | 44,35 | 44,35 |  0,00 | 1,239 | 262,83 | 262,83 |  0,00 | 15,517 | 262,21 | 262,21 |  0,00 | 373,410 | 130,11 | 130,11 | 796,482 |   NaN | NaN | 0,00 | 0,00 | NaN
  59 |  0,00 | 13,005 | 701,45 | 701,45 | 716,71 |  0,00 | 0,790 | 44,35 | 44,35 |  0,00 | 0,885 | 261,08 | 261,08 |  0,00 | 3,582 | 265,90 | 265,90 |  0,00 | 184,340 | 130,11 | 130,11 | 557,304 |   NaN | NaN | 0,00 | 0,00 | NaN
  60 |  0,00 | 27,447 | 698,56 | 698,56 | 712,93 |  0,00 | 0,725 | 44,35 | 44,35 |  0,00 | 1,179 | 261,93 | 261,93 |  0,00 | 13,821 | 262,17 | 262,17 |  0,00 | 374,042 | 130,11 | 130,11 | 802,975 |   NaN | NaN | 0,00 | 0,00 | NaN
  61 |  0,00 | 25,790 | 702,04 | 702,04 | 716,49 |  0,00 | 0,747 | 44,35 | 44,35 |  0,00 | 1,122 | 264,23 | 264,23 |  0,00 | 11,912 | 263,35 | 263,35 |  0,00 | 356,015 | 130,11 | 130,11 | 795,796 |   NaN | NaN | 0,00 | 0,00 | NaN
  62 |  0,00 | 26,812 | 700,41 | 700,41 | 718,25 |  0,00 | 0,809 | 44,35 | 44,35 |  0,00 | 1,252 | 261,63 | 261,63 |  0,00 | 10,978 | 264,32 | 264,32 |  0,00 | 374,192 | 130,11 | 130,11 | 800,714 |   NaN | NaN | 0,00 | 0,00 | NaN
  63 |  0,00 | 22,134 | 702,88 | 702,88 | 717,34 |  0,00 | 0,764 | 44,35 | 44,35 |  0,00 | 0,940 | 265,49 | 265,49 |  0,00 | 7,688 | 262,93 | 262,93 |  0,00 | 314,729 | 130,11 | 130,11 | 752,621 |   NaN | NaN | 0,00 | 0,00 | NaN
  64 |  0,00 | 27,241 | 693,98 | 693,98 | 711,64 |  0,00 | 0,807 | 44,35 | 44,35 |  0,00 | 1,026 | 261,80 | 261,80 |  0,00 | 13,463 | 257,72 | 257,72 |  0,00 | 371,147 | 130,11 | 130,11 | 804,391 |   NaN | NaN | 0,00 | 0,00 | NaN

= = = = = = = = = = = = AVERAGE RESULTS system = = = = = = = = = = = =
meanPLR_system | 0,000000 
meanDelay_system | 24,132773 
meanLoad_system | 699,000041 
meanTHR_system | 699,000041 
meanGate_system | 714,117052 

meanPLR_EF_system | 0,000000 
meanPLR_AF_system | 0,000000 
meanPLR_BE_system | 0,000000 
meanPLR_FLA_system | 0,000000 
meanPLR_FLB_system | NaN 

meanTHR_EF_system | 44,352004 
meanTHR_AF_system | 262,458735 
meanTHR_BE_system | 262,076339 
meanTHR_FLA_system | 133,748151 
meanTHR_FLB_system | 0,000000 

meanLoad_EF_system | 44,352004 
meanLoad_AF_system | 262,458735 
meanLoad_BE_system | 262,076339 
meanLoad_FLA_system | 133,748151 
meanLoad_FLB_system | 0,000000 

meanDELAY_EF_system | 0,768853 
meanDELAY_AF_system | 3,238368 
meanDELAY_BE_system | 19,868281 
meanDELAY_FLA_system | 290,164392 
meanDELAY_FLB_system | NaN 
meanDELAY_CompleteFLA_system | 643,212582 
meanDELAY_CompleteFLB_system | NaN 

= = = = = = = = = = = = AVERAGE RESULTS = = = = = = = = = = = =
Packet Loss Ratio: 00,00 (%)
PROCESSED PACKAGES: 1217956699 
DISCARTED PACKAGES: 0 
TOTAL PACKAGES: 1217956699 
AVERAGE DELAY: 4160,77 (ms) 
AVERAGE THROUGHPUT: 699,00 (Mbps) 
GRANTED THROUGHPUT: 45703,49 (Mbps) By 64 ONUs
EFFECTIVE THROUGHPUT: 44736,00 (Mbps) By 64 ONUs
TOTAL LOAD: 44736,00 (Mbps) By 64 ONUs
ON Arrival THROUGHPUT: 0,00 (Mbps) By 64 ONUs
FINISHTIMEFL: 107,377933 
FINISHTIME: 110,377933 


fileName | IPACT_LBCONSTANTTOKENSBYCYCLE_1_68_70_0 
