
ONU ID 	|  PLR(%) | Delay(ms) | Throughput(Mbps) | Granted Throughput(Mbps) | Total Load (Mbps) 

  ID |  PLR(%) |  D  | Thr |  Gates  |  Load  | PLR-EF | D-EF | ThrEF | LoadEF | PLR-AF | D-AF | ThrAF | LoadAF | PLR-BE | D-BE | ThrBE | LoadBE | PLR-FA | D-FA | ThrFA | LoadFA | DTFA |  PLR-FB | D-FB | ThrFB | LoadFB | DTFB | 
   1 |  7,16 | 285,538 | 754,35 | 812,50 | 759,20 |  0,00 | 1,406 | 44,35 | 44,35 |  0,00 | 28,258 | 358,74 | 358,74 | 16,78 | 1118,340 | 288,47 | 346,62 |  0,00 | 139,068 | 62,78 | 62,78 | 298,358 |   NaN | NaN | 0,00 | 0,00 | NaN
   2 |  7,28 | 278,970 | 753,79 | 813,00 | 758,68 |  0,00 | 1,418 | 44,35 | 44,35 |  0,00 | 30,995 | 352,91 | 352,91 | 16,78 | 1068,421 | 293,74 | 352,95 |  0,00 | 139,121 | 62,78 | 62,78 | 298,438 |   NaN | NaN | 0,00 | 0,00 | NaN
   3 |  7,26 | 280,309 | 754,18 | 813,25 | 759,01 |  0,00 | 1,354 | 44,35 | 44,35 |  0,00 | 27,779 | 353,68 | 353,68 | 16,76 | 1079,536 | 293,36 | 352,44 |  0,00 | 138,915 | 62,78 | 62,78 | 298,192 |   NaN | NaN | 0,00 | 0,00 | NaN
   4 |  7,94 | 292,803 | 754,79 | 819,91 | 759,63 |  0,00 | 1,360 | 44,35 | 44,35 |  0,00 | 31,081 | 359,60 | 359,60 | 18,44 | 1146,460 | 288,06 | 353,18 |  0,00 | 139,052 | 62,78 | 62,78 | 298,327 |   NaN | NaN | 0,00 | 0,00 | NaN
   5 |  6,97 | 274,968 | 753,61 | 810,03 | 758,42 |  0,00 | 1,385 | 44,35 | 44,35 |  0,00 | 34,130 | 352,45 | 352,45 | 16,10 | 1047,306 | 294,03 | 350,45 |  0,00 | 139,095 | 62,78 | 62,78 | 298,370 |   NaN | NaN | 0,00 | 0,00 | NaN
   6 |  7,71 | 284,884 | 755,41 | 818,55 | 760,24 |  0,00 | 1,334 | 44,35 | 44,35 |  0,00 | 31,381 | 356,74 | 356,74 | 17,80 | 1101,284 | 291,53 | 354,67 |  0,00 | 138,959 | 62,78 | 62,78 | 298,225 |   NaN | NaN | 0,00 | 0,00 | NaN
   7 |  7,27 | 286,512 | 754,83 | 814,05 | 759,66 |  0,00 | 1,352 | 44,35 | 44,35 |  0,00 | 30,838 | 354,49 | 354,49 | 16,80 | 1102,210 | 293,21 | 352,43 |  0,00 | 139,127 | 62,78 | 62,78 | 298,422 |   NaN | NaN | 0,00 | 0,00 | NaN
   8 |  7,60 | 284,354 | 754,55 | 816,64 | 759,41 |  0,00 | 1,402 | 44,35 | 44,35 |  0,00 | 32,141 | 351,93 | 351,93 | 17,36 | 1083,161 | 295,48 | 357,57 |  0,00 | 139,063 | 62,78 | 62,78 | 298,368 |   NaN | NaN | 0,00 | 0,00 | NaN
   9 |  7,51 | 289,741 | 754,78 | 816,10 | 759,60 |  0,00 | 1,342 | 44,35 | 44,35 |  0,00 | 31,276 | 356,80 | 356,80 | 17,41 | 1123,084 | 290,85 | 352,17 |  0,00 | 139,030 | 62,78 | 62,78 | 298,295 |   NaN | NaN | 0,00 | 0,00 | NaN
  10 |  7,17 | 279,203 | 755,37 | 813,69 | 760,23 |  0,00 | 1,403 | 44,35 | 44,35 |  0,00 | 27,213 | 353,79 | 353,79 | 16,53 | 1072,939 | 294,45 | 352,77 |  0,00 | 139,093 | 62,78 | 62,78 | 298,376 |   NaN | NaN | 0,00 | 0,00 | NaN
  11 |  6,63 | 283,657 | 754,03 | 807,59 | 758,84 |  0,00 | 1,343 | 44,35 | 44,35 |  0,00 | 28,911 | 346,15 | 346,15 | 15,12 | 1065,919 | 300,75 | 354,31 |  0,00 | 138,785 | 62,78 | 62,78 | 297,964 |   NaN | NaN | 0,00 | 0,00 | NaN
  12 |  7,25 | 283,422 | 754,65 | 813,63 | 759,50 |  0,00 | 1,405 | 44,35 | 44,35 |  0,00 | 28,701 | 354,15 | 354,15 | 16,74 | 1091,416 | 293,36 | 352,35 |  0,00 | 139,138 | 62,78 | 62,78 | 298,422 |   NaN | NaN | 0,00 | 0,00 | NaN
  13 |  6,01 | 270,824 | 754,21 | 802,47 | 759,04 |  0,00 | 1,370 | 44,35 | 44,35 |  0,00 | 28,702 | 348,04 | 348,04 | 13,90 | 1021,372 | 299,04 | 347,30 |  0,00 | 138,984 | 62,78 | 62,78 | 298,260 |   NaN | NaN | 0,00 | 0,00 | NaN
  14 |  7,65 | 278,682 | 753,75 | 816,16 | 758,61 |  0,00 | 1,411 | 44,35 | 44,35 |  0,00 | 25,526 | 354,34 | 354,34 | 17,60 | 1079,156 | 292,28 | 354,68 |  0,00 | 139,102 | 62,78 | 62,78 | 298,406 |   NaN | NaN | 0,00 | 0,00 | NaN
  15 |  6,83 | 280,245 | 753,42 | 808,69 | 758,27 |  0,00 | 1,405 | 44,35 | 44,35 |  0,00 | 27,783 | 348,15 | 348,15 | 15,64 | 1062,148 | 298,13 | 353,40 |  0,00 | 139,081 | 62,78 | 62,78 | 298,360 |   NaN | NaN | 0,00 | 0,00 | NaN
  16 |  7,79 | 292,971 | 754,14 | 817,82 | 758,97 |  0,00 | 1,396 | 44,35 | 44,35 |  0,00 | 28,105 | 353,00 | 353,00 | 17,80 | 1127,521 | 294,00 | 357,68 |  0,00 | 139,115 | 62,78 | 62,78 | 298,406 |   NaN | NaN | 0,00 | 0,00 | NaN
  17 |  7,71 | 288,382 | 753,31 | 816,23 | 758,16 |  0,00 | 1,409 | 44,35 | 44,35 |  0,00 | 30,210 | 353,88 | 353,88 | 17,71 | 1112,137 | 292,30 | 355,22 |  0,00 | 139,184 | 62,78 | 62,78 | 298,461 |   NaN | NaN | 0,00 | 0,00 | NaN
  18 |  7,26 | 292,317 | 754,06 | 813,08 | 758,89 |  0,00 | 1,386 | 44,35 | 44,35 |  0,00 | 29,556 | 351,34 | 351,34 | 16,64 | 1117,802 | 295,58 | 354,60 |  0,00 | 138,809 | 62,78 | 62,78 | 297,858 |   NaN | NaN | 0,00 | 0,00 | NaN
  19 |  6,30 | 278,397 | 754,91 | 805,66 | 759,75 |  0,00 | 1,377 | 44,35 | 44,35 |  0,00 | 30,745 | 347,89 | 347,89 | 14,47 | 1046,169 | 299,89 | 350,63 |  0,00 | 139,077 | 62,78 | 62,78 | 298,346 |   NaN | NaN | 0,00 | 0,00 | NaN
  20 |  6,55 | 276,778 | 755,73 | 808,69 | 760,55 |  0,00 | 1,372 | 44,35 | 44,35 |  0,00 | 27,698 | 355,11 | 355,11 | 15,28 | 1066,237 | 293,49 | 346,44 |  0,00 | 138,773 | 62,78 | 62,78 | 297,893 |   NaN | NaN | 0,00 | 0,00 | NaN
  21 |  6,10 | 272,724 | 753,75 | 802,69 | 758,59 |  0,00 | 1,377 | 44,35 | 44,35 |  0,00 | 30,790 | 348,51 | 348,51 | 14,10 | 1028,935 | 298,11 | 347,04 |  0,00 | 139,169 | 62,78 | 62,78 | 298,459 |   NaN | NaN | 0,00 | 0,00 | NaN
  22 |  8,03 | 288,506 | 754,40 | 820,27 | 759,28 |  0,00 | 1,416 | 44,35 | 44,35 |  0,00 | 27,669 | 362,21 | 362,21 | 18,77 | 1144,546 | 285,05 | 350,93 |  0,00 | 139,091 | 62,78 | 62,78 | 298,360 |   NaN | NaN | 0,00 | 0,00 | NaN
  23 |  7,63 | 291,625 | 754,37 | 816,71 | 759,21 |  0,00 | 1,397 | 44,35 | 44,35 |  0,00 | 25,728 | 356,74 | 356,74 | 17,67 | 1138,786 | 290,49 | 352,84 |  0,00 | 138,970 | 62,78 | 62,78 | 298,194 |   NaN | NaN | 0,00 | 0,00 | NaN
  24 |  7,15 | 282,745 | 754,75 | 812,87 | 759,58 |  0,00 | 1,359 | 44,35 | 44,35 |  0,00 | 33,831 | 352,08 | 352,08 | 16,43 | 1074,913 | 295,53 | 353,65 |  0,00 | 139,095 | 62,78 | 62,78 | 298,365 |   NaN | NaN | 0,00 | 0,00 | NaN
  25 |  8,14 | 293,314 | 754,15 | 820,97 | 759,04 |  0,00 | 1,417 | 44,35 | 44,35 |  0,00 | 27,825 | 352,33 | 352,33 | 18,48 | 1126,766 | 294,68 | 361,50 |  0,00 | 139,108 | 62,78 | 62,78 | 298,365 |   NaN | NaN | 0,00 | 0,00 | NaN
  26 |  6,89 | 284,764 | 754,54 | 810,40 | 759,40 |  0,00 | 1,413 | 44,35 | 44,35 |  0,00 | 30,636 | 351,35 | 351,35 | 15,87 | 1084,711 | 296,05 | 351,91 |  0,00 | 139,052 | 62,78 | 62,78 | 298,291 |   NaN | NaN | 0,00 | 0,00 | NaN
  27 |  6,74 | 283,184 | 754,70 | 809,24 | 759,52 |  0,00 | 1,339 | 44,35 | 44,35 |  0,00 | 27,790 | 353,50 | 353,50 | 15,64 | 1089,356 | 294,07 | 348,60 |  0,00 | 138,745 | 62,78 | 62,78 | 297,792 |   NaN | NaN | 0,00 | 0,00 | NaN
  28 |  6,48 | 287,118 | 754,30 | 806,59 | 759,15 |  0,00 | 1,406 | 44,35 | 44,35 |  0,00 | 32,152 | 352,70 | 352,70 | 15,08 | 1097,926 | 294,47 | 346,76 |  0,00 | 139,013 | 62,78 | 62,78 | 298,296 |   NaN | NaN | 0,00 | 0,00 | NaN
  29 |  7,67 | 289,502 | 755,15 | 817,92 | 759,98 |  0,00 | 1,385 | 44,35 | 44,35 |  0,00 | 32,743 | 356,02 | 356,02 | 17,69 | 1116,448 | 292,00 | 354,77 |  0,00 | 138,865 | 62,78 | 62,78 | 298,052 |   NaN | NaN | 0,00 | 0,00 | NaN
  30 |  6,61 | 285,957 | 753,94 | 807,28 | 758,80 |  0,00 | 1,415 | 44,35 | 44,35 |  0,00 | 28,792 | 349,92 | 349,92 | 15,23 | 1088,480 | 296,89 | 350,23 |  0,00 | 138,841 | 62,78 | 62,78 | 297,974 |   NaN | NaN | 0,00 | 0,00 | NaN
  31 |  6,81 | 281,787 | 754,83 | 810,01 | 759,67 |  0,00 | 1,382 | 44,35 | 44,35 |  0,00 | 30,555 | 351,31 | 351,31 | 15,69 | 1072,315 | 296,39 | 351,57 |  0,00 | 138,987 | 62,78 | 62,78 | 298,260 |   NaN | NaN | 0,00 | 0,00 | NaN
  32 |  6,90 | 290,034 | 755,77 | 811,77 | 760,61 |  0,00 | 1,339 | 44,35 | 44,35 |  0,00 | 29,993 | 352,44 | 352,44 | 15,90 | 1107,117 | 296,20 | 352,19 |  0,00 | 138,877 | 62,78 | 62,78 | 298,105 |   NaN | NaN | 0,00 | 0,00 | NaN
  33 |  6,39 | 279,236 | 755,52 | 807,11 | 760,37 |  0,00 | 1,404 | 44,35 | 44,35 |  0,00 | 30,048 | 348,85 | 348,85 | 14,69 | 1052,069 | 299,54 | 351,13 |  0,00 | 138,963 | 62,78 | 62,78 | 298,168 |   NaN | NaN | 0,00 | 0,00 | NaN
  34 |  6,25 | 282,824 | 755,03 | 805,39 | 759,84 |  0,00 | 1,395 | 44,35 | 44,35 |  0,00 | 29,182 | 352,09 | 352,09 | 14,55 | 1080,336 | 295,80 | 346,16 |  0,00 | 138,605 | 62,78 | 62,78 | 297,585 |   NaN | NaN | 0,00 | 0,00 | NaN
  35 |  7,53 | 290,218 | 755,13 | 816,59 | 759,94 |  0,00 | 1,345 | 44,35 | 44,35 |  0,00 | 29,632 | 354,74 | 354,74 | 17,33 | 1118,813 | 293,25 | 354,72 |  0,00 | 136,808 | 62,78 | 62,78 | 294,793 |   NaN | NaN | 0,00 | 0,00 | NaN
  36 |  6,41 | 279,578 | 755,20 | 806,96 | 760,03 |  0,00 | 1,398 | 44,35 | 44,35 |  0,00 | 30,421 | 346,89 | 346,89 | 14,67 | 1047,180 | 301,18 | 352,94 |  0,00 | 138,827 | 62,78 | 62,78 | 297,819 |   NaN | NaN | 0,00 | 0,00 | NaN
  37 |  7,77 | 292,286 | 755,47 | 819,15 | 760,30 |  0,00 | 1,381 | 44,35 | 44,35 |  0,00 | 31,117 | 358,61 | 358,61 | 18,02 | 1138,553 | 289,73 | 353,41 |  0,00 | 138,874 | 62,78 | 62,78 | 298,076 |   NaN | NaN | 0,00 | 0,00 | NaN
  38 |  7,01 | 287,004 | 754,60 | 811,51 | 759,42 |  0,00 | 1,372 | 44,35 | 44,35 |  0,00 | 30,160 | 353,31 | 353,31 | 16,21 | 1101,082 | 294,16 | 351,07 |  0,00 | 138,919 | 62,78 | 62,78 | 298,035 |   NaN | NaN | 0,00 | 0,00 | NaN
  39 |  6,09 | 286,183 | 753,48 | 802,36 | 758,35 |  0,00 | 1,415 | 44,35 | 44,35 |  0,00 | 32,044 | 348,46 | 348,46 | 14,10 | 1081,182 | 297,88 | 346,76 |  0,00 | 138,820 | 62,78 | 62,78 | 297,945 |   NaN | NaN | 0,00 | 0,00 | NaN
  40 |  6,09 | 277,781 | 753,43 | 802,29 | 758,28 |  0,00 | 1,415 | 44,35 | 44,35 |  0,00 | 34,443 | 348,51 | 348,51 | 14,09 | 1045,736 | 297,79 | 346,64 |  0,00 | 138,800 | 62,78 | 62,78 | 297,808 |   NaN | NaN | 0,00 | 0,00 | NaN
  41 |  7,54 | 284,231 | 753,88 | 815,32 | 758,74 |  0,00 | 1,398 | 44,35 | 44,35 |  0,00 | 28,466 | 350,59 | 350,59 | 17,18 | 1084,008 | 296,15 | 357,60 |  0,00 | 138,985 | 62,78 | 62,78 | 298,227 |   NaN | NaN | 0,00 | 0,00 | NaN
  42 |  7,68 | 291,145 | 754,34 | 817,12 | 759,16 |  0,00 | 1,344 | 44,35 | 44,35 |  0,00 | 30,447 | 354,91 | 354,91 | 17,68 | 1124,126 | 292,29 | 355,07 |  0,00 | 138,997 | 62,78 | 62,78 | 298,267 |   NaN | NaN | 0,00 | 0,00 | NaN
  43 |  7,76 | 287,462 | 753,55 | 816,90 | 758,42 |  0,00 | 1,423 | 44,35 | 44,35 |  0,00 | 32,198 | 354,69 | 354,69 | 17,84 | 1108,376 | 291,73 | 355,09 |  0,00 | 138,842 | 62,78 | 62,78 | 297,944 |   NaN | NaN | 0,00 | 0,00 | NaN
  44 |  7,82 | 290,410 | 754,34 | 818,33 | 759,17 |  0,00 | 1,335 | 44,35 | 44,35 |  0,00 | 25,353 | 352,53 | 352,53 | 17,84 | 1118,527 | 294,68 | 358,67 |  0,00 | 139,014 | 62,78 | 62,78 | 298,286 |   NaN | NaN | 0,00 | 0,00 | NaN
  45 |  7,34 | 290,159 | 754,08 | 813,79 | 758,96 |  0,00 | 1,419 | 44,35 | 44,35 |  0,00 | 27,652 | 358,32 | 358,32 | 17,14 | 1136,691 | 288,63 | 348,34 |  0,00 | 138,963 | 62,78 | 62,78 | 298,181 |   NaN | NaN | 0,00 | 0,00 | NaN
  46 |  6,98 | 286,134 | 753,82 | 810,35 | 758,64 |  0,00 | 1,358 | 44,35 | 44,35 |  0,00 | 28,385 | 347,75 | 347,75 | 15,90 | 1082,252 | 298,94 | 355,46 |  0,00 | 138,850 | 62,78 | 62,78 | 298,032 |   NaN | NaN | 0,00 | 0,00 | NaN
  47 |  6,47 | 285,138 | 754,42 | 806,64 | 759,26 |  0,00 | 1,356 | 44,35 | 44,35 |  0,00 | 32,472 | 352,75 | 352,75 | 15,06 | 1089,417 | 294,54 | 346,76 |  0,00 | 138,937 | 62,78 | 62,78 | 298,172 |   NaN | NaN | 0,00 | 0,00 | NaN
  48 |  6,53 | 279,704 | 753,54 | 806,17 | 758,38 |  0,00 | 1,386 | 44,35 | 44,35 |  0,00 | 35,786 | 349,10 | 349,10 | 15,04 | 1053,240 | 297,31 | 349,94 |  0,00 | 138,980 | 62,78 | 62,78 | 298,254 |   NaN | NaN | 0,00 | 0,00 | NaN
  49 |  6,46 | 278,047 | 753,84 | 805,86 | 758,68 |  0,00 | 1,398 | 44,35 | 44,35 |  0,00 | 31,765 | 350,51 | 350,51 | 14,94 | 1055,580 | 296,19 | 348,21 |  0,00 | 138,992 | 62,78 | 62,78 | 298,229 |   NaN | NaN | 0,00 | 0,00 | NaN
  50 |  6,97 | 285,895 | 754,91 | 811,44 | 759,73 |  0,00 | 1,352 | 44,35 | 44,35 |  0,00 | 31,660 | 353,86 | 353,86 | 16,13 | 1095,802 | 293,92 | 350,44 |  0,00 | 138,812 | 62,78 | 62,78 | 297,943 |   NaN | NaN | 0,00 | 0,00 | NaN
  51 |  7,09 | 278,584 | 755,02 | 812,60 | 759,85 |  0,00 | 1,350 | 44,35 | 44,35 |  0,00 | 29,262 | 352,32 | 352,32 | 16,31 | 1063,621 | 295,56 | 353,14 |  0,00 | 138,898 | 62,78 | 62,78 | 298,144 |   NaN | NaN | 0,00 | 0,00 | NaN
  52 |  6,88 | 291,095 | 754,24 | 809,98 | 759,08 |  0,00 | 1,377 | 44,35 | 44,35 |  0,00 | 30,479 | 347,11 | 347,11 | 15,67 | 1095,579 | 299,99 | 355,74 |  0,00 | 138,853 | 62,78 | 62,78 | 298,091 |   NaN | NaN | 0,00 | 0,00 | NaN
  53 |  7,06 | 289,232 | 754,53 | 811,82 | 759,38 |  0,00 | 1,364 | 44,35 | 44,35 |  0,00 | 28,611 | 351,92 | 351,92 | 16,24 | 1107,243 | 295,48 | 352,77 |  0,00 | 138,813 | 62,78 | 62,78 | 298,013 |   NaN | NaN | 0,00 | 0,00 | NaN
  54 |  6,24 | 276,188 | 755,19 | 805,44 | 760,03 |  0,00 | 1,366 | 44,35 | 44,35 |  0,00 | 31,454 | 351,20 | 351,20 | 14,48 | 1047,456 | 296,86 | 347,11 |  0,00 | 138,836 | 62,78 | 62,78 | 298,057 |   NaN | NaN | 0,00 | 0,00 | NaN
  55 |  6,99 | 288,277 | 754,10 | 810,74 | 758,92 |  0,00 | 1,351 | 44,35 | 44,35 |  0,00 | 30,537 | 351,08 | 351,08 | 16,07 | 1099,646 | 295,89 | 352,53 |  0,00 | 138,734 | 62,78 | 62,78 | 297,775 |   NaN | NaN | 0,00 | 0,00 | NaN
  56 |  6,17 | 275,809 | 754,49 | 804,11 | 759,33 |  0,00 | 1,357 | 44,35 | 44,35 |  0,00 | 27,656 | 349,28 | 349,28 | 14,27 | 1045,662 | 298,07 | 347,70 |  0,00 | 138,958 | 62,78 | 62,78 | 298,225 |   NaN | NaN | 0,00 | 0,00 | NaN
  57 |  6,88 | 273,829 | 754,25 | 810,02 | 759,10 |  0,00 | 1,354 | 44,35 | 44,35 |  0,00 | 30,158 | 350,42 | 350,42 | 15,82 | 1038,958 | 296,70 | 352,47 |  0,00 | 138,986 | 62,78 | 62,78 | 298,267 |   NaN | NaN | 0,00 | 0,00 | NaN
  58 |  7,09 | 289,390 | 754,22 | 811,79 | 759,04 |  0,00 | 1,383 | 44,35 | 44,35 |  0,00 | 29,618 | 354,70 | 354,70 | 16,45 | 1117,148 | 292,39 | 349,95 |  0,00 | 139,084 | 62,78 | 62,78 | 298,363 |   NaN | NaN | 0,00 | 0,00 | NaN
  59 |  7,50 | 285,371 | 754,30 | 815,46 | 759,10 |  0,00 | 1,402 | 44,35 | 44,35 |  0,00 | 31,470 | 350,66 | 350,66 | 17,10 | 1084,313 | 296,50 | 357,66 |  0,00 | 138,797 | 62,78 | 62,78 | 297,806 |   NaN | NaN | 0,00 | 0,00 | NaN
  60 |  7,32 | 291,161 | 754,51 | 814,10 | 759,33 |  0,00 | 1,337 | 44,35 | 44,35 |  0,00 | 28,060 | 354,30 | 354,30 | 16,90 | 1124,711 | 293,08 | 352,67 |  0,00 | 138,918 | 62,78 | 62,78 | 298,135 |   NaN | NaN | 0,00 | 0,00 | NaN
  61 |  7,47 | 289,452 | 755,23 | 816,21 | 760,05 |  0,00 | 1,359 | 44,35 | 44,35 |  0,00 | 33,760 | 353,85 | 353,85 | 17,17 | 1106,571 | 294,25 | 355,23 |  0,00 | 138,819 | 62,78 | 62,78 | 297,957 |   NaN | NaN | 0,00 | 0,00 | NaN
  62 |  7,44 | 283,849 | 753,11 | 813,67 | 758,00 |  0,00 | 1,421 | 44,35 | 44,35 |  0,00 | 33,866 | 351,33 | 351,33 | 17,05 | 1080,956 | 294,65 | 355,21 |  0,00 | 139,024 | 62,78 | 62,78 | 298,287 |   NaN | NaN | 0,00 | 0,00 | NaN
  63 |  7,41 | 287,438 | 753,73 | 814,06 | 758,55 |  0,00 | 1,376 | 44,35 | 44,35 |  0,00 | 31,535 | 356,18 | 356,18 | 17,20 | 1114,527 | 290,41 | 350,75 |  0,00 | 138,862 | 62,78 | 62,78 | 297,995 |   NaN | NaN | 0,00 | 0,00 | NaN
  64 |  6,00 | 274,479 | 755,44 | 803,63 | 760,32 |  0,00 | 1,420 | 44,35 | 44,35 |  0,00 | 29,560 | 349,36 | 349,36 | 13,88 | 1036,014 | 298,94 | 347,13 |  0,00 | 138,951 | 62,78 | 62,78 | 298,149 |   NaN | NaN | 0,00 | 0,00 | NaN

= = = = = = = = = = = = AVERAGE RESULTS system = = = = = = = = = = = =
meanPLR_system | 7,056914 
meanDelay_system | 284,403165 
meanLoad_system | 811,740356 
meanTHR_system | 754,429218 
meanGate_system | 759,269505 

meanPLR_EF_system | 0,000000 
meanPLR_AF_system | 0,000000 
meanPLR_BE_system | 16,269623 
meanPLR_FLA_system | 0,000000 
meanPLR_FLB_system | NaN 

meanTHR_EF_system | 44,352005 
meanTHR_AF_system | 352,538762 
meanTHR_BE_system | 294,756915 
meanTHR_FLA_system | 64,213142 
meanTHR_FLB_system | 0,000000 

meanLoad_EF_system | 44,352005 
meanLoad_AF_system | 352,538762 
meanLoad_BE_system | 352,068053 
meanLoad_FLA_system | 64,213142 
meanLoad_FLB_system | 0,000000 

meanDELAY_EF_system | 1,381059 
meanDELAY_AF_system | 30,106113 
meanDELAY_BE_system | 1088,723320 
meanDELAY_FLA_system | 138,920361 
meanDELAY_FLB_system | NaN 
meanDELAY_CompleteFLA_system | 298,113855 
meanDELAY_CompleteFLB_system | NaN 

= = = = = = = = = = = = AVERAGE RESULTS = = = = = = = = = = = =
Packet Loss Ratio: 07,06 (%)
PROCESSED PACKAGES: 1602916474 
DISCARTED PACKAGES: 77109029 
TOTAL PACKAGES: 1680025503 
AVERAGE DELAY: 52935,08 (ms) 
AVERAGE THROUGHPUT: 754,43 (Mbps) 
GRANTED THROUGHPUT: 48593,25 (Mbps) By 64 ONUs
EFFECTIVE THROUGHPUT: 48283,47 (Mbps) By 64 ONUs
TOTAL LOAD: 51951,38 (Mbps) By 64 ONUs
ON Arrival THROUGHPUT: 0,00 (Mbps) By 64 ONUs
FINISHTIMEFL: 131,561855 
FINISHTIME: 134,561855 


fileName | IPACT_STRICTPRIORITY_2_40_94_0 
