
ONU ID 	|  PLR(%) | Delay(ms) | Throughput(Mbps) | Granted Throughput(Mbps) | Total Load (Mbps) 

  ID |  PLR(%) |  D  | Thr |  Gates  |  Load  | PLR-EF | D-EF | ThrEF | LoadEF | PLR-AF | D-AF | ThrAF | LoadAF | PLR-BE | D-BE | ThrBE | LoadBE | PLR-FA | D-FA | ThrFA | LoadFA | DTFA |  PLR-FB | D-FB | ThrFB | LoadFB | DTFB | 
   1 |  0,00 | 0,361 | 563,92 | 563,92 | 603,90 |  0,00 | 0,155 | 44,35 | 44,35 |  0,00 | 0,256 | 247,87 | 247,87 |  0,00 | 0,350 | 243,10 | 243,10 |  0,00 | 9,095 | 28,60 | 28,60 | 39,101 |   NaN | NaN | 0,00 | 0,00 | NaN
   2 |  0,00 | 0,552 | 562,43 | 562,43 | 607,16 |  0,00 | 0,167 | 44,35 | 44,35 |  0,00 | 0,401 | 246,73 | 246,73 |  0,00 | 0,491 | 242,74 | 242,74 |  0,00 | 16,758 | 28,60 | 28,60 | 55,033 |   NaN | NaN | 0,00 | 0,00 | NaN
   3 |  0,00 | 0,356 | 557,40 | 557,40 | 593,91 |  0,00 | 0,104 | 44,35 | 44,35 |  0,00 | 0,212 | 241,56 | 241,56 |  0,00 | 0,423 | 242,89 | 242,89 |  0,00 | 9,957 | 28,60 | 28,60 | 41,025 |   NaN | NaN | 0,00 | 0,00 | NaN
   4 |  0,00 | 0,340 | 563,64 | 563,64 | 600,11 |  0,00 | 0,109 | 44,35 | 44,35 |  0,00 | 0,207 | 246,77 | 246,77 |  0,00 | 0,411 | 243,91 | 243,91 |  0,00 | 9,012 | 28,60 | 28,60 | 39,089 |   NaN | NaN | 0,00 | 0,00 | NaN
   5 |  0,00 | 0,352 | 558,25 | 558,25 | 595,18 |  0,00 | 0,135 | 44,35 | 44,35 |  0,00 | 0,226 | 243,60 | 243,60 |  0,00 | 0,381 | 241,69 | 241,69 |  0,00 | 9,104 | 28,60 | 28,60 | 39,181 |   NaN | NaN | 0,00 | 0,00 | NaN
   6 |  0,00 | 0,333 | 562,10 | 562,10 | 597,99 |  0,00 | 0,086 | 44,35 | 44,35 |  0,00 | 0,181 | 245,50 | 245,50 |  0,00 | 0,425 | 243,64 | 243,64 |  0,00 | 9,548 | 28,60 | 28,60 | 40,129 |   NaN | NaN | 0,00 | 0,00 | NaN
   7 |  0,00 | 0,360 | 560,70 | 560,70 | 597,21 |  0,00 | 0,102 | 44,35 | 44,35 |  0,00 | 0,218 | 243,68 | 243,68 |  0,00 | 0,435 | 244,07 | 244,07 |  0,00 | 10,011 | 28,60 | 28,60 | 42,044 |   NaN | NaN | 0,00 | 0,00 | NaN
   8 |  0,00 | 0,369 | 564,80 | 564,80 | 603,99 |  0,00 | 0,152 | 44,35 | 44,35 |  0,00 | 0,266 | 245,36 | 245,36 |  0,00 | 0,361 | 246,49 | 246,49 |  0,00 | 9,379 | 28,60 | 28,60 | 39,900 |   NaN | NaN | 0,00 | 0,00 | NaN
   9 |  0,00 | 0,330 | 562,23 | 562,23 | 598,60 |  0,00 | 0,092 | 44,35 | 44,35 |  0,00 | 0,204 | 244,29 | 244,29 |  0,00 | 0,422 | 244,98 | 244,98 |  0,00 | 8,766 | 28,60 | 28,60 | 38,709 |   NaN | NaN | 0,00 | 0,00 | NaN
  10 |  0,00 | 0,359 | 560,63 | 560,63 | 599,84 |  0,00 | 0,153 | 44,35 | 44,35 |  0,00 | 0,253 | 245,00 | 245,00 |  0,00 | 0,354 | 242,68 | 242,68 |  0,00 | 8,977 | 28,60 | 28,60 | 38,907 |   NaN | NaN | 0,00 | 0,00 | NaN
  11 |  0,00 | 0,952 | 559,95 | 559,95 | 596,28 |  0,00 | 0,092 | 44,35 | 44,35 |  0,00 | 0,680 | 243,25 | 243,25 |  0,00 | 0,965 | 243,74 | 243,74 |  0,00 | 33,638 | 28,60 | 28,60 | 84,950 |   NaN | NaN | 0,00 | 0,00 | NaN
  12 |  0,00 | 0,362 | 561,38 | 561,38 | 601,21 |  0,00 | 0,155 | 44,35 | 44,35 |  0,00 | 0,262 | 243,96 | 243,96 |  0,00 | 0,356 | 244,47 | 244,47 |  0,00 | 8,930 | 28,60 | 28,60 | 38,910 |   NaN | NaN | 0,00 | 0,00 | NaN
  13 |  0,00 | 0,530 | 554,33 | 554,33 | 590,94 |  0,00 | 0,119 | 44,35 | 44,35 |  0,00 | 0,333 | 242,32 | 242,32 |  0,00 | 0,543 | 239,06 | 239,06 |  0,00 | 17,097 | 28,60 | 28,60 | 55,841 |   NaN | NaN | 0,00 | 0,00 | NaN
  14 |  0,00 | 0,357 | 563,55 | 563,55 | 605,31 |  0,00 | 0,161 | 44,35 | 44,35 |  0,00 | 0,248 | 244,57 | 244,57 |  0,00 | 0,338 | 246,04 | 246,04 |  0,00 | 8,957 | 28,60 | 28,60 | 38,995 |   NaN | NaN | 0,00 | 0,00 | NaN
  15 |  0,00 | 0,369 | 560,17 | 560,17 | 600,13 |  0,00 | 0,155 | 44,35 | 44,35 |  0,00 | 0,280 | 240,83 | 240,83 |  0,00 | 0,345 | 246,39 | 246,39 |  0,00 | 9,314 | 28,60 | 28,60 | 39,845 |   NaN | NaN | 0,00 | 0,00 | NaN
  16 |  0,00 | 0,362 | 566,78 | 566,78 | 604,66 |  0,00 | 0,146 | 44,35 | 44,35 |  0,00 | 0,255 | 245,59 | 245,59 |  0,00 | 0,373 | 248,23 | 248,23 |  0,00 | 9,087 | 28,60 | 28,60 | 39,399 |   NaN | NaN | 0,00 | 0,00 | NaN
  17 |  0,00 | 0,367 | 561,59 | 561,59 | 602,60 |  0,00 | 0,159 | 44,35 | 44,35 |  0,00 | 0,268 | 245,51 | 245,51 |  0,00 | 0,350 | 243,12 | 243,12 |  0,00 | 9,143 | 28,60 | 28,60 | 39,257 |   NaN | NaN | 0,00 | 0,00 | NaN
  18 |  0,00 | 0,452 | 558,29 | 558,29 | 595,25 |  0,00 | 0,135 | 44,35 | 44,35 |  0,00 | 0,293 | 243,18 | 243,18 |  0,00 | 0,452 | 242,16 | 242,16 |  0,00 | 13,530 | 28,60 | 28,60 | 45,834 |   NaN | NaN | 0,00 | 0,00 | NaN
  19 |  0,00 | 0,362 | 555,32 | 555,32 | 592,01 |  0,00 | 0,126 | 44,35 | 44,35 |  0,00 | 0,255 | 240,51 | 240,51 |  0,00 | 0,384 | 241,86 | 241,86 |  0,00 | 9,550 | 28,60 | 28,60 | 40,098 |   NaN | NaN | 0,00 | 0,00 | NaN
  20 |  0,00 | 0,997 | 555,16 | 555,16 | 591,65 |  0,00 | 0,122 | 44,35 | 44,35 |  0,00 | 0,714 | 243,42 | 243,42 |  0,00 | 1,119 | 238,79 | 238,79 |  0,00 | 32,674 | 28,60 | 28,60 | 86,922 |   NaN | NaN | 0,00 | 0,00 | NaN
  21 |  0,00 | 0,360 | 553,73 | 553,73 | 590,37 |  0,00 | 0,126 | 44,35 | 44,35 |  0,00 | 0,237 | 241,37 | 241,37 |  0,00 | 0,390 | 239,41 | 239,41 |  0,00 | 9,576 | 28,60 | 28,60 | 40,313 |   NaN | NaN | 0,00 | 0,00 | NaN
  22 |  0,00 | 0,360 | 563,54 | 563,54 | 607,07 |  0,00 | 0,165 | 44,35 | 44,35 |  0,00 | 0,264 | 247,89 | 247,89 |  0,00 | 0,334 | 242,70 | 242,70 |  0,00 | 8,791 | 28,60 | 28,60 | 38,642 |   NaN | NaN | 0,00 | 0,00 | NaN
  23 |  0,00 | 1,705 | 561,85 | 561,85 | 599,88 |  0,00 | 0,147 | 44,35 | 44,35 |  0,00 | 1,391 | 244,82 | 244,82 |  0,00 | 1,822 | 244,07 | 244,07 |  0,00 | 56,680 | 28,60 | 28,60 | 129,225 |   NaN | NaN | 0,00 | 0,00 | NaN
  24 |  0,00 | 0,522 | 564,44 | 564,44 | 600,98 |  0,00 | 0,109 | 44,35 | 44,35 |  0,00 | 0,340 | 245,07 | 245,07 |  0,00 | 0,546 | 246,42 | 246,42 |  0,00 | 16,836 | 28,60 | 28,60 | 55,458 |   NaN | NaN | 0,00 | 0,00 | NaN
  25 |  0,00 | 0,372 | 562,35 | 562,35 | 606,56 |  0,00 | 0,166 | 44,35 | 44,35 |  0,00 | 0,278 | 241,61 | 241,61 |  0,00 | 0,344 | 247,79 | 247,79 |  0,00 | 9,138 | 28,60 | 28,60 | 39,378 |   NaN | NaN | 0,00 | 0,00 | NaN
  26 |  0,00 | 0,422 | 559,00 | 559,00 | 601,63 |  0,00 | 0,163 | 44,35 | 44,35 |  0,00 | 0,284 | 243,72 | 243,72 |  0,00 | 0,371 | 242,33 | 242,33 |  0,00 | 12,077 | 28,60 | 28,60 | 43,680 |   NaN | NaN | 0,00 | 0,00 | NaN
  27 |  0,00 | 0,382 | 558,28 | 558,28 | 594,55 |  0,00 | 0,089 | 44,35 | 44,35 |  0,00 | 0,226 | 244,69 | 244,69 |  0,00 | 0,487 | 240,64 | 240,64 |  0,00 | 10,935 | 28,60 | 28,60 | 45,268 |   NaN | NaN | 0,00 | 0,00 | NaN
  28 |  0,00 | 1,745 | 555,74 | 555,74 | 595,80 |  0,00 | 0,155 | 44,35 | 44,35 |  0,00 | 1,506 | 243,17 | 243,17 |  0,00 | 2,034 | 239,61 | 239,61 |  0,00 | 53,826 | 28,60 | 28,60 | 128,406 |   NaN | NaN | 0,00 | 0,00 | NaN
  29 |  0,00 | 0,971 | 560,99 | 560,99 | 597,83 |  0,00 | 0,135 | 44,35 | 44,35 |  0,00 | 0,711 | 242,68 | 242,68 |  0,00 | 1,011 | 245,36 | 245,36 |  0,00 | 32,242 | 28,60 | 28,60 | 87,832 |   NaN | NaN | 0,00 | 0,00 | NaN
  30 |  0,00 | 0,509 | 559,16 | 559,16 | 602,91 |  0,00 | 0,165 | 44,35 | 44,35 |  0,00 | 0,335 | 242,80 | 242,80 |  0,00 | 0,445 | 243,41 | 243,41 |  0,00 | 15,747 | 28,60 | 28,60 | 51,705 |   NaN | NaN | 0,00 | 0,00 | NaN
  31 |  0,00 | 1,720 | 558,66 | 558,66 | 595,46 |  0,00 | 0,132 | 44,35 | 44,35 |  0,00 | 1,435 | 244,01 | 244,01 |  0,00 | 1,847 | 241,70 | 241,70 |  0,00 | 57,063 | 28,60 | 28,60 | 129,700 |   NaN | NaN | 0,00 | 0,00 | NaN
  32 |  0,00 | 0,958 | 562,10 | 562,10 | 598,28 |  0,00 | 0,089 | 44,35 | 44,35 |  0,00 | 0,655 | 244,02 | 244,02 |  0,00 | 0,994 | 245,13 | 245,13 |  0,00 | 34,118 | 28,60 | 28,60 | 85,811 |   NaN | NaN | 0,00 | 0,00 | NaN
  33 |  0,00 | 0,562 | 557,95 | 557,95 | 597,52 |  0,00 | 0,154 | 44,35 | 44,35 |  0,00 | 0,428 | 242,26 | 242,26 |  0,00 | 0,559 | 242,74 | 242,74 |  0,00 | 16,342 | 28,60 | 28,60 | 59,932 |   NaN | NaN | 0,00 | 0,00 | NaN
  34 |  0,00 | 0,378 | 559,84 | 559,84 | 597,63 |  0,00 | 0,145 | 44,35 | 44,35 |  0,00 | 0,263 | 242,80 | 242,80 |  0,00 | 0,388 | 244,09 | 244,09 |  0,00 | 9,765 | 28,60 | 28,60 | 41,516 |   NaN | NaN | 0,00 | 0,00 | NaN
  35 |  0,00 | 0,343 | 562,52 | 562,52 | 598,97 |  0,00 | 0,094 | 44,35 | 44,35 |  0,00 | 0,213 | 245,11 | 245,11 |  0,00 | 0,439 | 244,46 | 244,46 |  0,00 | 9,144 | 28,60 | 28,60 | 39,433 |   NaN | NaN | 0,00 | 0,00 | NaN
  36 |  0,00 | 0,387 | 558,69 | 558,69 | 596,92 |  0,00 | 0,147 | 44,35 | 44,35 |  0,00 | 0,282 | 242,12 | 242,12 |  0,00 | 0,364 | 243,62 | 243,62 |  0,00 | 10,425 | 28,60 | 28,60 | 41,679 |   NaN | NaN | 0,00 | 0,00 | NaN
  37 |  0,00 | 0,934 | 564,17 | 564,17 | 600,82 |  0,00 | 0,130 | 44,35 | 44,35 |  0,00 | 0,621 | 246,95 | 246,95 |  0,00 | 0,937 | 244,26 | 244,26 |  0,00 | 32,711 | 28,60 | 28,60 | 83,569 |   NaN | NaN | 0,00 | 0,00 | NaN
  38 |  0,00 | 0,475 | 564,27 | 564,27 | 600,93 |  0,00 | 0,122 | 44,35 | 44,35 |  0,00 | 0,300 | 245,26 | 245,26 |  0,00 | 0,501 | 246,06 | 246,06 |  0,00 | 14,619 | 28,60 | 28,60 | 50,941 |   NaN | NaN | 0,00 | 0,00 | NaN
  39 |  0,00 | 0,810 | 554,58 | 554,58 | 598,12 |  0,00 | 0,165 | 44,35 | 44,35 |  0,00 | 0,611 | 242,19 | 242,19 |  0,00 | 0,842 | 239,43 | 239,43 |  0,00 | 24,934 | 28,60 | 28,60 | 74,790 |   NaN | NaN | 0,00 | 0,00 | NaN
  40 |  0,00 | 0,473 | 554,78 | 554,78 | 598,39 |  0,00 | 0,165 | 44,35 | 44,35 |  0,00 | 0,340 | 242,99 | 242,99 |  0,00 | 0,420 | 238,85 | 238,85 |  0,00 | 13,649 | 28,60 | 28,60 | 48,377 |   NaN | NaN | 0,00 | 0,00 | NaN
  41 |  0,00 | 1,587 | 564,28 | 564,28 | 602,57 |  0,00 | 0,148 | 44,35 | 44,35 |  0,00 | 1,193 | 243,83 | 243,83 |  0,00 | 2,139 | 247,50 | 247,50 |  0,00 | 46,717 | 28,60 | 28,60 | 116,814 |   NaN | NaN | 0,00 | 0,00 | NaN
  42 |  0,00 | 1,016 | 562,92 | 562,92 | 599,31 |  0,00 | 0,094 | 44,35 | 44,35 |  0,00 | 0,715 | 244,68 | 244,68 |  0,00 | 1,257 | 245,28 | 245,28 |  0,00 | 32,607 | 28,60 | 28,60 | 88,414 |   NaN | NaN | 0,00 | 0,00 | NaN
  43 |  0,00 | 0,808 | 565,85 | 565,85 | 608,31 |  0,00 | 0,172 | 44,35 | 44,35 |  0,00 | 0,606 | 246,97 | 246,97 |  0,00 | 0,832 | 245,93 | 245,93 |  0,00 | 24,818 | 28,60 | 28,60 | 75,406 |   NaN | NaN | 0,00 | 0,00 | NaN
  44 |  0,00 | 1,666 | 562,43 | 562,43 | 598,35 |  0,00 | 0,086 | 44,35 | 44,35 |  0,00 | 1,383 | 244,20 | 244,20 |  0,00 | 2,144 | 245,28 | 245,28 |  0,00 | 51,005 | 28,60 | 28,60 | 126,788 |   NaN | NaN | 0,00 | 0,00 | NaN
  45 |  0,00 | 1,122 | 561,09 | 561,09 | 606,30 |  0,00 | 0,169 | 44,35 | 44,35 |  0,00 | 0,884 | 246,22 | 246,22 |  0,00 | 1,260 | 241,91 | 241,91 |  0,00 | 34,492 | 28,60 | 28,60 | 93,560 |   NaN | NaN | 0,00 | 0,00 | NaN
  46 |  0,00 | 0,953 | 560,48 | 560,48 | 596,96 |  0,00 | 0,108 | 44,35 | 44,35 |  0,00 | 0,661 | 243,31 | 243,31 |  0,00 | 1,072 | 244,22 | 244,22 |  0,00 | 31,843 | 28,60 | 28,60 | 85,924 |   NaN | NaN | 0,00 | 0,00 | NaN
  47 |  0,00 | 1,548 | 560,27 | 560,27 | 596,75 |  0,00 | 0,105 | 44,35 | 44,35 |  0,00 | 1,194 | 245,48 | 245,48 |  0,00 | 1,677 | 241,84 | 241,84 |  0,00 | 53,191 | 28,60 | 28,60 | 117,718 |   NaN | NaN | 0,00 | 0,00 | NaN
  48 |  0,00 | 1,738 | 558,45 | 558,45 | 595,38 |  0,00 | 0,135 | 44,35 | 44,35 |  0,00 | 1,499 | 242,73 | 242,73 |  0,00 | 2,273 | 242,77 | 242,77 |  0,00 | 50,280 | 28,60 | 28,60 | 124,914 |   NaN | NaN | 0,00 | 0,00 | NaN
  49 |  0,00 | 1,502 | 559,49 | 559,49 | 597,67 |  0,00 | 0,147 | 44,35 | 44,35 |  0,00 | 1,218 | 244,81 | 244,81 |  0,00 | 1,458 | 241,73 | 241,73 |  0,00 | 51,830 | 28,60 | 28,60 | 115,811 |   NaN | NaN | 0,00 | 0,00 | NaN
  50 |  0,00 | 0,749 | 561,83 | 561,83 | 598,31 |  0,00 | 0,102 | 44,35 | 44,35 |  0,00 | 0,493 | 246,30 | 246,30 |  0,00 | 0,852 | 242,57 | 242,57 |  0,00 | 24,785 | 28,60 | 28,60 | 73,899 |   NaN | NaN | 0,00 | 0,00 | NaN
  51 |  0,00 | 1,540 | 561,27 | 561,27 | 597,72 |  0,00 | 0,100 | 44,35 | 44,35 |  0,00 | 1,199 | 242,90 | 242,90 |  0,00 | 1,999 | 245,41 | 245,41 |  0,00 | 47,471 | 28,60 | 28,60 | 118,298 |   NaN | NaN | 0,00 | 0,00 | NaN
  52 |  0,00 | 1,319 | 557,50 | 557,50 | 594,06 |  0,00 | 0,126 | 44,35 | 44,35 |  0,00 | 1,079 | 240,56 | 240,56 |  0,00 | 1,630 | 243,98 | 243,98 |  0,00 | 39,777 | 28,60 | 28,60 | 107,359 |   NaN | NaN | 0,00 | 0,00 | NaN
  53 |  0,00 | 0,981 | 561,55 | 561,55 | 598,02 |  0,00 | 0,113 | 44,35 | 44,35 |  0,00 | 0,657 | 244,68 | 244,68 |  0,00 | 1,044 | 243,92 | 243,92 |  0,00 | 34,006 | 28,60 | 28,60 | 87,371 |   NaN | NaN | 0,00 | 0,00 | NaN
  54 |  0,00 | 1,115 | 557,59 | 557,59 | 594,02 |  0,00 | 0,116 | 44,35 | 44,35 |  0,00 | 0,861 | 243,91 | 243,91 |  0,00 | 1,349 | 240,73 | 240,73 |  0,00 | 34,687 | 28,60 | 28,60 | 94,538 |   NaN | NaN | 0,00 | 0,00 | NaN
  55 |  0,00 | 0,495 | 559,78 | 559,78 | 596,31 |  0,00 | 0,101 | 44,35 | 44,35 |  0,00 | 0,314 | 242,91 | 242,91 |  0,00 | 0,561 | 243,91 | 243,91 |  0,00 | 15,433 | 28,60 | 28,60 | 52,746 |   NaN | NaN | 0,00 | 0,00 | NaN
  56 |  0,00 | 1,622 | 558,17 | 558,17 | 594,68 |  0,00 | 0,107 | 44,35 | 44,35 |  0,00 | 1,411 | 241,84 | 241,84 |  0,00 | 2,083 | 243,38 | 243,38 |  0,00 | 47,922 | 28,60 | 28,60 | 119,952 |   NaN | NaN | 0,00 | 0,00 | NaN
  57 |  0,00 | 1,740 | 561,00 | 561,00 | 597,53 |  0,00 | 0,104 | 44,35 | 44,35 |  0,00 | 1,555 | 243,70 | 243,70 |  0,00 | 1,945 | 244,35 | 244,35 |  0,00 | 55,789 | 28,60 | 28,60 | 126,942 |   NaN | NaN | 0,00 | 0,00 | NaN
  58 |  0,00 | 1,805 | 560,48 | 560,48 | 597,31 |  0,00 | 0,132 | 44,35 | 44,35 |  0,00 | 1,591 | 243,28 | 243,28 |  0,00 | 2,170 | 244,25 | 244,25 |  0,00 | 54,965 | 28,60 | 28,60 | 129,355 |   NaN | NaN | 0,00 | 0,00 | NaN
  59 |  0,00 | 0,417 | 564,40 | 564,40 | 603,50 |  0,00 | 0,152 | 44,35 | 44,35 |  0,00 | 0,286 | 244,50 | 244,50 |  0,00 | 0,373 | 246,94 | 246,94 |  0,00 | 12,078 | 28,60 | 28,60 | 43,816 |   NaN | NaN | 0,00 | 0,00 | NaN
  60 |  0,00 | 1,541 | 560,32 | 560,32 | 596,36 |  0,00 | 0,087 | 44,35 | 44,35 |  0,00 | 1,186 | 244,16 | 244,16 |  0,00 | 2,101 | 243,21 | 243,21 |  0,00 | 46,589 | 28,60 | 28,60 | 116,123 |   NaN | NaN | 0,00 | 0,00 | NaN
  61 |  0,00 | 0,978 | 562,05 | 562,05 | 598,47 |  0,00 | 0,109 | 44,35 | 44,35 |  0,00 | 0,736 | 244,10 | 244,10 |  0,00 | 0,973 | 244,99 | 244,99 |  0,00 | 33,859 | 28,60 | 28,60 | 88,786 |   NaN | NaN | 0,00 | 0,00 | NaN
  62 |  0,00 | 1,714 | 562,68 | 562,68 | 608,69 |  0,00 | 0,171 | 44,35 | 44,35 |  0,00 | 1,587 | 245,18 | 245,18 |  0,00 | 1,970 | 244,55 | 244,55 |  0,00 | 50,914 | 28,60 | 28,60 | 125,846 |   NaN | NaN | 0,00 | 0,00 | NaN
  63 |  0,00 | 0,502 | 562,02 | 562,02 | 598,75 |  0,00 | 0,126 | 44,35 | 44,35 |  0,00 | 0,301 | 245,11 | 245,11 |  0,00 | 0,503 | 243,96 | 243,96 |  0,00 | 16,224 | 28,60 | 28,60 | 52,146 |   NaN | NaN | 0,00 | 0,00 | NaN
  64 |  0,00 | 1,068 | 557,02 | 557,02 | 602,55 |  0,00 | 0,169 | 44,35 | 44,35 |  0,00 | 0,763 | 241,30 | 241,30 |  0,00 | 1,185 | 242,77 | 242,77 |  0,00 | 33,881 | 28,60 | 28,60 | 92,903 |   NaN | NaN | 0,00 | 0,00 | NaN

= = = = = = = = = = = = AVERAGE RESULTS system = = = = = = = = = = = =
meanPLR_system | 0,000000 
meanDelay_system | 0,824001 
meanLoad_system | 560,503005 
meanTHR_system | 560,503005 
meanGate_system | 599,006507 

meanPLR_EF_system | 0,000000 
meanPLR_AF_system | 0,000000 
meanPLR_BE_system | 0,000000 
meanPLR_FLA_system | 0,000000 
meanPLR_FLB_system | NaN 

meanTHR_EF_system | 44,352002 
meanTHR_AF_system | 243,995063 
meanTHR_BE_system | 243,555148 
meanTHR_FLA_system | 29,021881 
meanTHR_FLB_system | 0,000000 

meanLoad_EF_system | 44,352002 
meanLoad_AF_system | 243,995063 
meanLoad_BE_system | 243,555148 
meanLoad_FLA_system | 29,021881 
meanLoad_FLB_system | 0,000000 

meanDELAY_EF_system | 0,130728 
meanDELAY_AF_system | 0,626641 
meanDELAY_BE_system | 0,925066 
meanDELAY_FLA_system | 25,411066 
meanDELAY_FLB_system | NaN 
meanDELAY_CompleteFLA_system | 72,097692 
meanDELAY_CompleteFLB_system | NaN 

= = = = = = = = = = = = AVERAGE RESULTS = = = = = = = = = = = =
Packet Loss Ratio: 00,00 (%)
PROCESSED PACKAGES: 2092734987 
DISCARTED PACKAGES: 0 
TOTAL PACKAGES: 2092734987 
AVERAGE DELAY: 130,29 (ms) 
AVERAGE THROUGHPUT: 560,50 (Mbps) 
GRANTED THROUGHPUT: 38336,42 (Mbps) By 64 ONUs
EFFECTIVE THROUGHPUT: 35872,19 (Mbps) By 64 ONUs
TOTAL LOAD: 35872,19 (Mbps) By 64 ONUs
ON Arrival THROUGHPUT: 0,00 (Mbps) By 64 ONUs
FINISHTIMEFL: 203,763500 
FINISHTIME: 206,763500 


fileName | IPACT_STRICTPRIORITY_5_28_65_0 
