
ONU ID 	|  PLR(%) | Delay(ms) | Throughput(Mbps) | Granted Throughput(Mbps) | Total Load (Mbps) 

  ID |  PLR(%) |  D  | Thr |  Gates  |  Load  | PLR-EF | D-EF | ThrEF | LoadEF | PLR-AF | D-AF | ThrAF | LoadAF | PLR-BE | D-BE | ThrBE | LoadBE | PLR-FA | D-FA | ThrFA | LoadFA | DTFA |  PLR-FB | D-FB | ThrFB | LoadFB | DTFB | 
   1 |  9,97 | 299,944 | 755,67 | 839,39 | 759,96 |  0,00 | 1,407 | 44,35 | 44,35 |  0,00 | 13,200 | 373,63 | 373,63 | 23,20 | 1233,304 | 277,13 | 360,85 |  0,00 | 256,927 | 60,56 | 60,56 | 533,066 |   NaN | NaN | 0,00 | 0,00 | NaN
   2 | 10,20 | 281,397 | 754,54 | 840,23 | 758,86 |  0,00 | 1,419 | 44,35 | 44,35 |  0,00 | 2,470 | 368,36 | 368,36 | 23,35 | 1107,152 | 281,27 | 366,96 |  0,00 | 634,161 | 60,56 | 60,56 | 1287,412 |   NaN | NaN | 0,00 | 0,00 | NaN
   3 | 10,01 | 285,592 | 754,59 | 838,53 | 758,89 |  0,00 | 1,356 | 44,35 | 44,35 |  0,00 | 3,277 | 367,20 | 367,20 | 22,91 | 1122,544 | 282,48 | 366,43 |  0,00 | 607,418 | 60,56 | 60,56 | 1233,938 |   NaN | NaN | 0,00 | 0,00 | NaN
   4 | 10,99 | 300,194 | 755,15 | 848,42 | 759,58 |  0,00 | 1,361 | 44,35 | 44,35 |  0,00 | 20,095 | 375,09 | 375,09 | 25,32 | 1239,690 | 275,15 | 368,42 |  0,00 | 201,903 | 60,56 | 60,56 | 423,076 |   NaN | NaN | 0,00 | 0,00 | NaN
   5 |  9,89 | 274,895 | 755,66 | 838,59 | 759,95 |  0,00 | 1,387 | 44,35 | 44,35 |  0,00 | 3,261 | 367,55 | 367,55 | 22,65 | 1051,407 | 283,20 | 366,13 |  0,00 | 819,480 | 60,56 | 60,56 | 1658,135 |   NaN | NaN | 0,00 | 0,00 | NaN
   6 | 10,70 | 285,247 | 754,60 | 844,98 | 758,88 |  0,00 | 1,335 | 44,35 | 44,35 |  0,00 | 2,796 | 371,28 | 371,28 | 24,51 | 1127,359 | 278,41 | 368,79 |  0,00 | 694,856 | 60,56 | 60,56 | 1408,777 |   NaN | NaN | 0,00 | 0,00 | NaN
   7 | 10,20 | 295,597 | 755,35 | 841,17 | 759,64 |  0,00 | 1,354 | 44,35 | 44,35 |  0,00 | 8,593 | 369,73 | 369,73 | 23,41 | 1193,286 | 280,71 | 366,53 |  0,00 | 360,997 | 60,56 | 60,56 | 741,103 |   NaN | NaN | 0,00 | 0,00 | NaN
   8 | 10,45 | 285,642 | 754,78 | 842,90 | 759,09 |  0,00 | 1,404 | 44,35 | 44,35 |  0,00 | 3,127 | 366,02 | 366,02 | 23,69 | 1112,192 | 283,85 | 371,97 |  0,00 | 652,775 | 60,56 | 60,56 | 1324,762 |   NaN | NaN | 0,00 | 0,00 | NaN
   9 | 10,62 | 290,105 | 754,68 | 844,32 | 758,97 |  0,00 | 1,344 | 44,35 | 44,35 |  0,00 | 5,646 | 372,52 | 372,52 | 24,43 | 1174,152 | 277,26 | 366,90 |  0,00 | 479,352 | 60,56 | 60,56 | 977,756 |   NaN | NaN | 0,00 | 0,00 | NaN
  10 | 10,13 | 296,852 | 755,17 | 840,31 | 759,48 |  0,00 | 1,405 | 44,35 | 44,35 |  0,00 | 15,029 | 368,15 | 368,15 | 23,18 | 1198,418 | 282,11 | 367,25 |  0,00 | 236,373 | 60,56 | 60,56 | 491,888 |   NaN | NaN | 0,00 | 0,00 | NaN
  11 |  9,62 | 275,062 | 754,32 | 834,62 | 758,63 |  0,00 | 1,344 | 44,35 | 44,35 |  0,00 | 2,176 | 360,85 | 360,85 | 21,77 | 1002,705 | 288,56 | 368,86 |  0,00 | 1092,485 | 60,56 | 60,56 | 2204,022 |   NaN | NaN | 0,00 | 0,00 | NaN
  12 | 10,07 | 285,066 | 755,03 | 839,56 | 759,35 |  0,00 | 1,407 | 44,35 | 44,35 |  0,00 | 3,805 | 367,67 | 367,67 | 23,03 | 1107,165 | 282,45 | 366,99 |  0,00 | 717,823 | 60,56 | 60,56 | 1454,804 |   NaN | NaN | 0,00 | 0,00 | NaN
  13 |  9,02 | 281,553 | 755,20 | 830,05 | 759,50 |  0,00 | 1,371 | 44,35 | 44,35 |  0,00 | 2,504 | 363,61 | 363,61 | 20,70 | 1088,393 | 286,68 | 361,53 |  0,00 | 628,494 | 60,56 | 60,56 | 1276,198 |   NaN | NaN | 0,00 | 0,00 | NaN
  14 | 10,49 | 282,473 | 754,89 | 843,40 | 759,20 |  0,00 | 1,412 | 44,35 | 44,35 |  0,00 | 2,141 | 369,28 | 369,28 | 23,97 | 1094,130 | 280,70 | 369,21 |  0,00 | 811,256 | 60,56 | 60,56 | 1641,613 |   NaN | NaN | 0,00 | 0,00 | NaN
  15 |  9,87 | 292,713 | 754,14 | 836,72 | 758,44 |  0,00 | 1,407 | 44,35 | 44,35 |  0,00 | 6,597 | 363,97 | 363,97 | 22,45 | 1163,847 | 285,27 | 367,85 |  0,00 | 357,374 | 60,56 | 60,56 | 733,987 |   NaN | NaN | 0,00 | 0,00 | NaN
  16 | 10,79 | 293,390 | 755,20 | 846,51 | 759,50 |  0,00 | 1,398 | 44,35 | 44,35 |  0,00 | 4,082 | 368,09 | 368,09 | 24,45 | 1163,050 | 282,20 | 373,50 |  0,00 | 538,522 | 60,56 | 60,56 | 1096,206 |   NaN | NaN | 0,00 | 0,00 | NaN
  17 | 10,70 | 290,209 | 755,28 | 845,82 | 759,58 |  0,00 | 1,411 | 44,35 | 44,35 |  0,00 | 3,666 | 370,17 | 370,17 | 24,42 | 1160,345 | 280,20 | 370,74 |  0,00 | 523,351 | 60,56 | 60,56 | 1065,804 |   NaN | NaN | 0,00 | 0,00 | NaN
  18 | 10,19 | 279,123 | 752,31 | 837,70 | 756,59 |  0,00 | 1,387 | 44,35 | 44,35 |  0,00 | 2,242 | 365,33 | 365,33 | 23,24 | 1032,469 | 282,07 | 367,46 |  0,00 | 1163,997 | 60,56 | 60,56 | 2347,200 |   NaN | NaN | 0,00 | 0,00 | NaN
  19 |  9,25 | 279,007 | 755,56 | 832,57 | 759,85 |  0,00 | 1,378 | 44,35 | 44,35 |  0,00 | 2,740 | 361,59 | 361,59 | 21,04 | 1032,989 | 289,06 | 366,07 |  0,00 | 954,153 | 60,56 | 60,56 | 1927,459 |   NaN | NaN | 0,00 | 0,00 | NaN
  20 |  9,54 | 270,626 | 755,34 | 834,98 | 759,66 |  0,00 | 1,374 | 44,35 | 44,35 |  0,00 | 1,759 | 369,36 | 369,36 | 22,08 | 1010,576 | 281,07 | 360,71 |  0,00 | 1107,246 | 60,56 | 60,56 | 2233,667 |   NaN | NaN | 0,00 | 0,00 | NaN
  21 |  8,84 | 285,912 | 753,82 | 826,92 | 758,09 |  0,00 | 1,378 | 44,35 | 44,35 |  0,00 | 9,631 | 361,70 | 361,70 | 20,29 | 1131,061 | 287,22 | 360,31 |  0,00 | 297,742 | 60,56 | 60,56 | 614,711 |   NaN | NaN | 0,00 | 0,00 | NaN
  22 | 11,04 | 287,847 | 755,12 | 848,82 | 759,45 |  0,00 | 1,417 | 44,35 | 44,35 |  0,00 | 2,466 | 377,38 | 377,38 | 25,56 | 1144,930 | 272,83 | 366,53 |  0,00 | 845,885 | 60,56 | 60,56 | 1710,907 |   NaN | NaN | 0,00 | 0,00 | NaN
  23 | 10,40 | 284,527 | 754,79 | 842,37 | 759,10 |  0,00 | 1,399 | 44,35 | 44,35 |  0,00 | 2,078 | 371,13 | 371,13 | 23,91 | 1085,044 | 278,74 | 366,33 |  0,00 | 1035,316 | 60,56 | 60,56 | 2089,792 |   NaN | NaN | 0,00 | 0,00 | NaN
  24 | 10,17 | 289,291 | 755,17 | 840,64 | 759,47 |  0,00 | 1,361 | 44,35 | 44,35 |  0,00 | 2,990 | 366,80 | 366,80 | 23,17 | 1132,653 | 283,46 | 368,94 |  0,00 | 627,438 | 60,56 | 60,56 | 1274,092 |   NaN | NaN | 0,00 | 0,00 | NaN
  25 | 11,11 | 296,643 | 754,54 | 848,83 | 758,87 |  0,00 | 1,418 | 44,35 | 44,35 |  0,00 | 5,121 | 367,80 | 367,80 | 25,07 | 1192,894 | 281,83 | 376,12 |  0,00 | 391,727 | 60,56 | 60,56 | 802,568 |   NaN | NaN | 0,00 | 0,00 | NaN
  26 |  9,74 | 294,675 | 755,83 | 837,36 | 760,15 |  0,00 | 1,414 | 44,35 | 44,35 |  0,00 | 7,980 | 365,83 | 365,83 | 22,24 | 1173,793 | 285,09 | 366,62 |  0,00 | 347,969 | 60,56 | 60,56 | 715,189 |   NaN | NaN | 0,00 | 0,00 | NaN
  27 |  9,80 | 269,695 | 755,08 | 837,13 | 759,36 |  0,00 | 1,341 | 44,35 | 44,35 |  0,00 | 2,103 | 367,86 | 367,86 | 22,52 | 993,690 | 282,32 | 364,36 |  0,00 | 1176,408 | 60,56 | 60,56 | 2371,983 |   NaN | NaN | 0,00 | 0,00 | NaN
  28 |  9,45 | 276,787 | 755,08 | 833,91 | 759,40 |  0,00 | 1,407 | 44,35 | 44,35 |  0,00 | 3,101 | 367,55 | 367,55 | 21,81 | 1036,212 | 282,62 | 361,46 |  0,00 | 1040,477 | 60,56 | 60,56 | 2100,122 |   NaN | NaN | 0,00 | 0,00 | NaN
  29 | 10,62 | 277,349 | 755,08 | 844,82 | 759,38 |  0,00 | 1,387 | 44,35 | 44,35 |  0,00 | 2,080 | 369,63 | 369,63 | 24,24 | 1042,718 | 280,54 | 370,29 |  0,00 | 1080,481 | 60,56 | 60,56 | 2180,188 |   NaN | NaN | 0,00 | 0,00 | NaN
  30 |  9,74 | 280,457 | 755,22 | 836,76 | 759,52 |  0,00 | 1,417 | 44,35 | 44,35 |  0,00 | 2,211 | 365,26 | 365,26 | 22,24 | 1033,493 | 285,05 | 366,59 |  0,00 | 1131,770 | 60,56 | 60,56 | 2282,694 |   NaN | NaN | 0,00 | 0,00 | NaN
  31 |  9,87 | 277,886 | 755,40 | 838,08 | 759,71 |  0,00 | 1,384 | 44,35 | 44,35 |  0,00 | 2,009 | 366,88 | 366,88 | 22,57 | 1039,224 | 283,61 | 366,29 |  0,00 | 1036,155 | 60,56 | 60,56 | 2091,536 |   NaN | NaN | 0,00 | 0,00 | NaN
  32 | 10,01 | 279,285 | 756,04 | 840,19 | 760,35 |  0,00 | 1,340 | 44,35 | 44,35 |  0,00 | 2,815 | 366,91 | 366,91 | 22,84 | 1036,251 | 284,22 | 368,36 |  0,00 | 1095,220 | 60,56 | 60,56 | 2209,626 |   NaN | NaN | 0,00 | 0,00 | NaN
  33 |  9,39 | 271,871 | 755,80 | 834,16 | 760,12 |  0,00 | 1,406 | 44,35 | 44,35 |  0,00 | 2,088 | 363,51 | 363,51 | 21,42 | 991,907 | 287,39 | 365,74 |  0,00 | 1119,179 | 60,56 | 60,56 | 2257,519 |   NaN | NaN | 0,00 | 0,00 | NaN
  34 |  9,33 | 276,404 | 755,63 | 833,41 | 759,92 |  0,00 | 1,397 | 44,35 | 44,35 |  0,00 | 2,187 | 366,79 | 366,79 | 21,50 | 1012,494 | 283,94 | 361,71 |  0,00 | 1208,933 | 60,56 | 60,56 | 2437,107 |   NaN | NaN | 0,00 | 0,00 | NaN
  35 | 10,68 | 277,129 | 756,15 | 846,57 | 760,44 |  0,00 | 1,346 | 44,35 | 44,35 |  0,00 | 1,784 | 370,49 | 370,49 | 24,36 | 1023,865 | 280,76 | 371,18 |  0,00 | 1242,820 | 60,56 | 60,56 | 2505,695 |   NaN | NaN | 0,00 | 0,00 | NaN
  36 |  9,50 | 270,865 | 755,41 | 834,69 | 759,72 |  0,00 | 1,399 | 44,35 | 44,35 |  0,00 | 2,402 | 361,24 | 361,24 | 21,51 | 972,937 | 289,26 | 368,55 |  0,00 | 1189,311 | 60,56 | 60,56 | 2397,683 |   NaN | NaN | 0,00 | 0,00 | NaN
  37 | 10,74 | 279,990 | 755,48 | 846,37 | 759,77 |  0,00 | 1,382 | 44,35 | 44,35 |  0,00 | 2,532 | 373,84 | 373,84 | 24,72 | 1066,773 | 276,74 | 367,63 |  0,00 | 1091,932 | 60,56 | 60,56 | 2203,001 |   NaN | NaN | 0,00 | 0,00 | NaN
  38 | 10,17 | 275,029 | 755,95 | 841,53 | 760,25 |  0,00 | 1,374 | 44,35 | 44,35 |  0,00 | 2,468 | 369,05 | 369,05 | 23,28 | 1020,849 | 281,99 | 367,57 |  0,00 | 1145,495 | 60,56 | 60,56 | 2310,019 |   NaN | NaN | 0,00 | 0,00 | NaN
  39 |  8,94 | 269,709 | 754,16 | 828,22 | 758,50 |  0,00 | 1,417 | 44,35 | 44,35 |  0,00 | 2,654 | 361,95 | 361,95 | 20,50 | 981,816 | 287,30 | 361,36 |  0,00 | 1110,778 | 60,56 | 60,56 | 2240,617 |   NaN | NaN | 0,00 | 0,00 | NaN
  40 |  8,99 | 271,518 | 755,49 | 830,15 | 759,80 |  0,00 | 1,417 | 44,35 | 44,35 |  0,00 | 2,570 | 364,62 | 364,62 | 20,70 | 988,268 | 285,97 | 360,63 |  0,00 | 1172,878 | 60,56 | 60,56 | 2364,856 |   NaN | NaN | 0,00 | 0,00 | NaN
  41 | 10,48 | 279,946 | 754,36 | 842,67 | 758,65 |  0,00 | 1,400 | 44,35 | 44,35 |  0,00 | 2,693 | 365,38 | 365,38 | 23,72 | 1041,164 | 284,07 | 372,38 |  0,00 | 1060,175 | 60,56 | 60,56 | 2139,363 |   NaN | NaN | 0,00 | 0,00 | NaN
  42 | 10,71 | 281,852 | 755,62 | 846,24 | 759,92 |  0,00 | 1,346 | 44,35 | 44,35 |  0,00 | 2,409 | 370,82 | 370,82 | 24,46 | 1065,068 | 279,89 | 370,51 |  0,00 | 1074,231 | 60,56 | 60,56 | 2167,559 |   NaN | NaN | 0,00 | 0,00 | NaN
  43 | 10,65 | 277,341 | 755,55 | 845,63 | 759,87 |  0,00 | 1,424 | 44,35 | 44,35 |  0,00 | 2,478 | 370,16 | 370,16 | 24,31 | 1038,907 | 280,48 | 370,56 |  0,00 | 1113,690 | 60,56 | 60,56 | 2246,446 |   NaN | NaN | 0,00 | 0,00 | NaN
  44 | 10,72 | 283,480 | 755,56 | 846,25 | 759,85 |  0,00 | 1,336 | 44,35 | 44,35 |  0,00 | 1,974 | 368,26 | 368,26 | 24,31 | 1065,191 | 282,39 | 373,08 |  0,00 | 1053,764 | 60,56 | 60,56 | 2126,558 |   NaN | NaN | 0,00 | 0,00 | NaN
  45 | 10,22 | 276,666 | 754,76 | 840,67 | 759,08 |  0,00 | 1,421 | 44,35 | 44,35 |  0,00 | 2,350 | 372,61 | 372,61 | 23,66 | 1053,031 | 277,24 | 363,15 |  0,00 | 1068,505 | 60,56 | 60,56 | 2156,130 |   NaN | NaN | 0,00 | 0,00 | NaN
  46 | 10,05 | 269,101 | 755,03 | 839,43 | 759,33 |  0,00 | 1,360 | 44,35 | 44,35 |  0,00 | 1,817 | 364,09 | 364,09 | 22,78 | 986,239 | 286,04 | 370,43 |  0,00 | 1108,127 | 60,56 | 60,56 | 2235,455 |   NaN | NaN | 0,00 | 0,00 | NaN
  47 |  9,72 | 281,342 | 755,52 | 836,85 | 759,81 |  0,00 | 1,358 | 44,35 | 44,35 |  0,00 | 2,156 | 368,06 | 368,06 | 22,35 | 1057,761 | 282,55 | 363,88 |  0,00 | 1036,586 | 60,56 | 60,56 | 2092,294 |   NaN | NaN | 0,00 | 0,00 | NaN
  48 |  9,55 | 270,751 | 754,19 | 833,85 | 758,49 |  0,00 | 1,387 | 44,35 | 44,35 |  0,00 | 2,199 | 364,73 | 364,73 | 21,87 | 1002,821 | 284,55 | 364,21 |  0,00 | 1053,313 | 60,56 | 60,56 | 2125,785 |   NaN | NaN | 0,00 | 0,00 | NaN
  49 |  9,48 | 282,444 | 755,00 | 834,11 | 759,32 |  0,00 | 1,399 | 44,35 | 44,35 |  0,00 | 2,795 | 365,81 | 365,81 | 21,77 | 1054,902 | 284,28 | 363,39 |  0,00 | 1032,771 | 60,56 | 60,56 | 2084,569 |   NaN | NaN | 0,00 | 0,00 | NaN
  50 |  9,82 | 274,829 | 755,65 | 837,96 | 759,94 |  0,00 | 1,354 | 44,35 | 44,35 |  0,00 | 2,110 | 367,86 | 367,86 | 22,54 | 1020,457 | 282,89 | 365,19 |  0,00 | 1115,259 | 60,56 | 60,56 | 2249,695 |   NaN | NaN | 0,00 | 0,00 | NaN
  51 | 10,22 | 274,456 | 755,61 | 841,60 | 759,91 |  0,00 | 1,352 | 44,35 | 44,35 |  0,00 | 1,857 | 367,51 | 367,51 | 23,29 | 1024,261 | 283,19 | 369,18 |  0,00 | 1059,400 | 60,56 | 60,56 | 2137,976 |   NaN | NaN | 0,00 | 0,00 | NaN
  52 | 10,09 | 278,091 | 755,41 | 840,19 | 759,71 |  0,00 | 1,378 | 44,35 | 44,35 |  0,00 | 2,027 | 363,06 | 363,06 | 22,78 | 1022,744 | 287,44 | 372,22 |  0,00 | 1069,002 | 60,56 | 60,56 | 2157,099 |   NaN | NaN | 0,00 | 0,00 | NaN
  53 | 10,15 | 281,473 | 754,86 | 840,16 | 759,16 |  0,00 | 1,365 | 44,35 | 44,35 |  0,00 | 2,703 | 368,02 | 368,02 | 23,23 | 1052,876 | 281,93 | 367,23 |  0,00 | 1093,467 | 60,56 | 60,56 | 2206,023 |   NaN | NaN | 0,00 | 0,00 | NaN
  54 |  9,42 | 278,090 | 755,45 | 833,99 | 759,74 |  0,00 | 1,368 | 44,35 | 44,35 |  0,00 | 3,051 | 367,09 | 367,09 | 21,70 | 1035,848 | 283,45 | 361,99 |  0,00 | 1069,459 | 60,56 | 60,56 | 2158,019 |   NaN | NaN | 0,00 | 0,00 | NaN
  55 |  9,79 | 278,184 | 755,26 | 837,27 | 759,54 |  0,00 | 1,353 | 44,35 | 44,35 |  0,00 | 2,205 | 365,02 | 365,02 | 22,32 | 1022,267 | 285,34 | 367,34 |  0,00 | 1141,571 | 60,56 | 60,56 | 2302,177 |   NaN | NaN | 0,00 | 0,00 | NaN
  56 |  9,37 | 278,523 | 755,12 | 833,21 | 759,42 |  0,00 | 1,359 | 44,35 | 44,35 |  0,00 | 2,347 | 364,51 | 364,51 | 21,47 | 1031,468 | 285,70 | 363,79 |  0,00 | 1055,989 | 60,56 | 60,56 | 2131,065 |   NaN | NaN | 0,00 | 0,00 | NaN
  57 |  9,87 | 274,378 | 753,44 | 835,96 | 757,73 |  0,00 | 1,356 | 44,35 | 44,35 |  0,00 | 3,351 | 364,27 | 364,27 | 22,50 | 1018,229 | 284,26 | 366,79 |  0,00 | 1041,165 | 60,56 | 60,56 | 2101,411 |   NaN | NaN | 0,00 | 0,00 | NaN
  58 | 10,19 | 278,438 | 755,51 | 841,22 | 759,82 |  0,00 | 1,385 | 44,35 | 44,35 |  0,00 | 2,123 | 369,96 | 369,96 | 23,40 | 1052,440 | 280,64 | 366,35 |  0,00 | 1038,889 | 60,56 | 60,56 | 2096,845 |   NaN | NaN | 0,00 | 0,00 | NaN
  59 | 10,54 | 277,140 | 755,54 | 844,53 | 759,84 |  0,00 | 1,404 | 44,35 | 44,35 |  0,00 | 2,092 | 366,26 | 366,26 | 23,83 | 1014,342 | 284,38 | 373,37 |  0,00 | 1204,380 | 60,56 | 60,56 | 2427,787 |   NaN | NaN | 0,00 | 0,00 | NaN
  60 | 10,21 | 276,293 | 754,28 | 840,06 | 758,57 |  0,00 | 1,339 | 44,35 | 44,35 |  0,00 | 2,117 | 368,50 | 368,50 | 23,40 | 1038,852 | 280,87 | 366,65 |  0,00 | 1060,209 | 60,56 | 60,56 | 2139,583 |   NaN | NaN | 0,00 | 0,00 | NaN
  61 | 10,48 | 278,628 | 755,35 | 843,82 | 759,65 |  0,00 | 1,361 | 44,35 | 44,35 |  0,00 | 2,494 | 369,62 | 369,62 | 23,96 | 1045,289 | 280,82 | 369,29 |  0,00 | 1097,008 | 60,56 | 60,56 | 2213,070 |   NaN | NaN | 0,00 | 0,00 | NaN
  62 | 10,29 | 277,246 | 754,23 | 840,74 | 758,57 |  0,00 | 1,422 | 44,35 | 44,35 |  0,00 | 2,831 | 366,24 | 366,24 | 23,41 | 1034,551 | 283,08 | 369,59 |  0,00 | 1052,838 | 60,56 | 60,56 | 2124,804 |   NaN | NaN | 0,00 | 0,00 | NaN
  63 | 10,18 | 281,144 | 755,15 | 840,70 | 759,45 |  0,00 | 1,378 | 44,35 | 44,35 |  0,00 | 2,617 | 370,18 | 370,18 | 23,40 | 1053,732 | 280,07 | 365,61 |  0,00 | 1134,697 | 60,56 | 60,56 | 2288,492 |   NaN | NaN | 0,00 | 0,00 | NaN
  64 |  9,12 | 273,081 | 756,17 | 832,06 | 760,50 |  0,00 | 1,421 | 44,35 | 44,35 |  0,00 | 2,230 | 364,67 | 364,67 | 20,94 | 1005,335 | 286,59 | 362,48 |  0,00 | 1070,274 | 60,56 | 60,56 | 2159,559 |   NaN | NaN | 0,00 | 0,00 | NaN

= = = = = = = = = = = = AVERAGE RESULTS system = = = = = = = = = = = =
meanPLR_system | 10,040419 
meanDelay_system | 280,944883 
meanLoad_system | 839,388752 
meanTHR_system | 755,082984 
meanGate_system | 759,388214 

meanPLR_EF_system | 0,000000 
meanPLR_AF_system | 0,000000 
meanPLR_BE_system | 22,963085 
meanPLR_FLA_system | 0,000000 
meanPLR_FLB_system | NaN 

meanTHR_EF_system | 44,352002 
meanTHR_AF_system | 367,474770 
meanTHR_BE_system | 282,700599 
meanTHR_FLA_system | 61,886426 
meanTHR_FLB_system | 0,000000 

meanLoad_EF_system | 44,352002 
meanLoad_AF_system | 367,474770 
meanLoad_BE_system | 367,006367 
meanLoad_FLA_system | 61,886426 
meanLoad_FLB_system | 0,000000 

meanDELAY_EF_system | 1,382630 
meanDELAY_AF_system | 3,586020 
meanDELAY_BE_system | 1068,028441 
meanDELAY_FLA_system | 908,306644 
meanDELAY_FLB_system | NaN 
meanDELAY_CompleteFLA_system | 1835,758445 
meanDELAY_CompleteFLB_system | NaN 

= = = = = = = = = = = = AVERAGE RESULTS = = = = = = = = = = = =
Packet Loss Ratio: 10,04 (%)
PROCESSED PACKAGES: 1664433470 
DISCARTED PACKAGES: 117584196 
TOTAL PACKAGES: 1782017666 
AVERAGE DELAY: 52373,05 (ms) 
AVERAGE THROUGHPUT: 755,08 (Mbps) 
GRANTED THROUGHPUT: 48600,85 (Mbps) By 64 ONUs
EFFECTIVE THROUGHPUT: 48325,31 (Mbps) By 64 ONUs
TOTAL LOAD: 53720,88 (Mbps) By 64 ONUs
ON Arrival THROUGHPUT: 0,00 (Mbps) By 64 ONUs
FINISHTIMEFL: 136,508125 
FINISHTIME: 139,508125 


fileName | IPACT_LEAKYBUCKET_2_40_98_0 
