
ONU ID 	|  PLR(%) | Delay(ms) | Throughput(Mbps) | Granted Throughput(Mbps) | Total Load (Mbps) 

  ID |  PLR(%) |  D  | Thr |  Gates  |  Load  | PLR-EF | D-EF | ThrEF | LoadEF | PLR-AF | D-AF | ThrAF | LoadAF | PLR-BE | D-BE | ThrBE | LoadBE | PLR-FA | D-FA | ThrFA | LoadFA | DTFA |  PLR-FB | D-FB | ThrFB | LoadFB | DTFB | 
   1 |  9,97 | 299,438 | 755,20 | 838,82 | 759,49 |  0,00 | 1,407 | 44,35 | 44,35 |  0,00 | 14,120 | 373,29 | 373,29 | 23,21 | 1232,537 | 276,70 | 360,33 |  0,00 | 245,632 | 60,85 | 60,85 | 511,318 |   NaN | NaN | 0,00 | 0,00 | NaN
   2 | 10,24 | 282,189 | 754,76 | 840,87 | 759,09 |  0,00 | 1,419 | 44,35 | 44,35 |  0,00 | 2,767 | 368,64 | 368,64 | 23,46 | 1113,270 | 280,92 | 367,03 |  0,00 | 615,306 | 60,85 | 60,85 | 1250,664 |   NaN | NaN | 0,00 | 0,00 | NaN
   3 | 10,10 | 283,393 | 754,16 | 838,89 | 758,45 |  0,00 | 1,356 | 44,35 | 44,35 |  0,00 | 3,553 | 366,81 | 366,81 | 23,09 | 1115,574 | 282,14 | 366,87 |  0,00 | 589,046 | 60,85 | 60,85 | 1198,209 |   NaN | NaN | 0,00 | 0,00 | NaN
   4 | 11,04 | 300,677 | 755,23 | 848,95 | 759,66 |  0,00 | 1,361 | 44,35 | 44,35 |  0,00 | 21,468 | 375,37 | 375,37 | 25,44 | 1242,826 | 274,67 | 368,38 |  0,00 | 193,183 | 60,85 | 60,85 | 406,421 |   NaN | NaN | 0,00 | 0,00 | NaN
   5 |  9,80 | 276,863 | 755,20 | 837,23 | 759,50 |  0,00 | 1,387 | 44,35 | 44,35 |  0,00 | 3,156 | 366,60 | 366,60 | 22,45 | 1060,515 | 283,39 | 365,43 |  0,00 | 796,829 | 60,85 | 60,85 | 1613,830 |   NaN | NaN | 0,00 | 0,00 | NaN
   6 | 10,75 | 284,576 | 754,50 | 845,36 | 758,79 |  0,00 | 1,335 | 44,35 | 44,35 |  0,00 | 2,524 | 371,56 | 371,56 | 24,65 | 1129,353 | 277,74 | 368,60 |  0,00 | 674,787 | 60,85 | 60,85 | 1369,683 |   NaN | NaN | 0,00 | 0,00 | NaN
   7 | 10,25 | 295,658 | 755,11 | 841,33 | 759,39 |  0,00 | 1,354 | 44,35 | 44,35 |  0,00 | 8,010 | 369,76 | 369,76 | 23,53 | 1197,671 | 280,15 | 366,37 |  0,00 | 347,594 | 60,85 | 60,85 | 715,342 |   NaN | NaN | 0,00 | 0,00 | NaN
   8 | 10,51 | 288,666 | 753,84 | 842,39 | 758,15 |  0,00 | 1,404 | 44,35 | 44,35 |  0,00 | 3,186 | 366,05 | 366,05 | 23,86 | 1130,239 | 282,59 | 371,14 |  0,00 | 633,501 | 60,85 | 60,85 | 1287,197 |   NaN | NaN | 0,00 | 0,00 | NaN
   9 | 10,67 | 288,906 | 754,53 | 844,61 | 758,83 |  0,00 | 1,344 | 44,35 | 44,35 |  0,00 | 5,495 | 372,49 | 372,49 | 24,55 | 1172,144 | 276,84 | 366,92 |  0,00 | 463,561 | 60,85 | 60,85 | 947,275 |   NaN | NaN | 0,00 | 0,00 | NaN
  10 | 10,17 | 295,697 | 755,96 | 841,55 | 760,31 |  0,00 | 1,405 | 44,35 | 44,35 |  0,00 | 13,983 | 368,50 | 368,50 | 23,27 | 1196,054 | 282,26 | 367,86 |  0,00 | 225,779 | 60,85 | 60,85 | 471,715 |   NaN | NaN | 0,00 | 0,00 | NaN
  11 |  9,66 | 273,953 | 754,27 | 834,95 | 758,57 |  0,00 | 1,344 | 44,35 | 44,35 |  0,00 | 2,196 | 360,58 | 360,58 | 21,86 | 1000,786 | 288,49 | 369,17 |  0,00 | 1064,366 | 60,85 | 60,85 | 2148,845 |   NaN | NaN | 0,00 | 0,00 | NaN
  12 | 10,12 | 286,457 | 754,94 | 839,90 | 759,28 |  0,00 | 1,407 | 44,35 | 44,35 |  0,00 | 3,884 | 368,04 | 368,04 | 23,17 | 1117,630 | 281,69 | 366,66 |  0,00 | 697,251 | 60,85 | 60,85 | 1414,546 |   NaN | NaN | 0,00 | 0,00 | NaN
  13 |  9,08 | 280,865 | 754,91 | 830,27 | 759,22 |  0,00 | 1,371 | 44,35 | 44,35 |  0,00 | 2,504 | 363,26 | 363,26 | 20,83 | 1087,795 | 286,44 | 361,80 |  0,00 | 609,726 | 60,85 | 60,85 | 1239,625 |   NaN | NaN | 0,00 | 0,00 | NaN
  14 | 10,57 | 283,650 | 754,49 | 843,63 | 758,80 |  0,00 | 1,412 | 44,35 | 44,35 |  0,00 | 2,071 | 369,10 | 369,10 | 24,14 | 1102,760 | 280,19 | 369,33 |  0,00 | 788,825 | 60,85 | 60,85 | 1597,738 |   NaN | NaN | 0,00 | 0,00 | NaN
  15 |  9,91 | 294,925 | 754,24 | 837,20 | 758,52 |  0,00 | 1,406 | 44,35 | 44,35 |  0,00 | 7,801 | 363,94 | 363,94 | 22,54 | 1173,352 | 285,09 | 368,06 |  0,00 | 344,042 | 60,85 | 60,85 | 708,257 |   NaN | NaN | 0,00 | 0,00 | NaN
  16 | 10,83 | 295,390 | 755,33 | 847,03 | 759,63 |  0,00 | 1,398 | 44,35 | 44,35 |  0,00 | 3,696 | 368,34 | 368,34 | 24,55 | 1175,199 | 281,79 | 373,49 |  0,00 | 521,524 | 60,85 | 60,85 | 1063,220 |   NaN | NaN | 0,00 | 0,00 | NaN
  17 | 10,69 | 292,043 | 755,21 | 845,60 | 759,51 |  0,00 | 1,411 | 44,35 | 44,35 |  0,00 | 3,606 | 370,11 | 370,11 | 24,41 | 1170,791 | 279,90 | 370,29 |  0,00 | 506,667 | 60,85 | 60,85 | 1033,456 |   NaN | NaN | 0,00 | 0,00 | NaN
  18 | 10,24 | 280,542 | 752,39 | 838,21 | 756,68 |  0,00 | 1,387 | 44,35 | 44,35 |  0,00 | 2,263 | 365,16 | 365,16 | 23,33 | 1041,113 | 282,03 | 367,85 |  0,00 | 1134,472 | 60,85 | 60,85 | 2289,097 |   NaN | NaN | 0,00 | 0,00 | NaN
  19 |  9,24 | 278,278 | 755,91 | 832,86 | 760,20 |  0,00 | 1,378 | 44,35 | 44,35 |  0,00 | 2,683 | 361,86 | 361,86 | 21,04 | 1033,402 | 288,85 | 365,80 |  0,00 | 928,957 | 60,85 | 60,85 | 1877,939 |   NaN | NaN | 0,00 | 0,00 | NaN
  20 |  9,58 | 272,537 | 755,20 | 835,20 | 759,49 |  0,00 | 1,374 | 44,35 | 44,35 |  0,00 | 1,797 | 369,32 | 369,32 | 22,18 | 1022,466 | 280,68 | 360,68 |  0,00 | 1078,873 | 60,85 | 60,85 | 2177,857 |   NaN | NaN | 0,00 | 0,00 | NaN
  21 |  8,88 | 285,973 | 754,20 | 827,73 | 758,48 |  0,00 | 1,378 | 44,35 | 44,35 |  0,00 | 10,797 | 361,90 | 361,90 | 20,39 | 1131,630 | 287,10 | 360,63 |  0,00 | 285,603 | 60,85 | 60,85 | 591,395 |   NaN | NaN | 0,00 | 0,00 | NaN
  22 | 11,03 | 288,624 | 755,31 | 848,99 | 759,64 |  0,00 | 1,417 | 44,35 | 44,35 |  0,00 | 2,493 | 377,29 | 377,29 | 25,56 | 1150,471 | 272,82 | 366,51 |  0,00 | 822,844 | 60,85 | 60,85 | 1665,704 |   NaN | NaN | 0,00 | 0,00 | NaN
  23 | 10,50 | 282,767 | 754,89 | 843,46 | 759,21 |  0,00 | 1,399 | 44,35 | 44,35 |  0,00 | 2,027 | 371,26 | 371,26 | 24,13 | 1081,384 | 278,43 | 367,00 |  0,00 | 1008,386 | 60,85 | 60,85 | 2036,921 |   NaN | NaN | 0,00 | 0,00 | NaN
  24 | 10,18 | 290,684 | 755,32 | 840,89 | 759,61 |  0,00 | 1,361 | 44,35 | 44,35 |  0,00 | 3,196 | 366,82 | 366,82 | 23,20 | 1140,587 | 283,30 | 368,88 |  0,00 | 608,719 | 60,85 | 60,85 | 1237,494 |   NaN | NaN | 0,00 | 0,00 | NaN
  25 | 11,16 | 297,923 | 753,85 | 848,59 | 758,17 |  0,00 | 1,418 | 44,35 | 44,35 |  0,00 | 5,859 | 367,53 | 367,53 | 25,21 | 1200,706 | 281,12 | 375,86 |  0,00 | 377,666 | 60,85 | 60,85 | 775,485 |   NaN | NaN | 0,00 | 0,00 | NaN
  26 |  9,78 | 294,371 | 755,52 | 837,45 | 759,85 |  0,00 | 1,415 | 44,35 | 44,35 |  0,00 | 7,666 | 365,85 | 365,85 | 22,36 | 1176,327 | 284,47 | 366,40 |  0,00 | 334,775 | 60,85 | 60,85 | 689,726 |   NaN | NaN | 0,00 | 0,00 | NaN
  27 |  9,85 | 270,782 | 754,18 | 836,62 | 758,45 |  0,00 | 1,341 | 44,35 | 44,35 |  0,00 | 2,133 | 367,88 | 367,88 | 22,68 | 1004,277 | 281,10 | 363,54 |  0,00 | 1146,660 | 60,85 | 60,85 | 2313,504 |   NaN | NaN | 0,00 | 0,00 | NaN
  28 |  9,50 | 277,241 | 754,54 | 833,76 | 758,86 |  0,00 | 1,407 | 44,35 | 44,35 |  0,00 | 3,073 | 367,72 | 367,72 | 21,95 | 1043,772 | 281,62 | 360,85 |  0,00 | 1013,481 | 60,85 | 60,85 | 2047,049 |   NaN | NaN | 0,00 | 0,00 | NaN
  29 | 10,67 | 277,104 | 755,11 | 845,29 | 759,41 |  0,00 | 1,387 | 44,35 | 44,35 |  0,00 | 2,085 | 370,00 | 370,00 | 24,37 | 1046,692 | 279,91 | 370,09 |  0,00 | 1052,654 | 60,85 | 60,85 | 2125,459 |   NaN | NaN | 0,00 | 0,00 | NaN
  30 |  9,70 | 278,308 | 755,18 | 836,27 | 759,49 |  0,00 | 1,417 | 44,35 | 44,35 |  0,00 | 2,200 | 364,90 | 364,90 | 22,15 | 1026,904 | 285,08 | 366,18 |  0,00 | 1102,927 | 60,85 | 60,85 | 2225,956 |   NaN | NaN | 0,00 | 0,00 | NaN
  31 |  9,90 | 277,509 | 756,03 | 839,10 | 760,34 |  0,00 | 1,384 | 44,35 | 44,35 |  0,00 | 2,036 | 367,08 | 367,08 | 22,65 | 1040,004 | 283,75 | 366,83 |  0,00 | 1009,252 | 60,85 | 60,85 | 2038,586 |   NaN | NaN | 0,00 | 0,00 | NaN
  32 | 10,04 | 279,671 | 755,93 | 840,27 | 760,22 |  0,00 | 1,340 | 44,35 | 44,35 |  0,00 | 2,810 | 367,31 | 367,31 | 22,93 | 1043,233 | 283,42 | 367,76 |  0,00 | 1067,142 | 60,85 | 60,85 | 2154,367 |   NaN | NaN | 0,00 | 0,00 | NaN
  33 |  9,43 | 272,018 | 755,87 | 834,53 | 760,19 |  0,00 | 1,406 | 44,35 | 44,35 |  0,00 | 2,017 | 363,81 | 363,81 | 21,52 | 997,086 | 286,86 | 365,53 |  0,00 | 1090,577 | 60,85 | 60,85 | 2201,165 |   NaN | NaN | 0,00 | 0,00 | NaN
  34 |  9,29 | 277,410 | 755,93 | 833,35 | 760,23 |  0,00 | 1,397 | 44,35 | 44,35 |  0,00 | 2,212 | 366,85 | 366,85 | 21,43 | 1019,775 | 283,87 | 361,30 |  0,00 | 1178,619 | 60,85 | 60,85 | 2377,363 |   NaN | NaN | 0,00 | 0,00 | NaN
  35 | 10,66 | 278,313 | 756,14 | 846,36 | 760,45 |  0,00 | 1,346 | 44,35 | 44,35 |  0,00 | 1,795 | 370,20 | 370,20 | 24,32 | 1031,625 | 280,74 | 370,96 |  0,00 | 1211,738 | 60,85 | 60,85 | 2444,479 |   NaN | NaN | 0,00 | 0,00 | NaN
  36 |  9,54 | 270,277 | 755,11 | 834,78 | 759,43 |  0,00 | 1,399 | 44,35 | 44,35 |  0,00 | 2,418 | 361,13 | 361,13 | 21,62 | 974,367 | 288,78 | 368,45 |  0,00 | 1159,263 | 60,85 | 60,85 | 2338,680 |   NaN | NaN | 0,00 | 0,00 | NaN
  37 | 10,78 | 280,494 | 755,90 | 847,24 | 760,20 |  0,00 | 1,382 | 44,35 | 44,35 |  0,00 | 2,540 | 374,27 | 374,27 | 24,84 | 1073,076 | 276,42 | 367,76 |  0,00 | 1063,866 | 60,85 | 60,85 | 2147,856 |   NaN | NaN | 0,00 | 0,00 | NaN
  38 | 10,15 | 276,636 | 755,84 | 841,25 | 760,13 |  0,00 | 1,374 | 44,35 | 44,35 |  0,00 | 2,525 | 368,98 | 368,98 | 23,27 | 1031,220 | 281,66 | 367,07 |  0,00 | 1116,342 | 60,85 | 60,85 | 2252,876 |   NaN | NaN | 0,00 | 0,00 | NaN
  39 |  8,98 | 272,350 | 753,88 | 828,28 | 758,20 |  0,00 | 1,417 | 44,35 | 44,35 |  0,00 | 2,683 | 362,24 | 362,24 | 20,62 | 997,746 | 286,44 | 360,85 |  0,00 | 1082,348 | 60,85 | 60,85 | 2184,801 |   NaN | NaN | 0,00 | 0,00 | NaN
  40 |  8,98 | 272,423 | 754,84 | 829,36 | 759,18 |  0,00 | 1,417 | 44,35 | 44,35 |  0,00 | 2,600 | 363,84 | 363,84 | 20,68 | 994,529 | 285,80 | 360,32 |  0,00 | 1143,252 | 60,85 | 60,85 | 2306,629 |   NaN | NaN | 0,00 | 0,00 | NaN
  41 | 10,53 | 281,813 | 753,81 | 842,55 | 758,11 |  0,00 | 1,400 | 44,35 | 44,35 |  0,00 | 2,705 | 365,40 | 365,40 | 23,86 | 1053,808 | 283,21 | 371,95 |  0,00 | 1032,783 | 60,85 | 60,85 | 2085,664 |   NaN | NaN | 0,00 | 0,00 | NaN
  42 | 10,75 | 282,553 | 755,90 | 846,91 | 760,20 |  0,00 | 1,346 | 44,35 | 44,35 |  0,00 | 2,460 | 371,06 | 371,06 | 24,55 | 1071,572 | 279,64 | 370,64 |  0,00 | 1046,543 | 60,85 | 60,85 | 2113,150 |   NaN | NaN | 0,00 | 0,00 | NaN
  43 | 10,69 | 277,713 | 755,55 | 845,99 | 759,87 |  0,00 | 1,424 | 44,35 | 44,35 |  0,00 | 2,539 | 370,43 | 370,43 | 24,42 | 1045,010 | 279,92 | 370,35 |  0,00 | 1085,191 | 60,85 | 60,85 | 2190,549 |   NaN | NaN | 0,00 | 0,00 | NaN
  44 | 10,74 | 284,760 | 755,80 | 846,79 | 760,09 |  0,00 | 1,336 | 44,35 | 44,35 |  0,00 | 1,983 | 368,00 | 368,00 | 24,35 | 1072,302 | 282,60 | 373,59 |  0,00 | 1026,559 | 60,85 | 60,85 | 2073,120 |   NaN | NaN | 0,00 | 0,00 | NaN
  45 | 10,26 | 277,424 | 754,67 | 840,99 | 758,98 |  0,00 | 1,421 | 44,35 | 44,35 |  0,00 | 2,398 | 372,62 | 372,62 | 23,77 | 1060,086 | 276,85 | 363,17 |  0,00 | 1040,855 | 60,85 | 60,85 | 2101,976 |   NaN | NaN | 0,00 | 0,00 | NaN
  46 | 10,09 | 270,725 | 755,27 | 840,07 | 759,57 |  0,00 | 1,360 | 44,35 | 44,35 |  0,00 | 1,988 | 364,15 | 364,15 | 22,88 | 995,816 | 285,92 | 370,72 |  0,00 | 1079,749 | 60,85 | 60,85 | 2179,572 |   NaN | NaN | 0,00 | 0,00 | NaN
  47 |  9,70 | 280,643 | 755,52 | 836,66 | 759,82 |  0,00 | 1,357 | 44,35 | 44,35 |  0,00 | 2,200 | 367,83 | 367,83 | 22,31 | 1057,564 | 282,49 | 363,63 |  0,00 | 1009,693 | 60,85 | 60,85 | 2039,484 |   NaN | NaN | 0,00 | 0,00 | NaN
  48 |  9,59 | 270,197 | 754,57 | 834,61 | 758,87 |  0,00 | 1,387 | 44,35 | 44,35 |  0,00 | 2,147 | 364,90 | 364,90 | 21,96 | 1003,531 | 284,47 | 364,50 |  0,00 | 1026,047 | 60,85 | 60,85 | 2072,151 |   NaN | NaN | 0,00 | 0,00 | NaN
  49 |  9,53 | 277,829 | 754,72 | 834,20 | 759,03 |  0,00 | 1,399 | 44,35 | 44,35 |  0,00 | 2,804 | 365,89 | 365,89 | 21,89 | 1040,217 | 283,63 | 363,11 |  0,00 | 1005,926 | 60,85 | 60,85 | 2031,956 |   NaN | NaN | 0,00 | 0,00 | NaN
  50 |  9,94 | 273,612 | 754,52 | 837,79 | 758,80 |  0,00 | 1,354 | 44,35 | 44,35 |  0,00 | 2,125 | 368,00 | 368,00 | 22,84 | 1022,401 | 281,32 | 364,59 |  0,00 | 1086,773 | 60,85 | 60,85 | 2193,629 |   NaN | NaN | 0,00 | 0,00 | NaN
  51 | 10,26 | 276,797 | 755,65 | 842,03 | 759,97 |  0,00 | 1,352 | 44,35 | 44,35 |  0,00 | 1,961 | 367,46 | 367,46 | 23,39 | 1037,168 | 282,99 | 369,38 |  0,00 | 1032,000 | 60,85 | 60,85 | 2084,159 |   NaN | NaN | 0,00 | 0,00 | NaN
  52 | 10,06 | 277,542 | 755,29 | 839,76 | 759,60 |  0,00 | 1,378 | 44,35 | 44,35 |  0,00 | 2,030 | 362,65 | 362,65 | 22,71 | 1022,667 | 287,44 | 371,91 |  0,00 | 1041,414 | 60,85 | 60,85 | 2102,953 |   NaN | NaN | 0,00 | 0,00 | NaN
  53 | 10,20 | 281,669 | 754,58 | 840,30 | 758,89 |  0,00 | 1,365 | 44,35 | 44,35 |  0,00 | 2,721 | 367,84 | 367,84 | 23,34 | 1057,311 | 281,54 | 367,26 |  0,00 | 1065,425 | 60,85 | 60,85 | 2150,839 |   NaN | NaN | 0,00 | 0,00 | NaN
  54 |  9,46 | 278,558 | 755,44 | 834,36 | 759,73 |  0,00 | 1,368 | 44,35 | 44,35 |  0,00 | 2,996 | 367,15 | 367,15 | 21,80 | 1041,740 | 283,09 | 362,01 |  0,00 | 1041,896 | 60,85 | 60,85 | 2103,846 |   NaN | NaN | 0,00 | 0,00 | NaN
  55 |  9,86 | 279,053 | 754,19 | 836,69 | 758,48 |  0,00 | 1,353 | 44,35 | 44,35 |  0,00 | 2,233 | 365,02 | 365,02 | 22,51 | 1032,180 | 283,97 | 366,47 |  0,00 | 1112,494 | 60,85 | 60,85 | 2245,133 |   NaN | NaN | 0,00 | 0,00 | NaN
  56 |  9,40 | 277,052 | 755,62 | 834,06 | 759,93 |  0,00 | 1,359 | 44,35 | 44,35 |  0,00 | 2,329 | 364,86 | 364,86 | 21,55 | 1028,689 | 285,56 | 364,00 |  0,00 | 1028,578 | 60,85 | 60,85 | 2077,368 |   NaN | NaN | 0,00 | 0,00 | NaN
  57 |  9,91 | 275,922 | 753,92 | 836,85 | 758,23 |  0,00 | 1,356 | 44,35 | 44,35 |  0,00 | 3,389 | 364,65 | 364,65 | 22,60 | 1028,027 | 284,07 | 367,00 |  0,00 | 1014,102 | 60,85 | 60,85 | 2048,439 |   NaN | NaN | 0,00 | 0,00 | NaN
  58 | 10,22 | 279,854 | 755,72 | 841,75 | 760,02 |  0,00 | 1,385 | 44,35 | 44,35 |  0,00 | 2,146 | 369,93 | 369,93 | 23,47 | 1060,983 | 280,59 | 366,61 |  0,00 | 1011,834 | 60,85 | 60,85 | 2043,802 |   NaN | NaN | 0,00 | 0,00 | NaN
  59 | 10,56 | 276,377 | 755,96 | 845,18 | 760,24 |  0,00 | 1,404 | 44,35 | 44,35 |  0,00 | 2,046 | 366,10 | 366,10 | 23,86 | 1013,263 | 284,66 | 373,88 |  0,00 | 1174,156 | 60,85 | 60,85 | 2368,316 |   NaN | NaN | 0,00 | 0,00 | NaN
  60 | 10,26 | 277,328 | 754,01 | 840,21 | 758,31 |  0,00 | 1,338 | 44,35 | 44,35 |  0,00 | 2,132 | 368,01 | 368,01 | 23,49 | 1045,570 | 280,80 | 367,00 |  0,00 | 1032,796 | 60,85 | 60,85 | 2085,784 |   NaN | NaN | 0,00 | 0,00 | NaN
  61 | 10,53 | 277,016 | 755,57 | 844,47 | 759,87 |  0,00 | 1,361 | 44,35 | 44,35 |  0,00 | 2,493 | 369,84 | 369,84 | 24,07 | 1042,241 | 280,52 | 369,43 |  0,00 | 1068,820 | 60,85 | 60,85 | 2157,848 |   NaN | NaN | 0,00 | 0,00 | NaN
  62 | 10,33 | 278,699 | 754,49 | 841,41 | 758,84 |  0,00 | 1,422 | 44,35 | 44,35 |  0,00 | 2,815 | 366,14 | 366,14 | 23,49 | 1042,994 | 283,15 | 370,07 |  0,00 | 1025,567 | 60,85 | 60,85 | 2071,238 |   NaN | NaN | 0,00 | 0,00 | NaN
  63 | 10,22 | 279,873 | 755,15 | 841,11 | 759,44 |  0,00 | 1,378 | 44,35 | 44,35 |  0,00 | 2,607 | 370,40 | 370,40 | 23,52 | 1053,025 | 279,56 | 365,51 |  0,00 | 1105,759 | 60,85 | 60,85 | 2231,661 |   NaN | NaN | 0,00 | 0,00 | NaN
  64 |  9,13 | 270,826 | 756,04 | 832,04 | 760,36 |  0,00 | 1,421 | 44,35 | 44,35 |  0,00 | 2,256 | 364,58 | 364,58 | 20,98 | 999,376 | 286,26 | 362,25 |  0,00 | 1042,691 | 60,85 | 60,85 | 2105,511 |   NaN | NaN | 0,00 | 0,00 | NaN

= = = = = = = = = = = = AVERAGE RESULTS system = = = = = = = = = = = =
meanPLR_system | 10,072558 
meanDelay_system | 281,240897 
meanLoad_system | 839,612761 
meanTHR_system | 755,014089 
meanGate_system | 759,321220 

meanPLR_EF_system | 0,000000 
meanPLR_AF_system | 0,000000 
meanPLR_BE_system | 23,047151 
meanPLR_FLA_system | 0,000000 
meanPLR_FLB_system | NaN 

meanTHR_EF_system | 44,352003 
meanTHR_AF_system | 367,476780 
meanTHR_BE_system | 282,336846 
meanTHR_FLA_system | 62,192320 
meanTHR_FLB_system | 0,000000 

meanLoad_EF_system | 44,352003 
meanLoad_AF_system | 367,476780 
meanLoad_BE_system | 366,935517 
meanLoad_FLA_system | 62,192320 
meanLoad_FLB_system | 0,000000 

meanDELAY_EF_system | 1,382616 
meanDELAY_AF_system | 3,647344 
meanDELAY_BE_system | 1072,631729 
meanDELAY_FLA_system | 883,963866 
meanDELAY_FLB_system | NaN 
meanDELAY_CompleteFLA_system | 1788,060569 
meanDELAY_CompleteFLB_system | NaN 

= = = = = = = = = = = = AVERAGE RESULTS = = = = = = = = = = = =
Packet Loss Ratio: 10,08 (%)
PROCESSED PACKAGES: 1656140912 
DISCARTED PACKAGES: 117418981 
TOTAL PACKAGES: 1773559893 
AVERAGE DELAY: 52419,31 (ms) 
AVERAGE THROUGHPUT: 755,01 (Mbps) 
GRANTED THROUGHPUT: 48596,56 (Mbps) By 64 ONUs
EFFECTIVE THROUGHPUT: 48320,90 (Mbps) By 64 ONUs
TOTAL LOAD: 53735,22 (Mbps) By 64 ONUs
ON Arrival THROUGHPUT: 0,00 (Mbps) By 64 ONUs
FINISHTIMEFL: 135,836708 
FINISHTIME: 138,836708 


fileName | IPACT_LBCONSTANTTOKENSBYCYCLE_2_40_98_0 
