
ONU ID 	|  PLR(%) | Delay(ms) | Throughput(Mbps) | Granted Throughput(Mbps) | Total Load (Mbps) 

  ID |  PLR(%) |  D  | Thr |  Gates  |  Load  | PLR-EF | D-EF | ThrEF | LoadEF | PLR-AF | D-AF | ThrAF | LoadAF | PLR-BE | D-BE | ThrBE | LoadBE | PLR-FA | D-FA | ThrFA | LoadFA | DTFA |  PLR-FB | D-FB | ThrFB | LoadFB | DTFB | 
   1 |  0,00 | 12,464 | 699,63 | 699,63 | 715,66 |  0,00 | 0,810 | 44,35 | 44,35 |  0,00 | 0,819 | 266,93 | 266,93 |  0,00 | 19,080 | 259,36 | 259,36 |  0,00 | 118,690 | 128,99 | 128,99 | 230,171 |   NaN | NaN | 0,00 | 0,00 | NaN
   2 |  0,00 | 27,133 | 698,92 | 698,92 | 716,61 |  0,00 | 0,822 | 44,35 | 44,35 |  0,00 | 0,813 | 262,35 | 262,35 |  0,00 | 65,130 | 263,23 | 263,23 |  0,00 | 175,794 | 128,99 | 128,99 | 354,480 |   NaN | NaN | 0,00 | 0,00 | NaN
   3 |  0,00 | 24,320 | 703,42 | 703,42 | 718,28 |  0,00 | 0,758 | 44,35 | 44,35 |  0,00 | 0,763 | 265,97 | 265,97 |  0,00 | 53,741 | 264,11 | 264,11 |  0,00 | 175,968 | 128,99 | 128,99 | 352,581 |   NaN | NaN | 0,00 | 0,00 | NaN
   4 |  0,00 | 11,521 | 704,80 | 704,80 | 719,57 |  0,00 | 0,764 | 44,35 | 44,35 |  0,00 | 0,754 | 269,48 | 269,48 |  0,00 | 17,465 | 261,98 | 261,98 |  0,00 | 110,430 | 128,99 | 128,99 | 208,793 |   NaN | NaN | 0,00 | 0,00 | NaN
   5 |  0,00 | 30,228 | 695,77 | 695,77 | 710,76 |  0,00 | 0,789 | 44,35 | 44,35 |  0,00 | 0,778 | 262,09 | 262,09 |  0,00 | 76,447 | 260,34 | 260,34 |  0,00 | 184,125 | 128,99 | 128,99 | 384,146 |   NaN | NaN | 0,00 | 0,00 | NaN
   6 |  0,00 | 28,643 | 701,21 | 701,21 | 715,90 |  0,00 | 0,738 | 44,35 | 44,35 |  0,00 | 0,741 | 264,70 | 264,70 |  0,00 | 69,673 | 263,18 | 263,18 |  0,00 | 184,328 | 128,99 | 128,99 | 376,367 |   NaN | NaN | 0,00 | 0,00 | NaN
   7 |  0,00 | 17,036 | 698,83 | 698,83 | 713,61 |  0,00 | 0,757 | 44,35 | 44,35 |  0,00 | 0,749 | 264,19 | 264,19 |  0,00 | 32,547 | 261,30 | 261,30 |  0,00 | 140,626 | 128,99 | 128,99 | 275,736 |   NaN | NaN | 0,00 | 0,00 | NaN
   8 |  0,00 | 27,212 | 703,55 | 703,55 | 719,24 |  0,00 | 0,806 | 44,35 | 44,35 |  0,00 | 0,790 | 263,64 | 263,64 |  0,00 | 64,607 | 266,57 | 266,57 |  0,00 | 177,985 | 128,99 | 128,99 | 359,187 |   NaN | NaN | 0,00 | 0,00 | NaN
   9 |  0,00 | 21,479 | 700,25 | 700,25 | 715,09 |  0,00 | 0,746 | 44,35 | 44,35 |  0,00 | 0,736 | 265,69 | 265,69 |  0,00 | 46,309 | 261,22 | 261,22 |  0,00 | 160,026 | 128,99 | 128,99 | 317,955 |   NaN | NaN | 0,00 | 0,00 | NaN
  10 |  0,00 | 12,506 | 697,62 | 697,62 | 713,33 |  0,00 | 0,807 | 44,35 | 44,35 |  0,00 | 0,806 | 263,60 | 263,60 |  0,00 | 19,683 | 260,68 | 260,68 |  0,00 | 116,432 | 128,99 | 128,99 | 224,615 |   NaN | NaN | 0,00 | 0,00 | NaN
  11 |  0,00 | 30,744 | 691,95 | 691,95 | 706,75 |  0,00 | 0,747 | 44,35 | 44,35 |  0,00 | 0,741 | 256,63 | 256,63 |  0,00 | 82,075 | 261,98 | 261,98 |  0,00 | 167,824 | 128,99 | 128,99 | 364,096 |   NaN | NaN | 0,00 | 0,00 | NaN
  12 |  0,00 | 28,874 | 699,88 | 699,88 | 715,91 |  0,00 | 0,809 | 44,35 | 44,35 |  0,00 | 0,809 | 263,70 | 263,70 |  0,00 | 70,619 | 262,85 | 262,85 |  0,00 | 183,457 | 128,99 | 128,99 | 376,800 |   NaN | NaN | 0,00 | 0,00 | NaN
  13 |  0,00 | 26,379 | 692,73 | 692,73 | 707,64 |  0,00 | 0,774 | 44,35 | 44,35 |  0,00 | 0,769 | 258,65 | 258,65 |  0,00 | 61,489 | 260,74 | 260,74 |  0,00 | 178,063 | 128,99 | 128,99 | 358,644 |   NaN | NaN | 0,00 | 0,00 | NaN
  14 |  0,00 | 31,603 | 703,38 | 703,38 | 719,98 |  0,00 | 0,815 | 44,35 | 44,35 |  0,00 | 0,811 | 265,76 | 265,76 |  0,00 | 81,217 | 264,28 | 264,28 |  0,00 | 186,440 | 128,99 | 128,99 | 385,849 |   NaN | NaN | 0,00 | 0,00 | NaN
  15 |  0,00 | 16,585 | 696,13 | 696,13 | 712,01 |  0,00 | 0,809 | 44,35 | 44,35 |  0,00 | 0,790 | 259,02 | 259,02 |  0,00 | 30,612 | 263,77 | 263,77 |  0,00 | 138,575 | 128,99 | 128,99 | 274,784 |   NaN | NaN | 0,00 | 0,00 | NaN
  16 |  0,00 | 23,901 | 704,04 | 704,04 | 719,34 |  0,00 | 0,800 | 44,35 | 44,35 |  0,00 | 0,800 | 263,08 | 263,08 |  0,00 | 52,791 | 267,63 | 267,63 |  0,00 | 169,915 | 128,99 | 128,99 | 337,773 |   NaN | NaN | 0,00 | 0,00 | NaN
  17 |  0,00 | 22,652 | 699,80 | 699,80 | 716,22 |  0,00 | 0,813 | 44,35 | 44,35 |  0,00 | 0,806 | 263,30 | 263,30 |  0,00 | 49,148 | 263,17 | 263,17 |  0,00 | 165,723 | 128,99 | 128,99 | 330,719 |   NaN | NaN | 0,00 | 0,00 | NaN
  18 |  0,00 | 17,877 | 698,15 | 698,15 | 713,10 |  0,00 | 0,790 | 44,35 | 44,35 |  0,00 | 0,784 | 261,39 | 261,39 |  0,00 | 48,145 | 263,42 | 263,42 |  0,00 | 92,556 | 128,99 | 128,99 | 264,672 |   NaN | NaN | 0,00 | 0,00 | NaN
  19 |  0,00 | 31,974 | 694,26 | 694,26 | 709,19 |  0,00 | 0,781 | 44,35 | 44,35 |  0,00 | 0,781 | 259,30 | 259,30 |  0,00 | 84,762 | 261,62 | 261,62 |  0,00 | 178,116 | 128,99 | 128,99 | 381,480 |   NaN | NaN | 0,00 | 0,00 | NaN
  20 |  0,00 | 30,517 | 695,87 | 695,87 | 710,81 |  0,00 | 0,776 | 44,35 | 44,35 |  0,00 | 0,774 | 263,16 | 263,16 |  0,00 | 84,312 | 259,37 | 259,37 |  0,00 | 160,198 | 128,99 | 128,99 | 361,337 |   NaN | NaN | 0,00 | 0,00 | NaN
  21 |  0,00 | 14,688 | 692,27 | 692,27 | 707,13 |  0,00 | 0,781 | 44,35 | 44,35 |  0,00 | 0,777 | 260,36 | 260,36 |  0,00 | 25,433 | 258,57 | 258,57 |  0,00 | 129,487 | 128,99 | 128,99 | 253,964 |   NaN | NaN | 0,00 | 0,00 | NaN
  22 |  0,00 | 31,492 | 703,21 | 703,21 | 720,43 |  0,00 | 0,819 | 44,35 | 44,35 |  0,00 | 0,814 | 269,30 | 269,30 |  0,00 | 81,704 | 260,57 | 260,57 |  0,00 | 186,925 | 128,99 | 128,99 | 390,928 |   NaN | NaN | 0,00 | 0,00 | NaN
  23 |  0,00 | 34,154 | 701,40 | 701,40 | 716,75 |  0,00 | 0,801 | 44,35 | 44,35 |  0,00 | 0,789 | 264,84 | 264,84 |  0,00 | 92,881 | 263,23 | 263,23 |  0,00 | 183,106 | 128,99 | 128,99 | 381,878 |   NaN | NaN | 0,00 | 0,00 | NaN
  24 |  0,00 | 27,452 | 699,92 | 699,92 | 714,75 |  0,00 | 0,763 | 44,35 | 44,35 |  0,00 | 0,748 | 263,12 | 263,12 |  0,00 | 66,143 | 263,47 | 263,47 |  0,00 | 177,833 | 128,99 | 128,99 | 357,704 |   NaN | NaN | 0,00 | 0,00 | NaN
  25 |  0,00 | 18,614 | 706,74 | 706,74 | 724,31 |  0,00 | 0,820 | 44,35 | 44,35 |  0,00 | 0,813 | 262,28 | 262,28 |  0,00 | 36,052 | 271,13 | 271,13 |  0,00 | 148,835 | 128,99 | 128,99 | 294,768 |   NaN | NaN | 0,00 | 0,00 | NaN
  26 |  0,00 | 16,337 | 698,71 | 698,71 | 715,66 |  0,00 | 0,817 | 44,35 | 44,35 |  0,00 | 0,814 | 261,78 | 261,78 |  0,00 | 30,056 | 263,59 | 263,59 |  0,00 | 137,229 | 128,99 | 128,99 | 268,574 |   NaN | NaN | 0,00 | 0,00 | NaN
  27 |  0,00 | 13,772 | 694,68 | 694,68 | 709,43 |  0,00 | 0,744 | 44,35 | 44,35 |  0,00 | 0,746 | 262,96 | 262,96 |  0,00 | 35,716 | 258,39 | 258,39 |  0,00 | 76,976 | 128,99 | 128,99 | 234,701 |   NaN | NaN | 0,00 | 0,00 | NaN
  28 |  0,00 | 32,584 | 695,91 | 695,91 | 711,94 |  0,00 | 0,810 | 44,35 | 44,35 |  0,00 | 0,797 | 263,13 | 263,13 |  0,00 | 86,160 | 259,44 | 259,44 |  0,00 | 185,779 | 128,99 | 128,99 | 388,924 |   NaN | NaN | 0,00 | 0,00 | NaN
  29 |  0,00 | 33,837 | 698,39 | 698,39 | 713,38 |  0,00 | 0,789 | 44,35 | 44,35 |  0,00 | 0,789 | 264,14 | 264,14 |  0,00 | 93,735 | 260,92 | 260,92 |  0,00 | 176,590 | 128,99 | 128,99 | 381,853 |   NaN | NaN | 0,00 | 0,00 | NaN
  30 |  0,00 | 22,945 | 690,46 | 690,46 | 707,73 |  0,00 | 0,819 | 44,35 | 44,35 |  0,00 | 0,812 | 258,08 | 258,08 |  0,00 | 60,148 | 259,04 | 259,04 |  0,00 | 128,631 | 128,99 | 128,99 | 317,903 |   NaN | NaN | 0,00 | 0,00 | NaN
  31 |  0,00 | 33,716 | 696,31 | 696,31 | 711,26 |  0,00 | 0,786 | 44,35 | 44,35 |  0,00 | 0,790 | 262,17 | 262,17 |  0,00 | 91,903 | 260,80 | 260,80 |  0,00 | 180,710 | 128,99 | 128,99 | 382,974 |   NaN | NaN | 0,00 | 0,00 | NaN
  32 |  0,00 | 32,143 | 695,27 | 695,27 | 710,03 |  0,00 | 0,743 | 44,35 | 44,35 |  0,00 | 0,740 | 260,23 | 260,23 |  0,00 | 88,786 | 261,70 | 261,70 |  0,00 | 166,300 | 128,99 | 128,99 | 364,026 |   NaN | NaN | 0,00 | 0,00 | NaN
  33 |  0,00 | 26,752 | 695,50 | 695,50 | 711,31 |  0,00 | 0,808 | 44,35 | 44,35 |  0,00 | 0,799 | 258,55 | 258,55 |  0,00 | 70,299 | 263,61 | 263,61 |  0,00 | 148,221 | 128,99 | 128,99 | 342,756 |   NaN | NaN | 0,00 | 0,00 | NaN
  34 |  0,00 | 4,662 | 692,88 | 692,88 | 708,07 |  0,00 | 0,800 | 44,35 | 44,35 |  0,00 | 0,804 | 262,91 | 262,91 |  0,00 | 8,350 | 256,63 | 256,63 |  0,00 | 34,106 | 128,99 | 128,99 | 115,838 |   NaN | NaN | 0,00 | 0,00 | NaN
  35 |  0,00 | 1,953 | 702,99 | 702,99 | 717,63 |  0,00 | 0,749 | 44,35 | 44,35 |  0,00 | 0,740 | 265,03 | 265,03 |  0,00 | 2,184 | 264,63 | 264,63 |  0,00 | 14,633 | 128,99 | 128,99 | 56,825 |   NaN | NaN | 0,00 | 0,00 | NaN
  36 |  0,00 | 10,747 | 695,92 | 695,92 | 711,33 |  0,00 | 0,802 | 44,35 | 44,35 |  0,00 | 0,801 | 257,97 | 257,97 |  0,00 | 26,846 | 264,61 | 264,61 |  0,00 | 59,308 | 128,99 | 128,99 | 194,413 |   NaN | NaN | 0,00 | 0,00 | NaN
  37 |  0,00 | 31,415 | 702,14 | 702,14 | 717,10 |  0,00 | 0,784 | 44,35 | 44,35 |  0,00 | 0,774 | 265,73 | 265,73 |  0,00 | 85,156 | 263,07 | 263,07 |  0,00 | 169,648 | 128,99 | 128,99 | 369,205 |   NaN | NaN | 0,00 | 0,00 | NaN
  38 |  0,00 | 23,972 | 695,74 | 695,74 | 710,56 |  0,00 | 0,776 | 44,35 | 44,35 |  0,00 | 0,772 | 262,56 | 262,56 |  0,00 | 66,838 | 259,84 | 259,84 |  0,00 | 121,150 | 128,99 | 128,99 | 311,233 |   NaN | NaN | 0,00 | 0,00 | NaN
  39 |  0,00 | 29,269 | 693,25 | 693,25 | 710,54 |  0,00 | 0,819 | 44,35 | 44,35 |  0,00 | 0,825 | 261,30 | 261,30 |  0,00 | 80,497 | 258,61 | 258,61 |  0,00 | 153,904 | 128,99 | 128,99 | 352,424 |   NaN | NaN | 0,00 | 0,00 | NaN
  40 |  0,00 | 14,963 | 695,14 | 695,14 | 712,42 |  0,00 | 0,819 | 44,35 | 44,35 |  0,00 | 0,812 | 260,79 | 260,79 |  0,00 | 38,513 | 261,01 | 261,01 |  0,00 | 83,284 | 128,99 | 128,99 | 247,990 |   NaN | NaN | 0,00 | 0,00 | NaN
  41 |  0,00 | 33,342 | 703,10 | 703,10 | 718,58 |  0,00 | 0,802 | 44,35 | 44,35 |  0,00 | 0,808 | 262,70 | 262,70 |  0,00 | 89,997 | 267,07 | 267,07 |  0,00 | 176,983 | 128,99 | 128,99 | 376,995 |   NaN | NaN | 0,00 | 0,00 | NaN
  42 |  0,00 | 33,055 | 700,21 | 700,21 | 715,01 |  0,00 | 0,748 | 44,35 | 44,35 |  0,00 | 0,745 | 262,84 | 262,84 |  0,00 | 89,792 | 264,04 | 264,04 |  0,00 | 176,345 | 128,99 | 128,99 | 378,746 |   NaN | NaN | 0,00 | 0,00 | NaN
  43 |  0,00 | 30,803 | 702,38 | 702,38 | 719,35 |  0,00 | 0,826 | 44,35 | 44,35 |  0,00 | 0,811 | 262,95 | 262,95 |  0,00 | 85,829 | 266,09 | 266,09 |  0,00 | 153,090 | 128,99 | 128,99 | 350,286 |   NaN | NaN | 0,00 | 0,00 | NaN
  44 |  0,00 | 34,146 | 702,47 | 702,47 | 717,23 |  0,00 | 0,739 | 44,35 | 44,35 |  0,00 | 0,740 | 262,66 | 262,66 |  0,00 | 92,646 | 266,48 | 266,48 |  0,00 | 180,815 | 128,99 | 128,99 | 380,948 |   NaN | NaN | 0,00 | 0,00 | NaN
  45 |  0,00 | 32,038 | 701,87 | 701,87 | 719,67 |  0,00 | 0,823 | 44,35 | 44,35 |  0,00 | 0,815 | 268,65 | 268,65 |  0,00 | 86,483 | 259,89 | 259,89 |  0,00 | 177,893 | 128,99 | 128,99 | 378,354 |   NaN | NaN | 0,00 | 0,00 | NaN
  46 |  0,00 | 31,091 | 695,11 | 695,11 | 709,97 |  0,00 | 0,762 | 44,35 | 44,35 |  0,00 | 0,762 | 258,00 | 258,00 |  0,00 | 84,308 | 263,77 | 263,77 |  0,00 | 163,824 | 128,99 | 128,99 | 365,049 |   NaN | NaN | 0,00 | 0,00 | NaN
  47 |  0,00 | 32,212 | 691,75 | 691,75 | 706,58 |  0,00 | 0,760 | 44,35 | 44,35 |  0,00 | 0,753 | 261,17 | 261,17 |  0,00 | 86,004 | 257,24 | 257,24 |  0,00 | 181,890 | 128,99 | 128,99 | 384,371 |   NaN | NaN | 0,00 | 0,00 | NaN
  48 |  0,00 | 33,483 | 692,89 | 692,89 | 707,84 |  0,00 | 0,789 | 44,35 | 44,35 |  0,00 | 0,785 | 259,62 | 259,62 |  0,00 | 89,971 | 259,93 | 259,93 |  0,00 | 183,963 | 128,99 | 128,99 | 385,533 |   NaN | NaN | 0,00 | 0,00 | NaN
  49 |  0,00 | 33,573 | 691,68 | 691,68 | 707,08 |  0,00 | 0,802 | 44,35 | 44,35 |  0,00 | 0,792 | 258,57 | 258,57 |  0,00 | 90,548 | 259,77 | 259,77 |  0,00 | 182,740 | 128,99 | 128,99 | 382,123 |   NaN | NaN | 0,00 | 0,00 | NaN
  50 |  0,00 | 29,949 | 695,31 | 695,31 | 710,14 |  0,00 | 0,756 | 44,35 | 44,35 |  0,00 | 0,757 | 263,55 | 263,55 |  0,00 | 82,348 | 258,43 | 258,43 |  0,00 | 159,691 | 128,99 | 128,99 | 362,071 |   NaN | NaN | 0,00 | 0,00 | NaN
  51 |  0,00 | 33,745 | 693,84 | 693,84 | 708,71 |  0,00 | 0,754 | 44,35 | 44,35 |  0,00 | 0,740 | 259,91 | 259,91 |  0,00 | 92,010 | 260,59 | 260,59 |  0,00 | 180,292 | 128,99 | 128,99 | 378,486 |   NaN | NaN | 0,00 | 0,00 | NaN
  52 |  0,00 | 34,774 | 696,10 | 696,10 | 711,04 |  0,00 | 0,780 | 44,35 | 44,35 |  0,00 | 0,780 | 259,06 | 259,06 |  0,00 | 95,733 | 263,70 | 263,70 |  0,00 | 179,028 | 128,99 | 128,99 | 382,216 |   NaN | NaN | 0,00 | 0,00 | NaN
  53 |  0,00 | 31,812 | 700,21 | 700,21 | 715,11 |  0,00 | 0,768 | 44,35 | 44,35 |  0,00 | 0,764 | 262,14 | 262,14 |  0,00 | 87,392 | 264,73 | 264,73 |  0,00 | 164,594 | 128,99 | 128,99 | 365,332 |   NaN | NaN | 0,00 | 0,00 | NaN
  54 |  0,00 | 30,426 | 692,29 | 692,29 | 707,14 |  0,00 | 0,770 | 44,35 | 44,35 |  0,00 | 0,755 | 262,41 | 262,41 |  0,00 | 81,647 | 256,54 | 256,54 |  0,00 | 170,766 | 128,99 | 128,99 | 364,487 |   NaN | NaN | 0,00 | 0,00 | NaN
  55 |  0,00 | 24,040 | 695,57 | 695,57 | 710,37 |  0,00 | 0,755 | 44,35 | 44,35 |  0,00 | 0,769 | 259,55 | 259,55 |  0,00 | 66,011 | 262,68 | 262,68 |  0,00 | 122,712 | 128,99 | 128,99 | 315,075 |   NaN | NaN | 0,00 | 0,00 | NaN
  56 |  0,00 | 32,244 | 692,62 | 692,62 | 707,49 |  0,00 | 0,761 | 44,35 | 44,35 |  0,00 | 0,750 | 261,82 | 261,82 |  0,00 | 87,139 | 257,47 | 257,47 |  0,00 | 178,227 | 128,99 | 128,99 | 377,511 |   NaN | NaN | 0,00 | 0,00 | NaN
  57 |  0,00 | 33,822 | 696,32 | 696,32 | 711,23 |  0,00 | 0,758 | 44,35 | 44,35 |  0,00 | 0,753 | 260,17 | 260,17 |  0,00 | 91,474 | 262,82 | 262,82 |  0,00 | 181,699 | 128,99 | 128,99 | 385,361 |   NaN | NaN | 0,00 | 0,00 | NaN
  58 |  0,00 | 34,739 | 698,79 | 698,79 | 713,76 |  0,00 | 0,787 | 44,35 | 44,35 |  0,00 | 0,786 | 263,13 | 263,13 |  0,00 | 95,014 | 262,31 | 262,31 |  0,00 | 184,471 | 128,99 | 128,99 | 389,349 |   NaN | NaN | 0,00 | 0,00 | NaN
  59 |  0,00 | 6,262 | 700,57 | 700,57 | 716,12 |  0,00 | 0,806 | 44,35 | 44,35 |  0,00 | 0,787 | 261,13 | 261,13 |  0,00 | 12,753 | 266,11 | 266,11 |  0,00 | 42,115 | 128,99 | 128,99 | 140,617 |   NaN | NaN | 0,00 | 0,00 | NaN
  60 |  0,00 | 33,469 | 697,24 | 697,24 | 712,03 |  0,00 | 0,741 | 44,35 | 44,35 |  0,00 | 0,750 | 262,31 | 262,31 |  0,00 | 91,105 | 261,59 | 261,59 |  0,00 | 179,748 | 128,99 | 128,99 | 385,202 |   NaN | NaN | 0,00 | 0,00 | NaN
  61 |  0,00 | 31,755 | 701,71 | 701,71 | 716,53 |  0,00 | 0,763 | 44,35 | 44,35 |  0,00 | 0,774 | 264,50 | 264,50 |  0,00 | 87,590 | 263,87 | 263,87 |  0,00 | 164,602 | 128,99 | 128,99 | 367,808 |   NaN | NaN | 0,00 | 0,00 | NaN
  62 |  0,00 | 33,096 | 698,45 | 698,45 | 716,67 |  0,00 | 0,825 | 44,35 | 44,35 |  0,00 | 0,835 | 261,21 | 261,21 |  0,00 | 88,717 | 263,90 | 263,90 |  0,00 | 179,554 | 128,99 | 128,99 | 385,425 |   NaN | NaN | 0,00 | 0,00 | NaN
  63 |  0,00 | 23,740 | 701,07 | 701,07 | 715,94 |  0,00 | 0,780 | 44,35 | 44,35 |  0,00 | 0,765 | 264,99 | 264,99 |  0,00 | 62,891 | 262,74 | 262,74 |  0,00 | 131,574 | 128,99 | 128,99 | 320,101 |   NaN | NaN | 0,00 | 0,00 | NaN
  64 |  0,00 | 32,587 | 693,30 | 693,30 | 711,25 |  0,00 | 0,823 | 44,35 | 44,35 |  0,00 | 0,815 | 261,63 | 261,63 |  0,00 | 88,874 | 258,33 | 258,33 |  0,00 | 175,607 | 128,99 | 128,99 | 374,796 |   NaN | NaN | 0,00 | 0,00 | NaN

= = = = = = = = = = = = AVERAGE RESULTS system = = = = = = = = = = = =
meanPLR_system | 0,000000 
meanDelay_system | 26,083166 
meanLoad_system | 697,842179 
meanTHR_system | 697,842179 
meanGate_system | 713,368499 

meanPLR_EF_system | 0,000000 
meanPLR_AF_system | 0,000000 
meanPLR_BE_system | 0,000000 
meanPLR_FLA_system | 0,000000 
meanPLR_FLB_system | NaN 

meanTHR_EF_system | 44,352002 
meanTHR_AF_system | 262,414383 
meanTHR_BE_system | 262,090295 
meanTHR_FLA_system | 132,557095 
meanTHR_FLB_system | 0,000000 

meanLoad_EF_system | 44,352002 
meanLoad_AF_system | 262,414383 
meanLoad_BE_system | 262,090295 
meanLoad_FLA_system | 132,557095 
meanLoad_FLB_system | 0,000000 

meanDELAY_EF_system | 0,784969 
meanDELAY_AF_system | 0,780632 
meanDELAY_BE_system | 66,930112 
meanDELAY_FLA_system | 153,127275 
meanDELAY_FLB_system | NaN 
meanDELAY_CompleteFLA_system | 331,332964 
meanDELAY_CompleteFLB_system | NaN 

= = = = = = = = = = = = AVERAGE RESULTS = = = = = = = = = = = =
Packet Loss Ratio: 00,00 (%)
PROCESSED PACKAGES: 1227899108 
DISCARTED PACKAGES: 0 
TOTAL PACKAGES: 1227899108 
AVERAGE DELAY: 4493,98 (ms) 
AVERAGE THROUGHPUT: 697,84 (Mbps) 
GRANTED THROUGHPUT: 45655,58 (Mbps) By 64 ONUs
EFFECTIVE THROUGHPUT: 44661,90 (Mbps) By 64 ONUs
TOTAL LOAD: 44661,90 (Mbps) By 64 ONUs
ON Arrival THROUGHPUT: 0,00 (Mbps) By 64 ONUs
FINISHTIMEFL: 108,342748 
FINISHTIME: 111,342748 


fileName | IPACT_STRICTPRIORITYFIRSTAF_1_68_70_0 
