
ONU ID 	|  PLR(%) | Delay(ms) | Throughput(Mbps) | Granted Throughput(Mbps) | Total Load (Mbps) 

  ID |  PLR(%) |  D  | Thr |  Gates  |  Load  | PLR-EF | D-EF | ThrEF | LoadEF | PLR-AF | D-AF | ThrAF | LoadAF | PLR-BE | D-BE | ThrBE | LoadBE | PLR-FA | D-FA | ThrFA | LoadFA | DTFA |  PLR-FB | D-FB | ThrFB | LoadFB | DTFB | 
   1 |  3,47 | 265,505 | 754,91 | 782,02 | 759,20 |  0,00 | 1,406 | 44,35 | 44,35 |  0,00 | 5,104 | 357,93 | 357,93 |  7,69 | 959,608 | 325,36 | 352,47 |  0,00 | 299,125 | 27,27 | 27,27 | 617,440 |   NaN | NaN | 0,00 | 0,00 | NaN
   2 |  3,17 | 230,387 | 753,67 | 778,36 | 757,98 |  0,00 | 1,418 | 44,35 | 44,35 |  0,00 | 2,140 | 355,62 | 355,62 |  7,03 | 790,075 | 326,42 | 351,12 |  0,00 | 1188,083 | 27,27 | 27,27 | 2395,210 |   NaN | NaN | 0,00 | 0,00 | NaN
   3 |  2,71 | 224,568 | 752,33 | 773,28 | 756,62 |  0,00 | 1,355 | 44,35 | 44,35 |  0,00 | 1,896 | 350,19 | 350,19 |  5,96 | 761,847 | 330,52 | 351,47 |  0,00 | 1116,834 | 27,27 | 27,27 | 2252,845 |   NaN | NaN | 0,00 | 0,00 | NaN
   4 |  3,42 | 260,526 | 755,05 | 781,79 | 759,39 |  0,00 | 1,360 | 44,35 | 44,35 |  0,00 | 10,285 | 357,04 | 357,04 |  7,57 | 937,435 | 326,39 | 353,13 |  0,00 | 188,620 | 27,27 | 27,27 | 396,436 |   NaN | NaN | 0,00 | 0,00 | NaN
   5 |  2,35 | 220,734 | 753,13 | 771,27 | 757,42 |  0,00 | 1,386 | 44,35 | 44,35 |  0,00 | 1,950 | 350,59 | 350,59 |  5,20 | 725,331 | 330,92 | 349,06 |  0,00 | 1620,885 | 27,27 | 27,27 | 3260,998 |   NaN | NaN | 0,00 | 0,00 | NaN
   6 |  3,07 | 242,756 | 753,64 | 777,50 | 757,91 |  0,00 | 1,334 | 44,35 | 44,35 |  0,00 | 1,893 | 353,78 | 353,78 |  6,78 | 825,024 | 328,24 | 352,10 |  0,00 | 1332,511 | 27,27 | 27,27 | 2684,185 |   NaN | NaN | 0,00 | 0,00 | NaN
   7 |  2,88 | 236,414 | 754,81 | 777,18 | 759,11 |  0,00 | 1,353 | 44,35 | 44,35 |  0,00 | 2,355 | 351,78 | 351,78 |  6,32 | 829,800 | 331,41 | 353,78 |  0,00 | 526,024 | 27,27 | 27,27 | 1071,215 |   NaN | NaN | 0,00 | 0,00 | NaN
   8 |  3,40 | 242,918 | 755,32 | 781,87 | 759,62 |  0,00 | 1,403 | 44,35 | 44,35 |  0,00 | 2,207 | 354,34 | 354,34 |  7,46 | 827,400 | 329,35 | 355,91 |  0,00 | 1242,511 | 27,27 | 27,27 | 2503,905 |   NaN | NaN | 0,00 | 0,00 | NaN
   9 |  3,00 | 236,413 | 753,81 | 777,14 | 758,08 |  0,00 | 1,343 | 44,35 | 44,35 |  0,00 | 2,327 | 352,03 | 352,03 |  6,60 | 819,357 | 330,16 | 353,48 |  0,00 | 816,816 | 27,27 | 27,27 | 1652,814 |   NaN | NaN | 0,00 | 0,00 | NaN
  10 |  2,88 | 241,760 | 755,02 | 777,40 | 759,32 |  0,00 | 1,404 | 44,35 | 44,35 |  0,00 | 5,144 | 354,96 | 354,96 |  6,38 | 864,856 | 328,44 | 350,82 |  0,00 | 274,539 | 27,27 | 27,27 | 568,234 |   NaN | NaN | 0,00 | 0,00 | NaN
  11 |  3,02 | 216,832 | 753,38 | 776,88 | 757,66 |  0,00 | 1,343 | 44,35 | 44,35 |  0,00 | 1,543 | 351,78 | 351,78 |  6,65 | 684,320 | 329,98 | 353,47 |  0,00 | 2298,255 | 27,27 | 27,27 | 4615,639 |   NaN | NaN | 0,00 | 0,00 | NaN
  12 |  2,91 | 227,466 | 755,03 | 777,64 | 759,34 |  0,00 | 1,406 | 44,35 | 44,35 |  0,00 | 1,846 | 351,84 | 351,84 |  6,39 | 759,492 | 331,57 | 354,19 |  0,00 | 1397,055 | 27,27 | 27,27 | 2813,111 |   NaN | NaN | 0,00 | 0,00 | NaN
  13 |  1,94 | 210,775 | 753,61 | 768,52 | 757,90 |  0,00 | 1,370 | 44,35 | 44,35 |  0,00 | 1,780 | 350,43 | 350,43 |  4,30 | 707,580 | 331,56 | 346,47 |  0,00 | 1184,090 | 27,27 | 27,27 | 2387,227 |   NaN | NaN | 0,00 | 0,00 | NaN
  14 |  3,73 | 244,432 | 752,52 | 781,69 | 756,82 |  0,00 | 1,411 | 44,35 | 44,35 |  0,00 | 1,595 | 354,75 | 354,75 |  8,21 | 822,735 | 326,15 | 355,32 |  0,00 | 1624,815 | 27,27 | 27,27 | 3268,689 |   NaN | NaN | 0,00 | 0,00 | NaN
  15 |  2,94 | 243,062 | 752,90 | 775,74 | 757,20 |  0,00 | 1,405 | 44,35 | 44,35 |  0,00 | 3,079 | 347,96 | 347,96 |  6,41 | 845,926 | 333,33 | 356,17 |  0,00 | 545,489 | 27,27 | 27,27 | 1110,072 |   NaN | NaN | 0,00 | 0,00 | NaN
  16 |  3,91 | 261,567 | 754,38 | 785,05 | 758,67 |  0,00 | 1,397 | 44,35 | 44,35 |  0,00 | 2,138 | 355,34 | 355,34 |  8,57 | 911,704 | 327,41 | 358,08 |  0,00 | 975,528 | 27,27 | 27,27 | 1970,169 |   NaN | NaN | 0,00 | 0,00 | NaN
  17 |  3,01 | 244,512 | 754,06 | 777,50 | 758,37 |  0,00 | 1,410 | 44,35 | 44,35 |  0,00 | 1,727 | 354,27 | 354,27 |  6,67 | 849,918 | 328,17 | 351,61 |  0,00 | 921,238 | 27,27 | 27,27 | 1861,459 |   NaN | NaN | 0,00 | 0,00 | NaN
  18 |  2,70 | 224,444 | 753,30 | 774,21 | 757,58 |  0,00 | 1,386 | 44,35 | 44,35 |  0,00 | 1,678 | 352,29 | 352,29 |  5,97 | 705,030 | 329,39 | 350,30 |  0,00 | 2479,141 | 27,27 | 27,27 | 4977,362 |   NaN | NaN | 0,00 | 0,00 | NaN
  19 |  1,96 | 216,643 | 754,85 | 769,97 | 759,13 |  0,00 | 1,377 | 44,35 | 44,35 |  0,00 | 2,028 | 347,21 | 347,21 |  4,31 | 685,122 | 336,01 | 351,14 |  0,00 | 1983,173 | 27,27 | 27,27 | 3985,306 |   NaN | NaN | 0,00 | 0,00 | NaN
  20 |  1,99 | 203,913 | 753,46 | 768,74 | 757,75 |  0,00 | 1,373 | 44,35 | 44,35 |  0,00 | 2,030 | 351,53 | 351,53 |  4,42 | 634,364 | 330,31 | 345,59 |  0,00 | 2335,936 | 27,27 | 27,27 | 4690,882 |   NaN | NaN | 0,00 | 0,00 | NaN
  21 |  1,87 | 207,362 | 752,65 | 767,03 | 756,93 |  0,00 | 1,377 | 44,35 | 44,35 |  0,00 | 2,560 | 349,60 | 349,60 |  4,16 | 727,799 | 331,43 | 345,81 |  0,00 | 409,870 | 27,27 | 27,27 | 838,947 |   NaN | NaN | 0,00 | 0,00 | NaN
  22 |  3,34 | 246,805 | 754,11 | 780,17 | 758,42 |  0,00 | 1,416 | 44,35 | 44,35 |  0,00 | 1,756 | 357,66 | 357,66 |  7,43 | 831,966 | 324,83 | 350,88 |  0,00 | 1713,914 | 27,27 | 27,27 | 3446,871 |   NaN | NaN | 0,00 | 0,00 | NaN
  23 |  3,16 | 232,316 | 754,49 | 779,10 | 758,78 |  0,00 | 1,398 | 44,35 | 44,35 |  0,00 | 1,800 | 353,84 | 353,84 |  6,96 | 748,112 | 329,03 | 353,64 |  0,00 | 2184,703 | 27,27 | 27,27 | 4388,379 |   NaN | NaN | 0,00 | 0,00 | NaN
  24 |  3,71 | 253,340 | 754,66 | 783,70 | 758,93 |  0,00 | 1,360 | 44,35 | 44,35 |  0,00 | 1,820 | 355,87 | 355,87 |  8,15 | 873,055 | 327,16 | 356,21 |  0,00 | 1200,030 | 27,27 | 27,27 | 2419,059 |   NaN | NaN | 0,00 | 0,00 | NaN
  25 |  3,14 | 250,137 | 755,05 | 779,53 | 759,37 |  0,00 | 1,417 | 44,35 | 44,35 |  0,00 | 1,898 | 349,91 | 349,91 |  6,84 | 869,971 | 333,52 | 357,99 |  0,00 | 624,554 | 27,27 | 27,27 | 1268,239 |   NaN | NaN | 0,00 | 0,00 | NaN
  26 |  2,47 | 239,064 | 755,14 | 774,27 | 759,45 |  0,00 | 1,413 | 44,35 | 44,35 |  0,00 | 2,391 | 352,48 | 352,48 |  5,46 | 841,304 | 331,04 | 350,17 |  0,00 | 503,186 | 27,27 | 27,27 | 1025,578 |   NaN | NaN | 0,00 | 0,00 | NaN
  27 |  2,50 | 209,333 | 753,75 | 773,07 | 758,01 |  0,00 | 1,340 | 44,35 | 44,35 |  0,00 | 1,566 | 352,96 | 352,96 |  5,54 | 649,600 | 329,17 | 348,49 |  0,00 | 2507,442 | 27,27 | 27,27 | 5034,049 |   NaN | NaN | 0,00 | 0,00 | NaN
  28 |  2,23 | 214,557 | 753,63 | 770,79 | 757,93 |  0,00 | 1,406 | 44,35 | 44,35 |  0,00 | 1,878 | 351,37 | 351,37 |  4,93 | 679,380 | 330,64 | 347,79 |  0,00 | 2185,400 | 27,27 | 27,27 | 4389,788 |   NaN | NaN | 0,00 | 0,00 | NaN
  29 |  3,00 | 216,898 | 753,46 | 776,76 | 757,73 |  0,00 | 1,386 | 44,35 | 44,35 |  0,00 | 1,752 | 351,00 | 351,00 |  6,58 | 683,587 | 330,83 | 354,13 |  0,00 | 2268,423 | 27,27 | 27,27 | 4555,788 |   NaN | NaN | 0,00 | 0,00 | NaN
  30 |  2,69 | 217,236 | 753,90 | 774,74 | 758,21 |  0,00 | 1,416 | 44,35 | 44,35 |  0,00 | 1,603 | 350,41 | 350,41 |  5,91 | 677,317 | 331,87 | 352,70 |  0,00 | 2408,641 | 27,27 | 27,27 | 4836,458 |   NaN | NaN | 0,00 | 0,00 | NaN
  31 |  2,63 | 231,703 | 754,85 | 775,26 | 759,14 |  0,00 | 1,383 | 44,35 | 44,35 |  0,00 | 1,625 | 352,48 | 352,48 |  5,81 | 742,755 | 330,75 | 351,16 |  0,00 | 2181,003 | 27,27 | 27,27 | 4381,009 |   NaN | NaN | 0,00 | 0,00 | NaN
  32 |  3,10 | 220,949 | 755,43 | 779,57 | 759,70 |  0,00 | 1,339 | 44,35 | 44,35 |  0,00 | 1,939 | 353,15 | 353,15 |  6,80 | 698,180 | 330,66 | 354,80 |  0,00 | 2306,091 | 27,27 | 27,27 | 4631,268 |   NaN | NaN | 0,00 | 0,00 | NaN
  33 |  2,53 | 219,051 | 754,03 | 773,59 | 758,32 |  0,00 | 1,405 | 44,35 | 44,35 |  0,00 | 1,861 | 350,01 | 350,01 |  5,56 | 684,142 | 332,40 | 351,96 |  0,00 | 2369,606 | 27,27 | 27,27 | 4758,382 |   NaN | NaN | 0,00 | 0,00 | NaN
  34 |  2,85 | 221,480 | 754,17 | 776,29 | 758,46 |  0,00 | 1,396 | 44,35 | 44,35 |  0,00 | 1,655 | 351,98 | 351,98 |  6,27 | 687,677 | 330,57 | 352,69 |  0,00 | 2586,417 | 27,27 | 27,27 | 5191,855 |   NaN | NaN | 0,00 | 0,00 | NaN
  35 |  3,18 | 235,687 | 755,85 | 780,65 | 760,12 |  0,00 | 1,345 | 44,35 | 44,35 |  0,00 | 1,426 | 354,53 | 354,53 |  7,00 | 739,096 | 329,69 | 354,50 |  0,00 | 2667,575 | 27,27 | 27,27 | 5353,831 |   NaN | NaN | 0,00 | 0,00 | NaN
  36 |  2,60 | 208,385 | 754,15 | 774,25 | 758,44 |  0,00 | 1,398 | 44,35 | 44,35 |  0,00 | 1,523 | 350,28 | 350,28 |  5,70 | 638,711 | 332,25 | 352,35 |  0,00 | 2543,173 | 27,27 | 27,27 | 5105,383 |   NaN | NaN | 0,00 | 0,00 | NaN
  37 |  3,40 | 239,802 | 754,79 | 781,38 | 759,07 |  0,00 | 1,381 | 44,35 | 44,35 |  0,00 | 1,798 | 356,78 | 356,78 |  7,53 | 776,155 | 326,39 | 352,98 |  0,00 | 2312,261 | 27,27 | 27,27 | 4643,461 |   NaN | NaN | 0,00 | 0,00 | NaN
  38 |  3,59 | 239,130 | 755,24 | 783,39 | 759,52 |  0,00 | 1,372 | 44,35 | 44,35 |  0,00 | 1,683 | 355,80 | 355,80 |  7,91 | 765,440 | 327,81 | 355,96 |  0,00 | 2433,415 | 27,27 | 27,27 | 4885,799 |   NaN | NaN | 0,00 | 0,00 | NaN
  39 |  2,06 | 200,084 | 754,45 | 770,34 | 758,76 |  0,00 | 1,416 | 44,35 | 44,35 |  0,00 | 1,935 | 351,66 | 351,66 |  4,58 | 618,480 | 331,17 | 347,06 |  0,00 | 2361,376 | 27,27 | 27,27 | 4741,974 |   NaN | NaN | 0,00 | 0,00 | NaN
  40 |  1,87 | 201,335 | 751,86 | 766,19 | 756,16 |  0,00 | 1,416 | 44,35 | 44,35 |  0,00 | 1,787 | 350,01 | 350,01 |  4,16 | 617,489 | 330,23 | 344,56 |  0,00 | 2497,732 | 27,27 | 27,27 | 5014,380 |   NaN | NaN | 0,00 | 0,00 | NaN
  41 |  3,56 | 223,325 | 753,42 | 781,20 | 757,71 |  0,00 | 1,399 | 44,35 | 44,35 |  0,00 | 1,708 | 352,61 | 352,61 |  7,78 | 712,243 | 329,19 | 356,97 |  0,00 | 2229,119 | 27,27 | 27,27 | 4477,043 |   NaN | NaN | 0,00 | 0,00 | NaN
  42 |  3,22 | 226,478 | 753,39 | 778,44 | 757,66 |  0,00 | 1,345 | 44,35 | 44,35 |  0,00 | 1,831 | 352,32 | 352,32 |  7,07 | 721,335 | 329,45 | 354,50 |  0,00 | 2269,492 | 27,27 | 27,27 | 4557,867 |   NaN | NaN | 0,00 | 0,00 | NaN
  43 |  3,76 | 232,625 | 753,90 | 783,39 | 758,21 |  0,00 | 1,423 | 44,35 | 44,35 |  0,00 | 1,950 | 357,03 | 357,03 |  8,31 | 749,599 | 325,25 | 354,74 |  0,00 | 2356,748 | 27,27 | 27,27 | 4732,531 |   NaN | NaN | 0,00 | 0,00 | NaN
  44 |  3,13 | 241,376 | 754,37 | 778,77 | 758,65 |  0,00 | 1,335 | 44,35 | 44,35 |  0,00 | 1,640 | 352,90 | 352,90 |  6,89 | 777,938 | 329,86 | 354,25 |  0,00 | 2216,118 | 27,27 | 27,27 | 4451,147 |   NaN | NaN | 0,00 | 0,00 | NaN
  45 |  3,08 | 223,575 | 753,45 | 777,40 | 757,76 |  0,00 | 1,419 | 44,35 | 44,35 |  0,00 | 1,816 | 355,78 | 355,78 |  6,84 | 718,476 | 326,05 | 350,00 |  0,00 | 2258,717 | 27,27 | 27,27 | 4536,411 |   NaN | NaN | 0,00 | 0,00 | NaN
  46 |  3,06 | 217,119 | 753,47 | 777,26 | 757,76 |  0,00 | 1,359 | 44,35 | 44,35 |  0,00 | 1,576 | 351,92 | 351,92 |  6,73 | 683,699 | 329,93 | 353,72 |  0,00 | 2339,831 | 27,27 | 27,27 | 4698,868 |   NaN | NaN | 0,00 | 0,00 | NaN
  47 |  3,07 | 224,750 | 753,28 | 777,12 | 757,56 |  0,00 | 1,356 | 44,35 | 44,35 |  0,00 | 1,865 | 355,60 | 355,60 |  6,81 | 727,077 | 326,06 | 349,89 |  0,00 | 2162,965 | 27,27 | 27,27 | 4344,873 |   NaN | NaN | 0,00 | 0,00 | NaN
  48 |  2,74 | 222,321 | 753,27 | 774,51 | 757,56 |  0,00 | 1,386 | 44,35 | 44,35 |  0,00 | 1,737 | 351,92 | 351,92 |  6,05 | 708,370 | 329,73 | 350,97 |  0,00 | 2206,849 | 27,27 | 27,27 | 4432,700 |   NaN | NaN | 0,00 | 0,00 | NaN
  49 |  2,71 | 223,449 | 753,58 | 774,54 | 757,87 |  0,00 | 1,398 | 44,35 | 44,35 |  0,00 | 1,944 | 352,52 | 352,52 |  5,98 | 715,043 | 329,44 | 350,40 |  0,00 | 2158,961 | 27,27 | 27,27 | 4336,890 |   NaN | NaN | 0,00 | 0,00 | NaN
  50 |  3,09 | 228,490 | 755,17 | 779,25 | 759,45 |  0,00 | 1,353 | 44,35 | 44,35 |  0,00 | 1,920 | 356,24 | 356,24 |  6,85 | 730,730 | 327,30 | 351,39 |  0,00 | 2352,906 | 27,27 | 27,27 | 4724,888 |   NaN | NaN | 0,00 | 0,00 | NaN
  51 |  3,08 | 235,536 | 754,63 | 778,62 | 758,92 |  0,00 | 1,351 | 44,35 | 44,35 |  0,00 | 1,501 | 351,91 | 351,91 |  6,75 | 753,575 | 331,10 | 355,09 |  0,00 | 2227,026 | 27,27 | 27,27 | 4473,031 |   NaN | NaN | 0,00 | 0,00 | NaN
  52 |  2,36 | 216,662 | 753,37 | 771,55 | 757,66 |  0,00 | 1,377 | 44,35 | 44,35 |  0,00 | 2,080 | 347,81 | 347,81 |  5,16 | 677,198 | 333,93 | 352,12 |  0,00 | 2244,963 | 27,27 | 27,27 | 4508,927 |   NaN | NaN | 0,00 | 0,00 | NaN
  53 |  3,16 | 236,111 | 754,68 | 779,31 | 758,96 |  0,00 | 1,364 | 44,35 | 44,35 |  0,00 | 1,798 | 354,41 | 354,41 |  6,97 | 757,404 | 328,65 | 353,28 |  0,00 | 2313,966 | 27,27 | 27,27 | 4646,962 |   NaN | NaN | 0,00 | 0,00 | NaN
  54 |  2,43 | 224,623 | 754,69 | 773,47 | 758,99 |  0,00 | 1,367 | 44,35 | 44,35 |  0,00 | 1,703 | 353,08 | 353,08 |  5,38 | 714,747 | 330,00 | 348,77 |  0,00 | 2262,263 | 27,27 | 27,27 | 4543,545 |   NaN | NaN | 0,00 | 0,00 | NaN
  55 |  2,84 | 217,520 | 754,34 | 776,38 | 758,61 |  0,00 | 1,352 | 44,35 | 44,35 |  0,00 | 1,579 | 352,32 | 352,32 |  6,26 | 680,860 | 330,40 | 352,44 |  0,00 | 2426,643 | 27,27 | 27,27 | 4872,172 |   NaN | NaN | 0,00 | 0,00 | NaN
  56 |  2,44 | 218,100 | 754,61 | 773,46 | 758,91 |  0,00 | 1,358 | 44,35 | 44,35 |  0,00 | 1,710 | 349,78 | 349,78 |  5,35 | 686,760 | 333,21 | 352,05 |  0,00 | 2205,521 | 27,27 | 27,27 | 4430,080 |   NaN | NaN | 0,00 | 0,00 | NaN
  57 |  3,10 | 218,950 | 754,05 | 778,17 | 758,33 |  0,00 | 1,355 | 44,35 | 44,35 |  0,00 | 1,709 | 352,57 | 352,57 |  6,81 | 697,534 | 329,86 | 353,98 |  0,00 | 2178,605 | 27,27 | 27,27 | 4376,023 |   NaN | NaN | 0,00 | 0,00 | NaN
  58 |  2,84 | 228,124 | 755,08 | 777,17 | 759,37 |  0,00 | 1,383 | 44,35 | 44,35 |  0,00 | 1,791 | 351,83 | 351,83 |  6,24 | 727,057 | 331,63 | 353,72 |  0,00 | 2189,742 | 27,27 | 27,27 | 4398,345 |   NaN | NaN | 0,00 | 0,00 | NaN
  59 |  3,45 | 230,027 | 754,55 | 781,50 | 758,84 |  0,00 | 1,403 | 44,35 | 44,35 |  0,00 | 1,623 | 353,09 | 353,09 |  7,55 | 721,276 | 329,84 | 356,78 |  0,00 | 2569,976 | 27,27 | 27,27 | 5159,137 |   NaN | NaN | 0,00 | 0,00 | NaN
  60 |  2,79 | 223,592 | 754,49 | 776,13 | 758,77 |  0,00 | 1,337 | 44,35 | 44,35 |  0,00 | 1,733 | 352,35 | 352,35 |  6,14 | 711,452 | 330,52 | 352,16 |  0,00 | 2225,528 | 27,27 | 27,27 | 4470,131 |   NaN | NaN | 0,00 | 0,00 | NaN
  61 |  3,12 | 220,784 | 755,72 | 780,02 | 759,99 |  0,00 | 1,360 | 44,35 | 44,35 |  0,00 | 1,815 | 353,52 | 353,52 |  6,85 | 697,150 | 330,58 | 354,88 |  0,00 | 2325,075 | 27,27 | 27,27 | 4669,229 |   NaN | NaN | 0,00 | 0,00 | NaN
  62 |  3,22 | 244,959 | 754,62 | 779,70 | 758,95 |  0,00 | 1,421 | 44,35 | 44,35 |  0,00 | 1,548 | 354,31 | 354,31 |  7,09 | 794,064 | 328,69 | 353,77 |  0,00 | 2213,628 | 27,27 | 27,27 | 4446,212 |   NaN | NaN | 0,00 | 0,00 | NaN
  63 |  3,03 | 216,340 | 754,44 | 778,04 | 758,72 |  0,00 | 1,377 | 44,35 | 44,35 |  0,00 | 1,625 | 353,47 | 353,47 |  6,69 | 679,431 | 329,35 | 352,95 |  0,00 | 2409,726 | 27,27 | 27,27 | 4838,568 |   NaN | NaN | 0,00 | 0,00 | NaN
  64 |  2,45 | 206,848 | 753,48 | 772,43 | 757,81 |  0,00 | 1,420 | 44,35 | 44,35 |  0,00 | 1,686 | 348,54 | 348,54 |  5,38 | 642,823 | 333,31 | 352,27 |  0,00 | 2263,763 | 27,27 | 27,27 | 4546,500 |   NaN | NaN | 0,00 | 0,00 | NaN

= = = = = = = = = = = = AVERAGE RESULTS system = = = = = = = = = = = =
meanPLR_system | 2,907773 
meanDelay_system | 228,155755 
meanLoad_system | 776,744530 
meanTHR_system | 754,139145 
meanGate_system | 758,429852 

meanPLR_EF_system | 0,000000 
meanPLR_AF_system | 0,000000 
meanPLR_BE_system | 6,408176 
meanPLR_FLA_system | 0,000000 
meanPLR_FLB_system | NaN 

meanTHR_EF_system | 44,352002 
meanTHR_AF_system | 352,738850 
meanTHR_BE_system | 329,778729 
meanTHR_FLA_system | 27,652103 
meanTHR_FLB_system | 0,000000 

meanLoad_EF_system | 44,352002 
meanLoad_AF_system | 352,738850 
meanLoad_BE_system | 352,384114 
meanLoad_FLA_system | 27,652103 
meanLoad_FLB_system | 0,000000 

meanDELAY_EF_system | 1,381527 
meanDELAY_AF_system | 2,076374 
meanDELAY_BE_system | 745,046626 
meanDELAY_FLA_system | 1862,868927 
meanDELAY_FLB_system | NaN 
meanDELAY_CompleteFLA_system | 3744,777754 
meanDELAY_CompleteFLB_system | NaN 

= = = = = = = = = = = = AVERAGE RESULTS = = = = = = = = = = = =
Packet Loss Ratio: 02,91 (%)
PROCESSED PACKAGES: 2618633271 
DISCARTED PACKAGES: 48905984 
TOTAL PACKAGES: 2667539255 
AVERAGE DELAY: 43048,73 (ms) 
AVERAGE THROUGHPUT: 754,14 (Mbps) 
GRANTED THROUGHPUT: 48539,51 (Mbps) By 64 ONUs
EFFECTIVE THROUGHPUT: 48264,91 (Mbps) By 64 ONUs
TOTAL LOAD: 49711,65 (Mbps) By 64 ONUs
ON Arrival THROUGHPUT: 0,00 (Mbps) By 64 ONUs
FINISHTIMEFL: 213,857151 
FINISHTIME: 216,857151 


fileName | IPACT_LEAKYBUCKET_5_28_94_0 
