
ONU ID 	|  PLR(%) | Delay(ms) | Throughput(Mbps) | Granted Throughput(Mbps) | Total Load (Mbps) 

  ID |  PLR(%) |  D  | Thr |  Gates  |  Load  | PLR-EF | D-EF | ThrEF | LoadEF | PLR-AF | D-AF | ThrAF | LoadAF | PLR-BE | D-BE | ThrBE | LoadBE | PLR-FA | D-FA | ThrFA | LoadFA | DTFA |  PLR-FB | D-FB | ThrFB | LoadFB | DTFB | 
   1 |  0,00 | 0,328 | 493,23 | 493,23 | 537,09 |  0,00 | 0,128 | 44,35 | 44,35 |  0,00 | 0,230 | 209,14 | 209,14 |  0,00 | 0,323 | 203,58 | 203,58 |  0,00 | 6,709 | 36,15 | 36,15 | 34,427 |   NaN | NaN | 0,00 | 0,00 | NaN
   2 |  0,00 | 0,736 | 495,10 | 495,10 | 544,04 |  0,00 | 0,140 | 44,35 | 44,35 |  0,00 | 0,167 | 208,94 | 208,94 |  0,00 | 0,220 | 205,66 | 205,66 |  0,00 | 28,125 | 36,15 | 36,15 | 100,364 |   NaN | NaN | 0,00 | 0,00 | NaN
   3 |  0,00 | 0,560 | 491,10 | 491,10 | 530,10 |  0,00 | 0,076 | 44,35 | 44,35 |  0,00 | 0,105 | 205,66 | 205,66 |  0,00 | 0,296 | 204,93 | 204,93 |  0,00 | 20,963 | 36,15 | 36,15 | 81,944 |   NaN | NaN | 0,00 | 0,00 | NaN
   4 |  0,00 | 0,301 | 496,24 | 496,24 | 535,16 |  0,00 | 0,082 | 44,35 | 44,35 |  0,00 | 0,196 | 209,25 | 209,25 |  0,00 | 0,377 | 206,49 | 206,49 |  0,00 | 6,398 | 36,15 | 36,15 | 33,789 |   NaN | NaN | 0,00 | 0,00 | NaN
   5 |  0,00 | 1,220 | 492,08 | 492,08 | 532,04 |  0,00 | 0,108 | 44,35 | 44,35 |  0,00 | 0,111 | 206,14 | 206,14 |  0,00 | 0,238 | 205,44 | 205,44 |  0,00 | 52,911 | 36,15 | 36,15 | 178,700 |   NaN | NaN | 0,00 | 0,00 | NaN
   6 |  0,00 | 0,828 | 495,06 | 495,06 | 532,97 |  0,00 | 0,060 | 44,35 | 44,35 |  0,00 | 0,068 | 207,64 | 207,64 |  0,00 | 0,305 | 206,91 | 206,91 |  0,00 | 34,911 | 36,15 | 36,15 | 123,450 |   NaN | NaN | 0,00 | 0,00 | NaN
   7 |  0,00 | 0,311 | 493,93 | 493,93 | 532,91 |  0,00 | 0,075 | 44,35 | 44,35 |  0,00 | 0,182 | 207,20 | 207,20 |  0,00 | 0,384 | 206,23 | 206,23 |  0,00 | 7,147 | 36,15 | 36,15 | 36,110 |   NaN | NaN | 0,00 | 0,00 | NaN
   8 |  0,00 | 0,686 | 493,79 | 493,79 | 536,89 |  0,00 | 0,125 | 44,35 | 44,35 |  0,00 | 0,135 | 205,83 | 205,83 |  0,00 | 0,224 | 207,46 | 207,46 |  0,00 | 26,374 | 36,15 | 36,15 | 100,229 |   NaN | NaN | 0,00 | 0,00 | NaN
   9 |  0,00 | 0,390 | 495,06 | 495,06 | 533,80 |  0,00 | 0,065 | 44,35 | 44,35 |  0,00 | 0,114 | 206,92 | 206,92 |  0,00 | 0,353 | 207,64 | 207,64 |  0,00 | 12,300 | 36,15 | 36,15 | 54,202 |   NaN | NaN | 0,00 | 0,00 | NaN
  10 |  0,00 | 0,334 | 492,47 | 492,47 | 535,54 |  0,00 | 0,125 | 44,35 | 44,35 |  0,00 | 0,245 | 206,45 | 206,45 |  0,00 | 0,342 | 205,52 | 205,52 |  0,00 | 6,700 | 36,15 | 36,15 | 34,381 |   NaN | NaN | 0,00 | 0,00 | NaN
  11 |  0,00 | 2,932 | 491,39 | 491,39 | 530,30 |  0,00 | 0,065 | 44,35 | 44,35 |  0,00 | 0,081 | 204,10 | 204,10 |  0,00 | 0,294 | 206,79 | 206,79 |  0,00 | 137,073 | 36,15 | 36,15 | 437,950 |   NaN | NaN | 0,00 | 0,00 | NaN
  12 |  0,00 | 0,844 | 493,10 | 493,10 | 536,95 |  0,00 | 0,127 | 44,35 | 44,35 |  0,00 | 0,132 | 206,24 | 206,24 |  0,00 | 0,213 | 206,36 | 206,36 |  0,00 | 34,101 | 36,15 | 36,15 | 123,446 |   NaN | NaN | 0,00 | 0,00 | NaN
  13 |  0,00 | 0,747 | 489,11 | 489,11 | 528,36 |  0,00 | 0,092 | 44,35 | 44,35 |  0,00 | 0,115 | 205,32 | 205,32 |  0,00 | 0,282 | 203,28 | 203,28 |  0,00 | 29,670 | 36,15 | 36,15 | 104,873 |   NaN | NaN | 0,00 | 0,00 | NaN
  14 |  0,00 | 1,165 | 494,26 | 494,26 | 540,11 |  0,00 | 0,133 | 44,35 | 44,35 |  0,00 | 0,138 | 206,87 | 206,87 |  0,00 | 0,209 | 206,89 | 206,89 |  0,00 | 49,650 | 36,15 | 36,15 | 168,697 |   NaN | NaN | 0,00 | 0,00 | NaN
  15 |  0,00 | 0,333 | 491,06 | 491,06 | 534,77 |  0,00 | 0,127 | 44,35 | 44,35 |  0,00 | 0,213 | 202,95 | 202,95 |  0,00 | 0,297 | 207,60 | 207,60 |  0,00 | 7,389 | 36,15 | 36,15 | 37,940 |   NaN | NaN | 0,00 | 0,00 | NaN
  16 |  0,00 | 0,502 | 498,12 | 498,12 | 539,60 |  0,00 | 0,118 | 44,35 | 44,35 |  0,00 | 0,144 | 207,18 | 207,18 |  0,00 | 0,256 | 210,44 | 210,44 |  0,00 | 17,133 | 36,15 | 36,15 | 70,689 |   NaN | NaN | 0,00 | 0,00 | NaN
  17 |  0,00 | 0,424 | 495,21 | 495,21 | 540,20 |  0,00 | 0,131 | 44,35 | 44,35 |  0,00 | 0,197 | 208,09 | 208,09 |  0,00 | 0,277 | 206,62 | 206,62 |  0,00 | 12,168 | 36,15 | 36,15 | 53,415 |   NaN | NaN | 0,00 | 0,00 | NaN
  18 |  0,00 | 2,109 | 491,32 | 491,32 | 531,24 |  0,00 | 0,108 | 44,35 | 44,35 |  0,00 | 0,114 | 205,33 | 205,33 |  0,00 | 0,240 | 205,49 | 205,49 |  0,00 | 96,063 | 36,15 | 36,15 | 332,912 |   NaN | NaN | 0,00 | 0,00 | NaN
  19 |  0,00 | 1,484 | 487,60 | 487,60 | 527,04 |  0,00 | 0,099 | 44,35 | 44,35 |  0,00 | 0,104 | 202,75 | 202,75 |  0,00 | 0,249 | 204,35 | 204,35 |  0,00 | 65,654 | 36,15 | 36,15 | 216,659 |   NaN | NaN | 0,00 | 0,00 | NaN
  20 |  0,00 | 2,636 | 490,37 | 490,37 | 529,65 |  0,00 | 0,094 | 44,35 | 44,35 |  0,00 | 0,107 | 206,83 | 206,83 |  0,00 | 0,263 | 203,04 | 203,04 |  0,00 | 121,832 | 36,15 | 36,15 | 431,557 |   NaN | NaN | 0,00 | 0,00 | NaN
  21 |  0,00 | 0,306 | 486,23 | 486,23 | 525,41 |  0,00 | 0,099 | 44,35 | 44,35 |  0,00 | 0,200 | 203,50 | 203,50 |  0,00 | 0,346 | 202,22 | 202,22 |  0,00 | 6,445 | 36,15 | 36,15 | 33,982 |   NaN | NaN | 0,00 | 0,00 | NaN
  22 |  0,00 | 1,239 | 496,18 | 496,18 | 543,97 |  0,00 | 0,138 | 44,35 | 44,35 |  0,00 | 0,140 | 210,25 | 210,25 |  0,00 | 0,206 | 205,42 | 205,42 |  0,00 | 53,318 | 36,15 | 36,15 | 180,476 |   NaN | NaN | 0,00 | 0,00 | NaN
  23 |  0,00 | 2,884 | 492,88 | 492,88 | 534,61 |  0,00 | 0,120 | 44,35 | 44,35 |  0,00 | 0,154 | 206,20 | 206,20 |  0,00 | 0,234 | 206,18 | 206,18 |  0,00 | 133,366 | 36,15 | 36,15 | 342,248 |   NaN | NaN | 0,00 | 0,00 | NaN
  24 |  0,00 | 0,650 | 495,62 | 495,62 | 534,71 |  0,00 | 0,081 | 44,35 | 44,35 |  0,00 | 0,104 | 206,47 | 206,47 |  0,00 | 0,286 | 208,64 | 208,64 |  0,00 | 25,455 | 36,15 | 36,15 | 93,554 |   NaN | NaN | 0,00 | 0,00 | NaN
  25 |  0,00 | 0,334 | 496,19 | 496,19 | 544,42 |  0,00 | 0,139 | 44,35 | 44,35 |  0,00 | 0,222 | 205,76 | 205,76 |  0,00 | 0,286 | 209,93 | 209,93 |  0,00 | 7,193 | 36,15 | 36,15 | 37,807 |   NaN | NaN | 0,00 | 0,00 | NaN
  26 |  0,00 | 0,363 | 491,24 | 491,24 | 537,88 |  0,00 | 0,135 | 44,35 | 44,35 |  0,00 | 0,228 | 205,91 | 205,91 |  0,00 | 0,314 | 204,83 | 204,83 |  0,00 | 8,305 | 36,15 | 36,15 | 39,235 |   NaN | NaN | 0,00 | 0,00 | NaN
  27 |  0,00 | 2,121 | 491,44 | 491,44 | 530,08 |  0,00 | 0,063 | 44,35 | 44,35 |  0,00 | 0,072 | 207,28 | 207,28 |  0,00 | 0,296 | 203,65 | 203,65 |  0,00 | 97,774 | 36,15 | 36,15 | 328,466 |   NaN | NaN | 0,00 | 0,00 | NaN
  28 |  0,00 | 3,002 | 488,95 | 488,95 | 532,95 |  0,00 | 0,128 | 44,35 | 44,35 |  0,00 | 0,160 | 206,42 | 206,42 |  0,00 | 0,269 | 202,03 | 202,03 |  0,00 | 137,904 | 36,15 | 36,15 | 353,640 |   NaN | NaN | 0,00 | 0,00 | NaN
  29 |  0,00 | 3,069 | 494,52 | 494,52 | 534,38 |  0,00 | 0,107 | 44,35 | 44,35 |  0,00 | 0,115 | 206,94 | 206,94 |  0,00 | 0,243 | 207,07 | 207,07 |  0,00 | 143,288 | 36,15 | 36,15 | 415,728 |   NaN | NaN | 0,00 | 0,00 | NaN
  30 |  0,00 | 2,272 | 491,43 | 491,43 | 539,36 |  0,00 | 0,138 | 44,35 | 44,35 |  0,00 | 0,145 | 205,18 | 205,18 |  0,00 | 0,207 | 205,74 | 205,74 |  0,00 | 103,258 | 36,15 | 36,15 | 386,103 |   NaN | NaN | 0,00 | 0,00 | NaN
  31 |  0,00 | 2,845 | 491,04 | 491,04 | 530,72 |  0,00 | 0,105 | 44,35 | 44,35 |  0,00 | 0,156 | 206,73 | 206,73 |  0,00 | 0,261 | 203,81 | 203,81 |  0,00 | 131,313 | 36,15 | 36,15 | 337,485 |   NaN | NaN | 0,00 | 0,00 | NaN
  32 |  0,00 | 2,862 | 494,40 | 494,40 | 533,03 |  0,00 | 0,062 | 44,35 | 44,35 |  0,00 | 0,082 | 206,41 | 206,41 |  0,00 | 0,312 | 207,48 | 207,48 |  0,00 | 133,958 | 36,15 | 36,15 | 434,569 |   NaN | NaN | 0,00 | 0,00 | NaN
  33 |  0,00 | 2,441 | 491,41 | 491,41 | 534,92 |  0,00 | 0,126 | 44,35 | 44,35 |  0,00 | 0,150 | 205,23 | 205,23 |  0,00 | 0,231 | 205,68 | 205,68 |  0,00 | 111,526 | 36,15 | 36,15 | 412,593 |   NaN | NaN | 0,00 | 0,00 | NaN
  34 |  0,00 | 2,263 | 491,52 | 491,52 | 532,82 |  0,00 | 0,118 | 44,35 | 44,35 |  0,00 | 0,123 | 206,33 | 206,33 |  0,00 | 0,228 | 204,69 | 204,69 |  0,00 | 103,403 | 36,15 | 36,15 | 334,615 |   NaN | NaN | 0,00 | 0,00 | NaN
  35 |  0,00 | 2,194 | 496,45 | 496,45 | 535,34 |  0,00 | 0,067 | 44,35 | 44,35 |  0,00 | 0,072 | 207,76 | 207,76 |  0,00 | 0,284 | 208,19 | 208,19 |  0,00 | 101,853 | 36,15 | 36,15 | 326,466 |   NaN | NaN | 0,00 | 0,00 | NaN
  36 |  0,00 | 2,155 | 491,66 | 491,66 | 533,55 |  0,00 | 0,120 | 44,35 | 44,35 |  0,00 | 0,131 | 203,61 | 203,61 |  0,00 | 0,225 | 207,56 | 207,56 |  0,00 | 98,036 | 36,15 | 36,15 | 321,946 |   NaN | NaN | 0,00 | 0,00 | NaN
  37 |  0,00 | 2,933 | 496,19 | 496,19 | 535,77 |  0,00 | 0,103 | 44,35 | 44,35 |  0,00 | 0,120 | 209,14 | 209,14 |  0,00 | 0,247 | 206,54 | 206,54 |  0,00 | 136,948 | 36,15 | 36,15 | 442,718 |   NaN | NaN | 0,00 | 0,00 | NaN
  38 |  0,00 | 2,190 | 495,20 | 495,20 | 534,44 |  0,00 | 0,094 | 44,35 | 44,35 |  0,00 | 0,097 | 207,51 | 207,51 |  0,00 | 0,251 | 207,18 | 207,18 |  0,00 | 100,854 | 36,15 | 36,15 | 371,011 |   NaN | NaN | 0,00 | 0,00 | NaN
  39 |  0,00 | 2,567 | 486,02 | 486,02 | 533,81 |  0,00 | 0,137 | 44,35 | 44,35 |  0,00 | 0,140 | 203,64 | 203,64 |  0,00 | 0,214 | 201,87 | 201,87 |  0,00 | 116,952 | 36,15 | 36,15 | 425,470 |   NaN | NaN | 0,00 | 0,00 | NaN
  40 |  0,00 | 2,097 | 488,76 | 488,76 | 536,51 |  0,00 | 0,137 | 44,35 | 44,35 |  0,00 | 0,143 | 206,03 | 206,03 |  0,00 | 0,211 | 202,22 | 202,22 |  0,00 | 94,499 | 36,15 | 36,15 | 316,715 |   NaN | NaN | 0,00 | 0,00 | NaN
  41 |  0,00 | 3,109 | 495,26 | 495,26 | 537,34 |  0,00 | 0,120 | 44,35 | 44,35 |  0,00 | 0,141 | 204,53 | 204,53 |  0,00 | 0,246 | 210,23 | 210,23 |  0,00 | 144,705 | 36,15 | 36,15 | 385,527 |   NaN | NaN | 0,00 | 0,00 | NaN
  42 |  0,00 | 2,891 | 496,79 | 496,79 | 535,70 |  0,00 | 0,067 | 44,35 | 44,35 |  0,00 | 0,077 | 207,93 | 207,93 |  0,00 | 0,289 | 208,36 | 208,36 |  0,00 | 135,892 | 36,15 | 36,15 | 403,651 |   NaN | NaN | 0,00 | 0,00 | NaN
  43 |  0,00 | 2,460 | 498,89 | 498,89 | 544,79 |  0,00 | 0,145 | 44,35 | 44,35 |  0,00 | 0,151 | 209,74 | 209,74 |  0,00 | 0,205 | 208,64 | 208,64 |  0,00 | 113,063 | 36,15 | 36,15 | 411,691 |   NaN | NaN | 0,00 | 0,00 | NaN
  44 |  0,00 | 3,115 | 494,91 | 494,91 | 532,93 |  0,00 | 0,060 | 44,35 | 44,35 |  0,00 | 0,127 | 205,78 | 205,78 |  0,00 | 0,342 | 208,63 | 208,63 |  0,00 | 145,664 | 36,15 | 36,15 | 381,661 |   NaN | NaN | 0,00 | 0,00 | NaN
  45 |  0,00 | 2,981 | 492,03 | 492,03 | 541,57 |  0,00 | 0,141 | 44,35 | 44,35 |  0,00 | 0,155 | 208,37 | 208,37 |  0,00 | 0,219 | 203,16 | 203,16 |  0,00 | 137,578 | 36,15 | 36,15 | 395,381 |   NaN | NaN | 0,00 | 0,00 | NaN
  46 |  0,00 | 2,605 | 492,24 | 492,24 | 531,31 |  0,00 | 0,080 | 44,35 | 44,35 |  0,00 | 0,091 | 204,72 | 204,72 |  0,00 | 0,277 | 207,02 | 207,02 |  0,00 | 120,944 | 36,15 | 36,15 | 422,941 |   NaN | NaN | 0,00 | 0,00 | NaN
  47 |  0,00 | 2,707 | 491,73 | 491,73 | 530,80 |  0,00 | 0,078 | 44,35 | 44,35 |  0,00 | 0,109 | 207,08 | 207,08 |  0,00 | 0,285 | 204,14 | 204,14 |  0,00 | 125,609 | 36,15 | 36,15 | 324,848 |   NaN | NaN | 0,00 | 0,00 | NaN
  48 |  0,00 | 2,933 | 490,89 | 490,89 | 530,83 |  0,00 | 0,108 | 44,35 | 44,35 |  0,00 | 0,120 | 205,01 | 205,01 |  0,00 | 0,266 | 205,37 | 205,37 |  0,00 | 135,824 | 36,15 | 36,15 | 358,524 |   NaN | NaN | 0,00 | 0,00 | NaN
  49 |  0,00 | 2,806 | 491,33 | 491,33 | 533,22 |  0,00 | 0,120 | 44,35 | 44,35 |  0,00 | 0,141 | 206,51 | 206,51 |  0,00 | 0,259 | 204,32 | 204,32 |  0,00 | 129,211 | 36,15 | 36,15 | 332,746 |   NaN | NaN | 0,00 | 0,00 | NaN
  50 |  0,00 | 2,526 | 494,34 | 494,34 | 533,40 |  0,00 | 0,074 | 44,35 | 44,35 |  0,00 | 0,082 | 208,04 | 208,04 |  0,00 | 0,278 | 205,79 | 205,79 |  0,00 | 117,604 | 36,15 | 36,15 | 417,078 |   NaN | NaN | 0,00 | 0,00 | NaN
  51 |  0,00 | 3,061 | 493,17 | 493,17 | 532,23 |  0,00 | 0,072 | 44,35 | 44,35 |  0,00 | 0,125 | 205,79 | 205,79 |  0,00 | 0,297 | 206,87 | 206,87 |  0,00 | 142,957 | 36,15 | 36,15 | 379,813 |   NaN | NaN | 0,00 | 0,00 | NaN
  52 |  0,00 | 3,124 | 493,05 | 493,05 | 532,49 |  0,00 | 0,099 | 44,35 | 44,35 |  0,00 | 0,128 | 203,77 | 203,77 |  0,00 | 0,278 | 208,78 | 208,78 |  0,00 | 145,451 | 36,15 | 36,15 | 402,972 |   NaN | NaN | 0,00 | 0,00 | NaN
  53 |  0,00 | 2,769 | 493,74 | 493,74 | 532,91 |  0,00 | 0,086 | 44,35 | 44,35 |  0,00 | 0,102 | 207,50 | 207,50 |  0,00 | 0,264 | 205,74 | 205,74 |  0,00 | 128,996 | 36,15 | 36,15 | 429,481 |   NaN | NaN | 0,00 | 0,00 | NaN
  54 |  0,00 | 3,102 | 489,52 | 489,52 | 528,69 |  0,00 | 0,088 | 44,35 | 44,35 |  0,00 | 0,106 | 206,18 | 206,18 |  0,00 | 0,273 | 202,84 | 202,84 |  0,00 | 144,456 | 36,15 | 36,15 | 412,650 |   NaN | NaN | 0,00 | 0,00 | NaN
  55 |  0,00 | 2,240 | 490,79 | 490,79 | 529,83 |  0,00 | 0,074 | 44,35 | 44,35 |  0,00 | 0,080 | 204,19 | 204,19 |  0,00 | 0,277 | 206,09 | 206,09 |  0,00 | 103,280 | 36,15 | 36,15 | 381,876 |   NaN | NaN | 0,00 | 0,00 | NaN
  56 |  0,00 | 3,055 | 490,09 | 490,09 | 529,16 |  0,00 | 0,079 | 44,35 | 44,35 |  0,00 | 0,104 | 204,68 | 204,68 |  0,00 | 0,298 | 204,91 | 204,91 |  0,00 | 142,227 | 36,15 | 36,15 | 376,007 |   NaN | NaN | 0,00 | 0,00 | NaN
  57 |  0,00 | 2,940 | 492,58 | 492,58 | 531,64 |  0,00 | 0,076 | 44,35 | 44,35 |  0,00 | 0,092 | 205,67 | 205,67 |  0,00 | 0,300 | 206,41 | 206,41 |  0,00 | 137,190 | 36,15 | 36,15 | 350,033 |   NaN | NaN | 0,00 | 0,00 | NaN
  58 |  0,00 | 2,926 | 493,35 | 493,35 | 533,12 |  0,00 | 0,105 | 44,35 | 44,35 |  0,00 | 0,169 | 206,51 | 206,51 |  0,00 | 0,288 | 206,34 | 206,34 |  0,00 | 135,156 | 36,15 | 36,15 | 347,291 |   NaN | NaN | 0,00 | 0,00 | NaN
  59 |  0,00 | 2,153 | 496,24 | 496,24 | 539,14 |  0,00 | 0,124 | 44,35 | 44,35 |  0,00 | 0,126 | 206,01 | 206,01 |  0,00 | 0,218 | 209,73 | 209,73 |  0,00 | 98,395 | 36,15 | 36,15 | 320,235 |   NaN | NaN | 0,00 | 0,00 | NaN
  60 |  0,00 | 2,992 | 492,74 | 492,74 | 531,11 |  0,00 | 0,061 | 44,35 | 44,35 |  0,00 | 0,105 | 206,07 | 206,07 |  0,00 | 0,323 | 206,17 | 206,17 |  0,00 | 139,715 | 36,15 | 36,15 | 376,075 |   NaN | NaN | 0,00 | 0,00 | NaN
  61 |  0,00 | 2,824 | 495,50 | 495,50 | 534,62 |  0,00 | 0,081 | 44,35 | 44,35 |  0,00 | 0,095 | 207,55 | 207,55 |  0,00 | 0,276 | 207,45 | 207,45 |  0,00 | 132,037 | 36,15 | 36,15 | 445,302 |   NaN | NaN | 0,00 | 0,00 | NaN
  62 |  0,00 | 3,024 | 495,46 | 495,46 | 545,73 |  0,00 | 0,143 | 44,35 | 44,35 |  0,00 | 0,178 | 207,93 | 207,93 |  0,00 | 0,211 | 207,03 | 207,03 |  0,00 | 139,970 | 36,15 | 36,15 | 366,933 |   NaN | NaN | 0,00 | 0,00 | NaN
  63 |  0,00 | 2,225 | 493,47 | 493,47 | 532,87 |  0,00 | 0,098 | 44,35 | 44,35 |  0,00 | 0,106 | 207,41 | 207,41 |  0,00 | 0,251 | 205,56 | 205,56 |  0,00 | 102,180 | 36,15 | 36,15 | 379,784 |   NaN | NaN | 0,00 | 0,00 | NaN
  64 |  0,00 | 3,150 | 490,25 | 490,25 | 540,20 |  0,00 | 0,142 | 44,35 | 44,35 |  0,00 | 0,163 | 205,21 | 205,21 |  0,00 | 0,221 | 204,55 | 204,55 |  0,00 | 145,411 | 36,15 | 36,15 | 414,506 |   NaN | NaN | 0,00 | 0,00 | NaN

= = = = = = = = = = = = AVERAGE RESULTS system = = = = = = = = = = = =
meanPLR_system | 0,000000 
meanDelay_system | 1,990266 
meanLoad_system | 492,895160 
meanTHR_system | 492,895160 
meanGate_system | 534,579420 

meanPLR_EF_system | 0,000000 
meanPLR_AF_system | 0,000000 
meanPLR_BE_system | 0,000000 
meanPLR_FLA_system | 0,000000 
meanPLR_FLB_system | NaN 

meanTHR_EF_system | 44,352001 
meanTHR_AF_system | 206,364273 
meanTHR_BE_system | 206,027491 
meanTHR_FLA_system | 36,780980 
meanTHR_FLB_system | 0,000000 

meanLoad_EF_system | 44,352001 
meanLoad_AF_system | 206,364273 
meanLoad_BE_system | 206,027491 
meanLoad_FLA_system | 36,780980 
meanLoad_FLB_system | 0,000000 

meanDELAY_EF_system | 0,103396 
meanDELAY_AF_system | 0,133212 
meanDELAY_BE_system | 0,269254 
meanDELAY_FLA_system | 90,038022 
meanDELAY_FLB_system | NaN 
meanDELAY_CompleteFLA_system | 279,805732 
meanDELAY_CompleteFLB_system | NaN 

= = = = = = = = = = = = AVERAGE RESULTS = = = = = = = = = = = =
Packet Loss Ratio: 00,00 (%)
PROCESSED PACKAGES: 1648562446 
DISCARTED PACKAGES: 0 
TOTAL PACKAGES: 1648562446 
AVERAGE DELAY: 292,47 (ms) 
AVERAGE THROUGHPUT: 492,90 (Mbps) 
GRANTED THROUGHPUT: 34213,08 (Mbps) By 64 ONUs
EFFECTIVE THROUGHPUT: 31545,29 (Mbps) By 64 ONUs
TOTAL LOAD: 31545,29 (Mbps) By 64 ONUs
ON Arrival THROUGHPUT: 0,00 (Mbps) By 64 ONUs
FINISHTIMEFL: 172,262949 
FINISHTIME: 175,262949 


fileName | IPACT_LBVARIBLETOKENSBYCYCLE_4_30_55_0 
