
ONU ID 	|  PLR(%) | Delay(ms) | Throughput(Mbps) | Granted Throughput(Mbps) | Total Load (Mbps) 

  ID |  PLR(%) |  D  | Thr |  Gates  |  Load  | PLR-EF | D-EF | ThrEF | LoadEF | PLR-AF | D-AF | ThrAF | LoadAF | PLR-BE | D-BE | ThrBE | LoadBE | PLR-FA | D-FA | ThrFA | LoadFA | DTFA |  PLR-FB | D-FB | ThrFB | LoadFB | DTFB | 
   1 |  8,52 | 300,596 | 754,48 | 824,73 | 759,12 |  0,00 | 1,408 | 44,35 | 44,35 |  0,00 | 23,839 | 372,49 | 372,49 | 19,35 | 1179,776 | 292,81 | 363,06 |  0,00 | 138,983 | 44,83 | 44,83 | 298,276 |   NaN | NaN | 0,00 | 0,00 | NaN
   2 |  8,90 | 298,913 | 754,31 | 827,98 | 758,98 |  0,00 | 1,420 | 44,35 | 44,35 |  0,00 | 21,731 | 371,63 | 371,63 | 20,06 | 1172,585 | 293,49 | 367,16 |  0,00 | 139,048 | 44,83 | 44,83 | 298,347 |   NaN | NaN | 0,00 | 0,00 | NaN
   3 |  8,01 | 291,597 | 755,28 | 821,01 | 759,93 |  0,00 | 1,357 | 44,35 | 44,35 |  0,00 | 22,255 | 367,37 | 367,37 | 18,04 | 1124,140 | 298,73 | 364,47 |  0,00 | 139,078 | 44,83 | 44,83 | 298,374 |   NaN | NaN | 0,00 | 0,00 | NaN
   4 |  9,03 | 303,426 | 754,96 | 829,90 | 759,59 |  0,00 | 1,362 | 44,35 | 44,35 |  0,00 | 23,555 | 373,12 | 373,12 | 20,39 | 1192,638 | 292,66 | 367,60 |  0,00 | 139,115 | 44,83 | 44,83 | 298,406 |   NaN | NaN | 0,00 | 0,00 | NaN
   5 |  8,22 | 288,025 | 754,54 | 822,08 | 759,19 |  0,00 | 1,388 | 44,35 | 44,35 |  0,00 | 23,938 | 366,12 | 366,12 | 18,41 | 1104,776 | 299,24 | 366,78 |  0,00 | 139,026 | 44,83 | 44,83 | 298,254 |   NaN | NaN | 0,00 | 0,00 | NaN
   6 |  8,91 | 299,341 | 754,97 | 828,81 | 759,59 |  0,00 | 1,336 | 44,35 | 44,35 |  0,00 | 21,484 | 371,59 | 371,59 | 20,06 | 1172,961 | 294,19 | 368,04 |  0,00 | 139,080 | 44,83 | 44,83 | 298,385 |   NaN | NaN | 0,00 | 0,00 | NaN
   7 |  8,51 | 295,454 | 754,91 | 825,14 | 759,56 |  0,00 | 1,355 | 44,35 | 44,35 |  0,00 | 22,567 | 369,32 | 369,32 | 19,16 | 1147,267 | 296,41 | 366,64 |  0,00 | 139,001 | 44,83 | 44,83 | 298,286 |   NaN | NaN | 0,00 | 0,00 | NaN
   8 |  8,52 | 303,275 | 754,87 | 825,17 | 759,52 |  0,00 | 1,405 | 44,35 | 44,35 |  0,00 | 22,050 | 365,97 | 365,97 | 19,00 | 1166,342 | 299,72 | 370,02 |  0,00 | 139,092 | 44,83 | 44,83 | 298,367 |   NaN | NaN | 0,00 | 0,00 | NaN
   9 |  8,87 | 297,488 | 754,74 | 828,21 | 759,38 |  0,00 | 1,344 | 44,35 | 44,35 |  0,00 | 22,529 | 370,37 | 370,37 | 19,93 | 1159,803 | 295,19 | 368,66 |  0,00 | 139,016 | 44,83 | 44,83 | 298,293 |   NaN | NaN | 0,00 | 0,00 | NaN
  10 |  8,31 | 294,788 | 755,42 | 823,85 | 760,06 |  0,00 | 1,405 | 44,35 | 44,35 |  0,00 | 23,147 | 368,09 | 368,09 | 18,67 | 1137,706 | 298,15 | 366,57 |  0,00 | 139,062 | 44,83 | 44,83 | 298,331 |   NaN | NaN | 0,00 | 0,00 | NaN
  11 |  8,27 | 296,599 | 753,51 | 821,47 | 758,15 |  0,00 | 1,345 | 44,35 | 44,35 |  0,00 | 21,863 | 363,25 | 363,25 | 18,42 | 1134,170 | 301,08 | 369,05 |  0,00 | 138,995 | 44,83 | 44,83 | 298,270 |   NaN | NaN | 0,00 | 0,00 | NaN
  12 |  8,44 | 298,923 | 754,51 | 824,06 | 759,17 |  0,00 | 1,407 | 44,35 | 44,35 |  0,00 | 21,332 | 367,41 | 367,41 | 18,93 | 1156,220 | 297,92 | 367,47 |  0,00 | 139,055 | 44,83 | 44,83 | 298,338 |   NaN | NaN | 0,00 | 0,00 | NaN
  13 |  7,69 | 286,827 | 754,21 | 817,02 | 758,84 |  0,00 | 1,372 | 44,35 | 44,35 |  0,00 | 23,940 | 365,42 | 365,42 | 17,33 | 1098,725 | 299,60 | 362,42 |  0,00 | 139,038 | 44,83 | 44,83 | 298,324 |   NaN | NaN | 0,00 | 0,00 | NaN
  14 |  8,77 | 296,035 | 754,30 | 826,81 | 758,95 |  0,00 | 1,413 | 44,35 | 44,35 |  0,00 | 24,725 | 368,76 | 368,76 | 19,66 | 1146,224 | 296,36 | 368,88 |  0,00 | 139,114 | 44,83 | 44,83 | 298,369 |   NaN | NaN | 0,00 | 0,00 | NaN
  15 |  8,26 | 295,035 | 753,64 | 821,45 | 758,29 |  0,00 | 1,407 | 44,35 | 44,35 |  0,00 | 24,010 | 362,59 | 362,59 | 18,34 | 1121,866 | 301,87 | 369,69 |  0,00 | 139,053 | 44,83 | 44,83 | 298,352 |   NaN | NaN | 0,00 | 0,00 | NaN
  16 |  9,61 | 304,305 | 754,38 | 834,58 | 759,02 |  0,00 | 1,399 | 44,35 | 44,35 |  0,00 | 20,848 | 369,74 | 369,74 | 21,35 | 1187,871 | 295,46 | 375,66 |  0,00 | 139,090 | 44,83 | 44,83 | 298,378 |   NaN | NaN | 0,00 | 0,00 | NaN
  17 |  8,86 | 300,081 | 754,17 | 827,47 | 758,85 |  0,00 | 1,412 | 44,35 | 44,35 |  0,00 | 20,849 | 370,26 | 370,26 | 19,92 | 1173,913 | 294,73 | 368,03 |  0,00 | 139,130 | 44,83 | 44,83 | 298,419 |   NaN | NaN | 0,00 | 0,00 | NaN
  18 |  8,15 | 297,658 | 754,02 | 820,92 | 758,66 |  0,00 | 1,388 | 44,35 | 44,35 |  0,00 | 22,113 | 364,59 | 364,59 | 18,22 | 1141,321 | 300,25 | 367,15 |  0,00 | 138,982 | 44,83 | 44,83 | 298,225 |   NaN | NaN | 0,00 | 0,00 | NaN
  19 |  7,41 | 294,597 | 754,89 | 815,29 | 759,54 |  0,00 | 1,379 | 44,35 | 44,35 |  0,00 | 19,990 | 361,48 | 361,48 | 16,56 | 1118,201 | 304,23 | 364,62 |  0,00 | 139,100 | 44,83 | 44,83 | 298,407 |   NaN | NaN | 0,00 | 0,00 | NaN
  20 |  7,99 | 297,426 | 754,22 | 819,69 | 758,87 |  0,00 | 1,375 | 44,35 | 44,35 |  0,00 | 24,862 | 368,18 | 368,18 | 18,07 | 1150,141 | 296,86 | 362,33 |  0,00 | 139,025 | 44,83 | 44,83 | 298,317 |   NaN | NaN | 0,00 | 0,00 | NaN
  21 |  7,09 | 283,995 | 754,57 | 812,11 | 759,21 |  0,00 | 1,379 | 44,35 | 44,35 |  0,00 | 20,755 | 362,78 | 362,78 | 15,98 | 1081,057 | 302,60 | 360,15 |  0,00 | 139,032 | 44,83 | 44,83 | 298,327 |   NaN | NaN | 0,00 | 0,00 | NaN
  22 |  9,26 | 303,957 | 754,60 | 831,58 | 759,29 |  0,00 | 1,418 | 44,35 | 44,35 |  0,00 | 24,245 | 375,60 | 375,60 | 20,99 | 1204,912 | 289,82 | 366,81 |  0,00 | 139,060 | 44,83 | 44,83 | 298,330 |   NaN | NaN | 0,00 | 0,00 | NaN
  23 |  8,59 | 301,111 | 754,08 | 824,94 | 758,72 |  0,00 | 1,400 | 44,35 | 44,35 |  0,00 | 23,627 | 368,07 | 368,07 | 19,27 | 1166,090 | 296,83 | 367,69 |  0,00 | 139,014 | 44,83 | 44,83 | 298,304 |   NaN | NaN | 0,00 | 0,00 | NaN
  24 |  8,71 | 299,145 | 754,88 | 826,94 | 759,53 |  0,00 | 1,361 | 44,35 | 44,35 |  0,00 | 23,532 | 367,05 | 367,05 | 19,44 | 1152,395 | 298,66 | 370,72 |  0,00 | 139,045 | 44,83 | 44,83 | 298,358 |   NaN | NaN | 0,00 | 0,00 | NaN
  25 |  9,22 | 303,308 | 754,16 | 830,72 | 758,85 |  0,00 | 1,419 | 44,35 | 44,35 |  0,00 | 24,389 | 366,23 | 366,23 | 20,40 | 1166,389 | 298,75 | 375,31 |  0,00 | 139,072 | 44,83 | 44,83 | 298,374 |   NaN | NaN | 0,00 | 0,00 | NaN
  26 |  8,15 | 294,851 | 754,90 | 821,88 | 759,56 |  0,00 | 1,415 | 44,35 | 44,35 |  0,00 | 24,053 | 367,27 | 367,27 | 18,33 | 1135,028 | 298,45 | 365,43 |  0,00 | 139,127 | 44,83 | 44,83 | 298,405 |   NaN | NaN | 0,00 | 0,00 | NaN
  27 |  8,00 | 296,532 | 754,82 | 820,42 | 759,44 |  0,00 | 1,342 | 44,35 | 44,35 |  0,00 | 24,448 | 368,74 | 368,74 | 18,10 | 1147,538 | 296,89 | 362,50 |  0,00 | 138,947 | 44,83 | 44,83 | 298,172 |   NaN | NaN | 0,00 | 0,00 | NaN
  28 |  7,69 | 295,620 | 754,42 | 817,25 | 759,06 |  0,00 | 1,408 | 44,35 | 44,35 |  0,00 | 24,091 | 367,67 | 367,67 | 17,43 | 1141,390 | 297,57 | 360,39 |  0,00 | 139,186 | 44,83 | 44,83 | 298,468 |   NaN | NaN | 0,00 | 0,00 | NaN
  29 |  9,00 | 298,434 | 754,52 | 829,12 | 759,17 |  0,00 | 1,388 | 44,35 | 44,35 |  0,00 | 23,249 | 369,46 | 369,46 | 20,14 | 1159,827 | 295,88 | 370,48 |  0,00 | 139,104 | 44,83 | 44,83 | 298,396 |   NaN | NaN | 0,00 | 0,00 | NaN
  30 |  8,07 | 295,601 | 754,32 | 820,58 | 758,98 |  0,00 | 1,418 | 44,35 | 44,35 |  0,00 | 24,493 | 364,33 | 364,33 | 18,05 | 1128,468 | 300,82 | 367,07 |  0,00 | 139,120 | 44,83 | 44,83 | 298,392 |   NaN | NaN | 0,00 | 0,00 | NaN
  31 |  8,02 | 297,545 | 754,73 | 820,56 | 759,36 |  0,00 | 1,385 | 44,35 | 44,35 |  0,00 | 25,543 | 368,64 | 368,64 | 18,15 | 1149,710 | 296,90 | 362,74 |  0,00 | 139,079 | 44,83 | 44,83 | 298,383 |   NaN | NaN | 0,00 | 0,00 | NaN
  32 |  8,69 | 299,203 | 754,51 | 826,32 | 759,14 |  0,00 | 1,341 | 44,35 | 44,35 |  0,00 | 23,924 | 368,10 | 368,10 | 19,46 | 1157,298 | 297,22 | 369,04 |  0,00 | 138,986 | 44,83 | 44,83 | 298,278 |   NaN | NaN | 0,00 | 0,00 | NaN
  33 |  8,07 | 298,722 | 755,15 | 821,44 | 759,80 |  0,00 | 1,407 | 44,35 | 44,35 |  0,00 | 22,791 | 366,21 | 366,21 | 18,11 | 1147,662 | 299,76 | 366,04 |  0,00 | 139,043 | 44,83 | 44,83 | 298,325 |   NaN | NaN | 0,00 | 0,00 | NaN
  34 |  8,06 | 300,311 | 754,03 | 820,09 | 758,64 |  0,00 | 1,398 | 44,35 | 44,35 |  0,00 | 22,122 | 366,94 | 366,94 | 18,15 | 1160,862 | 297,91 | 363,97 |  0,00 | 138,843 | 44,83 | 44,83 | 298,037 |   NaN | NaN | 0,00 | 0,00 | NaN
  35 |  9,13 | 301,186 | 753,96 | 829,75 | 758,58 |  0,00 | 1,347 | 44,35 | 44,35 |  0,00 | 21,405 | 370,81 | 370,81 | 20,50 | 1180,017 | 293,98 | 369,76 |  0,00 | 138,722 | 44,83 | 44,83 | 297,751 |   NaN | NaN | 0,00 | 0,00 | NaN
  36 |  8,07 | 299,611 | 755,07 | 821,37 | 759,71 |  0,00 | 1,400 | 44,35 | 44,35 |  0,00 | 23,823 | 362,96 | 362,96 | 17,96 | 1137,780 | 302,94 | 369,24 |  0,00 | 138,956 | 44,83 | 44,83 | 298,189 |   NaN | NaN | 0,00 | 0,00 | NaN
  37 |  9,18 | 303,342 | 755,21 | 831,56 | 759,85 |  0,00 | 1,383 | 44,35 | 44,35 |  0,00 | 23,212 | 373,85 | 373,85 | 20,72 | 1194,954 | 292,18 | 368,53 |  0,00 | 139,180 | 44,83 | 44,83 | 298,455 |   NaN | NaN | 0,00 | 0,00 | NaN
  38 |  8,83 | 298,581 | 755,01 | 828,13 | 759,66 |  0,00 | 1,374 | 44,35 | 44,35 |  0,00 | 24,362 | 370,27 | 370,27 | 19,83 | 1160,915 | 295,56 | 368,68 |  0,00 | 139,014 | 44,83 | 44,83 | 298,260 |   NaN | NaN | 0,00 | 0,00 | NaN
  39 |  7,12 | 287,164 | 753,29 | 811,06 | 757,96 |  0,00 | 1,418 | 44,35 | 44,35 |  0,00 | 22,507 | 362,31 | 362,31 | 16,07 | 1092,759 | 301,80 | 359,57 |  0,00 | 139,064 | 44,83 | 44,83 | 298,341 |   NaN | NaN | 0,00 | 0,00 | NaN
  40 |  7,56 | 290,548 | 753,83 | 815,52 | 758,49 |  0,00 | 1,418 | 44,35 | 44,35 |  0,00 | 21,173 | 366,31 | 366,31 | 17,14 | 1120,834 | 298,34 | 360,03 |  0,00 | 139,072 | 44,83 | 44,83 | 298,301 |   NaN | NaN | 0,00 | 0,00 | NaN
  41 |  8,95 | 299,537 | 753,77 | 827,88 | 758,44 |  0,00 | 1,401 | 44,35 | 44,35 |  0,00 | 23,542 | 364,66 | 364,66 | 19,82 | 1147,545 | 299,93 | 374,05 |  0,00 | 139,070 | 44,83 | 44,83 | 298,336 |   NaN | NaN | 0,00 | 0,00 | NaN
  42 |  9,17 | 298,263 | 754,95 | 831,16 | 759,59 |  0,00 | 1,347 | 44,35 | 44,35 |  0,00 | 21,621 | 371,24 | 371,24 | 20,56 | 1166,909 | 294,53 | 370,74 |  0,00 | 139,013 | 44,83 | 44,83 | 298,299 |   NaN | NaN | 0,00 | 0,00 | NaN
  43 |  9,47 | 300,747 | 754,99 | 833,93 | 759,67 |  0,00 | 1,425 | 44,35 | 44,35 |  0,00 | 25,650 | 373,52 | 373,52 | 21,26 | 1180,193 | 292,29 | 371,23 |  0,00 | 139,069 | 44,83 | 44,83 | 298,321 |   NaN | NaN | 0,00 | 0,00 | NaN
  44 |  8,76 | 303,121 | 754,86 | 827,32 | 759,49 |  0,00 | 1,337 | 44,35 | 44,35 |  0,00 | 24,669 | 366,77 | 366,77 | 19,51 | 1165,460 | 298,91 | 371,37 |  0,00 | 139,024 | 44,83 | 44,83 | 298,332 |   NaN | NaN | 0,00 | 0,00 | NaN
  45 |  8,09 | 299,139 | 754,92 | 821,36 | 759,59 |  0,00 | 1,421 | 44,35 | 44,35 |  0,00 | 21,936 | 370,70 | 370,70 | 18,38 | 1167,760 | 295,04 | 361,48 |  0,00 | 138,996 | 44,83 | 44,83 | 298,278 |   NaN | NaN | 0,00 | 0,00 | NaN
  46 |  8,45 | 293,024 | 754,61 | 824,30 | 759,25 |  0,00 | 1,361 | 44,35 | 44,35 |  0,00 | 21,485 | 365,48 | 365,48 | 18,85 | 1125,366 | 299,95 | 369,64 |  0,00 | 138,977 | 44,83 | 44,83 | 298,246 |   NaN | NaN | 0,00 | 0,00 | NaN
  47 |  8,18 | 294,444 | 754,63 | 821,85 | 759,26 |  0,00 | 1,358 | 44,35 | 44,35 |  0,00 | 23,188 | 367,52 | 367,52 | 18,41 | 1136,820 | 297,93 | 365,15 |  0,00 | 139,088 | 44,83 | 44,83 | 298,377 |   NaN | NaN | 0,00 | 0,00 | NaN
  48 |  8,03 | 291,078 | 753,69 | 819,50 | 758,33 |  0,00 | 1,388 | 44,35 | 44,35 |  0,00 | 23,530 | 365,34 | 365,34 | 18,03 | 1116,953 | 299,17 | 364,99 |  0,00 | 139,007 | 44,83 | 44,83 | 298,331 |   NaN | NaN | 0,00 | 0,00 | NaN
  49 |  8,23 | 296,783 | 754,09 | 821,75 | 758,74 |  0,00 | 1,400 | 44,35 | 44,35 |  0,00 | 21,643 | 367,42 | 367,42 | 18,53 | 1148,815 | 297,50 | 365,15 |  0,00 | 139,118 | 44,83 | 44,83 | 298,413 |   NaN | NaN | 0,00 | 0,00 | NaN
  50 |  8,67 | 300,108 | 754,59 | 826,23 | 759,23 |  0,00 | 1,355 | 44,35 | 44,35 |  0,00 | 23,268 | 370,46 | 370,46 | 19,54 | 1170,365 | 294,96 | 366,59 |  0,00 | 138,965 | 44,83 | 44,83 | 298,215 |   NaN | NaN | 0,00 | 0,00 | NaN
  51 |  8,44 | 297,531 | 754,64 | 824,20 | 759,29 |  0,00 | 1,352 | 44,35 | 44,35 |  0,00 | 21,777 | 366,52 | 366,52 | 18,88 | 1146,673 | 298,94 | 368,49 |  0,00 | 139,010 | 44,83 | 44,83 | 298,291 |   NaN | NaN | 0,00 | 0,00 | NaN
  52 |  8,65 | 305,859 | 753,79 | 825,14 | 758,43 |  0,00 | 1,379 | 44,35 | 44,35 |  0,00 | 22,043 | 364,00 | 364,00 | 19,18 | 1172,101 | 300,61 | 371,96 |  0,00 | 139,105 | 44,83 | 44,83 | 298,385 |   NaN | NaN | 0,00 | 0,00 | NaN
  53 |  8,67 | 298,462 | 754,65 | 826,32 | 759,30 |  0,00 | 1,366 | 44,35 | 44,35 |  0,00 | 23,867 | 370,18 | 370,18 | 19,53 | 1161,821 | 295,29 | 366,96 |  0,00 | 138,980 | 44,83 | 44,83 | 298,259 |   NaN | NaN | 0,00 | 0,00 | NaN
  54 |  7,61 | 291,433 | 755,15 | 817,31 | 759,78 |  0,00 | 1,369 | 44,35 | 44,35 |  0,00 | 23,492 | 366,86 | 366,86 | 17,21 | 1120,746 | 299,11 | 361,28 |  0,00 | 138,938 | 44,83 | 44,83 | 298,230 |   NaN | NaN | 0,00 | 0,00 | NaN
  55 |  7,92 | 297,094 | 755,15 | 820,06 | 759,80 |  0,00 | 1,354 | 44,35 | 44,35 |  0,00 | 20,666 | 364,08 | 364,08 | 17,70 | 1135,880 | 301,89 | 366,80 |  0,00 | 138,896 | 44,83 | 44,83 | 298,172 |   NaN | NaN | 0,00 | 0,00 | NaN
  56 |  7,86 | 295,437 | 754,89 | 819,26 | 759,52 |  0,00 | 1,360 | 44,35 | 44,35 |  0,00 | 25,760 | 365,24 | 365,24 | 17,64 | 1128,081 | 300,46 | 364,83 |  0,00 | 139,076 | 44,83 | 44,83 | 298,352 |   NaN | NaN | 0,00 | 0,00 | NaN
  57 |  8,25 | 288,667 | 754,65 | 822,49 | 759,29 |  0,00 | 1,357 | 44,35 | 44,35 |  0,00 | 22,485 | 365,86 | 365,86 | 18,46 | 1108,116 | 299,62 | 367,46 |  0,00 | 139,029 | 44,83 | 44,83 | 298,311 |   NaN | NaN | 0,00 | 0,00 | NaN
  58 |  8,40 | 300,876 | 755,21 | 824,43 | 759,85 |  0,00 | 1,386 | 44,35 | 44,35 |  0,00 | 21,119 | 367,77 | 367,77 | 18,84 | 1163,878 | 298,26 | 367,48 |  0,00 | 139,055 | 44,83 | 44,83 | 298,339 |   NaN | NaN | 0,00 | 0,00 | NaN
  59 |  8,90 | 296,580 | 755,26 | 829,07 | 759,89 |  0,00 | 1,404 | 44,35 | 44,35 |  0,00 | 23,658 | 366,25 | 366,25 | 19,75 | 1137,711 | 299,83 | 373,64 |  0,00 | 138,935 | 44,83 | 44,83 | 298,140 |   NaN | NaN | 0,00 | 0,00 | NaN
  60 |  8,34 | 300,485 | 753,42 | 821,97 | 758,07 |  0,00 | 1,339 | 44,35 | 44,35 |  0,00 | 22,389 | 366,55 | 366,55 | 18,72 | 1161,476 | 297,68 | 366,24 |  0,00 | 138,962 | 44,83 | 44,83 | 298,262 |   NaN | NaN | 0,00 | 0,00 | NaN
  61 |  8,94 | 301,304 | 754,64 | 828,76 | 759,27 |  0,00 | 1,362 | 44,35 | 44,35 |  0,00 | 22,453 | 369,28 | 369,28 | 20,02 | 1171,265 | 296,18 | 370,31 |  0,00 | 139,013 | 44,83 | 44,83 | 298,293 |   NaN | NaN | 0,00 | 0,00 | NaN
  62 |  8,92 | 295,145 | 754,65 | 828,55 | 759,33 |  0,00 | 1,423 | 44,35 | 44,35 |  0,00 | 26,223 | 369,33 | 369,33 | 19,97 | 1142,065 | 296,14 | 370,04 |  0,00 | 139,150 | 44,83 | 44,83 | 298,416 |   NaN | NaN | 0,00 | 0,00 | NaN
  63 |  8,52 | 298,825 | 754,72 | 825,00 | 759,37 |  0,00 | 1,379 | 44,35 | 44,35 |  0,00 | 21,880 | 369,44 | 369,44 | 19,18 | 1162,613 | 296,11 | 366,38 |  0,00 | 138,966 | 44,83 | 44,83 | 298,210 |   NaN | NaN | 0,00 | 0,00 | NaN
  64 |  7,69 | 294,469 | 754,62 | 817,53 | 759,29 |  0,00 | 1,422 | 44,35 | 44,35 |  0,00 | 24,586 | 364,91 | 364,91 | 17,31 | 1124,869 | 300,53 | 363,43 |  0,00 | 139,082 | 44,83 | 44,83 | 298,362 |   NaN | NaN | 0,00 | 0,00 | NaN

= = = = = = = = = = = = AVERAGE RESULTS system = = = = = = = = = = = =
meanPLR_system | 8,419398 
meanDelay_system | 297,305727 
meanLoad_system | 823,943320 
meanTHR_system | 754,545494 
meanGate_system | 759,192600 

meanPLR_EF_system | 0,000000 
meanPLR_AF_system | 0,000000 
meanPLR_BE_system | 18,895792 
meanPLR_FLA_system | 0,000000 
meanPLR_FLB_system | NaN 

meanTHR_EF_system | 44,352002 
meanTHR_AF_system | 367,667593 
meanTHR_BE_system | 297,697942 
meanTHR_FLA_system | 45,635143 
meanTHR_FLB_system | 0,000000 

meanLoad_EF_system | 44,352002 
meanLoad_AF_system | 367,667593 
meanLoad_BE_system | 367,095768 
meanLoad_FLA_system | 45,635143 
meanLoad_FLB_system | 0,000000 

meanDELAY_EF_system | 1,383447 
meanDELAY_AF_system | 23,004681 
meanDELAY_BE_system | 1149,000180 
meanDELAY_FLA_system | 139,035553 
meanDELAY_FLB_system | NaN 
meanDELAY_CompleteFLA_system | 298,308353 
meanDELAY_CompleteFLB_system | NaN 

= = = = = = = = = = = = AVERAGE RESULTS = = = = = = = = = = = =
Packet Loss Ratio: 08,42 (%)
PROCESSED PACKAGES: 2035184713 
DISCARTED PACKAGES: 117569718 
TOTAL PACKAGES: 2152754431 
AVERAGE DELAY: 55741,68 (ms) 
AVERAGE THROUGHPUT: 754,55 (Mbps) 
GRANTED THROUGHPUT: 48588,33 (Mbps) By 64 ONUs
EFFECTIVE THROUGHPUT: 48290,91 (Mbps) By 64 ONUs
TOTAL LOAD: 52732,37 (Mbps) By 64 ONUs
ON Arrival THROUGHPUT: 0,00 (Mbps) By 64 ONUs
FINISHTIMEFL: 166,608440 
FINISHTIME: 169,608440 


fileName | IPACT_STRICTPRIORITY_3_36_98_0 
