
ONU ID 	|  PLR(%) | Delay(ms) | Throughput(Mbps) | Granted Throughput(Mbps) | Total Load (Mbps) 

  ID |  PLR(%) |  D  | Thr |  Gates  |  Load  | PLR-EF | D-EF | ThrEF | LoadEF | PLR-AF | D-AF | ThrAF | LoadAF | PLR-BE | D-BE | ThrBE | LoadBE | PLR-FA | D-FA | ThrFA | LoadFA | DTFA |  PLR-FB | D-FB | ThrFB | LoadFB | DTFB | 
   1 |  8,52 | 300,593 | 754,47 | 824,73 | 759,12 |  0,00 | 1,408 | 44,35 | 44,35 |  0,00 | 23,810 | 372,49 | 372,49 | 19,35 | 1179,801 | 292,80 | 363,06 |  0,00 | 139,218 | 44,83 | 44,83 | 305,516 |   NaN | NaN | 0,00 | 0,00 | NaN
   2 |  8,86 | 295,754 | 754,64 | 827,98 | 758,98 |  0,00 | 1,420 | 44,35 | 44,35 |  0,00 | 9,255 | 371,63 | 371,63 | 19,97 | 1161,323 | 293,83 | 367,16 |  0,00 | 302,763 | 44,83 | 44,83 | 927,701 |   NaN | NaN | 0,00 | 0,00 | NaN
   3 |  7,96 | 288,559 | 755,63 | 821,01 | 759,93 |  0,00 | 1,357 | 44,35 | 44,35 |  0,00 | 9,746 | 367,37 | 367,37 | 17,94 | 1114,094 | 299,08 | 364,47 |  0,00 | 294,004 | 44,83 | 44,83 | 905,273 |   NaN | NaN | 0,00 | 0,00 | NaN
   4 |  9,03 | 303,425 | 754,96 | 829,90 | 759,59 |  0,00 | 1,362 | 44,35 | 44,35 |  0,00 | 23,560 | 373,12 | 373,12 | 20,39 | 1192,624 | 292,66 | 367,60 |  0,00 | 139,158 | 44,83 | 44,83 | 298,433 |   NaN | NaN | 0,00 | 0,00 | NaN
   5 |  8,17 | 281,570 | 754,91 | 822,08 | 759,17 |  0,00 | 1,388 | 44,35 | 44,35 |  0,00 | 4,483 | 366,12 | 366,12 | 18,31 | 1074,014 | 299,61 | 366,78 |  0,00 | 489,926 | 44,83 | 44,83 | 1494,778 |   NaN | NaN | 0,00 | 0,00 | NaN
   6 |  8,87 | 295,303 | 755,33 | 828,81 | 759,59 |  0,00 | 1,336 | 44,35 | 44,35 |  0,00 | 5,945 | 371,59 | 371,59 | 19,97 | 1157,581 | 294,55 | 368,04 |  0,00 | 356,760 | 44,83 | 44,83 | 1095,330 |   NaN | NaN | 0,00 | 0,00 | NaN
   7 |  8,50 | 295,225 | 754,98 | 825,14 | 759,56 |  0,00 | 1,355 | 44,35 | 44,35 |  0,00 | 21,488 | 369,32 | 369,32 | 19,14 | 1146,731 | 296,48 | 366,64 |  0,00 | 148,541 | 44,83 | 44,83 | 369,223 |   NaN | NaN | 0,00 | 0,00 | NaN
   8 |  8,48 | 300,395 | 755,22 | 825,17 | 759,52 |  0,00 | 1,405 | 44,35 | 44,35 |  0,00 | 8,774 | 365,97 | 365,97 | 18,91 | 1158,149 | 300,06 | 370,02 |  0,00 | 289,764 | 44,83 | 44,83 | 893,098 |   NaN | NaN | 0,00 | 0,00 | NaN
   9 |  8,85 | 296,708 | 754,88 | 828,21 | 759,38 |  0,00 | 1,344 | 44,35 | 44,35 |  0,00 | 18,304 | 370,37 | 370,37 | 19,89 | 1158,323 | 295,33 | 368,66 |  0,00 | 178,930 | 44,83 | 44,83 | 491,542 |   NaN | NaN | 0,00 | 0,00 | NaN
  10 |  8,31 | 294,785 | 755,42 | 823,85 | 760,06 |  0,00 | 1,405 | 44,35 | 44,35 |  0,00 | 23,146 | 368,09 | 368,09 | 18,67 | 1137,687 | 298,15 | 366,57 |  0,00 | 139,138 | 44,83 | 44,83 | 299,962 |   NaN | NaN | 0,00 | 0,00 | NaN
  11 |  8,23 | 286,084 | 753,88 | 821,47 | 758,15 |  0,00 | 1,345 | 44,35 | 44,35 |  0,00 | 2,143 | 363,25 | 363,25 | 18,32 | 1069,721 | 301,45 | 369,05 |  0,00 | 717,552 | 44,83 | 44,83 | 2177,632 |   NaN | NaN | 0,00 | 0,00 | NaN
  12 |  8,39 | 294,713 | 754,89 | 824,06 | 759,17 |  0,00 | 1,407 | 44,35 | 44,35 |  0,00 | 5,560 | 367,41 | 367,41 | 18,82 | 1139,877 | 298,30 | 367,47 |  0,00 | 363,159 | 44,83 | 44,83 | 1114,638 |   NaN | NaN | 0,00 | 0,00 | NaN
  13 |  7,65 | 283,273 | 754,55 | 817,02 | 758,84 |  0,00 | 1,372 | 44,35 | 44,35 |  0,00 | 8,938 | 365,42 | 365,42 | 17,24 | 1087,804 | 299,95 | 362,42 |  0,00 | 317,149 | 44,83 | 44,83 | 974,232 |   NaN | NaN | 0,00 | 0,00 | NaN
  14 |  8,73 | 289,687 | 754,67 | 826,81 | 758,95 |  0,00 | 1,413 | 44,35 | 44,35 |  0,00 | 3,859 | 368,76 | 368,76 | 19,56 | 1118,235 | 296,73 | 368,88 |  0,00 | 480,330 | 44,83 | 44,83 | 1465,875 |   NaN | NaN | 0,00 | 0,00 | NaN
  15 |  8,25 | 294,762 | 753,70 | 821,45 | 758,29 |  0,00 | 1,407 | 44,35 | 44,35 |  0,00 | 22,417 | 362,59 | 362,59 | 18,33 | 1121,549 | 301,94 | 369,69 |  0,00 | 151,342 | 44,83 | 44,83 | 377,921 |   NaN | NaN | 0,00 | 0,00 | NaN
  16 |  9,58 | 302,590 | 754,62 | 834,58 | 759,02 |  0,00 | 1,399 | 44,35 | 44,35 |  0,00 | 13,681 | 369,74 | 369,74 | 21,28 | 1182,070 | 295,71 | 375,66 |  0,00 | 227,502 | 44,83 | 44,83 | 670,752 |   NaN | NaN | 0,00 | 0,00 | NaN
  17 |  8,83 | 298,803 | 754,36 | 827,47 | 758,85 |  0,00 | 1,412 | 44,35 | 44,35 |  0,00 | 14,605 | 370,26 | 370,26 | 19,86 | 1170,735 | 294,92 | 368,03 |  0,00 | 204,531 | 44,83 | 44,83 | 589,723 |   NaN | NaN | 0,00 | 0,00 | NaN
  18 |  8,11 | 285,463 | 754,38 | 820,92 | 758,66 |  0,00 | 1,388 | 44,35 | 44,35 |  0,00 | 2,677 | 364,59 | 364,59 | 18,12 | 1062,021 | 300,61 | 367,15 |  0,00 | 815,596 | 44,83 | 44,83 | 2471,897 |   NaN | NaN | 0,00 | 0,00 | NaN
  19 |  7,36 | 285,826 | 755,27 | 815,29 | 759,54 |  0,00 | 1,379 | 44,35 | 44,35 |  0,00 | 2,844 | 361,48 | 361,48 | 16,46 | 1065,797 | 304,60 | 364,62 |  0,00 | 618,195 | 44,83 | 44,83 | 1879,649 |   NaN | NaN | 0,00 | 0,00 | NaN
  20 |  7,94 | 286,161 | 754,59 | 819,69 | 758,87 |  0,00 | 1,375 | 44,35 | 44,35 |  0,00 | 2,310 | 368,18 | 368,18 | 17,97 | 1081,835 | 297,24 | 362,33 |  0,00 | 763,959 | 44,83 | 44,83 | 2316,895 |   NaN | NaN | 0,00 | 0,00 | NaN
  21 |  7,09 | 283,975 | 754,57 | 812,11 | 759,21 |  0,00 | 1,379 | 44,35 | 44,35 |  0,00 | 20,556 | 362,78 | 362,78 | 15,98 | 1081,097 | 302,60 | 360,15 |  0,00 | 140,548 | 44,83 | 44,83 | 318,852 |   NaN | NaN | 0,00 | 0,00 | NaN
  22 |  9,21 | 296,830 | 754,98 | 831,58 | 759,29 |  0,00 | 1,418 | 44,35 | 44,35 |  0,00 | 4,017 | 375,60 | 375,60 | 20,89 | 1168,489 | 290,20 | 366,81 |  0,00 | 531,322 | 44,83 | 44,83 | 1618,994 |   NaN | NaN | 0,00 | 0,00 | NaN
  23 |  8,55 | 291,591 | 754,44 | 824,94 | 758,72 |  0,00 | 1,400 | 44,35 | 44,35 |  0,00 | 3,204 | 368,07 | 368,07 | 19,17 | 1109,971 | 297,19 | 367,69 |  0,00 | 666,214 | 44,83 | 44,83 | 2023,661 |   NaN | NaN | 0,00 | 0,00 | NaN
  24 |  8,67 | 296,340 | 755,21 | 826,94 | 759,53 |  0,00 | 1,361 | 44,35 | 44,35 |  0,00 | 10,634 | 367,05 | 367,05 | 19,35 | 1144,381 | 298,99 | 370,72 |  0,00 | 286,398 | 44,83 | 44,83 | 881,546 |   NaN | NaN | 0,00 | 0,00 | NaN
  25 |  9,20 | 302,894 | 754,27 | 830,72 | 758,85 |  0,00 | 1,419 | 44,35 | 44,35 |  0,00 | 21,941 | 366,23 | 366,23 | 20,37 | 1165,722 | 298,86 | 375,31 |  0,00 | 160,387 | 44,83 | 44,83 | 417,305 |   NaN | NaN | 0,00 | 0,00 | NaN
  26 |  8,14 | 294,670 | 754,96 | 821,88 | 759,56 |  0,00 | 1,415 | 44,35 | 44,35 |  0,00 | 22,916 | 367,27 | 367,27 | 18,31 | 1134,835 | 298,51 | 365,43 |  0,00 | 147,786 | 44,83 | 44,83 | 360,251 |   NaN | NaN | 0,00 | 0,00 | NaN
  27 |  7,95 | 284,775 | 755,17 | 820,42 | 759,44 |  0,00 | 1,342 | 44,35 | 44,35 |  0,00 | 2,195 | 368,74 | 368,74 | 18,00 | 1074,369 | 297,24 | 362,50 |  0,00 | 796,450 | 44,83 | 44,83 | 2414,349 |   NaN | NaN | 0,00 | 0,00 | NaN
  28 |  7,64 | 286,010 | 754,78 | 817,25 | 759,06 |  0,00 | 1,408 | 44,35 | 44,35 |  0,00 | 2,906 | 367,67 | 367,67 | 17,33 | 1085,889 | 297,92 | 360,39 |  0,00 | 667,576 | 44,83 | 44,83 | 2027,504 |   NaN | NaN | 0,00 | 0,00 | NaN
  29 |  8,95 | 288,079 | 754,88 | 829,12 | 759,17 |  0,00 | 1,388 | 44,35 | 44,35 |  0,00 | 2,334 | 369,46 | 369,46 | 20,04 | 1097,063 | 296,24 | 370,48 |  0,00 | 713,989 | 44,83 | 44,83 | 2166,894 |   NaN | NaN | 0,00 | 0,00 | NaN
  30 |  8,03 | 284,380 | 754,69 | 820,58 | 758,98 |  0,00 | 1,418 | 44,35 | 44,35 |  0,00 | 2,919 | 364,33 | 364,33 | 17,95 | 1060,116 | 301,18 | 367,07 |  0,00 | 760,178 | 44,83 | 44,83 | 2305,484 |   NaN | NaN | 0,00 | 0,00 | NaN
  31 |  7,98 | 287,843 | 755,10 | 820,56 | 759,36 |  0,00 | 1,385 | 44,35 | 44,35 |  0,00 | 2,252 | 368,64 | 368,64 | 18,05 | 1095,482 | 297,28 | 362,74 |  0,00 | 678,643 | 44,83 | 44,83 | 2060,878 |   NaN | NaN | 0,00 | 0,00 | NaN
  32 |  8,65 | 288,508 | 754,86 | 826,32 | 759,14 |  0,00 | 1,341 | 44,35 | 44,35 |  0,00 | 3,099 | 368,10 | 368,10 | 19,36 | 1091,874 | 297,58 | 369,04 |  0,00 | 731,303 | 44,83 | 44,83 | 2218,884 |   NaN | NaN | 0,00 | 0,00 | NaN
  33 |  8,02 | 287,949 | 755,52 | 821,44 | 759,80 |  0,00 | 1,407 | 44,35 | 44,35 |  0,00 | 2,463 | 366,21 | 366,21 | 18,01 | 1081,289 | 300,12 | 366,04 |  0,00 | 736,591 | 44,83 | 44,83 | 2234,802 |   NaN | NaN | 0,00 | 0,00 | NaN
  34 |  8,01 | 287,386 | 754,36 | 820,09 | 758,64 |  0,00 | 1,398 | 44,35 | 44,35 |  0,00 | 2,297 | 366,94 | 366,94 | 18,06 | 1075,192 | 298,25 | 363,97 |  0,00 | 859,659 | 44,83 | 44,83 | 2604,426 |   NaN | NaN | 0,00 | 0,00 | NaN
  35 |  9,09 | 287,540 | 754,32 | 829,75 | 758,58 |  0,00 | 1,347 | 44,35 | 44,35 |  0,00 | 2,239 | 370,81 | 370,81 | 20,40 | 1086,424 | 294,34 | 369,76 |  0,00 | 899,790 | 44,83 | 44,83 | 2724,787 |   NaN | NaN | 0,00 | 0,00 | NaN
  36 |  8,03 | 287,187 | 755,43 | 821,37 | 759,71 |  0,00 | 1,400 | 44,35 | 44,35 |  0,00 | 2,613 | 362,96 | 362,96 | 17,86 | 1059,077 | 303,29 | 369,24 |  0,00 | 831,238 | 44,83 | 44,83 | 2518,825 |   NaN | NaN | 0,00 | 0,00 | NaN
  37 |  9,14 | 292,416 | 755,57 | 831,56 | 759,85 |  0,00 | 1,383 | 44,35 | 44,35 |  0,00 | 2,665 | 373,85 | 373,85 | 20,62 | 1126,141 | 292,54 | 368,53 |  0,00 | 747,287 | 44,83 | 44,83 | 2266,510 |   NaN | NaN | 0,00 | 0,00 | NaN
  38 |  8,79 | 287,153 | 755,38 | 828,13 | 759,66 |  0,00 | 1,374 | 44,35 | 44,35 |  0,00 | 2,118 | 370,27 | 370,27 | 19,73 | 1090,587 | 295,92 | 368,68 |  0,00 | 774,396 | 44,83 | 44,83 | 2348,231 |   NaN | NaN | 0,00 | 0,00 | NaN
  39 |  7,08 | 275,772 | 753,65 | 811,06 | 757,96 |  0,00 | 1,418 | 44,35 | 44,35 |  0,00 | 1,930 | 362,31 | 362,31 | 15,97 | 1022,239 | 302,16 | 359,57 |  0,00 | 766,173 | 44,83 | 44,83 | 2323,563 |   NaN | NaN | 0,00 | 0,00 | NaN
  40 |  7,52 | 278,378 | 754,20 | 815,52 | 758,49 |  0,00 | 1,418 | 44,35 | 44,35 |  0,00 | 2,257 | 366,31 | 366,31 | 17,03 | 1041,034 | 298,71 | 360,03 |  0,00 | 810,255 | 44,83 | 44,83 | 2455,610 |   NaN | NaN | 0,00 | 0,00 | NaN
  41 |  8,91 | 289,356 | 754,14 | 827,88 | 758,43 |  0,00 | 1,401 | 44,35 | 44,35 |  0,00 | 2,749 | 364,66 | 364,66 | 19,71 | 1086,948 | 300,31 | 374,05 |  0,00 | 699,612 | 44,83 | 44,83 | 2123,905 |   NaN | NaN | 0,00 | 0,00 | NaN
  42 |  9,13 | 287,802 | 755,32 | 831,16 | 759,59 |  0,00 | 1,347 | 44,35 | 44,35 |  0,00 | 2,034 | 371,24 | 371,24 | 20,46 | 1101,331 | 294,90 | 370,74 |  0,00 | 720,117 | 44,83 | 44,83 | 2185,474 |   NaN | NaN | 0,00 | 0,00 | NaN
  43 |  9,42 | 289,708 | 755,37 | 833,93 | 759,67 |  0,00 | 1,425 | 44,35 | 44,35 |  0,00 | 2,479 | 373,52 | 373,52 | 21,16 | 1113,777 | 292,67 | 371,23 |  0,00 | 753,057 | 44,83 | 44,83 | 2284,341 |   NaN | NaN | 0,00 | 0,00 | NaN
  44 |  8,72 | 293,025 | 755,22 | 827,32 | 759,49 |  0,00 | 1,337 | 44,35 | 44,35 |  0,00 | 2,715 | 366,77 | 366,77 | 19,42 | 1106,392 | 299,27 | 371,37 |  0,00 | 701,936 | 44,83 | 44,83 | 2130,873 |   NaN | NaN | 0,00 | 0,00 | NaN
  45 |  8,04 | 288,794 | 755,29 | 821,36 | 759,59 |  0,00 | 1,421 | 44,35 | 44,35 |  0,00 | 2,356 | 370,70 | 370,70 | 18,28 | 1103,293 | 295,41 | 361,48 |  0,00 | 713,465 | 44,83 | 44,83 | 2165,690 |   NaN | NaN | 0,00 | 0,00 | NaN
  46 |  8,41 | 282,119 | 754,98 | 824,30 | 759,25 |  0,00 | 1,361 | 44,35 | 44,35 |  0,00 | 1,951 | 365,48 | 365,48 | 18,75 | 1056,767 | 300,32 | 369,64 |  0,00 | 745,905 | 44,83 | 44,83 | 2262,734 |   NaN | NaN | 0,00 | 0,00 | NaN
  47 |  8,14 | 284,698 | 754,99 | 821,85 | 759,26 |  0,00 | 1,358 | 44,35 | 44,35 |  0,00 | 2,598 | 367,52 | 367,52 | 18,31 | 1079,734 | 298,29 | 365,15 |  0,00 | 672,031 | 44,83 | 44,83 | 2040,894 |   NaN | NaN | 0,00 | 0,00 | NaN
  48 |  7,99 | 280,778 | 754,05 | 819,50 | 758,33 |  0,00 | 1,388 | 44,35 | 44,35 |  0,00 | 2,536 | 365,34 | 365,34 | 17,93 | 1055,449 | 299,53 | 364,99 |  0,00 | 707,807 | 44,83 | 44,83 | 2148,620 |   NaN | NaN | 0,00 | 0,00 | NaN
  49 |  8,19 | 287,043 | 754,45 | 821,75 | 758,74 |  0,00 | 1,400 | 44,35 | 44,35 |  0,00 | 2,699 | 367,42 | 367,42 | 18,43 | 1089,334 | 297,85 | 365,15 |  0,00 | 676,154 | 44,83 | 44,83 | 2053,338 |   NaN | NaN | 0,00 | 0,00 | NaN
  50 |  8,63 | 289,261 | 754,96 | 826,23 | 759,23 |  0,00 | 1,355 | 44,35 | 44,35 |  0,00 | 2,119 | 370,46 | 370,46 | 19,44 | 1104,242 | 295,32 | 366,59 |  0,00 | 732,818 | 44,83 | 44,83 | 2223,532 |   NaN | NaN | 0,00 | 0,00 | NaN
  51 |  8,39 | 287,227 | 755,01 | 824,20 | 759,29 |  0,00 | 1,352 | 44,35 | 44,35 |  0,00 | 2,629 | 366,52 | 366,52 | 18,78 | 1083,078 | 299,31 | 368,49 |  0,00 | 704,730 | 44,83 | 44,83 | 2139,182 |   NaN | NaN | 0,00 | 0,00 | NaN
  52 |  8,60 | 296,117 | 754,15 | 825,14 | 758,43 |  0,00 | 1,379 | 44,35 | 44,35 |  0,00 | 2,400 | 364,00 | 364,00 | 19,08 | 1113,693 | 300,97 | 371,96 |  0,00 | 677,910 | 44,83 | 44,83 | 2058,671 |   NaN | NaN | 0,00 | 0,00 | NaN
  53 |  8,63 | 287,285 | 755,02 | 826,32 | 759,30 |  0,00 | 1,366 | 44,35 | 44,35 |  0,00 | 2,050 | 370,18 | 370,18 | 19,43 | 1093,293 | 295,66 | 366,96 |  0,00 | 757,432 | 44,83 | 44,83 | 2297,402 |   NaN | NaN | 0,00 | 0,00 | NaN
  54 |  7,56 | 281,650 | 755,51 | 817,31 | 759,79 |  0,00 | 1,369 | 44,35 | 44,35 |  0,00 | 2,982 | 366,86 | 366,86 | 17,11 | 1063,372 | 299,47 | 361,28 |  0,00 | 674,662 | 44,83 | 44,83 | 2049,287 |   NaN | NaN | 0,00 | 0,00 | NaN
  55 |  7,87 | 285,688 | 755,51 | 820,06 | 759,80 |  0,00 | 1,354 | 44,35 | 44,35 |  0,00 | 2,213 | 364,08 | 364,08 | 17,60 | 1062,294 | 302,25 | 366,80 |  0,00 | 772,263 | 44,83 | 44,83 | 2341,908 |   NaN | NaN | 0,00 | 0,00 | NaN
  56 |  7,81 | 285,283 | 755,25 | 819,26 | 759,52 |  0,00 | 1,360 | 44,35 | 44,35 |  0,00 | 2,386 | 365,24 | 365,24 | 17,54 | 1070,615 | 300,83 | 364,83 |  0,00 | 702,988 | 44,83 | 44,83 | 2133,833 |   NaN | NaN | 0,00 | 0,00 | NaN
  57 |  8,20 | 278,311 | 755,01 | 822,49 | 759,29 |  0,00 | 1,357 | 44,35 | 44,35 |  0,00 | 2,662 | 365,86 | 365,86 | 18,37 | 1044,995 | 299,97 | 367,46 |  0,00 | 708,542 | 44,83 | 44,83 | 2150,667 |   NaN | NaN | 0,00 | 0,00 | NaN
  58 |  8,35 | 290,824 | 755,57 | 824,43 | 759,85 |  0,00 | 1,386 | 44,35 | 44,35 |  0,00 | 2,843 | 367,77 | 367,77 | 18,74 | 1101,284 | 298,62 | 367,48 |  0,00 | 690,648 | 44,83 | 44,83 | 2096,829 |   NaN | NaN | 0,00 | 0,00 | NaN
  59 |  8,86 | 283,965 | 755,62 | 829,07 | 759,89 |  0,00 | 1,404 | 44,35 | 44,35 |  0,00 | 1,961 | 366,25 | 366,25 | 19,66 | 1057,173 | 300,19 | 373,64 |  0,00 | 844,295 | 44,83 | 44,83 | 2558,136 |   NaN | NaN | 0,00 | 0,00 | NaN
  60 |  8,29 | 290,013 | 753,80 | 821,97 | 758,07 |  0,00 | 1,339 | 44,35 | 44,35 |  0,00 | 2,021 | 366,55 | 366,55 | 18,61 | 1097,316 | 298,07 | 366,24 |  0,00 | 718,774 | 44,83 | 44,83 | 2181,599 |   NaN | NaN | 0,00 | 0,00 | NaN
  61 |  8,90 | 290,501 | 755,00 | 828,76 | 759,27 |  0,00 | 1,362 | 44,35 | 44,35 |  0,00 | 2,233 | 369,28 | 369,28 | 19,92 | 1104,168 | 296,54 | 370,31 |  0,00 | 735,349 | 44,83 | 44,83 | 2231,256 |   NaN | NaN | 0,00 | 0,00 | NaN
  62 |  8,87 | 284,826 | 755,02 | 828,55 | 759,33 |  0,00 | 1,423 | 44,35 | 44,35 |  0,00 | 2,435 | 369,33 | 369,33 | 19,87 | 1083,233 | 296,51 | 370,04 |  0,00 | 711,671 | 44,83 | 44,83 | 2159,973 |   NaN | NaN | 0,00 | 0,00 | NaN
  63 |  8,47 | 287,127 | 755,08 | 825,00 | 759,37 |  0,00 | 1,379 | 44,35 | 44,35 |  0,00 | 2,598 | 369,44 | 369,44 | 19,08 | 1086,530 | 296,46 | 366,38 |  0,00 | 787,470 | 44,83 | 44,83 | 2387,507 |   NaN | NaN | 0,00 | 0,00 | NaN
  64 |  7,65 | 283,898 | 754,99 | 817,53 | 759,29 |  0,00 | 1,422 | 44,35 | 44,35 |  0,00 | 2,583 | 364,91 | 364,91 | 17,21 | 1062,488 | 300,90 | 363,43 |  0,00 | 723,384 | 44,83 | 44,83 | 2195,068 |   NaN | NaN | 0,00 | 0,00 | NaN

= = = = = = = = = = = = AVERAGE RESULTS system = = = = = = = = = = = =
meanPLR_system | 8,381305 
meanDelay_system | 289,291477 
meanLoad_system | 823,943320 
meanTHR_system | 754,859327 
meanGate_system | 759,192079 

meanPLR_EF_system | 0,000000 
meanPLR_AF_system | 0,000000 
meanPLR_BE_system | 18,810299 
meanPLR_FLA_system | 0,000000 
meanPLR_FLB_system | NaN 

meanTHR_EF_system | 44,352002 
meanTHR_AF_system | 367,667593 
meanTHR_BE_system | 298,011775 
meanTHR_FLA_system | 45,635143 
meanTHR_FLB_system | 0,000000 

meanLoad_EF_system | 44,352002 
meanLoad_AF_system | 367,667593 
meanLoad_BE_system | 367,095768 
meanLoad_FLA_system | 45,635143 
meanLoad_FLB_system | 0,000000 

meanDELAY_EF_system | 1,383447 
meanDELAY_AF_system | 6,302057 
meanDELAY_BE_system | 1101,438207 
meanDELAY_FLA_system | 580,886255 
meanDELAY_FLB_system | NaN 
meanDELAY_CompleteFLA_system | 1750,189743 
meanDELAY_CompleteFLB_system | NaN 

= = = = = = = = = = = = AVERAGE RESULTS = = = = = = = = = = = =
Packet Loss Ratio: 08,38 (%)
PROCESSED PACKAGES: 2035713579 
DISCARTED PACKAGES: 117040852 
TOTAL PACKAGES: 2152754431 
AVERAGE DELAY: 54253,17 (ms) 
AVERAGE THROUGHPUT: 754,86 (Mbps) 
GRANTED THROUGHPUT: 48588,29 (Mbps) By 64 ONUs
EFFECTIVE THROUGHPUT: 48311,00 (Mbps) By 64 ONUs
TOTAL LOAD: 52732,37 (Mbps) By 64 ONUs
ON Arrival THROUGHPUT: 0,00 (Mbps) By 64 ONUs
FINISHTIMEFL: 166,608440 
FINISHTIME: 169,608440 


fileName | IPACT_LBVARIBLETOKENSBYCYCLE_3_36_98_0 
