
ONU ID 	|  PLR(%) | Delay(ms) | Throughput(Mbps) | Granted Throughput(Mbps) | Total Load (Mbps) 

  ID |  PLR(%) |  D  | Thr |  Gates  |  Load  | PLR-EF | D-EF | ThrEF | LoadEF | PLR-AF | D-AF | ThrAF | LoadAF | PLR-BE | D-BE | ThrBE | LoadBE | PLR-FA | D-FA | ThrFA | LoadFA | DTFA |  PLR-FB | D-FB | ThrFB | LoadFB | DTFB | 
   1 | 11,04 | 289,239 | 754,49 | 848,08 | 759,20 |  0,00 | 1,443 | 44,35 | 44,35 |  0,00 | 1,417 | 358,75 | 358,75 | 26,97 | 1264,559 | 253,42 | 347,01 |  0,00 | 306,096 | 97,97 | 97,97 | 615,849 |   NaN | NaN | 0,00 | 0,00 | NaN
   2 | 11,09 | 289,527 | 754,61 | 848,73 | 759,36 |  0,00 | 1,493 | 44,35 | 44,35 |  0,00 | 1,431 | 354,35 | 354,35 | 26,74 | 1244,111 | 257,94 | 352,06 |  0,00 | 304,545 | 97,97 | 97,97 | 629,642 |   NaN | NaN | 0,00 | 0,00 | NaN
   3 | 10,62 | 287,957 | 754,89 | 844,57 | 759,62 |  0,00 | 1,372 | 44,35 | 44,35 |  0,00 | 1,366 | 351,55 | 351,55 | 25,57 | 1224,207 | 261,01 | 350,69 |  0,00 | 298,723 | 97,97 | 97,97 | 605,692 |   NaN | NaN | 0,00 | 0,00 | NaN
   4 | 11,70 | 293,743 | 753,58 | 853,39 | 758,29 |  0,00 | 1,437 | 44,35 | 44,35 |  0,00 | 1,374 | 358,97 | 358,97 | 28,35 | 1289,239 | 252,29 | 352,10 |  0,00 | 310,131 | 97,97 | 97,97 | 627,647 |   NaN | NaN | 0,00 | 0,00 | NaN
   5 | 10,80 | 282,929 | 754,72 | 846,09 | 759,40 |  0,00 | 1,466 | 44,35 | 44,35 |  0,00 | 1,398 | 351,73 | 351,73 | 25,95 | 1203,508 | 260,66 | 352,03 |  0,00 | 294,701 | 97,97 | 97,97 | 595,067 |   NaN | NaN | 0,00 | 0,00 | NaN
   6 | 11,45 | 289,124 | 755,11 | 852,78 | 759,84 |  0,00 | 1,405 | 44,35 | 44,35 |  0,00 | 1,344 | 356,61 | 356,61 | 27,60 | 1251,856 | 256,18 | 353,85 |  0,00 | 302,655 | 97,97 | 97,97 | 616,556 |   NaN | NaN | 0,00 | 0,00 | NaN
   7 | 11,13 | 292,326 | 754,86 | 849,42 | 759,58 |  0,00 | 1,379 | 44,35 | 44,35 |  0,00 | 1,364 | 355,23 | 355,23 | 26,87 | 1260,011 | 257,30 | 351,86 |  0,00 | 308,330 | 97,97 | 97,97 | 621,335 |   NaN | NaN | 0,00 | 0,00 | NaN
   8 | 11,17 | 292,141 | 754,14 | 848,98 | 758,85 |  0,00 | 1,421 | 44,35 | 44,35 |  0,00 | 1,415 | 350,44 | 350,44 | 26,62 | 1239,962 | 261,38 | 356,21 |  0,00 | 300,005 | 97,97 | 97,97 | 603,181 |   NaN | NaN | 0,00 | 0,00 | NaN
   9 | 11,48 | 290,058 | 755,13 | 853,10 | 759,80 |  0,00 | 1,493 | 44,35 | 44,35 |  0,00 | 1,353 | 358,09 | 358,09 | 27,78 | 1265,337 | 254,71 | 352,68 |  0,00 | 292,195 | 97,97 | 97,97 | 603,257 |   NaN | NaN | 0,00 | 0,00 | NaN
  10 | 10,78 | 284,894 | 755,08 | 846,34 | 759,78 |  0,00 | 1,438 | 44,35 | 44,35 |  0,00 | 1,414 | 352,39 | 352,39 | 25,96 | 1216,541 | 260,36 | 351,62 |  0,00 | 285,033 | 97,97 | 97,97 | 577,400 |   NaN | NaN | 0,00 | 0,00 | NaN
  11 | 10,42 | 287,287 | 754,19 | 841,90 | 758,89 |  0,00 | 1,366 | 44,35 | 44,35 |  0,00 | 1,354 | 345,89 | 345,89 | 24,80 | 1199,032 | 265,97 | 353,68 |  0,00 | 295,045 | 97,97 | 97,97 | 600,983 |   NaN | NaN | 0,00 | 0,00 | NaN
  12 | 10,80 | 290,869 | 754,92 | 846,31 | 759,65 |  0,00 | 1,442 | 44,35 | 44,35 |  0,00 | 1,417 | 351,41 | 351,41 | 25,92 | 1236,575 | 261,18 | 352,57 |  0,00 | 296,389 | 97,97 | 97,97 | 609,158 |   NaN | NaN | 0,00 | 0,00 | NaN
  13 | 10,16 | 287,155 | 754,36 | 839,70 | 759,08 |  0,00 | 1,391 | 44,35 | 44,35 |  0,00 | 1,382 | 350,19 | 350,19 | 24,58 | 1217,298 | 261,85 | 347,18 |  0,00 | 294,168 | 97,97 | 97,97 | 604,063 |   NaN | NaN | 0,00 | 0,00 | NaN
  14 | 11,35 | 289,372 | 754,40 | 851,00 | 759,12 |  0,00 | 1,437 | 44,35 | 44,35 |  0,00 | 1,422 | 353,67 | 353,67 | 27,21 | 1242,138 | 258,41 | 355,01 |  0,00 | 298,936 | 97,97 | 97,97 | 609,050 |   NaN | NaN | 0,00 | 0,00 | NaN
  15 | 10,82 | 287,739 | 753,55 | 845,03 | 758,27 |  0,00 | 1,483 | 44,35 | 44,35 |  0,00 | 1,416 | 348,36 | 348,36 | 25,81 | 1213,237 | 262,87 | 354,34 |  0,00 | 299,232 | 97,97 | 97,97 | 607,573 |   NaN | NaN | 0,00 | 0,00 | NaN
  16 | 11,80 | 291,678 | 754,18 | 855,06 | 758,89 |  0,00 | 1,557 | 44,35 | 44,35 |  0,00 | 1,412 | 353,35 | 353,35 | 28,07 | 1250,599 | 258,50 | 359,38 |  0,00 | 303,927 | 97,97 | 97,97 | 606,812 |   NaN | NaN | 0,00 | 0,00 | NaN
  17 | 11,64 | 290,861 | 754,34 | 853,71 | 759,08 |  0,00 | 1,427 | 44,35 | 44,35 |  0,00 | 1,421 | 355,93 | 355,93 | 27,96 | 1259,998 | 256,09 | 355,46 |  0,00 | 299,099 | 97,97 | 97,97 | 613,733 |   NaN | NaN | 0,00 | 0,00 | NaN
  18 | 10,87 | 289,161 | 753,55 | 845,48 | 758,27 |  0,00 | 1,433 | 44,35 | 44,35 |  0,00 | 1,399 | 349,55 | 349,55 | 26,00 | 1226,789 | 261,68 | 353,61 |  0,00 | 291,911 | 97,97 | 97,97 | 598,994 |   NaN | NaN | 0,00 | 0,00 | NaN
  19 | 10,24 | 285,142 | 755,16 | 841,31 | 759,86 |  0,00 | 1,415 | 44,35 | 44,35 |  0,00 | 1,388 | 349,05 | 349,05 | 24,62 | 1197,522 | 263,79 | 349,94 |  0,00 | 305,865 | 97,97 | 97,97 | 602,672 |   NaN | NaN | 0,00 | 0,00 | NaN
  20 | 10,33 | 289,939 | 754,30 | 841,23 | 758,99 |  0,00 | 1,393 | 44,35 | 44,35 |  0,00 | 1,384 | 352,71 | 352,71 | 25,11 | 1240,633 | 259,27 | 346,20 |  0,00 | 298,406 | 97,97 | 97,97 | 608,402 |   NaN | NaN | 0,00 | 0,00 | NaN
  21 |  9,61 | 286,972 | 754,83 | 835,03 | 759,53 |  0,00 | 1,399 | 44,35 | 44,35 |  0,00 | 1,388 | 347,34 | 347,34 | 23,22 | 1205,671 | 265,16 | 345,36 |  0,00 | 274,539 | 97,97 | 97,97 | 571,913 |   NaN | NaN | 0,00 | 0,00 | NaN
  22 | 11,76 | 294,006 | 753,69 | 854,16 | 758,46 |  0,00 | 1,520 | 44,35 | 44,35 |  0,00 | 1,435 | 361,74 | 361,74 | 28,70 | 1304,458 | 249,62 | 350,10 |  0,00 | 307,043 | 97,97 | 97,97 | 629,385 |   NaN | NaN | 0,00 | 0,00 | NaN
  23 | 11,20 | 294,185 | 754,38 | 849,53 | 759,12 |  0,00 | 1,470 | 44,35 | 44,35 |  0,00 | 1,410 | 355,68 | 355,68 | 27,07 | 1273,535 | 256,38 | 351,53 |  0,00 | 300,906 | 97,97 | 97,97 | 613,291 |   NaN | NaN | 0,00 | 0,00 | NaN
  24 | 11,06 | 290,658 | 754,65 | 848,50 | 759,38 |  0,00 | 1,393 | 44,35 | 44,35 |  0,00 | 1,370 | 351,57 | 351,57 | 26,47 | 1236,495 | 260,76 | 354,60 |  0,00 | 302,770 | 97,97 | 97,97 | 621,463 |   NaN | NaN | 0,00 | 0,00 | NaN
  25 | 11,92 | 291,658 | 753,50 | 855,46 | 758,26 |  0,00 | 1,439 | 44,35 | 44,35 |  0,00 | 1,429 | 353,77 | 353,77 | 28,37 | 1254,036 | 257,41 | 359,36 |  0,00 | 309,290 | 97,97 | 97,97 | 617,781 |   NaN | NaN | 0,00 | 0,00 | NaN
  26 | 10,80 | 288,464 | 753,82 | 845,08 | 758,56 |  0,00 | 1,456 | 44,35 | 44,35 |  0,00 | 1,424 | 351,22 | 351,22 | 25,96 | 1226,593 | 260,28 | 351,54 |  0,00 | 308,201 | 97,97 | 97,97 | 616,136 |   NaN | NaN | 0,00 | 0,00 | NaN
  27 | 10,59 | 288,143 | 753,99 | 843,28 | 758,71 |  0,00 | 1,463 | 44,35 | 44,35 |  0,00 | 1,353 | 351,94 | 351,94 | 25,58 | 1230,793 | 259,72 | 349,01 |  0,00 | 295,771 | 97,97 | 97,97 | 610,797 |   NaN | NaN | 0,00 | 0,00 | NaN
  28 | 10,46 | 288,835 | 754,75 | 842,89 | 759,48 |  0,00 | 1,440 | 44,35 | 44,35 |  0,00 | 1,418 | 353,61 | 353,61 | 25,40 | 1237,779 | 258,81 | 346,95 |  0,00 | 300,567 | 97,97 | 97,97 | 608,765 |   NaN | NaN | 0,00 | 0,00 | NaN
  29 | 11,46 | 293,016 | 754,67 | 852,38 | 759,37 |  0,00 | 1,411 | 44,35 | 44,35 |  0,00 | 1,397 | 355,10 | 355,10 | 27,53 | 1264,011 | 257,25 | 354,95 |  0,00 | 300,164 | 97,97 | 97,97 | 616,289 |   NaN | NaN | 0,00 | 0,00 | NaN
  30 | 10,69 | 292,814 | 755,09 | 845,47 | 759,81 |  0,00 | 1,443 | 44,35 | 44,35 |  0,00 | 1,427 | 351,37 | 351,37 | 25,69 | 1246,195 | 261,40 | 351,78 |  0,00 | 290,677 | 97,97 | 97,97 | 594,871 |   NaN | NaN | 0,00 | 0,00 | NaN
  31 | 10,71 | 290,000 | 754,78 | 845,33 | 759,47 |  0,00 | 1,412 | 44,35 | 44,35 |  0,00 | 1,394 | 352,34 | 352,34 | 25,82 | 1240,547 | 260,12 | 350,67 |  0,00 | 285,412 | 97,97 | 97,97 | 586,616 |   NaN | NaN | 0,00 | 0,00 | NaN
  32 | 10,97 | 292,193 | 754,59 | 847,56 | 759,29 |  0,00 | 1,811 | 44,35 | 44,35 |  0,00 | 1,393 | 351,10 | 351,10 | 26,25 | 1241,318 | 261,17 | 354,14 |  0,00 | 297,357 | 97,97 | 97,97 | 615,660 |   NaN | NaN | 0,00 | 0,00 | NaN
  33 | 10,33 | 285,271 | 754,73 | 841,71 | 759,42 |  0,00 | 1,439 | 44,35 | 44,35 |  0,00 | 1,414 | 349,03 | 349,03 | 24,83 | 1204,104 | 263,37 | 350,35 |  0,00 | 284,779 | 97,97 | 97,97 | 577,071 |   NaN | NaN | 0,00 | 0,00 | NaN
  34 | 10,27 | 292,049 | 756,00 | 842,57 | 760,67 |  0,00 | 1,424 | 44,35 | 44,35 |  0,00 | 1,406 | 352,48 | 352,48 | 24,89 | 1245,205 | 261,20 | 347,76 |  0,00 | 287,848 | 97,97 | 97,97 | 583,513 |   NaN | NaN | 0,00 | 0,00 | NaN
  35 | 11,47 | 289,997 | 755,78 | 853,68 | 760,49 |  0,00 | 1,363 | 44,35 | 44,35 |  0,00 | 1,355 | 354,44 | 354,44 | 27,43 | 1244,194 | 259,01 | 356,91 |  0,00 | 296,354 | 97,97 | 97,97 | 595,824 |   NaN | NaN | 0,00 | 0,00 | NaN
  36 | 10,55 | 291,147 | 754,69 | 843,69 | 759,39 |  0,00 | 1,415 | 44,35 | 44,35 |  0,00 | 1,410 | 346,65 | 346,65 | 25,09 | 1220,376 | 265,72 | 354,72 |  0,00 | 278,409 | 97,97 | 97,97 | 576,310 |   NaN | NaN | 0,00 | 0,00 | NaN
  37 | 11,64 | 293,702 | 754,32 | 853,67 | 759,05 |  0,00 | 1,430 | 44,35 | 44,35 |  0,00 | 1,398 | 358,65 | 358,65 | 28,17 | 1284,592 | 253,34 | 352,69 |  0,00 | 310,357 | 97,97 | 97,97 | 625,050 |   NaN | NaN | 0,00 | 0,00 | NaN
  38 | 11,32 | 292,587 | 754,90 | 851,30 | 759,60 |  0,00 | 1,392 | 44,35 | 44,35 |  0,00 | 1,383 | 355,71 | 355,71 | 27,29 | 1265,528 | 256,87 | 353,27 |  0,00 | 296,561 | 97,97 | 97,97 | 613,510 |   NaN | NaN | 0,00 | 0,00 | NaN
  39 |  9,84 | 288,788 | 754,71 | 837,11 | 759,45 |  0,00 | 1,447 | 44,35 | 44,35 |  0,00 | 1,429 | 347,65 | 347,65 | 23,74 | 1212,275 | 264,74 | 347,13 |  0,00 | 289,286 | 97,97 | 97,97 | 593,022 |   NaN | NaN | 0,00 | 0,00 | NaN
  40 |  9,95 | 284,095 | 754,92 | 838,37 | 759,67 |  0,00 | 1,442 | 44,35 | 44,35 |  0,00 | 1,427 | 350,72 | 350,72 | 24,17 | 1203,082 | 261,88 | 345,33 |  0,00 | 300,198 | 97,97 | 97,97 | 604,024 |   NaN | NaN | 0,00 | 0,00 | NaN
  41 | 11,23 | 290,714 | 754,28 | 849,67 | 758,99 |  0,00 | 1,441 | 44,35 | 44,35 |  0,00 | 1,411 | 349,11 | 349,11 | 26,63 | 1229,317 | 262,85 | 358,24 |  0,00 | 286,572 | 97,97 | 97,97 | 583,120 |   NaN | NaN | 0,00 | 0,00 | NaN
  42 | 11,58 | 293,074 | 755,11 | 853,96 | 759,83 |  0,00 | 1,424 | 44,35 | 44,35 |  0,00 | 1,359 | 355,99 | 355,99 | 27,80 | 1268,159 | 256,79 | 355,64 |  0,00 | 295,904 | 97,97 | 97,97 | 606,719 |   NaN | NaN | 0,00 | 0,00 | NaN
  43 | 11,57 | 292,384 | 754,77 | 853,51 | 759,49 |  0,00 | 1,441 | 44,35 | 44,35 |  0,00 | 1,435 | 355,10 | 355,10 | 27,73 | 1258,564 | 257,34 | 356,08 |  0,00 | 312,689 | 97,97 | 97,97 | 621,607 |   NaN | NaN | 0,00 | 0,00 | NaN
  44 | 11,46 | 293,138 | 754,69 | 852,33 | 759,37 |  0,00 | 1,354 | 44,35 | 44,35 |  0,00 | 1,346 | 352,69 | 352,69 | 27,33 | 1256,268 | 259,68 | 357,32 |  0,00 | 285,480 | 97,97 | 97,97 | 580,521 |   NaN | NaN | 0,00 | 0,00 | NaN
  45 | 11,09 | 294,276 | 753,22 | 847,16 | 757,93 |  0,00 | 1,489 | 44,35 | 44,35 |  0,00 | 1,430 | 356,87 | 356,87 | 27,00 | 1283,356 | 254,02 | 347,97 |  0,00 | 301,829 | 97,97 | 97,97 | 610,797 |   NaN | NaN | 0,00 | 0,00 | NaN
  46 | 11,05 | 286,090 | 755,08 | 848,86 | 759,77 |  0,00 | 1,406 | 44,35 | 44,35 |  0,00 | 1,372 | 350,44 | 350,44 | 26,34 | 1212,439 | 262,31 | 356,09 |  0,00 | 289,759 | 97,97 | 97,97 | 582,170 |   NaN | NaN | 0,00 | 0,00 | NaN
  47 | 10,47 | 285,611 | 754,18 | 842,33 | 758,91 |  0,00 | 1,377 | 44,35 | 44,35 |  0,00 | 1,366 | 351,48 | 351,48 | 25,29 | 1214,466 | 260,37 | 348,52 |  0,00 | 307,335 | 97,97 | 97,97 | 619,536 |   NaN | NaN | 0,00 | 0,00 | NaN
  48 | 10,61 | 288,975 | 754,38 | 843,92 | 759,07 |  0,00 | 1,483 | 44,35 | 44,35 |  0,00 | 1,406 | 351,18 | 351,18 | 25,55 | 1232,442 | 260,88 | 350,41 |  0,00 | 279,584 | 97,97 | 97,97 | 584,827 |   NaN | NaN | 0,00 | 0,00 | NaN
  49 | 10,45 | 286,520 | 753,90 | 841,91 | 758,59 |  0,00 | 1,580 | 44,35 | 44,35 |  0,00 | 1,410 | 350,02 | 350,02 | 25,18 | 1213,452 | 261,56 | 349,56 |  0,00 | 300,281 | 97,97 | 97,97 | 605,537 |   NaN | NaN | 0,00 | 0,00 | NaN
  50 | 10,79 | 290,542 | 754,55 | 845,80 | 759,27 |  0,00 | 1,376 | 44,35 | 44,35 |  0,00 | 1,365 | 353,17 | 353,17 | 26,05 | 1242,722 | 259,06 | 350,31 |  0,00 | 307,439 | 97,97 | 97,97 | 621,378 |   NaN | NaN | 0,00 | 0,00 | NaN
  51 | 11,10 | 292,007 | 753,51 | 847,56 | 758,23 |  0,00 | 1,371 | 44,35 | 44,35 |  0,00 | 1,362 | 352,48 | 352,48 | 26,66 | 1253,859 | 258,71 | 352,76 |  0,00 | 288,912 | 97,97 | 97,97 | 599,106 |   NaN | NaN | 0,00 | 0,00 | NaN
  52 | 11,07 | 291,872 | 754,53 | 848,47 | 759,26 |  0,00 | 1,405 | 44,35 | 44,35 |  0,00 | 1,389 | 348,31 | 348,31 | 26,25 | 1229,290 | 263,90 | 357,84 |  0,00 | 290,287 | 97,97 | 97,97 | 590,860 |   NaN | NaN | 0,00 | 0,00 | NaN
  53 | 10,97 | 286,357 | 753,95 | 846,82 | 758,66 |  0,00 | 1,393 | 44,35 | 44,35 |  0,00 | 1,375 | 353,33 | 353,33 | 26,45 | 1228,606 | 258,29 | 351,16 |  0,00 | 301,254 | 97,97 | 97,97 | 605,380 |   NaN | NaN | 0,00 | 0,00 | NaN
  54 | 10,36 | 293,240 | 755,26 | 842,54 | 759,97 |  0,00 | 1,631 | 44,35 | 44,35 |  0,00 | 1,388 | 352,20 | 352,20 | 25,08 | 1250,782 | 260,74 | 348,01 |  0,00 | 290,253 | 97,97 | 97,97 | 606,807 |   NaN | NaN | 0,00 | 0,00 | NaN
  55 | 10,50 | 292,342 | 754,43 | 842,94 | 759,14 |  0,00 | 1,368 | 44,35 | 44,35 |  0,00 | 1,362 | 349,84 | 349,84 | 25,23 | 1237,510 | 262,26 | 350,77 |  0,00 | 300,679 | 97,97 | 97,97 | 603,171 |   NaN | NaN | 0,00 | 0,00 | NaN
  56 | 10,21 | 290,887 | 754,62 | 840,39 | 759,32 |  0,00 | 1,433 | 44,35 | 44,35 |  0,00 | 1,370 | 348,82 | 348,82 | 24,56 | 1226,294 | 263,48 | 349,25 |  0,00 | 294,442 | 97,97 | 97,97 | 607,189 |   NaN | NaN | 0,00 | 0,00 | NaN
  57 | 10,61 | 283,874 | 754,56 | 844,09 | 759,24 |  0,00 | 1,408 | 44,35 | 44,35 |  0,00 | 1,366 | 349,89 | 349,89 | 25,44 | 1199,555 | 262,34 | 351,87 |  0,00 | 296,331 | 97,97 | 97,97 | 605,497 |   NaN | NaN | 0,00 | 0,00 | NaN
  58 | 11,16 | 294,672 | 754,94 | 849,78 | 759,65 |  0,00 | 1,402 | 44,35 | 44,35 |  0,00 | 1,396 | 355,37 | 355,37 | 26,94 | 1274,103 | 257,25 | 352,09 |  0,00 | 289,453 | 97,97 | 97,97 | 595,799 |   NaN | NaN | 0,00 | 0,00 | NaN
  59 | 11,46 | 289,214 | 754,74 | 852,46 | 759,48 |  0,00 | 1,423 | 44,35 | 44,35 |  0,00 | 1,413 | 350,99 | 350,99 | 27,21 | 1229,403 | 261,43 | 359,15 |  0,00 | 289,003 | 97,97 | 97,97 | 598,298 |   NaN | NaN | 0,00 | 0,00 | NaN
  60 | 11,06 | 289,813 | 753,96 | 847,70 | 758,63 |  0,00 | 1,360 | 44,35 | 44,35 |  0,00 | 1,349 | 353,88 | 353,88 | 26,67 | 1247,857 | 257,76 | 351,49 |  0,00 | 296,540 | 97,97 | 97,97 | 602,268 |   NaN | NaN | 0,00 | 0,00 | NaN
  61 | 11,45 | 297,393 | 753,26 | 850,69 | 757,97 |  0,00 | 1,654 | 44,35 | 44,35 |  0,00 | 1,385 | 354,69 | 354,69 | 27,55 | 1282,665 | 256,24 | 353,67 |  0,00 | 319,382 | 97,97 | 97,97 | 648,818 |   NaN | NaN | 0,00 | 0,00 | NaN
  62 | 11,13 | 290,380 | 753,86 | 848,26 | 758,60 |  0,00 | 1,462 | 44,35 | 44,35 |  0,00 | 1,434 | 351,37 | 351,37 | 26,62 | 1237,792 | 260,16 | 354,56 |  0,00 | 298,348 | 97,97 | 97,97 | 603,459 |   NaN | NaN | 0,00 | 0,00 | NaN
  63 | 10,84 | 289,227 | 754,50 | 846,19 | 759,20 |  0,00 | 1,394 | 44,35 | 44,35 |  0,00 | 1,388 | 354,24 | 354,24 | 26,23 | 1244,257 | 257,93 | 349,63 |  0,00 | 299,398 | 97,97 | 97,97 | 595,945 |   NaN | NaN | 0,00 | 0,00 | NaN
  64 | 10,06 | 283,431 | 754,80 | 839,21 | 759,55 |  0,00 | 1,438 | 44,35 | 44,35 |  0,00 | 1,430 | 349,11 | 349,11 | 24,27 | 1193,461 | 263,37 | 347,78 |  0,00 | 296,379 | 97,97 | 97,97 | 597,674 |   NaN | NaN | 0,00 | 0,00 | NaN

= = = = = = = = = = = = AVERAGE RESULTS system = = = = = = = = = = = =
meanPLR_system | 10,914902 
meanDelay_system | 289,933611 
meanLoad_system | 846,961214 
meanTHR_system | 754,491400 
meanGate_system | 759,204910 

meanPLR_EF_system | 0,000000 
meanPLR_AF_system | 0,000000 
meanPLR_BE_system | 26,253045 
meanPLR_FLA_system | 0,000000 
meanPLR_FLB_system | NaN 

meanTHR_EF_system | 44,352002 
meanTHR_AF_system | 352,514179 
meanTHR_BE_system | 259,651733 
meanTHR_FLA_system | 100,020477 
meanTHR_FLB_system | 0,000000 

meanLoad_EF_system | 44,352002 
meanLoad_AF_system | 352,514179 
meanLoad_BE_system | 352,121547 
meanLoad_FLA_system | 100,020477 
meanLoad_FLB_system | 0,000000 

meanDELAY_EF_system | 1,440790 
meanDELAY_AF_system | 1,394410 
meanDELAY_BE_system | 1239,539964 
meanDELAY_FLA_system | 297,178319 
meanDELAY_FLB_system | NaN 
meanDELAY_CompleteFLA_system | 604,763160 
meanDELAY_CompleteFLB_system | NaN 

= = = = = = = = = = = = AVERAGE RESULTS = = = = = = = = = = = =
Packet Loss Ratio: 10,92 (%)
PROCESSED PACKAGES: 1722012118 
DISCARTED PACKAGES: 135705662 
TOTAL PACKAGES: 1857717780 
AVERAGE DELAY: 53218,20 (ms) 
AVERAGE THROUGHPUT: 754,49 (Mbps) 
GRANTED THROUGHPUT: 48589,11 (Mbps) By 64 ONUs
EFFECTIVE THROUGHPUT: 48287,45 (Mbps) By 64 ONUs
TOTAL LOAD: 54205,52 (Mbps) By 64 ONUs
ON Arrival THROUGHPUT: 0,00 (Mbps) By 64 ONUs
FINISHTIMEFL: 143,586598 
FINISHTIME: 146,586598 


fileName | IPACT_STRICTPRIORITYFIRSTAF_1_68_94_0 
