
ONU ID 	|  PLR(%) | Delay(ms) | Throughput(Mbps) | Granted Throughput(Mbps) | Total Load (Mbps) 

  ID |  PLR(%) |  D  | Thr |  Gates  |  Load  | PLR-EF | D-EF | ThrEF | LoadEF | PLR-AF | D-AF | ThrAF | LoadAF | PLR-BE | D-BE | ThrBE | LoadBE | PLR-FA | D-FA | ThrFA | LoadFA | DTFA |  PLR-FB | D-FB | ThrFB | LoadFB | DTFB | 
   1 |  0,00 | 1,021 | 653,82 | 653,82 | 680,12 |  0,00 | 0,351 | 44,35 | 44,35 |  0,00 | 0,792 | 285,18 | 285,18 |  0,00 | 0,948 | 277,02 | 277,02 |  0,00 | 17,909 | 47,27 | 47,27 | 59,370 |   NaN | NaN | 0,00 | 0,00 | NaN
   2 |  0,00 | 1,579 | 655,38 | 655,38 | 684,54 |  0,00 | 0,363 | 44,35 | 44,35 |  0,00 | 1,237 | 283,04 | 283,04 |  0,00 | 1,597 | 280,72 | 280,72 |  0,00 | 29,681 | 47,27 | 47,27 | 81,336 |   NaN | NaN | 0,00 | 0,00 | NaN
   3 |  0,00 | 1,401 | 650,53 | 650,53 | 674,99 |  0,00 | 0,300 | 44,35 | 44,35 |  0,00 | 1,015 | 280,56 | 280,56 |  0,00 | 1,249 | 278,36 | 278,36 |  0,00 | 29,531 | 47,27 | 47,27 | 73,250 |   NaN | NaN | 0,00 | 0,00 | NaN
   4 |  0,00 | 0,955 | 658,17 | 658,17 | 682,76 |  0,00 | 0,305 | 44,35 | 44,35 |  0,00 | 0,671 | 286,03 | 286,03 |  0,00 | 0,937 | 280,52 | 280,52 |  0,00 | 17,470 | 47,27 | 47,27 | 55,543 |   NaN | NaN | 0,00 | 0,00 | NaN
   5 |  0,00 | 1,193 | 653,26 | 653,26 | 677,99 |  0,00 | 0,331 | 44,35 | 44,35 |  0,00 | 0,881 | 281,06 | 281,06 |  0,00 | 1,275 | 280,58 | 280,58 |  0,00 | 21,100 | 47,27 | 47,27 | 64,603 |   NaN | NaN | 0,00 | 0,00 | NaN
   6 |  0,00 | 0,967 | 658,02 | 658,02 | 682,61 |  0,00 | 0,279 | 44,35 | 44,35 |  0,00 | 0,683 | 284,50 | 284,50 |  0,00 | 1,037 | 281,90 | 281,90 |  0,00 | 17,229 | 47,27 | 47,27 | 55,865 |   NaN | NaN | 0,00 | 0,00 | NaN
   7 |  0,00 | 1,261 | 654,02 | 654,02 | 678,52 |  0,00 | 0,298 | 44,35 | 44,35 |  0,00 | 0,954 | 281,89 | 281,89 |  0,00 | 1,241 | 280,51 | 280,51 |  0,00 | 24,315 | 47,27 | 47,27 | 69,687 |   NaN | NaN | 0,00 | 0,00 | NaN
   8 |  0,00 | 1,087 | 655,24 | 655,24 | 681,09 |  0,00 | 0,348 | 44,35 | 44,35 |  0,00 | 0,806 | 280,21 | 280,21 |  0,00 | 1,069 | 283,42 | 283,42 |  0,00 | 19,285 | 47,27 | 47,27 | 60,288 |   NaN | NaN | 0,00 | 0,00 | NaN
   9 |  0,00 | 0,931 | 657,20 | 657,20 | 681,81 |  0,00 | 0,288 | 44,35 | 44,35 |  0,00 | 0,609 | 283,96 | 283,96 |  0,00 | 1,045 | 281,62 | 281,62 |  0,00 | 16,230 | 47,27 | 47,27 | 53,587 |   NaN | NaN | 0,00 | 0,00 | NaN
  10 |  0,00 | 1,096 | 652,54 | 652,54 | 678,40 |  0,00 | 0,349 | 44,35 | 44,35 |  0,00 | 0,760 | 280,73 | 280,73 |  0,00 | 0,980 | 280,20 | 280,20 |  0,00 | 21,166 | 47,27 | 47,27 | 61,750 |   NaN | NaN | 0,00 | 0,00 | NaN
  11 |  0,00 | 9,949 | 651,78 | 651,78 | 676,15 |  0,00 | 0,288 | 44,35 | 44,35 |  0,00 | 7,696 | 278,07 | 278,07 |  0,00 | 22,475 | 282,09 | 282,09 |  0,00 | 88,250 | 47,27 | 47,27 | 211,710 |   NaN | NaN | 0,00 | 0,00 | NaN
  12 |  0,00 | 0,982 | 652,79 | 652,79 | 679,04 |  0,00 | 0,351 | 44,35 | 44,35 |  0,00 | 0,730 | 279,98 | 279,98 |  0,00 | 0,892 | 281,19 | 281,19 |  0,00 | 17,512 | 47,27 | 47,27 | 56,376 |   NaN | NaN | 0,00 | 0,00 | NaN
  13 |  0,00 | 1,523 | 648,98 | 648,98 | 673,40 |  0,00 | 0,315 | 44,35 | 44,35 |  0,00 | 1,129 | 279,21 | 279,21 |  0,00 | 1,629 | 278,15 | 278,15 |  0,00 | 29,019 | 47,27 | 47,27 | 79,994 |   NaN | NaN | 0,00 | 0,00 | NaN
  14 |  0,00 | 1,197 | 655,93 | 655,93 | 683,30 |  0,00 | 0,357 | 44,35 | 44,35 |  0,00 | 0,869 | 281,38 | 281,38 |  0,00 | 1,059 | 282,93 | 282,93 |  0,00 | 23,313 | 47,27 | 47,27 | 65,345 |   NaN | NaN | 0,00 | 0,00 | NaN
  15 |  0,00 | 1,155 | 652,54 | 652,54 | 678,75 |  0,00 | 0,350 | 44,35 | 44,35 |  0,00 | 0,896 | 277,46 | 277,46 |  0,00 | 1,230 | 283,47 | 283,47 |  0,00 | 19,325 | 47,27 | 47,27 | 63,155 |   NaN | NaN | 0,00 | 0,00 | NaN
  16 |  0,00 | 1,012 | 661,57 | 661,57 | 686,75 |  0,00 | 0,342 | 44,35 | 44,35 |  0,00 | 0,773 | 282,88 | 282,88 |  0,00 | 0,998 | 287,07 | 287,07 |  0,00 | 17,362 | 47,27 | 47,27 | 56,716 |   NaN | NaN | 0,00 | 0,00 | NaN
  17 |  0,00 | 1,058 | 657,42 | 657,42 | 684,46 |  0,00 | 0,355 | 44,35 | 44,35 |  0,00 | 0,767 | 283,54 | 283,54 |  0,00 | 0,976 | 282,26 | 282,26 |  0,00 | 19,389 | 47,27 | 47,27 | 58,532 |   NaN | NaN | 0,00 | 0,00 | NaN
  18 |  0,00 | 2,030 | 650,87 | 650,87 | 675,33 |  0,00 | 0,331 | 44,35 | 44,35 |  0,00 | 1,705 | 278,71 | 278,71 |  0,00 | 2,432 | 280,54 | 280,54 |  0,00 | 35,288 | 47,27 | 47,27 | 93,704 |   NaN | NaN | 0,00 | 0,00 | NaN
  19 |  0,00 | 7,425 | 647,50 | 647,50 | 672,00 |  0,00 | 0,322 | 44,35 | 44,35 |  0,00 | 6,798 | 277,11 | 277,11 |  0,00 | 12,116 | 278,77 | 278,77 |  0,00 | 105,035 | 47,27 | 47,27 | 223,604 |   NaN | NaN | 0,00 | 0,00 | NaN
  20 |  0,00 | 7,671 | 650,75 | 650,75 | 675,11 |  0,00 | 0,318 | 44,35 | 44,35 |  0,00 | 5,704 | 282,11 | 282,11 |  0,00 | 16,910 | 277,02 | 277,02 |  0,00 | 75,589 | 47,27 | 47,27 | 184,931 |   NaN | NaN | 0,00 | 0,00 | NaN
  21 |  0,00 | 0,978 | 643,82 | 643,82 | 668,46 |  0,00 | 0,322 | 44,35 | 44,35 |  0,00 | 0,693 | 276,13 | 276,13 |  0,00 | 0,930 | 276,07 | 276,07 |  0,00 | 17,804 | 47,27 | 47,27 | 56,923 |   NaN | NaN | 0,00 | 0,00 | NaN
  22 |  0,00 | 1,351 | 659,24 | 659,24 | 687,81 |  0,00 | 0,361 | 44,35 | 44,35 |  0,00 | 1,007 | 287,66 | 287,66 |  0,00 | 1,244 | 279,95 | 279,95 |  0,00 | 26,425 | 47,27 | 47,27 | 68,272 |   NaN | NaN | 0,00 | 0,00 | NaN
  23 |  0,00 | 11,228 | 655,12 | 655,12 | 680,15 |  0,00 | 0,343 | 44,35 | 44,35 |  0,00 | 10,891 | 282,14 | 282,14 |  0,00 | 22,070 | 281,36 | 281,36 |  0,00 | 112,304 | 47,27 | 47,27 | 243,670 |   NaN | NaN | 0,00 | 0,00 | NaN
  24 |  0,00 | 1,536 | 654,67 | 654,67 | 679,06 |  0,00 | 0,305 | 44,35 | 44,35 |  0,00 | 1,197 | 280,77 | 280,77 |  0,00 | 1,607 | 282,28 | 282,28 |  0,00 | 29,286 | 47,27 | 47,27 | 80,745 |   NaN | NaN | 0,00 | 0,00 | NaN
  25 |  0,00 | 1,037 | 659,26 | 659,26 | 688,33 |  0,00 | 0,362 | 44,35 | 44,35 |  0,00 | 0,765 | 281,40 | 281,40 |  0,00 | 1,069 | 286,25 | 286,25 |  0,00 | 17,276 | 47,27 | 47,27 | 55,664 |   NaN | NaN | 0,00 | 0,00 | NaN
  26 |  0,00 | 1,280 | 652,38 | 652,38 | 680,17 |  0,00 | 0,359 | 44,35 | 44,35 |  0,00 | 0,947 | 281,60 | 281,60 |  0,00 | 1,156 | 279,16 | 279,16 |  0,00 | 24,913 | 47,27 | 47,27 | 68,765 |   NaN | NaN | 0,00 | 0,00 | NaN
  27 |  0,00 | 1,723 | 649,91 | 649,91 | 674,27 |  0,00 | 0,285 | 44,35 | 44,35 |  0,00 | 1,262 | 281,06 | 281,06 |  0,00 | 1,961 | 277,23 | 277,23 |  0,00 | 33,165 | 47,27 | 47,27 | 89,112 |   NaN | NaN | 0,00 | 0,00 | NaN
  28 |  0,00 | 11,057 | 648,41 | 648,41 | 674,49 |  0,00 | 0,351 | 44,35 | 44,35 |  0,00 | 9,978 | 280,13 | 280,13 |  0,00 | 22,510 | 276,67 | 276,67 |  0,00 | 112,087 | 47,27 | 47,27 | 243,606 |   NaN | NaN | 0,00 | 0,00 | NaN
  29 |  0,00 | 11,410 | 657,51 | 657,51 | 682,04 |  0,00 | 0,330 | 44,35 | 44,35 |  0,00 | 9,533 | 282,68 | 282,68 |  0,00 | 25,310 | 283,21 | 283,21 |  0,00 | 98,424 | 47,27 | 47,27 | 228,121 |   NaN | NaN | 0,00 | 0,00 | NaN
  30 |  0,00 | 4,296 | 650,44 | 650,44 | 678,94 |  0,00 | 0,361 | 44,35 | 44,35 |  0,00 | 3,231 | 278,46 | 278,46 |  0,00 | 8,331 | 280,36 | 280,36 |  0,00 | 50,138 | 47,27 | 47,27 | 131,809 |   NaN | NaN | 0,00 | 0,00 | NaN
  31 |  0,00 | 10,876 | 652,32 | 652,32 | 676,80 |  0,00 | 0,328 | 44,35 | 44,35 |  0,00 | 9,653 | 282,84 | 282,84 |  0,00 | 22,085 | 277,85 | 277,85 |  0,00 | 112,582 | 47,27 | 47,27 | 244,032 |   NaN | NaN | 0,00 | 0,00 | NaN
  32 |  0,00 | 10,170 | 656,17 | 656,17 | 680,51 |  0,00 | 0,284 | 44,35 | 44,35 |  0,00 | 8,011 | 282,00 | 282,00 |  0,00 | 23,202 | 282,55 | 282,55 |  0,00 | 86,402 | 47,27 | 47,27 | 208,144 |   NaN | NaN | 0,00 | 0,00 | NaN
  33 |  0,00 | 6,859 | 651,71 | 651,71 | 677,49 |  0,00 | 0,350 | 44,35 | 44,35 |  0,00 | 4,974 | 280,14 | 280,14 |  0,00 | 15,220 | 279,96 | 279,96 |  0,00 | 65,538 | 47,27 | 47,27 | 165,497 |   NaN | NaN | 0,00 | 0,00 | NaN
  34 |  0,00 | 1,350 | 650,46 | 650,46 | 675,48 |  0,00 | 0,341 | 44,35 | 44,35 |  0,00 | 1,041 | 280,08 | 280,08 |  0,00 | 1,726 | 278,76 | 278,76 |  0,00 | 20,911 | 47,27 | 47,27 | 67,098 |   NaN | NaN | 0,00 | 0,00 | NaN
  35 |  0,00 | 0,909 | 658,43 | 658,43 | 683,05 |  0,00 | 0,290 | 44,35 | 44,35 |  0,00 | 0,647 | 283,63 | 283,63 |  0,00 | 0,933 | 283,19 | 283,19 |  0,00 | 16,064 | 47,27 | 47,27 | 53,539 |   NaN | NaN | 0,00 | 0,00 | NaN
  36 |  0,00 | 1,552 | 651,96 | 651,96 | 677,13 |  0,00 | 0,343 | 44,35 | 44,35 |  0,00 | 1,142 | 277,46 | 277,46 |  0,00 | 1,727 | 282,89 | 282,89 |  0,00 | 28,433 | 47,27 | 47,27 | 80,228 |   NaN | NaN | 0,00 | 0,00 | NaN
  37 |  0,00 | 9,713 | 658,63 | 658,63 | 683,09 |  0,00 | 0,326 | 44,35 | 44,35 |  0,00 | 8,314 | 284,93 | 284,93 |  0,00 | 21,167 | 282,08 | 282,08 |  0,00 | 85,545 | 47,27 | 47,27 | 206,907 |   NaN | NaN | 0,00 | 0,00 | NaN
  38 |  0,00 | 3,155 | 657,36 | 657,36 | 681,73 |  0,00 | 0,317 | 44,35 | 44,35 |  0,00 | 2,232 | 283,90 | 283,90 |  0,00 | 5,615 | 281,85 | 281,85 |  0,00 | 42,993 | 47,27 | 47,27 | 111,944 |   NaN | NaN | 0,00 | 0,00 | NaN
  39 |  0,00 | 7,390 | 645,42 | 645,42 | 673,87 |  0,00 | 0,361 | 44,35 | 44,35 |  0,00 | 5,436 | 277,92 | 277,92 |  0,00 | 16,534 | 275,88 | 275,88 |  0,00 | 69,851 | 47,27 | 47,27 | 173,435 |   NaN | NaN | 0,00 | 0,00 | NaN
  40 |  0,00 | 1,999 | 647,87 | 647,87 | 676,28 |  0,00 | 0,361 | 44,35 | 44,35 |  0,00 | 1,477 | 280,38 | 280,38 |  0,00 | 2,540 | 275,87 | 275,87 |  0,00 | 34,819 | 47,27 | 47,27 | 93,210 |   NaN | NaN | 0,00 | 0,00 | NaN
  41 |  0,00 | 12,238 | 657,94 | 657,94 | 683,15 |  0,00 | 0,344 | 44,35 | 44,35 |  0,00 | 11,427 | 279,44 | 279,44 |  0,00 | 25,556 | 286,87 | 286,87 |  0,00 | 108,162 | 47,27 | 47,27 | 240,624 |   NaN | NaN | 0,00 | 0,00 | NaN
  42 |  0,00 | 10,753 | 660,30 | 660,30 | 684,67 |  0,00 | 0,290 | 44,35 | 44,35 |  0,00 | 8,461 | 284,22 | 284,22 |  0,00 | 23,856 | 284,46 | 284,46 |  0,00 | 98,537 | 47,27 | 47,27 | 228,324 |   NaN | NaN | 0,00 | 0,00 | NaN
  43 |  0,00 | 7,707 | 661,10 | 661,10 | 689,10 |  0,00 | 0,368 | 44,35 | 44,35 |  0,00 | 5,367 | 285,45 | 285,45 |  0,00 | 17,383 | 284,04 | 284,04 |  0,00 | 72,306 | 47,27 | 47,27 | 177,526 |   NaN | NaN | 0,00 | 0,00 | NaN
  44 |  0,00 | 10,914 | 657,44 | 657,44 | 681,77 |  0,00 | 0,280 | 44,35 | 44,35 |  0,00 | 9,692 | 281,71 | 281,71 |  0,00 | 22,212 | 284,11 | 284,11 |  0,00 | 110,476 | 47,27 | 47,27 | 242,879 |   NaN | NaN | 0,00 | 0,00 | NaN
  45 |  0,00 | 11,278 | 652,79 | 652,79 | 682,39 |  0,00 | 0,364 | 44,35 | 44,35 |  0,00 | 10,271 | 284,20 | 284,20 |  0,00 | 24,052 | 276,97 | 276,97 |  0,00 | 101,092 | 47,27 | 47,27 | 231,719 |   NaN | NaN | 0,00 | 0,00 | NaN
  46 |  0,00 | 7,970 | 653,40 | 653,40 | 677,75 |  0,00 | 0,304 | 44,35 | 44,35 |  0,00 | 5,607 | 279,02 | 279,02 |  0,00 | 18,079 | 282,77 | 282,77 |  0,00 | 74,443 | 47,27 | 47,27 | 183,073 |   NaN | NaN | 0,00 | 0,00 | NaN
  47 |  0,00 | 10,935 | 651,15 | 651,15 | 675,51 |  0,00 | 0,301 | 44,35 | 44,35 |  0,00 | 9,592 | 280,25 | 280,25 |  0,00 | 22,372 | 279,29 | 279,29 |  0,00 | 112,381 | 47,27 | 47,27 | 243,267 |   NaN | NaN | 0,00 | 0,00 | NaN
  48 |  0,00 | 11,291 | 651,42 | 651,42 | 676,01 |  0,00 | 0,331 | 44,35 | 44,35 |  0,00 | 10,085 | 280,20 | 280,20 |  0,00 | 23,370 | 279,60 | 279,60 |  0,00 | 110,507 | 47,27 | 47,27 | 242,900 |   NaN | NaN | 0,00 | 0,00 | NaN
  49 |  0,00 | 11,895 | 651,21 | 651,21 | 676,32 |  0,00 | 0,343 | 44,35 | 44,35 |  0,00 | 11,207 | 280,56 | 280,56 |  0,00 | 24,413 | 279,04 | 279,04 |  0,00 | 112,555 | 47,27 | 47,27 | 243,515 |   NaN | NaN | 0,00 | 0,00 | NaN
  50 |  0,00 | 7,342 | 653,60 | 653,60 | 677,97 |  0,00 | 0,298 | 44,35 | 44,35 |  0,00 | 5,160 | 281,94 | 281,94 |  0,00 | 16,745 | 280,04 | 280,04 |  0,00 | 68,505 | 47,27 | 47,27 | 170,483 |   NaN | NaN | 0,00 | 0,00 | NaN
  51 |  0,00 | 10,861 | 654,40 | 654,40 | 678,78 |  0,00 | 0,296 | 44,35 | 44,35 |  0,00 | 9,777 | 280,29 | 280,29 |  0,00 | 22,154 | 282,49 | 282,49 |  0,00 | 108,200 | 47,27 | 47,27 | 240,187 |   NaN | NaN | 0,00 | 0,00 | NaN
  52 |  0,00 | 12,035 | 654,35 | 654,35 | 678,80 |  0,00 | 0,322 | 44,35 | 44,35 |  0,00 | 10,731 | 277,65 | 277,65 |  0,00 | 25,833 | 285,08 | 285,08 |  0,00 | 105,051 | 47,27 | 47,27 | 236,922 |   NaN | NaN | 0,00 | 0,00 | NaN
  53 |  0,00 | 9,401 | 654,05 | 654,05 | 678,44 |  0,00 | 0,309 | 44,35 | 44,35 |  0,00 | 7,489 | 282,46 | 282,46 |  0,00 | 21,140 | 279,97 | 279,97 |  0,00 | 82,768 | 47,27 | 47,27 | 200,967 |   NaN | NaN | 0,00 | 0,00 | NaN
  54 |  0,00 | 11,817 | 649,54 | 649,54 | 673,97 |  0,00 | 0,312 | 44,35 | 44,35 |  0,00 | 9,903 | 280,79 | 280,79 |  0,00 | 26,583 | 277,13 | 277,13 |  0,00 | 101,473 | 47,27 | 47,27 | 232,101 |   NaN | NaN | 0,00 | 0,00 | NaN
  55 |  0,00 | 2,911 | 649,63 | 649,63 | 673,99 |  0,00 | 0,297 | 44,35 | 44,35 |  0,00 | 2,181 | 277,98 | 277,98 |  0,00 | 4,742 | 280,04 | 280,04 |  0,00 | 43,126 | 47,27 | 47,27 | 111,711 |   NaN | NaN | 0,00 | 0,00 | NaN
  56 |  0,00 | 11,034 | 648,62 | 648,62 | 673,01 |  0,00 | 0,302 | 44,35 | 44,35 |  0,00 | 9,880 | 278,77 | 278,77 |  0,00 | 22,735 | 278,22 | 278,22 |  0,00 | 109,847 | 47,27 | 47,27 | 242,145 |   NaN | NaN | 0,00 | 0,00 | NaN
  57 |  0,00 | 12,268 | 652,22 | 652,22 | 676,61 |  0,00 | 0,300 | 44,35 | 44,35 |  0,00 | 10,657 | 279,48 | 279,48 |  0,00 | 26,397 | 281,12 | 281,12 |  0,00 | 112,534 | 47,27 | 47,27 | 243,970 |   NaN | NaN | 0,00 | 0,00 | NaN
  58 |  0,00 | 10,673 | 656,02 | 656,02 | 680,53 |  0,00 | 0,328 | 44,35 | 44,35 |  0,00 | 10,142 | 283,10 | 283,10 |  0,00 | 20,717 | 281,30 | 281,30 |  0,00 | 112,043 | 47,27 | 47,27 | 243,644 |   NaN | NaN | 0,00 | 0,00 | NaN
  59 |  0,00 | 1,315 | 658,06 | 658,06 | 683,66 |  0,00 | 0,348 | 44,35 | 44,35 |  0,00 | 1,009 | 280,03 | 280,03 |  0,00 | 1,282 | 286,42 | 286,42 |  0,00 | 24,574 | 47,27 | 47,27 | 71,977 |   NaN | NaN | 0,00 | 0,00 | NaN
  60 |  0,00 | 11,749 | 653,02 | 653,02 | 677,40 |  0,00 | 0,282 | 44,35 | 44,35 |  0,00 | 11,019 | 281,60 | 281,60 |  0,00 | 24,558 | 279,80 | 279,80 |  0,00 | 107,641 | 47,27 | 47,27 | 239,961 |   NaN | NaN | 0,00 | 0,00 | NaN
  61 |  0,00 | 7,703 | 657,61 | 657,61 | 681,98 |  0,00 | 0,305 | 44,35 | 44,35 |  0,00 | 5,886 | 282,96 | 282,96 |  0,00 | 16,347 | 283,04 | 283,04 |  0,00 | 79,418 | 47,27 | 47,27 | 193,952 |   NaN | NaN | 0,00 | 0,00 | NaN
  62 |  0,00 | 12,519 | 656,42 | 656,42 | 686,57 |  0,00 | 0,366 | 44,35 | 44,35 |  0,00 | 11,291 | 281,62 | 281,62 |  0,00 | 26,728 | 283,19 | 283,19 |  0,00 | 110,205 | 47,27 | 47,27 | 242,447 |   NaN | NaN | 0,00 | 0,00 | NaN
  63 |  0,00 | 3,904 | 654,15 | 654,15 | 678,54 |  0,00 | 0,322 | 44,35 | 44,35 |  0,00 | 2,787 | 282,60 | 282,60 |  0,00 | 7,417 | 279,94 | 279,94 |  0,00 | 49,288 | 47,27 | 47,27 | 130,078 |   NaN | NaN | 0,00 | 0,00 | NaN
  64 |  0,00 | 11,738 | 648,18 | 648,18 | 678,05 |  0,00 | 0,365 | 44,35 | 44,35 |  0,00 | 10,429 | 278,36 | 278,36 |  0,00 | 25,555 | 278,20 | 278,20 |  0,00 | 101,665 | 47,27 | 47,27 | 232,548 |   NaN | NaN | 0,00 | 0,00 | NaN

= = = = = = = = = = = = AVERAGE RESULTS system = = = = = = = = = = = =
meanPLR_system | 0,000000 
meanDelay_system | 5,900180 
meanLoad_system | 653,687379 
meanTHR_system | 653,687379 
meanGate_system | 679,238508 

meanPLR_EF_system | 0,000000 
meanPLR_AF_system | 0,000000 
meanPLR_BE_system | 0,000000 
meanPLR_FLA_system | 0,000000 
meanPLR_FLB_system | NaN 

meanTHR_EF_system | 44,352002 
meanTHR_AF_system | 281,212112 
meanTHR_BE_system | 280,857567 
meanTHR_FLA_system | 48,163940 
meanTHR_FLB_system | 0,000000 

meanLoad_EF_system | 44,352002 
meanLoad_AF_system | 281,212112 
meanLoad_BE_system | 280,857567 
meanLoad_FLA_system | 48,163940 
meanLoad_FLB_system | 0,000000 

meanDELAY_EF_system | 0,326511 
meanDELAY_AF_system | 4,968080 
meanDELAY_BE_system | 11,863435 
meanDELAY_FLA_system | 61,652408 
meanDELAY_FLB_system | NaN 
meanDELAY_CompleteFLA_system | 147,921725 
meanDELAY_CompleteFLB_system | NaN 

= = = = = = = = = = = = AVERAGE RESULTS = = = = = = = = = = = =
Packet Loss Ratio: 00,00 (%)
PROCESSED PACKAGES: 1764619061 
DISCARTED PACKAGES: 0 
TOTAL PACKAGES: 1764619061 
AVERAGE DELAY: 1011,12 (ms) 
AVERAGE THROUGHPUT: 653,69 (Mbps) 
GRANTED THROUGHPUT: 43471,26 (Mbps) By 64 ONUs
EFFECTIVE THROUGHPUT: 41835,99 (Mbps) By 64 ONUs
TOTAL LOAD: 41835,99 (Mbps) By 64 ONUs
ON Arrival THROUGHPUT: 0,00 (Mbps) By 64 ONUs
FINISHTIMEFL: 157,860839 
FINISHTIME: 160,860839 


fileName | IPACT_STRICTPRIORITY_3_36_75_0 
