
ONU ID 	|  PLR(%) | Delay(ms) | Throughput(Mbps) | Granted Throughput(Mbps) | Total Load (Mbps) 

  ID |  PLR(%) |  D  | Thr |  Gates  |  Load  | PLR-EF | D-EF | ThrEF | LoadEF | PLR-AF | D-AF | ThrAF | LoadAF | PLR-BE | D-BE | ThrBE | LoadBE | PLR-FA | D-FA | ThrFA | LoadFA | DTFA |  PLR-FB | D-FB | ThrFB | LoadFB | DTFB | 
   1 |  0,00 | 10,960 | 589,89 | 589,89 | 623,00 |  0,00 | 0,277 | 44,35 | 44,35 |  0,00 | 6,117 | 210,62 | 210,62 |  0,00 | 11,013 | 203,91 | 203,91 |  0,00 | 102,969 | 131,01 | 131,01 | 222,050 |   NaN | NaN | 0,00 | 0,00 | NaN
   2 |  0,00 | 19,673 | 588,60 | 588,60 | 625,61 |  0,00 | 0,289 | 44,35 | 44,35 |  0,00 | 0,298 | 206,15 | 206,15 |  0,00 | 0,450 | 207,09 | 207,09 |  0,00 | 275,000 | 131,01 | 131,01 | 570,521 |   NaN | NaN | 0,00 | 0,00 | NaN
   3 |  0,00 | 18,764 | 592,54 | 592,54 | 622,09 |  0,00 | 0,225 | 44,35 | 44,35 |  0,00 | 0,249 | 209,56 | 209,56 |  0,00 | 0,557 | 207,62 | 207,62 |  0,00 | 263,442 | 131,01 | 131,01 | 547,202 |   NaN | NaN | 0,00 | 0,00 | NaN
   4 |  0,00 | 10,928 | 591,65 | 591,65 | 621,36 |  0,00 | 0,230 | 44,35 | 44,35 |  0,00 | 9,592 | 211,19 | 211,19 |  0,00 | 12,150 | 205,10 | 205,10 |  0,00 | 88,981 | 131,01 | 131,01 | 184,388 |   NaN | NaN | 0,00 | 0,00 | NaN
   5 |  0,00 | 26,042 | 585,56 | 585,56 | 615,82 |  0,00 | 0,256 | 44,35 | 44,35 |  0,00 | 0,329 | 205,65 | 205,65 |  0,00 | 0,530 | 204,55 | 204,55 |  0,00 | 364,261 | 131,01 | 131,01 | 748,620 |   NaN | NaN | 0,00 | 0,00 | NaN
   6 |  0,00 | 21,529 | 589,98 | 589,98 | 619,03 |  0,00 | 0,206 | 44,35 | 44,35 |  0,00 | 0,227 | 207,93 | 207,93 |  0,00 | 0,479 | 206,70 | 206,70 |  0,00 | 302,511 | 131,01 | 131,01 | 625,466 |   NaN | NaN | 0,00 | 0,00 | NaN
   7 |  0,00 | 11,505 | 588,27 | 588,27 | 617,75 |  0,00 | 0,223 | 44,35 | 44,35 |  0,00 | 0,820 | 208,00 | 208,00 |  0,00 | 4,610 | 204,91 | 204,91 |  0,00 | 145,659 | 131,01 | 131,01 | 311,344 |   NaN | NaN | 0,00 | 0,00 | NaN
   8 |  0,00 | 20,328 | 591,41 | 591,41 | 624,00 |  0,00 | 0,273 | 44,35 | 44,35 |  0,00 | 0,290 | 206,68 | 206,68 |  0,00 | 0,401 | 209,37 | 209,37 |  0,00 | 285,408 | 131,01 | 131,01 | 591,249 |   NaN | NaN | 0,00 | 0,00 | NaN
   9 |  0,00 | 14,611 | 590,01 | 590,01 | 619,42 |  0,00 | 0,213 | 44,35 | 44,35 |  0,00 | 0,230 | 208,64 | 208,64 |  0,00 | 0,867 | 206,02 | 206,02 |  0,00 | 202,952 | 131,01 | 131,01 | 426,094 |   NaN | NaN | 0,00 | 0,00 | NaN
  10 |  0,00 | 11,071 | 587,39 | 587,39 | 620,02 |  0,00 | 0,274 | 44,35 | 44,35 |  0,00 | 6,383 | 206,88 | 206,88 |  0,00 | 12,342 | 205,15 | 205,15 |  0,00 | 99,596 | 131,01 | 131,01 | 213,890 |   NaN | NaN | 0,00 | 0,00 | NaN
  11 |  0,00 | 35,192 | 583,46 | 583,46 | 612,90 |  0,00 | 0,214 | 44,35 | 44,35 |  0,00 | 0,389 | 201,95 | 201,95 |  0,00 | 0,652 | 206,15 | 206,15 |  0,00 | 492,457 | 131,01 | 131,01 | 1005,834 |   NaN | NaN | 0,00 | 0,00 | NaN
  12 |  0,00 | 22,459 | 589,30 | 589,30 | 622,47 |  0,00 | 0,276 | 44,35 | 44,35 |  0,00 | 0,297 | 207,32 | 207,32 |  0,00 | 0,415 | 206,61 | 206,61 |  0,00 | 314,978 | 131,01 | 131,01 | 650,471 |   NaN | NaN | 0,00 | 0,00 | NaN
  13 |  0,00 | 19,766 | 583,81 | 583,81 | 613,49 |  0,00 | 0,241 | 44,35 | 44,35 |  0,00 | 0,269 | 203,45 | 203,45 |  0,00 | 0,460 | 205,00 | 205,00 |  0,00 | 275,406 | 131,01 | 131,01 | 571,249 |   NaN | NaN | 0,00 | 0,00 | NaN
  14 |  0,00 | 25,549 | 591,86 | 591,86 | 626,41 |  0,00 | 0,282 | 44,35 | 44,35 |  0,00 | 0,331 | 208,74 | 208,74 |  0,00 | 0,464 | 207,76 | 207,76 |  0,00 | 359,546 | 131,01 | 131,01 | 739,119 |   NaN | NaN | 0,00 | 0,00 | NaN
  15 |  0,00 | 11,613 | 586,11 | 586,11 | 619,07 |  0,00 | 0,276 | 44,35 | 44,35 |  0,00 | 0,731 | 203,47 | 203,47 |  0,00 | 3,406 | 207,28 | 207,28 |  0,00 | 150,192 | 131,01 | 131,01 | 320,438 |   NaN | NaN | 0,00 | 0,00 | NaN
  16 |  0,00 | 16,647 | 592,03 | 592,03 | 623,45 |  0,00 | 0,267 | 44,35 | 44,35 |  0,00 | 0,281 | 206,27 | 206,27 |  0,00 | 0,676 | 210,41 | 210,41 |  0,00 | 232,375 | 131,01 | 131,01 | 485,147 |   NaN | NaN | 0,00 | 0,00 | NaN
  17 |  0,00 | 16,036 | 589,48 | 589,48 | 623,61 |  0,00 | 0,280 | 44,35 | 44,35 |  0,00 | 0,303 | 207,32 | 207,32 |  0,00 | 0,895 | 206,80 | 206,80 |  0,00 | 222,290 | 131,01 | 131,01 | 464,786 |   NaN | NaN | 0,00 | 0,00 | NaN
  18 |  0,00 | 37,421 | 587,64 | 587,64 | 617,84 |  0,00 | 0,257 | 44,35 | 44,35 |  0,00 | 0,271 | 205,43 | 205,43 |  0,00 | 0,399 | 206,85 | 206,85 |  0,00 | 526,917 | 131,01 | 131,01 | 1074,770 |   NaN | NaN | 0,00 | 0,00 | NaN
  19 |  0,00 | 30,820 | 584,46 | 584,46 | 614,34 |  0,00 | 0,248 | 44,35 | 44,35 |  0,00 | 0,489 | 203,87 | 203,87 |  0,00 | 0,689 | 205,23 | 205,23 |  0,00 | 430,485 | 131,01 | 131,01 | 881,547 |   NaN | NaN | 0,00 | 0,00 | NaN
  20 |  0,00 | 35,763 | 585,45 | 585,45 | 615,17 |  0,00 | 0,243 | 44,35 | 44,35 |  0,00 | 0,502 | 206,43 | 206,43 |  0,00 | 0,768 | 203,66 | 203,66 |  0,00 | 500,570 | 131,01 | 131,01 | 1022,169 |   NaN | NaN | 0,00 | 0,00 | NaN
  21 |  0,00 | 10,707 | 582,88 | 582,88 | 612,60 |  0,00 | 0,247 | 44,35 | 44,35 |  0,00 | 2,196 | 204,19 | 204,19 |  0,00 | 7,109 | 203,33 | 203,33 |  0,00 | 122,111 | 131,01 | 131,01 | 263,829 |   NaN | NaN | 0,00 | 0,00 | NaN
  22 |  0,00 | 26,822 | 590,69 | 590,69 | 626,76 |  0,00 | 0,286 | 44,35 | 44,35 |  0,00 | 0,362 | 210,78 | 210,78 |  0,00 | 0,464 | 204,55 | 204,55 |  0,00 | 377,117 | 131,01 | 131,01 | 774,413 |   NaN | NaN | 0,00 | 0,00 | NaN
  23 |  0,00 | 33,364 | 590,49 | 590,49 | 622,01 |  0,00 | 0,269 | 44,35 | 44,35 |  0,00 | 0,532 | 207,66 | 207,66 |  0,00 | 0,794 | 207,47 | 207,47 |  0,00 | 468,684 | 131,01 | 131,01 | 958,015 |   NaN | NaN | 0,00 | 0,00 | NaN
  24 |  0,00 | 19,680 | 588,78 | 588,78 | 618,34 |  0,00 | 0,230 | 44,35 | 44,35 |  0,00 | 0,264 | 206,53 | 206,53 |  0,00 | 0,550 | 206,89 | 206,89 |  0,00 | 275,384 | 131,01 | 131,01 | 571,148 |   NaN | NaN | 0,00 | 0,00 | NaN
  25 |  0,00 | 12,342 | 594,84 | 594,84 | 631,27 |  0,00 | 0,287 | 44,35 | 44,35 |  0,00 | 0,517 | 205,92 | 205,92 |  0,00 | 2,520 | 213,56 | 213,56 |  0,00 | 164,985 | 131,01 | 131,01 | 350,100 |   NaN | NaN | 0,00 | 0,00 | NaN
  26 |  0,00 | 11,379 | 588,67 | 588,67 | 623,77 |  0,00 | 0,284 | 44,35 | 44,35 |  0,00 | 1,052 | 206,27 | 206,27 |  0,00 | 4,833 | 207,04 | 207,04 |  0,00 | 141,986 | 131,01 | 131,01 | 303,489 |   NaN | NaN | 0,00 | 0,00 | NaN
  27 |  0,00 | 37,893 | 584,43 | 584,43 | 613,75 |  0,00 | 0,211 | 44,35 | 44,35 |  0,00 | 0,230 | 206,21 | 206,21 |  0,00 | 0,459 | 202,86 | 202,86 |  0,00 | 532,230 | 131,01 | 131,01 | 1085,324 |   NaN | NaN | 0,00 | 0,00 | NaN
  28 |  0,00 | 33,618 | 586,48 | 586,48 | 619,73 |  0,00 | 0,277 | 44,35 | 44,35 |  0,00 | 0,525 | 207,35 | 207,35 |  0,00 | 0,767 | 203,77 | 203,77 |  0,00 | 470,454 | 131,01 | 131,01 | 961,624 |   NaN | NaN | 0,00 | 0,00 | NaN
  29 |  0,00 | 34,666 | 588,86 | 588,86 | 619,06 |  0,00 | 0,256 | 44,35 | 44,35 |  0,00 | 0,551 | 207,86 | 207,86 |  0,00 | 0,863 | 205,64 | 205,64 |  0,00 | 486,218 | 131,01 | 131,01 | 993,247 |   NaN | NaN | 0,00 | 0,00 | NaN
  30 |  0,00 | 36,792 | 581,68 | 581,68 | 617,92 |  0,00 | 0,286 | 44,35 | 44,35 |  0,00 | 0,420 | 202,59 | 202,59 |  0,00 | 0,633 | 203,73 | 203,73 |  0,00 | 513,542 | 131,01 | 131,01 | 1048,285 |   NaN | NaN | 0,00 | 0,00 | NaN
  31 |  0,00 | 33,489 | 586,29 | 586,29 | 616,31 |  0,00 | 0,253 | 44,35 | 44,35 |  0,00 | 0,516 | 205,48 | 205,48 |  0,00 | 0,777 | 205,44 | 205,44 |  0,00 | 468,758 | 131,01 | 131,01 | 958,208 |   NaN | NaN | 0,00 | 0,00 | NaN
  32 |  0,00 | 35,319 | 584,73 | 584,73 | 614,10 |  0,00 | 0,210 | 44,35 | 44,35 |  0,00 | 0,491 | 204,33 | 204,33 |  0,00 | 0,916 | 205,04 | 205,04 |  0,00 | 493,863 | 131,01 | 131,01 | 1008,518 |   NaN | NaN | 0,00 | 0,00 | NaN
  33 |  0,00 | 36,091 | 584,92 | 584,92 | 617,94 |  0,00 | 0,275 | 44,35 | 44,35 |  0,00 | 0,414 | 202,85 | 202,85 |  0,00 | 0,676 | 206,72 | 206,72 |  0,00 | 505,341 | 131,01 | 131,01 | 1031,324 |   NaN | NaN | 0,00 | 0,00 | NaN
  34 |  0,00 | 39,096 | 583,20 | 583,20 | 614,43 |  0,00 | 0,266 | 44,35 | 44,35 |  0,00 | 0,280 | 206,75 | 206,75 |  0,00 | 0,393 | 201,09 | 201,09 |  0,00 | 548,149 | 131,01 | 131,01 | 1117,181 |   NaN | NaN | 0,00 | 0,00 | NaN
  35 |  0,00 | 39,798 | 591,50 | 591,50 | 620,94 |  0,00 | 0,216 | 44,35 | 44,35 |  0,00 | 0,233 | 208,26 | 208,26 |  0,00 | 0,445 | 207,88 | 207,88 |  0,00 | 563,206 | 131,01 | 131,01 | 1147,149 |   NaN | NaN | 0,00 | 0,00 | NaN
  36 |  0,00 | 38,303 | 585,11 | 585,11 | 616,85 |  0,00 | 0,269 | 44,35 | 44,35 |  0,00 | 0,295 | 202,29 | 202,29 |  0,00 | 0,401 | 207,46 | 207,46 |  0,00 | 537,976 | 131,01 | 131,01 | 1096,866 |   NaN | NaN | 0,00 | 0,00 | NaN
  37 |  0,00 | 35,120 | 590,35 | 590,35 | 620,26 |  0,00 | 0,251 | 44,35 | 44,35 |  0,00 | 0,486 | 208,93 | 208,93 |  0,00 | 0,851 | 206,06 | 206,06 |  0,00 | 493,723 | 131,01 | 131,01 | 1008,457 |   NaN | NaN | 0,00 | 0,00 | NaN
  38 |  0,00 | 36,967 | 586,32 | 586,32 | 616,01 |  0,00 | 0,243 | 44,35 | 44,35 |  0,00 | 0,448 | 206,83 | 206,83 |  0,00 | 0,829 | 204,13 | 204,13 |  0,00 | 518,111 | 131,01 | 131,01 | 1057,321 |   NaN | NaN | 0,00 | 0,00 | NaN
  39 |  0,00 | 36,013 | 583,26 | 583,26 | 619,45 |  0,00 | 0,286 | 44,35 | 44,35 |  0,00 | 0,435 | 205,27 | 205,27 |  0,00 | 0,640 | 202,62 | 202,62 |  0,00 | 503,376 | 131,01 | 131,01 | 1027,877 |   NaN | NaN | 0,00 | 0,00 | NaN
  40 |  0,00 | 37,771 | 585,94 | 585,94 | 622,07 |  0,00 | 0,286 | 44,35 | 44,35 |  0,00 | 0,318 | 205,31 | 205,31 |  0,00 | 0,374 | 205,27 | 205,27 |  0,00 | 530,739 | 131,01 | 131,01 | 1082,333 |   NaN | NaN | 0,00 | 0,00 | NaN
  41 |  0,00 | 33,928 | 591,36 | 591,36 | 623,16 |  0,00 | 0,269 | 44,35 | 44,35 |  0,00 | 0,472 | 206,64 | 206,64 |  0,00 | 0,539 | 209,37 | 209,37 |  0,00 | 478,115 | 131,01 | 131,01 | 976,968 |   NaN | NaN | 0,00 | 0,00 | NaN
  42 |  0,00 | 34,597 | 589,04 | 589,04 | 618,54 |  0,00 | 0,215 | 44,35 | 44,35 |  0,00 | 0,413 | 206,14 | 206,14 |  0,00 | 0,864 | 207,54 | 207,54 |  0,00 | 486,082 | 131,01 | 131,01 | 993,040 |   NaN | NaN | 0,00 | 0,00 | NaN
  43 |  0,00 | 35,813 | 589,48 | 589,48 | 624,27 |  0,00 | 0,294 | 44,35 | 44,35 |  0,00 | 0,457 | 205,65 | 205,65 |  0,00 | 0,686 | 208,46 | 208,46 |  0,00 | 503,356 | 131,01 | 131,01 | 1027,789 |   NaN | NaN | 0,00 | 0,00 | NaN
  44 |  0,00 | 33,754 | 590,56 | 590,56 | 619,63 |  0,00 | 0,207 | 44,35 | 44,35 |  0,00 | 0,410 | 206,53 | 206,53 |  0,00 | 0,827 | 208,67 | 208,67 |  0,00 | 475,056 | 131,01 | 131,01 | 970,805 |   NaN | NaN | 0,00 | 0,00 | NaN
  45 |  0,00 | 34,515 | 590,38 | 590,38 | 627,77 |  0,00 | 0,290 | 44,35 | 44,35 |  0,00 | 0,655 | 210,40 | 210,40 |  0,00 | 0,776 | 204,62 | 204,62 |  0,00 | 484,609 | 131,01 | 131,01 | 990,023 |   NaN | NaN | 0,00 | 0,00 | NaN
  46 |  0,00 | 35,758 | 584,69 | 584,69 | 614,21 |  0,00 | 0,229 | 44,35 | 44,35 |  0,00 | 0,448 | 202,42 | 202,42 |  0,00 | 0,738 | 206,91 | 206,91 |  0,00 | 500,591 | 131,01 | 131,01 | 1022,210 |   NaN | NaN | 0,00 | 0,00 | NaN
  47 |  0,00 | 33,320 | 582,82 | 582,82 | 612,41 |  0,00 | 0,227 | 44,35 | 44,35 |  0,00 | 0,316 | 205,10 | 205,10 |  0,00 | 0,692 | 202,36 | 202,36 |  0,00 | 465,707 | 131,01 | 131,01 | 952,027 |   NaN | NaN | 0,00 | 0,00 | NaN
  48 |  0,00 | 34,036 | 582,92 | 582,92 | 613,16 |  0,00 | 0,256 | 44,35 | 44,35 |  0,00 | 0,440 | 203,41 | 203,41 |  0,00 | 0,785 | 204,15 | 204,15 |  0,00 | 475,075 | 131,01 | 131,01 | 970,780 |   NaN | NaN | 0,00 | 0,00 | NaN
  49 |  0,00 | 33,385 | 582,31 | 582,31 | 614,02 |  0,00 | 0,269 | 44,35 | 44,35 |  0,00 | 0,478 | 203,10 | 203,10 |  0,00 | 0,684 | 203,84 | 203,84 |  0,00 | 465,636 | 131,01 | 131,01 | 951,947 |   NaN | NaN | 0,00 | 0,00 | NaN
  50 |  0,00 | 35,949 | 586,07 | 586,07 | 615,59 |  0,00 | 0,223 | 44,35 | 44,35 |  0,00 | 0,453 | 207,35 | 207,35 |  0,00 | 0,825 | 203,36 | 203,36 |  0,00 | 503,773 | 131,01 | 131,01 | 1028,419 |   NaN | NaN | 0,00 | 0,00 | NaN
  51 |  0,00 | 34,268 | 584,83 | 584,83 | 614,35 |  0,00 | 0,221 | 44,35 | 44,35 |  0,00 | 0,485 | 204,23 | 204,23 |  0,00 | 0,943 | 205,24 | 205,24 |  0,00 | 478,829 | 131,01 | 131,01 | 978,520 |   NaN | NaN | 0,00 | 0,00 | NaN
  52 |  0,00 | 34,389 | 586,94 | 586,94 | 616,74 |  0,00 | 0,248 | 44,35 | 44,35 |  0,00 | 0,480 | 203,84 | 203,84 |  0,00 | 0,769 | 207,74 | 207,74 |  0,00 | 481,902 | 131,01 | 131,01 | 984,465 |   NaN | NaN | 0,00 | 0,00 | NaN
  53 |  0,00 | 35,201 | 589,87 | 589,87 | 619,49 |  0,00 | 0,235 | 44,35 | 44,35 |  0,00 | 0,385 | 206,32 | 206,32 |  0,00 | 0,669 | 208,19 | 208,19 |  0,00 | 495,595 | 131,01 | 131,01 | 1012,254 |   NaN | NaN | 0,00 | 0,00 | NaN
  54 |  0,00 | 34,721 | 583,33 | 583,33 | 612,96 |  0,00 | 0,237 | 44,35 | 44,35 |  0,00 | 0,494 | 206,17 | 206,17 |  0,00 | 0,878 | 201,80 | 201,80 |  0,00 | 484,672 | 131,01 | 131,01 | 990,158 |   NaN | NaN | 0,00 | 0,00 | NaN
  55 |  0,00 | 36,858 | 586,52 | 586,52 | 616,02 |  0,00 | 0,222 | 44,35 | 44,35 |  0,00 | 0,316 | 204,41 | 204,41 |  0,00 | 0,612 | 206,75 | 206,75 |  0,00 | 517,766 | 131,01 | 131,01 | 1056,612 |   NaN | NaN | 0,00 | 0,00 | NaN
  56 |  0,00 | 34,128 | 583,51 | 583,51 | 613,10 |  0,00 | 0,228 | 44,35 | 44,35 |  0,00 | 0,484 | 205,65 | 205,65 |  0,00 | 0,934 | 202,50 | 202,50 |  0,00 | 476,282 | 131,01 | 131,01 | 973,328 |   NaN | NaN | 0,00 | 0,00 | NaN
  57 |  0,00 | 33,457 | 586,71 | 586,71 | 616,29 |  0,00 | 0,225 | 44,35 | 44,35 |  0,00 | 0,451 | 204,49 | 204,49 |  0,00 | 0,822 | 206,86 | 206,86 |  0,00 | 468,728 | 131,01 | 131,01 | 958,102 |   NaN | NaN | 0,00 | 0,00 | NaN
  58 |  0,00 | 33,569 | 588,29 | 588,29 | 618,34 |  0,00 | 0,254 | 44,35 | 44,35 |  0,00 | 0,546 | 206,73 | 206,73 |  0,00 | 0,899 | 206,20 | 206,20 |  0,00 | 470,341 | 131,01 | 131,01 | 961,388 |   NaN | NaN | 0,00 | 0,00 | NaN
  59 |  0,00 | 38,594 | 589,86 | 589,86 | 622,43 |  0,00 | 0,273 | 44,35 | 44,35 |  0,00 | 0,313 | 205,55 | 205,55 |  0,00 | 0,409 | 208,95 | 208,95 |  0,00 | 544,469 | 131,01 | 131,01 | 1109,862 |   NaN | NaN | 0,00 | 0,00 | NaN
  60 |  0,00 | 34,095 | 586,82 | 586,82 | 616,03 |  0,00 | 0,209 | 44,35 | 44,35 |  0,00 | 0,527 | 205,93 | 205,93 |  0,00 | 0,731 | 205,53 | 205,53 |  0,00 | 478,000 | 131,01 | 131,01 | 976,665 |   NaN | NaN | 0,00 | 0,00 | NaN
  61 |  0,00 | 35,390 | 589,57 | 589,57 | 619,12 |  0,00 | 0,230 | 44,35 | 44,35 |  0,00 | 0,449 | 207,55 | 207,55 |  0,00 | 0,789 | 206,66 | 206,66 |  0,00 | 497,704 | 131,01 | 131,01 | 1016,438 |   NaN | NaN | 0,00 | 0,00 | NaN
  62 |  0,00 | 33,900 | 588,41 | 588,41 | 626,42 |  0,00 | 0,292 | 44,35 | 44,35 |  0,00 | 0,558 | 205,84 | 205,84 |  0,00 | 0,828 | 207,20 | 207,20 |  0,00 | 474,940 | 131,01 | 131,01 | 970,561 |   NaN | NaN | 0,00 | 0,00 | NaN
  63 |  0,00 | 36,419 | 590,34 | 590,34 | 620,11 |  0,00 | 0,247 | 44,35 | 44,35 |  0,00 | 0,334 | 208,33 | 208,33 |  0,00 | 0,600 | 206,66 | 206,66 |  0,00 | 513,464 | 131,01 | 131,01 | 1048,066 |   NaN | NaN | 0,00 | 0,00 | NaN
  64 |  0,00 | 34,712 | 583,44 | 583,44 | 621,25 |  0,00 | 0,291 | 44,35 | 44,35 |  0,00 | 0,444 | 205,29 | 205,29 |  0,00 | 0,799 | 202,79 | 202,79 |  0,00 | 484,554 | 131,01 | 131,01 | 989,997 |   NaN | NaN | 0,00 | 0,00 | NaN

= = = = = = = = = = = = AVERAGE RESULTS system = = = = = = = = = = = =
meanPLR_system | 0,000000 
meanDelay_system | 29,322846 
meanLoad_system | 587,443713 
meanTHR_system | 587,443713 
meanGate_system | 618,997320 

meanPLR_EF_system | 0,000000 
meanPLR_AF_system | 0,000000 
meanPLR_BE_system | 0,000000 
meanPLR_FLA_system | 0,000000 
meanPLR_FLB_system | NaN 

meanTHR_EF_system | 44,352003 
meanTHR_AF_system | 206,160662 
meanTHR_BE_system | 205,923145 
meanTHR_FLA_system | 134,693979 
meanTHR_FLB_system | 0,000000 

meanLoad_EF_system | 44,352003 
meanLoad_AF_system | 206,160662 
meanLoad_BE_system | 205,923145 
meanLoad_FLA_system | 134,693979 
meanLoad_FLB_system | 0,000000 

meanDELAY_EF_system | 0,252043 
meanDELAY_AF_system | 0,777721 
meanDELAY_BE_system | 1,493984 
meanDELAY_FLA_system | 407,143647 
meanDELAY_FLB_system | NaN 
meanDELAY_CompleteFLA_system | 834,554466 
meanDELAY_CompleteFLB_system | NaN 

= = = = = = = = = = = = AVERAGE RESULTS = = = = = = = = = = = =
Packet Loss Ratio: 00,00 (%)
PROCESSED PACKAGES: 1086268710 
DISCARTED PACKAGES: 0 
TOTAL PACKAGES: 1086268710 
AVERAGE DELAY: 4538,44 (ms) 
AVERAGE THROUGHPUT: 587,44 (Mbps) 
GRANTED THROUGHPUT: 39615,83 (Mbps) By 64 ONUs
EFFECTIVE THROUGHPUT: 37596,40 (Mbps) By 64 ONUs
TOTAL LOAD: 37596,40 (Mbps) By 64 ONUs
ON Arrival THROUGHPUT: 0,00 (Mbps) By 64 ONUs
FINISHTIMEFL: 106,623920 
FINISHTIME: 109,623920 


fileName | IPACT_LEAKYBUCKET_1_68_55_0 
