
ONU ID 	|  PLR(%) | Delay(ms) | Throughput(Mbps) | Granted Throughput(Mbps) | Total Load (Mbps) 

  ID |  PLR(%) |  D  | Thr |  Gates  |  Load  | PLR-EF | D-EF | ThrEF | LoadEF | PLR-AF | D-AF | ThrAF | LoadAF | PLR-BE | D-BE | ThrBE | LoadBE | PLR-FA | D-FA | ThrFA | LoadFA | DTFA |  PLR-FB | D-FB | ThrFB | LoadFB | DTFB | 
   1 |  0,00 | 0,550 | 605,66 | 605,66 | 641,47 |  0,00 | 0,172 | 44,35 | 44,35 |  0,00 | 0,383 | 266,11 | 266,11 |  0,00 | 0,498 | 259,13 | 259,13 |  0,00 | 13,525 | 36,07 | 36,07 | 48,782 |   NaN | NaN | 0,00 | 0,00 | NaN
   2 |  0,00 | 2,086 | 608,01 | 608,01 | 647,83 |  0,00 | 0,184 | 44,35 | 44,35 |  0,00 | 0,200 | 265,98 | 265,98 |  0,00 | 0,246 | 261,60 | 261,60 |  0,00 | 103,567 | 36,07 | 36,07 | 226,668 |   NaN | NaN | 0,00 | 0,00 | NaN
   3 |  0,00 | 1,907 | 603,12 | 603,12 | 635,92 |  0,00 | 0,121 | 44,35 | 44,35 |  0,00 | 0,135 | 261,81 | 261,81 |  0,00 | 0,320 | 260,89 | 260,89 |  0,00 | 94,830 | 36,07 | 36,07 | 201,835 |   NaN | NaN | 0,00 | 0,00 | NaN
   4 |  0,00 | 0,500 | 609,60 | 609,60 | 642,72 |  0,00 | 0,126 | 44,35 | 44,35 |  0,00 | 0,306 | 266,23 | 266,23 |  0,00 | 0,523 | 262,95 | 262,95 |  0,00 | 12,726 | 36,07 | 36,07 | 46,286 |   NaN | NaN | 0,00 | 0,00 | NaN
   5 |  0,00 | 2,483 | 604,38 | 604,38 | 637,49 |  0,00 | 0,152 | 44,35 | 44,35 |  0,00 | 0,156 | 262,30 | 262,30 |  0,00 | 0,282 | 261,65 | 261,65 |  0,00 | 125,875 | 36,07 | 36,07 | 271,988 |   NaN | NaN | 0,00 | 0,00 | NaN
   6 |  0,00 | 2,019 | 607,88 | 607,88 | 640,48 |  0,00 | 0,101 | 44,35 | 44,35 |  0,00 | 0,115 | 264,09 | 264,09 |  0,00 | 0,349 | 263,37 | 263,37 |  0,00 | 101,781 | 36,07 | 36,07 | 227,226 |   NaN | NaN | 0,00 | 0,00 | NaN
   7 |  0,00 | 0,853 | 607,17 | 607,17 | 639,99 |  0,00 | 0,119 | 44,35 | 44,35 |  0,00 | 0,137 | 264,16 | 264,16 |  0,00 | 0,326 | 262,58 | 262,58 |  0,00 | 37,312 | 36,07 | 36,07 | 95,832 |   NaN | NaN | 0,00 | 0,00 | NaN
   8 |  0,00 | 2,034 | 606,31 | 606,31 | 641,15 |  0,00 | 0,169 | 44,35 | 44,35 |  0,00 | 0,181 | 261,75 | 261,75 |  0,00 | 0,270 | 264,14 | 264,14 |  0,00 | 100,839 | 36,07 | 36,07 | 227,647 |   NaN | NaN | 0,00 | 0,00 | NaN
   9 |  0,00 | 1,115 | 608,15 | 608,15 | 640,93 |  0,00 | 0,108 | 44,35 | 44,35 |  0,00 | 0,115 | 263,42 | 263,42 |  0,00 | 0,332 | 264,30 | 264,30 |  0,00 | 52,232 | 36,07 | 36,07 | 125,324 |   NaN | NaN | 0,00 | 0,00 | NaN
  10 |  0,00 | 0,566 | 604,85 | 604,85 | 640,04 |  0,00 | 0,169 | 44,35 | 44,35 |  0,00 | 0,385 | 262,74 | 262,74 |  0,00 | 0,515 | 261,69 | 261,69 |  0,00 | 14,182 | 36,07 | 36,07 | 48,878 |   NaN | NaN | 0,00 | 0,00 | NaN
  11 |  0,00 | 7,365 | 603,04 | 603,04 | 635,79 |  0,00 | 0,109 | 44,35 | 44,35 |  0,00 | 0,175 | 259,52 | 259,52 |  0,00 | 0,402 | 263,09 | 263,09 |  0,00 | 391,729 | 36,07 | 36,07 | 821,142 |   NaN | NaN | 0,00 | 0,00 | NaN
  12 |  0,00 | 2,044 | 605,78 | 605,78 | 641,23 |  0,00 | 0,171 | 44,35 | 44,35 |  0,00 | 0,179 | 262,68 | 262,68 |  0,00 | 0,253 | 262,67 | 262,67 |  0,00 | 101,571 | 36,07 | 36,07 | 227,749 |   NaN | NaN | 0,00 | 0,00 | NaN
  13 |  0,00 | 2,061 | 600,30 | 600,30 | 633,14 |  0,00 | 0,136 | 44,35 | 44,35 |  0,00 | 0,143 | 261,16 | 261,16 |  0,00 | 0,300 | 258,71 | 258,71 |  0,00 | 102,725 | 36,07 | 36,07 | 223,920 |   NaN | NaN | 0,00 | 0,00 | NaN
  14 |  0,00 | 2,464 | 606,98 | 606,98 | 644,09 |  0,00 | 0,177 | 44,35 | 44,35 |  0,00 | 0,185 | 263,36 | 263,36 |  0,00 | 0,251 | 263,19 | 263,19 |  0,00 | 124,470 | 36,07 | 36,07 | 267,238 |   NaN | NaN | 0,00 | 0,00 | NaN
  15 |  0,00 | 0,841 | 603,26 | 603,26 | 638,74 |  0,00 | 0,171 | 44,35 | 44,35 |  0,00 | 0,176 | 258,40 | 258,40 |  0,00 | 0,264 | 264,44 | 264,44 |  0,00 | 35,430 | 36,07 | 36,07 | 95,144 |   NaN | NaN | 0,00 | 0,00 | NaN
  16 |  0,00 | 1,386 | 612,05 | 612,05 | 645,87 |  0,00 | 0,163 | 44,35 | 44,35 |  0,00 | 0,175 | 263,64 | 263,64 |  0,00 | 0,268 | 267,99 | 267,99 |  0,00 | 65,970 | 36,07 | 36,07 | 154,940 |   NaN | NaN | 0,00 | 0,00 | NaN
  17 |  0,00 | 1,342 | 607,92 | 607,92 | 644,47 |  0,00 | 0,175 | 44,35 | 44,35 |  0,00 | 0,181 | 264,63 | 264,63 |  0,00 | 0,250 | 262,87 | 262,87 |  0,00 | 63,131 | 36,07 | 36,07 | 145,440 |   NaN | NaN | 0,00 | 0,00 | NaN
  18 |  0,00 | 5,334 | 602,99 | 602,99 | 636,07 |  0,00 | 0,152 | 44,35 | 44,35 |  0,00 | 0,173 | 261,18 | 261,18 |  0,00 | 0,303 | 261,39 | 261,39 |  0,00 | 280,949 | 36,07 | 36,07 | 686,353 |   NaN | NaN | 0,00 | 0,00 | NaN
  19 |  0,00 | 5,765 | 598,55 | 598,55 | 631,49 |  0,00 | 0,143 | 44,35 | 44,35 |  0,00 | 0,150 | 258,34 | 258,34 |  0,00 | 0,294 | 259,79 | 259,79 |  0,00 | 303,916 | 36,07 | 36,07 | 535,981 |   NaN | NaN | 0,00 | 0,00 | NaN
  20 |  0,00 | 7,041 | 601,85 | 601,85 | 634,70 |  0,00 | 0,138 | 44,35 | 44,35 |  0,00 | 0,174 | 263,08 | 263,08 |  0,00 | 0,336 | 258,34 | 258,34 |  0,00 | 373,730 | 36,07 | 36,07 | 815,285 |   NaN | NaN | 0,00 | 0,00 | NaN
  21 |  0,00 | 0,544 | 596,64 | 596,64 | 629,54 |  0,00 | 0,143 | 44,35 | 44,35 |  0,00 | 0,154 | 258,95 | 258,95 |  0,00 | 0,307 | 257,27 | 257,27 |  0,00 | 19,572 | 36,07 | 36,07 | 60,460 |   NaN | NaN | 0,00 | 0,00 | NaN
  22 |  0,00 | 2,613 | 609,55 | 609,55 | 648,32 |  0,00 | 0,182 | 44,35 | 44,35 |  0,00 | 0,186 | 267,58 | 267,58 |  0,00 | 0,250 | 261,54 | 261,54 |  0,00 | 132,857 | 36,07 | 36,07 | 286,099 |   NaN | NaN | 0,00 | 0,00 | NaN
  23 |  0,00 | 7,445 | 605,39 | 605,39 | 639,37 |  0,00 | 0,164 | 44,35 | 44,35 |  0,00 | 0,299 | 262,52 | 262,52 |  0,00 | 0,360 | 262,44 | 262,44 |  0,00 | 394,381 | 36,07 | 36,07 | 746,092 |   NaN | NaN | 0,00 | 0,00 | NaN
  24 |  0,00 | 2,051 | 608,48 | 608,48 | 641,26 |  0,00 | 0,125 | 44,35 | 44,35 |  0,00 | 0,138 | 262,63 | 262,63 |  0,00 | 0,312 | 265,43 | 265,43 |  0,00 | 103,160 | 36,07 | 36,07 | 227,676 |   NaN | NaN | 0,00 | 0,00 | NaN
  25 |  0,00 | 0,872 | 609,65 | 609,65 | 649,01 |  0,00 | 0,183 | 44,35 | 44,35 |  0,00 | 0,193 | 261,94 | 261,94 |  0,00 | 0,243 | 267,28 | 267,28 |  0,00 | 37,088 | 36,07 | 36,07 | 95,701 |   NaN | NaN | 0,00 | 0,00 | NaN
  26 |  0,00 | 0,877 | 603,33 | 603,33 | 641,22 |  0,00 | 0,179 | 44,35 | 44,35 |  0,00 | 0,205 | 262,10 | 262,10 |  0,00 | 0,263 | 260,80 | 260,80 |  0,00 | 36,834 | 36,07 | 36,07 | 91,992 |   NaN | NaN | 0,00 | 0,00 | NaN
  27 |  0,00 | 4,971 | 603,41 | 603,41 | 636,15 |  0,00 | 0,106 | 44,35 | 44,35 |  0,00 | 0,126 | 263,72 | 263,72 |  0,00 | 0,344 | 259,26 | 259,26 |  0,00 | 262,571 | 36,07 | 36,07 | 643,783 |   NaN | NaN | 0,00 | 0,00 | NaN
  28 |  0,00 | 7,596 | 600,25 | 600,25 | 635,82 |  0,00 | 0,172 | 44,35 | 44,35 |  0,00 | 0,287 | 262,70 | 262,70 |  0,00 | 0,543 | 257,12 | 257,12 |  0,00 | 398,142 | 36,07 | 36,07 | 757,722 |   NaN | NaN | 0,00 | 0,00 | NaN
  29 |  0,00 | 7,569 | 607,17 | 607,17 | 640,25 |  0,00 | 0,151 | 44,35 | 44,35 |  0,00 | 0,219 | 263,31 | 263,31 |  0,00 | 0,408 | 263,43 | 263,43 |  0,00 | 402,589 | 36,07 | 36,07 | 814,796 |   NaN | NaN | 0,00 | 0,00 | NaN
  30 |  0,00 | 6,199 | 603,42 | 603,42 | 642,32 |  0,00 | 0,182 | 44,35 | 44,35 |  0,00 | 0,199 | 260,95 | 260,95 |  0,00 | 0,256 | 262,04 | 262,04 |  0,00 | 327,865 | 36,07 | 36,07 | 766,019 |   NaN | NaN | 0,00 | 0,00 | NaN
  31 |  0,00 | 7,537 | 603,34 | 603,34 | 636,37 |  0,00 | 0,149 | 44,35 | 44,35 |  0,00 | 0,328 | 263,31 | 263,31 |  0,00 | 0,419 | 259,60 | 259,60 |  0,00 | 397,868 | 36,07 | 36,07 | 755,777 |   NaN | NaN | 0,00 | 0,00 | NaN
  32 |  0,00 | 7,324 | 607,33 | 607,33 | 640,09 |  0,00 | 0,105 | 44,35 | 44,35 |  0,00 | 0,187 | 262,92 | 262,92 |  0,00 | 0,523 | 263,98 | 263,98 |  0,00 | 389,341 | 36,07 | 36,07 | 821,104 |   NaN | NaN | 0,00 | 0,00 | NaN
  33 |  0,00 | 6,819 | 603,44 | 603,44 | 638,60 |  0,00 | 0,170 | 44,35 | 44,35 |  0,00 | 0,255 | 261,20 | 261,20 |  0,00 | 0,375 | 261,82 | 261,82 |  0,00 | 359,660 | 36,07 | 36,07 | 803,382 |   NaN | NaN | 0,00 | 0,00 | NaN
  34 |  0,00 | 4,404 | 603,21 | 603,21 | 636,89 |  0,00 | 0,162 | 44,35 | 44,35 |  0,00 | 0,171 | 262,19 | 262,19 |  0,00 | 0,275 | 260,60 | 260,60 |  0,00 | 230,386 | 36,07 | 36,07 | 535,165 |   NaN | NaN | 0,00 | 0,00 | NaN
  35 |  0,00 | 4,045 | 609,95 | 609,95 | 642,74 |  0,00 | 0,111 | 44,35 | 44,35 |  0,00 | 0,119 | 264,51 | 264,51 |  0,00 | 0,323 | 265,01 | 265,01 |  0,00 | 213,441 | 36,07 | 36,07 | 472,409 |   NaN | NaN | 0,00 | 0,00 | NaN
  36 |  0,00 | 4,716 | 604,02 | 604,02 | 638,05 |  0,00 | 0,164 | 44,35 | 44,35 |  0,00 | 0,192 | 259,44 | 259,44 |  0,00 | 0,280 | 264,15 | 264,15 |  0,00 | 247,185 | 36,07 | 36,07 | 597,433 |   NaN | NaN | 0,00 | 0,00 | NaN
  37 |  0,00 | 7,299 | 609,54 | 609,54 | 642,50 |  0,00 | 0,147 | 44,35 | 44,35 |  0,00 | 0,220 | 266,16 | 266,16 |  0,00 | 0,339 | 262,95 | 262,95 |  0,00 | 389,708 | 36,07 | 36,07 | 821,960 |   NaN | NaN | 0,00 | 0,00 | NaN
  38 |  0,00 | 5,885 | 607,99 | 607,99 | 640,82 |  0,00 | 0,138 | 44,35 | 44,35 |  0,00 | 0,145 | 263,88 | 263,88 |  0,00 | 0,295 | 263,69 | 263,69 |  0,00 | 313,407 | 36,07 | 36,07 | 744,154 |   NaN | NaN | 0,00 | 0,00 | NaN
  39 |  0,00 | 6,940 | 596,71 | 596,71 | 635,54 |  0,00 | 0,181 | 44,35 | 44,35 |  0,00 | 0,187 | 259,18 | 259,18 |  0,00 | 0,274 | 257,10 | 257,10 |  0,00 | 365,911 | 36,07 | 36,07 | 809,258 |   NaN | NaN | 0,00 | 0,00 | NaN
  40 |  0,00 | 5,085 | 600,24 | 600,24 | 638,99 |  0,00 | 0,181 | 44,35 | 44,35 |  0,00 | 0,196 | 262,61 | 262,61 |  0,00 | 0,274 | 257,20 | 257,20 |  0,00 | 265,947 | 36,07 | 36,07 | 652,920 |   NaN | NaN | 0,00 | 0,00 | NaN
  41 |  0,00 | 7,627 | 608,08 | 608,08 | 642,31 |  0,00 | 0,164 | 44,35 | 44,35 |  0,00 | 0,264 | 260,05 | 260,05 |  0,00 | 0,425 | 267,60 | 267,60 |  0,00 | 404,948 | 36,07 | 36,07 | 792,556 |   NaN | NaN | 0,00 | 0,00 | NaN
  42 |  0,00 | 7,511 | 610,10 | 610,10 | 642,91 |  0,00 | 0,110 | 44,35 | 44,35 |  0,00 | 0,171 | 264,53 | 264,53 |  0,00 | 0,439 | 265,14 | 265,14 |  0,00 | 401,844 | 36,07 | 36,07 | 814,897 |   NaN | NaN | 0,00 | 0,00 | NaN
  43 |  0,00 | 6,809 | 613,11 | 613,11 | 651,15 |  0,00 | 0,189 | 44,35 | 44,35 |  0,00 | 0,205 | 266,89 | 266,89 |  0,00 | 0,271 | 265,78 | 265,78 |  0,00 | 364,082 | 36,07 | 36,07 | 807,924 |   NaN | NaN | 0,00 | 0,00 | NaN
  44 |  0,00 | 7,658 | 607,85 | 607,85 | 640,50 |  0,00 | 0,101 | 44,35 | 44,35 |  0,00 | 0,351 | 262,05 | 262,05 |  0,00 | 0,618 | 265,38 | 265,38 |  0,00 | 404,368 | 36,07 | 36,07 | 783,761 |   NaN | NaN | 0,00 | 0,00 | NaN
  45 |  0,00 | 7,646 | 603,96 | 603,96 | 644,36 |  0,00 | 0,185 | 44,35 | 44,35 |  0,00 | 0,265 | 265,11 | 265,11 |  0,00 | 0,423 | 258,42 | 258,42 |  0,00 | 403,903 | 36,07 | 36,07 | 809,224 |   NaN | NaN | 0,00 | 0,00 | NaN
  46 |  0,00 | 7,061 | 604,82 | 604,82 | 637,65 |  0,00 | 0,124 | 44,35 | 44,35 |  0,00 | 0,155 | 260,64 | 260,64 |  0,00 | 0,346 | 263,75 | 263,75 |  0,00 | 376,328 | 36,07 | 36,07 | 816,171 |   NaN | NaN | 0,00 | 0,00 | NaN
  47 |  0,00 | 7,395 | 603,56 | 603,56 | 636,39 |  0,00 | 0,122 | 44,35 | 44,35 |  0,00 | 0,260 | 263,55 | 263,55 |  0,00 | 0,445 | 259,58 | 259,58 |  0,00 | 391,418 | 36,07 | 36,07 | 735,392 |   NaN | NaN | 0,00 | 0,00 | NaN
  48 |  0,00 | 7,596 | 602,82 | 602,82 | 635,95 |  0,00 | 0,152 | 44,35 | 44,35 |  0,00 | 0,190 | 260,88 | 260,88 |  0,00 | 0,410 | 261,51 | 261,51 |  0,00 | 402,798 | 36,07 | 36,07 | 779,730 |   NaN | NaN | 0,00 | 0,00 | NaN
  49 |  0,00 | 7,458 | 603,47 | 603,47 | 637,51 |  0,00 | 0,164 | 44,35 | 44,35 |  0,00 | 0,275 | 262,94 | 262,94 |  0,00 | 0,497 | 260,10 | 260,10 |  0,00 | 392,860 | 36,07 | 36,07 | 739,269 |   NaN | NaN | 0,00 | 0,00 | NaN
  50 |  0,00 | 6,889 | 607,27 | 607,27 | 640,09 |  0,00 | 0,118 | 44,35 | 44,35 |  0,00 | 0,134 | 264,88 | 264,88 |  0,00 | 0,323 | 261,97 | 261,97 |  0,00 | 368,597 | 36,07 | 36,07 | 809,546 |   NaN | NaN | 0,00 | 0,00 | NaN
  51 |  0,00 | 7,663 | 605,91 | 605,91 | 638,69 |  0,00 | 0,116 | 44,35 | 44,35 |  0,00 | 0,374 | 262,01 | 262,01 |  0,00 | 0,523 | 263,47 | 263,47 |  0,00 | 404,542 | 36,07 | 36,07 | 789,569 |   NaN | NaN | 0,00 | 0,00 | NaN
  52 |  0,00 | 7,676 | 605,43 | 605,43 | 638,34 |  0,00 | 0,143 | 44,35 | 44,35 |  0,00 | 0,320 | 259,35 | 259,35 |  0,00 | 0,588 | 265,66 | 265,66 |  0,00 | 404,197 | 36,07 | 36,07 | 805,039 |   NaN | NaN | 0,00 | 0,00 | NaN
  53 |  0,00 | 7,234 | 606,27 | 606,27 | 639,07 |  0,00 | 0,130 | 44,35 | 44,35 |  0,00 | 0,180 | 264,15 | 264,15 |  0,00 | 0,317 | 261,70 | 261,70 |  0,00 | 386,303 | 36,07 | 36,07 | 820,675 |   NaN | NaN | 0,00 | 0,00 | NaN
  54 |  0,00 | 7,610 | 601,40 | 601,40 | 634,25 |  0,00 | 0,133 | 44,35 | 44,35 |  0,00 | 0,217 | 262,66 | 262,66 |  0,00 | 0,429 | 258,32 | 258,32 |  0,00 | 402,897 | 36,07 | 36,07 | 812,043 |   NaN | NaN | 0,00 | 0,00 | NaN
  55 |  0,00 | 5,834 | 602,21 | 602,21 | 634,96 |  0,00 | 0,118 | 44,35 | 44,35 |  0,00 | 0,130 | 259,63 | 259,63 |  0,00 | 0,324 | 262,16 | 262,16 |  0,00 | 309,256 | 36,07 | 36,07 | 739,295 |   NaN | NaN | 0,00 | 0,00 | NaN
  56 |  0,00 | 7,659 | 601,71 | 601,71 | 634,51 |  0,00 | 0,123 | 44,35 | 44,35 |  0,00 | 0,256 | 260,35 | 260,35 |  0,00 | 0,483 | 260,93 | 260,93 |  0,00 | 404,733 | 36,07 | 36,07 | 788,474 |   NaN | NaN | 0,00 | 0,00 | NaN
  57 |  0,00 | 7,493 | 604,83 | 604,83 | 637,68 |  0,00 | 0,120 | 44,35 | 44,35 |  0,00 | 0,179 | 261,74 | 261,74 |  0,00 | 0,467 | 262,67 | 262,67 |  0,00 | 398,125 | 36,07 | 36,07 | 755,709 |   NaN | NaN | 0,00 | 0,00 | NaN
  58 |  0,00 | 7,591 | 605,79 | 605,79 | 638,82 |  0,00 | 0,149 | 44,35 | 44,35 |  0,00 | 0,422 | 262,85 | 262,85 |  0,00 | 0,562 | 262,51 | 262,51 |  0,00 | 398,508 | 36,07 | 36,07 | 759,960 |   NaN | NaN | 0,00 | 0,00 | NaN
  59 |  0,00 | 4,469 | 609,34 | 609,34 | 644,06 |  0,00 | 0,168 | 44,35 | 44,35 |  0,00 | 0,171 | 262,14 | 262,14 |  0,00 | 0,262 | 266,77 | 266,77 |  0,00 | 235,283 | 36,07 | 36,07 | 556,052 |   NaN | NaN | 0,00 | 0,00 | NaN
  60 |  0,00 | 7,680 | 605,03 | 605,03 | 637,77 |  0,00 | 0,103 | 44,35 | 44,35 |  0,00 | 0,348 | 262,25 | 262,25 |  0,00 | 0,583 | 262,36 | 262,36 |  0,00 | 404,988 | 36,07 | 36,07 | 793,133 |   NaN | NaN | 0,00 | 0,00 | NaN
  61 |  0,00 | 7,144 | 608,83 | 608,83 | 641,65 |  0,00 | 0,125 | 44,35 | 44,35 |  0,00 | 0,171 | 264,26 | 264,26 |  0,00 | 0,359 | 264,14 | 264,14 |  0,00 | 381,906 | 36,07 | 36,07 | 819,814 |   NaN | NaN | 0,00 | 0,00 | NaN
  62 |  0,00 | 7,587 | 608,52 | 608,52 | 649,59 |  0,00 | 0,187 | 44,35 | 44,35 |  0,00 | 0,293 | 264,38 | 264,38 |  0,00 | 0,335 | 263,71 | 263,71 |  0,00 | 403,178 | 36,07 | 36,07 | 780,081 |   NaN | NaN | 0,00 | 0,00 | NaN
  63 |  0,00 | 6,281 | 606,06 | 606,06 | 638,98 |  0,00 | 0,142 | 44,35 | 44,35 |  0,00 | 0,163 | 264,12 | 264,12 |  0,00 | 0,301 | 261,52 | 261,52 |  0,00 | 334,092 | 36,07 | 36,07 | 772,974 |   NaN | NaN | 0,00 | 0,00 | NaN
  64 |  0,00 | 7,716 | 602,36 | 602,36 | 643,05 |  0,00 | 0,186 | 44,35 | 44,35 |  0,00 | 0,358 | 261,71 | 261,71 |  0,00 | 0,607 | 260,22 | 260,22 |  0,00 | 403,283 | 36,07 | 36,07 | 813,162 |   NaN | NaN | 0,00 | 0,00 | NaN

= = = = = = = = = = = = AVERAGE RESULTS system = = = = = = = = = = = =
meanPLR_system | 0,000000 
meanDelay_system | 5,059881 
meanLoad_system | 605,306959 
meanTHR_system | 605,306959 
meanGate_system | 639,807598 

meanPLR_EF_system | 0,000000 
meanPLR_AF_system | 0,000000 
meanPLR_BE_system | 0,000000 
meanPLR_FLA_system | 0,000000 
meanPLR_FLB_system | NaN 

meanTHR_EF_system | 44,352003 
meanTHR_AF_system | 262,648268 
meanTHR_BE_system | 262,231889 
meanTHR_FLA_system | 36,701696 
meanTHR_FLB_system | 0,000000 

meanLoad_EF_system | 44,352003 
meanLoad_AF_system | 262,648268 
meanLoad_BE_system | 262,231889 
meanLoad_FLA_system | 36,701696 
meanLoad_FLB_system | 0,000000 

meanDELAY_EF_system | 0,147239 
meanDELAY_AF_system | 0,213749 
meanDELAY_BE_system | 0,368487 
meanDELAY_FLA_system | 265,169378 
meanDELAY_FLB_system | NaN 
meanDELAY_CompleteFLA_system | 557,687680 
meanDELAY_CompleteFLB_system | NaN 

= = = = = = = = = = = = AVERAGE RESULTS = = = = = = = = = = = =
Packet Loss Ratio: 00,00 (%)
PROCESSED PACKAGES: 1850561525 
DISCARTED PACKAGES: 0 
TOTAL PACKAGES: 1850561525 
AVERAGE DELAY: 832,81 (ms) 
AVERAGE THROUGHPUT: 605,31 (Mbps) 
GRANTED THROUGHPUT: 40947,69 (Mbps) By 64 ONUs
EFFECTIVE THROUGHPUT: 38739,65 (Mbps) By 64 ONUs
TOTAL LOAD: 38739,65 (Mbps) By 64 ONUs
ON Arrival THROUGHPUT: 0,00 (Mbps) By 64 ONUs
FINISHTIMEFL: 172,635075 
FINISHTIME: 175,635075 


fileName | IPACT_LBCONSTANTTOKENSBYCYCLE_4_30_70_0 
