
ONU ID 	|  PLR(%) | Delay(ms) | Throughput(Mbps) | Granted Throughput(Mbps) | Total Load (Mbps) 

  ID |  PLR(%) |  D  | Thr |  Gates  |  Load  | PLR-EF | D-EF | ThrEF | LoadEF | PLR-AF | D-AF | ThrAF | LoadAF | PLR-BE | D-BE | ThrBE | LoadBE | PLR-FA | D-FA | ThrFA | LoadFA | DTFA |  PLR-FB | D-FB | ThrFB | LoadFB | DTFB | 
   1 |  0,00 | 2,835 | 717,66 | 717,66 | 729,77 |  0,00 | 0,656 | 44,35 | 44,35 |  0,00 | 2,187 | 323,05 | 323,05 |  0,00 | 4,154 | 314,59 | 314,59 |  0,00 | 50,020 | 35,67 | 35,67 | 120,148 |   NaN | NaN | 0,00 | 0,00 | NaN
   2 |  0,00 | 10,648 | 719,74 | 719,74 | 733,26 |  0,00 | 0,668 | 44,35 | 44,35 |  0,00 | 0,790 | 322,71 | 322,71 |  0,00 | 4,016 | 317,01 | 317,01 |  0,00 | 555,722 | 35,67 | 35,67 | 1049,545 |   NaN | NaN | 0,00 | 0,00 | NaN
   3 |  0,00 | 9,785 | 715,17 | 715,17 | 726,72 |  0,00 | 0,605 | 44,35 | 44,35 |  0,00 | 0,713 | 318,06 | 318,06 |  0,00 | 2,974 | 317,09 | 317,09 |  0,00 | 520,914 | 35,67 | 35,67 | 979,263 |   NaN | NaN | 0,00 | 0,00 | NaN
   4 |  0,00 | 2,703 | 722,30 | 722,30 | 733,84 |  0,00 | 0,610 | 44,35 | 44,35 |  0,00 | 2,152 | 323,09 | 323,09 |  0,00 | 3,890 | 319,19 | 319,19 |  0,00 | 47,818 | 35,67 | 35,67 | 112,940 |   NaN | NaN | 0,00 | 0,00 | NaN
   5 |  0,00 | 14,773 | 715,86 | 715,86 | 727,43 |  0,00 | 0,636 | 44,35 | 44,35 |  0,00 | 0,844 | 318,35 | 318,35 |  0,00 | 2,666 | 317,49 | 317,49 |  0,00 | 828,844 | 35,67 | 35,67 | 1616,289 |   NaN | NaN | 0,00 | 0,00 | NaN
   6 |  0,00 | 12,235 | 719,97 | 719,97 | 731,49 |  0,00 | 0,584 | 44,35 | 44,35 |  0,00 | 0,703 | 320,47 | 320,47 |  0,00 | 4,794 | 319,48 | 319,48 |  0,00 | 643,406 | 35,67 | 35,67 | 1222,816 |   NaN | NaN | 0,00 | 0,00 | NaN
   7 |  0,00 | 4,197 | 720,04 | 720,04 | 731,55 |  0,00 | 0,603 | 44,35 | 44,35 |  0,00 | 0,760 | 320,99 | 320,99 |  0,00 | 4,311 | 319,02 | 319,02 |  0,00 | 156,332 | 35,67 | 35,67 | 324,682 |   NaN | NaN | 0,00 | 0,00 | NaN
   8 |  0,00 | 10,789 | 718,90 | 718,90 | 730,83 |  0,00 | 0,653 | 44,35 | 44,35 |  0,00 | 0,765 | 318,22 | 318,22 |  0,00 | 3,128 | 320,66 | 320,66 |  0,00 | 579,168 | 35,67 | 35,67 | 1095,888 |   NaN | NaN | 0,00 | 0,00 | NaN
   9 |  0,00 | 5,902 | 719,85 | 719,85 | 731,36 |  0,00 | 0,592 | 44,35 | 44,35 |  0,00 | 0,614 | 319,30 | 319,30 |  0,00 | 2,022 | 320,53 | 320,53 |  0,00 | 302,279 | 35,67 | 35,67 | 586,571 |   NaN | NaN | 0,00 | 0,00 | NaN
  10 |  0,00 | 2,579 | 716,14 | 716,14 | 728,07 |  0,00 | 0,654 | 44,35 | 44,35 |  0,00 | 2,155 | 318,58 | 318,58 |  0,00 | 3,336 | 317,54 | 317,54 |  0,00 | 48,349 | 35,67 | 35,67 | 117,361 |   NaN | NaN | 0,00 | 0,00 | NaN
  11 |  0,00 | 18,585 | 715,03 | 715,03 | 726,56 |  0,00 | 0,593 | 44,35 | 44,35 |  0,00 | 0,925 | 315,26 | 315,26 |  0,00 | 3,434 | 319,75 | 319,75 |  0,00 | 1048,057 | 35,67 | 35,67 | 2242,199 |   NaN | NaN | 0,00 | 0,00 | NaN
  12 |  0,00 | 12,727 | 717,72 | 717,72 | 729,80 |  0,00 | 0,655 | 44,35 | 44,35 |  0,00 | 0,752 | 318,60 | 318,60 |  0,00 | 3,882 | 319,10 | 319,10 |  0,00 | 684,963 | 35,67 | 35,67 | 1307,205 |   NaN | NaN | 0,00 | 0,00 | NaN
  13 |  0,00 | 10,181 | 711,45 | 711,45 | 723,00 |  0,00 | 0,620 | 44,35 | 44,35 |  0,00 | 0,673 | 317,48 | 317,48 |  0,00 | 2,635 | 313,95 | 313,95 |  0,00 | 549,578 | 35,67 | 35,67 | 1037,361 |   NaN | NaN | 0,00 | 0,00 | NaN
  14 |  0,00 | 15,148 | 718,75 | 718,75 | 731,34 |  0,00 | 0,661 | 44,35 | 44,35 |  0,00 | 1,017 | 319,51 | 319,51 |  0,00 | 4,684 | 319,22 | 319,22 |  0,00 | 816,085 | 35,67 | 35,67 | 1587,202 |   NaN | NaN | 0,00 | 0,00 | NaN
  15 |  0,00 | 3,870 | 714,39 | 714,39 | 726,47 |  0,00 | 0,655 | 44,35 | 44,35 |  0,00 | 0,702 | 313,62 | 313,62 |  0,00 | 2,818 | 320,75 | 320,75 |  0,00 | 159,870 | 35,67 | 35,67 | 334,803 |   NaN | NaN | 0,00 | 0,00 | NaN
  16 |  0,00 | 7,748 | 726,18 | 726,18 | 737,85 |  0,00 | 0,647 | 44,35 | 44,35 |  0,00 | 0,729 | 320,73 | 320,73 |  0,00 | 2,613 | 325,42 | 325,42 |  0,00 | 404,200 | 35,67 | 35,67 | 770,295 |   NaN | NaN | 0,00 | 0,00 | NaN
  17 |  0,00 | 7,369 | 720,87 | 720,87 | 733,27 |  0,00 | 0,659 | 44,35 | 44,35 |  0,00 | 0,691 | 321,86 | 321,86 |  0,00 | 3,364 | 318,99 | 318,99 |  0,00 | 367,166 | 35,67 | 35,67 | 705,330 |   NaN | NaN | 0,00 | 0,00 | NaN
  18 |  0,00 | 15,888 | 715,04 | 715,04 | 726,61 |  0,00 | 0,636 | 44,35 | 44,35 |  0,00 | 0,791 | 317,06 | 317,06 |  0,00 | 2,476 | 317,96 | 317,96 |  0,00 | 900,405 | 35,67 | 35,67 | 2099,810 |   NaN | NaN | 0,00 | 0,00 | NaN
  19 |  0,00 | 17,427 | 709,78 | 709,78 | 721,31 |  0,00 | 0,627 | 44,35 | 44,35 |  0,00 | 0,981 | 313,80 | 313,80 |  0,00 | 3,416 | 315,96 | 315,96 |  0,00 | 971,541 | 35,67 | 35,67 | 1981,209 |   NaN | NaN | 0,00 | 0,00 | NaN
  20 |  0,00 | 18,542 | 713,09 | 713,09 | 724,62 |  0,00 | 0,623 | 44,35 | 44,35 |  0,00 | 0,970 | 319,17 | 319,17 |  0,00 | 4,199 | 313,90 | 313,90 |  0,00 | 1030,274 | 35,67 | 35,67 | 2234,509 |   NaN | NaN | 0,00 | 0,00 | NaN
  21 |  0,00 | 3,030 | 707,84 | 707,84 | 719,37 |  0,00 | 0,627 | 44,35 | 44,35 |  0,00 | 0,745 | 315,04 | 315,04 |  0,00 | 3,465 | 312,78 | 312,78 |  0,00 | 97,876 | 35,67 | 35,67 | 203,280 |   NaN | NaN | 0,00 | 0,00 | NaN
  22 |  0,00 | 15,574 | 722,22 | 722,22 | 735,39 |  0,00 | 0,666 | 44,35 | 44,35 |  0,00 | 0,959 | 324,79 | 324,79 |  0,00 | 3,928 | 317,41 | 317,41 |  0,00 | 858,909 | 35,67 | 35,67 | 1690,352 |   NaN | NaN | 0,00 | 0,00 | NaN
  23 |  0,00 | 18,800 | 718,16 | 718,16 | 729,87 |  0,00 | 0,648 | 44,35 | 44,35 |  0,00 | 1,039 | 319,15 | 319,15 |  0,00 | 4,140 | 318,99 | 318,99 |  0,00 | 1049,017 | 35,67 | 35,67 | 2179,281 |   NaN | NaN | 0,00 | 0,00 | NaN
  24 |  0,00 | 10,298 | 720,83 | 720,83 | 732,36 |  0,00 | 0,609 | 44,35 | 44,35 |  0,00 | 0,715 | 318,91 | 318,91 |  0,00 | 2,613 | 321,90 | 321,90 |  0,00 | 560,645 | 35,67 | 35,67 | 1058,402 |   NaN | NaN | 0,00 | 0,00 | NaN
  25 |  0,00 | 4,696 | 722,20 | 722,20 | 735,57 |  0,00 | 0,667 | 44,35 | 44,35 |  0,00 | 0,700 | 317,76 | 317,76 |  0,00 | 4,169 | 324,43 | 324,43 |  0,00 | 188,203 | 35,67 | 35,67 | 394,574 |   NaN | NaN | 0,00 | 0,00 | NaN
  26 |  0,00 | 4,016 | 713,84 | 713,84 | 726,69 |  0,00 | 0,663 | 44,35 | 44,35 |  0,00 | 0,895 | 317,93 | 317,93 |  0,00 | 3,563 | 315,89 | 315,89 |  0,00 | 153,297 | 35,67 | 35,67 | 313,495 |   NaN | NaN | 0,00 | 0,00 | NaN
  27 |  0,00 | 15,109 | 715,23 | 715,23 | 726,76 |  0,00 | 0,590 | 44,35 | 44,35 |  0,00 | 0,740 | 320,15 | 320,15 |  0,00 | 1,977 | 315,05 | 315,05 |  0,00 | 863,613 | 35,67 | 35,67 | 2053,505 |   NaN | NaN | 0,00 | 0,00 | NaN
  28 |  0,00 | 19,291 | 710,38 | 710,38 | 722,52 |  0,00 | 0,656 | 44,35 | 44,35 |  0,00 | 0,974 | 318,14 | 318,14 |  0,00 | 5,455 | 312,22 | 312,22 |  0,00 | 1051,890 | 35,67 | 35,67 | 2189,273 |   NaN | NaN | 0,00 | 0,00 | NaN
  29 |  0,00 | 18,520 | 719,78 | 719,78 | 731,33 |  0,00 | 0,635 | 44,35 | 44,35 |  0,00 | 0,915 | 319,71 | 319,71 |  0,00 | 2,997 | 320,05 | 320,05 |  0,00 | 1054,811 | 35,67 | 35,67 | 2235,127 |   NaN | NaN | 0,00 | 0,00 | NaN
  30 |  0,00 | 17,076 | 714,62 | 714,62 | 727,81 |  0,00 | 0,666 | 44,35 | 44,35 |  0,00 | 0,794 | 317,09 | 317,09 |  0,00 | 2,188 | 317,51 | 317,51 |  0,00 | 976,944 | 35,67 | 35,67 | 2183,666 |   NaN | NaN | 0,00 | 0,00 | NaN
  31 |  0,00 | 18,748 | 714,53 | 714,53 | 726,08 |  0,00 | 0,633 | 44,35 | 44,35 |  0,00 | 1,090 | 319,53 | 319,53 |  0,00 | 3,610 | 314,97 | 314,97 |  0,00 | 1051,554 | 35,67 | 35,67 | 2187,201 |   NaN | NaN | 0,00 | 0,00 | NaN
  32 |  0,00 | 18,505 | 719,53 | 719,53 | 731,07 |  0,00 | 0,589 | 44,35 | 44,35 |  0,00 | 1,052 | 319,46 | 319,46 |  0,00 | 3,375 | 320,05 | 320,05 |  0,00 | 1046,316 | 35,67 | 35,67 | 2242,372 |   NaN | NaN | 0,00 | 0,00 | NaN
  33 |  0,00 | 18,383 | 714,95 | 714,95 | 726,94 |  0,00 | 0,654 | 44,35 | 44,35 |  0,00 | 1,129 | 316,89 | 316,89 |  0,00 | 4,310 | 318,03 | 318,03 |  0,00 | 1016,083 | 35,67 | 35,67 | 2222,091 |   NaN | NaN | 0,00 | 0,00 | NaN
  34 |  0,00 | 13,414 | 715,67 | 715,67 | 727,33 |  0,00 | 0,646 | 44,35 | 44,35 |  0,00 | 0,699 | 318,62 | 318,62 |  0,00 | 1,680 | 317,03 | 317,03 |  0,00 | 764,305 | 35,67 | 35,67 | 1914,903 |   NaN | NaN | 0,00 | 0,00 | NaN
  35 |  0,00 | 11,631 | 722,67 | 722,67 | 734,20 |  0,00 | 0,595 | 44,35 | 44,35 |  0,00 | 0,631 | 320,91 | 320,91 |  0,00 | 1,459 | 321,74 | 321,74 |  0,00 | 665,032 | 35,67 | 35,67 | 1733,301 |   NaN | NaN | 0,00 | 0,00 | NaN
  36 |  0,00 | 14,556 | 715,04 | 715,04 | 726,79 |  0,00 | 0,648 | 44,35 | 44,35 |  0,00 | 0,811 | 314,54 | 314,54 |  0,00 | 2,247 | 320,48 | 320,48 |  0,00 | 822,028 | 35,67 | 35,67 | 2001,945 |   NaN | NaN | 0,00 | 0,00 | NaN
  37 |  0,00 | 18,285 | 723,27 | 723,27 | 734,81 |  0,00 | 0,631 | 44,35 | 44,35 |  0,00 | 0,965 | 323,69 | 323,69 |  0,00 | 2,788 | 319,56 | 319,56 |  0,00 | 1046,509 | 35,67 | 35,67 | 2243,032 |   NaN | NaN | 0,00 | 0,00 | NaN
  38 |  0,00 | 16,584 | 720,87 | 720,87 | 732,38 |  0,00 | 0,622 | 44,35 | 44,35 |  0,00 | 0,674 | 320,24 | 320,24 |  0,00 | 2,002 | 320,60 | 320,60 |  0,00 | 958,077 | 35,67 | 35,67 | 2167,523 |   NaN | NaN | 0,00 | 0,00 | NaN
  39 |  0,00 | 17,973 | 706,69 | 706,69 | 719,91 |  0,00 | 0,666 | 44,35 | 44,35 |  0,00 | 0,735 | 314,59 | 314,59 |  0,00 | 2,480 | 312,08 | 312,08 |  0,00 | 1021,028 | 35,67 | 35,67 | 2226,580 |   NaN | NaN | 0,00 | 0,00 | NaN
  40 |  0,00 | 15,323 | 710,87 | 710,87 | 724,04 |  0,00 | 0,666 | 44,35 | 44,35 |  0,00 | 0,750 | 318,75 | 318,75 |  0,00 | 2,034 | 312,10 | 312,10 |  0,00 | 870,530 | 35,67 | 35,67 | 2063,513 |   NaN | NaN | 0,00 | 0,00 | NaN
  41 |  0,00 | 18,529 | 721,09 | 721,09 | 732,86 |  0,00 | 0,649 | 44,35 | 44,35 |  0,00 | 0,905 | 316,33 | 316,33 |  0,00 | 2,765 | 324,73 | 324,73 |  0,00 | 1060,029 | 35,67 | 35,67 | 2220,417 |   NaN | NaN | 0,00 | 0,00 | NaN
  42 |  0,00 | 19,022 | 722,43 | 722,43 | 733,94 |  0,00 | 0,594 | 44,35 | 44,35 |  0,00 | 0,821 | 320,85 | 320,85 |  0,00 | 5,008 | 321,56 | 321,56 |  0,00 | 1056,763 | 35,67 | 35,67 | 2236,896 |   NaN | NaN | 0,00 | 0,00 | NaN
  43 |  0,00 | 18,312 | 727,34 | 727,34 | 740,46 |  0,00 | 0,673 | 44,35 | 44,35 |  0,00 | 0,796 | 324,45 | 324,45 |  0,00 | 4,711 | 322,87 | 322,87 |  0,00 | 1020,344 | 35,67 | 35,67 | 2226,980 |   NaN | NaN | 0,00 | 0,00 | NaN
  44 |  0,00 | 19,232 | 720,35 | 720,35 | 731,85 |  0,00 | 0,585 | 44,35 | 44,35 |  0,00 | 1,337 | 318,47 | 318,47 |  0,00 | 5,035 | 321,86 | 321,86 |  0,00 | 1058,694 | 35,67 | 35,67 | 2212,148 |   NaN | NaN | 0,00 | 0,00 | NaN
  45 |  0,00 | 19,066 | 715,25 | 715,25 | 728,97 |  0,00 | 0,669 | 44,35 | 44,35 |  0,00 | 0,858 | 321,97 | 321,97 |  0,00 | 4,639 | 313,25 | 313,25 |  0,00 | 1057,661 | 35,67 | 35,67 | 2233,663 |   NaN | NaN | 0,00 | 0,00 | NaN
  46 |  0,00 | 18,229 | 716,40 | 716,40 | 727,92 |  0,00 | 0,608 | 44,35 | 44,35 |  0,00 | 0,819 | 316,46 | 316,46 |  0,00 | 3,220 | 319,92 | 319,92 |  0,00 | 1032,606 | 35,67 | 35,67 | 2235,397 |   NaN | NaN | 0,00 | 0,00 | NaN
  47 |  0,00 | 18,830 | 715,89 | 715,89 | 727,42 |  0,00 | 0,606 | 44,35 | 44,35 |  0,00 | 0,995 | 319,79 | 319,79 |  0,00 | 4,459 | 316,07 | 316,07 |  0,00 | 1045,701 | 35,67 | 35,67 | 2169,916 |   NaN | NaN | 0,00 | 0,00 | NaN
  48 |  0,00 | 18,223 | 714,17 | 714,17 | 725,75 |  0,00 | 0,636 | 44,35 | 44,35 |  0,00 | 0,716 | 317,02 | 317,02 |  0,00 | 1,695 | 317,13 | 317,13 |  0,00 | 1057,078 | 35,67 | 35,67 | 2208,950 |   NaN | NaN | 0,00 | 0,00 | NaN
  49 |  0,00 | 18,376 | 714,50 | 714,50 | 726,25 |  0,00 | 0,648 | 44,35 | 44,35 |  0,00 | 0,905 | 318,72 | 318,72 |  0,00 | 2,735 | 315,76 | 315,76 |  0,00 | 1045,764 | 35,67 | 35,67 | 2171,797 |   NaN | NaN | 0,00 | 0,00 | NaN
  50 |  0,00 | 17,799 | 719,67 | 719,67 | 731,20 |  0,00 | 0,602 | 44,35 | 44,35 |  0,00 | 0,747 | 321,79 | 321,79 |  0,00 | 2,284 | 317,86 | 317,86 |  0,00 | 1026,509 | 35,67 | 35,67 | 2231,963 |   NaN | NaN | 0,00 | 0,00 | NaN
  51 |  0,00 | 18,767 | 718,08 | 718,08 | 729,60 |  0,00 | 0,601 | 44,35 | 44,35 |  0,00 | 1,192 | 318,02 | 318,02 |  0,00 | 3,277 | 320,03 | 320,03 |  0,00 | 1060,088 | 35,67 | 35,67 | 2217,254 |   NaN | NaN | 0,00 | 0,00 | NaN
  52 |  0,00 | 19,584 | 716,44 | 716,44 | 727,99 |  0,00 | 0,627 | 44,35 | 44,35 |  0,00 | 1,173 | 314,17 | 314,17 |  0,00 | 6,036 | 322,25 | 322,25 |  0,00 | 1061,070 | 35,67 | 35,67 | 2232,963 |   NaN | NaN | 0,00 | 0,00 | NaN
  53 |  0,00 | 18,497 | 718,96 | 718,96 | 730,48 |  0,00 | 0,614 | 44,35 | 44,35 |  0,00 | 0,952 | 321,07 | 321,07 |  0,00 | 3,528 | 317,87 | 317,87 |  0,00 | 1043,983 | 35,67 | 35,67 | 2240,957 |   NaN | NaN | 0,00 | 0,00 | NaN
  54 |  0,00 | 18,716 | 712,42 | 712,42 | 723,94 |  0,00 | 0,617 | 44,35 | 44,35 |  0,00 | 0,860 | 319,34 | 319,34 |  0,00 | 3,303 | 313,06 | 313,06 |  0,00 | 1057,177 | 35,67 | 35,67 | 2234,830 |   NaN | NaN | 0,00 | 0,00 | NaN
  55 |  0,00 | 16,415 | 713,77 | 713,77 | 725,31 |  0,00 | 0,602 | 44,35 | 44,35 |  0,00 | 0,662 | 315,31 | 315,31 |  0,00 | 1,629 | 318,44 | 318,44 |  0,00 | 948,843 | 35,67 | 35,67 | 2155,368 |   NaN | NaN | 0,00 | 0,00 | NaN
  56 |  0,00 | 18,668 | 713,44 | 713,44 | 724,97 |  0,00 | 0,607 | 44,35 | 44,35 |  0,00 | 0,992 | 316,27 | 316,27 |  0,00 | 2,876 | 317,16 | 317,16 |  0,00 | 1059,897 | 35,67 | 35,67 | 2217,912 |   NaN | NaN | 0,00 | 0,00 | NaN
  57 |  0,00 | 18,667 | 716,53 | 716,53 | 728,05 |  0,00 | 0,605 | 44,35 | 44,35 |  0,00 | 0,806 | 317,53 | 317,53 |  0,00 | 3,710 | 318,98 | 318,98 |  0,00 | 1051,582 | 35,67 | 35,67 | 2186,869 |   NaN | NaN | 0,00 | 0,00 | NaN
  58 |  0,00 | 19,239 | 718,20 | 718,20 | 729,74 |  0,00 | 0,633 | 44,35 | 44,35 |  0,00 | 1,392 | 319,08 | 319,08 |  0,00 | 5,159 | 319,10 | 319,10 |  0,00 | 1053,227 | 35,67 | 35,67 | 2191,497 |   NaN | NaN | 0,00 | 0,00 | NaN
  59 |  0,00 | 13,605 | 722,27 | 722,27 | 734,11 |  0,00 | 0,652 | 44,35 | 44,35 |  0,00 | 0,674 | 318,11 | 318,11 |  0,00 | 1,500 | 324,14 | 324,14 |  0,00 | 783,335 | 35,67 | 35,67 | 1946,486 |   NaN | NaN | 0,00 | 0,00 | NaN
  60 |  0,00 | 19,226 | 717,64 | 717,64 | 729,15 |  0,00 | 0,587 | 44,35 | 44,35 |  0,00 | 1,195 | 318,95 | 318,95 |  0,00 | 4,950 | 318,66 | 318,66 |  0,00 | 1059,949 | 35,67 | 35,67 | 2220,702 |   NaN | NaN | 0,00 | 0,00 | NaN
  61 |  0,00 | 18,401 | 720,82 | 720,82 | 732,34 |  0,00 | 0,609 | 44,35 | 44,35 |  0,00 | 0,922 | 320,43 | 320,43 |  0,00 | 3,579 | 320,37 | 320,37 |  0,00 | 1039,178 | 35,67 | 35,67 | 2240,921 |   NaN | NaN | 0,00 | 0,00 | NaN
  62 |  0,00 | 18,545 | 721,01 | 721,01 | 735,01 |  0,00 | 0,671 | 44,35 | 44,35 |  0,00 | 0,890 | 320,29 | 320,29 |  0,00 | 2,932 | 320,69 | 320,69 |  0,00 | 1058,032 | 35,67 | 35,67 | 2209,787 |   NaN | NaN | 0,00 | 0,00 | NaN
  63 |  0,00 | 17,070 | 717,60 | 717,60 | 729,14 |  0,00 | 0,626 | 44,35 | 44,35 |  0,00 | 0,867 | 320,23 | 320,23 |  0,00 | 1,946 | 317,36 | 317,36 |  0,00 | 982,990 | 35,67 | 35,67 | 2189,606 |   NaN | NaN | 0,00 | 0,00 | NaN
  64 |  0,00 | 19,154 | 712,42 | 712,42 | 726,29 |  0,00 | 0,670 | 44,35 | 44,35 |  0,00 | 1,132 | 316,82 | 316,82 |  0,00 | 4,458 | 315,58 | 315,58 |  0,00 | 1058,440 | 35,67 | 35,67 | 2236,919 |   NaN | NaN | 0,00 | 0,00 | NaN

= = = = = = = = = = = = AVERAGE RESULTS system = = = = = = = = = = = =
meanPLR_system | 0,000000 
meanDelay_system | 14,592387 
meanLoad_system | 717,247039 
meanTHR_system | 717,247039 
meanGate_system | 729,204738 

meanPLR_EF_system | 0,000000 
meanPLR_AF_system | 0,000000 
meanPLR_BE_system | 0,000000 
meanPLR_FLA_system | 0,000000 
meanPLR_FLB_system | NaN 

meanTHR_EF_system | 44,352003 
meanTHR_AF_system | 318,864060 
meanTHR_BE_system | 318,362219 
meanTHR_FLA_system | 36,281502 
meanTHR_FLB_system | 0,000000 

meanLoad_EF_system | 44,352003 
meanLoad_AF_system | 318,864060 
meanLoad_BE_system | 318,362219 
meanLoad_FLA_system | 36,281502 
meanLoad_FLB_system | 0,000000 

meanDELAY_EF_system | 0,631355 
meanDELAY_AF_system | 0,930162 
meanDELAY_BE_system | 3,355056 
meanDELAY_FLA_system | 805,634330 
meanDELAY_FLB_system | NaN 
meanDELAY_CompleteFLA_system | 1717,172490 
meanDELAY_CompleteFLB_system | NaN 

= = = = = = = = = = = = AVERAGE RESULTS = = = = = = = = = = = =
Packet Loss Ratio: 00,00 (%)
PROCESSED PACKAGES: 2071828318 
DISCARTED PACKAGES: 0 
TOTAL PACKAGES: 2071828318 
AVERAGE DELAY: 2658,99 (ms) 
AVERAGE THROUGHPUT: 717,25 (Mbps) 
GRANTED THROUGHPUT: 46669,10 (Mbps) By 64 ONUs
EFFECTIVE THROUGHPUT: 45903,81 (Mbps) By 64 ONUs
TOTAL LOAD: 45903,81 (Mbps) By 64 ONUs
ON Arrival THROUGHPUT: 0,00 (Mbps) By 64 ONUs
FINISHTIMEFL: 174,634445 
FINISHTIME: 177,634445 


fileName | IPACT_LBCONSTANTTOKENSBYCYCLE_4_30_85_0 
