
ONU ID 	|  PLR(%) | Delay(ms) | Throughput(Mbps) | Granted Throughput(Mbps) | Total Load (Mbps) 

  ID |  PLR(%) |  D  | Thr |  Gates  |  Load  | PLR-EF | D-EF | ThrEF | LoadEF | PLR-AF | D-AF | ThrAF | LoadAF | PLR-BE | D-BE | ThrBE | LoadBE | PLR-FA | D-FA | ThrFA | LoadFA | DTFA |  PLR-FB | D-FB | ThrFB | LoadFB | DTFB | 
   1 |  0,00 | 22,104 | 727,37 | 727,37 | 737,40 |  0,00 | 0,833 | 44,35 | 44,35 |  0,00 | 7,643 | 323,09 | 323,09 |  0,00 | 58,334 | 314,97 | 314,97 |  0,00 | 189,321 | 44,95 | 44,95 | 397,632 |   NaN | NaN | 0,00 | 0,00 | NaN
   2 |  0,00 | 22,661 | 729,51 | 729,51 | 740,67 |  0,00 | 0,845 | 44,35 | 44,35 |  0,00 | 1,512 | 321,87 | 321,87 |  0,00 | 25,170 | 318,33 | 318,33 |  0,00 | 735,762 | 44,95 | 44,95 | 1490,806 |   NaN | NaN | 0,00 | 0,00 | NaN
   3 |  0,00 | 21,659 | 723,82 | 723,82 | 733,44 |  0,00 | 0,781 | 44,35 | 44,35 |  0,00 | 1,008 | 318,80 | 318,80 |  0,00 | 24,312 | 315,71 | 315,71 |  0,00 | 703,940 | 44,95 | 44,95 | 1427,145 |   NaN | NaN | 0,00 | 0,00 | NaN
   4 |  0,00 | 18,835 | 731,78 | 731,78 | 741,33 |  0,00 | 0,787 | 44,35 | 44,35 |  0,00 | 11,435 | 323,48 | 323,48 |  0,00 | 46,184 | 318,99 | 318,99 |  0,00 | 135,073 | 44,95 | 44,95 | 287,839 |   NaN | NaN | 0,00 | 0,00 | NaN
   5 |  0,00 | 26,495 | 725,09 | 725,09 | 734,74 |  0,00 | 0,812 | 44,35 | 44,35 |  0,00 | 1,083 | 317,61 | 317,61 |  0,00 | 19,090 | 318,17 | 318,17 |  0,00 | 1006,636 | 44,95 | 44,95 | 2032,795 |   NaN | NaN | 0,00 | 0,00 | NaN
   6 |  0,00 | 24,825 | 730,78 | 730,78 | 740,38 |  0,00 | 0,761 | 44,35 | 44,35 |  0,00 | 1,223 | 322,27 | 322,27 |  0,00 | 27,294 | 319,21 | 319,21 |  0,00 | 819,352 | 44,95 | 44,95 | 1658,112 |   NaN | NaN | 0,00 | 0,00 | NaN
   7 |  0,00 | 23,398 | 727,84 | 727,84 | 737,46 |  0,00 | 0,779 | 44,35 | 44,35 |  0,00 | 1,634 | 320,45 | 320,45 |  0,00 | 57,648 | 318,09 | 318,09 |  0,00 | 337,184 | 44,95 | 44,95 | 693,884 |   NaN | NaN | 0,00 | 0,00 | NaN
   8 |  0,00 | 23,095 | 727,90 | 727,90 | 737,80 |  0,00 | 0,829 | 44,35 | 44,35 |  0,00 | 1,264 | 317,51 | 317,51 |  0,00 | 24,367 | 321,09 | 321,09 |  0,00 | 767,308 | 44,95 | 44,95 | 1553,840 |   NaN | NaN | 0,00 | 0,00 | NaN
   9 |  0,00 | 22,317 | 730,16 | 730,16 | 739,80 |  0,00 | 0,769 | 44,35 | 44,35 |  0,00 | 1,042 | 321,15 | 321,15 |  0,00 | 41,280 | 319,70 | 319,70 |  0,00 | 510,127 | 44,95 | 44,95 | 1039,529 |   NaN | NaN | 0,00 | 0,00 | NaN
  10 |  0,00 | 21,380 | 726,30 | 726,30 | 736,19 |  0,00 | 0,830 | 44,35 | 44,35 |  0,00 | 9,515 | 318,92 | 318,92 |  0,00 | 54,534 | 318,07 | 318,07 |  0,00 | 172,379 | 44,95 | 44,95 | 363,733 |   NaN | NaN | 0,00 | 0,00 | NaN
  11 |  0,00 | 33,013 | 724,53 | 724,53 | 734,15 |  0,00 | 0,770 | 44,35 | 44,35 |  0,00 | 1,140 | 315,33 | 315,33 |  0,00 | 13,074 | 319,90 | 319,90 |  0,00 | 1403,393 | 44,95 | 44,95 | 2826,729 |   NaN | NaN | 0,00 | 0,00 | NaN
  12 |  0,00 | 24,189 | 727,28 | 727,28 | 737,31 |  0,00 | 0,832 | 44,35 | 44,35 |  0,00 | 1,124 | 318,68 | 318,68 |  0,00 | 21,835 | 319,30 | 319,30 |  0,00 | 857,574 | 44,95 | 44,95 | 1734,804 |   NaN | NaN | 0,00 | 0,00 | NaN
  13 |  0,00 | 24,243 | 720,89 | 720,89 | 730,51 |  0,00 | 0,797 | 44,35 | 44,35 |  0,00 | 1,172 | 316,97 | 316,97 |  0,00 | 30,985 | 314,62 | 314,62 |  0,00 | 737,481 | 44,95 | 44,95 | 1494,381 |   NaN | NaN | 0,00 | 0,00 | NaN
  14 |  0,00 | 28,290 | 729,22 | 729,22 | 739,66 |  0,00 | 0,838 | 44,35 | 44,35 |  0,00 | 1,316 | 319,86 | 319,86 |  0,00 | 26,663 | 320,06 | 320,06 |  0,00 | 992,170 | 44,95 | 44,95 | 2003,872 |   NaN | NaN | 0,00 | 0,00 | NaN
  15 |  0,00 | 21,183 | 724,74 | 724,74 | 734,75 |  0,00 | 0,832 | 44,35 | 44,35 |  0,00 | 1,550 | 314,52 | 314,52 |  0,00 | 48,412 | 320,91 | 320,91 |  0,00 | 344,046 | 44,95 | 44,95 | 707,546 |   NaN | NaN | 0,00 | 0,00 | NaN
  16 |  0,00 | 21,343 | 735,56 | 735,56 | 745,30 |  0,00 | 0,823 | 44,35 | 44,35 |  0,00 | 1,169 | 320,22 | 320,22 |  0,00 | 30,370 | 326,03 | 326,03 |  0,00 | 602,571 | 44,95 | 44,95 | 1224,259 |   NaN | NaN | 0,00 | 0,00 | NaN
  17 |  0,00 | 25,290 | 729,94 | 729,94 | 740,19 |  0,00 | 0,836 | 44,35 | 44,35 |  0,00 | 1,004 | 321,44 | 321,44 |  0,00 | 47,333 | 319,20 | 319,20 |  0,00 | 574,490 | 44,95 | 44,95 | 1168,237 |   NaN | NaN | 0,00 | 0,00 | NaN
  18 |  0,00 | 35,343 | 724,26 | 724,26 | 733,89 |  0,00 | 0,813 | 44,35 | 44,35 |  0,00 | 1,215 | 316,01 | 316,01 |  0,00 | 13,341 | 318,94 | 318,94 |  0,00 | 1511,614 | 44,95 | 44,95 | 3042,993 |   NaN | NaN | 0,00 | 0,00 | NaN
  19 |  0,00 | 30,229 | 718,68 | 718,68 | 728,31 |  0,00 | 0,804 | 44,35 | 44,35 |  0,00 | 1,321 | 313,32 | 313,32 |  0,00 | 16,601 | 316,05 | 316,05 |  0,00 | 1212,515 | 44,95 | 44,95 | 2444,742 |   NaN | NaN | 0,00 | 0,00 | NaN
  20 |  0,00 | 35,187 | 722,97 | 722,97 | 732,59 |  0,00 | 0,799 | 44,35 | 44,35 |  0,00 | 1,011 | 319,28 | 319,28 |  0,00 | 19,444 | 314,39 | 314,39 |  0,00 | 1427,307 | 44,95 | 44,95 | 2874,716 |   NaN | NaN | 0,00 | 0,00 | NaN
  21 |  0,00 | 20,260 | 716,42 | 716,42 | 726,02 |  0,00 | 0,804 | 44,35 | 44,35 |  0,00 | 2,305 | 314,79 | 314,79 |  0,00 | 51,424 | 312,32 | 312,32 |  0,00 | 260,423 | 44,95 | 44,95 | 539,828 |   NaN | NaN | 0,00 | 0,00 | NaN
  22 |  0,00 | 27,697 | 733,24 | 733,24 | 744,09 |  0,00 | 0,842 | 44,35 | 44,35 |  0,00 | 1,441 | 326,04 | 326,04 |  0,00 | 20,864 | 317,89 | 317,89 |  0,00 | 1045,432 | 44,95 | 44,95 | 2110,359 |   NaN | NaN | 0,00 | 0,00 | NaN
  23 |  0,00 | 31,391 | 727,41 | 727,41 | 737,20 |  0,00 | 0,825 | 44,35 | 44,35 |  0,00 | 1,378 | 319,05 | 319,05 |  0,00 | 12,953 | 319,06 | 319,06 |  0,00 | 1325,668 | 44,95 | 44,95 | 2670,901 |   NaN | NaN | 0,00 | 0,00 | NaN
  24 |  0,00 | 24,597 | 728,93 | 728,93 | 738,55 |  0,00 | 0,786 | 44,35 | 44,35 |  0,00 | 0,957 | 318,20 | 318,20 |  0,00 | 32,467 | 321,42 | 321,42 |  0,00 | 737,365 | 44,95 | 44,95 | 1494,056 |   NaN | NaN | 0,00 | 0,00 | NaN
  25 |  0,00 | 25,212 | 732,19 | 732,19 | 743,14 |  0,00 | 0,843 | 44,35 | 44,35 |  0,00 | 1,072 | 317,66 | 317,66 |  0,00 | 59,501 | 325,22 | 325,22 |  0,00 | 394,520 | 44,95 | 44,95 | 808,213 |   NaN | NaN | 0,00 | 0,00 | NaN
  26 |  0,00 | 22,764 | 724,52 | 724,52 | 735,12 |  0,00 | 0,840 | 44,35 | 44,35 |  0,00 | 1,380 | 318,32 | 318,32 |  0,00 | 56,459 | 316,90 | 316,90 |  0,00 | 323,954 | 44,95 | 44,95 | 667,278 |   NaN | NaN | 0,00 | 0,00 | NaN
  27 |  0,00 | 34,637 | 723,16 | 723,16 | 732,77 |  0,00 | 0,766 | 44,35 | 44,35 |  0,00 | 0,964 | 319,48 | 319,48 |  0,00 | 10,056 | 314,37 | 314,37 |  0,00 | 1525,682 | 44,95 | 44,95 | 3071,268 |   NaN | NaN | 0,00 | 0,00 | NaN
  28 |  0,00 | 31,796 | 720,62 | 720,62 | 730,67 |  0,00 | 0,833 | 44,35 | 44,35 |  0,00 | 1,385 | 318,68 | 318,68 |  0,00 | 13,520 | 312,64 | 312,64 |  0,00 | 1332,172 | 44,95 | 44,95 | 2684,024 |   NaN | NaN | 0,00 | 0,00 | NaN
  29 |  0,00 | 32,009 | 731,30 | 731,30 | 740,92 |  0,00 | 0,812 | 44,35 | 44,35 |  0,00 | 1,248 | 320,79 | 320,79 |  0,00 | 11,343 | 321,20 | 321,20 |  0,00 | 1383,373 | 44,95 | 44,95 | 2786,660 |   NaN | NaN | 0,00 | 0,00 | NaN
  30 |  0,00 | 34,591 | 723,60 | 723,60 | 734,53 |  0,00 | 0,842 | 44,35 | 44,35 |  0,00 | 1,399 | 315,79 | 315,79 |  0,00 | 13,904 | 318,50 | 318,50 |  0,00 | 1463,806 | 44,95 | 44,95 | 2947,599 |   NaN | NaN | 0,00 | 0,00 | NaN
  31 |  0,00 | 31,916 | 723,35 | 723,35 | 732,97 |  0,00 | 0,809 | 44,35 | 44,35 |  0,00 | 1,080 | 319,39 | 319,39 |  0,00 | 14,688 | 314,66 | 314,66 |  0,00 | 1329,786 | 44,95 | 44,95 | 2679,272 |   NaN | NaN | 0,00 | 0,00 | NaN
  32 |  0,00 | 33,795 | 728,37 | 728,37 | 737,96 |  0,00 | 0,766 | 44,35 | 44,35 |  0,00 | 1,235 | 319,03 | 319,03 |  0,00 | 15,925 | 320,04 | 320,04 |  0,00 | 1407,365 | 44,95 | 44,95 | 2834,677 |   NaN | NaN | 0,00 | 0,00 | NaN
  33 |  0,00 | 35,545 | 724,35 | 724,35 | 734,32 |  0,00 | 0,831 | 44,35 | 44,35 |  0,00 | 1,267 | 317,85 | 317,85 |  0,00 | 19,296 | 317,19 | 317,19 |  0,00 | 1442,220 | 44,95 | 44,95 | 2904,568 |   NaN | NaN | 0,00 | 0,00 | NaN
  34 |  0,00 | 35,655 | 723,66 | 723,66 | 733,37 |  0,00 | 0,823 | 44,35 | 44,35 |  0,00 | 1,046 | 318,54 | 318,54 |  0,00 | 10,173 | 315,82 | 315,82 |  0,00 | 1571,723 | 44,95 | 44,95 | 3164,142 |   NaN | NaN | 0,00 | 0,00 | NaN
  35 |  0,00 | 36,703 | 731,56 | 731,56 | 741,18 |  0,00 | 0,772 | 44,35 | 44,35 |  0,00 | 0,811 | 321,40 | 321,40 |  0,00 | 11,250 | 320,86 | 320,86 |  0,00 | 1622,273 | 44,95 | 44,95 | 3264,435 |   NaN | NaN | 0,00 | 0,00 | NaN
  36 |  0,00 | 36,041 | 724,49 | 724,49 | 734,30 |  0,00 | 0,825 | 44,35 | 44,35 |  0,00 | 1,121 | 314,74 | 314,74 |  0,00 | 13,448 | 320,45 | 320,45 |  0,00 | 1544,943 | 44,95 | 44,95 | 3109,889 |   NaN | NaN | 0,00 | 0,00 | NaN
  37 |  0,00 | 32,972 | 732,95 | 732,95 | 742,56 |  0,00 | 0,807 | 44,35 | 44,35 |  0,00 | 1,387 | 323,95 | 323,95 |  0,00 | 13,070 | 319,70 | 319,70 |  0,00 | 1408,697 | 44,95 | 44,95 | 2837,352 |   NaN | NaN | 0,00 | 0,00 | NaN
  38 |  0,00 | 33,787 | 730,13 | 730,13 | 739,74 |  0,00 | 0,799 | 44,35 | 44,35 |  0,00 | 0,935 | 321,19 | 321,19 |  0,00 | 10,795 | 319,63 | 319,63 |  0,00 | 1481,627 | 44,95 | 44,95 | 2983,201 |   NaN | NaN | 0,00 | 0,00 | NaN
  39 |  0,00 | 33,157 | 715,86 | 715,86 | 726,77 |  0,00 | 0,842 | 44,35 | 44,35 |  0,00 | 1,031 | 314,50 | 314,50 |  0,00 | 10,466 | 312,05 | 312,05 |  0,00 | 1436,625 | 44,95 | 44,95 | 2893,257 |   NaN | NaN | 0,00 | 0,00 | NaN
  40 |  0,00 | 34,948 | 719,55 | 719,55 | 730,42 |  0,00 | 0,842 | 44,35 | 44,35 |  0,00 | 1,155 | 317,73 | 317,73 |  0,00 | 11,094 | 312,51 | 312,51 |  0,00 | 1518,776 | 44,95 | 44,95 | 3057,384 |   NaN | NaN | 0,00 | 0,00 | NaN
  41 |  0,00 | 32,206 | 729,94 | 729,94 | 739,75 |  0,00 | 0,825 | 44,35 | 44,35 |  0,00 | 1,383 | 316,30 | 316,30 |  0,00 | 13,471 | 324,34 | 324,34 |  0,00 | 1359,232 | 44,95 | 44,95 | 2738,298 |   NaN | NaN | 0,00 | 0,00 | NaN
  42 |  0,00 | 31,985 | 733,00 | 733,00 | 742,60 |  0,00 | 0,771 | 44,35 | 44,35 |  0,00 | 1,025 | 321,94 | 321,94 |  0,00 | 11,695 | 321,76 | 321,76 |  0,00 | 1383,574 | 44,95 | 44,95 | 2787,073 |   NaN | NaN | 0,00 | 0,00 | NaN
  43 |  0,00 | 34,488 | 735,34 | 735,34 | 746,20 |  0,00 | 0,849 | 44,35 | 44,35 |  0,00 | 0,936 | 324,17 | 324,17 |  0,00 | 17,386 | 321,87 | 321,87 |  0,00 | 1432,116 | 44,95 | 44,95 | 2884,305 |   NaN | NaN | 0,00 | 0,00 | NaN
  44 |  0,00 | 31,324 | 729,63 | 729,63 | 739,24 |  0,00 | 0,762 | 44,35 | 44,35 |  0,00 | 1,087 | 318,23 | 318,23 |  0,00 | 11,420 | 322,09 | 322,09 |  0,00 | 1349,746 | 44,95 | 44,95 | 2719,234 |   NaN | NaN | 0,00 | 0,00 | NaN
  45 |  0,00 | 32,701 | 724,50 | 724,50 | 735,79 |  0,00 | 0,846 | 44,35 | 44,35 |  0,00 | 1,226 | 321,69 | 321,69 |  0,00 | 13,911 | 313,50 | 313,50 |  0,00 | 1377,490 | 44,95 | 44,95 | 2774,990 |   NaN | NaN | 0,00 | 0,00 | NaN
  46 |  0,00 | 33,691 | 726,67 | 726,67 | 736,30 |  0,00 | 0,785 | 44,35 | 44,35 |  0,00 | 0,989 | 317,00 | 317,00 |  0,00 | 13,947 | 320,36 | 320,36 |  0,00 | 1429,153 | 44,95 | 44,95 | 2878,448 |   NaN | NaN | 0,00 | 0,00 | NaN
  47 |  0,00 | 31,458 | 724,50 | 724,50 | 734,12 |  0,00 | 0,783 | 44,35 | 44,35 |  0,00 | 1,105 | 318,61 | 318,61 |  0,00 | 13,963 | 316,58 | 316,58 |  0,00 | 1317,560 | 44,95 | 44,95 | 2654,769 |   NaN | NaN | 0,00 | 0,00 | NaN
  48 |  0,00 | 32,162 | 722,52 | 722,52 | 732,16 |  0,00 | 0,813 | 44,35 | 44,35 |  0,00 | 1,337 | 316,71 | 316,71 |  0,00 | 13,624 | 316,50 | 316,50 |  0,00 | 1350,239 | 44,95 | 44,95 | 2720,121 |   NaN | NaN | 0,00 | 0,00 | NaN
  49 |  0,00 | 32,058 | 724,83 | 724,83 | 734,62 |  0,00 | 0,825 | 44,35 | 44,35 |  0,00 | 1,119 | 318,47 | 318,47 |  0,00 | 15,871 | 317,05 | 317,05 |  0,00 | 1320,452 | 44,95 | 44,95 | 2660,564 |   NaN | NaN | 0,00 | 0,00 | NaN
  50 |  0,00 | 33,922 | 728,82 | 728,82 | 738,43 |  0,00 | 0,779 | 44,35 | 44,35 |  0,00 | 1,058 | 321,35 | 321,35 |  0,00 | 14,344 | 318,17 | 318,17 |  0,00 | 1438,501 | 44,95 | 44,95 | 2897,103 |   NaN | NaN | 0,00 | 0,00 | NaN
  51 |  0,00 | 31,764 | 726,49 | 726,49 | 736,11 |  0,00 | 0,777 | 44,35 | 44,35 |  0,00 | 1,115 | 317,83 | 317,83 |  0,00 | 12,405 | 319,35 | 319,35 |  0,00 | 1354,474 | 44,95 | 44,95 | 2728,653 |   NaN | NaN | 0,00 | 0,00 | NaN
  52 |  0,00 | 33,876 | 727,95 | 727,95 | 737,56 |  0,00 | 0,804 | 44,35 | 44,35 |  0,00 | 1,149 | 316,08 | 316,08 |  0,00 | 19,030 | 322,57 | 322,57 |  0,00 | 1367,621 | 44,95 | 44,95 | 2755,066 |   NaN | NaN | 0,00 | 0,00 | NaN
  53 |  0,00 | 33,801 | 728,70 | 728,70 | 738,29 |  0,00 | 0,791 | 44,35 | 44,35 |  0,00 | 1,025 | 321,29 | 321,29 |  0,00 | 15,763 | 318,10 | 318,10 |  0,00 | 1413,623 | 44,95 | 44,95 | 2847,329 |   NaN | NaN | 0,00 | 0,00 | NaN
  54 |  0,00 | 32,543 | 720,57 | 720,57 | 730,17 |  0,00 | 0,793 | 44,35 | 44,35 |  0,00 | 1,370 | 318,09 | 318,09 |  0,00 | 13,061 | 313,18 | 313,18 |  0,00 | 1375,286 | 44,95 | 44,95 | 2770,366 |   NaN | NaN | 0,00 | 0,00 | NaN
  55 |  0,00 | 34,070 | 722,82 | 722,82 | 732,44 |  0,00 | 0,778 | 44,35 | 44,35 |  0,00 | 1,081 | 315,55 | 315,55 |  0,00 | 10,940 | 317,96 | 317,96 |  0,00 | 1482,462 | 44,95 | 44,95 | 2984,906 |   NaN | NaN | 0,00 | 0,00 | NaN
  56 |  0,00 | 31,598 | 722,12 | 722,12 | 731,72 |  0,00 | 0,784 | 44,35 | 44,35 |  0,00 | 1,081 | 316,50 | 316,50 |  0,00 | 11,702 | 316,31 | 316,31 |  0,00 | 1351,815 | 44,95 | 44,95 | 2723,471 |   NaN | NaN | 0,00 | 0,00 | NaN
  57 |  0,00 | 31,813 | 724,98 | 724,98 | 734,58 |  0,00 | 0,781 | 44,35 | 44,35 |  0,00 | 1,250 | 317,22 | 317,22 |  0,00 | 14,114 | 318,45 | 318,45 |  0,00 | 1330,538 | 44,95 | 44,95 | 2680,783 |   NaN | NaN | 0,00 | 0,00 | NaN
  58 |  0,00 | 32,068 | 727,04 | 727,04 | 736,67 |  0,00 | 0,810 | 44,35 | 44,35 |  0,00 | 1,225 | 319,20 | 319,20 |  0,00 | 14,904 | 318,53 | 318,53 |  0,00 | 1334,843 | 44,95 | 44,95 | 2689,409 |   NaN | NaN | 0,00 | 0,00 | NaN
  59 |  0,00 | 35,276 | 730,56 | 730,56 | 740,47 |  0,00 | 0,829 | 44,35 | 44,35 |  0,00 | 0,972 | 317,35 | 317,35 |  0,00 | 9,693 | 323,91 | 323,91 |  0,00 | 1567,263 | 44,95 | 44,95 | 3154,886 |   NaN | NaN | 0,00 | 0,00 | NaN
  60 |  0,00 | 33,207 | 725,31 | 725,31 | 734,91 |  0,00 | 0,764 | 44,35 | 44,35 |  0,00 | 0,968 | 318,06 | 318,06 |  0,00 | 17,315 | 317,95 | 317,95 |  0,00 | 1360,680 | 44,95 | 44,95 | 2741,126 |   NaN | NaN | 0,00 | 0,00 | NaN
  61 |  0,00 | 33,312 | 730,86 | 730,86 | 740,45 |  0,00 | 0,786 | 44,35 | 44,35 |  0,00 | 1,034 | 320,40 | 320,40 |  0,00 | 13,617 | 321,16 | 321,16 |  0,00 | 1419,621 | 44,95 | 44,95 | 2859,274 |   NaN | NaN | 0,00 | 0,00 | NaN
  62 |  0,00 | 31,325 | 730,42 | 730,42 | 741,98 |  0,00 | 0,848 | 44,35 | 44,35 |  0,00 | 1,144 | 320,18 | 320,18 |  0,00 | 11,289 | 320,93 | 320,93 |  0,00 | 1350,285 | 44,95 | 44,95 | 2720,267 |   NaN | NaN | 0,00 | 0,00 | NaN
  63 |  0,00 | 34,673 | 727,44 | 727,44 | 737,06 |  0,00 | 0,803 | 44,35 | 44,35 |  0,00 | 1,242 | 320,36 | 320,36 |  0,00 | 14,641 | 317,78 | 317,78 |  0,00 | 1466,740 | 44,95 | 44,95 | 2953,479 |   NaN | NaN | 0,00 | 0,00 | NaN
  64 |  0,00 | 32,888 | 721,22 | 721,22 | 732,64 |  0,00 | 0,846 | 44,35 | 44,35 |  0,00 | 1,188 | 316,32 | 316,32 |  0,00 | 14,346 | 315,60 | 315,60 |  0,00 | 1376,053 | 44,95 | 44,95 | 2772,107 |   NaN | NaN | 0,00 | 0,00 | NaN

= = = = = = = = = = = = AVERAGE RESULTS system = = = = = = = = = = = =
meanPLR_system | 0,000000 
meanDelay_system | 30,043145 
meanLoad_system | 726,570146 
meanTHR_system | 726,570146 
meanGate_system | 736,511077 

meanPLR_EF_system | 0,000000 
meanPLR_AF_system | 0,000000 
meanPLR_BE_system | 0,000000 
meanPLR_FLA_system | 0,000000 
meanPLR_FLB_system | NaN 

meanTHR_EF_system | 44,352002 
meanTHR_AF_system | 318,855837 
meanTHR_BE_system | 318,409333 
meanTHR_FLA_system | 45,764709 
meanTHR_FLB_system | 0,000000 

meanLoad_EF_system | 44,352002 
meanLoad_AF_system | 318,855837 
meanLoad_BE_system | 318,409333 
meanLoad_FLA_system | 45,764709 
meanLoad_FLB_system | 0,000000 

meanDELAY_EF_system | 0,807997 
meanDELAY_AF_system | 1,579500 
meanDELAY_BE_system | 21,740938 
meanDELAY_FLA_system | 1139,156932 
meanDELAY_FLB_system | NaN 
meanDELAY_CompleteFLA_system | 2297,999805 
meanDELAY_CompleteFLB_system | NaN 

= = = = = = = = = = = = AVERAGE RESULTS = = = = = = = = = = = =
Packet Loss Ratio: 00,00 (%)
PROCESSED PACKAGES: 1981150964 
DISCARTED PACKAGES: 0 
TOTAL PACKAGES: 1981150964 
AVERAGE DELAY: 5498,09 (ms) 
AVERAGE THROUGHPUT: 726,57 (Mbps) 
GRANTED THROUGHPUT: 47136,71 (Mbps) By 64 ONUs
EFFECTIVE THROUGHPUT: 46500,49 (Mbps) By 64 ONUs
TOTAL LOAD: 46500,49 (Mbps) By 64 ONUs
ON Arrival THROUGHPUT: 0,00 (Mbps) By 64 ONUs
FINISHTIMEFL: 166,136748 
FINISHTIME: 169,136748 


fileName | IPACT_LEAKYBUCKET_3_36_85_0 
