
ONU ID 	|  PLR(%) | Delay(ms) | Throughput(Mbps) | Granted Throughput(Mbps) | Total Load (Mbps) 

  ID |  PLR(%) |  D  | Thr |  Gates  |  Load  | PLR-EF | D-EF | ThrEF | LoadEF | PLR-AF | D-AF | ThrAF | LoadAF | PLR-BE | D-BE | ThrBE | LoadBE | PLR-FA | D-FA | ThrFA | LoadFA | DTFA |  PLR-FB | D-FB | ThrFB | LoadFB | DTFB | 
   1 |  0,00 | 0,349 | 563,93 | 563,93 | 603,68 |  0,00 | 0,157 | 44,35 | 44,35 |  0,00 | 0,157 | 247,88 | 247,88 |  0,00 | 0,350 | 243,11 | 243,11 |  0,00 | 9,822 | 28,59 | 28,59 | 40,698 |   NaN | NaN | 0,00 | 0,00 | NaN
   2 |  0,00 | 0,527 | 562,43 | 562,43 | 606,93 |  0,00 | 0,169 | 44,35 | 44,35 |  0,00 | 0,168 | 246,74 | 246,74 |  0,00 | 0,498 | 242,75 | 242,75 |  0,00 | 18,746 | 28,59 | 28,59 | 58,849 |   NaN | NaN | 0,00 | 0,00 | NaN
   3 |  0,00 | 0,342 | 557,40 | 557,40 | 593,32 |  0,00 | 0,106 | 44,35 | 44,35 |  0,00 | 0,105 | 241,55 | 241,55 |  0,00 | 0,421 | 242,90 | 242,90 |  0,00 | 10,722 | 28,59 | 28,59 | 42,534 |   NaN | NaN | 0,00 | 0,00 | NaN
   4 |  0,00 | 0,327 | 563,63 | 563,63 | 599,53 |  0,00 | 0,111 | 44,35 | 44,35 |  0,00 | 0,110 | 246,77 | 246,77 |  0,00 | 0,407 | 243,91 | 243,91 |  0,00 | 9,738 | 28,59 | 28,59 | 40,546 |   NaN | NaN | 0,00 | 0,00 | NaN
   5 |  0,00 | 0,342 | 558,25 | 558,25 | 594,76 |  0,00 | 0,137 | 44,35 | 44,35 |  0,00 | 0,135 | 243,58 | 243,58 |  0,00 | 0,383 | 241,72 | 241,72 |  0,00 | 9,864 | 28,59 | 28,59 | 40,782 |   NaN | NaN | 0,00 | 0,00 | NaN
   6 |  0,00 | 0,324 | 562,08 | 562,08 | 597,19 |  0,00 | 0,088 | 44,35 | 44,35 |  0,00 | 0,086 | 245,50 | 245,50 |  0,00 | 0,428 | 243,64 | 243,64 |  0,00 | 10,378 | 28,59 | 28,59 | 41,765 |   NaN | NaN | 0,00 | 0,00 | NaN
   7 |  0,00 | 0,343 | 560,71 | 560,71 | 596,55 |  0,00 | 0,104 | 44,35 | 44,35 |  0,00 | 0,102 | 243,70 | 243,70 |  0,00 | 0,434 | 244,07 | 244,07 |  0,00 | 10,709 | 28,59 | 28,59 | 43,612 |   NaN | NaN | 0,00 | 0,00 | NaN
   8 |  0,00 | 0,355 | 564,82 | 564,82 | 603,68 |  0,00 | 0,154 | 44,35 | 44,35 |  0,00 | 0,154 | 245,39 | 245,39 |  0,00 | 0,366 | 246,48 | 246,48 |  0,00 | 10,156 | 28,59 | 28,59 | 41,508 |   NaN | NaN | 0,00 | 0,00 | NaN
   9 |  0,00 | 0,320 | 562,16 | 562,16 | 597,85 |  0,00 | 0,094 | 44,35 | 44,35 |  0,00 | 0,094 | 244,26 | 244,26 |  0,00 | 0,420 | 244,95 | 244,95 |  0,00 | 9,868 | 28,59 | 28,59 | 40,944 |   NaN | NaN | 0,00 | 0,00 | NaN
  10 |  0,00 | 0,350 | 560,64 | 560,64 | 599,61 |  0,00 | 0,155 | 44,35 | 44,35 |  0,00 | 0,153 | 244,99 | 244,99 |  0,00 | 0,358 | 242,71 | 242,71 |  0,00 | 9,923 | 28,59 | 28,59 | 40,751 |   NaN | NaN | 0,00 | 0,00 | NaN
  11 |  0,00 | 0,890 | 559,91 | 559,91 | 595,61 |  0,00 | 0,095 | 44,35 | 44,35 |  0,00 | 0,094 | 243,23 | 243,23 |  0,00 | 0,989 | 243,74 | 243,74 |  0,00 | 38,501 | 28,59 | 28,59 | 94,152 |   NaN | NaN | 0,00 | 0,00 | NaN
  12 |  0,00 | 0,349 | 561,43 | 561,43 | 600,93 |  0,00 | 0,156 | 44,35 | 44,35 |  0,00 | 0,154 | 243,98 | 243,98 |  0,00 | 0,358 | 244,49 | 244,49 |  0,00 | 9,753 | 28,59 | 28,59 | 40,645 |   NaN | NaN | 0,00 | 0,00 | NaN
  13 |  0,00 | 0,506 | 554,35 | 554,35 | 590,35 |  0,00 | 0,121 | 44,35 | 44,35 |  0,00 | 0,119 | 242,33 | 242,33 |  0,00 | 0,544 | 239,07 | 239,07 |  0,00 | 18,844 | 28,59 | 28,59 | 59,227 |   NaN | NaN | 0,00 | 0,00 | NaN
  14 |  0,00 | 0,348 | 563,56 | 563,56 | 605,05 |  0,00 | 0,162 | 44,35 | 44,35 |  0,00 | 0,160 | 244,57 | 244,57 |  0,00 | 0,342 | 246,04 | 246,04 |  0,00 | 9,675 | 28,59 | 28,59 | 40,411 |   NaN | NaN | 0,00 | 0,00 | NaN
  15 |  0,00 | 0,358 | 560,14 | 560,14 | 599,80 |  0,00 | 0,156 | 44,35 | 44,35 |  0,00 | 0,158 | 240,81 | 240,81 |  0,00 | 0,353 | 246,38 | 246,38 |  0,00 | 10,367 | 28,59 | 28,59 | 41,911 |   NaN | NaN | 0,00 | 0,00 | NaN
  16 |  0,00 | 0,351 | 566,78 | 566,78 | 604,36 |  0,00 | 0,148 | 44,35 | 44,35 |  0,00 | 0,145 | 245,59 | 245,59 |  0,00 | 0,376 | 248,25 | 248,25 |  0,00 | 10,057 | 28,59 | 28,59 | 41,269 |   NaN | NaN | 0,00 | 0,00 | NaN
  17 |  0,00 | 0,356 | 561,59 | 561,59 | 602,45 |  0,00 | 0,161 | 44,35 | 44,35 |  0,00 | 0,160 | 245,49 | 245,49 |  0,00 | 0,349 | 243,15 | 243,15 |  0,00 | 10,123 | 28,59 | 28,59 | 41,156 |   NaN | NaN | 0,00 | 0,00 | NaN
  18 |  0,00 | 0,428 | 558,31 | 558,31 | 594,88 |  0,00 | 0,137 | 44,35 | 44,35 |  0,00 | 0,137 | 243,19 | 243,19 |  0,00 | 0,444 | 242,18 | 242,18 |  0,00 | 14,500 | 28,59 | 28,59 | 47,668 |   NaN | NaN | 0,00 | 0,00 | NaN
  19 |  0,00 | 0,347 | 555,31 | 555,31 | 591,50 |  0,00 | 0,128 | 44,35 | 44,35 |  0,00 | 0,127 | 240,51 | 240,51 |  0,00 | 0,383 | 241,85 | 241,85 |  0,00 | 10,529 | 28,59 | 28,59 | 42,023 |   NaN | NaN | 0,00 | 0,00 | NaN
  20 |  0,00 | 0,919 | 555,15 | 555,15 | 591,18 |  0,00 | 0,124 | 44,35 | 44,35 |  0,00 | 0,123 | 243,41 | 243,41 |  0,00 | 1,070 | 238,79 | 238,79 |  0,00 | 37,744 | 28,59 | 28,59 | 97,815 |   NaN | NaN | 0,00 | 0,00 | NaN
  21 |  0,00 | 0,349 | 553,76 | 553,76 | 589,87 |  0,00 | 0,128 | 44,35 | 44,35 |  0,00 | 0,127 | 241,37 | 241,37 |  0,00 | 0,394 | 239,44 | 239,44 |  0,00 | 10,509 | 28,59 | 28,59 | 42,105 |   NaN | NaN | 0,00 | 0,00 | NaN
  22 |  0,00 | 0,349 | 563,53 | 563,53 | 606,86 |  0,00 | 0,167 | 44,35 | 44,35 |  0,00 | 0,165 | 247,89 | 247,89 |  0,00 | 0,334 | 242,69 | 242,69 |  0,00 | 9,646 | 28,59 | 28,59 | 40,324 |   NaN | NaN | 0,00 | 0,00 | NaN
  23 |  0,00 | 1,570 | 561,84 | 561,84 | 599,60 |  0,00 | 0,149 | 44,35 | 44,35 |  0,00 | 0,147 | 244,81 | 244,81 |  0,00 | 1,833 | 244,08 | 244,08 |  0,00 | 67,562 | 28,59 | 28,59 | 146,356 |   NaN | NaN | 0,00 | 0,00 | NaN
  24 |  0,00 | 0,496 | 564,41 | 564,41 | 600,39 |  0,00 | 0,111 | 44,35 | 44,35 |  0,00 | 0,110 | 245,05 | 245,05 |  0,00 | 0,544 | 246,42 | 246,42 |  0,00 | 18,738 | 28,59 | 28,59 | 59,260 |   NaN | NaN | 0,00 | 0,00 | NaN
  25 |  0,00 | 0,359 | 562,34 | 562,34 | 606,35 |  0,00 | 0,168 | 44,35 | 44,35 |  0,00 | 0,168 | 241,62 | 241,62 |  0,00 | 0,344 | 247,77 | 247,77 |  0,00 | 10,038 | 28,59 | 28,59 | 41,254 |   NaN | NaN | 0,00 | 0,00 | NaN
  26 |  0,00 | 0,407 | 558,97 | 558,97 | 601,28 |  0,00 | 0,164 | 44,35 | 44,35 |  0,00 | 0,163 | 243,72 | 243,72 |  0,00 | 0,372 | 242,31 | 242,31 |  0,00 | 12,913 | 28,59 | 28,59 | 45,414 |   NaN | NaN | 0,00 | 0,00 | NaN
  27 |  0,00 | 0,366 | 558,31 | 558,31 | 593,75 |  0,00 | 0,092 | 44,35 | 44,35 |  0,00 | 0,090 | 244,71 | 244,71 |  0,00 | 0,482 | 240,66 | 240,66 |  0,00 | 12,098 | 28,59 | 28,59 | 47,697 |   NaN | NaN | 0,00 | 0,00 | NaN
  28 |  0,00 | 1,606 | 555,72 | 555,72 | 595,47 |  0,00 | 0,157 | 44,35 | 44,35 |  0,00 | 0,157 | 243,16 | 243,16 |  0,00 | 2,074 | 239,61 | 239,61 |  0,00 | 65,622 | 28,59 | 28,59 | 148,200 |   NaN | NaN | 0,00 | 0,00 | NaN
  29 |  0,00 | 0,905 | 560,99 | 560,99 | 597,48 |  0,00 | 0,136 | 44,35 | 44,35 |  0,00 | 0,134 | 242,68 | 242,68 |  0,00 | 0,996 | 245,36 | 245,36 |  0,00 | 37,327 | 28,59 | 28,59 | 100,502 |   NaN | NaN | 0,00 | 0,00 | NaN
  30 |  0,00 | 0,487 | 559,17 | 559,17 | 602,67 |  0,00 | 0,167 | 44,35 | 44,35 |  0,00 | 0,168 | 242,82 | 242,82 |  0,00 | 0,444 | 243,40 | 243,40 |  0,00 | 16,914 | 28,59 | 28,59 | 54,068 |   NaN | NaN | 0,00 | 0,00 | NaN
  31 |  0,00 | 1,583 | 558,66 | 558,66 | 595,05 |  0,00 | 0,134 | 44,35 | 44,35 |  0,00 | 0,132 | 244,01 | 244,01 |  0,00 | 1,875 | 241,70 | 241,70 |  0,00 | 68,430 | 28,59 | 28,59 | 147,080 |   NaN | NaN | 0,00 | 0,00 | NaN
  32 |  0,00 | 0,893 | 562,06 | 562,06 | 597,58 |  0,00 | 0,091 | 44,35 | 44,35 |  0,00 | 0,089 | 244,00 | 244,00 |  0,00 | 0,993 | 245,12 | 245,12 |  0,00 | 38,873 | 28,59 | 28,59 | 94,673 |   NaN | NaN | 0,00 | 0,00 | NaN
  33 |  0,00 | 0,534 | 557,96 | 557,96 | 597,26 |  0,00 | 0,155 | 44,35 | 44,35 |  0,00 | 0,154 | 242,27 | 242,27 |  0,00 | 0,567 | 242,74 | 242,74 |  0,00 | 18,646 | 28,59 | 28,59 | 66,473 |   NaN | NaN | 0,00 | 0,00 | NaN
  34 |  0,00 | 0,365 | 559,88 | 559,88 | 597,32 |  0,00 | 0,147 | 44,35 | 44,35 |  0,00 | 0,146 | 242,82 | 242,82 |  0,00 | 0,386 | 244,11 | 244,11 |  0,00 | 10,820 | 28,59 | 28,59 | 43,973 |   NaN | NaN | 0,00 | 0,00 | NaN
  35 |  0,00 | 0,327 | 562,51 | 562,51 | 598,30 |  0,00 | 0,097 | 44,35 | 44,35 |  0,00 | 0,094 | 245,11 | 245,11 |  0,00 | 0,436 | 244,45 | 244,45 |  0,00 | 9,972 | 28,59 | 28,59 | 41,160 |   NaN | NaN | 0,00 | 0,00 | NaN
  36 |  0,00 | 0,367 | 558,65 | 558,65 | 596,53 |  0,00 | 0,149 | 44,35 | 44,35 |  0,00 | 0,148 | 242,12 | 242,12 |  0,00 | 0,355 | 243,59 | 243,59 |  0,00 | 11,292 | 28,59 | 28,59 | 43,310 |   NaN | NaN | 0,00 | 0,00 | NaN
  37 |  0,00 | 0,884 | 564,15 | 564,15 | 600,40 |  0,00 | 0,132 | 44,35 | 44,35 |  0,00 | 0,130 | 246,93 | 246,93 |  0,00 | 0,947 | 244,28 | 244,28 |  0,00 | 37,136 | 28,59 | 28,59 | 92,100 |   NaN | NaN | 0,00 | 0,00 | NaN
  38 |  0,00 | 0,455 | 564,29 | 564,29 | 600,37 |  0,00 | 0,124 | 44,35 | 44,35 |  0,00 | 0,124 | 245,27 | 245,27 |  0,00 | 0,504 | 246,07 | 246,07 |  0,00 | 16,047 | 28,59 | 28,59 | 54,123 |   NaN | NaN | 0,00 | 0,00 | NaN
  39 |  0,00 | 0,762 | 554,54 | 554,54 | 597,94 |  0,00 | 0,166 | 44,35 | 44,35 |  0,00 | 0,165 | 242,17 | 242,17 |  0,00 | 0,829 | 239,43 | 239,43 |  0,00 | 29,021 | 28,59 | 28,59 | 84,353 |   NaN | NaN | 0,00 | 0,00 | NaN
  40 |  0,00 | 0,448 | 554,81 | 554,81 | 598,15 |  0,00 | 0,167 | 44,35 | 44,35 |  0,00 | 0,166 | 243,00 | 243,00 |  0,00 | 0,412 | 238,86 | 238,86 |  0,00 | 14,909 | 28,59 | 28,59 | 50,865 |   NaN | NaN | 0,00 | 0,00 | NaN
  41 |  0,00 | 1,485 | 564,32 | 564,32 | 602,39 |  0,00 | 0,150 | 44,35 | 44,35 |  0,00 | 0,149 | 243,87 | 243,87 |  0,00 | 2,158 | 247,50 | 247,50 |  0,00 | 56,371 | 28,59 | 28,59 | 139,551 |   NaN | NaN | 0,00 | 0,00 | NaN
  42 |  0,00 | 0,949 | 562,88 | 562,88 | 598,65 |  0,00 | 0,096 | 44,35 | 44,35 |  0,00 | 0,096 | 244,65 | 244,65 |  0,00 | 1,266 | 245,28 | 245,28 |  0,00 | 37,906 | 28,59 | 28,59 | 101,867 |   NaN | NaN | 0,00 | 0,00 | NaN
  43 |  0,00 | 0,754 | 565,81 | 565,81 | 608,13 |  0,00 | 0,174 | 44,35 | 44,35 |  0,00 | 0,173 | 246,96 | 246,96 |  0,00 | 0,820 | 245,90 | 245,90 |  0,00 | 28,433 | 28,59 | 28,59 | 84,116 |   NaN | NaN | 0,00 | 0,00 | NaN
  44 |  0,00 | 1,543 | 562,39 | 562,39 | 597,57 |  0,00 | 0,088 | 44,35 | 44,35 |  0,00 | 0,087 | 244,19 | 244,19 |  0,00 | 2,194 | 245,25 | 245,25 |  0,00 | 62,773 | 28,59 | 28,59 | 152,091 |   NaN | NaN | 0,00 | 0,00 | NaN
  45 |  0,00 | 1,048 | 561,07 | 561,07 | 606,21 |  0,00 | 0,170 | 44,35 | 44,35 |  0,00 | 0,169 | 246,21 | 246,21 |  0,00 | 1,260 | 241,91 | 241,91 |  0,00 | 41,141 | 28,59 | 28,59 | 109,768 |   NaN | NaN | 0,00 | 0,00 | NaN
  46 |  0,00 | 0,886 | 560,50 | 560,50 | 596,49 |  0,00 | 0,110 | 44,35 | 44,35 |  0,00 | 0,108 | 243,35 | 243,35 |  0,00 | 1,047 | 244,20 | 244,20 |  0,00 | 36,587 | 28,59 | 28,59 | 96,552 |   NaN | NaN | 0,00 | 0,00 | NaN
  47 |  0,00 | 1,437 | 560,25 | 560,25 | 596,20 |  0,00 | 0,108 | 44,35 | 44,35 |  0,00 | 0,107 | 245,46 | 245,46 |  0,00 | 1,694 | 241,85 | 241,85 |  0,00 | 63,033 | 28,59 | 28,59 | 130,512 |   NaN | NaN | 0,00 | 0,00 | NaN
  48 |  0,00 | 1,585 | 558,50 | 558,50 | 595,04 |  0,00 | 0,137 | 44,35 | 44,35 |  0,00 | 0,135 | 242,75 | 242,75 |  0,00 | 2,267 | 242,80 | 242,80 |  0,00 | 61,993 | 28,59 | 28,59 | 148,712 |   NaN | NaN | 0,00 | 0,00 | NaN
  49 |  0,00 | 1,376 | 559,50 | 559,50 | 597,41 |  0,00 | 0,149 | 44,35 | 44,35 |  0,00 | 0,148 | 244,82 | 244,82 |  0,00 | 1,422 | 241,74 | 241,74 |  0,00 | 61,201 | 28,59 | 28,59 | 128,348 |   NaN | NaN | 0,00 | 0,00 | NaN
  50 |  0,00 | 0,702 | 561,84 | 561,84 | 597,72 |  0,00 | 0,104 | 44,35 | 44,35 |  0,00 | 0,103 | 246,32 | 246,32 |  0,00 | 0,840 | 242,57 | 242,57 |  0,00 | 28,099 | 28,59 | 28,59 | 81,549 |   NaN | NaN | 0,00 | 0,00 | NaN
  51 |  0,00 | 1,429 | 561,30 | 561,30 | 597,18 |  0,00 | 0,102 | 44,35 | 44,35 |  0,00 | 0,101 | 242,93 | 242,93 |  0,00 | 2,015 | 245,42 | 245,42 |  0,00 | 57,317 | 28,59 | 28,59 | 140,472 |   NaN | NaN | 0,00 | 0,00 | NaN
  52 |  0,00 | 1,224 | 557,48 | 557,48 | 593,75 |  0,00 | 0,128 | 44,35 | 44,35 |  0,00 | 0,128 | 240,56 | 240,56 |  0,00 | 1,654 | 243,97 | 243,97 |  0,00 | 48,155 | 28,59 | 28,59 | 126,019 |   NaN | NaN | 0,00 | 0,00 | NaN
  53 |  0,00 | 0,920 | 561,58 | 561,58 | 597,56 |  0,00 | 0,115 | 44,35 | 44,35 |  0,00 | 0,114 | 244,69 | 244,69 |  0,00 | 1,043 | 243,94 | 243,94 |  0,00 | 38,656 | 28,59 | 28,59 | 96,056 |   NaN | NaN | 0,00 | 0,00 | NaN
  54 |  0,00 | 1,047 | 557,57 | 557,57 | 593,52 |  0,00 | 0,118 | 44,35 | 44,35 |  0,00 | 0,116 | 243,90 | 243,90 |  0,00 | 1,395 | 240,72 | 240,72 |  0,00 | 41,390 | 28,59 | 28,59 | 110,772 |   NaN | NaN | 0,00 | 0,00 | NaN
  55 |  0,00 | 0,470 | 559,73 | 559,73 | 595,55 |  0,00 | 0,103 | 44,35 | 44,35 |  0,00 | 0,101 | 242,89 | 242,89 |  0,00 | 0,563 | 243,90 | 243,90 |  0,00 | 17,071 | 28,59 | 28,59 | 56,608 |   NaN | NaN | 0,00 | 0,00 | NaN
  56 |  0,00 | 1,488 | 558,19 | 558,19 | 594,14 |  0,00 | 0,109 | 44,35 | 44,35 |  0,00 | 0,109 | 241,86 | 241,86 |  0,00 | 2,125 | 243,38 | 243,38 |  0,00 | 59,113 | 28,59 | 28,59 | 144,478 |   NaN | NaN | 0,00 | 0,00 | NaN
  57 |  0,00 | 1,571 | 561,01 | 561,01 | 596,98 |  0,00 | 0,106 | 44,35 | 44,35 |  0,00 | 0,105 | 243,72 | 243,72 |  0,00 | 1,929 | 244,35 | 244,35 |  0,00 | 68,043 | 28,59 | 28,59 | 145,505 |   NaN | NaN | 0,00 | 0,00 | NaN
  58 |  0,00 | 1,642 | 560,51 | 560,51 | 596,94 |  0,00 | 0,134 | 44,35 | 44,35 |  0,00 | 0,135 | 243,30 | 243,30 |  0,00 | 2,171 | 244,26 | 244,26 |  0,00 | 67,396 | 28,59 | 28,59 | 149,567 |   NaN | NaN | 0,00 | 0,00 | NaN
  59 |  0,00 | 0,407 | 564,35 | 564,35 | 603,14 |  0,00 | 0,153 | 44,35 | 44,35 |  0,00 | 0,155 | 244,48 | 244,48 |  0,00 | 0,382 | 246,93 | 246,93 |  0,00 | 13,280 | 28,59 | 28,59 | 45,986 |   NaN | NaN | 0,00 | 0,00 | NaN
  60 |  0,00 | 1,439 | 560,29 | 560,29 | 595,62 |  0,00 | 0,090 | 44,35 | 44,35 |  0,00 | 0,088 | 244,14 | 244,14 |  0,00 | 2,153 | 243,21 | 243,21 |  0,00 | 56,567 | 28,59 | 28,59 | 138,382 |   NaN | NaN | 0,00 | 0,00 | NaN
  61 |  0,00 | 0,913 | 562,06 | 562,06 | 598,08 |  0,00 | 0,111 | 44,35 | 44,35 |  0,00 | 0,110 | 244,13 | 244,13 |  0,00 | 0,988 | 244,99 | 244,99 |  0,00 | 39,265 | 28,59 | 28,59 | 98,636 |   NaN | NaN | 0,00 | 0,00 | NaN
  62 |  0,00 | 1,562 | 562,70 | 562,70 | 608,60 |  0,00 | 0,172 | 44,35 | 44,35 |  0,00 | 0,172 | 245,19 | 245,19 |  0,00 | 1,984 | 244,56 | 244,56 |  0,00 | 63,408 | 28,59 | 28,59 | 150,837 |   NaN | NaN | 0,00 | 0,00 | NaN
  63 |  0,00 | 0,478 | 561,98 | 561,98 | 598,13 |  0,00 | 0,128 | 44,35 | 44,35 |  0,00 | 0,125 | 245,08 | 245,08 |  0,00 | 0,502 | 243,95 | 243,95 |  0,00 | 17,411 | 28,59 | 28,59 | 54,579 |   NaN | NaN | 0,00 | 0,00 | NaN
  64 |  0,00 | 1,026 | 557,00 | 557,00 | 602,47 |  0,00 | 0,171 | 44,35 | 44,35 |  0,00 | 0,168 | 241,29 | 241,29 |  0,00 | 1,242 | 242,76 | 242,76 |  0,00 | 39,632 | 28,59 | 28,59 | 107,657 |   NaN | NaN | 0,00 | 0,00 | NaN

= = = = = = = = = = = = AVERAGE RESULTS system = = = = = = = = = = = =
meanPLR_system | 0,000000 
meanDelay_system | 0,770766 
meanLoad_system | 560,499509 
meanTHR_system | 560,499509 
meanGate_system | 598,582707 

meanPLR_EF_system | 0,000000 
meanPLR_AF_system | 0,000000 
meanPLR_BE_system | 0,000000 
meanPLR_FLA_system | 0,000000 
meanPLR_FLB_system | NaN 

meanTHR_EF_system | 44,352003 
meanTHR_AF_system | 243,996065 
meanTHR_BE_system | 243,556502 
meanTHR_FLA_system | 29,015853 
meanTHR_FLB_system | 0,000000 

meanLoad_EF_system | 44,352003 
meanLoad_AF_system | 243,996065 
meanLoad_BE_system | 243,556502 
meanLoad_FLA_system | 29,015853 
meanLoad_FLB_system | 0,000000 

meanDELAY_EF_system | 0,132636 
meanDELAY_AF_system | 0,131566 
meanDELAY_BE_system | 0,929846 
meanDELAY_FLA_system | 29,699578 
meanDELAY_FLB_system | NaN 
meanDELAY_CompleteFLA_system | 80,627792 
meanDELAY_CompleteFLB_system | NaN 

= = = = = = = = = = = = AVERAGE RESULTS = = = = = = = = = = = =
Packet Loss Ratio: 00,00 (%)
PROCESSED PACKAGES: 2093162010 
DISCARTED PACKAGES: 0 
TOTAL PACKAGES: 2093162010 
AVERAGE DELAY: 121,88 (ms) 
AVERAGE THROUGHPUT: 560,50 (Mbps) 
GRANTED THROUGHPUT: 38309,29 (Mbps) By 64 ONUs
EFFECTIVE THROUGHPUT: 35871,97 (Mbps) By 64 ONUs
TOTAL LOAD: 35871,97 (Mbps) By 64 ONUs
ON Arrival THROUGHPUT: 0,00 (Mbps) By 64 ONUs
FINISHTIMEFL: 203,805830 
FINISHTIME: 206,805830 


fileName | IPACT_STRICTPRIORITYFIRSTAF_5_28_65_0 
