
ONU ID 	|  PLR(%) | Delay(ms) | Throughput(Mbps) | Granted Throughput(Mbps) | Total Load (Mbps) 

  ID |  PLR(%) |  D  | Thr |  Gates  |  Load  | PLR-EF | D-EF | ThrEF | LoadEF | PLR-AF | D-AF | ThrAF | LoadAF | PLR-BE | D-BE | ThrBE | LoadBE | PLR-FA | D-FA | ThrFA | LoadFA | DTFA |  PLR-FB | D-FB | ThrFB | LoadFB | DTFB | 
   1 |  5,44 | 274,684 | 754,10 | 797,47 | 758,94 |  0,00 | 1,405 | 44,35 | 44,35 |  0,00 | 27,627 | 351,08 | 351,08 | 12,78 | 1048,388 | 295,89 | 339,26 |  0,00 | 139,104 | 62,78 | 62,78 | 298,381 |   NaN | NaN | 0,00 | 0,00 | NaN
   2 |  5,57 | 267,277 | 753,55 | 798,02 | 758,40 |  0,00 | 1,417 | 44,35 | 44,35 |  0,00 | 30,261 | 345,33 | 345,33 | 12,87 | 998,242 | 301,08 | 345,56 |  0,00 | 139,029 | 62,78 | 62,78 | 298,294 |   NaN | NaN | 0,00 | 0,00 | NaN
   3 |  5,59 | 266,040 | 753,74 | 798,34 | 758,58 |  0,00 | 1,354 | 44,35 | 44,35 |  0,00 | 27,112 | 346,19 | 346,19 | 12,93 | 999,376 | 300,41 | 345,02 |  0,00 | 139,007 | 62,78 | 62,78 | 298,249 |   NaN | NaN | 0,00 | 0,00 | NaN
   4 |  6,25 | 282,293 | 754,48 | 804,75 | 759,34 |  0,00 | 1,359 | 44,35 | 44,35 |  0,00 | 30,206 | 351,86 | 351,86 | 14,54 | 1077,458 | 295,48 | 345,75 |  0,00 | 139,098 | 62,78 | 62,78 | 298,370 |   NaN | NaN | 0,00 | 0,00 | NaN
   5 |  5,29 | 263,453 | 753,13 | 795,16 | 757,99 |  0,00 | 1,385 | 44,35 | 44,35 |  0,00 | 33,205 | 345,01 | 345,01 | 12,25 | 979,694 | 300,99 | 343,02 |  0,00 | 139,060 | 62,78 | 62,78 | 298,336 |   NaN | NaN | 0,00 | 0,00 | NaN
   6 |  6,02 | 274,382 | 754,93 | 803,26 | 759,74 |  0,00 | 1,333 | 44,35 | 44,35 |  0,00 | 30,553 | 349,05 | 349,05 | 13,92 | 1034,564 | 298,75 | 347,08 |  0,00 | 139,015 | 62,78 | 62,78 | 298,269 |   NaN | NaN | 0,00 | 0,00 | NaN
   7 |  5,53 | 274,622 | 754,73 | 798,93 | 759,58 |  0,00 | 1,352 | 44,35 | 44,35 |  0,00 | 30,099 | 346,97 | 346,97 | 12,82 | 1029,844 | 300,63 | 344,82 |  0,00 | 138,992 | 62,78 | 62,78 | 298,270 |   NaN | NaN | 0,00 | 0,00 | NaN
   8 |  5,89 | 271,293 | 754,26 | 801,46 | 759,13 |  0,00 | 1,402 | 44,35 | 44,35 |  0,00 | 31,264 | 344,36 | 344,36 | 13,49 | 1007,930 | 302,77 | 349,97 |  0,00 | 139,119 | 62,78 | 62,78 | 298,410 |   NaN | NaN | 0,00 | 0,00 | NaN
   9 |  5,77 | 279,882 | 754,68 | 800,93 | 759,54 |  0,00 | 1,341 | 44,35 | 44,35 |  0,00 | 30,430 | 349,09 | 349,09 | 13,42 | 1057,465 | 298,46 | 344,71 |  0,00 | 139,046 | 62,78 | 62,78 | 298,268 |   NaN | NaN | 0,00 | 0,00 | NaN
  10 |  5,42 | 267,456 | 755,30 | 798,63 | 760,16 |  0,00 | 1,402 | 44,35 | 44,35 |  0,00 | 26,664 | 346,35 | 346,35 | 12,55 | 1001,989 | 301,82 | 345,14 |  0,00 | 139,072 | 62,78 | 62,78 | 298,321 |   NaN | NaN | 0,00 | 0,00 | NaN
  11 |  4,88 | 272,517 | 753,98 | 792,62 | 758,81 |  0,00 | 1,342 | 44,35 | 44,35 |  0,00 | 28,291 | 338,85 | 338,85 | 11,15 | 999,188 | 307,99 | 346,64 |  0,00 | 138,729 | 62,78 | 62,78 | 297,843 |   NaN | NaN | 0,00 | 0,00 | NaN
  12 |  5,53 | 272,021 | 754,32 | 798,49 | 759,17 |  0,00 | 1,404 | 44,35 | 44,35 |  0,00 | 28,017 | 346,53 | 346,53 | 12,81 | 1021,540 | 300,65 | 344,82 |  0,00 | 139,095 | 62,78 | 62,78 | 298,326 |   NaN | NaN | 0,00 | 0,00 | NaN
  13 |  4,29 | 250,194 | 754,02 | 787,84 | 758,86 |  0,00 | 1,369 | 44,35 | 44,35 |  0,00 | 28,085 | 340,75 | 340,75 |  9,95 | 919,259 | 306,14 | 339,96 |  0,00 | 139,082 | 62,78 | 62,78 | 298,333 |   NaN | NaN | 0,00 | 0,00 | NaN
  14 |  6,02 | 267,331 | 752,78 | 801,03 | 757,64 |  0,00 | 1,410 | 44,35 | 44,35 |  0,00 | 25,036 | 346,89 | 346,89 | 13,91 | 1010,975 | 298,75 | 347,01 |  0,00 | 139,115 | 62,78 | 62,78 | 298,392 |   NaN | NaN | 0,00 | 0,00 | NaN
  15 |  5,12 | 268,165 | 752,99 | 793,62 | 757,86 |  0,00 | 1,404 | 44,35 | 44,35 |  0,00 | 27,194 | 340,70 | 340,70 | 11,75 | 991,757 | 305,16 | 345,79 |  0,00 | 139,004 | 62,78 | 62,78 | 298,248 |   NaN | NaN | 0,00 | 0,00 | NaN
  16 |  6,07 | 283,764 | 753,94 | 802,68 | 758,78 |  0,00 | 1,396 | 44,35 | 44,35 |  0,00 | 27,465 | 345,42 | 345,42 | 13,92 | 1065,487 | 301,39 | 350,13 |  0,00 | 139,072 | 62,78 | 62,78 | 298,346 |   NaN | NaN | 0,00 | 0,00 | NaN
  17 |  5,99 | 277,287 | 753,03 | 800,99 | 757,90 |  0,00 | 1,408 | 44,35 | 44,35 |  0,00 | 29,494 | 346,20 | 346,20 | 13,80 | 1042,610 | 299,70 | 347,66 |  0,00 | 139,083 | 62,78 | 62,78 | 298,322 |   NaN | NaN | 0,00 | 0,00 | NaN
  18 |  5,57 | 278,864 | 753,74 | 798,16 | 758,55 |  0,00 | 1,385 | 44,35 | 44,35 |  0,00 | 28,930 | 344,01 | 344,01 | 12,80 | 1040,417 | 302,59 | 347,02 |  0,00 | 138,719 | 62,78 | 62,78 | 297,645 |   NaN | NaN | 0,00 | 0,00 | NaN
  19 |  4,55 | 264,594 | 754,84 | 790,78 | 759,68 |  0,00 | 1,376 | 44,35 | 44,35 |  0,00 | 29,995 | 340,39 | 340,39 | 10,47 | 969,604 | 307,31 | 343,26 |  0,00 | 138,980 | 62,78 | 62,78 | 298,218 |   NaN | NaN | 0,00 | 0,00 | NaN
  20 |  4,83 | 264,174 | 755,60 | 793,97 | 760,43 |  0,00 | 1,372 | 44,35 | 44,35 |  0,00 | 27,126 | 347,62 | 347,62 | 11,31 | 992,139 | 300,85 | 339,22 |  0,00 | 138,677 | 62,78 | 62,78 | 297,724 |   NaN | NaN | 0,00 | 0,00 | NaN
  21 |  4,35 | 255,743 | 753,38 | 787,67 | 758,23 |  0,00 | 1,376 | 44,35 | 44,35 |  0,00 | 30,182 | 341,01 | 341,01 | 10,10 | 940,170 | 305,23 | 339,53 |  0,00 | 139,104 | 62,78 | 62,78 | 298,399 |   NaN | NaN | 0,00 | 0,00 | NaN
  22 |  6,33 | 278,457 | 754,18 | 805,15 | 759,07 |  0,00 | 1,415 | 44,35 | 44,35 |  0,00 | 27,097 | 354,51 | 354,51 | 14,84 | 1076,150 | 292,53 | 343,50 |  0,00 | 139,042 | 62,78 | 62,78 | 298,288 |   NaN | NaN | 0,00 | 0,00 | NaN
  23 |  5,94 | 282,674 | 754,02 | 801,60 | 758,88 |  0,00 | 1,397 | 44,35 | 44,35 |  0,00 | 25,188 | 349,13 | 349,13 | 13,78 | 1076,684 | 297,76 | 345,34 |  0,00 | 138,923 | 62,78 | 62,78 | 298,153 |   NaN | NaN | 0,00 | 0,00 | NaN
  24 |  5,40 | 267,488 | 754,55 | 797,64 | 759,40 |  0,00 | 1,358 | 44,35 | 44,35 |  0,00 | 32,972 | 344,49 | 344,49 | 12,45 | 990,725 | 302,93 | 346,02 |  0,00 | 139,000 | 62,78 | 62,78 | 298,256 |   NaN | NaN | 0,00 | 0,00 | NaN
  25 |  6,50 | 282,087 | 753,40 | 805,77 | 758,28 |  0,00 | 1,416 | 44,35 | 44,35 |  0,00 | 27,212 | 344,81 | 344,81 | 14,80 | 1058,409 | 301,46 | 353,83 |  0,00 | 139,023 | 62,78 | 62,78 | 298,288 |   NaN | NaN | 0,00 | 0,00 | NaN
  26 |  5,21 | 272,991 | 754,08 | 795,55 | 758,96 |  0,00 | 1,412 | 44,35 | 44,35 |  0,00 | 29,794 | 343,96 | 343,96 | 12,04 | 1015,431 | 302,99 | 344,45 |  0,00 | 139,029 | 62,78 | 62,78 | 298,298 |   NaN | NaN | 0,00 | 0,00 | NaN
  27 |  5,02 | 269,723 | 754,35 | 794,20 | 759,19 |  0,00 | 1,339 | 44,35 | 44,35 |  0,00 | 27,157 | 345,97 | 345,97 | 11,68 | 1011,608 | 301,25 | 341,10 |  0,00 | 138,631 | 62,78 | 62,78 | 297,558 |   NaN | NaN | 0,00 | 0,00 | NaN
  28 |  4,76 | 274,636 | 754,17 | 791,83 | 759,03 |  0,00 | 1,405 | 44,35 | 44,35 |  0,00 | 31,368 | 345,25 | 345,25 | 11,09 | 1024,105 | 301,79 | 339,45 |  0,00 | 138,928 | 62,78 | 62,78 | 298,155 |   NaN | NaN | 0,00 | 0,00 | NaN
  29 |  5,99 | 279,714 | 754,67 | 802,72 | 759,52 |  0,00 | 1,384 | 44,35 | 44,35 |  0,00 | 31,858 | 348,33 | 348,33 | 13,84 | 1052,539 | 299,21 | 347,26 |  0,00 | 138,894 | 62,78 | 62,78 | 298,056 |   NaN | NaN | 0,00 | 0,00 | NaN
  30 |  4,86 | 269,658 | 753,83 | 792,35 | 758,70 |  0,00 | 1,415 | 44,35 | 44,35 |  0,00 | 28,133 | 342,48 | 342,48 | 11,24 | 1000,270 | 304,22 | 342,74 |  0,00 | 138,704 | 62,78 | 62,78 | 297,731 |   NaN | NaN | 0,00 | 0,00 | NaN
  31 |  5,07 | 265,294 | 754,62 | 794,93 | 759,47 |  0,00 | 1,382 | 44,35 | 44,35 |  0,00 | 29,782 | 343,80 | 343,80 | 11,72 | 983,651 | 303,69 | 344,00 |  0,00 | 138,968 | 62,78 | 62,78 | 298,195 |   NaN | NaN | 0,00 | 0,00 | NaN
  32 |  5,17 | 276,078 | 755,75 | 796,94 | 760,60 |  0,00 | 1,338 | 44,35 | 44,35 |  0,00 | 29,251 | 344,99 | 344,99 | 11,94 | 1027,511 | 303,63 | 344,82 |  0,00 | 138,810 | 62,78 | 62,78 | 297,996 |   NaN | NaN | 0,00 | 0,00 | NaN
  33 |  4,71 | 261,858 | 755,09 | 792,41 | 759,95 |  0,00 | 1,403 | 44,35 | 44,35 |  0,00 | 29,152 | 341,53 | 341,53 | 10,85 | 962,701 | 306,43 | 343,75 |  0,00 | 138,942 | 62,78 | 62,78 | 298,107 |   NaN | NaN | 0,00 | 0,00 | NaN
  34 |  4,49 | 267,286 | 754,93 | 790,39 | 759,77 |  0,00 | 1,395 | 44,35 | 44,35 |  0,00 | 28,522 | 344,56 | 344,56 | 10,47 | 994,557 | 303,24 | 338,69 |  0,00 | 138,470 | 62,78 | 62,78 | 297,332 |   NaN | NaN | 0,00 | 0,00 | NaN
  35 |  5,84 | 280,417 | 754,66 | 801,43 | 759,46 |  0,00 | 1,344 | 44,35 | 44,35 |  0,00 | 28,896 | 347,16 | 347,16 | 13,47 | 1055,164 | 300,37 | 347,14 |  0,00 | 136,399 | 62,78 | 62,78 | 293,809 |   NaN | NaN | 0,00 | 0,00 | NaN
  36 |  4,71 | 267,376 | 754,90 | 792,18 | 759,75 |  0,00 | 1,397 | 44,35 | 44,35 |  0,00 | 29,704 | 339,57 | 339,57 | 10,79 | 977,975 | 308,20 | 345,48 |  0,00 | 138,607 | 62,78 | 62,78 | 297,482 |   NaN | NaN | 0,00 | 0,00 | NaN
  37 |  6,05 | 282,183 | 755,42 | 804,04 | 760,27 |  0,00 | 1,380 | 44,35 | 44,35 |  0,00 | 30,324 | 350,91 | 350,91 | 14,05 | 1071,326 | 297,38 | 346,00 |  0,00 | 138,733 | 62,78 | 62,78 | 297,914 |   NaN | NaN | 0,00 | 0,00 | NaN
  38 |  5,33 | 276,874 | 754,25 | 796,74 | 759,10 |  0,00 | 1,371 | 44,35 | 44,35 |  0,00 | 29,547 | 345,98 | 345,98 | 12,36 | 1037,168 | 301,14 | 343,62 |  0,00 | 138,688 | 62,78 | 62,78 | 297,685 |   NaN | NaN | 0,00 | 0,00 | NaN
  39 |  4,37 | 274,955 | 753,19 | 787,62 | 758,05 |  0,00 | 1,415 | 44,35 | 44,35 |  0,00 | 31,240 | 341,05 | 341,05 | 10,14 | 1014,198 | 305,00 | 339,44 |  0,00 | 138,719 | 62,78 | 62,78 | 297,743 |   NaN | NaN | 0,00 | 0,00 | NaN
  40 |  4,34 | 262,423 | 753,21 | 787,40 | 758,08 |  0,00 | 1,414 | 44,35 | 44,35 |  0,00 | 33,610 | 341,11 | 341,11 | 10,08 | 963,244 | 304,97 | 339,16 |  0,00 | 138,746 | 62,78 | 62,78 | 297,654 |   NaN | NaN | 0,00 | 0,00 | NaN
  41 |  5,81 | 272,486 | 753,69 | 800,19 | 758,54 |  0,00 | 1,398 | 44,35 | 44,35 |  0,00 | 27,797 | 343,07 | 343,07 | 13,29 | 1013,550 | 303,48 | 349,98 |  0,00 | 138,940 | 62,78 | 62,78 | 298,152 |   NaN | NaN | 0,00 | 0,00 | NaN
  42 |  5,96 | 280,166 | 754,15 | 801,90 | 758,98 |  0,00 | 1,343 | 44,35 | 44,35 |  0,00 | 29,825 | 347,28 | 347,28 | 13,74 | 1054,467 | 299,74 | 347,49 |  0,00 | 138,855 | 62,78 | 62,78 | 298,078 |   NaN | NaN | 0,00 | 0,00 | NaN
  43 |  6,04 | 273,651 | 753,19 | 801,60 | 758,05 |  0,00 | 1,422 | 44,35 | 44,35 |  0,00 | 31,377 | 347,09 | 347,09 | 13,94 | 1028,492 | 298,97 | 347,38 |  0,00 | 138,724 | 62,78 | 62,78 | 297,735 |   NaN | NaN | 0,00 | 0,00 | NaN
  44 |  6,12 | 280,186 | 754,08 | 803,22 | 758,90 |  0,00 | 1,334 | 44,35 | 44,35 |  0,00 | 24,899 | 344,97 | 344,97 | 13,99 | 1052,650 | 301,98 | 351,12 |  0,00 | 138,909 | 62,78 | 62,78 | 298,170 |   NaN | NaN | 0,00 | 0,00 | NaN
  45 |  5,65 | 279,121 | 753,68 | 798,82 | 758,56 |  0,00 | 1,418 | 44,35 | 44,35 |  0,00 | 27,006 | 350,57 | 350,57 | 13,23 | 1066,235 | 295,98 | 341,12 |  0,00 | 138,881 | 62,78 | 62,78 | 298,093 |   NaN | NaN | 0,00 | 0,00 | NaN
  46 |  5,26 | 274,973 | 753,56 | 795,37 | 758,39 |  0,00 | 1,357 | 44,35 | 44,35 |  0,00 | 27,674 | 340,41 | 340,41 | 12,02 | 1015,289 | 306,02 | 347,82 |  0,00 | 138,759 | 62,78 | 62,78 | 297,905 |   NaN | NaN | 0,00 | 0,00 | NaN
  47 |  4,78 | 271,642 | 754,08 | 791,95 | 758,92 |  0,00 | 1,355 | 44,35 | 44,35 |  0,00 | 31,591 | 345,37 | 345,37 | 11,16 | 1012,786 | 301,58 | 339,45 |  0,00 | 138,905 | 62,78 | 62,78 | 298,133 |   NaN | NaN | 0,00 | 0,00 | NaN
  48 |  4,91 | 267,468 | 752,51 | 791,41 | 757,36 |  0,00 | 1,385 | 44,35 | 44,35 |  0,00 | 34,846 | 341,68 | 341,68 | 11,35 | 984,719 | 303,70 | 342,59 |  0,00 | 138,913 | 62,78 | 62,78 | 298,184 |   NaN | NaN | 0,00 | 0,00 | NaN
  49 |  4,76 | 264,996 | 753,58 | 791,21 | 758,44 |  0,00 | 1,397 | 44,35 | 44,35 |  0,00 | 31,035 | 343,11 | 343,11 | 11,04 | 981,713 | 303,33 | 340,97 |  0,00 | 138,991 | 62,78 | 62,78 | 298,219 |   NaN | NaN | 0,00 | 0,00 | NaN
  50 |  5,27 | 275,206 | 754,60 | 796,58 | 759,44 |  0,00 | 1,351 | 44,35 | 44,35 |  0,00 | 30,931 | 346,33 | 346,33 | 12,24 | 1029,385 | 301,14 | 343,12 |  0,00 | 138,668 | 62,78 | 62,78 | 297,716 |   NaN | NaN | 0,00 | 0,00 | NaN
  51 |  5,37 | 266,594 | 754,73 | 797,57 | 759,56 |  0,00 | 1,350 | 44,35 | 44,35 |  0,00 | 28,502 | 344,91 | 344,91 | 12,40 | 993,104 | 302,69 | 345,53 |  0,00 | 138,844 | 62,78 | 62,78 | 298,056 |   NaN | NaN | 0,00 | 0,00 | NaN
  52 |  5,15 | 279,371 | 754,14 | 795,07 | 758,99 |  0,00 | 1,376 | 44,35 | 44,35 |  0,00 | 29,775 | 339,83 | 339,83 | 11,76 | 1026,216 | 307,18 | 348,11 |  0,00 | 138,876 | 62,78 | 62,78 | 298,079 |   NaN | NaN | 0,00 | 0,00 | NaN
  53 |  5,35 | 278,097 | 754,35 | 796,95 | 759,20 |  0,00 | 1,363 | 44,35 | 44,35 |  0,00 | 27,964 | 344,54 | 344,54 | 12,34 | 1038,874 | 302,67 | 345,28 |  0,00 | 138,901 | 62,78 | 62,78 | 298,045 |   NaN | NaN | 0,00 | 0,00 | NaN
  54 |  4,51 | 261,080 | 755,01 | 790,67 | 759,86 |  0,00 | 1,366 | 44,35 | 44,35 |  0,00 | 30,745 | 343,77 | 343,77 | 10,50 | 965,225 | 304,10 | 339,77 |  0,00 | 138,866 | 62,78 | 62,78 | 298,017 |   NaN | NaN | 0,00 | 0,00 | NaN
  55 |  5,25 | 275,220 | 753,76 | 795,55 | 758,58 |  0,00 | 1,351 | 44,35 | 44,35 |  0,00 | 29,796 | 343,48 | 343,48 | 12,11 | 1023,698 | 303,15 | 344,93 |  0,00 | 138,704 | 62,78 | 62,78 | 297,623 |   NaN | NaN | 0,00 | 0,00 | NaN
  56 |  4,44 | 258,885 | 754,17 | 789,22 | 759,02 |  0,00 | 1,356 | 44,35 | 44,35 |  0,00 | 27,063 | 341,84 | 341,84 | 10,30 | 956,776 | 305,19 | 340,24 |  0,00 | 138,969 | 62,78 | 62,78 | 298,223 |   NaN | NaN | 0,00 | 0,00 | NaN
  57 |  5,19 | 253,736 | 754,04 | 795,35 | 758,87 |  0,00 | 1,354 | 44,35 | 44,35 |  0,00 | 29,388 | 342,99 | 342,99 | 11,97 | 938,051 | 303,91 | 345,22 |  0,00 | 139,017 | 62,78 | 62,78 | 298,261 |   NaN | NaN | 0,00 | 0,00 | NaN
  58 |  5,38 | 279,443 | 754,02 | 796,90 | 758,87 |  0,00 | 1,382 | 44,35 | 44,35 |  0,00 | 28,954 | 347,07 | 347,07 | 12,51 | 1052,397 | 299,82 | 342,70 |  0,00 | 138,977 | 62,78 | 62,78 | 298,251 |   NaN | NaN | 0,00 | 0,00 | NaN
  59 |  5,77 | 271,633 | 754,26 | 800,44 | 759,09 |  0,00 | 1,401 | 44,35 | 44,35 |  0,00 | 30,742 | 343,20 | 343,20 | 13,19 | 1006,161 | 303,93 | 350,10 |  0,00 | 138,720 | 62,78 | 62,78 | 297,636 |   NaN | NaN | 0,00 | 0,00 | NaN
  60 |  5,57 | 277,156 | 754,50 | 798,96 | 759,34 |  0,00 | 1,336 | 44,35 | 44,35 |  0,00 | 27,471 | 346,75 | 346,75 | 12,89 | 1042,791 | 300,61 | 345,08 |  0,00 | 138,822 | 62,78 | 62,78 | 297,983 |   NaN | NaN | 0,00 | 0,00 | NaN
  61 |  5,80 | 277,601 | 754,65 | 801,11 | 759,47 |  0,00 | 1,359 | 44,35 | 44,35 |  0,00 | 32,884 | 346,16 | 346,16 | 13,36 | 1035,873 | 301,37 | 347,82 |  0,00 | 138,696 | 62,78 | 62,78 | 297,771 |   NaN | NaN | 0,00 | 0,00 | NaN
  62 |  5,76 | 271,600 | 752,63 | 798,66 | 757,53 |  0,00 | 1,420 | 44,35 | 44,35 |  0,00 | 32,919 | 343,92 | 343,92 | 13,24 | 1009,596 | 301,57 | 347,61 |  0,00 | 138,889 | 62,78 | 62,78 | 298,113 |   NaN | NaN | 0,00 | 0,00 | NaN
  63 |  5,70 | 277,433 | 753,28 | 798,81 | 758,11 |  0,00 | 1,375 | 44,35 | 44,35 |  0,00 | 30,762 | 348,58 | 348,58 | 13,27 | 1048,996 | 297,56 | 343,09 |  0,00 | 138,674 | 62,78 | 62,78 | 297,722 |   NaN | NaN | 0,00 | 0,00 | NaN
  64 |  4,24 | 253,180 | 755,27 | 788,69 | 760,13 |  0,00 | 1,419 | 44,35 | 44,35 |  0,00 | 28,895 | 341,91 | 341,91 |  9,84 | 930,248 | 306,23 | 339,65 |  0,00 | 138,880 | 62,78 | 62,78 | 298,049 |   NaN | NaN | 0,00 | 0,00 | NaN

= = = = = = = = = = = = AVERAGE RESULTS system = = = = = = = = = = = =
meanPLR_system | 5,344881 
meanDelay_system | 271,705219 
meanLoad_system | 796,748955 
meanTHR_system | 754,136634 
meanGate_system | 758,983848 

meanPLR_EF_system | 0,000000 
meanPLR_AF_system | 0,000000 
meanPLR_BE_system | 12,357125 
meanPLR_FLA_system | 0,000000 
meanPLR_FLB_system | NaN 

meanTHR_EF_system | 44,352003 
meanTHR_AF_system | 345,032793 
meanTHR_BE_system | 301,970580 
meanTHR_FLA_system | 64,212850 
meanTHR_FLB_system | 0,000000 

meanLoad_EF_system | 44,352003 
meanLoad_AF_system | 345,032793 
meanLoad_BE_system | 344,582901 
meanLoad_FLA_system | 64,212850 
meanLoad_FLB_system | 0,000000 

meanDELAY_EF_system | 1,380332 
meanDELAY_AF_system | 29,388794 
meanDELAY_BE_system | 1014,512556 
meanDELAY_FLA_system | 138,856880 
meanDELAY_FLB_system | NaN 
meanDELAY_CompleteFLA_system | 297,998089 
meanDELAY_CompleteFLB_system | NaN 

= = = = = = = = = = = = AVERAGE RESULTS = = = = = = = = = = = =
Packet Loss Ratio: 05,35 (%)
PROCESSED PACKAGES: 1602417747 
DISCARTED PACKAGES: 57339853 
TOTAL PACKAGES: 1659757600 
AVERAGE DELAY: 50555,69 (ms) 
AVERAGE THROUGHPUT: 754,14 (Mbps) 
GRANTED THROUGHPUT: 48574,97 (Mbps) By 64 ONUs
EFFECTIVE THROUGHPUT: 48264,74 (Mbps) By 64 ONUs
TOTAL LOAD: 50991,93 (Mbps) By 64 ONUs
ON Arrival THROUGHPUT: 0,00 (Mbps) By 64 ONUs
FINISHTIMEFL: 131,562452 
FINISHTIME: 134,562452 


fileName | IPACT_STRICTPRIORITY_2_40_92_0 
