
ONU ID 	|  PLR(%) | Delay(ms) | Throughput(Mbps) | Granted Throughput(Mbps) | Total Load (Mbps) 

  ID |  PLR(%) |  D  | Thr |  Gates  |  Load  | PLR-EF | D-EF | ThrEF | LoadEF | PLR-AF | D-AF | ThrAF | LoadAF | PLR-BE | D-BE | ThrBE | LoadBE | PLR-FA | D-FA | ThrFA | LoadFA | DTFA |  PLR-FB | D-FB | ThrFB | LoadFB | DTFB | 
   1 |  3,80 | 266,063 | 755,14 | 785,00 | 759,44 |  0,00 | 1,406 | 44,35 | 44,35 |  0,00 | 8,151 | 357,35 | 357,35 |  8,56 | 975,550 | 318,93 | 348,79 |  0,00 | 224,148 | 34,51 | 34,51 | 468,363 |   NaN | NaN | 0,00 | 0,00 | NaN
   2 |  4,18 | 248,061 | 754,52 | 787,40 | 758,86 |  0,00 | 1,418 | 44,35 | 44,35 |  0,00 | 1,916 | 357,42 | 357,42 |  9,36 | 875,951 | 318,24 | 351,12 |  0,00 | 925,071 | 34,51 | 34,51 | 1870,313 |   NaN | NaN | 0,00 | 0,00 | NaN
   3 |  3,48 | 237,894 | 752,65 | 779,79 | 756,95 |  0,00 | 1,355 | 44,35 | 44,35 |  0,00 | 1,870 | 350,05 | 350,05 |  7,73 | 824,930 | 323,74 | 350,88 |  0,00 | 881,212 | 34,51 | 34,51 | 1782,719 |   NaN | NaN | 0,00 | 0,00 | NaN
   4 |  4,33 | 270,695 | 754,61 | 788,80 | 759,03 |  0,00 | 1,360 | 44,35 | 44,35 |  0,00 | 15,323 | 356,27 | 356,27 |  9,67 | 987,262 | 319,49 | 353,68 |  0,00 | 146,118 | 34,51 | 34,51 | 312,338 |   NaN | NaN | 0,00 | 0,00 | NaN
   5 |  3,54 | 239,997 | 753,27 | 780,93 | 757,55 |  0,00 | 1,386 | 44,35 | 44,35 |  0,00 | 1,782 | 351,79 | 351,79 |  7,90 | 813,309 | 322,62 | 350,28 |  0,00 | 1278,074 | 34,51 | 34,51 | 2576,382 |   NaN | NaN | 0,00 | 0,00 | NaN
   6 |  4,14 | 255,405 | 754,95 | 787,56 | 759,25 |  0,00 | 1,334 | 44,35 | 44,35 |  0,00 | 1,980 | 355,68 | 355,68 |  9,24 | 891,613 | 320,41 | 353,02 |  0,00 | 1034,109 | 34,51 | 34,51 | 2088,344 |   NaN | NaN | 0,00 | 0,00 | NaN
   7 |  3,91 | 262,944 | 753,96 | 784,64 | 758,24 |  0,00 | 1,353 | 44,35 | 44,35 |  0,00 | 2,643 | 353,63 | 353,63 |  8,71 | 951,117 | 321,47 | 352,15 |  0,00 | 408,974 | 34,51 | 34,51 | 838,122 |   NaN | NaN | 0,00 | 0,00 | NaN
   8 |  3,96 | 253,064 | 755,01 | 786,13 | 759,32 |  0,00 | 1,403 | 44,35 | 44,35 |  0,00 | 1,882 | 352,34 | 352,34 |  8,77 | 878,169 | 323,82 | 354,94 |  0,00 | 956,136 | 34,51 | 34,51 | 1932,438 |   NaN | NaN | 0,00 | 0,00 | NaN
   9 |  4,11 | 255,360 | 755,40 | 787,78 | 759,70 |  0,00 | 1,343 | 44,35 | 44,35 |  0,00 | 2,004 | 353,97 | 353,97 |  9,12 | 908,306 | 322,57 | 354,95 |  0,00 | 639,026 | 34,51 | 34,51 | 1298,265 |   NaN | NaN | 0,00 | 0,00 | NaN
  10 |  3,49 | 254,849 | 755,33 | 782,64 | 759,65 |  0,00 | 1,404 | 44,35 | 44,35 |  0,00 | 10,565 | 352,54 | 352,54 |  7,77 | 918,000 | 323,94 | 351,24 |  0,00 | 201,131 | 34,51 | 34,51 | 422,510 |   NaN | NaN | 0,00 | 0,00 | NaN
  11 |  3,62 | 237,870 | 753,34 | 781,65 | 757,63 |  0,00 | 1,343 | 44,35 | 44,35 |  0,00 | 1,895 | 349,54 | 349,54 |  8,02 | 771,162 | 324,94 | 353,26 |  0,00 | 1788,794 | 34,51 | 34,51 | 3598,125 |   NaN | NaN | 0,00 | 0,00 | NaN
  12 |  3,85 | 241,828 | 755,46 | 785,75 | 759,77 |  0,00 | 1,406 | 44,35 | 44,35 |  0,00 | 1,954 | 352,87 | 352,87 |  8,56 | 829,813 | 323,74 | 354,03 |  0,00 | 1085,470 | 34,51 | 34,51 | 2191,092 |   NaN | NaN | 0,00 | 0,00 | NaN
  13 |  3,10 | 239,775 | 752,12 | 776,18 | 756,42 |  0,00 | 1,370 | 44,35 | 44,35 |  0,00 | 1,989 | 350,68 | 350,68 |  6,94 | 832,123 | 322,57 | 346,64 |  0,00 | 919,709 | 34,51 | 34,51 | 1859,503 |   NaN | NaN | 0,00 | 0,00 | NaN
  14 |  4,32 | 251,533 | 752,58 | 786,55 | 756,89 |  0,00 | 1,412 | 44,35 | 44,35 |  0,00 | 2,080 | 353,96 | 353,96 |  9,60 | 864,043 | 319,76 | 353,73 |  0,00 | 1258,916 | 34,51 | 34,51 | 2538,131 |   NaN | NaN | 0,00 | 0,00 | NaN
  15 |  3,52 | 256,561 | 753,26 | 780,75 | 757,56 |  0,00 | 1,406 | 44,35 | 44,35 |  0,00 | 2,748 | 347,13 | 347,13 |  7,75 | 909,296 | 327,27 | 354,77 |  0,00 | 425,423 | 34,51 | 34,51 | 870,882 |   NaN | NaN | 0,00 | 0,00 | NaN
  16 |  4,99 | 273,950 | 753,97 | 793,59 | 758,26 |  0,00 | 1,397 | 44,35 | 44,35 |  0,00 | 2,320 | 354,46 | 354,46 | 11,00 | 974,611 | 320,65 | 360,27 |  0,00 | 756,696 | 34,51 | 34,51 | 1533,717 |   NaN | NaN | 0,00 | 0,00 | NaN
  17 |  4,13 | 261,135 | 753,85 | 786,30 | 758,19 |  0,00 | 1,410 | 44,35 | 44,35 |  0,00 | 2,037 | 355,11 | 355,11 |  9,21 | 931,522 | 319,88 | 352,33 |  0,00 | 717,315 | 34,51 | 34,51 | 1454,768 |   NaN | NaN | 0,00 | 0,00 | NaN
  18 |  3,48 | 233,517 | 753,44 | 780,62 | 757,72 |  0,00 | 1,387 | 44,35 | 44,35 |  0,00 | 2,221 | 350,61 | 350,61 |  7,74 | 749,434 | 323,96 | 351,14 |  0,00 | 1924,595 | 34,51 | 34,51 | 3869,590 |   NaN | NaN | 0,00 | 0,00 | NaN
  19 |  2,63 | 227,077 | 754,52 | 774,86 | 758,82 |  0,00 | 1,377 | 44,35 | 44,35 |  0,00 | 1,827 | 346,78 | 346,78 |  5,82 | 737,210 | 328,89 | 349,23 |  0,00 | 1540,038 | 34,51 | 34,51 | 3100,475 |   NaN | NaN | 0,00 | 0,00 | NaN
  20 |  3,11 | 222,852 | 753,57 | 777,76 | 757,86 |  0,00 | 1,373 | 44,35 | 44,35 |  0,00 | 2,270 | 352,57 | 352,57 |  6,98 | 719,755 | 322,14 | 346,32 |  0,00 | 1821,193 | 34,51 | 34,51 | 3662,818 |   NaN | NaN | 0,00 | 0,00 | NaN
  21 |  2,56 | 227,008 | 753,07 | 772,87 | 757,36 |  0,00 | 1,377 | 44,35 | 44,35 |  0,00 | 4,058 | 348,34 | 348,34 |  5,73 | 809,241 | 325,87 | 345,67 |  0,00 | 315,066 | 34,51 | 34,51 | 650,220 |   NaN | NaN | 0,00 | 0,00 | NaN
  22 |  4,36 | 256,379 | 754,93 | 789,36 | 759,27 |  0,00 | 1,416 | 44,35 | 44,35 |  0,00 | 1,998 | 358,84 | 358,84 |  9,79 | 887,038 | 317,24 | 351,66 |  0,00 | 1329,642 | 34,51 | 34,51 | 2679,607 |   NaN | NaN | 0,00 | 0,00 | NaN
  23 |  3,81 | 245,669 | 754,87 | 784,80 | 759,17 |  0,00 | 1,398 | 44,35 | 44,35 |  0,00 | 2,035 | 353,08 | 353,08 |  8,48 | 811,674 | 322,93 | 352,86 |  0,00 | 1686,727 | 34,51 | 34,51 | 3393,694 |   NaN | NaN | 0,00 | 0,00 | NaN
  24 |  4,30 | 256,512 | 754,10 | 788,01 | 758,40 |  0,00 | 1,360 | 44,35 | 44,35 |  0,00 | 1,956 | 353,34 | 353,34 |  9,53 | 896,694 | 321,91 | 355,81 |  0,00 | 931,306 | 34,51 | 34,51 | 1882,825 |   NaN | NaN | 0,00 | 0,00 | NaN
  25 |  4,27 | 271,116 | 754,57 | 788,24 | 758,91 |  0,00 | 1,417 | 44,35 | 44,35 |  0,00 | 2,426 | 351,19 | 351,19 |  9,40 | 968,076 | 324,52 | 358,19 |  0,00 | 489,492 | 34,51 | 34,51 | 999,152 |   NaN | NaN | 0,00 | 0,00 | NaN
  26 |  3,36 | 258,801 | 754,26 | 780,47 | 758,57 |  0,00 | 1,414 | 44,35 | 44,35 |  0,00 | 3,448 | 351,62 | 351,62 |  7,49 | 928,549 | 323,79 | 350,00 |  0,00 | 400,553 | 34,51 | 34,51 | 821,235 |   NaN | NaN | 0,00 | 0,00 | NaN
  27 |  3,39 | 225,012 | 754,78 | 781,28 | 759,07 |  0,00 | 1,340 | 44,35 | 44,35 |  0,00 | 1,791 | 354,33 | 354,33 |  7,61 | 723,480 | 321,59 | 348,09 |  0,00 | 1947,203 | 34,51 | 34,51 | 3914,783 |   NaN | NaN | 0,00 | 0,00 | NaN
  28 |  2,81 | 232,198 | 753,69 | 775,47 | 758,00 |  0,00 | 1,406 | 44,35 | 44,35 |  0,00 | 1,830 | 351,77 | 351,77 |  6,32 | 760,210 | 323,06 | 344,84 |  0,00 | 1695,479 | 34,51 | 34,51 | 3411,253 |   NaN | NaN | 0,00 | 0,00 | NaN
  29 |  4,03 | 246,881 | 753,64 | 785,30 | 757,94 |  0,00 | 1,386 | 44,35 | 44,35 |  0,00 | 1,777 | 353,11 | 353,11 |  8,96 | 814,231 | 321,67 | 353,33 |  0,00 | 1760,501 | 34,51 | 34,51 | 3541,463 |   NaN | NaN | 0,00 | 0,00 | NaN
  30 |  3,42 | 232,444 | 753,85 | 780,58 | 758,16 |  0,00 | 1,416 | 44,35 | 44,35 |  0,00 | 1,887 | 350,68 | 350,68 |  7,61 | 748,435 | 324,31 | 351,04 |  0,00 | 1871,308 | 34,51 | 34,51 | 3763,127 |   NaN | NaN | 0,00 | 0,00 | NaN
  31 |  3,35 | 237,347 | 754,53 | 780,69 | 758,83 |  0,00 | 1,383 | 44,35 | 44,35 |  0,00 | 1,968 | 352,93 | 352,93 |  7,50 | 780,750 | 322,74 | 348,90 |  0,00 | 1693,671 | 34,51 | 34,51 | 3407,673 |   NaN | NaN | 0,00 | 0,00 | NaN
  32 |  3,84 | 226,838 | 755,51 | 785,66 | 759,81 |  0,00 | 1,339 | 44,35 | 44,35 |  0,00 | 2,275 | 353,14 | 353,14 |  8,52 | 734,415 | 323,51 | 353,66 |  0,00 | 1793,485 | 34,51 | 34,51 | 3607,486 |   NaN | NaN | 0,00 | 0,00 | NaN
  33 |  3,37 | 230,220 | 753,20 | 779,50 | 757,49 |  0,00 | 1,405 | 44,35 | 44,35 |  0,00 | 2,258 | 349,42 | 349,42 |  7,49 | 739,631 | 324,92 | 351,22 |  0,00 | 1838,267 | 34,51 | 34,51 | 3697,009 |   NaN | NaN | 0,00 | 0,00 | NaN
  34 |  3,49 | 229,823 | 754,50 | 781,76 | 758,79 |  0,00 | 1,396 | 44,35 | 44,35 |  0,00 | 1,844 | 351,69 | 351,69 |  7,76 | 732,406 | 323,95 | 351,21 |  0,00 | 2006,904 | 34,51 | 34,51 | 4034,385 |   NaN | NaN | 0,00 | 0,00 | NaN
  35 |  4,28 | 247,936 | 753,55 | 787,21 | 757,81 |  0,00 | 1,345 | 44,35 | 44,35 |  0,00 | 1,787 | 354,63 | 354,63 |  9,52 | 804,379 | 320,05 | 353,72 |  0,00 | 2074,788 | 34,51 | 34,51 | 4170,112 |   NaN | NaN | 0,00 | 0,00 | NaN
  36 |  3,38 | 221,848 | 754,65 | 781,08 | 758,93 |  0,00 | 1,398 | 44,35 | 44,35 |  0,00 | 1,858 | 348,87 | 348,87 |  7,48 | 698,466 | 326,92 | 353,34 |  0,00 | 1971,480 | 34,51 | 34,51 | 3963,438 |   NaN | NaN | 0,00 | 0,00 | NaN
  37 |  4,34 | 245,563 | 755,67 | 789,96 | 759,96 |  0,00 | 1,381 | 44,35 | 44,35 |  0,00 | 1,935 | 358,16 | 358,16 |  9,72 | 816,519 | 318,65 | 352,95 |  0,00 | 1793,802 | 34,51 | 34,51 | 3608,320 |   NaN | NaN | 0,00 | 0,00 | NaN
  38 |  4,20 | 248,173 | 755,08 | 788,18 | 759,35 |  0,00 | 1,373 | 44,35 | 44,35 |  0,00 | 1,574 | 354,32 | 354,32 |  9,33 | 812,645 | 321,90 | 355,00 |  0,00 | 1886,920 | 34,51 | 34,51 | 3794,324 |   NaN | NaN | 0,00 | 0,00 | NaN
  39 |  2,30 | 215,292 | 755,33 | 773,14 | 759,67 |  0,00 | 1,416 | 44,35 | 44,35 |  0,00 | 1,607 | 349,05 | 349,05 |  5,16 | 682,056 | 327,42 | 345,23 |  0,00 | 1830,712 | 34,51 | 34,51 | 3681,908 |   NaN | NaN | 0,00 | 0,00 | NaN
  40 |  2,92 | 221,323 | 752,83 | 775,51 | 757,15 |  0,00 | 1,416 | 44,35 | 44,35 |  0,00 | 1,711 | 352,09 | 352,09 |  6,58 | 708,092 | 321,88 | 344,56 |  0,00 | 1942,858 | 34,51 | 34,51 | 3906,175 |   NaN | NaN | 0,00 | 0,00 | NaN
  41 |  4,28 | 239,741 | 752,46 | 786,09 | 756,74 |  0,00 | 1,399 | 44,35 | 44,35 |  0,00 | 1,786 | 349,38 | 349,38 |  9,40 | 782,342 | 324,22 | 357,85 |  0,00 | 1728,037 | 34,51 | 34,51 | 3476,512 |   NaN | NaN | 0,00 | 0,00 | NaN
  42 |  4,30 | 245,134 | 754,93 | 788,85 | 759,22 |  0,00 | 1,345 | 44,35 | 44,35 |  0,00 | 1,738 | 354,72 | 354,72 |  9,55 | 809,591 | 321,35 | 355,27 |  0,00 | 1761,456 | 34,51 | 34,51 | 3543,385 |   NaN | NaN | 0,00 | 0,00 | NaN
  43 |  5,05 | 254,856 | 754,30 | 794,46 | 758,61 |  0,00 | 1,423 | 44,35 | 44,35 |  0,00 | 1,867 | 357,95 | 357,95 | 11,23 | 851,168 | 317,49 | 357,65 |  0,00 | 1833,345 | 34,51 | 34,51 | 3687,073 |   NaN | NaN | 0,00 | 0,00 | NaN
  44 |  4,08 | 254,676 | 754,79 | 786,90 | 759,07 |  0,00 | 1,335 | 44,35 | 44,35 |  0,00 | 2,405 | 352,22 | 352,22 |  9,02 | 840,722 | 323,72 | 355,82 |  0,00 | 1717,836 | 34,51 | 34,51 | 3456,133 |   NaN | NaN | 0,00 | 0,00 | NaN
  45 |  3,37 | 233,421 | 755,19 | 781,54 | 759,53 |  0,00 | 1,420 | 44,35 | 44,35 |  0,00 | 1,718 | 355,71 | 355,71 |  7,59 | 768,227 | 320,63 | 346,98 |  0,00 | 1751,385 | 34,51 | 34,51 | 3523,144 |   NaN | NaN | 0,00 | 0,00 | NaN
  46 |  3,78 | 239,073 | 754,46 | 784,12 | 758,75 |  0,00 | 1,359 | 44,35 | 44,35 |  0,00 | 1,947 | 350,77 | 350,77 |  8,37 | 775,186 | 324,83 | 354,49 |  0,00 | 1816,185 | 34,51 | 34,51 | 3652,756 |   NaN | NaN | 0,00 | 0,00 | NaN
  47 |  3,49 | 231,411 | 754,30 | 781,62 | 758,59 |  0,00 | 1,357 | 44,35 | 44,35 |  0,00 | 1,911 | 353,01 | 353,01 |  7,81 | 760,050 | 322,44 | 349,75 |  0,00 | 1678,298 | 34,51 | 34,51 | 3376,921 |   NaN | NaN | 0,00 | 0,00 | NaN
  48 |  3,49 | 250,943 | 753,97 | 781,23 | 758,27 |  0,00 | 1,386 | 44,35 | 44,35 |  0,00 | 1,520 | 351,38 | 351,38 |  7,77 | 827,214 | 323,74 | 351,00 |  0,00 | 1714,579 | 34,51 | 34,51 | 3449,607 |   NaN | NaN | 0,00 | 0,00 | NaN
  49 |  3,31 | 227,098 | 755,13 | 780,97 | 759,44 |  0,00 | 1,399 | 44,35 | 44,35 |  0,00 | 1,742 | 352,95 | 352,95 |  7,40 | 742,482 | 323,33 | 349,16 |  0,00 | 1681,218 | 34,51 | 34,51 | 3382,721 |   NaN | NaN | 0,00 | 0,00 | NaN
  50 |  3,98 | 242,857 | 754,61 | 785,89 | 758,88 |  0,00 | 1,353 | 44,35 | 44,35 |  0,00 | 1,731 | 355,68 | 355,68 |  8,90 | 800,300 | 320,07 | 351,35 |  0,00 | 1825,066 | 34,51 | 34,51 | 3670,514 |   NaN | NaN | 0,00 | 0,00 | NaN
  51 |  3,84 | 243,087 | 754,16 | 784,24 | 758,45 |  0,00 | 1,351 | 44,35 | 44,35 |  0,00 | 2,092 | 351,98 | 351,98 |  8,51 | 798,232 | 323,32 | 353,40 |  0,00 | 1725,033 | 34,51 | 34,51 | 3470,570 |   NaN | NaN | 0,00 | 0,00 | NaN
  52 |  3,67 | 233,422 | 752,82 | 781,51 | 757,12 |  0,00 | 1,377 | 44,35 | 44,35 |  0,00 | 2,217 | 347,61 | 347,61 |  8,08 | 753,216 | 326,36 | 355,04 |  0,00 | 1743,930 | 34,51 | 34,51 | 3508,455 |   NaN | NaN | 0,00 | 0,00 | NaN
  53 |  3,86 | 238,884 | 754,18 | 784,43 | 758,47 |  0,00 | 1,365 | 44,35 | 44,35 |  0,00 | 2,118 | 354,11 | 354,11 |  8,61 | 783,614 | 321,21 | 351,46 |  0,00 | 1799,810 | 34,51 | 34,51 | 3620,194 |   NaN | NaN | 0,00 | 0,00 | NaN
  54 |  3,01 | 230,749 | 754,38 | 777,82 | 758,66 |  0,00 | 1,367 | 44,35 | 44,35 |  0,00 | 1,778 | 351,99 | 351,99 |  6,76 | 750,918 | 323,53 | 346,97 |  0,00 | 1755,086 | 34,51 | 34,51 | 3530,770 |   NaN | NaN | 0,00 | 0,00 | NaN
  55 |  3,26 | 220,964 | 755,67 | 781,14 | 759,97 |  0,00 | 1,352 | 44,35 | 44,35 |  0,00 | 1,518 | 349,65 | 349,65 |  7,22 | 700,400 | 327,16 | 352,63 |  0,00 | 1892,026 | 34,51 | 34,51 | 3804,446 |   NaN | NaN | 0,00 | 0,00 | NaN
  56 |  3,14 | 230,354 | 754,48 | 778,94 | 758,78 |  0,00 | 1,358 | 44,35 | 44,35 |  0,00 | 1,891 | 349,32 | 349,32 |  6,98 | 744,937 | 326,30 | 350,77 |  0,00 | 1722,852 | 34,51 | 34,51 | 3466,262 |   NaN | NaN | 0,00 | 0,00 | NaN
  57 |  3,75 | 236,849 | 754,08 | 783,49 | 758,38 |  0,00 | 1,355 | 44,35 | 44,35 |  0,00 | 1,673 | 351,07 | 351,07 |  8,32 | 775,255 | 324,15 | 353,56 |  0,00 | 1693,586 | 34,51 | 34,51 | 3407,507 |   NaN | NaN | 0,00 | 0,00 | NaN
  58 |  3,72 | 249,437 | 754,07 | 783,18 | 758,35 |  0,00 | 1,384 | 44,35 | 44,35 |  0,00 | 2,389 | 352,17 | 352,17 |  8,27 | 823,342 | 323,05 | 352,15 |  0,00 | 1697,487 | 34,51 | 34,51 | 3415,304 |   NaN | NaN | 0,00 | 0,00 | NaN
  59 |  4,27 | 247,305 | 755,27 | 788,98 | 759,56 |  0,00 | 1,403 | 44,35 | 44,35 |  0,00 | 1,548 | 352,13 | 352,13 |  9,41 | 797,637 | 324,29 | 357,99 |  0,00 | 1993,279 | 34,51 | 34,51 | 4007,258 |   NaN | NaN | 0,00 | 0,00 | NaN
  60 |  3,79 | 239,967 | 754,32 | 784,05 | 758,62 |  0,00 | 1,337 | 44,35 | 44,35 |  0,00 | 2,140 | 352,35 | 352,35 |  8,43 | 787,135 | 323,11 | 352,83 |  0,00 | 1728,185 | 34,51 | 34,51 | 3476,878 |   NaN | NaN | 0,00 | 0,00 | NaN
  61 |  4,18 | 247,221 | 754,75 | 787,66 | 759,03 |  0,00 | 1,360 | 44,35 | 44,35 |  0,00 | 1,957 | 354,07 | 354,07 |  9,28 | 812,947 | 321,82 | 354,73 |  0,00 | 1808,550 | 34,51 | 34,51 | 3637,634 |   NaN | NaN | 0,00 | 0,00 | NaN
  62 |  4,17 | 249,651 | 754,18 | 786,97 | 758,52 |  0,00 | 1,422 | 44,35 | 44,35 |  0,00 | 1,720 | 354,50 | 354,50 |  9,27 | 829,694 | 320,82 | 353,61 |  0,00 | 1714,875 | 34,51 | 34,51 | 3450,196 |   NaN | NaN | 0,00 | 0,00 | NaN
  63 |  3,84 | 234,663 | 754,43 | 784,53 | 758,71 |  0,00 | 1,377 | 44,35 | 44,35 |  0,00 | 2,084 | 354,41 | 354,41 |  8,57 | 764,463 | 321,16 | 351,27 |  0,00 | 1866,043 | 34,51 | 34,51 | 3752,639 |   NaN | NaN | 0,00 | 0,00 | NaN
  64 |  3,14 | 221,970 | 753,40 | 777,80 | 757,74 |  0,00 | 1,420 | 44,35 | 44,35 |  0,00 | 2,009 | 350,77 | 350,77 |  7,01 | 716,760 | 323,77 | 348,17 |  0,00 | 1756,267 | 34,51 | 34,51 | 3533,107 |   NaN | NaN | 0,00 | 0,00 | NaN

= = = = = = = = = = = = AVERAGE RESULTS system = = = = = = = = = = = =
meanPLR_system | 3,722981 
meanDelay_system | 242,352324 
meanLoad_system | 783,439731 
meanTHR_system | 754,248525 
meanGate_system | 758,550149 

meanPLR_EF_system | 0,000000 
meanPLR_AF_system | 0,000000 
meanPLR_BE_system | 8,283878 
meanPLR_FLA_system | 0,000000 
meanPLR_FLB_system | NaN 

meanTHR_EF_system | 44,352003 
meanTHR_AF_system | 352,581992 
meanTHR_BE_system | 322,808343 
meanTHR_FLA_system | 35,079319 
meanTHR_FLB_system | 0,000000 

meanLoad_EF_system | 44,352003 
meanLoad_AF_system | 352,581992 
meanLoad_BE_system | 351,999549 
meanLoad_FLA_system | 35,079319 
meanLoad_FLB_system | 0,000000 

meanDELAY_EF_system | 1,381711 
meanDELAY_AF_system | 2,452771 
meanDELAY_BE_system | 812,437427 
meanDELAY_FLA_system | 1446,823895 
meanDELAY_FLB_system | NaN 
meanDELAY_CompleteFLA_system | 2914,016699 
meanDELAY_CompleteFLB_system | NaN 

= = = = = = = = = = = = AVERAGE RESULTS = = = = = = = = = = = =
Packet Loss Ratio: 03,73 (%)
PROCESSED PACKAGES: 2211271732 
DISCARTED PACKAGES: 53501744 
TOTAL PACKAGES: 2264773476 
AVERAGE DELAY: 45602,99 (ms) 
AVERAGE THROUGHPUT: 754,25 (Mbps) 
GRANTED THROUGHPUT: 48547,21 (Mbps) By 64 ONUs
EFFECTIVE THROUGHPUT: 48271,91 (Mbps) By 64 ONUs
TOTAL LOAD: 50140,14 (Mbps) By 64 ONUs
ON Arrival THROUGHPUT: 0,00 (Mbps) By 64 ONUs
FINISHTIMEFL: 180,619243 
FINISHTIME: 183,619243 


fileName | IPACT_LBCONSTANTTOKENSBYCYCLE_4_30_94_0 
