
ONU ID 	|  PLR(%) | Delay(ms) | Throughput(Mbps) | Granted Throughput(Mbps) | Total Load (Mbps) 

  ID |  PLR(%) |  D  | Thr |  Gates  |  Load  | PLR-EF | D-EF | ThrEF | LoadEF | PLR-AF | D-AF | ThrAF | LoadAF | PLR-BE | D-BE | ThrBE | LoadBE | PLR-FA | D-FA | ThrFA | LoadFA | DTFA |  PLR-FB | D-FB | ThrFB | LoadFB | DTFB | 
   1 |  0,00 | 0,437 | 601,79 | 601,79 | 638,99 |  0,00 | 0,158 | 44,35 | 44,35 |  0,00 | 0,295 | 266,98 | 266,98 |  0,00 | 0,392 | 261,89 | 261,89 |  0,00 | 12,989 | 28,58 | 28,58 | 47,410 |   NaN | NaN | 0,00 | 0,00 | NaN
   2 |  0,00 | 1,979 | 600,08 | 600,08 | 641,49 |  0,00 | 0,170 | 44,35 | 44,35 |  0,00 | 0,190 | 265,74 | 265,74 |  0,00 | 0,254 | 261,42 | 261,42 |  0,00 | 123,252 | 28,58 | 28,58 | 267,147 |   NaN | NaN | 0,00 | 0,00 | NaN
   3 |  0,00 | 1,812 | 594,71 | 594,71 | 628,82 |  0,00 | 0,107 | 44,35 | 44,35 |  0,00 | 0,114 | 260,16 | 260,16 |  0,00 | 0,300 | 261,62 | 261,62 |  0,00 | 113,792 | 28,58 | 28,58 | 239,014 |   NaN | NaN | 0,00 | 0,00 | NaN
   4 |  0,00 | 0,415 | 601,31 | 601,31 | 635,65 |  0,00 | 0,112 | 44,35 | 44,35 |  0,00 | 0,271 | 265,66 | 265,66 |  0,00 | 0,458 | 262,72 | 262,72 |  0,00 | 12,255 | 28,58 | 28,58 | 45,640 |   NaN | NaN | 0,00 | 0,00 | NaN
   5 |  0,00 | 2,438 | 595,51 | 595,51 | 629,94 |  0,00 | 0,138 | 44,35 | 44,35 |  0,00 | 0,145 | 262,22 | 262,22 |  0,00 | 0,265 | 260,36 | 260,36 |  0,00 | 155,860 | 28,58 | 28,58 | 330,544 |   NaN | NaN | 0,00 | 0,00 | NaN
   6 |  0,00 | 1,982 | 599,56 | 599,56 | 633,44 |  0,00 | 0,087 | 44,35 | 44,35 |  0,00 | 0,093 | 264,29 | 264,29 |  0,00 | 0,322 | 262,34 | 262,34 |  0,00 | 126,663 | 28,58 | 28,58 | 275,948 |   NaN | NaN | 0,00 | 0,00 | NaN
   7 |  0,00 | 0,809 | 598,27 | 598,27 | 632,40 |  0,00 | 0,105 | 44,35 | 44,35 |  0,00 | 0,112 | 262,51 | 262,51 |  0,00 | 0,305 | 262,84 | 262,84 |  0,00 | 45,020 | 28,58 | 28,58 | 110,138 |   NaN | NaN | 0,00 | 0,00 | NaN
   8 |  0,00 | 1,971 | 602,52 | 602,52 | 638,75 |  0,00 | 0,155 | 44,35 | 44,35 |  0,00 | 0,163 | 264,12 | 264,12 |  0,00 | 0,246 | 265,47 | 265,47 |  0,00 | 124,047 | 28,58 | 28,58 | 275,295 |   NaN | NaN | 0,00 | 0,00 | NaN
   9 |  0,00 | 1,118 | 599,54 | 599,54 | 633,64 |  0,00 | 0,095 | 44,35 | 44,35 |  0,00 | 0,102 | 262,93 | 262,93 |  0,00 | 0,315 | 263,68 | 263,68 |  0,00 | 66,743 | 28,58 | 28,58 | 154,822 |   NaN | NaN | 0,00 | 0,00 | NaN
  10 |  0,00 | 0,449 | 598,04 | 598,04 | 634,57 |  0,00 | 0,156 | 44,35 | 44,35 |  0,00 | 0,320 | 263,71 | 263,71 |  0,00 | 0,428 | 261,40 | 261,40 |  0,00 | 12,812 | 28,58 | 28,58 | 45,985 |   NaN | NaN | 0,00 | 0,00 | NaN
  11 |  0,00 | 6,382 | 597,17 | 597,17 | 631,29 |  0,00 | 0,095 | 44,35 | 44,35 |  0,00 | 0,119 | 261,77 | 261,77 |  0,00 | 0,417 | 262,48 | 262,48 |  0,00 | 426,877 | 28,58 | 28,58 | 890,616 |   NaN | NaN | 0,00 | 0,00 | NaN
  12 |  0,00 | 2,047 | 599,19 | 599,19 | 636,06 |  0,00 | 0,157 | 44,35 | 44,35 |  0,00 | 0,163 | 262,82 | 262,82 |  0,00 | 0,242 | 263,45 | 263,45 |  0,00 | 128,903 | 28,58 | 28,58 | 282,788 |   NaN | NaN | 0,00 | 0,00 | NaN
  13 |  0,00 | 1,987 | 591,45 | 591,45 | 625,60 |  0,00 | 0,122 | 44,35 | 44,35 |  0,00 | 0,129 | 261,02 | 261,02 |  0,00 | 0,293 | 257,51 | 257,51 |  0,00 | 124,743 | 28,58 | 28,58 | 268,144 |   NaN | NaN | 0,00 | 0,00 | NaN
  14 |  0,00 | 2,441 | 601,21 | 601,21 | 639,82 |  0,00 | 0,163 | 44,35 | 44,35 |  0,00 | 0,166 | 263,44 | 263,44 |  0,00 | 0,237 | 264,84 | 264,84 |  0,00 | 156,200 | 28,58 | 28,58 | 329,128 |   NaN | NaN | 0,00 | 0,00 | NaN
  15 |  0,00 | 0,791 | 597,38 | 597,38 | 634,27 |  0,00 | 0,157 | 44,35 | 44,35 |  0,00 | 0,181 | 259,25 | 259,25 |  0,00 | 0,255 | 265,20 | 265,20 |  0,00 | 41,639 | 28,58 | 28,58 | 109,771 |   NaN | NaN | 0,00 | 0,00 | NaN
  16 |  0,00 | 1,386 | 604,66 | 604,66 | 639,85 |  0,00 | 0,149 | 44,35 | 44,35 |  0,00 | 0,154 | 264,47 | 264,47 |  0,00 | 0,249 | 267,26 | 267,26 |  0,00 | 84,067 | 28,58 | 28,58 | 191,167 |   NaN | NaN | 0,00 | 0,00 | NaN
  17 |  0,00 | 1,335 | 599,12 | 599,12 | 637,11 |  0,00 | 0,162 | 44,35 | 44,35 |  0,00 | 0,165 | 264,31 | 264,31 |  0,00 | 0,237 | 261,89 | 261,89 |  0,00 | 79,733 | 28,58 | 28,58 | 178,341 |   NaN | NaN | 0,00 | 0,00 | NaN
  18 |  0,00 | 4,787 | 595,80 | 595,80 | 630,21 |  0,00 | 0,138 | 44,35 | 44,35 |  0,00 | 0,151 | 262,00 | 262,00 |  0,00 | 0,270 | 260,88 | 260,88 |  0,00 | 317,172 | 28,58 | 28,58 | 746,005 |   NaN | NaN | 0,00 | 0,00 | NaN
  19 |  0,00 | 4,784 | 592,35 | 592,35 | 626,61 |  0,00 | 0,129 | 44,35 | 44,35 |  0,00 | 0,135 | 259,08 | 259,08 |  0,00 | 0,273 | 260,34 | 260,34 |  0,00 | 316,494 | 28,58 | 28,58 | 568,021 |   NaN | NaN | 0,00 | 0,00 | NaN
  20 |  0,00 | 6,166 | 592,32 | 592,32 | 626,50 |  0,00 | 0,125 | 44,35 | 44,35 |  0,00 | 0,185 | 262,16 | 262,16 |  0,00 | 0,344 | 257,23 | 257,23 |  0,00 | 409,237 | 28,58 | 28,58 | 886,795 |   NaN | NaN | 0,00 | 0,00 | NaN
  21 |  0,00 | 0,553 | 590,96 | 590,96 | 625,18 |  0,00 | 0,129 | 44,35 | 44,35 |  0,00 | 0,153 | 260,05 | 260,05 |  0,00 | 0,293 | 257,98 | 257,98 |  0,00 | 25,944 | 28,58 | 28,58 | 73,050 |   NaN | NaN | 0,00 | 0,00 | NaN
  22 |  0,00 | 2,524 | 601,37 | 601,37 | 641,70 |  0,00 | 0,168 | 44,35 | 44,35 |  0,00 | 0,172 | 267,11 | 267,11 |  0,00 | 0,234 | 261,33 | 261,33 |  0,00 | 161,787 | 28,58 | 28,58 | 348,636 |   NaN | NaN | 0,00 | 0,00 | NaN
  23 |  0,00 | 6,515 | 599,41 | 599,41 | 634,69 |  0,00 | 0,150 | 44,35 | 44,35 |  0,00 | 0,216 | 263,57 | 263,57 |  0,00 | 0,393 | 262,91 | 262,91 |  0,00 | 433,880 | 28,58 | 28,58 | 824,628 |   NaN | NaN | 0,00 | 0,00 | NaN
  24 |  0,00 | 1,973 | 602,09 | 602,09 | 636,19 |  0,00 | 0,112 | 44,35 | 44,35 |  0,00 | 0,123 | 263,78 | 263,78 |  0,00 | 0,299 | 265,38 | 265,38 |  0,00 | 125,372 | 28,58 | 28,58 | 269,813 |   NaN | NaN | 0,00 | 0,00 | NaN
  25 |  0,00 | 0,878 | 599,89 | 599,89 | 640,84 |  0,00 | 0,169 | 44,35 | 44,35 |  0,00 | 0,180 | 260,25 | 260,25 |  0,00 | 0,237 | 266,72 | 266,72 |  0,00 | 47,688 | 28,58 | 28,58 | 116,508 |   NaN | NaN | 0,00 | 0,00 | NaN
  26 |  0,00 | 0,821 | 596,35 | 596,35 | 635,70 |  0,00 | 0,165 | 44,35 | 44,35 |  0,00 | 0,185 | 262,45 | 262,45 |  0,00 | 0,247 | 260,97 | 260,97 |  0,00 | 43,474 | 28,58 | 28,58 | 104,015 |   NaN | NaN | 0,00 | 0,00 | NaN
  27 |  0,00 | 4,557 | 595,62 | 595,62 | 629,70 |  0,00 | 0,092 | 44,35 | 44,35 |  0,00 | 0,100 | 263,43 | 263,43 |  0,00 | 0,321 | 259,26 | 259,26 |  0,00 | 302,919 | 28,58 | 28,58 | 709,721 |   NaN | NaN | 0,00 | 0,00 | NaN
  28 |  0,00 | 6,565 | 592,98 | 592,98 | 629,95 |  0,00 | 0,158 | 44,35 | 44,35 |  0,00 | 0,288 | 262,00 | 262,00 |  0,00 | 0,432 | 258,05 | 258,05 |  0,00 | 432,429 | 28,58 | 28,58 | 824,700 |   NaN | NaN | 0,00 | 0,00 | NaN
  29 |  0,00 | 6,545 | 598,53 | 598,53 | 632,91 |  0,00 | 0,137 | 44,35 | 44,35 |  0,00 | 0,216 | 261,33 | 261,33 |  0,00 | 0,378 | 264,27 | 264,27 |  0,00 | 436,206 | 28,58 | 28,58 | 886,418 |   NaN | NaN | 0,00 | 0,00 | NaN
  30 |  0,00 | 5,433 | 596,60 | 596,60 | 637,05 |  0,00 | 0,168 | 44,35 | 44,35 |  0,00 | 0,174 | 261,53 | 261,53 |  0,00 | 0,232 | 262,14 | 262,14 |  0,00 | 361,157 | 28,58 | 28,58 | 835,250 |   NaN | NaN | 0,00 | 0,00 | NaN
  31 |  0,00 | 6,503 | 596,07 | 596,07 | 630,40 |  0,00 | 0,135 | 44,35 | 44,35 |  0,00 | 0,183 | 262,87 | 262,87 |  0,00 | 0,425 | 260,28 | 260,28 |  0,00 | 432,159 | 28,58 | 28,58 | 820,752 |   NaN | NaN | 0,00 | 0,00 | NaN
  32 |  0,00 | 6,322 | 599,61 | 599,61 | 633,68 |  0,00 | 0,091 | 44,35 | 44,35 |  0,00 | 0,149 | 262,79 | 262,79 |  0,00 | 0,380 | 263,89 | 263,89 |  0,00 | 423,955 | 28,58 | 28,58 | 892,465 |   NaN | NaN | 0,00 | 0,00 | NaN
  33 |  0,00 | 5,902 | 595,16 | 595,16 | 631,76 |  0,00 | 0,157 | 44,35 | 44,35 |  0,00 | 0,212 | 260,84 | 260,84 |  0,00 | 0,307 | 261,39 | 261,39 |  0,00 | 391,331 | 28,58 | 28,58 | 875,244 |   NaN | NaN | 0,00 | 0,00 | NaN
  34 |  0,00 | 4,235 | 597,29 | 597,29 | 632,33 |  0,00 | 0,148 | 44,35 | 44,35 |  0,00 | 0,156 | 261,52 | 261,52 |  0,00 | 0,255 | 262,85 | 262,85 |  0,00 | 279,579 | 28,58 | 28,58 | 622,239 |   NaN | NaN | 0,00 | 0,00 | NaN
  35 |  0,00 | 4,059 | 600,17 | 600,17 | 634,28 |  0,00 | 0,097 | 44,35 | 44,35 |  0,00 | 0,100 | 264,00 | 264,00 |  0,00 | 0,311 | 263,24 | 263,24 |  0,00 | 269,812 | 28,58 | 28,58 | 581,695 |   NaN | NaN | 0,00 | 0,00 | NaN
  36 |  0,00 | 4,366 | 595,87 | 595,87 | 631,27 |  0,00 | 0,150 | 44,35 | 44,35 |  0,00 | 0,156 | 260,68 | 260,68 |  0,00 | 0,251 | 262,26 | 262,26 |  0,00 | 288,105 | 28,58 | 28,58 | 660,771 |   NaN | NaN | 0,00 | 0,00 | NaN
  37 |  0,00 | 6,332 | 602,09 | 602,09 | 636,37 |  0,00 | 0,133 | 44,35 | 44,35 |  0,00 | 0,177 | 265,98 | 265,98 |  0,00 | 0,348 | 263,18 | 263,18 |  0,00 | 424,316 | 28,58 | 28,58 | 894,743 |   NaN | NaN | 0,00 | 0,00 | NaN
  38 |  0,00 | 5,162 | 602,28 | 602,28 | 636,44 |  0,00 | 0,124 | 44,35 | 44,35 |  0,00 | 0,136 | 264,35 | 264,35 |  0,00 | 0,282 | 265,01 | 265,01 |  0,00 | 345,575 | 28,58 | 28,58 | 809,034 |   NaN | NaN | 0,00 | 0,00 | NaN
  39 |  0,00 | 5,987 | 591,63 | 591,63 | 631,96 |  0,00 | 0,168 | 44,35 | 44,35 |  0,00 | 0,187 | 260,79 | 260,79 |  0,00 | 0,272 | 257,92 | 257,92 |  0,00 | 396,499 | 28,58 | 28,58 | 880,442 |   NaN | NaN | 0,00 | 0,00 | NaN
  40 |  0,00 | 4,703 | 591,87 | 591,87 | 632,24 |  0,00 | 0,168 | 44,35 | 44,35 |  0,00 | 0,183 | 261,67 | 261,67 |  0,00 | 0,246 | 257,27 | 257,27 |  0,00 | 309,170 | 28,58 | 28,58 | 725,889 |   NaN | NaN | 0,00 | 0,00 | NaN
  41 |  0,00 | 6,596 | 602,23 | 602,23 | 637,77 |  0,00 | 0,151 | 44,35 | 44,35 |  0,00 | 0,226 | 262,71 | 262,71 |  0,00 | 0,374 | 266,59 | 266,59 |  0,00 | 440,744 | 28,58 | 28,58 | 864,966 |   NaN | NaN | 0,00 | 0,00 | NaN
  42 |  0,00 | 6,540 | 600,50 | 600,50 | 634,65 |  0,00 | 0,097 | 44,35 | 44,35 |  0,00 | 0,173 | 263,46 | 263,46 |  0,00 | 0,502 | 264,11 | 264,11 |  0,00 | 436,626 | 28,58 | 28,58 | 886,744 |   NaN | NaN | 0,00 | 0,00 | NaN
  43 |  0,00 | 5,935 | 603,54 | 603,54 | 643,11 |  0,00 | 0,175 | 44,35 | 44,35 |  0,00 | 0,202 | 265,83 | 265,83 |  0,00 | 0,250 | 264,78 | 264,78 |  0,00 | 397,245 | 28,58 | 28,58 | 879,718 |   NaN | NaN | 0,00 | 0,00 | NaN
  44 |  0,00 | 6,604 | 599,93 | 599,93 | 633,89 |  0,00 | 0,088 | 44,35 | 44,35 |  0,00 | 0,154 | 262,95 | 262,95 |  0,00 | 0,527 | 264,05 | 264,05 |  0,00 | 440,955 | 28,58 | 28,58 | 856,860 |   NaN | NaN | 0,00 | 0,00 | NaN
  45 |  0,00 | 6,618 | 598,52 | 598,52 | 640,48 |  0,00 | 0,171 | 44,35 | 44,35 |  0,00 | 0,235 | 265,07 | 265,07 |  0,00 | 0,457 | 260,52 | 260,52 |  0,00 | 438,426 | 28,58 | 28,58 | 882,668 |   NaN | NaN | 0,00 | 0,00 | NaN
  46 |  0,00 | 6,126 | 598,05 | 598,05 | 632,16 |  0,00 | 0,111 | 44,35 | 44,35 |  0,00 | 0,130 | 262,26 | 262,26 |  0,00 | 0,324 | 262,87 | 262,87 |  0,00 | 410,470 | 28,58 | 28,58 | 888,822 |   NaN | NaN | 0,00 | 0,00 | NaN
  47 |  0,00 | 6,400 | 597,80 | 597,80 | 631,90 |  0,00 | 0,108 | 44,35 | 44,35 |  0,00 | 0,205 | 264,24 | 264,24 |  0,00 | 0,468 | 260,63 | 260,63 |  0,00 | 425,568 | 28,58 | 28,58 | 799,434 |   NaN | NaN | 0,00 | 0,00 | NaN
  48 |  0,00 | 6,584 | 596,07 | 596,07 | 630,50 |  0,00 | 0,138 | 44,35 | 44,35 |  0,00 | 0,215 | 261,56 | 261,56 |  0,00 | 0,413 | 261,58 | 261,58 |  0,00 | 437,267 | 28,58 | 28,58 | 846,782 |   NaN | NaN | 0,00 | 0,00 | NaN
  49 |  0,00 | 6,372 | 596,98 | 596,98 | 632,36 |  0,00 | 0,150 | 44,35 | 44,35 |  0,00 | 0,260 | 263,57 | 263,57 |  0,00 | 0,341 | 260,48 | 260,48 |  0,00 | 423,110 | 28,58 | 28,58 | 793,851 |   NaN | NaN | 0,00 | 0,00 | NaN
  50 |  0,00 | 5,901 | 599,37 | 599,37 | 633,47 |  0,00 | 0,105 | 44,35 | 44,35 |  0,00 | 0,125 | 265,18 | 265,18 |  0,00 | 0,334 | 261,26 | 261,26 |  0,00 | 395,589 | 28,58 | 28,58 | 874,206 |   NaN | NaN | 0,00 | 0,00 | NaN
  51 |  0,00 | 6,610 | 599,01 | 599,01 | 633,12 |  0,00 | 0,103 | 44,35 | 44,35 |  0,00 | 0,140 | 261,86 | 261,86 |  0,00 | 0,450 | 264,23 | 264,23 |  0,00 | 442,127 | 28,58 | 28,58 | 865,772 |   NaN | NaN | 0,00 | 0,00 | NaN
  52 |  0,00 | 6,670 | 594,74 | 594,74 | 628,96 |  0,00 | 0,129 | 44,35 | 44,35 |  0,00 | 0,255 | 259,11 | 259,11 |  0,00 | 0,492 | 262,70 | 262,70 |  0,00 | 440,893 | 28,58 | 28,58 | 877,112 |   NaN | NaN | 0,00 | 0,00 | NaN
  53 |  0,00 | 6,319 | 599,32 | 599,32 | 633,46 |  0,00 | 0,116 | 44,35 | 44,35 |  0,00 | 0,169 | 263,43 | 263,43 |  0,00 | 0,420 | 262,96 | 262,96 |  0,00 | 421,723 | 28,58 | 28,58 | 891,871 |   NaN | NaN | 0,00 | 0,00 | NaN
  54 |  0,00 | 6,609 | 595,06 | 595,06 | 629,19 |  0,00 | 0,119 | 44,35 | 44,35 |  0,00 | 0,206 | 262,76 | 262,76 |  0,00 | 0,423 | 259,38 | 259,38 |  0,00 | 439,252 | 28,58 | 28,58 | 884,891 |   NaN | NaN | 0,00 | 0,00 | NaN
  55 |  0,00 | 5,210 | 597,05 | 597,05 | 631,13 |  0,00 | 0,104 | 44,35 | 44,35 |  0,00 | 0,111 | 261,53 | 261,53 |  0,00 | 0,303 | 262,59 | 262,59 |  0,00 | 347,993 | 28,58 | 28,58 | 811,179 |   NaN | NaN | 0,00 | 0,00 | NaN
  56 |  0,00 | 6,521 | 595,44 | 595,44 | 629,52 |  0,00 | 0,109 | 44,35 | 44,35 |  0,00 | 0,219 | 260,45 | 260,45 |  0,00 | 0,486 | 262,06 | 262,06 |  0,00 | 432,370 | 28,58 | 28,58 | 843,496 |   NaN | NaN | 0,00 | 0,00 | NaN
  57 |  0,00 | 6,480 | 598,50 | 598,50 | 632,59 |  0,00 | 0,107 | 44,35 | 44,35 |  0,00 | 0,207 | 262,47 | 262,47 |  0,00 | 0,430 | 263,10 | 263,10 |  0,00 | 432,047 | 28,58 | 28,58 | 818,344 |   NaN | NaN | 0,00 | 0,00 | NaN
  58 |  0,00 | 6,550 | 597,93 | 597,93 | 632,29 |  0,00 | 0,135 | 44,35 | 44,35 |  0,00 | 0,233 | 262,05 | 262,05 |  0,00 | 0,397 | 262,95 | 262,95 |  0,00 | 435,807 | 28,58 | 28,58 | 830,177 |   NaN | NaN | 0,00 | 0,00 | NaN
  59 |  0,00 | 4,276 | 601,94 | 601,94 | 638,08 |  0,00 | 0,154 | 44,35 | 44,35 |  0,00 | 0,161 | 263,18 | 263,18 |  0,00 | 0,247 | 265,83 | 265,83 |  0,00 | 283,392 | 28,58 | 28,58 | 635,463 |   NaN | NaN | 0,00 | 0,00 | NaN
  60 |  0,00 | 6,616 | 597,85 | 597,85 | 631,84 |  0,00 | 0,089 | 44,35 | 44,35 |  0,00 | 0,188 | 262,94 | 262,94 |  0,00 | 0,530 | 261,98 | 261,98 |  0,00 | 440,296 | 28,58 | 28,58 | 861,901 |   NaN | NaN | 0,00 | 0,00 | NaN
  61 |  0,00 | 6,214 | 599,82 | 599,82 | 633,95 |  0,00 | 0,112 | 44,35 | 44,35 |  0,00 | 0,167 | 263,10 | 263,10 |  0,00 | 0,384 | 263,79 | 263,79 |  0,00 | 415,493 | 28,58 | 28,58 | 890,027 |   NaN | NaN | 0,00 | 0,00 | NaN
  62 |  0,00 | 6,604 | 600,33 | 600,33 | 643,05 |  0,00 | 0,173 | 44,35 | 44,35 |  0,00 | 0,208 | 263,99 | 263,99 |  0,00 | 0,393 | 263,41 | 263,41 |  0,00 | 439,770 | 28,58 | 28,58 | 853,006 |   NaN | NaN | 0,00 | 0,00 | NaN
  63 |  0,00 | 5,409 | 599,56 | 599,56 | 633,78 |  0,00 | 0,129 | 44,35 | 44,35 |  0,00 | 0,142 | 263,94 | 263,94 |  0,00 | 0,284 | 262,70 | 262,70 |  0,00 | 361,468 | 28,58 | 28,58 | 837,248 |   NaN | NaN | 0,00 | 0,00 | NaN
  64 |  0,00 | 6,647 | 594,10 | 594,10 | 636,43 |  0,00 | 0,172 | 44,35 | 44,35 |  0,00 | 0,250 | 259,81 | 259,81 |  0,00 | 0,390 | 261,37 | 261,37 |  0,00 | 439,419 | 28,58 | 28,58 | 887,164 |   NaN | NaN | 0,00 | 0,00 | NaN

= = = = = = = = = = = = AVERAGE RESULTS system = = = = = = = = = = = =
meanPLR_system | 0,000000 
meanDelay_system | 4,466616 
meanLoad_system | 597,991938 
meanTHR_system | 597,991938 
meanGate_system | 633,864560 

meanPLR_EF_system | 0,000000 
meanPLR_AF_system | 0,000000 
meanPLR_BE_system | 0,000000 
meanPLR_FLA_system | 0,000000 
meanPLR_FLB_system | NaN 

meanTHR_EF_system | 44,352003 
meanTHR_AF_system | 262,766830 
meanTHR_BE_system | 262,297450 
meanTHR_FLA_system | 28,995997 
meanTHR_FLB_system | 0,000000 

meanLoad_EF_system | 44,352003 
meanLoad_AF_system | 262,766830 
meanLoad_BE_system | 262,297450 
meanLoad_FLA_system | 28,995997 
meanLoad_FLB_system | 0,000000 

meanDELAY_EF_system | 0,133475 
meanDELAY_AF_system | 0,177806 
meanDELAY_BE_system | 0,341667 
meanDELAY_FLA_system | 294,186007 
meanDELAY_FLB_system | NaN 
meanDELAY_CompleteFLA_system | 615,006831 
meanDELAY_CompleteFLB_system | NaN 

= = = = = = = = = = = = AVERAGE RESULTS = = = = = = = = = = = =
Packet Loss Ratio: 00,00 (%)
PROCESSED PACKAGES: 2172576285 
DISCARTED PACKAGES: 0 
TOTAL PACKAGES: 2172576285 
AVERAGE DELAY: 732,53 (ms) 
AVERAGE THROUGHPUT: 597,99 (Mbps) 
GRANTED THROUGHPUT: 40567,33 (Mbps) By 64 ONUs
EFFECTIVE THROUGHPUT: 38271,48 (Mbps) By 64 ONUs
TOTAL LOAD: 38271,48 (Mbps) By 64 ONUs
ON Arrival THROUGHPUT: 0,00 (Mbps) By 64 ONUs
FINISHTIMEFL: 203,945391 
FINISHTIME: 206,945391 


fileName | IPACT_LBCONSTANTTOKENSBYCYCLE_5_28_70_0 
