
ONU ID 	|  PLR(%) | Delay(ms) | Throughput(Mbps) | Granted Throughput(Mbps) | Total Load (Mbps) 

  ID |  PLR(%) |  D  | Thr |  Gates  |  Load  | PLR-EF | D-EF | ThrEF | LoadEF | PLR-AF | D-AF | ThrAF | LoadAF | PLR-BE | D-BE | ThrBE | LoadBE | PLR-FA | D-FA | ThrFA | LoadFA | DTFA |  PLR-FB | D-FB | ThrFB | LoadFB | DTFB | 
   1 |  0,00 | 0,527 | 526,02 | 526,02 | 566,77 |  0,00 | 0,152 | 44,35 | 44,35 |  0,00 | 0,340 | 210,24 | 210,24 |  0,00 | 0,468 | 203,30 | 203,30 |  0,00 | 7,173 | 68,13 | 68,13 | 35,964 |   NaN | NaN | 0,00 | 0,00 | NaN
   2 |  0,00 | 1,754 | 526,29 | 526,29 | 571,86 |  0,00 | 0,164 | 44,35 | 44,35 |  0,00 | 0,170 | 205,81 | 205,81 |  0,00 | 0,229 | 208,00 | 208,00 |  0,00 | 41,713 | 68,13 | 68,13 | 104,539 |   NaN | NaN | 0,00 | 0,00 | NaN
   3 |  0,00 | 1,620 | 527,72 | 527,72 | 564,04 |  0,00 | 0,101 | 44,35 | 44,35 |  0,00 | 0,109 | 208,17 | 208,17 |  0,00 | 0,299 | 207,07 | 207,07 |  0,00 | 39,076 | 68,13 | 68,13 | 97,329 |   NaN | NaN | 0,00 | 0,00 | NaN
   4 |  0,00 | 0,482 | 527,55 | 527,55 | 563,70 |  0,00 | 0,106 | 44,35 | 44,35 |  0,00 | 0,306 | 209,90 | 209,90 |  0,00 | 0,494 | 205,17 | 205,17 |  0,00 | 6,682 | 68,13 | 68,13 | 34,302 |   NaN | NaN | 0,00 | 0,00 | NaN
   5 |  0,00 | 2,326 | 523,83 | 523,83 | 560,99 |  0,00 | 0,132 | 44,35 | 44,35 |  0,00 | 0,141 | 206,53 | 206,53 |  0,00 | 0,266 | 204,82 | 204,82 |  0,00 | 57,094 | 68,13 | 68,13 | 135,045 |   NaN | NaN | 0,00 | 0,00 | NaN
   6 |  0,00 | 1,956 | 528,68 | 528,68 | 564,06 |  0,00 | 0,083 | 44,35 | 44,35 |  0,00 | 0,091 | 208,96 | 208,96 |  0,00 | 0,330 | 207,24 | 207,24 |  0,00 | 48,170 | 68,13 | 68,13 | 117,534 |   NaN | NaN | 0,00 | 0,00 | NaN
   7 |  0,00 | 0,676 | 524,76 | 524,76 | 561,07 |  0,00 | 0,099 | 44,35 | 44,35 |  0,00 | 0,122 | 206,72 | 206,72 |  0,00 | 0,337 | 205,56 | 205,56 |  0,00 | 13,834 | 68,13 | 68,13 | 48,668 |   NaN | NaN | 0,00 | 0,00 | NaN
   8 |  0,00 | 1,793 | 527,63 | 527,63 | 567,72 |  0,00 | 0,149 | 44,35 | 44,35 |  0,00 | 0,156 | 206,39 | 206,39 |  0,00 | 0,240 | 208,76 | 208,76 |  0,00 | 43,030 | 68,13 | 68,13 | 107,719 |   NaN | NaN | 0,00 | 0,00 | NaN
   9 |  0,00 | 1,053 | 526,96 | 526,96 | 563,13 |  0,00 | 0,089 | 44,35 | 44,35 |  0,00 | 0,097 | 208,52 | 208,52 |  0,00 | 0,321 | 205,96 | 205,96 |  0,00 | 24,191 | 68,13 | 68,13 | 69,338 |   NaN | NaN | 0,00 | 0,00 | NaN
  10 |  0,00 | 0,554 | 524,80 | 524,80 | 564,88 |  0,00 | 0,149 | 44,35 | 44,35 |  0,00 | 0,357 | 206,96 | 206,96 |  0,00 | 0,450 | 205,36 | 205,36 |  0,00 | 7,909 | 68,13 | 68,13 | 36,276 |   NaN | NaN | 0,00 | 0,00 | NaN
  11 |  0,00 | 7,537 | 520,42 | 520,42 | 556,59 |  0,00 | 0,089 | 44,35 | 44,35 |  0,00 | 0,125 | 202,03 | 202,03 |  0,00 | 0,349 | 205,91 | 205,91 |  0,00 | 193,791 | 68,13 | 68,13 | 423,075 |   NaN | NaN | 0,00 | 0,00 | NaN
  12 |  0,00 | 1,954 | 526,35 | 526,35 | 567,09 |  0,00 | 0,151 | 44,35 | 44,35 |  0,00 | 0,160 | 206,89 | 206,89 |  0,00 | 0,244 | 206,98 | 206,98 |  0,00 | 47,154 | 68,13 | 68,13 | 116,055 |   NaN | NaN | 0,00 | 0,00 | NaN
  13 |  0,00 | 1,712 | 520,75 | 520,75 | 557,21 |  0,00 | 0,116 | 44,35 | 44,35 |  0,00 | 0,123 | 204,09 | 204,09 |  0,00 | 0,279 | 204,18 | 204,18 |  0,00 | 41,028 | 68,13 | 68,13 | 103,284 |   NaN | NaN | 0,00 | 0,00 | NaN
  14 |  0,00 | 2,309 | 527,11 | 527,11 | 569,73 |  0,00 | 0,157 | 44,35 | 44,35 |  0,00 | 0,165 | 207,75 | 207,75 |  0,00 | 0,236 | 206,88 | 206,88 |  0,00 | 56,526 | 68,13 | 68,13 | 133,768 |   NaN | NaN | 0,00 | 0,00 | NaN
  15 |  0,00 | 0,682 | 523,98 | 523,98 | 564,70 |  0,00 | 0,151 | 44,35 | 44,35 |  0,00 | 0,183 | 203,87 | 203,87 |  0,00 | 0,276 | 207,62 | 207,62 |  0,00 | 13,230 | 68,13 | 68,13 | 48,006 |   NaN | NaN | 0,00 | 0,00 | NaN
  16 |  0,00 | 1,271 | 528,66 | 528,66 | 567,30 |  0,00 | 0,143 | 44,35 | 44,35 |  0,00 | 0,149 | 206,72 | 206,72 |  0,00 | 0,251 | 209,46 | 209,46 |  0,00 | 29,335 | 68,13 | 68,13 | 79,820 |   NaN | NaN | 0,00 | 0,00 | NaN
  17 |  0,00 | 1,239 | 526,30 | 526,30 | 568,31 |  0,00 | 0,155 | 44,35 | 44,35 |  0,00 | 0,163 | 206,60 | 206,60 |  0,00 | 0,237 | 207,23 | 207,23 |  0,00 | 28,248 | 68,13 | 68,13 | 77,406 |   NaN | NaN | 0,00 | 0,00 | NaN
  18 |  0,00 | 4,631 | 524,75 | 524,75 | 561,93 |  0,00 | 0,132 | 44,35 | 44,35 |  0,00 | 0,148 | 205,58 | 205,58 |  0,00 | 0,274 | 206,69 | 206,69 |  0,00 | 117,790 | 68,13 | 68,13 | 311,653 |   NaN | NaN | 0,00 | 0,00 | NaN
  19 |  0,00 | 5,829 | 521,45 | 521,45 | 558,18 |  0,00 | 0,123 | 44,35 | 44,35 |  0,00 | 0,141 | 203,36 | 203,36 |  0,00 | 0,297 | 205,62 | 205,62 |  0,00 | 148,893 | 68,13 | 68,13 | 267,985 |   NaN | NaN | 0,00 | 0,00 | NaN
  20 |  0,00 | 7,076 | 522,28 | 522,28 | 558,80 |  0,00 | 0,119 | 44,35 | 44,35 |  0,00 | 0,134 | 207,02 | 207,02 |  0,00 | 0,290 | 202,78 | 202,78 |  0,00 | 181,925 | 68,13 | 68,13 | 416,984 |   NaN | NaN | 0,00 | 0,00 | NaN
  21 |  0,00 | 0,517 | 519,72 | 519,72 | 556,26 |  0,00 | 0,123 | 44,35 | 44,35 |  0,00 | 0,244 | 204,07 | 204,07 |  0,00 | 0,383 | 203,17 | 203,17 |  0,00 | 8,316 | 68,13 | 68,13 | 37,480 |   NaN | NaN | 0,00 | 0,00 | NaN
  22 |  0,00 | 2,551 | 529,53 | 529,53 | 573,88 |  0,00 | 0,162 | 44,35 | 44,35 |  0,00 | 0,165 | 212,09 | 212,09 |  0,00 | 0,230 | 204,96 | 204,96 |  0,00 | 63,026 | 68,13 | 68,13 | 144,168 |   NaN | NaN | 0,00 | 0,00 | NaN
  23 |  0,00 | 7,840 | 527,84 | 527,84 | 566,64 |  0,00 | 0,144 | 44,35 | 44,35 |  0,00 | 0,226 | 208,32 | 208,32 |  0,00 | 0,517 | 207,04 | 207,04 |  0,00 | 200,987 | 68,13 | 68,13 | 383,649 |   NaN | NaN | 0,00 | 0,00 | NaN
  24 |  0,00 | 1,699 | 526,33 | 526,33 | 562,71 |  0,00 | 0,105 | 44,35 | 44,35 |  0,00 | 0,110 | 206,03 | 206,03 |  0,00 | 0,296 | 207,82 | 207,82 |  0,00 | 41,049 | 68,13 | 68,13 | 103,269 |   NaN | NaN | 0,00 | 0,00 | NaN
  25 |  0,00 | 0,753 | 531,90 | 531,90 | 576,83 |  0,00 | 0,163 | 44,35 | 44,35 |  0,00 | 0,174 | 206,73 | 206,73 |  0,00 | 0,233 | 212,69 | 212,69 |  0,00 | 15,361 | 68,13 | 68,13 | 52,042 |   NaN | NaN | 0,00 | 0,00 | NaN
  26 |  0,00 | 0,687 | 524,43 | 524,43 | 567,91 |  0,00 | 0,159 | 44,35 | 44,35 |  0,00 | 0,203 | 205,53 | 205,53 |  0,00 | 0,277 | 206,42 | 206,42 |  0,00 | 13,140 | 68,13 | 68,13 | 46,689 |   NaN | NaN | 0,00 | 0,00 | NaN
  27 |  0,00 | 4,319 | 522,06 | 522,06 | 558,07 |  0,00 | 0,087 | 44,35 | 44,35 |  0,00 | 0,106 | 206,67 | 206,67 |  0,00 | 0,342 | 202,91 | 202,91 |  0,00 | 109,768 | 68,13 | 68,13 | 283,208 |   NaN | NaN | 0,00 | 0,00 | NaN
  28 |  0,00 | 7,969 | 520,73 | 520,73 | 561,71 |  0,00 | 0,152 | 44,35 | 44,35 |  0,00 | 0,330 | 205,90 | 205,90 |  0,00 | 0,361 | 202,35 | 202,35 |  0,00 | 203,088 | 68,13 | 68,13 | 390,512 |   NaN | NaN | 0,00 | 0,00 | NaN
  29 |  0,00 | 7,742 | 527,09 | 527,09 | 564,20 |  0,00 | 0,131 | 44,35 | 44,35 |  0,00 | 0,195 | 208,28 | 208,28 |  0,00 | 0,307 | 206,33 | 206,33 |  0,00 | 199,783 | 68,13 | 68,13 | 421,036 |   NaN | NaN | 0,00 | 0,00 | NaN
  30 |  0,00 | 5,997 | 522,26 | 522,26 | 566,88 |  0,00 | 0,162 | 44,35 | 44,35 |  0,00 | 0,179 | 204,89 | 204,89 |  0,00 | 0,257 | 204,88 | 204,88 |  0,00 | 152,896 | 68,13 | 68,13 | 382,266 |   NaN | NaN | 0,00 | 0,00 | NaN
  31 |  0,00 | 7,871 | 524,02 | 524,02 | 560,99 |  0,00 | 0,129 | 44,35 | 44,35 |  0,00 | 0,241 | 205,42 | 205,42 |  0,00 | 0,440 | 206,12 | 206,12 |  0,00 | 201,613 | 68,13 | 68,13 | 384,822 |   NaN | NaN | 0,00 | 0,00 | NaN
  32 |  0,00 | 7,479 | 522,77 | 522,77 | 558,81 |  0,00 | 0,086 | 44,35 | 44,35 |  0,00 | 0,224 | 204,12 | 204,12 |  0,00 | 0,441 | 206,17 | 206,17 |  0,00 | 191,707 | 68,13 | 68,13 | 422,342 |   NaN | NaN | 0,00 | 0,00 | NaN
  33 |  0,00 | 6,625 | 522,90 | 522,90 | 563,47 |  0,00 | 0,150 | 44,35 | 44,35 |  0,00 | 0,196 | 203,91 | 203,91 |  0,00 | 0,354 | 206,51 | 206,51 |  0,00 | 169,040 | 68,13 | 68,13 | 403,906 |   NaN | NaN | 0,00 | 0,00 | NaN
  34 |  0,00 | 3,952 | 519,01 | 519,01 | 557,50 |  0,00 | 0,142 | 44,35 | 44,35 |  0,00 | 0,151 | 205,46 | 205,46 |  0,00 | 0,252 | 201,07 | 201,07 |  0,00 | 99,283 | 68,13 | 68,13 | 234,698 |   NaN | NaN | 0,00 | 0,00 | NaN
  35 |  0,00 | 3,903 | 527,70 | 527,70 | 563,93 |  0,00 | 0,091 | 44,35 | 44,35 |  0,00 | 0,098 | 207,84 | 207,84 |  0,00 | 0,313 | 207,39 | 207,39 |  0,00 | 99,547 | 68,13 | 68,13 | 223,360 |   NaN | NaN | 0,00 | 0,00 | NaN
  36 |  0,00 | 4,115 | 521,40 | 521,40 | 560,44 |  0,00 | 0,144 | 44,35 | 44,35 |  0,00 | 0,153 | 202,47 | 202,47 |  0,00 | 0,253 | 206,45 | 206,45 |  0,00 | 103,763 | 68,13 | 68,13 | 258,330 |   NaN | NaN | 0,00 | 0,00 | NaN
  37 |  0,00 | 7,546 | 528,56 | 528,56 | 565,41 |  0,00 | 0,127 | 44,35 | 44,35 |  0,00 | 0,244 | 209,56 | 209,56 |  0,00 | 0,344 | 206,52 | 206,52 |  0,00 | 194,503 | 68,13 | 68,13 | 424,096 |   NaN | NaN | 0,00 | 0,00 | NaN
  38 |  0,00 | 5,333 | 524,26 | 524,26 | 560,83 |  0,00 | 0,118 | 44,35 | 44,35 |  0,00 | 0,143 | 206,84 | 206,84 |  0,00 | 0,298 | 204,94 | 204,94 |  0,00 | 136,300 | 68,13 | 68,13 | 353,763 |   NaN | NaN | 0,00 | 0,00 | NaN
  39 |  0,00 | 6,949 | 519,93 | 519,93 | 564,41 |  0,00 | 0,162 | 44,35 | 44,35 |  0,00 | 0,209 | 204,73 | 204,73 |  0,00 | 0,264 | 202,72 | 202,72 |  0,00 | 177,301 | 68,13 | 68,13 | 411,128 |   NaN | NaN | 0,00 | 0,00 | NaN
  40 |  0,00 | 4,435 | 520,37 | 520,37 | 564,90 |  0,00 | 0,162 | 44,35 | 44,35 |  0,00 | 0,178 | 204,10 | 204,10 |  0,00 | 0,240 | 203,79 | 203,79 |  0,00 | 111,728 | 68,13 | 68,13 | 290,529 |   NaN | NaN | 0,00 | 0,00 | NaN
  41 |  0,00 | 8,043 | 526,72 | 526,72 | 565,86 |  0,00 | 0,144 | 44,35 | 44,35 |  0,00 | 0,271 | 205,51 | 205,51 |  0,00 | 0,449 | 208,73 | 208,73 |  0,00 | 206,263 | 68,13 | 68,13 | 411,879 |   NaN | NaN | 0,00 | 0,00 | NaN
  42 |  0,00 | 7,920 | 528,08 | 528,08 | 564,32 |  0,00 | 0,091 | 44,35 | 44,35 |  0,00 | 0,262 | 207,54 | 207,54 |  0,00 | 0,458 | 208,06 | 208,06 |  0,00 | 204,022 | 68,13 | 68,13 | 421,547 |   NaN | NaN | 0,00 | 0,00 | NaN
  43 |  0,00 | 6,799 | 527,85 | 527,85 | 570,67 |  0,00 | 0,169 | 44,35 | 44,35 |  0,00 | 0,199 | 207,41 | 207,41 |  0,00 | 0,240 | 207,96 | 207,96 |  0,00 | 174,854 | 68,13 | 68,13 | 410,043 |   NaN | NaN | 0,00 | 0,00 | NaN
  44 |  0,00 | 8,004 | 529,04 | 529,04 | 564,55 |  0,00 | 0,084 | 44,35 | 44,35 |  0,00 | 0,165 | 206,63 | 206,63 |  0,00 | 0,496 | 209,92 | 209,92 |  0,00 | 206,911 | 68,13 | 68,13 | 406,609 |   NaN | NaN | 0,00 | 0,00 | NaN
  45 |  0,00 | 7,995 | 527,29 | 527,29 | 573,37 |  0,00 | 0,165 | 44,35 | 44,35 |  0,00 | 0,279 | 210,67 | 210,67 |  0,00 | 0,417 | 204,14 | 204,14 |  0,00 | 204,985 | 68,13 | 68,13 | 417,853 |   NaN | NaN | 0,00 | 0,00 | NaN
  46 |  0,00 | 7,018 | 522,01 | 522,01 | 558,37 |  0,00 | 0,104 | 44,35 | 44,35 |  0,00 | 0,143 | 202,84 | 202,84 |  0,00 | 0,340 | 206,69 | 206,69 |  0,00 | 180,238 | 68,13 | 68,13 | 414,371 |   NaN | NaN | 0,00 | 0,00 | NaN
  47 |  0,00 | 7,887 | 520,93 | 520,93 | 557,27 |  0,00 | 0,102 | 44,35 | 44,35 |  0,00 | 0,207 | 206,02 | 206,02 |  0,00 | 0,499 | 202,44 | 202,44 |  0,00 | 201,605 | 68,13 | 68,13 | 385,180 |   NaN | NaN | 0,00 | 0,00 | NaN
  48 |  0,00 | 8,090 | 520,76 | 520,76 | 558,05 |  0,00 | 0,132 | 44,35 | 44,35 |  0,00 | 0,305 | 203,41 | 203,41 |  0,00 | 0,335 | 204,87 | 204,87 |  0,00 | 206,868 | 68,13 | 68,13 | 406,132 |   NaN | NaN | 0,00 | 0,00 | NaN
  49 |  0,00 | 7,873 | 521,15 | 521,15 | 560,21 |  0,00 | 0,144 | 44,35 | 44,35 |  0,00 | 0,331 | 204,70 | 204,70 |  0,00 | 0,459 | 203,96 | 203,96 |  0,00 | 200,208 | 68,13 | 68,13 | 380,258 |   NaN | NaN | 0,00 | 0,00 | NaN
  50 |  0,00 | 6,755 | 523,56 | 523,56 | 559,90 |  0,00 | 0,098 | 44,35 | 44,35 |  0,00 | 0,131 | 206,66 | 206,66 |  0,00 | 0,333 | 204,41 | 204,41 |  0,00 | 173,801 | 68,13 | 68,13 | 409,344 |   NaN | NaN | 0,00 | 0,00 | NaN
  51 |  0,00 | 7,994 | 523,75 | 523,75 | 560,05 |  0,00 | 0,096 | 44,35 | 44,35 |  0,00 | 0,147 | 204,33 | 204,33 |  0,00 | 0,377 | 206,94 | 206,94 |  0,00 | 206,108 | 68,13 | 68,13 | 411,018 |   NaN | NaN | 0,00 | 0,00 | NaN
  52 |  0,00 | 7,976 | 523,76 | 523,76 | 560,42 |  0,00 | 0,123 | 44,35 | 44,35 |  0,00 | 0,187 | 203,44 | 203,44 |  0,00 | 0,406 | 207,84 | 207,84 |  0,00 | 204,842 | 68,13 | 68,13 | 417,976 |   NaN | NaN | 0,00 | 0,00 | NaN
  53 |  0,00 | 7,499 | 525,14 | 525,14 | 561,59 |  0,00 | 0,110 | 44,35 | 44,35 |  0,00 | 0,206 | 205,99 | 205,99 |  0,00 | 0,444 | 206,67 | 206,67 |  0,00 | 192,459 | 68,13 | 68,13 | 422,041 |   NaN | NaN | 0,00 | 0,00 | NaN
  54 |  0,00 | 7,968 | 520,62 | 520,62 | 557,07 |  0,00 | 0,113 | 44,35 | 44,35 |  0,00 | 0,227 | 205,96 | 205,96 |  0,00 | 0,356 | 202,19 | 202,19 |  0,00 | 204,228 | 68,13 | 68,13 | 417,625 |   NaN | NaN | 0,00 | 0,00 | NaN
  55 |  0,00 | 5,488 | 525,22 | 525,22 | 561,58 |  0,00 | 0,098 | 44,35 | 44,35 |  0,00 | 0,117 | 205,55 | 205,55 |  0,00 | 0,320 | 207,19 | 207,19 |  0,00 | 140,812 | 68,13 | 68,13 | 361,823 |   NaN | NaN | 0,00 | 0,00 | NaN
  56 |  0,00 | 8,086 | 520,83 | 520,83 | 557,22 |  0,00 | 0,103 | 44,35 | 44,35 |  0,00 | 0,222 | 204,96 | 204,96 |  0,00 | 0,451 | 203,39 | 203,39 |  0,00 | 206,991 | 68,13 | 68,13 | 408,772 |   NaN | NaN | 0,00 | 0,00 | NaN
  57 |  0,00 | 7,948 | 523,87 | 523,87 | 560,25 |  0,00 | 0,100 | 44,35 | 44,35 |  0,00 | 0,295 | 205,07 | 205,07 |  0,00 | 0,384 | 206,31 | 206,31 |  0,00 | 203,996 | 68,13 | 68,13 | 391,548 |   NaN | NaN | 0,00 | 0,00 | NaN
  58 |  0,00 | 7,887 | 524,33 | 524,33 | 561,32 |  0,00 | 0,129 | 44,35 | 44,35 |  0,00 | 0,209 | 206,97 | 206,97 |  0,00 | 0,376 | 204,88 | 204,88 |  0,00 | 202,627 | 68,13 | 68,13 | 387,968 |   NaN | NaN | 0,00 | 0,00 | NaN
  59 |  0,00 | 3,981 | 528,23 | 528,23 | 568,18 |  0,00 | 0,148 | 44,35 | 44,35 |  0,00 | 0,160 | 205,80 | 205,80 |  0,00 | 0,250 | 209,95 | 209,95 |  0,00 | 100,852 | 68,13 | 68,13 | 241,998 |   NaN | NaN | 0,00 | 0,00 | NaN
  60 |  0,00 | 7,987 | 525,47 | 525,47 | 561,28 |  0,00 | 0,085 | 44,35 | 44,35 |  0,00 | 0,165 | 206,69 | 206,69 |  0,00 | 0,492 | 206,29 | 206,29 |  0,00 | 205,711 | 68,13 | 68,13 | 410,859 |   NaN | NaN | 0,00 | 0,00 | NaN
  61 |  0,00 | 7,342 | 527,45 | 527,45 | 563,84 |  0,00 | 0,105 | 44,35 | 44,35 |  0,00 | 0,146 | 207,64 | 207,64 |  0,00 | 0,333 | 207,34 | 207,34 |  0,00 | 189,860 | 68,13 | 68,13 | 420,558 |   NaN | NaN | 0,00 | 0,00 | NaN
  62 |  0,00 | 8,030 | 526,10 | 526,10 | 572,95 |  0,00 | 0,167 | 44,35 | 44,35 |  0,00 | 0,393 | 205,79 | 205,79 |  0,00 | 0,311 | 207,83 | 207,83 |  0,00 | 205,541 | 68,13 | 68,13 | 404,239 |   NaN | NaN | 0,00 | 0,00 | NaN
  63 |  0,00 | 5,828 | 527,06 | 527,06 | 563,67 |  0,00 | 0,122 | 44,35 | 44,35 |  0,00 | 0,163 | 208,31 | 208,31 |  0,00 | 0,321 | 206,27 | 206,27 |  0,00 | 149,494 | 68,13 | 68,13 | 376,386 |   NaN | NaN | 0,00 | 0,00 | NaN
  64 |  0,00 | 7,972 | 519,57 | 519,57 | 566,09 |  0,00 | 0,166 | 44,35 | 44,35 |  0,00 | 0,233 | 204,40 | 204,40 |  0,00 | 0,343 | 202,69 | 202,69 |  0,00 | 203,413 | 68,13 | 68,13 | 417,215 |   NaN | NaN | 0,00 | 0,00 | NaN

= = = = = = = = = = = = AVERAGE RESULTS system = = = = = = = = = = = =
meanPLR_system | 0,000000 
meanDelay_system | 5,056773 
meanLoad_system | 524,655168 
meanTHR_system | 524,655168 
meanGate_system | 563,467871 

meanPLR_EF_system | 0,000000 
meanPLR_AF_system | 0,000000 
meanPLR_BE_system | 0,000000 
meanPLR_FLA_system | 0,000000 
meanPLR_FLB_system | NaN 

meanTHR_EF_system | 44,352004 
meanTHR_AF_system | 206,208599 
meanTHR_BE_system | 205,965623 
meanTHR_FLA_system | 69,818087 
meanTHR_FLB_system | 0,000000 

meanLoad_EF_system | 44,352004 
meanLoad_AF_system | 206,208599 
meanLoad_BE_system | 205,965623 
meanLoad_FLA_system | 69,818087 
meanLoad_FLB_system | 0,000000 

meanDELAY_EF_system | 0,127491 
meanDELAY_AF_system | 0,192346 
meanDELAY_BE_system | 0,340074 
meanDELAY_FLA_system | 128,370025 
meanDELAY_FLB_system | NaN 
meanDELAY_CompleteFLA_system | 280,770093 
meanDELAY_CompleteFLB_system | NaN 

= = = = = = = = = = = = AVERAGE RESULTS = = = = = = = = = = = =
Packet Loss Ratio: 00,00 (%)
PROCESSED PACKAGES: 1187250882 
DISCARTED PACKAGES: 0 
TOTAL PACKAGES: 1187250882 
AVERAGE DELAY: 756,13 (ms) 
AVERAGE THROUGHPUT: 524,66 (Mbps) 
GRANTED THROUGHPUT: 36061,94 (Mbps) By 64 ONUs
EFFECTIVE THROUGHPUT: 33577,93 (Mbps) By 64 ONUs
TOTAL LOAD: 33577,93 (Mbps) By 64 ONUs
ON Arrival THROUGHPUT: 0,00 (Mbps) By 64 ONUs
FINISHTIMEFL: 121,000165 
FINISHTIME: 124,000165 


fileName | IPACT_LBCONSTANTTOKENSBYCYCLE_2_40_55_0 
