
ONU ID 	|  PLR(%) | Delay(ms) | Throughput(Mbps) | Granted Throughput(Mbps) | Total Load (Mbps) 

  ID |  PLR(%) |  D  | Thr |  Gates  |  Load  | PLR-EF | D-EF | ThrEF | LoadEF | PLR-AF | D-AF | ThrAF | LoadAF | PLR-BE | D-BE | ThrBE | LoadBE | PLR-FA | D-FA | ThrFA | LoadFA | DTFA |  PLR-FB | D-FB | ThrFB | LoadFB | DTFB | 
   1 | 10,73 | 294,514 | 752,20 | 842,60 | 757,53 |  0,00 | 1,408 | 44,35 | 44,35 |  0,00 | 51,552 | 343,21 | 343,21 | 27,17 | 1289,475 | 242,28 | 332,67 |  0,00 | 139,173 | 122,36 | 122,36 | 298,482 |   NaN | NaN | 0,00 | 0,00 | NaN
   2 | 10,54 | 285,396 | 752,87 | 841,54 | 758,23 |  0,00 | 1,420 | 44,35 | 44,35 |  0,00 | 52,331 | 336,03 | 336,03 | 26,17 | 1208,213 | 250,13 | 338,80 |  0,00 | 139,146 | 122,36 | 122,36 | 298,430 |   NaN | NaN | 0,00 | 0,00 | NaN
   3 | 11,02 | 290,600 | 753,01 | 846,26 | 758,33 |  0,00 | 1,356 | 44,35 | 44,35 |  0,00 | 56,519 | 341,10 | 341,10 | 27,55 | 1250,538 | 245,19 | 338,44 |  0,00 | 139,048 | 122,36 | 122,36 | 298,343 |   NaN | NaN | 0,00 | 0,00 | NaN
   4 | 11,16 | 290,334 | 752,62 | 847,20 | 757,92 |  0,00 | 1,362 | 44,35 | 44,35 |  0,00 | 56,896 | 345,06 | 345,06 | 28,20 | 1269,348 | 240,84 | 335,42 |  0,00 | 139,036 | 122,36 | 122,36 | 298,337 |   NaN | NaN | 0,00 | 0,00 | NaN
   5 | 10,11 | 288,854 | 753,92 | 838,68 | 759,21 |  0,00 | 1,387 | 44,35 | 44,35 |  0,00 | 57,279 | 337,47 | 337,47 | 25,34 | 1219,945 | 249,73 | 334,49 |  0,00 | 139,022 | 122,36 | 122,36 | 298,275 |   NaN | NaN | 0,00 | 0,00 | NaN
   6 | 10,92 | 291,178 | 754,71 | 847,24 | 760,01 |  0,00 | 1,335 | 44,35 | 44,35 |  0,00 | 52,238 | 341,30 | 341,30 | 27,28 | 1253,559 | 246,69 | 339,22 |  0,00 | 138,993 | 122,36 | 122,36 | 298,265 |   NaN | NaN | 0,00 | 0,00 | NaN
   7 | 10,45 | 293,344 | 753,81 | 841,80 | 759,13 |  0,00 | 1,354 | 44,35 | 44,35 |  0,00 | 51,786 | 338,05 | 338,05 | 26,11 | 1251,654 | 249,04 | 337,03 |  0,00 | 139,107 | 122,36 | 122,36 | 298,405 |   NaN | NaN | 0,00 | 0,00 | NaN
   8 | 11,18 | 295,630 | 752,21 | 846,91 | 757,55 |  0,00 | 1,404 | 44,35 | 44,35 |  0,00 | 50,864 | 338,13 | 338,13 | 27,68 | 1270,387 | 247,36 | 342,06 |  0,00 | 139,037 | 122,36 | 122,36 | 298,317 |   NaN | NaN | 0,00 | 0,00 | NaN
   9 | 10,60 | 292,804 | 754,90 | 844,43 | 760,22 |  0,00 | 1,344 | 44,35 | 44,35 |  0,00 | 56,421 | 341,14 | 341,14 | 26,60 | 1253,109 | 247,04 | 336,57 |  0,00 | 139,003 | 122,36 | 122,36 | 298,263 |   NaN | NaN | 0,00 | 0,00 | NaN
  10 | 10,35 | 290,787 | 754,81 | 841,97 | 760,12 |  0,00 | 1,405 | 44,35 | 44,35 |  0,00 | 57,568 | 338,85 | 338,85 | 25,91 | 1231,528 | 249,24 | 336,40 |  0,00 | 139,130 | 122,36 | 122,36 | 298,430 |   NaN | NaN | 0,00 | 0,00 | NaN
  11 |  9,78 | 287,996 | 752,69 | 834,29 | 757,99 |  0,00 | 1,344 | 44,35 | 44,35 |  0,00 | 52,403 | 331,39 | 331,39 | 24,27 | 1199,694 | 254,59 | 336,18 |  0,00 | 138,860 | 122,36 | 122,36 | 297,995 |   NaN | NaN | 0,00 | 0,00 | NaN
  12 | 10,75 | 295,401 | 754,51 | 845,39 | 759,84 |  0,00 | 1,407 | 44,35 | 44,35 |  0,00 | 53,866 | 338,77 | 338,77 | 26,74 | 1258,750 | 249,03 | 339,90 |  0,00 | 139,051 | 122,36 | 122,36 | 298,334 |   NaN | NaN | 0,00 | 0,00 | NaN
  13 |  9,77 | 290,095 | 753,37 | 834,97 | 758,67 |  0,00 | 1,371 | 44,35 | 44,35 |  0,00 | 56,389 | 333,32 | 333,32 | 24,36 | 1209,791 | 253,33 | 334,93 |  0,00 | 139,014 | 122,36 | 122,36 | 298,279 |   NaN | NaN | 0,00 | 0,00 | NaN
  14 | 11,05 | 292,006 | 753,54 | 847,16 | 758,86 |  0,00 | 1,412 | 44,35 | 44,35 |  0,00 | 55,109 | 340,82 | 340,82 | 27,56 | 1255,199 | 246,01 | 339,62 |  0,00 | 139,023 | 122,36 | 122,36 | 298,275 |   NaN | NaN | 0,00 | 0,00 | NaN
  15 | 10,38 | 293,169 | 752,50 | 839,67 | 757,83 |  0,00 | 1,407 | 44,35 | 44,35 |  0,00 | 57,097 | 333,96 | 333,96 | 25,71 | 1229,099 | 251,83 | 339,00 |  0,00 | 139,143 | 122,36 | 122,36 | 298,432 |   NaN | NaN | 0,00 | 0,00 | NaN
  16 | 11,21 | 295,382 | 754,24 | 849,43 | 759,56 |  0,00 | 1,398 | 44,35 | 44,35 |  0,00 | 54,711 | 339,11 | 339,11 | 27,70 | 1260,359 | 248,41 | 343,60 |  0,00 | 139,109 | 122,36 | 122,36 | 298,401 |   NaN | NaN | 0,00 | 0,00 | NaN
  17 | 10,74 | 292,598 | 753,52 | 844,20 | 758,86 |  0,00 | 1,411 | 44,35 | 44,35 |  0,00 | 51,471 | 338,09 | 338,09 | 26,72 | 1249,847 | 248,71 | 339,39 |  0,00 | 139,009 | 122,36 | 122,36 | 298,292 |   NaN | NaN | 0,00 | 0,00 | NaN
  18 | 10,46 | 290,864 | 753,85 | 841,95 | 759,14 |  0,00 | 1,387 | 44,35 | 44,35 |  0,00 | 52,066 | 337,28 | 337,28 | 26,07 | 1236,110 | 249,85 | 337,95 |  0,00 | 138,376 | 122,36 | 122,36 | 297,451 |   NaN | NaN | 0,00 | 0,00 | NaN
  19 |  9,75 | 289,567 | 754,56 | 836,10 | 759,85 |  0,00 | 1,378 | 44,35 | 44,35 |  0,00 | 58,435 | 332,76 | 332,76 | 24,22 | 1198,403 | 255,09 | 336,63 |  0,00 | 138,918 | 122,36 | 122,36 | 298,073 |   NaN | NaN | 0,00 | 0,00 | NaN
  20 |  9,91 | 286,533 | 754,12 | 837,09 | 759,42 |  0,00 | 1,374 | 44,35 | 44,35 |  0,00 | 54,596 | 337,36 | 337,36 | 24,91 | 1212,325 | 250,04 | 333,01 |  0,00 | 138,899 | 122,36 | 122,36 | 298,029 |   NaN | NaN | 0,00 | 0,00 | NaN
  21 |  9,59 | 283,240 | 751,55 | 831,29 | 756,86 |  0,00 | 1,379 | 44,35 | 44,35 |  0,00 | 54,216 | 333,25 | 333,25 | 24,07 | 1188,311 | 251,58 | 331,32 |  0,00 | 139,073 | 122,36 | 122,36 | 298,367 |   NaN | NaN | 0,00 | 0,00 | NaN
  22 | 11,10 | 295,041 | 754,47 | 848,66 | 759,80 |  0,00 | 1,417 | 44,35 | 44,35 |  0,00 | 59,276 | 346,15 | 346,15 | 28,05 | 1286,163 | 241,61 | 335,79 |  0,00 | 138,973 | 122,36 | 122,36 | 298,216 |   NaN | NaN | 0,00 | 0,00 | NaN
  23 | 10,96 | 289,833 | 752,63 | 845,27 | 757,94 |  0,00 | 1,399 | 44,35 | 44,35 |  0,00 | 57,783 | 339,50 | 339,50 | 27,32 | 1238,469 | 246,41 | 339,05 |  0,00 | 138,939 | 122,36 | 122,36 | 298,084 |   NaN | NaN | 0,00 | 0,00 | NaN
  24 | 10,71 | 294,997 | 753,76 | 844,17 | 759,09 |  0,00 | 1,361 | 44,35 | 44,35 |  0,00 | 52,848 | 338,13 | 338,13 | 26,64 | 1258,370 | 248,92 | 339,33 |  0,00 | 139,043 | 122,36 | 122,36 | 298,335 |   NaN | NaN | 0,00 | 0,00 | NaN
  25 | 11,81 | 295,676 | 753,10 | 853,97 | 758,46 |  0,00 | 1,418 | 44,35 | 44,35 |  0,00 | 55,784 | 338,07 | 338,07 | 28,89 | 1260,045 | 248,31 | 349,18 |  0,00 | 139,088 | 122,36 | 122,36 | 298,370 |   NaN | NaN | 0,00 | 0,00 | NaN
  26 | 10,33 | 287,044 | 754,08 | 840,99 | 759,43 |  0,00 | 1,415 | 44,35 | 44,35 |  0,00 | 56,143 | 336,30 | 336,30 | 25,72 | 1207,745 | 251,06 | 337,98 |  0,00 | 139,047 | 122,36 | 122,36 | 298,341 |   NaN | NaN | 0,00 | 0,00 | NaN
  27 |  9,71 | 290,150 | 754,35 | 835,48 | 759,67 |  0,00 | 1,341 | 44,35 | 44,35 |  0,00 | 56,244 | 337,54 | 337,54 | 24,49 | 1226,385 | 250,10 | 331,23 |  0,00 | 138,113 | 122,36 | 122,36 | 297,072 |   NaN | NaN | 0,00 | 0,00 | NaN
  28 | 10,02 | 290,670 | 752,29 | 836,05 | 757,61 |  0,00 | 1,407 | 44,35 | 44,35 |  0,00 | 52,518 | 337,10 | 337,10 | 25,21 | 1239,570 | 248,48 | 332,24 |  0,00 | 139,015 | 122,36 | 122,36 | 298,151 |   NaN | NaN | 0,00 | 0,00 | NaN
  29 | 10,61 | 289,501 | 755,02 | 844,66 | 760,33 |  0,00 | 1,387 | 44,35 | 44,35 |  0,00 | 58,513 | 340,10 | 340,10 | 26,53 | 1229,646 | 248,20 | 337,85 |  0,00 | 138,944 | 122,36 | 122,36 | 298,083 |   NaN | NaN | 0,00 | 0,00 | NaN
  30 |  9,53 | 293,992 | 754,57 | 834,09 | 759,91 |  0,00 | 1,417 | 44,35 | 44,35 |  0,00 | 57,097 | 332,31 | 332,31 | 23,73 | 1218,026 | 255,55 | 335,07 |  0,00 | 138,910 | 122,36 | 122,36 | 298,056 |   NaN | NaN | 0,00 | 0,00 | NaN
  31 | 10,29 | 292,042 | 752,98 | 839,35 | 758,25 |  0,00 | 1,384 | 44,35 | 44,35 |  0,00 | 55,489 | 336,52 | 336,52 | 25,70 | 1236,202 | 249,75 | 336,11 |  0,00 | 138,970 | 122,36 | 122,36 | 298,113 |   NaN | NaN | 0,00 | 0,00 | NaN
  32 |  9,93 | 289,353 | 753,26 | 836,32 | 758,54 |  0,00 | 1,340 | 44,35 | 44,35 |  0,00 | 54,852 | 333,68 | 333,68 | 24,73 | 1210,768 | 252,86 | 335,92 |  0,00 | 138,961 | 122,36 | 122,36 | 298,097 |   NaN | NaN | 0,00 | 0,00 | NaN
  33 |  9,96 | 287,659 | 755,24 | 838,77 | 760,56 |  0,00 | 1,406 | 44,35 | 44,35 |  0,00 | 52,230 | 333,39 | 333,39 | 24,66 | 1197,807 | 255,14 | 338,66 |  0,00 | 138,886 | 122,36 | 122,36 | 298,017 |   NaN | NaN | 0,00 | 0,00 | NaN
  34 |  9,41 | 288,163 | 753,89 | 832,20 | 759,21 |  0,00 | 1,397 | 44,35 | 44,35 |  0,00 | 57,345 | 335,44 | 335,44 | 23,73 | 1208,235 | 251,74 | 330,05 |  0,00 | 137,627 | 122,36 | 122,36 | 296,086 |   NaN | NaN | 0,00 | 0,00 | NaN
  35 | 10,69 | 288,342 | 755,23 | 845,66 | 760,54 |  0,00 | 1,346 | 44,35 | 44,35 |  0,00 | 52,239 | 339,92 | 339,92 | 26,67 | 1231,895 | 248,59 | 339,02 |  0,00 | 137,138 | 122,36 | 122,36 | 294,575 |   NaN | NaN | 0,00 | 0,00 | NaN
  36 |  9,83 | 289,700 | 754,22 | 836,46 | 759,55 |  0,00 | 1,399 | 44,35 | 44,35 |  0,00 | 52,116 | 331,36 | 331,36 | 24,30 | 1202,023 | 256,14 | 338,38 |  0,00 | 138,226 | 122,36 | 122,36 | 297,218 |   NaN | NaN | 0,00 | 0,00 | NaN
  37 | 11,12 | 293,329 | 754,59 | 848,97 | 759,91 |  0,00 | 1,382 | 44,35 | 44,35 |  0,00 | 53,720 | 343,63 | 343,63 | 27,87 | 1273,128 | 244,25 | 338,63 |  0,00 | 138,953 | 122,36 | 122,36 | 298,091 |   NaN | NaN | 0,00 | 0,00 | NaN
  38 | 10,16 | 286,361 | 755,19 | 840,57 | 760,51 |  0,00 | 1,374 | 44,35 | 44,35 |  0,00 | 59,211 | 339,21 | 339,21 | 25,51 | 1209,814 | 249,26 | 334,64 |  0,00 | 138,875 | 122,36 | 122,36 | 298,016 |   NaN | NaN | 0,00 | 0,00 | NaN
  39 |  9,70 | 292,087 | 752,41 | 833,26 | 757,76 |  0,00 | 1,417 | 44,35 | 44,35 |  0,00 | 57,966 | 334,30 | 334,30 | 24,34 | 1224,775 | 251,39 | 332,25 |  0,00 | 138,891 | 122,36 | 122,36 | 298,005 |   NaN | NaN | 0,00 | 0,00 | NaN
  40 |  9,85 | 287,094 | 753,07 | 835,36 | 758,42 |  0,00 | 1,417 | 44,35 | 44,35 |  0,00 | 52,604 | 334,73 | 334,73 | 24,64 | 1209,267 | 251,63 | 333,92 |  0,00 | 138,409 | 122,36 | 122,36 | 297,455 |   NaN | NaN | 0,00 | 0,00 | NaN
  41 | 11,08 | 294,615 | 752,27 | 845,99 | 757,57 |  0,00 | 1,400 | 44,35 | 44,35 |  0,00 | 58,011 | 337,09 | 337,09 | 27,39 | 1250,311 | 248,46 | 342,19 |  0,00 | 138,962 | 122,36 | 122,36 | 298,081 |   NaN | NaN | 0,00 | 0,00 | NaN
  42 | 10,86 | 293,996 | 752,14 | 843,76 | 757,43 |  0,00 | 1,346 | 44,35 | 44,35 |  0,00 | 56,060 | 337,35 | 337,35 | 26,97 | 1252,433 | 248,08 | 339,70 |  0,00 | 138,880 | 122,36 | 122,36 | 298,024 |   NaN | NaN | 0,00 | 0,00 | NaN
  43 | 10,89 | 294,546 | 753,65 | 845,78 | 758,98 |  0,00 | 1,424 | 44,35 | 44,35 |  0,00 | 52,822 | 338,24 | 338,24 | 27,03 | 1257,491 | 248,70 | 340,82 |  0,00 | 138,956 | 122,36 | 122,36 | 298,085 |   NaN | NaN | 0,00 | 0,00 | NaN
  44 | 11,20 | 293,755 | 753,60 | 848,61 | 758,91 |  0,00 | 1,336 | 44,35 | 44,35 |  0,00 | 58,069 | 338,64 | 338,64 | 27,68 | 1248,491 | 248,25 | 343,25 |  0,00 | 138,931 | 122,36 | 122,36 | 298,064 |   NaN | NaN | 0,00 | 0,00 | NaN
  45 | 10,94 | 294,436 | 753,60 | 846,15 | 758,93 |  0,00 | 1,420 | 44,35 | 44,35 |  0,00 | 54,197 | 345,33 | 345,33 | 27,70 | 1290,691 | 241,55 | 334,10 |  0,00 | 138,933 | 122,36 | 122,36 | 298,045 |   NaN | NaN | 0,00 | 0,00 | NaN
  46 | 10,16 | 285,209 | 752,33 | 837,44 | 757,61 |  0,00 | 1,360 | 44,35 | 44,35 |  0,00 | 51,146 | 332,26 | 332,26 | 25,15 | 1193,748 | 253,35 | 338,46 |  0,00 | 138,902 | 122,36 | 122,36 | 298,025 |   NaN | NaN | 0,00 | 0,00 | NaN
  47 |  9,46 | 289,911 | 754,83 | 833,71 | 760,13 |  0,00 | 1,358 | 44,35 | 44,35 |  0,00 | 54,523 | 336,84 | 336,84 | 23,89 | 1222,566 | 251,27 | 330,15 |  0,00 | 138,905 | 122,36 | 122,36 | 298,036 |   NaN | NaN | 0,00 | 0,00 | NaN
  48 |  9,81 | 282,232 | 752,18 | 833,98 | 757,47 |  0,00 | 1,387 | 44,35 | 44,35 |  0,00 | 53,061 | 333,18 | 333,18 | 24,48 | 1182,857 | 252,28 | 334,08 |  0,00 | 138,982 | 122,36 | 122,36 | 298,123 |   NaN | NaN | 0,00 | 0,00 | NaN
  49 |  9,53 | 289,951 | 753,79 | 833,21 | 759,12 |  0,00 | 1,400 | 44,35 | 44,35 |  0,00 | 53,547 | 333,08 | 333,08 | 23,82 | 1210,581 | 253,99 | 333,41 |  0,00 | 138,979 | 122,36 | 122,36 | 298,111 |   NaN | NaN | 0,00 | 0,00 | NaN
  50 | 10,19 | 292,845 | 753,85 | 839,35 | 759,18 |  0,00 | 1,354 | 44,35 | 44,35 |  0,00 | 56,000 | 338,58 | 338,58 | 25,59 | 1245,992 | 248,55 | 334,05 |  0,00 | 138,951 | 122,36 | 122,36 | 298,090 |   NaN | NaN | 0,00 | 0,00 | NaN
  51 |  9,96 | 290,406 | 753,11 | 836,39 | 758,42 |  0,00 | 1,352 | 44,35 | 44,35 |  0,00 | 58,337 | 333,34 | 333,34 | 24,76 | 1210,128 | 253,06 | 336,34 |  0,00 | 138,915 | 122,36 | 122,36 | 298,053 |   NaN | NaN | 0,00 | 0,00 | NaN
  52 | 10,22 | 293,374 | 753,42 | 839,21 | 758,70 |  0,00 | 1,378 | 44,35 | 44,35 |  0,00 | 53,226 | 333,12 | 333,12 | 25,28 | 1227,905 | 253,58 | 339,37 |  0,00 | 138,961 | 122,36 | 122,36 | 298,089 |   NaN | NaN | 0,00 | 0,00 | NaN
  53 | 10,53 | 297,179 | 753,42 | 842,11 | 758,71 |  0,00 | 1,366 | 44,35 | 44,35 |  0,00 | 51,903 | 335,89 | 335,89 | 26,12 | 1260,587 | 250,82 | 339,50 |  0,00 | 138,877 | 122,36 | 122,36 | 298,012 |   NaN | NaN | 0,00 | 0,00 | NaN
  54 |  9,55 | 290,826 | 754,04 | 833,69 | 759,34 |  0,00 | 1,368 | 44,35 | 44,35 |  0,00 | 59,415 | 337,17 | 337,17 | 24,15 | 1224,867 | 250,15 | 329,80 |  0,00 | 138,959 | 122,36 | 122,36 | 298,090 |   NaN | NaN | 0,00 | 0,00 | NaN
  55 | 10,13 | 293,361 | 755,20 | 840,30 | 760,50 |  0,00 | 1,353 | 44,35 | 44,35 |  0,00 | 52,660 | 335,43 | 335,43 | 25,17 | 1233,133 | 253,05 | 338,15 |  0,00 | 138,591 | 122,36 | 122,36 | 297,721 |   NaN | NaN | 0,00 | 0,00 | NaN
  56 |  9,79 | 286,792 | 752,08 | 833,67 | 757,38 |  0,00 | 1,359 | 44,35 | 44,35 |  0,00 | 53,387 | 335,14 | 335,14 | 24,59 | 1212,865 | 250,23 | 331,81 |  0,00 | 138,948 | 122,36 | 122,36 | 298,079 |   NaN | NaN | 0,00 | 0,00 | NaN
  57 |  9,98 | 286,339 | 754,35 | 837,96 | 759,65 |  0,00 | 1,356 | 44,35 | 44,35 |  0,00 | 54,873 | 334,93 | 334,93 | 24,86 | 1198,545 | 252,70 | 336,31 |  0,00 | 138,973 | 122,36 | 122,36 | 298,100 |   NaN | NaN | 0,00 | 0,00 | NaN
  58 | 10,41 | 291,206 | 753,06 | 840,52 | 758,40 |  0,00 | 1,385 | 44,35 | 44,35 |  0,00 | 52,529 | 338,21 | 338,21 | 26,06 | 1244,274 | 248,13 | 335,59 |  0,00 | 139,003 | 122,36 | 122,36 | 298,149 |   NaN | NaN | 0,00 | 0,00 | NaN
  59 | 10,76 | 291,685 | 755,25 | 846,32 | 760,56 |  0,00 | 1,404 | 44,35 | 44,35 |  0,00 | 52,764 | 336,19 | 336,19 | 26,52 | 1228,181 | 252,35 | 343,42 |  0,00 | 138,197 | 122,36 | 122,36 | 297,175 |   NaN | NaN | 0,00 | 0,00 | NaN
  60 | 10,34 | 290,660 | 753,95 | 840,94 | 759,23 |  0,00 | 1,338 | 44,35 | 44,35 |  0,00 | 57,768 | 338,18 | 338,18 | 25,89 | 1231,016 | 249,06 | 336,05 |  0,00 | 138,959 | 122,36 | 122,36 | 298,075 |   NaN | NaN | 0,00 | 0,00 | NaN
  61 | 10,93 | 295,739 | 753,58 | 846,04 | 758,89 |  0,00 | 1,361 | 44,35 | 44,35 |  0,00 | 53,684 | 340,62 | 340,62 | 27,30 | 1273,246 | 246,25 | 338,71 |  0,00 | 138,899 | 122,36 | 122,36 | 298,034 |   NaN | NaN | 0,00 | 0,00 | NaN
  62 | 10,66 | 288,893 | 753,11 | 843,01 | 758,46 |  0,00 | 1,423 | 44,35 | 44,35 |  0,00 | 55,783 | 337,10 | 337,10 | 26,50 | 1223,636 | 249,30 | 339,19 |  0,00 | 139,019 | 122,36 | 122,36 | 298,147 |   NaN | NaN | 0,00 | 0,00 | NaN
  63 | 10,61 | 290,326 | 754,73 | 844,34 | 760,02 |  0,00 | 1,378 | 44,35 | 44,35 |  0,00 | 54,030 | 341,14 | 341,14 | 26,63 | 1246,570 | 246,88 | 336,49 |  0,00 | 138,712 | 122,36 | 122,36 | 297,856 |   NaN | NaN | 0,00 | 0,00 | NaN
  64 |  9,58 | 288,345 | 754,35 | 834,27 | 759,70 |  0,00 | 1,421 | 44,35 | 44,35 |  0,00 | 55,630 | 334,66 | 334,66 | 24,01 | 1206,070 | 252,98 | 332,90 |  0,00 | 138,956 | 122,36 | 122,36 | 298,099 |   NaN | NaN | 0,00 | 0,00 | NaN

= = = = = = = = = = = = AVERAGE RESULTS system = = = = = = = = = = = =
meanPLR_system | 10,371309 
meanDelay_system | 290,905513 
meanLoad_system | 840,893063 
meanTHR_system | 753,652913 
meanGate_system | 758,967040 

meanPLR_EF_system | 0,000000 
meanPLR_AF_system | 0,000000 
meanPLR_BE_system | 25,884994 
meanPLR_FLA_system | 0,000000 
meanPLR_FLB_system | NaN 

meanTHR_EF_system | 44,352006 
meanTHR_AF_system | 337,274068 
meanTHR_BE_system | 249,662680 
meanTHR_FLA_system | 125,573917 
meanTHR_FLB_system | 0,000000 

meanLoad_EF_system | 44,352006 
meanLoad_AF_system | 337,274068 
meanLoad_BE_system | 336,902829 
meanLoad_FLA_system | 125,573917 
meanLoad_FLB_system | 0,000000 

meanDELAY_EF_system | 1,382748 
meanDELAY_AF_system | 54,862740 
meanDELAY_BE_system | 1233,440023 
meanDELAY_FLA_system | 138,867663 
meanDELAY_FLB_system | NaN 
meanDELAY_CompleteFLA_system | 298,003392 
meanDELAY_CompleteFLB_system | NaN 

= = = = = = = = = = = = AVERAGE RESULTS = = = = = = = = = = = =
Packet Loss Ratio: 10,37 (%)
PROCESSED PACKAGES: 1364154588 
DISCARTED PACKAGES: 102591050 
TOTAL PACKAGES: 1466745638 
AVERAGE DELAY: 52830,82 (ms) 
AVERAGE THROUGHPUT: 753,65 (Mbps) 
GRANTED THROUGHPUT: 48573,89 (Mbps) By 64 ONUs
EFFECTIVE THROUGHPUT: 48233,79 (Mbps) By 64 ONUs
TOTAL LOAD: 53817,16 (Mbps) By 64 ONUs
ON Arrival THROUGHPUT: 0,00 (Mbps) By 64 ONUs
FINISHTIMEFL: 114,367700 
FINISHTIME: 117,367700 


fileName | IPACT_STRICTPRIORITY_1_68_90_0 
