
ONU ID 	|  PLR(%) | Delay(ms) | Throughput(Mbps) | Granted Throughput(Mbps) | Total Load (Mbps) 

  ID |  PLR(%) |  D  | Thr |  Gates  |  Load  | PLR-EF | D-EF | ThrEF | LoadEF | PLR-AF | D-AF | ThrAF | LoadAF | PLR-BE | D-BE | ThrBE | LoadBE | PLR-FA | D-FA | ThrFA | LoadFA | DTFA |  PLR-FB | D-FB | ThrFB | LoadFB | DTFB | 
   1 |  0,00 | 4,700 | 679,83 | 679,83 | 700,26 |  0,00 | 0,355 | 44,35 | 44,35 |  0,00 | 1,673 | 303,59 | 303,59 |  0,00 | 6,758 | 296,61 | 296,61 |  0,00 | 138,235 | 35,27 | 35,27 | 297,334 |   NaN | NaN | 0,00 | 0,00 | NaN
   2 |  0,00 | 14,867 | 681,04 | 681,04 | 703,96 |  0,00 | 0,367 | 44,35 | 44,35 |  0,00 | 0,430 | 303,52 | 303,52 |  0,00 | 0,648 | 297,89 | 297,89 |  0,00 | 865,952 | 35,27 | 35,27 | 1752,193 |   NaN | NaN | 0,00 | 0,00 | NaN
   3 |  0,00 | 14,093 | 676,51 | 676,51 | 695,80 |  0,00 | 0,304 | 44,35 | 44,35 |  0,00 | 0,345 | 298,56 | 298,56 |  0,00 | 0,534 | 298,33 | 298,33 |  0,00 | 820,989 | 35,27 | 35,27 | 1661,748 |   NaN | NaN | 0,00 | 0,00 | NaN
   4 |  0,00 | 3,902 | 684,05 | 684,05 | 703,42 |  0,00 | 0,309 | 44,35 | 44,35 |  0,00 | 3,706 | 303,80 | 303,80 |  0,00 | 5,061 | 300,62 | 300,62 |  0,00 | 85,311 | 35,27 | 35,27 | 176,122 |   NaN | NaN | 0,00 | 0,00 | NaN
   5 |  0,00 | 20,822 | 678,46 | 678,46 | 697,85 |  0,00 | 0,335 | 44,35 | 44,35 |  0,00 | 0,344 | 299,85 | 299,85 |  0,00 | 0,503 | 298,99 | 298,99 |  0,00 | 1225,422 | 35,27 | 35,27 | 2471,270 |   NaN | NaN | 0,00 | 0,00 | NaN
   6 |  0,00 | 16,639 | 681,58 | 681,58 | 700,89 |  0,00 | 0,283 | 44,35 | 44,35 |  0,00 | 0,336 | 301,65 | 301,65 |  0,00 | 0,638 | 300,31 | 300,31 |  0,00 | 976,702 | 35,27 | 35,27 | 1974,031 |   NaN | NaN | 0,00 | 0,00 | NaN
   7 |  0,00 | 6,405 | 681,00 | 681,00 | 700,27 |  0,00 | 0,302 | 44,35 | 44,35 |  0,00 | 0,363 | 301,47 | 301,47 |  0,00 | 1,972 | 299,91 | 299,91 |  0,00 | 339,197 | 35,27 | 35,27 | 698,626 |   NaN | NaN | 0,00 | 0,00 | NaN
   8 |  0,00 | 15,346 | 680,64 | 680,64 | 700,75 |  0,00 | 0,352 | 44,35 | 44,35 |  0,00 | 0,390 | 299,61 | 299,61 |  0,00 | 0,555 | 301,41 | 301,41 |  0,00 | 896,833 | 35,27 | 35,27 | 1814,224 |   NaN | NaN | 0,00 | 0,00 | NaN
   9 |  0,00 | 9,937 | 682,13 | 682,13 | 701,42 |  0,00 | 0,291 | 44,35 | 44,35 |  0,00 | 0,303 | 301,12 | 301,12 |  0,00 | 0,732 | 301,38 | 301,38 |  0,00 | 572,958 | 35,27 | 35,27 | 1166,194 |   NaN | NaN | 0,00 | 0,00 | NaN
  10 |  0,00 | 4,651 | 678,39 | 678,39 | 698,56 |  0,00 | 0,352 | 44,35 | 44,35 |  0,00 | 2,796 | 299,99 | 299,99 |  0,00 | 6,582 | 298,78 | 298,78 |  0,00 | 119,398 | 35,27 | 35,27 | 255,560 |   NaN | NaN | 0,00 | 0,00 | NaN
  11 |  0,00 | 29,772 | 677,27 | 677,27 | 696,55 |  0,00 | 0,292 | 44,35 | 44,35 |  0,00 | 0,507 | 296,95 | 296,95 |  0,00 | 1,099 | 300,69 | 300,69 |  0,00 | 1749,021 | 35,27 | 35,27 | 3519,076 |   NaN | NaN | 0,00 | 0,00 | NaN
  12 |  0,00 | 17,519 | 680,46 | 680,46 | 700,86 |  0,00 | 0,354 | 44,35 | 44,35 |  0,00 | 0,372 | 299,89 | 299,89 |  0,00 | 0,494 | 300,95 | 300,95 |  0,00 | 1028,539 | 35,27 | 35,27 | 2077,526 |   NaN | NaN | 0,00 | 0,00 | NaN
  13 |  0,00 | 14,801 | 673,53 | 673,53 | 692,83 |  0,00 | 0,319 | 44,35 | 44,35 |  0,00 | 0,345 | 298,91 | 298,91 |  0,00 | 0,612 | 294,99 | 294,99 |  0,00 | 859,463 | 35,27 | 35,27 | 1739,446 |   NaN | NaN | 0,00 | 0,00 | NaN
  14 |  0,00 | 20,461 | 681,57 | 681,57 | 702,92 |  0,00 | 0,360 | 44,35 | 44,35 |  0,00 | 0,388 | 301,31 | 301,31 |  0,00 | 0,497 | 300,64 | 300,64 |  0,00 | 1205,796 | 35,27 | 35,27 | 2431,898 |   NaN | NaN | 0,00 | 0,00 | NaN
  15 |  0,00 | 6,462 | 676,44 | 676,44 | 696,85 |  0,00 | 0,354 | 44,35 | 44,35 |  0,00 | 0,370 | 294,86 | 294,86 |  0,00 | 0,990 | 301,95 | 301,95 |  0,00 | 355,258 | 35,27 | 35,27 | 730,956 |   NaN | NaN | 0,00 | 0,00 | NaN
  16 |  0,00 | 11,932 | 687,74 | 687,74 | 707,38 |  0,00 | 0,345 | 44,35 | 44,35 |  0,00 | 0,381 | 301,48 | 301,48 |  0,00 | 0,738 | 306,63 | 306,63 |  0,00 | 693,522 | 35,27 | 35,27 | 1407,243 |   NaN | NaN | 0,00 | 0,00 | NaN
  17 |  0,00 | 11,339 | 682,80 | 682,80 | 703,80 |  0,00 | 0,358 | 44,35 | 44,35 |  0,00 | 0,372 | 302,71 | 302,71 |  0,00 | 0,848 | 300,47 | 300,47 |  0,00 | 652,989 | 35,27 | 35,27 | 1326,312 |   NaN | NaN | 0,00 | 0,00 | NaN
  18 |  0,00 | 31,947 | 677,00 | 677,00 | 696,38 |  0,00 | 0,335 | 44,35 | 44,35 |  0,00 | 0,415 | 298,52 | 298,52 |  0,00 | 0,621 | 298,86 | 298,86 |  0,00 | 1886,904 | 35,27 | 35,27 | 3794,205 |   NaN | NaN | 0,00 | 0,00 | NaN
  19 |  0,00 | 25,633 | 672,31 | 672,31 | 691,63 |  0,00 | 0,326 | 44,35 | 44,35 |  0,00 | 0,574 | 295,34 | 295,34 |  0,00 | 0,894 | 297,34 | 297,34 |  0,00 | 1495,760 | 35,27 | 35,27 | 3011,958 |   NaN | NaN | 0,00 | 0,00 | NaN
  20 |  0,00 | 30,299 | 675,23 | 675,23 | 694,52 |  0,00 | 0,322 | 44,35 | 44,35 |  0,00 | 0,467 | 300,29 | 300,29 |  0,00 | 0,825 | 295,31 | 295,31 |  0,00 | 1781,551 | 35,27 | 35,27 | 3584,014 |   NaN | NaN | 0,00 | 0,00 | NaN
  21 |  0,00 | 5,048 | 670,31 | 670,31 | 689,63 |  0,00 | 0,326 | 44,35 | 44,35 |  0,00 | 0,370 | 296,54 | 296,54 |  0,00 | 2,733 | 294,14 | 294,14 |  0,00 | 242,757 | 35,27 | 35,27 | 505,307 |   NaN | NaN | 0,00 | 0,00 | NaN
  22 |  0,00 | 21,618 | 684,38 | 684,38 | 706,68 |  0,00 | 0,365 | 44,35 | 44,35 |  0,00 | 0,386 | 305,66 | 305,66 |  0,00 | 0,485 | 299,10 | 299,10 |  0,00 | 1278,540 | 35,27 | 35,27 | 2576,955 |   NaN | NaN | 0,00 | 0,00 | NaN
  23 |  0,00 | 28,072 | 680,86 | 680,86 | 700,55 |  0,00 | 0,347 | 44,35 | 44,35 |  0,00 | 0,642 | 300,75 | 300,75 |  0,00 | 1,303 | 300,49 | 300,49 |  0,00 | 1645,616 | 35,27 | 35,27 | 3311,498 |   NaN | NaN | 0,00 | 0,00 | NaN
  24 |  0,00 | 14,924 | 683,44 | 683,44 | 702,75 |  0,00 | 0,308 | 44,35 | 44,35 |  0,00 | 0,358 | 300,69 | 300,69 |  0,00 | 0,739 | 303,12 | 303,12 |  0,00 | 872,234 | 35,27 | 35,27 | 1764,835 |   NaN | NaN | 0,00 | 0,00 | NaN
  25 |  0,00 | 7,415 | 684,18 | 684,18 | 706,81 |  0,00 | 0,366 | 44,35 | 44,35 |  0,00 | 0,385 | 299,24 | 299,24 |  0,00 | 0,623 | 305,31 | 305,31 |  0,00 | 420,488 | 35,27 | 35,27 | 861,105 |   NaN | NaN | 0,00 | 0,00 | NaN
  26 |  0,00 | 6,229 | 676,66 | 676,66 | 698,41 |  0,00 | 0,362 | 44,35 | 44,35 |  0,00 | 0,466 | 299,06 | 299,06 |  0,00 | 1,548 | 297,97 | 297,97 |  0,00 | 330,838 | 35,27 | 35,27 | 681,525 |   NaN | NaN | 0,00 | 0,00 | NaN
  27 |  0,00 | 32,271 | 677,24 | 677,24 | 696,53 |  0,00 | 0,288 | 44,35 | 44,35 |  0,00 | 0,352 | 301,12 | 301,12 |  0,00 | 0,582 | 296,49 | 296,49 |  0,00 | 1909,561 | 35,27 | 35,27 | 3839,915 |   NaN | NaN | 0,00 | 0,00 | NaN
  28 |  0,00 | 28,631 | 672,60 | 672,60 | 693,08 |  0,00 | 0,355 | 44,35 | 44,35 |  0,00 | 0,595 | 299,21 | 299,21 |  0,00 | 2,100 | 293,77 | 293,77 |  0,00 | 1654,673 | 35,27 | 35,27 | 3329,814 |   NaN | NaN | 0,00 | 0,00 | NaN
  29 |  0,00 | 29,163 | 681,31 | 681,31 | 700,71 |  0,00 | 0,334 | 44,35 | 44,35 |  0,00 | 0,541 | 300,68 | 300,68 |  0,00 | 0,867 | 301,01 | 301,01 |  0,00 | 1720,486 | 35,27 | 35,27 | 3461,951 |   NaN | NaN | 0,00 | 0,00 | NaN
  30 |  0,00 | 31,052 | 676,83 | 676,83 | 699,19 |  0,00 | 0,365 | 44,35 | 44,35 |  0,00 | 0,429 | 298,42 | 298,42 |  0,00 | 0,572 | 298,78 | 298,78 |  0,00 | 1832,309 | 35,27 | 35,27 | 3685,125 |   NaN | NaN | 0,00 | 0,00 | NaN
  31 |  0,00 | 28,281 | 676,92 | 676,92 | 696,26 |  0,00 | 0,332 | 44,35 | 44,35 |  0,00 | 0,700 | 300,72 | 300,72 |  0,00 | 1,232 | 296,57 | 296,57 |  0,00 | 1652,904 | 35,27 | 35,27 | 3326,242 |   NaN | NaN | 0,00 | 0,00 | NaN
  32 |  0,00 | 29,892 | 681,38 | 681,38 | 700,67 |  0,00 | 0,288 | 44,35 | 44,35 |  0,00 | 0,589 | 300,60 | 300,60 |  0,00 | 1,572 | 301,16 | 301,16 |  0,00 | 1753,729 | 35,27 | 35,27 | 3528,433 |   NaN | NaN | 0,00 | 0,00 | NaN
  33 |  0,00 | 30,781 | 677,03 | 677,03 | 697,30 |  0,00 | 0,353 | 44,35 | 44,35 |  0,00 | 0,658 | 297,90 | 297,90 |  0,00 | 1,444 | 299,51 | 299,51 |  0,00 | 1799,268 | 35,27 | 35,27 | 3619,472 |   NaN | NaN | 0,00 | 0,00 | NaN
  34 |  0,00 | 33,271 | 678,04 | 678,04 | 697,65 |  0,00 | 0,345 | 44,35 | 44,35 |  0,00 | 0,375 | 300,13 | 300,13 |  0,00 | 0,504 | 298,29 | 298,29 |  0,00 | 1970,028 | 35,27 | 35,27 | 3960,796 |   NaN | NaN | 0,00 | 0,00 | NaN
  35 |  0,00 | 34,222 | 683,60 | 683,60 | 702,91 |  0,00 | 0,294 | 44,35 | 44,35 |  0,00 | 0,313 | 301,87 | 301,87 |  0,00 | 0,520 | 302,11 | 302,11 |  0,00 | 2039,206 | 35,27 | 35,27 | 4098,971 |   NaN | NaN | 0,00 | 0,00 | NaN
  36 |  0,00 | 32,717 | 677,35 | 677,35 | 697,14 |  0,00 | 0,347 | 44,35 | 44,35 |  0,00 | 0,423 | 296,17 | 296,17 |  0,00 | 0,535 | 301,56 | 301,56 |  0,00 | 1934,288 | 35,27 | 35,27 | 3889,519 |   NaN | NaN | 0,00 | 0,00 | NaN
  37 |  0,00 | 29,630 | 684,79 | 684,79 | 704,12 |  0,00 | 0,330 | 44,35 | 44,35 |  0,00 | 0,558 | 304,74 | 304,74 |  0,00 | 0,858 | 300,42 | 300,42 |  0,00 | 1754,213 | 35,27 | 35,27 | 3529,369 |   NaN | NaN | 0,00 | 0,00 | NaN
  38 |  0,00 | 31,103 | 682,40 | 682,40 | 701,69 |  0,00 | 0,321 | 44,35 | 44,35 |  0,00 | 0,345 | 300,91 | 300,91 |  0,00 | 0,513 | 301,86 | 301,86 |  0,00 | 1848,376 | 35,27 | 35,27 | 3717,043 |   NaN | NaN | 0,00 | 0,00 | NaN
  39 |  0,00 | 30,580 | 670,22 | 670,22 | 692,53 |  0,00 | 0,364 | 44,35 | 44,35 |  0,00 | 0,386 | 296,94 | 296,94 |  0,00 | 0,767 | 293,65 | 293,65 |  0,00 | 1791,092 | 35,27 | 35,27 | 3603,005 |   NaN | NaN | 0,00 | 0,00 | NaN
  40 |  0,00 | 32,373 | 672,77 | 672,77 | 695,11 |  0,00 | 0,364 | 44,35 | 44,35 |  0,00 | 0,410 | 299,65 | 299,65 |  0,00 | 0,559 | 293,50 | 293,50 |  0,00 | 1905,384 | 35,27 | 35,27 | 3831,506 |   NaN | NaN | 0,00 | 0,00 | NaN
  41 |  0,00 | 28,619 | 683,09 | 683,09 | 702,88 |  0,00 | 0,347 | 44,35 | 44,35 |  0,00 | 0,542 | 298,16 | 298,16 |  0,00 | 1,012 | 305,30 | 305,30 |  0,00 | 1687,728 | 35,27 | 35,27 | 3396,219 |   NaN | NaN | 0,00 | 0,00 | NaN
  42 |  0,00 | 29,224 | 683,72 | 683,72 | 703,01 |  0,00 | 0,293 | 44,35 | 44,35 |  0,00 | 0,448 | 301,83 | 301,83 |  0,00 | 1,430 | 302,26 | 302,26 |  0,00 | 1721,526 | 35,27 | 35,27 | 3464,094 |   NaN | NaN | 0,00 | 0,00 | NaN
  43 |  0,00 | 30,271 | 688,39 | 688,39 | 710,54 |  0,00 | 0,372 | 44,35 | 44,35 |  0,00 | 0,429 | 304,70 | 304,70 |  0,00 | 1,203 | 304,06 | 304,06 |  0,00 | 1793,821 | 35,27 | 35,27 | 3608,391 |   NaN | NaN | 0,00 | 0,00 | NaN
  44 |  0,00 | 28,766 | 682,34 | 682,34 | 701,62 |  0,00 | 0,284 | 44,35 | 44,35 |  0,00 | 0,832 | 299,53 | 299,53 |  0,00 | 1,963 | 303,18 | 303,18 |  0,00 | 1677,412 | 35,27 | 35,27 | 3375,417 |   NaN | NaN | 0,00 | 0,00 | NaN
  45 |  0,00 | 29,175 | 677,42 | 677,42 | 700,68 |  0,00 | 0,368 | 44,35 | 44,35 |  0,00 | 0,522 | 303,01 | 303,01 |  0,00 | 1,111 | 294,78 | 294,78 |  0,00 | 1711,247 | 35,27 | 35,27 | 3443,371 |   NaN | NaN | 0,00 | 0,00 | NaN
  46 |  0,00 | 30,097 | 678,68 | 678,68 | 697,96 |  0,00 | 0,307 | 44,35 | 44,35 |  0,00 | 0,407 | 298,08 | 298,08 |  0,00 | 0,818 | 300,97 | 300,97 |  0,00 | 1776,340 | 35,27 | 35,27 | 3573,568 |   NaN | NaN | 0,00 | 0,00 | NaN
  47 |  0,00 | 28,046 | 677,95 | 677,95 | 697,26 |  0,00 | 0,305 | 44,35 | 44,35 |  0,00 | 0,604 | 301,05 | 301,05 |  0,00 | 1,569 | 297,28 | 297,28 |  0,00 | 1637,263 | 35,27 | 35,27 | 3294,945 |   NaN | NaN | 0,00 | 0,00 | NaN
  48 |  0,00 | 28,446 | 676,50 | 676,50 | 695,89 |  0,00 | 0,335 | 44,35 | 44,35 |  0,00 | 0,403 | 298,10 | 298,10 |  0,00 | 0,774 | 298,78 | 298,78 |  0,00 | 1674,137 | 35,27 | 35,27 | 3368,727 |   NaN | NaN | 0,00 | 0,00 | NaN
  49 |  0,00 | 27,994 | 676,92 | 676,92 | 696,69 |  0,00 | 0,347 | 44,35 | 44,35 |  0,00 | 0,567 | 300,31 | 300,31 |  0,00 | 1,059 | 296,98 | 296,98 |  0,00 | 1640,125 | 35,27 | 35,27 | 3300,593 |   NaN | NaN | 0,00 | 0,00 | NaN
  50 |  0,00 | 30,103 | 681,83 | 681,83 | 701,13 |  0,00 | 0,301 | 44,35 | 44,35 |  0,00 | 0,367 | 303,16 | 303,16 |  0,00 | 0,642 | 299,05 | 299,05 |  0,00 | 1785,202 | 35,27 | 35,27 | 3591,138 |   NaN | NaN | 0,00 | 0,00 | NaN
  51 |  0,00 | 28,721 | 680,25 | 680,25 | 699,55 |  0,00 | 0,299 | 44,35 | 44,35 |  0,00 | 0,781 | 299,37 | 299,37 |  0,00 | 1,176 | 301,25 | 301,25 |  0,00 | 1684,715 | 35,27 | 35,27 | 3390,065 |   NaN | NaN | 0,00 | 0,00 | NaN
  52 |  0,00 | 29,306 | 677,89 | 677,89 | 697,21 |  0,00 | 0,326 | 44,35 | 44,35 |  0,00 | 0,723 | 295,66 | 295,66 |  0,00 | 1,949 | 302,61 | 302,61 |  0,00 | 1703,876 | 35,27 | 35,27 | 3428,581 |   NaN | NaN | 0,00 | 0,00 | NaN
  53 |  0,00 | 29,807 | 681,06 | 681,06 | 700,33 |  0,00 | 0,313 | 44,35 | 44,35 |  0,00 | 0,473 | 302,30 | 302,30 |  0,00 | 0,908 | 299,13 | 299,13 |  0,00 | 1760,016 | 35,27 | 35,27 | 3540,847 |   NaN | NaN | 0,00 | 0,00 | NaN
  54 |  0,00 | 29,311 | 674,62 | 674,62 | 693,95 |  0,00 | 0,316 | 44,35 | 44,35 |  0,00 | 0,495 | 299,87 | 299,87 |  0,00 | 1,215 | 295,13 | 295,13 |  0,00 | 1715,166 | 35,27 | 35,27 | 3451,242 |   NaN | NaN | 0,00 | 0,00 | NaN
  55 |  0,00 | 31,364 | 676,45 | 676,45 | 695,75 |  0,00 | 0,301 | 44,35 | 44,35 |  0,00 | 0,335 | 297,05 | 297,05 |  0,00 | 0,577 | 299,77 | 299,77 |  0,00 | 1853,610 | 35,27 | 35,27 | 3727,404 |   NaN | NaN | 0,00 | 0,00 | NaN
  56 |  0,00 | 28,801 | 675,41 | 675,41 | 694,73 |  0,00 | 0,306 | 44,35 | 44,35 |  0,00 | 0,605 | 297,36 | 297,36 |  0,00 | 1,330 | 298,43 | 298,43 |  0,00 | 1682,556 | 35,27 | 35,27 | 3385,642 |   NaN | NaN | 0,00 | 0,00 | NaN
  57 |  0,00 | 28,190 | 678,19 | 678,19 | 697,46 |  0,00 | 0,303 | 44,35 | 44,35 |  0,00 | 0,452 | 298,52 | 298,52 |  0,00 | 1,309 | 300,05 | 300,05 |  0,00 | 1652,746 | 35,27 | 35,27 | 3325,910 |   NaN | NaN | 0,00 | 0,00 | NaN
  58 |  0,00 | 28,518 | 680,17 | 680,17 | 699,51 |  0,00 | 0,332 | 44,35 | 44,35 |  0,00 | 0,912 | 299,95 | 299,95 |  0,00 | 1,961 | 300,58 | 300,58 |  0,00 | 1656,715 | 35,27 | 35,27 | 3333,921 |   NaN | NaN | 0,00 | 0,00 | NaN
  59 |  0,00 | 32,873 | 683,62 | 683,62 | 703,66 |  0,00 | 0,351 | 44,35 | 44,35 |  0,00 | 0,361 | 299,14 | 299,14 |  0,00 | 0,468 | 304,86 | 304,86 |  0,00 | 1956,432 | 35,27 | 35,27 | 3933,559 |   NaN | NaN | 0,00 | 0,00 | NaN
  60 |  0,00 | 28,846 | 679,54 | 679,54 | 698,79 |  0,00 | 0,286 | 44,35 | 44,35 |  0,00 | 0,773 | 300,12 | 300,12 |  0,00 | 1,407 | 299,80 | 299,80 |  0,00 | 1687,995 | 35,27 | 35,27 | 3396,718 |   NaN | NaN | 0,00 | 0,00 | NaN
  61 |  0,00 | 29,898 | 683,24 | 683,24 | 702,51 |  0,00 | 0,308 | 44,35 | 44,35 |  0,00 | 0,474 | 301,72 | 301,72 |  0,00 | 0,918 | 301,90 | 301,90 |  0,00 | 1768,808 | 35,27 | 35,27 | 3558,520 |   NaN | NaN | 0,00 | 0,00 | NaN
  62 |  0,00 | 28,365 | 682,34 | 682,34 | 706,05 |  0,00 | 0,370 | 44,35 | 44,35 |  0,00 | 0,548 | 301,42 | 301,42 |  0,00 | 0,794 | 301,30 | 301,30 |  0,00 | 1674,462 | 35,27 | 35,27 | 3369,534 |   NaN | NaN | 0,00 | 0,00 | NaN
  63 |  0,00 | 30,878 | 679,92 | 679,92 | 699,23 |  0,00 | 0,325 | 44,35 | 44,35 |  0,00 | 0,423 | 301,41 | 301,41 |  0,00 | 0,668 | 298,88 | 298,88 |  0,00 | 1827,004 | 35,27 | 35,27 | 3674,469 |   NaN | NaN | 0,00 | 0,00 | NaN
  64 |  0,00 | 29,563 | 675,13 | 675,13 | 698,63 |  0,00 | 0,369 | 44,35 | 44,35 |  0,00 | 0,733 | 298,68 | 298,68 |  0,00 | 1,796 | 296,83 | 296,83 |  0,00 | 1716,351 | 35,27 | 35,27 | 3453,648 |   NaN | NaN | 0,00 | 0,00 | NaN

= = = = = = = = = = = = AVERAGE RESULTS system = = = = = = = = = = = =
meanPLR_system | 0,000000 
meanDelay_system | 23,968427 
meanLoad_system | 679,296449 
meanTHR_system | 679,296449 
meanGate_system | 699,400523 

meanPLR_EF_system | 0,000000 
meanPLR_AF_system | 0,000000 
meanPLR_BE_system | 0,000000 
meanPLR_FLA_system | 0,000000 
meanPLR_FLB_system | NaN 

meanTHR_EF_system | 44,352003 
meanTHR_AF_system | 300,076448 
meanTHR_BE_system | 299,593636 
meanTHR_FLA_system | 35,873517 
meanTHR_FLB_system | 0,000000 

meanLoad_EF_system | 44,352003 
meanLoad_AF_system | 300,076448 
meanLoad_BE_system | 299,593636 
meanLoad_FLA_system | 35,873517 
meanLoad_FLB_system | 0,000000 

meanDELAY_EF_system | 0,330231 
meanDELAY_AF_system | 0,583878 
meanDELAY_BE_system | 1,245443 
meanDELAY_FLA_system | 1399,235034 
meanDELAY_FLB_system | NaN 
meanDELAY_CompleteFLA_system | 2818,731972 
meanDELAY_CompleteFLB_system | NaN 

= = = = = = = = = = = = AVERAGE RESULTS = = = = = = = = = = = =
Packet Loss Ratio: 00,00 (%)
PROCESSED PACKAGES: 2026809771 
DISCARTED PACKAGES: 0 
TOTAL PACKAGES: 2026809771 
AVERAGE DELAY: 4225,31 (ms) 
AVERAGE THROUGHPUT: 679,30 (Mbps) 
GRANTED THROUGHPUT: 44761,63 (Mbps) By 64 ONUs
EFFECTIVE THROUGHPUT: 43474,97 (Mbps) By 64 ONUs
TOTAL LOAD: 43474,97 (Mbps) By 64 ONUs
ON Arrival THROUGHPUT: 0,00 (Mbps) By 64 ONUs
FINISHTIMEFL: 176,620542 
FINISHTIME: 179,620542 


fileName | IPACT_LEAKYBUCKET_4_30_80_0 
