
ONU ID 	|  PLR(%) | Delay(ms) | Throughput(Mbps) | Granted Throughput(Mbps) | Total Load (Mbps) 

  ID |  PLR(%) |  D  | Thr |  Gates  |  Load  | PLR-EF | D-EF | ThrEF | LoadEF | PLR-AF | D-AF | ThrAF | LoadAF | PLR-BE | D-BE | ThrBE | LoadBE | PLR-FA | D-FA | ThrFA | LoadFA | DTFA |  PLR-FB | D-FB | ThrFB | LoadFB | DTFB | 
   1 |  0,00 | 1,048 | 638,77 | 638,77 | 667,95 |  0,00 | 0,322 | 44,35 | 44,35 |  0,00 | 0,777 | 267,50 | 267,50 |  0,00 | 0,944 | 259,07 | 259,07 |  0,00 | 13,975 | 67,85 | 67,85 | 50,579 |   NaN | NaN | 0,00 | 0,00 | NaN
   2 |  0,00 | 1,668 | 638,70 | 638,70 | 670,99 |  0,00 | 0,334 | 44,35 | 44,35 |  0,00 | 0,587 | 261,78 | 261,78 |  0,00 | 0,708 | 264,72 | 264,72 |  0,00 | 35,263 | 67,85 | 67,85 | 113,798 |   NaN | NaN | 0,00 | 0,00 | NaN
   3 |  0,00 | 1,502 | 640,38 | 640,38 | 666,99 |  0,00 | 0,270 | 44,35 | 44,35 |  0,00 | 0,482 | 265,03 | 265,03 |  0,00 | 0,755 | 263,15 | 263,15 |  0,00 | 31,730 | 67,85 | 67,85 | 100,201 |   NaN | NaN | 0,00 | 0,00 | NaN
   4 |  0,00 | 0,963 | 640,57 | 640,57 | 667,61 |  0,00 | 0,276 | 44,35 | 44,35 |  0,00 | 0,677 | 267,01 | 267,01 |  0,00 | 0,891 | 261,36 | 261,36 |  0,00 | 13,236 | 67,85 | 67,85 | 47,212 |   NaN | NaN | 0,00 | 0,00 | NaN
   5 |  0,00 | 3,962 | 635,33 | 635,33 | 662,13 |  0,00 | 0,301 | 44,35 | 44,35 |  0,00 | 0,448 | 262,39 | 262,39 |  0,00 | 1,122 | 260,73 | 260,73 |  0,00 | 101,400 | 67,85 | 67,85 | 244,794 |   NaN | NaN | 0,00 | 0,00 | NaN
   6 |  0,00 | 1,376 | 641,59 | 641,59 | 668,01 |  0,00 | 0,250 | 44,35 | 44,35 |  0,00 | 0,339 | 265,99 | 265,99 |  0,00 | 0,602 | 263,40 | 263,40 |  0,00 | 30,480 | 67,85 | 67,85 | 107,432 |   NaN | NaN | 0,00 | 0,00 | NaN
   7 |  0,00 | 1,177 | 637,71 | 637,71 | 664,63 |  0,00 | 0,268 | 44,35 | 44,35 |  0,00 | 0,794 | 263,36 | 263,36 |  0,00 | 1,077 | 262,15 | 262,15 |  0,00 | 17,433 | 67,85 | 67,85 | 56,472 |   NaN | NaN | 0,00 | 0,00 | NaN
   8 |  0,00 | 1,430 | 640,71 | 640,71 | 669,04 |  0,00 | 0,318 | 44,35 | 44,35 |  0,00 | 0,539 | 262,80 | 262,80 |  0,00 | 0,741 | 265,72 | 265,72 |  0,00 | 28,590 | 67,85 | 67,85 | 103,571 |   NaN | NaN | 0,00 | 0,00 | NaN
   9 |  0,00 | 0,938 | 639,61 | 639,61 | 666,45 |  0,00 | 0,258 | 44,35 | 44,35 |  0,00 | 0,486 | 265,33 | 265,33 |  0,00 | 0,744 | 262,08 | 262,08 |  0,00 | 15,195 | 67,85 | 67,85 | 56,824 |   NaN | NaN | 0,00 | 0,00 | NaN
  10 |  0,00 | 1,137 | 637,45 | 637,45 | 666,26 |  0,00 | 0,319 | 44,35 | 44,35 |  0,00 | 0,804 | 263,47 | 263,47 |  0,00 | 0,989 | 261,79 | 261,79 |  0,00 | 16,124 | 67,85 | 67,85 | 52,349 |   NaN | NaN | 0,00 | 0,00 | NaN
  11 |  0,00 | 10,150 | 630,97 | 630,97 | 657,47 |  0,00 | 0,258 | 44,35 | 44,35 |  0,00 | 0,453 | 256,86 | 256,86 |  0,00 | 1,187 | 261,91 | 261,91 |  0,00 | 283,126 | 67,85 | 67,85 | 725,811 |   NaN | NaN | 0,00 | 0,00 | NaN
  12 |  0,00 | 1,533 | 639,24 | 639,24 | 667,90 |  0,00 | 0,321 | 44,35 | 44,35 |  0,00 | 0,368 | 263,65 | 263,65 |  0,00 | 0,475 | 263,39 | 263,39 |  0,00 | 34,790 | 67,85 | 67,85 | 115,181 |   NaN | NaN | 0,00 | 0,00 | NaN
  13 |  0,00 | 1,651 | 632,03 | 632,03 | 658,67 |  0,00 | 0,286 | 44,35 | 44,35 |  0,00 | 0,560 | 259,89 | 259,89 |  0,00 | 0,809 | 259,93 | 259,93 |  0,00 | 34,741 | 67,85 | 67,85 | 112,763 |   NaN | NaN | 0,00 | 0,00 | NaN
  14 |  0,00 | 3,612 | 639,71 | 639,71 | 669,69 |  0,00 | 0,327 | 44,35 | 44,35 |  0,00 | 0,400 | 264,53 | 264,53 |  0,00 | 0,719 | 262,98 | 262,98 |  0,00 | 94,352 | 67,85 | 67,85 | 228,994 |   NaN | NaN | 0,00 | 0,00 | NaN
  15 |  0,00 | 1,102 | 636,37 | 636,37 | 665,33 |  0,00 | 0,321 | 44,35 | 44,35 |  0,00 | 0,757 | 259,59 | 259,59 |  0,00 | 0,946 | 264,57 | 264,57 |  0,00 | 15,663 | 67,85 | 67,85 | 55,865 |   NaN | NaN | 0,00 | 0,00 | NaN
  16 |  0,00 | 1,054 | 641,56 | 641,56 | 669,08 |  0,00 | 0,312 | 44,35 | 44,35 |  0,00 | 0,543 | 262,97 | 262,97 |  0,00 | 0,669 | 266,38 | 266,38 |  0,00 | 18,039 | 67,85 | 67,85 | 67,722 |   NaN | NaN | 0,00 | 0,00 | NaN
  17 |  0,00 | 1,070 | 639,33 | 639,33 | 669,18 |  0,00 | 0,325 | 44,35 | 44,35 |  0,00 | 0,559 | 262,84 | 262,84 |  0,00 | 0,692 | 264,29 | 264,29 |  0,00 | 18,011 | 67,85 | 67,85 | 64,700 |   NaN | NaN | 0,00 | 0,00 | NaN
  18 |  0,00 | 5,890 | 637,37 | 637,37 | 664,16 |  0,00 | 0,302 | 44,35 | 44,35 |  0,00 | 0,376 | 262,01 | 262,01 |  0,00 | 0,585 | 263,15 | 263,15 |  0,00 | 163,065 | 67,85 | 67,85 | 705,315 |   NaN | NaN | 0,00 | 0,00 | NaN
  19 |  0,00 | 7,966 | 632,92 | 632,92 | 659,56 |  0,00 | 0,292 | 44,35 | 44,35 |  0,00 | 0,681 | 258,96 | 258,96 |  0,00 | 1,884 | 261,76 | 261,76 |  0,00 | 212,091 | 67,85 | 67,85 | 483,302 |   NaN | NaN | 0,00 | 0,00 | NaN
  20 |  0,00 | 9,481 | 634,31 | 634,31 | 660,91 |  0,00 | 0,288 | 44,35 | 44,35 |  0,00 | 0,351 | 263,85 | 263,85 |  0,00 | 1,290 | 258,26 | 258,26 |  0,00 | 263,883 | 67,85 | 67,85 | 735,022 |   NaN | NaN | 0,00 | 0,00 | NaN
  21 |  0,00 | 0,998 | 630,46 | 630,46 | 657,55 |  0,00 | 0,293 | 44,35 | 44,35 |  0,00 | 0,717 | 259,29 | 259,29 |  0,00 | 0,887 | 258,96 | 258,96 |  0,00 | 13,716 | 67,85 | 67,85 | 48,375 |   NaN | NaN | 0,00 | 0,00 | NaN
  22 |  0,00 | 4,474 | 643,15 | 643,15 | 674,49 |  0,00 | 0,331 | 44,35 | 44,35 |  0,00 | 0,446 | 270,12 | 270,12 |  0,00 | 0,867 | 260,84 | 260,84 |  0,00 | 118,867 | 67,85 | 67,85 | 283,636 |   NaN | NaN | 0,00 | 0,00 | NaN
  23 |  0,00 | 10,251 | 641,07 | 641,07 | 668,49 |  0,00 | 0,313 | 44,35 | 44,35 |  0,00 | 0,518 | 265,53 | 265,53 |  0,00 | 2,190 | 263,33 | 263,33 |  0,00 | 280,216 | 67,85 | 67,85 | 639,891 |   NaN | NaN | 0,00 | 0,00 | NaN
  24 |  0,00 | 1,656 | 638,69 | 638,69 | 665,33 |  0,00 | 0,275 | 44,35 | 44,35 |  0,00 | 0,499 | 262,20 | 262,20 |  0,00 | 0,789 | 264,29 | 264,29 |  0,00 | 35,807 | 67,85 | 67,85 | 113,693 |   NaN | NaN | 0,00 | 0,00 | NaN
  25 |  0,00 | 1,011 | 645,82 | 645,82 | 677,95 |  0,00 | 0,332 | 44,35 | 44,35 |  0,00 | 0,729 | 263,00 | 263,00 |  0,00 | 0,861 | 270,62 | 270,62 |  0,00 | 13,695 | 67,85 | 67,85 | 49,737 |   NaN | NaN | 0,00 | 0,00 | NaN
  26 |  0,00 | 1,236 | 636,21 | 636,21 | 667,22 |  0,00 | 0,329 | 44,35 | 44,35 |  0,00 | 0,902 | 261,61 | 261,61 |  0,00 | 0,993 | 262,40 | 262,40 |  0,00 | 18,138 | 67,85 | 67,85 | 57,015 |   NaN | NaN | 0,00 | 0,00 | NaN
  27 |  0,00 | 5,642 | 633,80 | 633,80 | 660,31 |  0,00 | 0,255 | 44,35 | 44,35 |  0,00 | 0,359 | 262,90 | 262,90 |  0,00 | 0,740 | 258,70 | 258,70 |  0,00 | 154,892 | 67,85 | 67,85 | 711,647 |   NaN | NaN | 0,00 | 0,00 | NaN
  28 |  0,00 | 10,187 | 632,10 | 632,10 | 660,91 |  0,00 | 0,321 | 44,35 | 44,35 |  0,00 | 0,862 | 262,09 | 262,09 |  0,00 | 2,029 | 257,82 | 257,82 |  0,00 | 274,651 | 67,85 | 67,85 | 639,366 |   NaN | NaN | 0,00 | 0,00 | NaN
  29 |  0,00 | 10,087 | 640,39 | 640,39 | 667,17 |  0,00 | 0,301 | 44,35 | 44,35 |  0,00 | 0,556 | 265,29 | 265,29 |  0,00 | 1,162 | 262,89 | 262,89 |  0,00 | 282,540 | 67,85 | 67,85 | 702,493 |   NaN | NaN | 0,00 | 0,00 | NaN
  30 |  0,00 | 8,423 | 633,58 | 633,58 | 665,05 |  0,00 | 0,331 | 44,35 | 44,35 |  0,00 | 0,454 | 260,88 | 260,88 |  0,00 | 0,786 | 260,50 | 260,50 |  0,00 | 234,748 | 67,85 | 67,85 | 755,357 |   NaN | NaN | 0,00 | 0,00 | NaN
  31 |  0,00 | 10,027 | 635,66 | 635,66 | 662,38 |  0,00 | 0,298 | 44,35 | 44,35 |  0,00 | 0,611 | 261,50 | 261,50 |  0,00 | 2,627 | 261,96 | 261,96 |  0,00 | 268,532 | 67,85 | 67,85 | 626,950 |   NaN | NaN | 0,00 | 0,00 | NaN
  32 |  0,00 | 9,813 | 634,86 | 634,86 | 661,39 |  0,00 | 0,255 | 44,35 | 44,35 |  0,00 | 0,714 | 260,12 | 260,12 |  0,00 | 1,591 | 262,54 | 262,54 |  0,00 | 269,403 | 67,85 | 67,85 | 719,968 |   NaN | NaN | 0,00 | 0,00 | NaN
  33 |  0,00 | 9,134 | 634,11 | 634,11 | 662,58 |  0,00 | 0,320 | 44,35 | 44,35 |  0,00 | 0,491 | 259,36 | 259,36 |  0,00 | 1,178 | 262,55 | 262,55 |  0,00 | 252,906 | 67,85 | 67,85 | 746,927 |   NaN | NaN | 0,00 | 0,00 | NaN
  34 |  0,00 | 3,588 | 629,61 | 629,61 | 656,86 |  0,00 | 0,311 | 44,35 | 44,35 |  0,00 | 0,323 | 261,34 | 261,34 |  0,00 | 0,436 | 256,07 | 256,07 |  0,00 | 95,599 | 67,85 | 67,85 | 513,910 |   NaN | NaN | 0,00 | 0,00 | NaN
  35 |  0,00 | 2,621 | 640,68 | 640,68 | 667,18 |  0,00 | 0,260 | 44,35 | 44,35 |  0,00 | 0,276 | 264,45 | 264,45 |  0,00 | 0,478 | 264,02 | 264,02 |  0,00 | 68,611 | 67,85 | 67,85 | 307,874 |   NaN | NaN | 0,00 | 0,00 | NaN
  36 |  0,00 | 4,639 | 632,41 | 632,41 | 659,97 |  0,00 | 0,314 | 44,35 | 44,35 |  0,00 | 0,366 | 257,51 | 257,51 |  0,00 | 0,479 | 262,70 | 262,70 |  0,00 | 126,130 | 67,85 | 67,85 | 627,033 |   NaN | NaN | 0,00 | 0,00 | NaN
  37 |  0,00 | 10,048 | 642,39 | 642,39 | 669,06 |  0,00 | 0,296 | 44,35 | 44,35 |  0,00 | 0,727 | 266,88 | 266,88 |  0,00 | 1,819 | 263,31 | 263,31 |  0,00 | 275,903 | 67,85 | 67,85 | 716,242 |   NaN | NaN | 0,00 | 0,00 | NaN
  38 |  0,00 | 7,435 | 635,71 | 635,71 | 662,27 |  0,00 | 0,288 | 44,35 | 44,35 |  0,00 | 0,479 | 262,90 | 262,90 |  0,00 | 0,686 | 260,61 | 260,61 |  0,00 | 207,206 | 67,85 | 67,85 | 746,672 |   NaN | NaN | 0,00 | 0,00 | NaN
  39 |  0,00 | 9,431 | 630,43 | 630,43 | 661,82 |  0,00 | 0,331 | 44,35 | 44,35 |  0,00 | 0,601 | 260,14 | 260,14 |  0,00 | 1,223 | 258,09 | 258,09 |  0,00 | 259,536 | 67,85 | 67,85 | 739,167 |   NaN | NaN | 0,00 | 0,00 | NaN
  40 |  0,00 | 5,498 | 631,64 | 631,64 | 663,09 |  0,00 | 0,331 | 44,35 | 44,35 |  0,00 | 0,404 | 260,38 | 260,38 |  0,00 | 0,481 | 259,06 | 259,06 |  0,00 | 150,810 | 67,85 | 67,85 | 697,900 |   NaN | NaN | 0,00 | 0,00 | NaN
  41 |  0,00 | 10,713 | 639,12 | 639,12 | 666,80 |  0,00 | 0,314 | 44,35 | 44,35 |  0,00 | 0,759 | 261,23 | 261,23 |  0,00 | 2,763 | 265,68 | 265,68 |  0,00 | 287,259 | 67,85 | 67,85 | 678,752 |   NaN | NaN | 0,00 | 0,00 | NaN
  42 |  0,00 | 10,419 | 641,60 | 641,60 | 668,12 |  0,00 | 0,260 | 44,35 | 44,35 |  0,00 | 0,686 | 264,31 | 264,31 |  0,00 | 1,761 | 265,09 | 265,09 |  0,00 | 287,916 | 67,85 | 67,85 | 699,765 |   NaN | NaN | 0,00 | 0,00 | NaN
  43 |  0,00 | 9,617 | 641,07 | 641,07 | 671,87 |  0,00 | 0,338 | 44,35 | 44,35 |  0,00 | 0,509 | 264,04 | 264,04 |  0,00 | 1,058 | 264,83 | 264,83 |  0,00 | 269,318 | 67,85 | 67,85 | 754,321 |   NaN | NaN | 0,00 | 0,00 | NaN
  44 |  0,00 | 10,186 | 642,40 | 642,40 | 668,81 |  0,00 | 0,251 | 44,35 | 44,35 |  0,00 | 0,494 | 263,12 | 263,12 |  0,00 | 2,172 | 267,08 | 267,08 |  0,00 | 279,641 | 67,85 | 67,85 | 659,939 |   NaN | NaN | 0,00 | 0,00 | NaN
  45 |  0,00 | 10,337 | 640,01 | 640,01 | 672,55 |  0,00 | 0,335 | 44,35 | 44,35 |  0,00 | 0,653 | 268,16 | 268,16 |  0,00 | 2,253 | 259,65 | 259,65 |  0,00 | 280,875 | 67,85 | 67,85 | 683,835 |   NaN | NaN | 0,00 | 0,00 | NaN
  46 |  0,00 | 9,604 | 633,29 | 633,29 | 659,86 |  0,00 | 0,274 | 44,35 | 44,35 |  0,00 | 0,420 | 257,84 | 257,84 |  0,00 | 1,338 | 263,25 | 263,25 |  0,00 | 266,507 | 67,85 | 67,85 | 740,692 |   NaN | NaN | 0,00 | 0,00 | NaN
  47 |  0,00 | 10,423 | 631,69 | 631,69 | 658,23 |  0,00 | 0,272 | 44,35 | 44,35 |  0,00 | 0,566 | 261,98 | 261,98 |  0,00 | 2,549 | 257,52 | 257,52 |  0,00 | 280,629 | 67,85 | 67,85 | 641,521 |   NaN | NaN | 0,00 | 0,00 | NaN
  48 |  0,00 | 10,499 | 632,33 | 632,33 | 659,11 |  0,00 | 0,301 | 44,35 | 44,35 |  0,00 | 0,685 | 259,15 | 259,15 |  0,00 | 1,808 | 260,98 | 260,98 |  0,00 | 286,964 | 67,85 | 67,85 | 668,150 |   NaN | NaN | 0,00 | 0,00 | NaN
  49 |  0,00 | 10,322 | 632,40 | 632,40 | 659,94 |  0,00 | 0,314 | 44,35 | 44,35 |  0,00 | 0,910 | 260,73 | 260,73 |  0,00 | 2,232 | 259,47 | 259,47 |  0,00 | 276,992 | 67,85 | 67,85 | 633,010 |   NaN | NaN | 0,00 | 0,00 | NaN
  50 |  0,00 | 9,424 | 635,46 | 635,46 | 661,99 |  0,00 | 0,268 | 44,35 | 44,35 |  0,00 | 0,416 | 263,04 | 263,04 |  0,00 | 1,062 | 260,22 | 260,22 |  0,00 | 263,908 | 67,85 | 67,85 | 756,187 |   NaN | NaN | 0,00 | 0,00 | NaN
  51 |  0,00 | 10,466 | 634,78 | 634,78 | 661,33 |  0,00 | 0,266 | 44,35 | 44,35 |  0,00 | 0,429 | 259,58 | 259,58 |  0,00 | 2,372 | 263,00 | 263,00 |  0,00 | 284,842 | 67,85 | 67,85 | 673,834 |   NaN | NaN | 0,00 | 0,00 | NaN
  52 |  0,00 | 10,344 | 635,48 | 635,48 | 662,14 |  0,00 | 0,292 | 44,35 | 44,35 |  0,00 | 0,492 | 258,71 | 258,71 |  0,00 | 1,788 | 264,57 | 264,57 |  0,00 | 284,824 | 67,85 | 67,85 | 690,492 |   NaN | NaN | 0,00 | 0,00 | NaN
  53 |  0,00 | 10,274 | 637,63 | 637,63 | 664,18 |  0,00 | 0,279 | 44,35 | 44,35 |  0,00 | 0,804 | 262,24 | 262,24 |  0,00 | 2,135 | 263,19 | 263,19 |  0,00 | 278,785 | 67,85 | 67,85 | 726,092 |   NaN | NaN | 0,00 | 0,00 | NaN
  54 |  0,00 | 10,493 | 631,69 | 631,69 | 658,27 |  0,00 | 0,282 | 44,35 | 44,35 |  0,00 | 0,774 | 261,98 | 261,98 |  0,00 | 1,733 | 257,50 | 257,50 |  0,00 | 286,878 | 67,85 | 67,85 | 691,521 |   NaN | NaN | 0,00 | 0,00 | NaN
  55 |  0,00 | 7,510 | 637,34 | 637,34 | 663,90 |  0,00 | 0,267 | 44,35 | 44,35 |  0,00 | 0,359 | 261,79 | 261,79 |  0,00 | 0,690 | 263,34 | 263,34 |  0,00 | 210,824 | 67,85 | 67,85 | 745,494 |   NaN | NaN | 0,00 | 0,00 | NaN
  56 |  0,00 | 10,662 | 631,78 | 631,78 | 658,33 |  0,00 | 0,273 | 44,35 | 44,35 |  0,00 | 0,676 | 260,72 | 260,72 |  0,00 | 2,642 | 258,86 | 258,86 |  0,00 | 286,180 | 67,85 | 67,85 | 670,370 |   NaN | NaN | 0,00 | 0,00 | NaN
  57 |  0,00 | 10,095 | 636,03 | 636,03 | 662,60 |  0,00 | 0,270 | 44,35 | 44,35 |  0,00 | 0,946 | 260,95 | 260,95 |  0,00 | 1,851 | 262,89 | 262,89 |  0,00 | 274,234 | 67,85 | 67,85 | 639,504 |   NaN | NaN | 0,00 | 0,00 | NaN
  58 |  0,00 | 10,095 | 636,40 | 636,40 | 663,16 |  0,00 | 0,299 | 44,35 | 44,35 |  0,00 | 0,606 | 263,32 | 263,32 |  0,00 | 2,744 | 260,88 | 260,88 |  0,00 | 269,972 | 67,85 | 67,85 | 632,371 |   NaN | NaN | 0,00 | 0,00 | NaN
  59 |  0,00 | 4,116 | 641,21 | 641,21 | 669,24 |  0,00 | 0,318 | 44,35 | 44,35 |  0,00 | 0,370 | 261,98 | 261,98 |  0,00 | 0,504 | 267,03 | 267,03 |  0,00 | 111,371 | 67,85 | 67,85 | 570,240 |   NaN | NaN | 0,00 | 0,00 | NaN
  60 |  0,00 | 10,421 | 637,85 | 637,85 | 664,31 |  0,00 | 0,253 | 44,35 | 44,35 |  0,00 | 0,551 | 263,07 | 263,07 |  0,00 | 2,459 | 262,58 | 262,58 |  0,00 | 283,061 | 67,85 | 67,85 | 673,558 |   NaN | NaN | 0,00 | 0,00 | NaN
  61 |  0,00 | 9,700 | 641,11 | 641,11 | 667,69 |  0,00 | 0,275 | 44,35 | 44,35 |  0,00 | 0,465 | 264,77 | 264,77 |  0,00 | 1,322 | 264,13 | 264,13 |  0,00 | 271,074 | 67,85 | 67,85 | 724,591 |   NaN | NaN | 0,00 | 0,00 | NaN
  62 |  0,00 | 10,453 | 638,72 | 638,72 | 671,97 |  0,00 | 0,337 | 44,35 | 44,35 |  0,00 | 0,949 | 261,72 | 261,72 |  0,00 | 2,654 | 264,80 | 264,80 |  0,00 | 278,630 | 67,85 | 67,85 | 659,321 |   NaN | NaN | 0,00 | 0,00 | NaN
  63 |  0,00 | 8,112 | 639,77 | 639,77 | 666,40 |  0,00 | 0,292 | 44,35 | 44,35 |  0,00 | 0,546 | 265,14 | 265,14 |  0,00 | 1,582 | 262,43 | 262,43 |  0,00 | 220,972 | 67,85 | 67,85 | 746,351 |   NaN | NaN | 0,00 | 0,00 | NaN
  64 |  0,00 | 10,676 | 630,62 | 630,62 | 663,58 |  0,00 | 0,335 | 44,35 | 44,35 |  0,00 | 0,650 | 260,24 | 260,24 |  0,00 | 2,100 | 258,18 | 258,18 |  0,00 | 289,477 | 67,85 | 67,85 | 697,452 |   NaN | NaN | 0,00 | 0,00 | NaN

= = = = = = = = = = = = AVERAGE RESULTS system = = = = = = = = = = = =
meanPLR_system | 0,000000 
meanDelay_system | 6,560519 
meanLoad_system | 636,830826 
meanTHR_system | 636,830826 
meanGate_system | 664,803977 

meanPLR_EF_system | 0,000000 
meanPLR_AF_system | 0,000000 
meanPLR_BE_system | 0,000000 
meanPLR_FLA_system | 0,000000 
meanPLR_FLB_system | NaN 

meanTHR_EF_system | 44,352003 
meanTHR_AF_system | 262,455743 
meanTHR_BE_system | 262,174562 
meanTHR_FLA_system | 69,523615 
meanTHR_FLB_system | 0,000000 

meanLoad_EF_system | 44,352003 
meanLoad_AF_system | 262,455743 
meanLoad_BE_system | 262,174562 
meanLoad_FLA_system | 69,523615 
meanLoad_FLB_system | 0,000000 

meanDELAY_EF_system | 0,296801 
meanDELAY_AF_system | 0,573887 
meanDELAY_BE_system | 1,339142 
meanDELAY_FLA_system | 175,847326 
meanDELAY_FLB_system | NaN 
meanDELAY_CompleteFLA_system | 486,392544 
meanDELAY_CompleteFLB_system | NaN 

= = = = = = = = = = = = AVERAGE RESULTS = = = = = = = = = = = =
Packet Loss Ratio: 00,00 (%)
PROCESSED PACKAGES: 1332699747 
DISCARTED PACKAGES: 0 
TOTAL PACKAGES: 1332699747 
AVERAGE DELAY: 1096,50 (ms) 
AVERAGE THROUGHPUT: 636,83 (Mbps) 
GRANTED THROUGHPUT: 42547,45 (Mbps) By 64 ONUs
EFFECTIVE THROUGHPUT: 40757,17 (Mbps) By 64 ONUs
TOTAL LOAD: 40757,17 (Mbps) By 64 ONUs
ON Arrival THROUGHPUT: 0,00 (Mbps) By 64 ONUs
FINISHTIMEFL: 121,512669 
FINISHTIME: 124,512669 


fileName | IPACT_LBVARIBLETOKENSBYCYCLE_2_40_70_0 
