
ONU ID 	|  PLR(%) | Delay(ms) | Throughput(Mbps) | Granted Throughput(Mbps) | Total Load (Mbps) 

  ID |  PLR(%) |  D  | Thr |  Gates  |  Load  | PLR-EF | D-EF | ThrEF | LoadEF | PLR-AF | D-AF | ThrAF | LoadAF | PLR-BE | D-BE | ThrBE | LoadBE | PLR-FA | D-FA | ThrFA | LoadFA | DTFA |  PLR-FB | D-FB | ThrFB | LoadFB | DTFB | 
   1 | 13,73 | 300,776 | 752,82 | 872,61 | 758,16 |  0,00 | 1,408 | 44,35 | 44,35 |  0,00 | 54,045 | 358,49 | 358,49 | 34,48 | 1396,855 | 227,62 | 347,40 |  0,00 | 139,111 | 122,36 | 122,36 | 298,410 |   NaN | NaN | 0,00 | 0,00 | NaN
   2 | 13,52 | 293,169 | 753,67 | 871,51 | 758,96 |  0,00 | 1,420 | 44,35 | 44,35 |  0,00 | 54,529 | 350,99 | 350,99 | 33,31 | 1312,419 | 235,96 | 353,80 |  0,00 | 139,076 | 122,36 | 122,36 | 298,370 |   NaN | NaN | 0,00 | 0,00 | NaN
   3 | 13,99 | 297,790 | 753,72 | 876,34 | 759,03 |  0,00 | 1,356 | 44,35 | 44,35 |  0,00 | 59,118 | 356,24 | 356,24 | 34,70 | 1357,123 | 230,77 | 353,39 |  0,00 | 139,013 | 122,36 | 122,36 | 298,308 |   NaN | NaN | 0,00 | 0,00 | NaN
   4 | 14,16 | 296,816 | 753,28 | 877,50 | 758,58 |  0,00 | 1,362 | 44,35 | 44,35 |  0,00 | 59,754 | 360,39 | 360,39 | 35,45 | 1376,961 | 226,18 | 350,40 |  0,00 | 139,049 | 122,36 | 122,36 | 298,371 |   NaN | NaN | 0,00 | 0,00 | NaN
   5 | 13,14 | 296,923 | 754,56 | 868,69 | 759,88 |  0,00 | 1,387 | 44,35 | 44,35 |  0,00 | 60,293 | 352,49 | 352,49 | 32,66 | 1326,280 | 235,36 | 349,49 |  0,00 | 138,968 | 122,36 | 122,36 | 298,246 |   NaN | NaN | 0,00 | 0,00 | NaN
   6 | 13,95 | 297,421 | 754,95 | 877,38 | 760,20 |  0,00 | 1,336 | 44,35 | 44,35 |  0,00 | 54,534 | 356,46 | 356,46 | 34,56 | 1357,788 | 231,77 | 354,20 |  0,00 | 139,043 | 122,36 | 122,36 | 298,343 |   NaN | NaN | 0,00 | 0,00 | NaN
   7 | 13,51 | 299,847 | 754,15 | 871,91 | 759,48 |  0,00 | 1,354 | 44,35 | 44,35 |  0,00 | 54,076 | 352,99 | 352,99 | 33,43 | 1354,876 | 234,45 | 352,20 |  0,00 | 139,052 | 122,36 | 122,36 | 298,357 |   NaN | NaN | 0,00 | 0,00 | NaN
   8 | 14,18 | 301,746 | 752,67 | 877,00 | 757,94 |  0,00 | 1,404 | 44,35 | 44,35 |  0,00 | 53,337 | 353,17 | 353,17 | 34,81 | 1372,946 | 232,79 | 357,11 |  0,00 | 139,102 | 122,36 | 122,36 | 298,399 |   NaN | NaN | 0,00 | 0,00 | NaN
   9 | 13,66 | 299,272 | 755,17 | 874,65 | 760,43 |  0,00 | 1,344 | 44,35 | 44,35 |  0,00 | 59,077 | 356,35 | 356,35 | 33,98 | 1358,240 | 232,10 | 351,58 |  0,00 | 139,067 | 122,36 | 122,36 | 298,363 |   NaN | NaN | 0,00 | 0,00 | NaN
  10 | 13,41 | 298,615 | 755,23 | 872,20 | 760,52 |  0,00 | 1,405 | 44,35 | 44,35 |  0,00 | 60,377 | 353,98 | 353,98 | 33,28 | 1339,749 | 234,53 | 351,51 |  0,00 | 139,128 | 122,36 | 122,36 | 298,442 |   NaN | NaN | 0,00 | 0,00 | NaN
  11 | 12,75 | 295,420 | 753,77 | 863,95 | 759,07 |  0,00 | 1,345 | 44,35 | 44,35 |  0,00 | 54,942 | 346,02 | 346,02 | 31,37 | 1297,128 | 241,04 | 351,21 |  0,00 | 138,955 | 122,36 | 122,36 | 298,130 |   NaN | NaN | 0,00 | 0,00 | NaN
  12 | 13,80 | 302,524 | 754,86 | 875,73 | 760,19 |  0,00 | 1,407 | 44,35 | 44,35 |  0,00 | 56,304 | 353,90 | 353,90 | 34,04 | 1366,119 | 234,25 | 355,11 |  0,00 | 139,076 | 122,36 | 122,36 | 298,351 |   NaN | NaN | 0,00 | 0,00 | NaN
  13 | 12,80 | 297,987 | 753,92 | 864,57 | 759,16 |  0,00 | 1,372 | 44,35 | 44,35 |  0,00 | 58,984 | 348,03 | 348,03 | 31,63 | 1312,818 | 239,18 | 349,83 |  0,00 | 139,145 | 122,36 | 122,36 | 298,435 |   NaN | NaN | 0,00 | 0,00 | NaN
  14 | 14,05 | 299,242 | 753,96 | 877,21 | 759,23 |  0,00 | 1,413 | 44,35 | 44,35 |  0,00 | 57,743 | 355,81 | 355,81 | 34,75 | 1362,783 | 231,44 | 354,68 |  0,00 | 139,032 | 122,36 | 122,36 | 298,296 |   NaN | NaN | 0,00 | 0,00 | NaN
  15 | 13,39 | 300,471 | 753,00 | 869,45 | 758,33 |  0,00 | 1,407 | 44,35 | 44,35 |  0,00 | 59,775 | 348,62 | 348,62 | 32,89 | 1330,989 | 237,66 | 354,12 |  0,00 | 139,085 | 122,36 | 122,36 | 298,383 |   NaN | NaN | 0,00 | 0,00 | NaN
  16 | 14,24 | 302,495 | 754,42 | 879,71 | 759,74 |  0,00 | 1,398 | 44,35 | 44,35 |  0,00 | 57,522 | 354,15 | 354,15 | 34,91 | 1367,704 | 233,56 | 358,85 |  0,00 | 139,110 | 122,36 | 122,36 | 298,406 |   NaN | NaN | 0,00 | 0,00 | NaN
  17 | 13,76 | 299,794 | 754,06 | 874,41 | 759,41 |  0,00 | 1,411 | 44,35 | 44,35 |  0,00 | 53,810 | 353,11 | 353,11 | 33,94 | 1356,070 | 234,24 | 354,59 |  0,00 | 139,127 | 122,36 | 122,36 | 298,438 |   NaN | NaN | 0,00 | 0,00 | NaN
  18 | 13,51 | 298,297 | 754,18 | 872,02 | 759,45 |  0,00 | 1,388 | 44,35 | 44,35 |  0,00 | 54,268 | 352,22 | 352,22 | 33,38 | 1343,013 | 235,24 | 353,09 |  0,00 | 138,587 | 122,36 | 122,36 | 297,732 |   NaN | NaN | 0,00 | 0,00 | NaN
  19 | 12,81 | 297,126 | 754,97 | 865,88 | 760,19 |  0,00 | 1,379 | 44,35 | 44,35 |  0,00 | 61,104 | 347,67 | 347,67 | 31,55 | 1299,169 | 240,59 | 351,50 |  0,00 | 138,940 | 122,36 | 122,36 | 298,142 |   NaN | NaN | 0,00 | 0,00 | NaN
  20 | 12,95 | 295,399 | 754,44 | 866,66 | 759,75 |  0,00 | 1,374 | 44,35 | 44,35 |  0,00 | 57,033 | 352,27 | 352,27 | 32,28 | 1323,393 | 235,46 | 347,67 |  0,00 | 138,902 | 122,36 | 122,36 | 298,081 |   NaN | NaN | 0,00 | 0,00 | NaN
  21 | 12,63 | 292,098 | 752,27 | 861,05 | 757,59 |  0,00 | 1,379 | 44,35 | 44,35 |  0,00 | 56,816 | 348,32 | 348,32 | 31,44 | 1295,826 | 237,24 | 346,01 |  0,00 | 139,078 | 122,36 | 122,36 | 298,379 |   NaN | NaN | 0,00 | 0,00 | NaN
  22 | 14,16 | 301,032 | 754,58 | 879,02 | 759,89 |  0,00 | 1,417 | 44,35 | 44,35 |  0,00 | 62,457 | 361,55 | 361,55 | 35,48 | 1393,760 | 226,32 | 350,76 |  0,00 | 139,010 | 122,36 | 122,36 | 298,280 |   NaN | NaN | 0,00 | 0,00 | NaN
  23 | 13,94 | 296,934 | 753,43 | 875,48 | 758,70 |  0,00 | 1,400 | 44,35 | 44,35 |  0,00 | 60,426 | 354,58 | 354,58 | 34,46 | 1343,062 | 232,13 | 354,19 |  0,00 | 139,035 | 122,36 | 122,36 | 298,228 |   NaN | NaN | 0,00 | 0,00 | NaN
  24 | 13,73 | 301,683 | 754,34 | 874,35 | 759,66 |  0,00 | 1,361 | 44,35 | 44,35 |  0,00 | 55,479 | 353,19 | 353,19 | 33,86 | 1361,642 | 234,44 | 354,45 |  0,00 | 139,071 | 122,36 | 122,36 | 298,362 |   NaN | NaN | 0,00 | 0,00 | NaN
  25 | 14,81 | 301,620 | 753,47 | 884,41 | 758,76 |  0,00 | 1,419 | 44,35 | 44,35 |  0,00 | 58,556 | 353,16 | 353,16 | 35,92 | 1359,876 | 233,60 | 364,54 |  0,00 | 139,075 | 122,36 | 122,36 | 298,379 |   NaN | NaN | 0,00 | 0,00 | NaN
  26 | 13,36 | 294,985 | 754,49 | 870,82 | 759,85 |  0,00 | 1,415 | 44,35 | 44,35 |  0,00 | 58,790 | 351,22 | 351,22 | 32,97 | 1312,949 | 236,56 | 352,89 |  0,00 | 139,073 | 122,36 | 122,36 | 298,366 |   NaN | NaN | 0,00 | 0,00 | NaN
  27 | 12,75 | 299,329 | 754,91 | 865,25 | 760,15 |  0,00 | 1,341 | 44,35 | 44,35 |  0,00 | 59,180 | 352,50 | 352,50 | 31,89 | 1339,088 | 235,70 | 346,03 |  0,00 | 138,222 | 122,36 | 122,36 | 297,275 |   NaN | NaN | 0,00 | 0,00 | NaN
  28 | 13,03 | 298,362 | 752,96 | 865,80 | 758,26 |  0,00 | 1,408 | 44,35 | 44,35 |  0,00 | 54,979 | 352,11 | 352,11 | 32,52 | 1346,542 | 234,14 | 346,98 |  0,00 | 139,072 | 122,36 | 122,36 | 298,237 |   NaN | NaN | 0,00 | 0,00 | NaN
  29 | 13,68 | 298,753 | 755,31 | 875,06 | 760,57 |  0,00 | 1,387 | 44,35 | 44,35 |  0,00 | 61,452 | 355,41 | 355,41 | 33,93 | 1346,059 | 233,19 | 352,94 |  0,00 | 138,974 | 122,36 | 122,36 | 298,155 |   NaN | NaN | 0,00 | 0,00 | NaN
  30 | 12,59 | 301,270 | 754,97 | 863,67 | 760,26 |  0,00 | 1,417 | 44,35 | 44,35 |  0,00 | 60,017 | 346,93 | 346,93 | 31,05 | 1317,666 | 241,33 | 350,03 |  0,00 | 138,931 | 122,36 | 122,36 | 298,117 |   NaN | NaN | 0,00 | 0,00 | NaN
  31 | 13,36 | 299,458 | 753,31 | 869,52 | 758,57 |  0,00 | 1,384 | 44,35 | 44,35 |  0,00 | 58,159 | 351,51 | 351,51 | 33,08 | 1342,860 | 235,08 | 351,29 |  0,00 | 138,981 | 122,36 | 122,36 | 298,158 |   NaN | NaN | 0,00 | 0,00 | NaN
  32 | 12,94 | 297,670 | 754,08 | 866,12 | 759,31 |  0,00 | 1,341 | 44,35 | 44,35 |  0,00 | 57,423 | 348,57 | 348,57 | 31,94 | 1316,162 | 238,80 | 350,84 |  0,00 | 138,882 | 122,36 | 122,36 | 298,042 |   NaN | NaN | 0,00 | 0,00 | NaN
  33 | 12,99 | 296,600 | 755,68 | 868,47 | 760,93 |  0,00 | 1,406 | 44,35 | 44,35 |  0,00 | 54,919 | 348,06 | 348,06 | 31,89 | 1304,482 | 240,91 | 353,70 |  0,00 | 138,998 | 122,36 | 122,36 | 298,186 |   NaN | NaN | 0,00 | 0,00 | NaN
  34 | 12,39 | 298,834 | 754,85 | 861,60 | 760,11 |  0,00 | 1,397 | 44,35 | 44,35 |  0,00 | 60,277 | 350,21 | 350,21 | 30,97 | 1322,990 | 237,93 | 344,68 |  0,00 | 137,893 | 122,36 | 122,36 | 296,677 |   NaN | NaN | 0,00 | 0,00 | NaN
  35 | 13,68 | 295,406 | 756,06 | 875,92 | 761,30 |  0,00 | 1,347 | 44,35 | 44,35 |  0,00 | 54,422 | 355,04 | 355,04 | 33,84 | 1336,007 | 234,31 | 354,17 |  0,00 | 137,150 | 122,36 | 122,36 | 294,651 |   NaN | NaN | 0,00 | 0,00 | NaN
  36 | 12,84 | 298,412 | 755,04 | 866,27 | 760,34 |  0,00 | 1,400 | 44,35 | 44,35 |  0,00 | 54,609 | 346,08 | 346,08 | 31,47 | 1306,518 | 242,25 | 353,48 |  0,00 | 138,413 | 122,36 | 122,36 | 297,527 |   NaN | NaN | 0,00 | 0,00 | NaN
  37 | 14,14 | 300,763 | 755,01 | 879,37 | 760,26 |  0,00 | 1,382 | 44,35 | 44,35 |  0,00 | 56,274 | 358,91 | 358,91 | 35,15 | 1385,675 | 229,39 | 353,75 |  0,00 | 138,973 | 122,36 | 122,36 | 298,142 |   NaN | NaN | 0,00 | 0,00 | NaN
  38 | 13,22 | 295,420 | 755,34 | 870,40 | 760,63 |  0,00 | 1,374 | 44,35 | 44,35 |  0,00 | 62,026 | 354,26 | 354,26 | 32,93 | 1322,635 | 234,37 | 349,43 |  0,00 | 138,940 | 122,36 | 122,36 | 298,110 |   NaN | NaN | 0,00 | 0,00 | NaN
  39 | 12,75 | 300,796 | 753,06 | 863,12 | 758,40 |  0,00 | 1,417 | 44,35 | 44,35 |  0,00 | 61,057 | 349,30 | 349,30 | 31,71 | 1333,104 | 237,05 | 347,11 |  0,00 | 139,022 | 122,36 | 122,36 | 298,208 |   NaN | NaN | 0,00 | 0,00 | NaN
  40 | 12,88 | 296,120 | 753,73 | 865,12 | 759,04 |  0,00 | 1,417 | 44,35 | 44,35 |  0,00 | 54,965 | 349,54 | 349,54 | 31,93 | 1319,314 | 237,47 | 348,86 |  0,00 | 138,523 | 122,36 | 122,36 | 297,657 |   NaN | NaN | 0,00 | 0,00 | NaN
  41 | 14,07 | 300,969 | 752,84 | 876,13 | 758,11 |  0,00 | 1,400 | 44,35 | 44,35 |  0,00 | 60,783 | 352,08 | 352,08 | 34,50 | 1350,649 | 234,05 | 357,34 |  0,00 | 139,012 | 122,36 | 122,36 | 298,196 |   NaN | NaN | 0,00 | 0,00 | NaN
  42 | 13,84 | 300,771 | 752,85 | 873,74 | 758,10 |  0,00 | 1,346 | 44,35 | 44,35 |  0,00 | 58,857 | 352,32 | 352,32 | 34,08 | 1354,271 | 233,82 | 354,71 |  0,00 | 138,912 | 122,36 | 122,36 | 298,088 |   NaN | NaN | 0,00 | 0,00 | NaN
  43 | 13,92 | 301,439 | 754,08 | 876,04 | 759,41 |  0,00 | 1,424 | 44,35 | 44,35 |  0,00 | 55,355 | 353,29 | 353,29 | 34,26 | 1362,727 | 234,07 | 356,04 |  0,00 | 139,001 | 122,36 | 122,36 | 298,187 |   NaN | NaN | 0,00 | 0,00 | NaN
  44 | 14,21 | 300,160 | 754,03 | 878,90 | 759,30 |  0,00 | 1,337 | 44,35 | 44,35 |  0,00 | 60,790 | 353,69 | 353,69 | 34,83 | 1350,137 | 233,63 | 358,50 |  0,00 | 138,965 | 122,36 | 122,36 | 298,124 |   NaN | NaN | 0,00 | 0,00 | NaN
  45 | 13,93 | 301,075 | 753,93 | 876,00 | 759,28 |  0,00 | 1,421 | 44,35 | 44,35 |  0,00 | 56,965 | 360,66 | 360,66 | 35,01 | 1401,126 | 226,56 | 348,62 |  0,00 | 138,986 | 122,36 | 122,36 | 298,160 |   NaN | NaN | 0,00 | 0,00 | NaN
  46 | 13,16 | 294,700 | 752,96 | 867,06 | 758,23 |  0,00 | 1,360 | 44,35 | 44,35 |  0,00 | 53,441 | 346,75 | 346,75 | 32,27 | 1302,982 | 239,50 | 353,60 |  0,00 | 138,907 | 122,36 | 122,36 | 298,097 |   NaN | NaN | 0,00 | 0,00 | NaN
  47 | 12,48 | 298,951 | 755,41 | 863,12 | 760,71 |  0,00 | 1,358 | 44,35 | 44,35 |  0,00 | 57,081 | 351,59 | 351,59 | 31,24 | 1332,707 | 237,10 | 344,81 |  0,00 | 138,956 | 122,36 | 122,36 | 298,124 |   NaN | NaN | 0,00 | 0,00 | NaN
  48 | 12,83 | 292,987 | 752,80 | 863,64 | 758,10 |  0,00 | 1,387 | 44,35 | 44,35 |  0,00 | 55,569 | 348,09 | 348,09 | 31,78 | 1298,644 | 237,99 | 348,84 |  0,00 | 139,052 | 122,36 | 122,36 | 298,216 |   NaN | NaN | 0,00 | 0,00 | NaN
  49 | 12,54 | 298,569 | 754,62 | 862,85 | 759,90 |  0,00 | 1,400 | 44,35 | 44,35 |  0,00 | 56,116 | 347,88 | 347,88 | 31,08 | 1316,098 | 240,02 | 348,26 |  0,00 | 139,010 | 122,36 | 122,36 | 298,172 |   NaN | NaN | 0,00 | 0,00 | NaN
  50 | 13,26 | 299,865 | 754,12 | 869,44 | 759,41 |  0,00 | 1,354 | 44,35 | 44,35 |  0,00 | 58,795 | 353,87 | 353,87 | 33,06 | 1352,186 | 233,54 | 348,86 |  0,00 | 138,990 | 122,36 | 122,36 | 298,149 |   NaN | NaN | 0,00 | 0,00 | NaN
  51 | 12,95 | 299,108 | 753,80 | 865,97 | 759,05 |  0,00 | 1,352 | 44,35 | 44,35 |  0,00 | 61,070 | 348,08 | 348,08 | 31,94 | 1316,029 | 239,01 | 351,18 |  0,00 | 138,971 | 122,36 | 122,36 | 298,150 |   NaN | NaN | 0,00 | 0,00 | NaN
  52 | 13,27 | 300,787 | 753,86 | 869,21 | 759,09 |  0,00 | 1,379 | 44,35 | 44,35 |  0,00 | 55,985 | 347,94 | 347,94 | 32,53 | 1330,325 | 239,21 | 354,56 |  0,00 | 139,048 | 122,36 | 122,36 | 298,214 |   NaN | NaN | 0,00 | 0,00 | NaN
  53 | 13,57 | 304,567 | 753,72 | 872,09 | 759,02 |  0,00 | 1,366 | 44,35 | 44,35 |  0,00 | 54,402 | 350,83 | 350,83 | 33,38 | 1366,855 | 236,18 | 354,54 |  0,00 | 138,960 | 122,36 | 122,36 | 298,127 |   NaN | NaN | 0,00 | 0,00 | NaN
  54 | 12,58 | 298,763 | 754,61 | 863,20 | 759,85 |  0,00 | 1,368 | 44,35 | 44,35 |  0,00 | 62,325 | 352,13 | 352,13 | 31,53 | 1330,218 | 235,76 | 344,36 |  0,00 | 138,902 | 122,36 | 122,36 | 298,056 |   NaN | NaN | 0,00 | 0,00 | NaN
  55 | 13,22 | 301,083 | 755,35 | 870,46 | 760,67 |  0,00 | 1,353 | 44,35 | 44,35 |  0,00 | 55,208 | 350,36 | 350,36 | 32,57 | 1340,507 | 238,27 | 353,38 |  0,00 | 138,724 | 122,36 | 122,36 | 297,893 |   NaN | NaN | 0,00 | 0,00 | NaN
  56 | 12,79 | 295,429 | 752,77 | 863,12 | 758,01 |  0,00 | 1,359 | 44,35 | 44,35 |  0,00 | 55,715 | 350,07 | 350,07 | 31,86 | 1320,843 | 235,98 | 346,34 |  0,00 | 139,034 | 122,36 | 122,36 | 298,213 |   NaN | NaN | 0,00 | 0,00 | NaN
  57 | 12,99 | 296,480 | 754,98 | 867,74 | 760,22 |  0,00 | 1,356 | 44,35 | 44,35 |  0,00 | 57,492 | 349,79 | 349,79 | 32,10 | 1312,165 | 238,48 | 351,24 |  0,00 | 139,040 | 122,36 | 122,36 | 298,227 |   NaN | NaN | 0,00 | 0,00 | NaN
  58 | 13,40 | 298,932 | 753,88 | 870,50 | 759,12 |  0,00 | 1,385 | 44,35 | 44,35 |  0,00 | 54,788 | 353,36 | 353,36 | 33,28 | 1351,899 | 233,81 | 350,43 |  0,00 | 138,996 | 122,36 | 122,36 | 298,158 |   NaN | NaN | 0,00 | 0,00 | NaN
  59 | 13,77 | 299,068 | 755,83 | 876,57 | 761,14 |  0,00 | 1,404 | 44,35 | 44,35 |  0,00 | 55,377 | 351,02 | 351,02 | 33,65 | 1331,062 | 238,09 | 358,84 |  0,00 | 138,452 | 122,36 | 122,36 | 297,548 |   NaN | NaN | 0,00 | 0,00 | NaN
  60 | 13,36 | 298,348 | 754,40 | 870,70 | 759,63 |  0,00 | 1,339 | 44,35 | 44,35 |  0,00 | 60,478 | 352,87 | 352,87 | 33,12 | 1336,539 | 234,82 | 351,12 |  0,00 | 138,900 | 122,36 | 122,36 | 298,068 |   NaN | NaN | 0,00 | 0,00 | NaN
  61 | 13,93 | 302,086 | 754,16 | 876,18 | 759,43 |  0,00 | 1,361 | 44,35 | 44,35 |  0,00 | 56,391 | 355,62 | 355,62 | 34,48 | 1376,690 | 231,83 | 353,85 |  0,00 | 138,961 | 122,36 | 122,36 | 298,139 |   NaN | NaN | 0,00 | 0,00 | NaN
  62 | 13,67 | 298,218 | 753,57 | 872,91 | 758,90 |  0,00 | 1,423 | 44,35 | 44,35 |  0,00 | 58,718 | 352,02 | 352,02 | 33,70 | 1336,639 | 234,84 | 354,19 |  0,00 | 139,015 | 122,36 | 122,36 | 298,172 |   NaN | NaN | 0,00 | 0,00 | NaN
  63 | 13,70 | 298,081 | 754,72 | 874,51 | 760,03 |  0,00 | 1,378 | 44,35 | 44,35 |  0,00 | 56,570 | 356,33 | 356,33 | 34,08 | 1358,948 | 231,68 | 351,46 |  0,00 | 138,854 | 122,36 | 122,36 | 298,047 |   NaN | NaN | 0,00 | 0,00 | NaN
  64 | 12,62 | 296,762 | 754,98 | 864,06 | 760,28 |  0,00 | 1,422 | 44,35 | 44,35 |  0,00 | 58,423 | 349,64 | 349,64 | 31,37 | 1311,643 | 238,62 | 347,70 |  0,00 | 138,992 | 122,36 | 122,36 | 298,169 |   NaN | NaN | 0,00 | 0,00 | NaN

= = = = = = = = = = = = AVERAGE RESULTS system = = = = = = = = = = = =
meanPLR_system | 13,394733 
meanDelay_system | 298,654265 
meanLoad_system | 870,848879 
meanTHR_system | 754,171353 
meanGate_system | 759,458095 

meanPLR_EF_system | 0,000000 
meanPLR_AF_system | 0,000000 
meanPLR_BE_system | 33,148849 
meanPLR_FLA_system | 0,000000 
meanPLR_FLB_system | NaN 

meanTHR_EF_system | 44,352002 
meanTHR_AF_system | 352,250597 
meanTHR_BE_system | 235,207026 
meanTHR_FLA_system | 125,571355 
meanTHR_FLB_system | 0,000000 

meanLoad_EF_system | 44,352002 
meanLoad_AF_system | 352,250597 
meanLoad_BE_system | 351,884553 
meanLoad_FLA_system | 125,571355 
meanLoad_FLB_system | 0,000000 

meanDELAY_EF_system | 1,383018 
meanDELAY_AF_system | 57,493845 
meanDELAY_BE_system | 1340,008247 
meanDELAY_FLA_system | 138,914460 
meanDELAY_FLB_system | NaN 
meanDELAY_CompleteFLA_system | 298,091139 
meanDELAY_CompleteFLB_system | NaN 

= = = = = = = = = = = = AVERAGE RESULTS = = = = = = = = = = = =
Packet Loss Ratio: 13,40 (%)
PROCESSED PACKAGES: 1364936900 
DISCARTED PACKAGES: 137182334 
TOTAL PACKAGES: 1502119234 
AVERAGE DELAY: 54268,05 (ms) 
AVERAGE THROUGHPUT: 754,17 (Mbps) 
GRANTED THROUGHPUT: 48605,32 (Mbps) By 64 ONUs
EFFECTIVE THROUGHPUT: 48266,97 (Mbps) By 64 ONUs
TOTAL LOAD: 55734,33 (Mbps) By 64 ONUs
ON Arrival THROUGHPUT: 0,00 (Mbps) By 64 ONUs
FINISHTIMEFL: 114,370033 
FINISHTIME: 117,370033 


fileName | IPACT_STRICTPRIORITY_1_68_94_0 
