
ONU ID 	|  PLR(%) | Delay(ms) | Throughput(Mbps) | Granted Throughput(Mbps) | Total Load (Mbps) 

  ID |  PLR(%) |  D  | Thr |  Gates  |  Load  | PLR-EF | D-EF | ThrEF | LoadEF | PLR-AF | D-AF | ThrAF | LoadAF | PLR-BE | D-BE | ThrBE | LoadBE | PLR-FA | D-FA | ThrFA | LoadFA | DTFA |  PLR-FB | D-FB | ThrFB | LoadFB | DTFB | 
   1 |  1,31 | 204,393 | 754,76 | 764,75 | 759,47 |  0,00 | 1,400 | 44,35 | 44,35 |  0,00 | 21,287 | 342,09 | 342,09 |  3,00 | 719,268 | 323,49 | 333,47 |  0,00 | 138,770 | 44,84 | 44,84 | 297,735 |   NaN | NaN | 0,00 | 0,00 | NaN
   2 |  1,79 | 210,534 | 753,80 | 767,53 | 758,56 |  0,00 | 1,412 | 44,35 | 44,35 |  0,00 | 19,789 | 341,11 | 341,11 |  4,07 | 742,903 | 323,50 | 337,23 |  0,00 | 138,811 | 44,84 | 44,84 | 297,856 |   NaN | NaN | 0,00 | 0,00 | NaN
   3 |  1,35 | 181,828 | 751,14 | 761,38 | 755,83 |  0,00 | 1,348 | 44,35 | 44,35 |  0,00 | 20,366 | 337,45 | 337,45 |  3,06 | 633,393 | 324,50 | 334,75 |  0,00 | 138,796 | 44,84 | 44,84 | 297,848 |   NaN | NaN | 0,00 | 0,00 | NaN
   4 |  1,66 | 223,300 | 756,53 | 769,27 | 761,22 |  0,00 | 1,354 | 44,35 | 44,35 |  0,00 | 20,757 | 342,61 | 342,61 |  3,78 | 787,616 | 324,72 | 337,47 |  0,00 | 138,691 | 44,84 | 44,84 | 297,518 |   NaN | NaN | 0,00 | 0,00 | NaN
   5 |  1,27 | 204,869 | 752,54 | 762,22 | 757,24 |  0,00 | 1,379 | 44,35 | 44,35 |  0,00 | 21,480 | 336,27 | 336,27 |  2,87 | 711,733 | 327,08 | 336,76 |  0,00 | 138,506 | 44,84 | 44,84 | 297,226 |   NaN | NaN | 0,00 | 0,00 | NaN
   6 |  1,74 | 219,536 | 754,96 | 768,36 | 759,65 |  0,00 | 1,328 | 44,35 | 44,35 |  0,00 | 19,636 | 341,23 | 341,23 |  3,96 | 774,569 | 324,54 | 337,93 |  0,00 | 138,620 | 44,84 | 44,84 | 297,624 |   NaN | NaN | 0,00 | 0,00 | NaN
   7 |  1,39 | 198,917 | 754,50 | 765,13 | 759,19 |  0,00 | 1,346 | 44,35 | 44,35 |  0,00 | 20,302 | 339,29 | 339,29 |  3,16 | 694,588 | 326,02 | 336,65 |  0,00 | 138,563 | 44,84 | 44,84 | 297,471 |   NaN | NaN | 0,00 | 0,00 | NaN
   8 |  1,44 | 207,411 | 754,26 | 765,26 | 758,98 |  0,00 | 1,397 | 44,35 | 44,35 |  0,00 | 19,479 | 336,16 | 336,16 |  3,24 | 720,367 | 328,92 | 339,92 |  0,00 | 138,756 | 44,84 | 44,84 | 297,800 |   NaN | NaN | 0,00 | 0,00 | NaN
   9 |  1,81 | 208,388 | 753,76 | 767,67 | 758,45 |  0,00 | 1,336 | 44,35 | 44,35 |  0,00 | 20,540 | 340,00 | 340,00 |  4,11 | 731,828 | 324,57 | 338,49 |  0,00 | 138,614 | 44,84 | 44,84 | 297,446 |   NaN | NaN | 0,00 | 0,00 | NaN
  10 |  1,23 | 194,682 | 754,40 | 763,82 | 759,11 |  0,00 | 1,397 | 44,35 | 44,35 |  0,00 | 20,952 | 338,05 | 338,05 |  2,80 | 676,026 | 327,17 | 336,58 |  0,00 | 138,711 | 44,84 | 44,84 | 297,654 |   NaN | NaN | 0,00 | 0,00 | NaN
  11 |  1,14 | 194,718 | 753,03 | 761,69 | 757,72 |  0,00 | 1,337 | 44,35 | 44,35 |  0,00 | 19,684 | 333,56 | 333,56 |  2,55 | 670,910 | 330,29 | 338,95 |  0,00 | 138,152 | 44,84 | 44,84 | 297,016 |   NaN | NaN | 0,00 | 0,00 | NaN
  12 |  1,46 | 184,799 | 752,86 | 764,05 | 757,57 |  0,00 | 1,399 | 44,35 | 44,35 |  0,00 | 19,403 | 337,39 | 337,39 |  3,31 | 642,442 | 326,28 | 337,47 |  0,00 | 138,461 | 44,84 | 44,84 | 297,337 |   NaN | NaN | 0,00 | 0,00 | NaN
  13 |  1,08 | 183,144 | 749,41 | 757,56 | 754,10 |  0,00 | 1,364 | 44,35 | 44,35 |  0,00 | 21,449 | 335,58 | 335,58 |  2,45 | 635,806 | 324,64 | 332,80 |  0,00 | 138,834 | 44,84 | 44,84 | 297,872 |   NaN | NaN | 0,00 | 0,00 | NaN
  14 |  1,89 | 197,766 | 752,29 | 766,77 | 757,01 |  0,00 | 1,405 | 44,35 | 44,35 |  0,00 | 22,408 | 338,77 | 338,77 |  4,27 | 690,428 | 324,34 | 338,82 |  0,00 | 138,626 | 44,84 | 44,84 | 297,326 |   NaN | NaN | 0,00 | 0,00 | NaN
  15 |  1,08 | 202,232 | 753,80 | 762,02 | 758,50 |  0,00 | 1,399 | 44,35 | 44,35 |  0,00 | 21,914 | 333,10 | 333,10 |  2,42 | 693,487 | 331,51 | 339,73 |  0,00 | 138,565 | 44,84 | 44,84 | 297,421 |   NaN | NaN | 0,00 | 0,00 | NaN
  16 |  2,31 | 243,505 | 755,89 | 773,80 | 760,59 |  0,00 | 1,390 | 44,35 | 44,35 |  0,00 | 19,228 | 339,57 | 339,57 |  5,19 | 856,967 | 327,13 | 345,04 |  0,00 | 138,804 | 44,84 | 44,84 | 297,805 |   NaN | NaN | 0,00 | 0,00 | NaN
  17 |  1,78 | 206,965 | 753,61 | 767,23 | 758,33 |  0,00 | 1,403 | 44,35 | 44,35 |  0,00 | 18,641 | 340,13 | 340,13 |  4,03 | 728,942 | 324,29 | 337,91 |  0,00 | 138,826 | 44,84 | 44,84 | 297,762 |   NaN | NaN | 0,00 | 0,00 | NaN
  18 |  1,20 | 193,425 | 752,07 | 761,18 | 756,75 |  0,00 | 1,380 | 44,35 | 44,35 |  0,00 | 19,329 | 334,89 | 334,89 |  2,70 | 670,303 | 327,99 | 337,10 |  0,00 | 137,405 | 44,84 | 44,84 | 295,342 |   NaN | NaN | 0,00 | 0,00 | NaN
  19 |  0,47 | 163,358 | 752,59 | 756,12 | 757,27 |  0,00 | 1,371 | 44,35 | 44,35 |  0,00 | 18,556 | 332,04 | 332,04 |  1,05 | 556,810 | 331,36 | 334,89 |  0,00 | 138,551 | 44,84 | 44,84 | 297,311 |   NaN | NaN | 0,00 | 0,00 | NaN
  20 |  0,91 | 187,141 | 753,24 | 760,18 | 757,93 |  0,00 | 1,366 | 44,35 | 44,35 |  0,00 | 22,251 | 338,28 | 338,28 |  2,09 | 649,490 | 325,77 | 332,72 |  0,00 | 137,988 | 44,84 | 44,84 | 296,709 |   NaN | NaN | 0,00 | 0,00 | NaN
  21 |  0,51 | 151,203 | 749,12 | 752,94 | 753,82 |  0,00 | 1,371 | 44,35 | 44,35 |  0,00 | 19,161 | 333,01 | 333,01 |  1,16 | 517,840 | 326,92 | 330,74 |  0,00 | 138,665 | 44,84 | 44,84 | 297,614 |   NaN | NaN | 0,00 | 0,00 | NaN
  22 |  2,00 | 236,975 | 755,52 | 770,94 | 760,26 |  0,00 | 1,409 | 44,35 | 44,35 |  0,00 | 22,000 | 344,91 | 344,91 |  4,58 | 844,300 | 321,41 | 336,84 |  0,00 | 138,632 | 44,84 | 44,84 | 297,386 |   NaN | NaN | 0,00 | 0,00 | NaN
  23 |  1,34 | 205,939 | 754,64 | 764,89 | 759,36 |  0,00 | 1,392 | 44,35 | 44,35 |  0,00 | 20,907 | 337,99 | 337,99 |  3,03 | 716,798 | 327,46 | 337,71 |  0,00 | 138,690 | 44,84 | 44,84 | 297,518 |   NaN | NaN | 0,00 | 0,00 | NaN
  24 |  1,40 | 207,469 | 755,86 | 766,58 | 760,56 |  0,00 | 1,353 | 44,35 | 44,35 |  0,00 | 21,163 | 337,09 | 337,09 |  3,15 | 718,209 | 329,58 | 340,30 |  0,00 | 138,764 | 44,84 | 44,84 | 297,805 |   NaN | NaN | 0,00 | 0,00 | NaN
  25 |  1,91 | 225,771 | 755,45 | 770,16 | 760,18 |  0,00 | 1,411 | 44,35 | 44,35 |  0,00 | 21,997 | 336,26 | 336,26 |  4,27 | 782,499 | 330,00 | 344,70 |  0,00 | 138,672 | 44,84 | 44,84 | 297,531 |   NaN | NaN | 0,00 | 0,00 | NaN
  26 |  1,01 | 197,228 | 754,44 | 762,14 | 759,17 |  0,00 | 1,407 | 44,35 | 44,35 |  0,00 | 22,198 | 337,26 | 337,26 |  2,30 | 682,642 | 327,99 | 335,69 |  0,00 | 138,747 | 44,84 | 44,84 | 297,658 |   NaN | NaN | 0,00 | 0,00 | NaN
  27 |  0,95 | 174,193 | 753,48 | 760,72 | 758,16 |  0,00 | 1,333 | 44,35 | 44,35 |  0,00 | 21,754 | 338,67 | 338,67 |  2,18 | 603,063 | 325,62 | 332,87 |  0,00 | 137,383 | 44,84 | 44,84 | 295,219 |   NaN | NaN | 0,00 | 0,00 | NaN
  28 |  0,89 | 172,694 | 751,12 | 757,86 | 755,84 |  0,00 | 1,400 | 44,35 | 44,35 |  0,00 | 22,219 | 337,63 | 337,63 |  2,04 | 598,325 | 324,31 | 331,05 |  0,00 | 138,722 | 44,84 | 44,84 | 297,576 |   NaN | NaN | 0,00 | 0,00 | NaN
  29 |  1,79 | 215,417 | 754,85 | 768,63 | 759,52 |  0,00 | 1,379 | 44,35 | 44,35 |  0,00 | 21,160 | 339,30 | 339,30 |  4,05 | 753,595 | 326,36 | 340,14 |  0,00 | 138,446 | 44,84 | 44,84 | 297,324 |   NaN | NaN | 0,00 | 0,00 | NaN
  30 |  1,14 | 177,494 | 752,32 | 761,00 | 757,06 |  0,00 | 1,410 | 44,35 | 44,35 |  0,00 | 21,741 | 334,60 | 334,60 |  2,58 | 609,321 | 328,53 | 337,22 |  0,00 | 137,589 | 44,84 | 44,84 | 295,884 |   NaN | NaN | 0,00 | 0,00 | NaN
  31 |  1,02 | 204,436 | 753,09 | 760,86 | 757,78 |  0,00 | 1,376 | 44,35 | 44,35 |  0,00 | 23,192 | 338,59 | 338,59 |  2,33 | 712,457 | 325,31 | 333,08 |  0,00 | 138,759 | 44,84 | 44,84 | 297,625 |   NaN | NaN | 0,00 | 0,00 | NaN
  32 |  1,84 | 200,812 | 751,90 | 766,03 | 756,59 |  0,00 | 1,333 | 44,35 | 44,35 |  0,00 | 21,322 | 338,06 | 338,06 |  4,17 | 701,902 | 324,65 | 338,78 |  0,00 | 138,192 | 44,84 | 44,84 | 296,998 |   NaN | NaN | 0,00 | 0,00 | NaN
  33 |  0,87 | 199,297 | 754,90 | 761,53 | 759,59 |  0,00 | 1,398 | 44,35 | 44,35 |  0,00 | 20,307 | 336,28 | 336,28 |  1,97 | 689,275 | 329,43 | 336,07 |  0,00 | 137,985 | 44,84 | 44,84 | 296,654 |   NaN | NaN | 0,00 | 0,00 | NaN
  34 |  1,23 | 182,137 | 751,33 | 760,72 | 756,01 |  0,00 | 1,390 | 44,35 | 44,35 |  0,00 | 19,956 | 337,14 | 337,14 |  2,81 | 634,186 | 325,01 | 334,40 |  0,00 | 136,829 | 44,84 | 44,84 | 294,388 |   NaN | NaN | 0,00 | 0,00 | NaN
  35 |  1,79 | 230,213 | 755,36 | 769,12 | 760,01 |  0,00 | 1,339 | 44,35 | 44,35 |  0,00 | 18,676 | 340,39 | 340,39 |  4,05 | 812,305 | 325,78 | 339,54 |  0,00 | 135,628 | 44,84 | 44,84 | 291,845 |   NaN | NaN | 0,00 | 0,00 | NaN
  36 |  1,16 | 187,080 | 752,79 | 761,63 | 757,47 |  0,00 | 1,392 | 44,35 | 44,35 |  0,00 | 21,218 | 333,36 | 333,36 |  2,61 | 641,489 | 330,25 | 339,09 |  0,00 | 137,347 | 44,84 | 44,84 | 295,086 |   NaN | NaN | 0,00 | 0,00 | NaN
  37 |  1,83 | 219,713 | 756,72 | 770,85 | 761,40 |  0,00 | 1,375 | 44,35 | 44,35 |  0,00 | 20,521 | 343,23 | 343,23 |  4,18 | 775,876 | 324,30 | 338,43 |  0,00 | 138,198 | 44,84 | 44,84 | 296,985 |   NaN | NaN | 0,00 | 0,00 | NaN
  38 |  1,63 | 224,648 | 755,27 | 767,77 | 759,95 |  0,00 | 1,366 | 44,35 | 44,35 |  0,00 | 20,997 | 340,02 | 340,02 |  3,69 | 788,639 | 326,06 | 338,56 |  0,00 | 137,588 | 44,84 | 44,84 | 295,765 |   NaN | NaN | 0,00 | 0,00 | NaN
  39 |  0,55 | 150,684 | 747,93 | 752,05 | 752,67 |  0,00 | 1,409 | 44,35 | 44,35 |  0,00 | 20,643 | 332,66 | 332,66 |  1,25 | 515,026 | 326,08 | 330,21 |  0,00 | 137,962 | 44,84 | 44,84 | 296,563 |   NaN | NaN | 0,00 | 0,00 | NaN
  40 |  0,69 | 171,833 | 750,95 | 756,18 | 755,67 |  0,00 | 1,409 | 44,35 | 44,35 |  0,00 | 19,057 | 336,26 | 336,26 |  1,58 | 596,226 | 325,51 | 330,73 |  0,00 | 137,375 | 44,84 | 44,84 | 295,271 |   NaN | NaN | 0,00 | 0,00 | NaN
  41 |  2,16 | 210,160 | 751,03 | 767,58 | 755,72 |  0,00 | 1,392 | 44,35 | 44,35 |  0,00 | 21,127 | 334,82 | 334,82 |  4,82 | 730,684 | 327,03 | 343,57 |  0,00 | 138,709 | 44,84 | 44,84 | 297,631 |   NaN | NaN | 0,00 | 0,00 | NaN
  42 |  2,16 | 217,521 | 754,27 | 770,91 | 758,95 |  0,00 | 1,338 | 44,35 | 44,35 |  0,00 | 19,480 | 341,10 | 341,10 |  4,89 | 768,279 | 323,98 | 340,62 |  0,00 | 138,352 | 44,84 | 44,84 | 297,266 |   NaN | NaN | 0,00 | 0,00 | NaN
  43 |  2,42 | 223,674 | 754,43 | 773,17 | 759,16 |  0,00 | 1,417 | 44,35 | 44,35 |  0,00 | 22,803 | 342,97 | 342,97 |  5,49 | 791,363 | 322,27 | 341,01 |  0,00 | 138,015 | 44,84 | 44,84 | 296,670 |   NaN | NaN | 0,00 | 0,00 | NaN
  44 |  1,56 | 220,901 | 755,20 | 767,17 | 759,89 |  0,00 | 1,329 | 44,35 | 44,35 |  0,00 | 22,040 | 336,85 | 336,85 |  3,51 | 766,674 | 329,16 | 341,13 |  0,00 | 138,623 | 44,84 | 44,84 | 297,512 |   NaN | NaN | 0,00 | 0,00 | NaN
  45 |  1,21 | 190,977 | 752,45 | 761,68 | 757,18 |  0,00 | 1,413 | 44,35 | 44,35 |  0,00 | 19,742 | 340,40 | 340,40 |  2,78 | 671,506 | 322,86 | 332,09 |  0,00 | 138,466 | 44,84 | 44,84 | 297,381 |   NaN | NaN | 0,00 | 0,00 | NaN
  46 |  1,51 | 202,138 | 752,86 | 764,38 | 757,53 |  0,00 | 1,352 | 44,35 | 44,35 |  0,00 | 19,459 | 335,67 | 335,67 |  3,39 | 702,476 | 328,00 | 339,52 |  0,00 | 137,986 | 44,84 | 44,84 | 296,698 |   NaN | NaN | 0,00 | 0,00 | NaN
  47 |  1,26 | 183,404 | 752,43 | 762,07 | 757,13 |  0,00 | 1,350 | 44,35 | 44,35 |  0,00 | 20,993 | 337,63 | 337,63 |  2,88 | 636,936 | 325,61 | 335,25 |  0,00 | 138,760 | 44,84 | 44,84 | 297,617 |   NaN | NaN | 0,00 | 0,00 | NaN
  48 |  1,02 | 192,429 | 752,10 | 759,88 | 756,80 |  0,00 | 1,380 | 44,35 | 44,35 |  0,00 | 21,564 | 335,42 | 335,42 |  2,32 | 665,530 | 327,50 | 335,27 |  0,00 | 138,638 | 44,84 | 44,84 | 297,523 |   NaN | NaN | 0,00 | 0,00 | NaN
  49 |  1,26 | 193,517 | 752,11 | 761,72 | 756,81 |  0,00 | 1,392 | 44,35 | 44,35 |  0,00 | 19,603 | 337,26 | 337,26 |  2,87 | 675,039 | 325,66 | 335,27 |  0,00 | 138,744 | 44,84 | 44,84 | 297,564 |   NaN | NaN | 0,00 | 0,00 | NaN
  50 |  1,36 | 199,285 | 755,55 | 765,99 | 760,23 |  0,00 | 1,346 | 44,35 | 44,35 |  0,00 | 20,644 | 340,15 | 340,15 |  3,10 | 695,881 | 326,20 | 336,64 |  0,00 | 137,947 | 44,84 | 44,84 | 296,548 |   NaN | NaN | 0,00 | 0,00 | NaN
  51 |  1,40 | 188,583 | 753,65 | 764,33 | 758,34 |  0,00 | 1,344 | 44,35 | 44,35 |  0,00 | 19,535 | 336,67 | 336,67 |  3,15 | 653,931 | 327,79 | 338,47 |  0,00 | 138,632 | 44,84 | 44,84 | 297,535 |   NaN | NaN | 0,00 | 0,00 | NaN
  52 |  1,36 | 218,219 | 754,51 | 764,89 | 759,21 |  0,00 | 1,371 | 44,35 | 44,35 |  0,00 | 19,820 | 334,19 | 334,19 |  3,04 | 754,229 | 331,13 | 341,51 |  0,00 | 138,528 | 44,84 | 44,84 | 297,430 |   NaN | NaN | 0,00 | 0,00 | NaN
  53 |  1,42 | 191,969 | 755,33 | 766,20 | 760,01 |  0,00 | 1,358 | 44,35 | 44,35 |  0,00 | 21,570 | 339,99 | 339,99 |  3,23 | 668,248 | 326,15 | 337,02 |  0,00 | 138,198 | 44,84 | 44,84 | 296,969 |   NaN | NaN | 0,00 | 0,00 | NaN
  54 |  0,86 | 179,876 | 751,20 | 757,71 | 755,88 |  0,00 | 1,360 | 44,35 | 44,35 |  0,00 | 21,209 | 336,88 | 336,88 |  1,96 | 624,137 | 325,13 | 331,64 |  0,00 | 138,526 | 44,84 | 44,84 | 297,436 |   NaN | NaN | 0,00 | 0,00 | NaN
  55 |  0,95 | 178,483 | 753,27 | 760,51 | 757,95 |  0,00 | 1,345 | 44,35 | 44,35 |  0,00 | 18,864 | 334,48 | 334,48 |  2,15 | 614,373 | 329,60 | 336,84 |  0,00 | 137,493 | 44,84 | 44,84 | 295,710 |   NaN | NaN | 0,00 | 0,00 | NaN
  56 |  0,82 | 179,070 | 753,39 | 759,59 | 758,08 |  0,00 | 1,351 | 44,35 | 44,35 |  0,00 | 23,158 | 335,31 | 335,31 |  1,85 | 613,590 | 328,89 | 335,09 |  0,00 | 138,590 | 44,84 | 44,84 | 297,466 |   NaN | NaN | 0,00 | 0,00 | NaN
  57 |  1,37 | 188,276 | 752,06 | 762,53 | 756,75 |  0,00 | 1,348 | 44,35 | 44,35 |  0,00 | 20,184 | 336,02 | 336,02 |  3,11 | 652,806 | 326,85 | 337,32 |  0,00 | 138,716 | 44,84 | 44,84 | 297,524 |   NaN | NaN | 0,00 | 0,00 | NaN
  58 |  1,33 | 216,981 | 754,15 | 764,33 | 758,84 |  0,00 | 1,377 | 44,35 | 44,35 |  0,00 | 18,719 | 337,79 | 337,79 |  3,02 | 759,498 | 327,17 | 337,35 |  0,00 | 138,695 | 44,84 | 44,84 | 297,574 |   NaN | NaN | 0,00 | 0,00 | NaN
  59 |  1,91 | 218,977 | 753,97 | 768,65 | 758,64 |  0,00 | 1,396 | 44,35 | 44,35 |  0,00 | 21,439 | 336,44 | 336,44 |  4,28 | 761,179 | 328,34 | 343,03 |  0,00 | 137,093 | 44,84 | 44,84 | 294,749 |   NaN | NaN | 0,00 | 0,00 | NaN
  60 |  1,23 | 206,404 | 752,92 | 762,31 | 757,60 |  0,00 | 1,331 | 44,35 | 44,35 |  0,00 | 20,320 | 336,79 | 336,79 |  2,79 | 719,165 | 326,94 | 336,33 |  0,00 | 138,523 | 44,84 | 44,84 | 297,439 |   NaN | NaN | 0,00 | 0,00 | NaN
  61 |  1,60 | 207,572 | 756,10 | 768,37 | 760,78 |  0,00 | 1,353 | 44,35 | 44,35 |  0,00 | 20,263 | 339,21 | 339,21 |  3,61 | 723,492 | 327,70 | 339,97 |  0,00 | 138,100 | 44,84 | 44,84 | 296,878 |   NaN | NaN | 0,00 | 0,00 | NaN
  62 |  1,62 | 218,194 | 755,67 | 768,10 | 760,43 |  0,00 | 1,415 | 44,35 | 44,35 |  0,00 | 23,321 | 339,13 | 339,13 |  3,66 | 759,700 | 327,35 | 339,78 |  0,00 | 138,662 | 44,84 | 44,84 | 297,577 |   NaN | NaN | 0,00 | 0,00 | NaN
  63 |  1,58 | 196,551 | 752,69 | 764,81 | 757,36 |  0,00 | 1,370 | 44,35 | 44,35 |  0,00 | 19,567 | 339,20 | 339,20 |  3,60 | 689,442 | 324,30 | 336,42 |  0,00 | 137,604 | 44,84 | 44,84 | 295,905 |   NaN | NaN | 0,00 | 0,00 | NaN
  64 |  0,91 | 187,833 | 751,08 | 757,99 | 755,85 |  0,00 | 1,414 | 44,35 | 44,35 |  0,00 | 22,168 | 334,96 | 334,96 |  2,07 | 648,688 | 326,93 | 333,84 |  0,00 | 138,505 | 44,84 | 44,84 | 297,399 |   NaN | NaN | 0,00 | 0,00 | NaN

= = = = = = = = = = = = AVERAGE RESULTS system = = = = = = = = = = = =
meanPLR_system | 1,377300 
meanDelay_system | 199,330253 
meanLoad_system | 763,960411 
meanTHR_system | 753,420068 
meanGate_system | 758,119849 

meanPLR_EF_system | 0,000000 
meanPLR_AF_system | 0,000000 
meanPLR_BE_system | 3,119384 
meanPLR_FLA_system | 0,000000 
meanPLR_FLB_system | NaN 

meanTHR_EF_system | 44,352003 
meanTHR_AF_system | 337,650165 
meanTHR_BE_system | 326,581209 
meanTHR_FLA_system | 45,644193 
meanTHR_FLB_system | 0,000000 

meanLoad_EF_system | 44,352003 
meanLoad_AF_system | 337,650165 
meanLoad_BE_system | 337,121553 
meanLoad_FLA_system | 45,644193 
meanLoad_FLB_system | 0,000000 

meanDELAY_EF_system | 1,375091 
meanDELAY_AF_system | 20,706734 
meanDELAY_BE_system | 694,198389 
meanDELAY_FLA_system | 138,302049 
meanDELAY_FLB_system | NaN 
meanDELAY_CompleteFLA_system | 296,980864 
meanDELAY_CompleteFLB_system | NaN 

= = = = = = = = = = = = AVERAGE RESULTS = = = = = = = = = = = =
Packet Loss Ratio: 01,38 (%)
PROCESSED PACKAGES: 2032263409 
DISCARTED PACKAGES: 17846673 
TOTAL PACKAGES: 2050110082 
AVERAGE DELAY: 37330,09 (ms) 
AVERAGE THROUGHPUT: 753,42 (Mbps) 
GRANTED THROUGHPUT: 48519,67 (Mbps) By 64 ONUs
EFFECTIVE THROUGHPUT: 48218,88 (Mbps) By 64 ONUs
TOTAL LOAD: 48893,47 (Mbps) By 64 ONUs
ON Arrival THROUGHPUT: 0,00 (Mbps) By 64 ONUs
FINISHTIMEFL: 166,575405 
FINISHTIME: 169,575405 


fileName | IPACT_STRICTPRIORITY_3_36_90_0 
