
ONU ID 	|  PLR(%) | Delay(ms) | Throughput(Mbps) | Granted Throughput(Mbps) | Total Load (Mbps) 

  ID |  PLR(%) |  D  | Thr |  Gates  |  Load  | PLR-EF | D-EF | ThrEF | LoadEF | PLR-AF | D-AF | ThrAF | LoadAF | PLR-BE | D-BE | ThrBE | LoadBE | PLR-FA | D-FA | ThrFA | LoadFA | DTFA |  PLR-FB | D-FB | ThrFB | LoadFB | DTFB | 
   1 |  0,00 | 3,267 | 717,72 | 717,72 | 729,84 |  0,00 | 0,701 | 44,35 | 44,35 |  0,00 | 1,928 | 323,14 | 323,14 |  0,00 | 6,432 | 314,52 | 314,52 |  0,00 | 41,881 | 35,70 | 35,70 | 106,794 |   NaN | NaN | 0,00 | 0,00 | NaN
   2 |  0,00 | 6,653 | 719,95 | 719,95 | 733,47 |  0,00 | 0,713 | 44,35 | 44,35 |  0,00 | 4,952 | 322,83 | 322,83 |  0,00 | 13,382 | 317,06 | 317,06 |  0,00 | 81,175 | 35,70 | 35,70 | 180,050 |   NaN | NaN | 0,00 | 0,00 | NaN
   3 |  0,00 | 5,979 | 715,22 | 715,22 | 726,81 |  0,00 | 0,649 | 44,35 | 44,35 |  0,00 | 4,559 | 318,11 | 318,11 |  0,00 | 11,567 | 317,06 | 317,06 |  0,00 | 78,196 | 35,70 | 35,70 | 172,925 |   NaN | NaN | 0,00 | 0,00 | NaN
   4 |  0,00 | 3,428 | 722,22 | 722,22 | 733,77 |  0,00 | 0,655 | 44,35 | 44,35 |  0,00 | 1,941 | 323,16 | 323,16 |  0,00 | 6,843 | 319,02 | 319,02 |  0,00 | 45,148 | 35,70 | 35,70 | 107,596 |   NaN | NaN | 0,00 | 0,00 | NaN
   5 |  0,00 | 14,488 | 715,99 | 715,99 | 727,54 |  0,00 | 0,680 | 44,35 | 44,35 |  0,00 | 9,906 | 318,44 | 318,44 |  0,00 | 34,835 | 317,50 | 317,50 |  0,00 | 118,082 | 35,70 | 35,70 | 254,667 |   NaN | NaN | 0,00 | 0,00 | NaN
   6 |  0,00 | 7,760 | 719,93 | 719,93 | 731,53 |  0,00 | 0,629 | 44,35 | 44,35 |  0,00 | 6,475 | 320,38 | 320,38 |  0,00 | 15,364 | 319,50 | 319,50 |  0,00 | 91,117 | 35,70 | 35,70 | 195,873 |   NaN | NaN | 0,00 | 0,00 | NaN
   7 |  0,00 | 4,316 | 719,86 | 719,86 | 731,42 |  0,00 | 0,647 | 44,35 | 44,35 |  0,00 | 2,769 | 320,88 | 320,88 |  0,00 | 8,755 | 318,93 | 318,93 |  0,00 | 53,449 | 35,70 | 35,70 | 130,853 |   NaN | NaN | 0,00 | 0,00 | NaN
   8 |  0,00 | 6,331 | 718,82 | 718,82 | 730,79 |  0,00 | 0,697 | 44,35 | 44,35 |  0,00 | 4,841 | 318,24 | 318,24 |  0,00 | 12,414 | 320,53 | 320,53 |  0,00 | 78,462 | 35,70 | 35,70 | 176,678 |   NaN | NaN | 0,00 | 0,00 | NaN
   9 |  0,00 | 2,896 | 720,11 | 720,11 | 731,66 |  0,00 | 0,637 | 44,35 | 44,35 |  0,00 | 1,857 | 319,35 | 319,35 |  0,00 | 4,995 | 320,70 | 320,70 |  0,00 | 45,027 | 35,70 | 35,70 | 108,626 |   NaN | NaN | 0,00 | 0,00 | NaN
  10 |  0,00 | 2,950 | 716,09 | 716,09 | 728,01 |  0,00 | 0,698 | 44,35 | 44,35 |  0,00 | 2,003 | 318,54 | 318,54 |  0,00 | 4,934 | 317,50 | 317,50 |  0,00 | 45,599 | 35,70 | 35,70 | 111,536 |   NaN | NaN | 0,00 | 0,00 | NaN
  11 |  0,00 | 21,842 | 715,05 | 715,05 | 726,56 |  0,00 | 0,637 | 44,35 | 44,35 |  0,00 | 11,438 | 315,13 | 315,13 |  0,00 | 60,152 | 319,86 | 319,86 |  0,00 | 112,485 | 35,70 | 35,70 | 252,012 |   NaN | NaN | 0,00 | 0,00 | NaN
  12 |  0,00 | 9,462 | 717,80 | 717,80 | 729,91 |  0,00 | 0,700 | 44,35 | 44,35 |  0,00 | 7,118 | 318,64 | 318,64 |  0,00 | 20,353 | 319,11 | 319,11 |  0,00 | 98,742 | 35,70 | 35,70 | 212,764 |   NaN | NaN | 0,00 | 0,00 | NaN
  13 |  0,00 | 6,421 | 711,54 | 711,54 | 723,15 |  0,00 | 0,665 | 44,35 | 44,35 |  0,00 | 4,190 | 317,52 | 317,52 |  0,00 | 13,484 | 313,96 | 313,96 |  0,00 | 80,003 | 35,70 | 35,70 | 178,366 |   NaN | NaN | 0,00 | 0,00 | NaN
  14 |  0,00 | 14,128 | 718,81 | 718,81 | 731,34 |  0,00 | 0,706 | 44,35 | 44,35 |  0,00 | 10,048 | 319,50 | 319,50 |  0,00 | 33,296 | 319,26 | 319,26 |  0,00 | 117,291 | 35,70 | 35,70 | 252,866 |   NaN | NaN | 0,00 | 0,00 | NaN
  15 |  0,00 | 3,842 | 714,29 | 714,29 | 726,40 |  0,00 | 0,700 | 44,35 | 44,35 |  0,00 | 2,355 | 313,61 | 313,61 |  0,00 | 7,595 | 320,63 | 320,63 |  0,00 | 48,604 | 35,70 | 35,70 | 123,981 |   NaN | NaN | 0,00 | 0,00 | NaN
  16 |  0,00 | 4,220 | 726,13 | 726,13 | 737,88 |  0,00 | 0,691 | 44,35 | 44,35 |  0,00 | 3,077 | 320,70 | 320,70 |  0,00 | 7,715 | 325,37 | 325,37 |  0,00 | 57,495 | 35,70 | 35,70 | 130,993 |   NaN | NaN | 0,00 | 0,00 | NaN
  17 |  0,00 | 3,527 | 720,93 | 720,93 | 733,35 |  0,00 | 0,704 | 44,35 | 44,35 |  0,00 | 2,326 | 321,87 | 321,87 |  0,00 | 6,336 | 319,01 | 319,01 |  0,00 | 51,743 | 35,70 | 35,70 | 119,956 |   NaN | NaN | 0,00 | 0,00 | NaN
  18 |  0,00 | 9,510 | 715,06 | 715,06 | 726,69 |  0,00 | 0,681 | 44,35 | 44,35 |  0,00 | 5,350 | 317,11 | 317,11 |  0,00 | 23,901 | 317,90 | 317,90 |  0,00 | 72,810 | 35,70 | 35,70 | 171,512 |   NaN | NaN | 0,00 | 0,00 | NaN
  19 |  0,00 | 19,687 | 709,70 | 709,70 | 721,13 |  0,00 | 0,672 | 44,35 | 44,35 |  0,00 | 11,289 | 313,72 | 313,72 |  0,00 | 52,058 | 315,93 | 315,93 |  0,00 | 125,095 | 35,70 | 35,70 | 269,528 |   NaN | NaN | 0,00 | 0,00 | NaN
  20 |  0,00 | 18,669 | 713,04 | 713,04 | 724,62 |  0,00 | 0,667 | 44,35 | 44,35 |  0,00 | 9,615 | 319,16 | 319,16 |  0,00 | 51,565 | 313,82 | 313,82 |  0,00 | 105,506 | 35,70 | 35,70 | 238,833 |   NaN | NaN | 0,00 | 0,00 | NaN
  21 |  0,00 | 3,028 | 707,74 | 707,74 | 719,36 |  0,00 | 0,672 | 44,35 | 44,35 |  0,00 | 2,046 | 314,98 | 314,98 |  0,00 | 5,136 | 312,72 | 312,72 |  0,00 | 47,319 | 35,70 | 35,70 | 109,925 |   NaN | NaN | 0,00 | 0,00 | NaN
  22 |  0,00 | 15,892 | 722,45 | 722,45 | 735,49 |  0,00 | 0,710 | 44,35 | 44,35 |  0,00 | 10,897 | 324,97 | 324,97 |  0,00 | 38,888 | 317,42 | 317,42 |  0,00 | 120,466 | 35,70 | 35,70 | 259,452 |   NaN | NaN | 0,00 | 0,00 | NaN
  23 |  0,00 | 22,127 | 718,15 | 718,15 | 729,74 |  0,00 | 0,692 | 44,35 | 44,35 |  0,00 | 11,296 | 319,17 | 319,17 |  0,00 | 60,782 | 318,93 | 318,93 |  0,00 | 124,581 | 35,70 | 35,70 | 269,841 |   NaN | NaN | 0,00 | 0,00 | NaN
  24 |  0,00 | 6,084 | 721,01 | 721,01 | 732,65 |  0,00 | 0,654 | 44,35 | 44,35 |  0,00 | 4,181 | 319,03 | 319,03 |  0,00 | 12,112 | 321,92 | 321,92 |  0,00 | 80,280 | 35,70 | 35,70 | 179,255 |   NaN | NaN | 0,00 | 0,00 | NaN
  25 |  0,00 | 2,685 | 722,31 | 722,31 | 735,63 |  0,00 | 0,711 | 44,35 | 44,35 |  0,00 | 1,534 | 317,79 | 317,79 |  0,00 | 5,032 | 324,47 | 324,47 |  0,00 | 34,346 | 35,70 | 35,70 | 91,874 |   NaN | NaN | 0,00 | 0,00 | NaN
  26 |  0,00 | 3,889 | 713,75 | 713,75 | 726,63 |  0,00 | 0,708 | 44,35 | 44,35 |  0,00 | 2,780 | 317,76 | 317,76 |  0,00 | 6,857 | 315,94 | 315,94 |  0,00 | 57,690 | 35,70 | 35,70 | 134,822 |   NaN | NaN | 0,00 | 0,00 | NaN
  27 |  0,00 | 7,457 | 715,43 | 715,43 | 727,06 |  0,00 | 0,634 | 44,35 | 44,35 |  0,00 | 3,791 | 320,32 | 320,32 |  0,00 | 18,469 | 315,06 | 315,06 |  0,00 | 67,993 | 35,70 | 35,70 | 160,551 |   NaN | NaN | 0,00 | 0,00 | NaN
  28 |  0,00 | 24,356 | 710,45 | 710,45 | 722,39 |  0,00 | 0,700 | 44,35 | 44,35 |  0,00 | 12,992 | 318,14 | 318,14 |  0,00 | 68,059 | 312,25 | 312,25 |  0,00 | 124,341 | 35,70 | 35,70 | 269,570 |   NaN | NaN | 0,00 | 0,00 | NaN
  29 |  0,00 | 23,031 | 719,89 | 719,89 | 731,38 |  0,00 | 0,680 | 44,35 | 44,35 |  0,00 | 10,142 | 319,81 | 319,81 |  0,00 | 65,541 | 320,03 | 320,03 |  0,00 | 117,538 | 35,70 | 35,70 | 260,412 |   NaN | NaN | 0,00 | 0,00 | NaN
  30 |  0,00 | 12,829 | 714,70 | 714,70 | 727,83 |  0,00 | 0,710 | 44,35 | 44,35 |  0,00 | 5,884 | 317,06 | 317,06 |  0,00 | 34,596 | 317,59 | 317,59 |  0,00 | 86,683 | 35,70 | 35,70 | 204,467 |   NaN | NaN | 0,00 | 0,00 | NaN
  31 |  0,00 | 21,171 | 714,45 | 714,45 | 725,87 |  0,00 | 0,677 | 44,35 | 44,35 |  0,00 | 10,842 | 319,60 | 319,60 |  0,00 | 58,262 | 314,79 | 314,79 |  0,00 | 124,482 | 35,70 | 35,70 | 269,785 |   NaN | NaN | 0,00 | 0,00 | NaN
  32 |  0,00 | 21,008 | 719,42 | 719,42 | 730,95 |  0,00 | 0,633 | 44,35 | 44,35 |  0,00 | 11,461 | 319,30 | 319,30 |  0,00 | 57,250 | 320,07 | 320,07 |  0,00 | 111,947 | 35,70 | 35,70 | 250,683 |   NaN | NaN | 0,00 | 0,00 | NaN
  33 |  0,00 | 17,105 | 714,94 | 714,94 | 726,94 |  0,00 | 0,699 | 44,35 | 44,35 |  0,00 | 8,562 | 316,92 | 316,92 |  0,00 | 46,756 | 317,97 | 317,97 |  0,00 | 99,106 | 35,70 | 35,70 | 228,799 |   NaN | NaN | 0,00 | 0,00 | NaN
  34 |  0,00 | 3,186 | 715,53 | 715,53 | 727,23 |  0,00 | 0,690 | 44,35 | 44,35 |  0,00 | 2,255 | 318,56 | 318,56 |  0,00 | 5,760 | 316,92 | 316,92 |  0,00 | 42,187 | 35,70 | 35,70 | 111,449 |   NaN | NaN | 0,00 | 0,00 | NaN
  35 |  0,00 | 2,769 | 722,69 | 722,69 | 734,23 |  0,00 | 0,639 | 44,35 | 44,35 |  0,00 | 1,438 | 320,97 | 320,97 |  0,00 | 5,615 | 321,67 | 321,67 |  0,00 | 33,739 | 35,70 | 35,70 | 88,888 |   NaN | NaN | 0,00 | 0,00 | NaN
  36 |  0,00 | 5,317 | 715,02 | 715,02 | 726,85 |  0,00 | 0,693 | 44,35 | 44,35 |  0,00 | 3,266 | 314,56 | 314,56 |  0,00 | 11,456 | 320,41 | 320,41 |  0,00 | 58,647 | 35,70 | 35,70 | 145,199 |   NaN | NaN | 0,00 | 0,00 | NaN
  37 |  0,00 | 21,888 | 723,28 | 723,28 | 734,84 |  0,00 | 0,675 | 44,35 | 44,35 |  0,00 | 10,055 | 323,59 | 323,59 |  0,00 | 62,028 | 319,63 | 319,63 |  0,00 | 111,672 | 35,70 | 35,70 | 250,235 |   NaN | NaN | 0,00 | 0,00 | NaN
  38 |  0,00 | 12,506 | 720,98 | 720,98 | 732,57 |  0,00 | 0,667 | 44,35 | 44,35 |  0,00 | 5,647 | 320,30 | 320,30 |  0,00 | 33,895 | 320,63 | 320,63 |  0,00 | 81,589 | 35,70 | 35,70 | 192,492 |   NaN | NaN | 0,00 | 0,00 | NaN
  39 |  0,00 | 16,126 | 706,75 | 706,75 | 719,91 |  0,00 | 0,710 | 44,35 | 44,35 |  0,00 | 8,915 | 314,63 | 314,63 |  0,00 | 43,096 | 312,06 | 312,06 |  0,00 | 101,899 | 35,70 | 35,70 | 232,603 |   NaN | NaN | 0,00 | 0,00 | NaN
  40 |  0,00 | 6,629 | 710,97 | 710,97 | 724,15 |  0,00 | 0,710 | 44,35 | 44,35 |  0,00 | 3,810 | 318,74 | 318,74 |  0,00 | 15,268 | 312,18 | 312,18 |  0,00 | 69,206 | 35,70 | 35,70 | 162,321 |   NaN | NaN | 0,00 | 0,00 | NaN
  41 |  0,00 | 23,034 | 721,15 | 721,15 | 732,82 |  0,00 | 0,693 | 44,35 | 44,35 |  0,00 | 12,024 | 316,29 | 316,29 |  0,00 | 62,680 | 324,80 | 324,80 |  0,00 | 121,904 | 35,70 | 35,70 | 266,540 |   NaN | NaN | 0,00 | 0,00 | NaN
  42 |  0,00 | 21,634 | 722,37 | 722,37 | 733,83 |  0,00 | 0,639 | 44,35 | 44,35 |  0,00 | 11,328 | 320,84 | 320,84 |  0,00 | 59,201 | 321,47 | 321,47 |  0,00 | 117,506 | 35,70 | 35,70 | 260,400 |   NaN | NaN | 0,00 | 0,00 | NaN
  43 |  0,00 | 18,226 | 727,24 | 727,24 | 740,34 |  0,00 | 0,717 | 44,35 | 44,35 |  0,00 | 8,925 | 324,40 | 324,40 |  0,00 | 50,073 | 322,78 | 322,78 |  0,00 | 101,177 | 35,70 | 35,70 | 231,561 |   NaN | NaN | 0,00 | 0,00 | NaN
  44 |  0,00 | 22,745 | 720,15 | 720,15 | 731,56 |  0,00 | 0,629 | 44,35 | 44,35 |  0,00 | 11,286 | 318,32 | 318,32 |  0,00 | 62,832 | 321,78 | 321,78 |  0,00 | 123,047 | 35,70 | 35,70 | 267,966 |   NaN | NaN | 0,00 | 0,00 | NaN
  45 |  0,00 | 20,731 | 715,22 | 715,22 | 728,72 |  0,00 | 0,714 | 44,35 | 44,35 |  0,00 | 11,838 | 322,04 | 322,04 |  0,00 | 56,189 | 313,13 | 313,13 |  0,00 | 118,737 | 35,70 | 35,70 | 262,246 |   NaN | NaN | 0,00 | 0,00 | NaN
  46 |  0,00 | 20,943 | 716,28 | 716,28 | 727,84 |  0,00 | 0,653 | 44,35 | 44,35 |  0,00 | 9,813 | 316,49 | 316,49 |  0,00 | 58,897 | 319,74 | 319,74 |  0,00 | 106,258 | 35,70 | 35,70 | 240,149 |   NaN | NaN | 0,00 | 0,00 | NaN
  47 |  0,00 | 21,842 | 715,85 | 715,85 | 727,26 |  0,00 | 0,651 | 44,35 | 44,35 |  0,00 | 10,631 | 319,83 | 319,83 |  0,00 | 60,848 | 315,97 | 315,97 |  0,00 | 124,785 | 35,70 | 35,70 | 270,171 |   NaN | NaN | 0,00 | 0,00 | NaN
  48 |  0,00 | 21,703 | 714,28 | 714,28 | 725,73 |  0,00 | 0,680 | 44,35 | 44,35 |  0,00 | 11,106 | 316,97 | 316,97 |  0,00 | 59,659 | 317,26 | 317,26 |  0,00 | 122,881 | 35,70 | 35,70 | 267,859 |   NaN | NaN | 0,00 | 0,00 | NaN
  49 |  0,00 | 21,337 | 714,62 | 714,62 | 726,24 |  0,00 | 0,693 | 44,35 | 44,35 |  0,00 | 11,902 | 318,77 | 318,77 |  0,00 | 57,625 | 315,80 | 315,80 |  0,00 | 124,825 | 35,70 | 35,70 | 270,174 |   NaN | NaN | 0,00 | 0,00 | NaN
  50 |  0,00 | 20,105 | 719,71 | 719,71 | 731,28 |  0,00 | 0,647 | 44,35 | 44,35 |  0,00 | 8,737 | 321,68 | 321,68 |  0,00 | 57,505 | 317,98 | 317,98 |  0,00 | 103,396 | 35,70 | 35,70 | 235,485 |   NaN | NaN | 0,00 | 0,00 | NaN
  51 |  0,00 | 21,384 | 718,03 | 718,03 | 729,46 |  0,00 | 0,645 | 44,35 | 44,35 |  0,00 | 10,687 | 317,99 | 317,99 |  0,00 | 58,726 | 319,99 | 319,99 |  0,00 | 122,104 | 35,70 | 35,70 | 266,743 |   NaN | NaN | 0,00 | 0,00 | NaN
  52 |  0,00 | 22,016 | 716,50 | 716,50 | 727,97 |  0,00 | 0,671 | 44,35 | 44,35 |  0,00 | 11,723 | 314,20 | 314,20 |  0,00 | 59,690 | 322,25 | 322,25 |  0,00 | 120,002 | 35,70 | 35,70 | 264,030 |   NaN | NaN | 0,00 | 0,00 | NaN
  53 |  0,00 | 21,552 | 719,05 | 719,05 | 730,59 |  0,00 | 0,659 | 44,35 | 44,35 |  0,00 | 11,563 | 321,16 | 321,16 |  0,00 | 59,490 | 317,84 | 317,84 |  0,00 | 110,504 | 35,70 | 35,70 | 248,002 |   NaN | NaN | 0,00 | 0,00 | NaN
  54 |  0,00 | 23,407 | 712,46 | 712,46 | 723,93 |  0,00 | 0,661 | 44,35 | 44,35 |  0,00 | 12,410 | 319,34 | 319,34 |  0,00 | 65,515 | 313,07 | 313,07 |  0,00 | 118,395 | 35,70 | 35,70 | 261,664 |   NaN | NaN | 0,00 | 0,00 | NaN
  55 |  0,00 | 10,457 | 713,87 | 713,87 | 725,43 |  0,00 | 0,646 | 44,35 | 44,35 |  0,00 | 5,661 | 315,33 | 315,33 |  0,00 | 26,610 | 318,49 | 318,49 |  0,00 | 79,867 | 35,70 | 35,70 | 188,665 |   NaN | NaN | 0,00 | 0,00 | NaN
  56 |  0,00 | 21,005 | 713,25 | 713,25 | 724,67 |  0,00 | 0,652 | 44,35 | 44,35 |  0,00 | 10,976 | 316,25 | 316,25 |  0,00 | 57,331 | 316,95 | 316,95 |  0,00 | 122,499 | 35,70 | 35,70 | 267,366 |   NaN | NaN | 0,00 | 0,00 | NaN
  57 |  0,00 | 23,979 | 716,36 | 716,36 | 727,77 |  0,00 | 0,649 | 44,35 | 44,35 |  0,00 | 11,464 | 317,40 | 317,40 |  0,00 | 67,367 | 318,90 | 318,90 |  0,00 | 124,417 | 35,70 | 35,70 | 269,605 |   NaN | NaN | 0,00 | 0,00 | NaN
  58 |  0,00 | 19,429 | 718,34 | 718,34 | 729,78 |  0,00 | 0,678 | 44,35 | 44,35 |  0,00 | 10,915 | 319,26 | 319,26 |  0,00 | 51,378 | 319,03 | 319,03 |  0,00 | 124,205 | 35,70 | 35,70 | 269,326 |   NaN | NaN | 0,00 | 0,00 | NaN
  59 |  0,00 | 5,301 | 722,25 | 722,25 | 734,15 |  0,00 | 0,697 | 44,35 | 44,35 |  0,00 | 2,944 | 318,13 | 318,13 |  0,00 | 12,093 | 324,07 | 324,07 |  0,00 | 51,252 | 35,70 | 35,70 | 128,470 |   NaN | NaN | 0,00 | 0,00 | NaN
  60 |  0,00 | 19,914 | 717,65 | 717,65 | 729,07 |  0,00 | 0,632 | 44,35 | 44,35 |  0,00 | 11,011 | 318,87 | 318,87 |  0,00 | 53,281 | 318,73 | 318,73 |  0,00 | 121,929 | 35,70 | 35,70 | 266,468 |   NaN | NaN | 0,00 | 0,00 | NaN
  61 |  0,00 | 20,855 | 720,79 | 720,79 | 732,36 |  0,00 | 0,654 | 44,35 | 44,35 |  0,00 | 10,008 | 320,42 | 320,42 |  0,00 | 58,307 | 320,32 | 320,32 |  0,00 | 108,907 | 35,70 | 35,70 | 244,901 |   NaN | NaN | 0,00 | 0,00 | NaN
  62 |  0,00 | 24,582 | 720,96 | 720,96 | 734,69 |  0,00 | 0,716 | 44,35 | 44,35 |  0,00 | 12,061 | 320,35 | 320,35 |  0,00 | 68,822 | 320,55 | 320,55 |  0,00 | 123,181 | 35,70 | 35,70 | 268,051 |   NaN | NaN | 0,00 | 0,00 | NaN
  63 |  0,00 | 17,346 | 717,40 | 717,40 | 728,96 |  0,00 | 0,671 | 44,35 | 44,35 |  0,00 | 7,743 | 320,08 | 320,08 |  0,00 | 49,262 | 317,26 | 317,26 |  0,00 | 89,010 | 35,70 | 35,70 | 208,866 |   NaN | NaN | 0,00 | 0,00 | NaN
  64 |  0,00 | 22,628 | 712,59 | 712,59 | 726,22 |  0,00 | 0,714 | 44,35 | 44,35 |  0,00 | 11,507 | 316,89 | 316,89 |  0,00 | 63,071 | 315,64 | 315,64 |  0,00 | 118,360 | 35,70 | 35,70 | 261,645 |   NaN | NaN | 0,00 | 0,00 | NaN

= = = = = = = = = = = = AVERAGE RESULTS system = = = = = = = = = = = =
meanPLR_system | 0,000000 
meanDelay_system | 14,134637 
meanLoad_system | 717,258444 
meanTHR_system | 717,258444 
meanGate_system | 729,191595 

meanPLR_EF_system | 0,000000 
meanPLR_AF_system | 0,000000 
meanPLR_BE_system | 0,000000 
meanPLR_FLA_system | 0,000000 
meanPLR_FLB_system | NaN 

meanTHR_EF_system | 44,352002 
meanTHR_AF_system | 318,867559 
meanTHR_BE_system | 318,338288 
meanTHR_FLA_system | 36,314444 
meanTHR_FLB_system | 0,000000 

meanLoad_EF_system | 44,352002 
meanLoad_AF_system | 318,867559 
meanLoad_BE_system | 318,338288 
meanLoad_FLA_system | 36,314444 
meanLoad_FLB_system | 0,000000 

meanDELAY_EF_system | 0,675800 
meanDELAY_AF_system | 7,626488 
meanDELAY_BE_system | 37,301330 
meanDELAY_FLA_system | 92,855730 
meanDELAY_FLB_system | NaN 
meanDELAY_CompleteFLA_system | 208,677892 
meanDELAY_CompleteFLB_system | NaN 

= = = = = = = = = = = = AVERAGE RESULTS = = = = = = = = = = = =
Packet Loss Ratio: 00,00 (%)
PROCESSED PACKAGES: 2069974925 
DISCARTED PACKAGES: 0 
TOTAL PACKAGES: 2069974925 
AVERAGE DELAY: 2575,49 (ms) 
AVERAGE THROUGHPUT: 717,26 (Mbps) 
GRANTED THROUGHPUT: 46668,26 (Mbps) By 64 ONUs
EFFECTIVE THROUGHPUT: 45904,54 (Mbps) By 64 ONUs
TOTAL LOAD: 45904,54 (Mbps) By 64 ONUs
ON Arrival THROUGHPUT: 0,00 (Mbps) By 64 ONUs
FINISHTIMEFL: 174,476028 
FINISHTIME: 177,476028 


fileName | IPACT_STRICTPRIORITY_4_30_85_0 
