
ONU ID 	|  PLR(%) | Delay(ms) | Throughput(Mbps) | Granted Throughput(Mbps) | Total Load (Mbps) 

  ID |  PLR(%) |  D  | Thr |  Gates  |  Load  | PLR-EF | D-EF | ThrEF | LoadEF | PLR-AF | D-AF | ThrAF | LoadAF | PLR-BE | D-BE | ThrBE | LoadBE | PLR-FA | D-FA | ThrFA | LoadFA | DTFA |  PLR-FB | D-FB | ThrFB | LoadFB | DTFB | 
   1 |  0,00 | 2,188 | 642,75 | 642,75 | 671,44 |  0,00 | 0,224 | 44,35 | 44,35 |  0,00 | 1,075 | 285,07 | 285,07 |  0,00 | 1,595 | 277,67 | 277,67 |  0,00 | 79,995 | 35,66 | 35,66 | 181,913 |   NaN | NaN | 0,00 | 0,00 | NaN
   2 |  0,00 | 14,867 | 644,58 | 644,58 | 676,67 |  0,00 | 0,236 | 44,35 | 44,35 |  0,00 | 0,264 | 284,76 | 284,76 |  0,00 | 0,307 | 279,81 | 279,81 |  0,00 | 839,747 | 35,66 | 35,66 | 1699,766 |   NaN | NaN | 0,00 | 0,00 | NaN
   3 |  0,00 | 14,103 | 640,32 | 640,32 | 667,01 |  0,00 | 0,173 | 44,35 | 44,35 |  0,00 | 0,193 | 280,60 | 280,60 |  0,00 | 0,376 | 279,70 | 279,70 |  0,00 | 794,586 | 35,66 | 35,66 | 1609,489 |   NaN | NaN | 0,00 | 0,00 | NaN
   4 |  0,00 | 1,792 | 646,65 | 646,65 | 673,48 |  0,00 | 0,178 | 44,35 | 44,35 |  0,00 | 1,456 | 285,05 | 285,05 |  0,00 | 1,705 | 281,59 | 281,59 |  0,00 | 51,157 | 35,66 | 35,66 | 110,907 |   NaN | NaN | 0,00 | 0,00 | NaN
   5 |  0,00 | 21,171 | 641,09 | 641,09 | 668,01 |  0,00 | 0,204 | 44,35 | 44,35 |  0,00 | 0,213 | 280,90 | 280,90 |  0,00 | 0,336 | 280,18 | 280,18 |  0,00 | 1199,526 | 35,66 | 35,66 | 2419,597 |   NaN | NaN | 0,00 | 0,00 | NaN
   6 |  0,00 | 16,765 | 644,76 | 644,76 | 671,44 |  0,00 | 0,152 | 44,35 | 44,35 |  0,00 | 0,176 | 282,80 | 282,80 |  0,00 | 0,419 | 281,95 | 281,95 |  0,00 | 950,763 | 35,66 | 35,66 | 1922,026 |   NaN | NaN | 0,00 | 0,00 | NaN
   7 |  0,00 | 5,676 | 644,73 | 644,73 | 671,44 |  0,00 | 0,171 | 44,35 | 44,35 |  0,00 | 0,199 | 283,20 | 283,20 |  0,00 | 0,393 | 281,52 | 281,52 |  0,00 | 312,956 | 35,66 | 35,66 | 646,171 |   NaN | NaN | 0,00 | 0,00 | NaN
   8 |  0,00 | 15,415 | 643,77 | 643,77 | 671,91 |  0,00 | 0,221 | 44,35 | 44,35 |  0,00 | 0,242 | 280,83 | 280,83 |  0,00 | 0,333 | 282,93 | 282,93 |  0,00 | 870,951 | 35,66 | 35,66 | 1762,546 |   NaN | NaN | 0,00 | 0,00 | NaN
   9 |  0,00 | 9,738 | 644,54 | 644,54 | 671,29 |  0,00 | 0,161 | 44,35 | 44,35 |  0,00 | 0,170 | 281,70 | 281,70 |  0,00 | 0,389 | 282,82 | 282,82 |  0,00 | 547,150 | 35,66 | 35,66 | 1114,633 |   NaN | NaN | 0,00 | 0,00 | NaN
  10 |  0,00 | 2,054 | 641,21 | 641,21 | 669,42 |  0,00 | 0,222 | 44,35 | 44,35 |  0,00 | 1,632 | 281,06 | 281,06 |  0,00 | 2,432 | 280,13 | 280,13 |  0,00 | 51,555 | 35,66 | 35,66 | 124,726 |   NaN | NaN | 0,00 | 0,00 | NaN
  11 |  0,00 | 30,396 | 640,28 | 640,28 | 666,98 |  0,00 | 0,161 | 44,35 | 44,35 |  0,00 | 0,285 | 278,17 | 278,17 |  0,00 | 0,604 | 282,09 | 282,09 |  0,00 | 1722,908 | 35,66 | 35,66 | 3466,626 |   NaN | NaN | 0,00 | 0,00 | NaN
  12 |  0,00 | 17,721 | 642,56 | 642,56 | 671,15 |  0,00 | 0,224 | 44,35 | 44,35 |  0,00 | 0,234 | 281,06 | 281,06 |  0,00 | 0,308 | 281,48 | 281,48 |  0,00 | 1002,765 | 35,66 | 35,66 | 2026,024 |   NaN | NaN | 0,00 | 0,00 | NaN
  13 |  0,00 | 14,833 | 637,15 | 637,15 | 663,92 |  0,00 | 0,188 | 44,35 | 44,35 |  0,00 | 0,203 | 280,11 | 280,11 |  0,00 | 0,359 | 277,03 | 277,03 |  0,00 | 833,596 | 35,66 | 35,66 | 1687,785 |   NaN | NaN | 0,00 | 0,00 | NaN
  14 |  0,00 | 20,795 | 643,54 | 643,54 | 673,40 |  0,00 | 0,229 | 44,35 | 44,35 |  0,00 | 0,242 | 281,91 | 281,91 |  0,00 | 0,307 | 281,62 | 281,62 |  0,00 | 1179,967 | 35,66 | 35,66 | 2380,333 |   NaN | NaN | 0,00 | 0,00 | NaN
  15 |  0,00 | 6,007 | 639,59 | 639,59 | 668,18 |  0,00 | 0,223 | 44,35 | 44,35 |  0,00 | 0,229 | 276,63 | 276,63 |  0,00 | 0,350 | 282,95 | 282,95 |  0,00 | 329,229 | 35,66 | 35,66 | 678,904 |   NaN | NaN | 0,00 | 0,00 | NaN
  16 |  0,00 | 11,799 | 650,19 | 650,19 | 677,58 |  0,00 | 0,215 | 44,35 | 44,35 |  0,00 | 0,235 | 282,97 | 282,97 |  0,00 | 0,326 | 287,21 | 287,21 |  0,00 | 667,524 | 35,66 | 35,66 | 1355,425 |   NaN | NaN | 0,00 | 0,00 | NaN
  17 |  0,00 | 11,147 | 645,37 | 645,37 | 674,79 |  0,00 | 0,228 | 44,35 | 44,35 |  0,00 | 0,236 | 283,91 | 283,91 |  0,00 | 0,305 | 281,45 | 281,45 |  0,00 | 627,118 | 35,66 | 35,66 | 1274,708 |   NaN | NaN | 0,00 | 0,00 | NaN
  18 |  0,00 | 32,762 | 640,19 | 640,19 | 667,04 |  0,00 | 0,204 | 44,35 | 44,35 |  0,00 | 0,247 | 279,83 | 279,83 |  0,00 | 0,396 | 280,34 | 280,34 |  0,00 | 1860,868 | 35,66 | 35,66 | 3742,057 |   NaN | NaN | 0,00 | 0,00 | NaN
  19 |  0,00 | 26,039 | 635,63 | 635,63 | 662,38 |  0,00 | 0,195 | 44,35 | 44,35 |  0,00 | 0,268 | 276,86 | 276,86 |  0,00 | 0,446 | 278,76 | 278,76 |  0,00 | 1468,905 | 35,66 | 35,66 | 2957,634 |   NaN | NaN | 0,00 | 0,00 | NaN
  20 |  0,00 | 30,968 | 638,69 | 638,69 | 665,45 |  0,00 | 0,191 | 44,35 | 44,35 |  0,00 | 0,255 | 281,70 | 281,70 |  0,00 | 0,437 | 276,98 | 276,98 |  0,00 | 1755,342 | 35,66 | 35,66 | 3531,549 |   NaN | NaN | 0,00 | 0,00 | NaN
  21 |  0,00 | 4,048 | 633,87 | 633,87 | 660,67 |  0,00 | 0,195 | 44,35 | 44,35 |  0,00 | 0,210 | 277,84 | 277,84 |  0,00 | 0,374 | 276,02 | 276,02 |  0,00 | 216,681 | 35,66 | 35,66 | 453,485 |   NaN | NaN | 0,00 | 0,00 | NaN
  22 |  0,00 | 21,991 | 646,65 | 646,65 | 677,90 |  0,00 | 0,234 | 44,35 | 44,35 |  0,00 | 0,244 | 286,52 | 286,52 |  0,00 | 0,307 | 280,11 | 280,11 |  0,00 | 1252,153 | 35,66 | 35,66 | 2524,728 |   NaN | NaN | 0,00 | 0,00 | NaN
  23 |  0,00 | 28,571 | 643,16 | 643,16 | 670,61 |  0,00 | 0,216 | 44,35 | 44,35 |  0,00 | 0,422 | 281,69 | 281,69 |  0,00 | 0,564 | 281,46 | 281,46 |  0,00 | 1619,692 | 35,66 | 35,66 | 3259,599 |   NaN | NaN | 0,00 | 0,00 | NaN
  24 |  0,00 | 14,940 | 645,45 | 645,45 | 672,15 |  0,00 | 0,178 | 44,35 | 44,35 |  0,00 | 0,203 | 281,37 | 281,37 |  0,00 | 0,380 | 284,07 | 284,07 |  0,00 | 846,047 | 35,66 | 35,66 | 1712,435 |   NaN | NaN | 0,00 | 0,00 | NaN
  25 |  0,00 | 7,104 | 646,63 | 646,63 | 678,32 |  0,00 | 0,235 | 44,35 | 44,35 |  0,00 | 0,248 | 280,46 | 280,46 |  0,00 | 0,302 | 286,15 | 286,15 |  0,00 | 394,622 | 35,66 | 35,66 | 809,563 |   NaN | NaN | 0,00 | 0,00 | NaN
  26 |  0,00 | 5,590 | 639,30 | 639,30 | 669,79 |  0,00 | 0,231 | 44,35 | 44,35 |  0,00 | 0,278 | 280,57 | 280,57 |  0,00 | 0,341 | 278,71 | 278,71 |  0,00 | 304,471 | 35,66 | 35,66 | 629,163 |   NaN | NaN | 0,00 | 0,00 | NaN
  27 |  0,00 | 33,118 | 640,45 | 640,45 | 667,15 |  0,00 | 0,158 | 44,35 | 44,35 |  0,00 | 0,192 | 282,47 | 282,47 |  0,00 | 0,406 | 277,96 | 277,96 |  0,00 | 1883,575 | 35,66 | 35,66 | 3787,883 |   NaN | NaN | 0,00 | 0,00 | NaN
  28 |  0,00 | 29,003 | 636,31 | 636,31 | 665,01 |  0,00 | 0,224 | 44,35 | 44,35 |  0,00 | 0,398 | 280,65 | 280,65 |  0,00 | 0,950 | 275,65 | 275,65 |  0,00 | 1628,724 | 35,66 | 35,66 | 3277,913 |   NaN | NaN | 0,00 | 0,00 | NaN
  29 |  0,00 | 29,806 | 644,42 | 644,42 | 671,30 |  0,00 | 0,204 | 44,35 | 44,35 |  0,00 | 0,329 | 282,00 | 282,00 |  0,00 | 0,568 | 282,41 | 282,41 |  0,00 | 1694,333 | 35,66 | 35,66 | 3409,532 |   NaN | NaN | 0,00 | 0,00 | NaN
  30 |  0,00 | 31,812 | 640,11 | 640,11 | 671,43 |  0,00 | 0,234 | 44,35 | 44,35 |  0,00 | 0,262 | 279,90 | 279,90 |  0,00 | 0,323 | 280,20 | 280,20 |  0,00 | 1806,219 | 35,66 | 35,66 | 3632,647 |   NaN | NaN | 0,00 | 0,00 | NaN
  31 |  0,00 | 28,805 | 639,97 | 639,97 | 666,80 |  0,00 | 0,201 | 44,35 | 44,35 |  0,00 | 0,473 | 281,91 | 281,91 |  0,00 | 0,647 | 278,04 | 278,04 |  0,00 | 1626,986 | 35,66 | 35,66 | 3274,291 |   NaN | NaN | 0,00 | 0,00 | NaN
  32 |  0,00 | 30,440 | 644,39 | 644,39 | 671,10 |  0,00 | 0,157 | 44,35 | 44,35 |  0,00 | 0,319 | 281,93 | 281,93 |  0,00 | 0,866 | 282,44 | 282,44 |  0,00 | 1727,647 | 35,66 | 35,66 | 3476,052 |   NaN | NaN | 0,00 | 0,00 | NaN
  33 |  0,00 | 31,341 | 640,20 | 640,20 | 668,49 |  0,00 | 0,223 | 44,35 | 44,35 |  0,00 | 0,388 | 279,51 | 279,51 |  0,00 | 0,645 | 280,67 | 280,67 |  0,00 | 1773,173 | 35,66 | 35,66 | 3567,198 |   NaN | NaN | 0,00 | 0,00 | NaN
  34 |  0,00 | 34,179 | 640,99 | 640,99 | 668,29 |  0,00 | 0,214 | 44,35 | 44,35 |  0,00 | 0,230 | 281,19 | 281,19 |  0,00 | 0,334 | 279,78 | 279,78 |  0,00 | 1944,252 | 35,66 | 35,66 | 3909,197 |   NaN | NaN | 0,00 | 0,00 | NaN
  35 |  0,00 | 35,168 | 646,93 | 646,93 | 673,66 |  0,00 | 0,163 | 44,35 | 44,35 |  0,00 | 0,176 | 283,11 | 283,11 |  0,00 | 0,379 | 283,81 | 283,81 |  0,00 | 2013,470 | 35,66 | 35,66 | 4047,362 |   NaN | NaN | 0,00 | 0,00 | NaN
  36 |  0,00 | 33,583 | 640,38 | 640,38 | 667,97 |  0,00 | 0,216 | 44,35 | 44,35 |  0,00 | 0,261 | 277,55 | 277,55 |  0,00 | 0,353 | 282,82 | 282,82 |  0,00 | 1908,319 | 35,66 | 35,66 | 3837,468 |   NaN | NaN | 0,00 | 0,00 | NaN
  37 |  0,00 | 30,286 | 647,59 | 647,59 | 674,39 |  0,00 | 0,199 | 44,35 | 44,35 |  0,00 | 0,338 | 285,74 | 285,74 |  0,00 | 0,490 | 281,84 | 281,84 |  0,00 | 1728,117 | 35,66 | 35,66 | 3477,052 |   NaN | NaN | 0,00 | 0,00 | NaN
  38 |  0,00 | 31,907 | 645,62 | 645,62 | 672,39 |  0,00 | 0,191 | 44,35 | 44,35 |  0,00 | 0,206 | 282,61 | 282,61 |  0,00 | 0,352 | 283,00 | 283,00 |  0,00 | 1822,209 | 35,66 | 35,66 | 3664,845 |   NaN | NaN | 0,00 | 0,00 | NaN
  39 |  0,00 | 31,298 | 633,01 | 633,01 | 664,29 |  0,00 | 0,234 | 44,35 | 44,35 |  0,00 | 0,243 | 277,49 | 277,49 |  0,00 | 0,364 | 275,50 | 275,50 |  0,00 | 1764,793 | 35,66 | 35,66 | 3550,304 |   NaN | NaN | 0,00 | 0,00 | NaN
  40 |  0,00 | 33,196 | 636,75 | 636,75 | 668,02 |  0,00 | 0,234 | 44,35 | 44,35 |  0,00 | 0,258 | 281,31 | 281,31 |  0,00 | 0,350 | 275,43 | 275,43 |  0,00 | 1879,393 | 35,66 | 35,66 | 3779,219 |   NaN | NaN | 0,00 | 0,00 | NaN
  41 |  0,00 | 29,220 | 645,74 | 645,74 | 673,39 |  0,00 | 0,217 | 44,35 | 44,35 |  0,00 | 0,353 | 279,13 | 279,13 |  0,00 | 0,588 | 286,60 | 286,60 |  0,00 | 1661,633 | 35,66 | 35,66 | 3344,114 |   NaN | NaN | 0,00 | 0,00 | NaN
  42 |  0,00 | 29,745 | 647,08 | 647,08 | 673,78 |  0,00 | 0,163 | 44,35 | 44,35 |  0,00 | 0,263 | 283,25 | 283,25 |  0,00 | 0,662 | 283,81 | 283,81 |  0,00 | 1695,363 | 35,66 | 35,66 | 3411,623 |   NaN | NaN | 0,00 | 0,00 | NaN
  43 |  0,00 | 30,843 | 650,97 | 650,97 | 681,80 |  0,00 | 0,241 | 44,35 | 44,35 |  0,00 | 0,267 | 286,23 | 286,23 |  0,00 | 0,365 | 284,73 | 284,73 |  0,00 | 1767,537 | 35,66 | 35,66 | 3555,785 |   NaN | NaN | 0,00 | 0,00 | NaN
  44 |  0,00 | 29,175 | 645,13 | 645,13 | 671,81 |  0,00 | 0,153 | 44,35 | 44,35 |  0,00 | 0,523 | 281,08 | 281,08 |  0,00 | 0,986 | 284,03 | 284,03 |  0,00 | 1651,378 | 35,66 | 35,66 | 3323,432 |   NaN | NaN | 0,00 | 0,00 | NaN
  45 |  0,00 | 29,779 | 640,49 | 640,49 | 673,03 |  0,00 | 0,237 | 44,35 | 44,35 |  0,00 | 0,352 | 284,06 | 284,06 |  0,00 | 0,592 | 276,41 | 276,41 |  0,00 | 1685,083 | 35,66 | 35,66 | 3391,150 |   NaN | NaN | 0,00 | 0,00 | NaN
  46 |  0,00 | 30,782 | 641,71 | 641,71 | 668,38 |  0,00 | 0,177 | 44,35 | 44,35 |  0,00 | 0,225 | 279,26 | 279,26 |  0,00 | 0,437 | 282,43 | 282,43 |  0,00 | 1750,117 | 35,66 | 35,66 | 3521,096 |   NaN | NaN | 0,00 | 0,00 | NaN
  47 |  0,00 | 28,477 | 641,00 | 641,00 | 667,71 |  0,00 | 0,174 | 44,35 | 44,35 |  0,00 | 0,387 | 282,20 | 282,20 |  0,00 | 0,676 | 278,78 | 278,78 |  0,00 | 1611,324 | 35,66 | 35,66 | 3242,853 |   NaN | NaN | 0,00 | 0,00 | NaN
  48 |  0,00 | 29,098 | 639,54 | 639,54 | 666,45 |  0,00 | 0,204 | 44,35 | 44,35 |  0,00 | 0,256 | 279,65 | 279,65 |  0,00 | 0,522 | 279,87 | 279,87 |  0,00 | 1648,126 | 35,66 | 35,66 | 3316,787 |   NaN | NaN | 0,00 | 0,00 | NaN
  49 |  0,00 | 28,581 | 639,72 | 639,72 | 667,25 |  0,00 | 0,216 | 44,35 | 44,35 |  0,00 | 0,382 | 281,18 | 281,18 |  0,00 | 0,691 | 278,53 | 278,53 |  0,00 | 1614,163 | 35,66 | 35,66 | 3248,508 |   NaN | NaN | 0,00 | 0,00 | NaN
  50 |  0,00 | 30,834 | 644,19 | 644,19 | 670,88 |  0,00 | 0,171 | 44,35 | 44,35 |  0,00 | 0,199 | 283,83 | 283,83 |  0,00 | 0,393 | 280,35 | 280,35 |  0,00 | 1758,893 | 35,66 | 35,66 | 3538,489 |   NaN | NaN | 0,00 | 0,00 | NaN
  51 |  0,00 | 29,300 | 642,99 | 642,99 | 669,72 |  0,00 | 0,169 | 44,35 | 44,35 |  0,00 | 0,534 | 280,53 | 280,53 |  0,00 | 0,730 | 282,45 | 282,45 |  0,00 | 1658,652 | 35,66 | 35,66 | 3337,978 |   NaN | NaN | 0,00 | 0,00 | NaN
  52 |  0,00 | 29,722 | 641,63 | 641,63 | 668,41 |  0,00 | 0,195 | 44,35 | 44,35 |  0,00 | 0,465 | 277,37 | 277,37 |  0,00 | 0,950 | 284,25 | 284,25 |  0,00 | 1677,749 | 35,66 | 35,66 | 3376,474 |   NaN | NaN | 0,00 | 0,00 | NaN
  53 |  0,00 | 30,445 | 643,77 | 643,77 | 670,47 |  0,00 | 0,182 | 44,35 | 44,35 |  0,00 | 0,270 | 283,20 | 283,20 |  0,00 | 0,403 | 280,56 | 280,56 |  0,00 | 1733,932 | 35,66 | 35,66 | 3488,628 |   NaN | NaN | 0,00 | 0,00 | NaN
  54 |  0,00 | 29,883 | 638,19 | 638,19 | 664,96 |  0,00 | 0,185 | 44,35 | 44,35 |  0,00 | 0,305 | 281,82 | 281,82 |  0,00 | 0,616 | 276,36 | 276,36 |  0,00 | 1689,025 | 35,66 | 35,66 | 3398,991 |   NaN | NaN | 0,00 | 0,00 | NaN
  55 |  0,00 | 32,181 | 639,17 | 639,17 | 665,87 |  0,00 | 0,170 | 44,35 | 44,35 |  0,00 | 0,190 | 278,14 | 278,14 |  0,00 | 0,387 | 281,02 | 281,02 |  0,00 | 1827,434 | 35,66 | 35,66 | 3675,298 |   NaN | NaN | 0,00 | 0,00 | NaN
  56 |  0,00 | 29,335 | 639,11 | 639,11 | 665,82 |  0,00 | 0,176 | 44,35 | 44,35 |  0,00 | 0,380 | 279,14 | 279,14 |  0,00 | 0,733 | 279,95 | 279,95 |  0,00 | 1656,527 | 35,66 | 35,66 | 3333,658 |   NaN | NaN | 0,00 | 0,00 | NaN
  57 |  0,00 | 28,703 | 641,71 | 641,71 | 668,41 |  0,00 | 0,173 | 44,35 | 44,35 |  0,00 | 0,274 | 280,20 | 280,20 |  0,00 | 0,672 | 281,50 | 281,50 |  0,00 | 1626,810 | 35,66 | 35,66 | 3273,995 |   NaN | NaN | 0,00 | 0,00 | NaN
  58 |  0,00 | 28,907 | 643,04 | 643,04 | 669,88 |  0,00 | 0,202 | 44,35 | 44,35 |  0,00 | 0,618 | 281,48 | 281,48 |  0,00 | 0,944 | 281,55 | 281,55 |  0,00 | 1630,787 | 35,66 | 35,66 | 3282,028 |   NaN | NaN | 0,00 | 0,00 | NaN
  59 |  0,00 | 33,766 | 646,62 | 646,62 | 674,60 |  0,00 | 0,221 | 44,35 | 44,35 |  0,00 | 0,229 | 280,63 | 280,63 |  0,00 | 0,321 | 285,98 | 285,98 |  0,00 | 1930,622 | 35,66 | 35,66 | 3881,670 |   NaN | NaN | 0,00 | 0,00 | NaN
  60 |  0,00 | 29,385 | 642,50 | 642,50 | 669,20 |  0,00 | 0,155 | 44,35 | 44,35 |  0,00 | 0,517 | 281,40 | 281,40 |  0,00 | 0,825 | 281,09 | 281,09 |  0,00 | 1661,924 | 35,66 | 35,66 | 3344,536 |   NaN | NaN | 0,00 | 0,00 | NaN
  61 |  0,00 | 30,574 | 645,48 | 645,48 | 672,18 |  0,00 | 0,178 | 44,35 | 44,35 |  0,00 | 0,263 | 282,82 | 282,82 |  0,00 | 0,500 | 282,64 | 282,64 |  0,00 | 1742,706 | 35,66 | 35,66 | 3506,191 |   NaN | NaN | 0,00 | 0,00 | NaN
  62 |  0,00 | 28,984 | 645,51 | 645,51 | 678,66 |  0,00 | 0,240 | 44,35 | 44,35 |  0,00 | 0,383 | 282,60 | 282,60 |  0,00 | 0,473 | 282,90 | 282,90 |  0,00 | 1648,461 | 35,66 | 35,66 | 3317,427 |   NaN | NaN | 0,00 | 0,00 | NaN
  63 |  0,00 | 31,630 | 642,81 | 642,81 | 669,56 |  0,00 | 0,195 | 44,35 | 44,35 |  0,00 | 0,231 | 282,80 | 282,80 |  0,00 | 0,377 | 280,00 | 280,00 |  0,00 | 1800,915 | 35,66 | 35,66 | 3622,047 |   NaN | NaN | 0,00 | 0,00 | NaN
  64 |  0,00 | 30,076 | 638,05 | 638,05 | 670,92 |  0,00 | 0,238 | 44,35 | 44,35 |  0,00 | 0,504 | 279,63 | 279,63 |  0,00 | 0,988 | 278,41 | 278,41 |  0,00 | 1690,196 | 35,66 | 35,66 | 3401,318 |   NaN | NaN | 0,00 | 0,00 | NaN

= = = = = = = = = = = = AVERAGE RESULTS system = = = = = = = = = = = =
meanPLR_system | 0,000000 
meanDelay_system | 24,247624 
meanLoad_system | 642,279968 
meanTHR_system | 642,279968 
meanGate_system | 670,247789 

meanPLR_EF_system | 0,000000 
meanPLR_AF_system | 0,000000 
meanPLR_BE_system | 0,000000 
meanPLR_FLA_system | 0,000000 
meanPLR_FLB_system | NaN 

meanTHR_EF_system | 44,352002 
meanTHR_AF_system | 281,353418 
meanTHR_BE_system | 280,913679 
meanTHR_FLA_system | 36,273340 
meanTHR_FLB_system | 0,000000 

meanLoad_EF_system | 44,352002 
meanLoad_AF_system | 281,353418 
meanLoad_BE_system | 280,913679 
meanLoad_FLA_system | 36,273340 
meanLoad_FLB_system | 0,000000 

meanDELAY_EF_system | 0,199602 
meanDELAY_AF_system | 0,345386 
meanDELAY_BE_system | 0,566393 
meanDELAY_FLA_system | 1371,888176 
meanDELAY_FLB_system | NaN 
meanDELAY_CompleteFLA_system | 2764,169236 
meanDELAY_CompleteFLB_system | NaN 

= = = = = = = = = = = = AVERAGE RESULTS = = = = = = = = = = = =
Packet Loss Ratio: 00,00 (%)
PROCESSED PACKAGES: 1938415912 
DISCARTED PACKAGES: 0 
TOTAL PACKAGES: 1938415912 
AVERAGE DELAY: 4132,95 (ms) 
AVERAGE THROUGHPUT: 642,28 (Mbps) 
GRANTED THROUGHPUT: 42895,86 (Mbps) By 64 ONUs
EFFECTIVE THROUGHPUT: 41105,92 (Mbps) By 64 ONUs
TOTAL LOAD: 41105,92 (Mbps) By 64 ONUs
ON Arrival THROUGHPUT: 0,00 (Mbps) By 64 ONUs
FINISHTIMEFL: 174,673742 
FINISHTIME: 177,673742 


fileName | IPACT_LEAKYBUCKET_4_30_75_0 
