
ONU ID 	|  PLR(%) | Delay(ms) | Throughput(Mbps) | Granted Throughput(Mbps) | Total Load (Mbps) 

  ID |  PLR(%) |  D  | Thr |  Gates  |  Load  | PLR-EF | D-EF | ThrEF | LoadEF | PLR-AF | D-AF | ThrAF | LoadAF | PLR-BE | D-BE | ThrBE | LoadBE | PLR-FA | D-FA | ThrFA | LoadFA | DTFA |  PLR-FB | D-FB | ThrFB | LoadFB | DTFB | 
   1 |  8,21 | 289,496 | 754,52 | 821,99 | 759,07 |  0,00 | 1,459 | 44,35 | 44,35 |  0,00 | 1,417 | 366,78 | 366,78 | 19,03 | 1160,602 | 287,03 | 354,50 |  0,00 | 309,134 | 56,36 | 56,36 | 628,693 |   NaN | NaN | 0,00 | 0,00 | NaN
   2 |  8,24 | 283,906 | 754,59 | 822,39 | 759,14 |  0,00 | 1,508 | 44,35 | 44,35 |  0,00 | 1,432 | 362,56 | 362,56 | 18,88 | 1120,899 | 291,32 | 359,12 |  0,00 | 308,362 | 56,36 | 56,36 | 598,295 |   NaN | NaN | 0,00 | 0,00 | NaN
   3 |  7,67 | 281,955 | 754,46 | 817,12 | 759,01 |  0,00 | 1,371 | 44,35 | 44,35 |  0,00 | 1,365 | 358,67 | 358,67 | 17,52 | 1097,367 | 295,08 | 357,74 |  0,00 | 323,075 | 56,36 | 56,36 | 631,904 |   NaN | NaN | 0,00 | 0,00 | NaN
   4 |  8,81 | 292,196 | 755,15 | 828,13 | 759,69 |  0,00 | 1,500 | 44,35 | 44,35 |  0,00 | 1,374 | 366,84 | 366,84 | 20,24 | 1171,590 | 287,60 | 360,58 |  0,00 | 295,389 | 56,36 | 56,36 | 605,920 |   NaN | NaN | 0,00 | 0,00 | NaN
   5 |  7,88 | 278,861 | 753,99 | 818,50 | 758,53 |  0,00 | 1,497 | 44,35 | 44,35 |  0,00 | 1,399 | 358,81 | 358,81 | 17,97 | 1086,355 | 294,47 | 358,98 |  0,00 | 321,712 | 56,36 | 56,36 | 636,051 |   NaN | NaN | 0,00 | 0,00 | NaN
   6 |  8,61 | 287,460 | 755,12 | 826,25 | 759,68 |  0,00 | 1,440 | 44,35 | 44,35 |  0,00 | 1,345 | 364,27 | 364,27 | 19,69 | 1139,522 | 290,13 | 361,26 |  0,00 | 319,371 | 56,36 | 56,36 | 646,202 |   NaN | NaN | 0,00 | 0,00 | NaN
   7 |  8,18 | 288,747 | 754,80 | 822,00 | 759,35 |  0,00 | 1,397 | 44,35 | 44,35 |  0,00 | 1,362 | 361,64 | 361,64 | 18,69 | 1135,277 | 292,45 | 359,66 |  0,00 | 322,137 | 56,36 | 56,36 | 646,306 |   NaN | NaN | 0,00 | 0,00 | NaN
   8 |  8,09 | 291,882 | 754,95 | 821,42 | 759,52 |  0,00 | 1,423 | 44,35 | 44,35 |  0,00 | 1,414 | 357,78 | 357,78 | 18,32 | 1133,633 | 296,46 | 362,93 |  0,00 | 308,472 | 56,36 | 56,36 | 631,319 |   NaN | NaN | 0,00 | 0,00 | NaN
   9 |  8,75 | 290,972 | 755,01 | 827,38 | 759,56 |  0,00 | 1,612 | 44,35 | 44,35 |  0,00 | 1,354 | 365,40 | 365,40 | 20,03 | 1160,588 | 288,89 | 361,26 |  0,00 | 297,823 | 56,36 | 56,36 | 610,820 |   NaN | NaN | 0,00 | 0,00 | NaN
  10 |  7,80 | 287,202 | 755,68 | 819,64 | 760,24 |  0,00 | 1,469 | 44,35 | 44,35 |  0,00 | 1,413 | 359,58 | 359,58 | 17,80 | 1120,865 | 295,39 | 359,36 |  0,00 | 299,129 | 56,36 | 56,36 | 604,833 |   NaN | NaN | 0,00 | 0,00 | NaN
  11 |  7,66 | 288,896 | 753,98 | 816,57 | 758,53 |  0,00 | 1,385 | 44,35 | 44,35 |  0,00 | 1,353 | 354,49 | 354,49 | 17,32 | 1113,025 | 298,78 | 361,37 |  0,00 | 303,351 | 56,36 | 56,36 | 618,862 |   NaN | NaN | 0,00 | 0,00 | NaN
  12 |  7,85 | 293,428 | 755,31 | 819,67 | 759,86 |  0,00 | 1,449 | 44,35 | 44,35 |  0,00 | 1,416 | 358,58 | 358,58 | 17,86 | 1143,597 | 296,02 | 360,38 |  0,00 | 296,475 | 56,36 | 56,36 | 603,539 |   NaN | NaN | 0,00 | 0,00 | NaN
  13 |  7,19 | 282,102 | 754,42 | 812,89 | 758,96 |  0,00 | 1,393 | 44,35 | 44,35 |  0,00 | 1,381 | 357,59 | 357,59 | 16,49 | 1097,873 | 296,12 | 354,59 |  0,00 | 289,840 | 56,36 | 56,36 | 598,597 |   NaN | NaN | 0,00 | 0,00 | NaN
  14 |  8,51 | 283,976 | 753,37 | 823,48 | 757,92 |  0,00 | 1,439 | 44,35 | 44,35 |  0,00 | 1,421 | 361,29 | 361,29 | 19,39 | 1120,648 | 291,38 | 361,48 |  0,00 | 300,568 | 56,36 | 56,36 | 611,838 |   NaN | NaN | 0,00 | 0,00 | NaN
  15 |  7,90 | 289,373 | 754,09 | 818,79 | 758,63 |  0,00 | 1,511 | 44,35 | 44,35 |  0,00 | 1,419 | 355,48 | 355,48 | 17,84 | 1117,555 | 297,90 | 362,60 |  0,00 | 306,133 | 56,36 | 56,36 | 620,000 |   NaN | NaN | 0,00 | 0,00 | NaN
  16 |  8,88 | 296,571 | 754,98 | 828,58 | 759,50 |  0,00 | 1,586 | 44,35 | 44,35 |  0,00 | 1,417 | 361,66 | 361,66 | 20,10 | 1168,274 | 292,62 | 366,21 |  0,00 | 300,906 | 56,36 | 56,36 | 611,949 |   NaN | NaN | 0,00 | 0,00 | NaN
  17 |  8,74 | 292,328 | 754,09 | 826,34 | 758,68 |  0,00 | 1,429 | 44,35 | 44,35 |  0,00 | 1,420 | 363,55 | 363,55 | 19,95 | 1160,133 | 289,83 | 362,08 |  0,00 | 309,853 | 56,36 | 56,36 | 644,632 |   NaN | NaN | 0,00 | 0,00 | NaN
  18 |  7,87 | 286,944 | 753,11 | 817,41 | 757,68 |  0,00 | 1,451 | 44,35 | 44,35 |  0,00 | 1,397 | 356,35 | 356,35 | 17,85 | 1113,107 | 296,04 | 360,35 |  0,00 | 316,418 | 56,36 | 56,36 | 650,077 |   NaN | NaN | 0,00 | 0,00 | NaN
  19 |  7,32 | 286,534 | 754,59 | 814,17 | 759,13 |  0,00 | 1,430 | 44,35 | 44,35 |  0,00 | 1,386 | 355,77 | 355,77 | 16,66 | 1107,155 | 298,11 | 357,69 |  0,00 | 299,972 | 56,36 | 56,36 | 623,260 |   NaN | NaN | 0,00 | 0,00 | NaN
  20 |  7,32 | 286,668 | 755,70 | 815,37 | 760,25 |  0,00 | 1,396 | 44,35 | 44,35 |  0,00 | 1,383 | 360,76 | 360,76 | 16,86 | 1122,229 | 294,23 | 353,90 |  0,00 | 306,371 | 56,36 | 56,36 | 608,176 |   NaN | NaN | 0,00 | 0,00 | NaN
  21 |  6,66 | 280,275 | 754,80 | 808,66 | 759,31 |  0,00 | 1,402 | 44,35 | 44,35 |  0,00 | 1,387 | 355,14 | 355,14 | 15,27 | 1079,901 | 298,94 | 352,81 |  0,00 | 292,412 | 56,36 | 56,36 | 597,259 |   NaN | NaN | 0,00 | 0,00 | NaN
  22 |  8,84 | 294,640 | 754,78 | 827,96 | 759,37 |  0,00 | 1,537 | 44,35 | 44,35 |  0,00 | 1,438 | 369,17 | 369,17 | 20,44 | 1192,462 | 284,91 | 358,09 |  0,00 | 294,116 | 56,36 | 56,36 | 604,215 |   NaN | NaN | 0,00 | 0,00 | NaN
  23 |  8,21 | 292,094 | 754,46 | 821,92 | 759,01 |  0,00 | 1,513 | 44,35 | 44,35 |  0,00 | 1,410 | 362,40 | 362,40 | 18,80 | 1155,751 | 291,35 | 358,81 |  0,00 | 291,633 | 56,36 | 56,36 | 614,401 |   NaN | NaN | 0,00 | 0,00 | NaN
  24 |  8,14 | 286,578 | 754,80 | 821,68 | 759,34 |  0,00 | 1,405 | 44,35 | 44,35 |  0,00 | 1,369 | 358,71 | 358,71 | 18,46 | 1116,684 | 295,38 | 362,26 |  0,00 | 307,128 | 56,36 | 56,36 | 624,037 |   NaN | NaN | 0,00 | 0,00 | NaN
  25 |  8,98 | 294,108 | 754,22 | 828,62 | 758,79 |  0,00 | 1,446 | 44,35 | 44,35 |  0,00 | 1,427 | 360,70 | 360,70 | 20,26 | 1157,526 | 292,80 | 367,21 |  0,00 | 296,135 | 56,36 | 56,36 | 595,987 |   NaN | NaN | 0,00 | 0,00 | NaN
  26 |  7,75 | 287,959 | 755,03 | 818,49 | 759,60 |  0,00 | 1,467 | 44,35 | 44,35 |  0,00 | 1,423 | 359,43 | 359,43 | 17,71 | 1125,044 | 294,89 | 358,35 |  0,00 | 299,318 | 56,36 | 56,36 | 603,773 |   NaN | NaN | 0,00 | 0,00 | NaN
  27 |  7,54 | 279,377 | 754,45 | 815,93 | 758,97 |  0,00 | 1,500 | 44,35 | 44,35 |  0,00 | 1,357 | 359,76 | 359,76 | 17,30 | 1093,714 | 293,98 | 355,46 |  0,00 | 294,324 | 56,36 | 56,36 | 606,576 |   NaN | NaN | 0,00 | 0,00 | NaN
  28 |  7,59 | 286,771 | 754,58 | 816,56 | 759,16 |  0,00 | 1,454 | 44,35 | 44,35 |  0,00 | 1,417 | 361,22 | 361,22 | 17,48 | 1127,172 | 292,65 | 354,63 |  0,00 | 313,106 | 56,36 | 56,36 | 633,102 |   NaN | NaN | 0,00 | 0,00 | NaN
  29 |  8,53 | 294,630 | 755,22 | 825,66 | 759,77 |  0,00 | 1,413 | 44,35 | 44,35 |  0,00 | 1,396 | 362,50 | 362,50 | 19,43 | 1163,176 | 292,01 | 362,45 |  0,00 | 299,246 | 56,36 | 56,36 | 617,702 |   NaN | NaN | 0,00 | 0,00 | NaN
  30 |  7,83 | 289,002 | 753,55 | 817,54 | 758,13 |  0,00 | 1,458 | 44,35 | 44,35 |  0,00 | 1,427 | 357,63 | 357,63 | 17,82 | 1125,198 | 295,21 | 359,20 |  0,00 | 315,033 | 56,36 | 56,36 | 627,550 |   NaN | NaN | 0,00 | 0,00 | NaN
  31 |  7,76 | 286,895 | 755,39 | 818,96 | 759,92 |  0,00 | 1,424 | 44,35 | 44,35 |  0,00 | 1,393 | 360,68 | 360,68 | 17,78 | 1125,288 | 294,00 | 357,58 |  0,00 | 290,414 | 56,36 | 56,36 | 591,021 |   NaN | NaN | 0,00 | 0,00 | NaN
  32 |  8,13 | 289,558 | 755,78 | 822,66 | 760,32 |  0,00 | 1,838 | 44,35 | 44,35 |  0,00 | 1,409 | 360,12 | 360,12 | 18,49 | 1131,508 | 294,94 | 361,83 |  0,00 | 298,393 | 56,36 | 56,36 | 614,835 |   NaN | NaN | 0,00 | 0,00 | NaN
  33 |  7,41 | 280,914 | 754,77 | 815,15 | 759,33 |  0,00 | 1,491 | 44,35 | 44,35 |  0,00 | 1,413 | 357,05 | 357,05 | 16,89 | 1088,576 | 297,01 | 357,38 |  0,00 | 299,093 | 56,36 | 56,36 | 620,074 |   NaN | NaN | 0,00 | 0,00 | NaN
  34 |  7,41 | 288,342 | 755,02 | 815,45 | 759,55 |  0,00 | 1,429 | 44,35 | 44,35 |  0,00 | 1,405 | 359,47 | 359,47 | 17,01 | 1124,177 | 294,83 | 355,27 |  0,00 | 327,880 | 56,36 | 56,36 | 655,546 |   NaN | NaN | 0,00 | 0,00 | NaN
  35 |  8,66 | 292,473 | 755,60 | 827,19 | 760,14 |  0,00 | 1,366 | 44,35 | 44,35 |  0,00 | 1,354 | 361,92 | 361,92 | 19,64 | 1152,791 | 292,97 | 364,57 |  0,00 | 284,053 | 56,36 | 56,36 | 587,166 |   NaN | NaN | 0,00 | 0,00 | NaN
  36 |  7,57 | 290,163 | 755,41 | 817,31 | 759,96 |  0,00 | 1,416 | 44,35 | 44,35 |  0,00 | 1,408 | 355,21 | 355,21 | 17,13 | 1118,673 | 299,50 | 361,39 |  0,00 | 285,105 | 56,36 | 56,36 | 590,710 |   NaN | NaN | 0,00 | 0,00 | NaN
  37 |  8,77 | 295,087 | 755,43 | 828,06 | 760,01 |  0,00 | 1,436 | 44,35 | 44,35 |  0,00 | 1,397 | 366,61 | 366,61 | 20,13 | 1177,613 | 288,10 | 360,74 |  0,00 | 335,849 | 56,36 | 56,36 | 677,682 |   NaN | NaN | 0,00 | 0,00 | NaN
  38 |  8,45 | 290,218 | 754,77 | 824,45 | 759,32 |  0,00 | 1,394 | 44,35 | 44,35 |  0,00 | 1,381 | 363,11 | 363,11 | 19,32 | 1150,490 | 290,95 | 360,62 |  0,00 | 289,810 | 56,36 | 56,36 | 597,237 |   NaN | NaN | 0,00 | 0,00 | NaN
  39 |  6,86 | 284,564 | 753,16 | 808,63 | 757,72 |  0,00 | 1,464 | 44,35 | 44,35 |  0,00 | 1,428 | 355,11 | 355,11 | 15,72 | 1100,622 | 297,34 | 352,80 |  0,00 | 298,130 | 56,36 | 56,36 | 603,082 |   NaN | NaN | 0,00 | 0,00 | NaN
  40 |  7,06 | 281,834 | 753,53 | 810,80 | 758,12 |  0,00 | 1,456 | 44,35 | 44,35 |  0,00 | 1,426 | 357,53 | 357,53 | 16,24 | 1095,710 | 295,29 | 352,56 |  0,00 | 315,613 | 56,36 | 56,36 | 648,167 |   NaN | NaN | 0,00 | 0,00 | NaN
  41 |  8,34 | 290,066 | 754,51 | 823,19 | 759,09 |  0,00 | 1,458 | 44,35 | 44,35 |  0,00 | 1,410 | 356,64 | 356,64 | 18,77 | 1122,770 | 297,17 | 365,84 |  0,00 | 316,280 | 56,36 | 56,36 | 626,502 |   NaN | NaN | 0,00 | 0,00 | NaN
  42 |  8,73 | 291,649 | 754,36 | 826,48 | 758,91 |  0,00 | 1,442 | 44,35 | 44,35 |  0,00 | 1,357 | 362,88 | 362,88 | 19,87 | 1151,958 | 290,77 | 362,89 |  0,00 | 332,206 | 56,36 | 56,36 | 654,142 |   NaN | NaN | 0,00 | 0,00 | NaN
  43 |  8,71 | 290,433 | 754,97 | 826,97 | 759,55 |  0,00 | 1,442 | 44,35 | 44,35 |  0,00 | 1,433 | 363,34 | 363,34 | 19,84 | 1149,055 | 290,92 | 362,92 |  0,00 | 309,327 | 56,36 | 56,36 | 628,534 |   NaN | NaN | 0,00 | 0,00 | NaN
  44 |  8,57 | 294,018 | 755,11 | 825,91 | 759,65 |  0,00 | 1,359 | 44,35 | 44,35 |  0,00 | 1,345 | 360,32 | 360,32 | 19,40 | 1152,527 | 294,08 | 364,88 |  0,00 | 305,156 | 56,36 | 56,36 | 598,145 |   NaN | NaN | 0,00 | 0,00 | NaN
  45 |  7,99 | 291,725 | 754,80 | 820,38 | 759,38 |  0,00 | 1,581 | 44,35 | 44,35 |  0,00 | 1,428 | 364,34 | 364,34 | 18,46 | 1157,924 | 289,75 | 355,33 |  0,00 | 317,603 | 56,36 | 56,36 | 643,448 |   NaN | NaN | 0,00 | 0,00 | NaN
  46 |  8,19 | 288,883 | 753,23 | 820,47 | 757,75 |  0,00 | 1,425 | 44,35 | 44,35 |  0,00 | 1,372 | 357,84 | 357,84 | 18,58 | 1127,710 | 294,68 | 361,92 |  0,00 | 299,370 | 56,36 | 56,36 | 621,808 |   NaN | NaN | 0,00 | 0,00 | NaN
  47 |  7,60 | 284,841 | 754,87 | 816,98 | 759,42 |  0,00 | 1,386 | 44,35 | 44,35 |  0,00 | 1,366 | 359,51 | 359,51 | 17,41 | 1111,663 | 294,65 | 356,76 |  0,00 | 317,008 | 56,36 | 56,36 | 643,426 |   NaN | NaN | 0,00 | 0,00 | NaN
  48 |  7,81 | 283,977 | 752,88 | 816,65 | 757,40 |  0,00 | 1,486 | 44,35 | 44,35 |  0,00 | 1,407 | 358,24 | 358,24 | 17,83 | 1110,430 | 293,93 | 357,70 |  0,00 | 300,640 | 56,36 | 56,36 | 612,653 |   NaN | NaN | 0,00 | 0,00 | NaN
  49 |  7,47 | 280,316 | 753,30 | 814,10 | 757,88 |  0,00 | 1,738 | 44,35 | 44,35 |  0,00 | 1,409 | 357,28 | 357,28 | 17,07 | 1089,946 | 295,31 | 356,11 |  0,00 | 307,151 | 56,36 | 56,36 | 636,210 |   NaN | NaN | 0,00 | 0,00 | NaN
  50 |  7,93 | 288,479 | 754,51 | 819,45 | 759,08 |  0,00 | 1,396 | 44,35 | 44,35 |  0,00 | 1,363 | 360,40 | 360,40 | 18,12 | 1131,330 | 293,40 | 358,34 |  0,00 | 311,170 | 56,36 | 56,36 | 636,098 |   NaN | NaN | 0,00 | 0,00 | NaN
  51 |  8,01 | 288,353 | 754,57 | 820,31 | 759,11 |  0,00 | 1,379 | 44,35 | 44,35 |  0,00 | 1,361 | 358,95 | 358,95 | 18,23 | 1125,856 | 294,91 | 360,65 |  0,00 | 303,542 | 56,36 | 56,36 | 621,750 |   NaN | NaN | 0,00 | 0,00 | NaN
  52 |  8,23 | 295,511 | 754,63 | 822,35 | 759,19 |  0,00 | 1,413 | 44,35 | 44,35 |  0,00 | 1,387 | 356,57 | 356,57 | 18,55 | 1144,014 | 297,35 | 365,07 |  0,00 | 317,378 | 56,36 | 56,36 | 647,426 |   NaN | NaN | 0,00 | 0,00 | NaN
  53 |  8,02 | 290,911 | 754,20 | 819,96 | 758,72 |  0,00 | 1,410 | 44,35 | 44,35 |  0,00 | 1,374 | 360,85 | 360,85 | 18,35 | 1145,800 | 292,64 | 358,40 |  0,00 | 288,809 | 56,36 | 56,36 | 584,277 |   NaN | NaN | 0,00 | 0,00 | NaN
  54 |  7,38 | 285,982 | 754,68 | 814,82 | 759,20 |  0,00 | 1,747 | 44,35 | 44,35 |  0,00 | 1,392 | 359,64 | 359,64 | 16,97 | 1117,502 | 294,33 | 354,47 |  0,00 | 307,803 | 56,36 | 56,36 | 626,701 |   NaN | NaN | 0,00 | 0,00 | NaN
  55 |  7,44 | 287,354 | 754,38 | 814,99 | 758,91 |  0,00 | 1,367 | 44,35 | 44,35 |  0,00 | 1,361 | 356,77 | 356,77 | 16,95 | 1115,562 | 296,90 | 357,50 |  0,00 | 292,071 | 56,36 | 56,36 | 584,484 |   NaN | NaN | 0,00 | 0,00 | NaN
  56 |  7,24 | 285,569 | 754,81 | 813,69 | 759,34 |  0,00 | 1,463 | 44,35 | 44,35 |  0,00 | 1,370 | 356,33 | 356,33 | 16,51 | 1102,021 | 297,77 | 356,65 |  0,00 | 321,216 | 56,36 | 56,36 | 641,236 |   NaN | NaN | 0,00 | 0,00 | NaN
  57 |  7,78 | 281,354 | 754,75 | 818,42 | 759,32 |  0,00 | 1,443 | 44,35 | 44,35 |  0,00 | 1,365 | 357,48 | 357,48 | 17,67 | 1090,364 | 296,56 | 360,23 |  0,00 | 318,932 | 56,36 | 56,36 | 620,610 |   NaN | NaN | 0,00 | 0,00 | NaN
  58 |  8,21 | 290,267 | 755,13 | 822,65 | 759,71 |  0,00 | 1,410 | 44,35 | 44,35 |  0,00 | 1,394 | 363,22 | 363,22 | 18,82 | 1147,056 | 291,19 | 358,72 |  0,00 | 312,296 | 56,36 | 56,36 | 632,204 |   NaN | NaN | 0,00 | 0,00 | NaN
  59 |  8,64 | 288,254 | 754,36 | 825,67 | 758,91 |  0,00 | 1,424 | 44,35 | 44,35 |  0,00 | 1,412 | 358,05 | 358,05 | 19,44 | 1122,776 | 295,61 | 366,92 |  0,00 | 298,843 | 56,36 | 56,36 | 588,870 |   NaN | NaN | 0,00 | 0,00 | NaN
  60 |  8,10 | 291,685 | 753,57 | 820,02 | 758,09 |  0,00 | 1,371 | 44,35 | 44,35 |  0,00 | 1,347 | 361,47 | 361,47 | 18,57 | 1153,033 | 291,38 | 357,84 |  0,00 | 292,986 | 56,36 | 56,36 | 596,119 |   NaN | NaN | 0,00 | 0,00 | NaN
  61 |  8,48 | 291,225 | 754,87 | 824,86 | 759,41 |  0,00 | 1,700 | 44,35 | 44,35 |  0,00 | 1,397 | 362,22 | 362,22 | 19,34 | 1147,567 | 291,94 | 361,93 |  0,00 | 315,937 | 56,36 | 56,36 | 637,299 |   NaN | NaN | 0,00 | 0,00 | NaN
  62 |  8,23 | 290,208 | 754,56 | 822,24 | 759,17 |  0,00 | 1,466 | 44,35 | 44,35 |  0,00 | 1,433 | 359,33 | 359,33 | 18,69 | 1134,832 | 294,52 | 362,20 |  0,00 | 299,122 | 56,36 | 56,36 | 631,333 |   NaN | NaN | 0,00 | 0,00 | NaN
  63 |  7,94 | 284,001 | 753,86 | 818,86 | 758,42 |  0,00 | 1,392 | 44,35 | 44,35 |  0,00 | 1,387 | 361,40 | 361,40 | 18,22 | 1119,428 | 291,75 | 356,75 |  0,00 | 307,449 | 56,36 | 56,36 | 623,151 |   NaN | NaN | 0,00 | 0,00 | NaN
  64 |  7,10 | 281,121 | 755,51 | 813,25 | 760,08 |  0,00 | 1,439 | 44,35 | 44,35 |  0,00 | 1,429 | 356,63 | 356,63 | 16,22 | 1086,006 | 298,17 | 355,91 |  0,00 | 299,032 | 56,36 | 56,36 | 594,227 |   NaN | NaN | 0,00 | 0,00 | NaN

= = = = = = = = = = = = AVERAGE RESULTS system = = = = = = = = = = = =
meanPLR_system | 7,996747 
meanDelay_system | 288,143120 
meanLoad_system | 820,194609 
meanTHR_system | 754,578965 
meanGate_system | 759,132257 

meanPLR_EF_system | 0,000000 
meanPLR_AF_system | 0,000000 
meanPLR_BE_system | 18,245025 
meanPLR_FLA_system | 0,000000 
meanPLR_FLB_system | NaN 

meanTHR_EF_system | 44,352001 
meanTHR_AF_system | 360,016268 
meanTHR_BE_system | 293,853065 
meanTHR_FLA_system | 57,508570 
meanTHR_FLB_system | 0,000000 

meanLoad_EF_system | 44,352001 
meanLoad_AF_system | 360,016268 
meanLoad_BE_system | 359,468709 
meanLoad_FLA_system | 57,508570 
meanLoad_FLB_system | 0,000000 

meanDELAY_EF_system | 1,462468 
meanDELAY_AF_system | 1,394218 
meanDELAY_BE_system | 1128,898447 
meanDELAY_FLA_system | 305,509553 
meanDELAY_FLB_system | NaN 
meanDELAY_CompleteFLA_system | 619,875754 
meanDELAY_CompleteFLB_system | NaN 

= = = = = = = = = = = = AVERAGE RESULTS = = = = = = = = = = = =
Packet Loss Ratio: 08,00 (%)
PROCESSED PACKAGES: 1790503377 
DISCARTED PACKAGES: 98306695 
TOTAL PACKAGES: 1888810072 
AVERAGE DELAY: 53777,87 (ms) 
AVERAGE THROUGHPUT: 754,58 (Mbps) 
GRANTED THROUGHPUT: 48584,46 (Mbps) By 64 ONUs
EFFECTIVE THROUGHPUT: 48293,05 (Mbps) By 64 ONUs
TOTAL LOAD: 52492,45 (Mbps) By 64 ONUs
ON Arrival THROUGHPUT: 0,00 (Mbps) By 64 ONUs
FINISHTIMEFL: 146,899844 
FINISHTIME: 149,899844 


fileName | IPACT_STRICTPRIORITYFIRSTAF_2_40_96_0 
