
ONU ID 	|  PLR(%) | Delay(ms) | Throughput(Mbps) | Granted Throughput(Mbps) | Total Load (Mbps) 

  ID |  PLR(%) |  D  | Thr |  Gates  |  Load  | PLR-EF | D-EF | ThrEF | LoadEF | PLR-AF | D-AF | ThrAF | LoadAF | PLR-BE | D-BE | ThrBE | LoadBE | PLR-FA | D-FA | ThrFA | LoadFA | DTFA |  PLR-FB | D-FB | ThrFB | LoadFB | DTFB | 
   1 |  3,47 | 261,734 | 755,02 | 782,13 | 759,52 |  0,00 | 1,406 | 44,35 | 44,35 |  0,00 | 13,771 | 357,71 | 357,71 |  7,69 | 943,173 | 325,32 | 352,43 |  0,00 | 139,242 | 27,63 | 27,63 | 304,142 |   NaN | NaN | 0,00 | 0,00 | NaN
   2 |  3,24 | 242,637 | 753,27 | 778,47 | 757,58 |  0,00 | 1,418 | 44,35 | 44,35 |  0,00 | 4,463 | 355,85 | 355,85 |  7,19 | 867,946 | 325,43 | 350,63 |  0,00 | 432,491 | 27,63 | 27,63 | 1316,299 |   NaN | NaN | 0,00 | 0,00 | NaN
   3 |  2,71 | 226,405 | 752,59 | 773,57 | 756,89 |  0,00 | 1,355 | 44,35 | 44,35 |  0,00 | 4,130 | 350,17 | 350,17 |  5,97 | 798,506 | 330,44 | 351,41 |  0,00 | 379,022 | 27,63 | 27,63 | 1160,625 |   NaN | NaN | 0,00 | 0,00 | NaN
   4 |  3,43 | 260,663 | 755,10 | 781,94 | 759,62 |  0,00 | 1,360 | 44,35 | 44,35 |  0,00 | 14,712 | 356,84 | 356,84 |  7,60 | 935,530 | 326,28 | 353,11 |  0,00 | 138,914 | 27,63 | 27,63 | 298,055 |   NaN | NaN | 0,00 | 0,00 | NaN
   5 |  2,46 | 223,751 | 753,07 | 772,03 | 757,35 |  0,00 | 1,386 | 44,35 | 44,35 |  0,00 | 2,279 | 350,91 | 350,91 |  5,43 | 775,510 | 330,17 | 349,13 |  0,00 | 740,159 | 27,63 | 27,63 | 2244,194 |   NaN | NaN | 0,00 | 0,00 | NaN
   6 |  3,18 | 256,635 | 753,23 | 777,95 | 757,50 |  0,00 | 1,334 | 44,35 | 44,35 |  0,00 | 2,507 | 354,12 | 354,12 |  7,03 | 910,935 | 327,13 | 351,85 |  0,00 | 571,702 | 27,63 | 27,63 | 1738,979 |   NaN | NaN | 0,00 | 0,00 | NaN
   7 |  2,90 | 246,043 | 754,77 | 777,30 | 759,20 |  0,00 | 1,353 | 44,35 | 44,35 |  0,00 | 12,907 | 352,28 | 352,28 |  6,38 | 871,121 | 330,50 | 353,04 |  0,00 | 168,756 | 27,63 | 27,63 | 432,884 |   NaN | NaN | 0,00 | 0,00 | NaN
   8 |  3,48 | 258,123 | 754,85 | 782,10 | 759,16 |  0,00 | 1,403 | 44,35 | 44,35 |  0,00 | 3,393 | 354,23 | 354,23 |  7,66 | 917,135 | 328,64 | 355,89 |  0,00 | 460,578 | 27,63 | 27,63 | 1405,402 |   NaN | NaN | 0,00 | 0,00 | NaN
   9 |  3,13 | 241,696 | 753,54 | 777,90 | 757,93 |  0,00 | 1,343 | 44,35 | 44,35 |  0,00 | 10,576 | 352,22 | 352,22 |  6,89 | 857,718 | 329,34 | 353,70 |  0,00 | 217,148 | 27,63 | 27,63 | 611,956 |   NaN | NaN | 0,00 | 0,00 | NaN
  10 |  2,99 | 244,484 | 754,28 | 777,51 | 758,78 |  0,00 | 1,404 | 44,35 | 44,35 |  0,00 | 13,333 | 354,40 | 354,40 |  6,62 | 872,596 | 327,90 | 351,13 |  0,00 | 139,756 | 27,63 | 27,63 | 308,836 |   NaN | NaN | 0,00 | 0,00 | NaN
  11 |  2,99 | 228,323 | 753,91 | 777,15 | 758,19 |  0,00 | 1,343 | 44,35 | 44,35 |  0,00 | 1,541 | 351,78 | 351,78 |  6,58 | 774,761 | 330,15 | 353,39 |  0,00 | 1168,742 | 27,63 | 27,63 | 3530,678 |   NaN | NaN | 0,00 | 0,00 | NaN
  12 |  2,91 | 232,809 | 754,98 | 777,59 | 759,28 |  0,00 | 1,406 | 44,35 | 44,35 |  0,00 | 2,562 | 351,83 | 351,83 |  6,39 | 814,732 | 331,17 | 353,78 |  0,00 | 568,374 | 27,63 | 27,63 | 1728,902 |   NaN | NaN | 0,00 | 0,00 | NaN
  13 |  2,10 | 213,875 | 752,13 | 768,30 | 756,41 |  0,00 | 1,370 | 44,35 | 44,35 |  0,00 | 2,464 | 350,07 | 350,07 |  4,67 | 750,292 | 330,07 | 346,24 |  0,00 | 492,675 | 27,63 | 27,63 | 1501,843 |   NaN | NaN | 0,00 | 0,00 | NaN
  14 |  3,76 | 255,310 | 753,18 | 782,60 | 757,47 |  0,00 | 1,412 | 44,35 | 44,35 |  0,00 | 1,772 | 354,92 | 354,92 |  8,27 | 903,242 | 326,27 | 355,70 |  0,00 | 698,135 | 27,63 | 27,63 | 2118,512 |   NaN | NaN | 0,00 | 0,00 | NaN
  15 |  2,95 | 244,435 | 753,82 | 776,75 | 758,26 |  0,00 | 1,405 | 44,35 | 44,35 |  0,00 | 13,950 | 348,03 | 348,03 |  6,43 | 855,340 | 333,81 | 356,74 |  0,00 | 163,199 | 27,63 | 27,63 | 426,795 |   NaN | NaN | 0,00 | 0,00 | NaN
  16 |  3,97 | 275,697 | 754,04 | 785,20 | 758,38 |  0,00 | 1,397 | 44,35 | 44,35 |  0,00 | 7,648 | 355,18 | 355,18 |  8,70 | 988,146 | 326,88 | 358,04 |  0,00 | 306,029 | 27,63 | 27,63 | 914,054 |   NaN | NaN | 0,00 | 0,00 | NaN
  17 |  3,10 | 252,364 | 754,00 | 778,15 | 758,38 |  0,00 | 1,410 | 44,35 | 44,35 |  0,00 | 8,487 | 354,64 | 354,64 |  6,87 | 901,224 | 327,38 | 351,53 |  0,00 | 283,937 | 27,63 | 27,63 | 829,772 |   NaN | NaN | 0,00 | 0,00 | NaN
  18 |  2,64 | 237,459 | 754,75 | 775,24 | 759,02 |  0,00 | 1,386 | 44,35 | 44,35 |  0,00 | 1,671 | 352,36 | 352,36 |  5,84 | 801,799 | 330,40 | 350,90 |  0,00 | 1303,857 | 27,63 | 27,63 | 3937,184 |   NaN | NaN | 0,00 | 0,00 | NaN
  19 |  2,02 | 217,474 | 754,98 | 770,54 | 759,26 |  0,00 | 1,377 | 44,35 | 44,35 |  0,00 | 2,045 | 347,68 | 347,68 |  4,43 | 734,543 | 335,32 | 350,87 |  0,00 | 924,807 | 27,63 | 27,63 | 2798,437 |   NaN | NaN | 0,00 | 0,00 | NaN
  20 |  2,13 | 212,780 | 752,66 | 769,01 | 756,94 |  0,00 | 1,373 | 44,35 | 44,35 |  0,00 | 2,055 | 351,83 | 351,83 |  4,74 | 719,496 | 328,85 | 345,20 |  0,00 | 1170,331 | 27,63 | 27,63 | 3535,905 |   NaN | NaN | 0,00 | 0,00 | NaN
  21 |  1,94 | 216,656 | 752,55 | 767,46 | 757,02 |  0,00 | 1,377 | 44,35 | 44,35 |  0,00 | 11,572 | 349,12 | 349,12 |  4,30 | 762,959 | 331,45 | 346,36 |  0,00 | 150,642 | 27,63 | 27,63 | 373,003 |   NaN | NaN | 0,00 | 0,00 | NaN
  22 |  3,42 | 250,240 | 754,06 | 780,78 | 758,38 |  0,00 | 1,416 | 44,35 | 44,35 |  0,00 | 1,882 | 358,12 | 358,12 |  7,62 | 889,263 | 323,95 | 350,67 |  0,00 | 751,225 | 27,63 | 27,63 | 2277,937 |   NaN | NaN | 0,00 | 0,00 | NaN
  23 |  3,20 | 243,556 | 754,85 | 779,78 | 759,14 |  0,00 | 1,398 | 44,35 | 44,35 |  0,00 | 1,809 | 354,22 | 354,22 |  7,05 | 836,051 | 328,65 | 353,58 |  0,00 | 1129,151 | 27,63 | 27,63 | 3411,790 |   NaN | NaN | 0,00 | 0,00 | NaN
  24 |  3,73 | 256,782 | 754,88 | 784,09 | 759,16 |  0,00 | 1,360 | 44,35 | 44,35 |  0,00 | 2,654 | 355,39 | 355,39 |  8,19 | 919,049 | 327,50 | 356,72 |  0,00 | 399,828 | 27,63 | 27,63 | 1223,303 |   NaN | NaN | 0,00 | 0,00 | NaN
  25 |  3,16 | 259,336 | 755,37 | 780,03 | 759,84 |  0,00 | 1,417 | 44,35 | 44,35 |  0,00 | 10,883 | 350,07 | 350,07 |  6,89 | 914,148 | 333,32 | 357,98 |  0,00 | 167,083 | 27,63 | 27,63 | 441,741 |   NaN | NaN | 0,00 | 0,00 | NaN
  26 |  2,58 | 240,350 | 754,66 | 774,64 | 759,16 |  0,00 | 1,413 | 44,35 | 44,35 |  0,00 | 13,424 | 352,48 | 352,48 |  5,71 | 851,377 | 330,20 | 350,18 |  0,00 | 147,245 | 27,63 | 27,63 | 348,375 |   NaN | NaN | 0,00 | 0,00 | NaN
  27 |  2,51 | 230,445 | 754,07 | 773,49 | 758,34 |  0,00 | 1,340 | 44,35 | 44,35 |  0,00 | 1,573 | 353,12 | 353,12 |  5,58 | 780,933 | 328,96 | 348,38 |  0,00 | 1267,836 | 27,63 | 27,63 | 3828,763 |   NaN | NaN | 0,00 | 0,00 | NaN
  28 |  2,08 | 219,031 | 754,66 | 770,73 | 758,95 |  0,00 | 1,406 | 44,35 | 44,35 |  0,00 | 1,893 | 351,27 | 351,27 |  4,62 | 741,577 | 331,40 | 347,47 |  0,00 | 1093,651 | 27,63 | 27,63 | 3304,989 |   NaN | NaN | 0,00 | 0,00 | NaN
  29 |  3,07 | 230,178 | 753,68 | 777,55 | 757,96 |  0,00 | 1,386 | 44,35 | 44,35 |  0,00 | 1,767 | 351,17 | 351,17 |  6,73 | 779,949 | 330,52 | 354,39 |  0,00 | 1169,054 | 27,63 | 27,63 | 3531,683 |   NaN | NaN | 0,00 | 0,00 | NaN
  30 |  2,83 | 226,847 | 752,80 | 774,76 | 757,12 |  0,00 | 1,416 | 44,35 | 44,35 |  0,00 | 1,607 | 350,58 | 350,58 |  6,23 | 763,837 | 330,24 | 352,20 |  0,00 | 1269,237 | 27,63 | 27,63 | 3832,870 |   NaN | NaN | 0,00 | 0,00 | NaN
  31 |  2,66 | 236,571 | 754,66 | 775,26 | 758,95 |  0,00 | 1,383 | 44,35 | 44,35 |  0,00 | 1,630 | 352,69 | 352,69 |  5,87 | 808,517 | 329,99 | 350,59 |  0,00 | 1104,075 | 27,63 | 27,63 | 3336,107 |   NaN | NaN | 0,00 | 0,00 | NaN
  32 |  3,15 | 234,763 | 755,24 | 779,81 | 759,50 |  0,00 | 1,339 | 44,35 | 44,35 |  0,00 | 1,963 | 352,95 | 352,95 |  6,92 | 797,099 | 330,30 | 354,87 |  0,00 | 1189,336 | 27,63 | 27,63 | 3592,708 |   NaN | NaN | 0,00 | 0,00 | NaN
  33 |  2,57 | 235,992 | 753,71 | 773,61 | 757,99 |  0,00 | 1,405 | 44,35 | 44,35 |  0,00 | 1,881 | 349,93 | 349,93 |  5,66 | 797,005 | 331,80 | 351,70 |  0,00 | 1189,518 | 27,63 | 27,63 | 3593,462 |   NaN | NaN | 0,00 | 0,00 | NaN
  34 |  2,79 | 232,198 | 754,96 | 776,60 | 759,23 |  0,00 | 1,396 | 44,35 | 44,35 |  0,00 | 1,653 | 351,79 | 351,79 |  6,13 | 776,402 | 331,18 | 352,82 |  0,00 | 1407,703 | 27,63 | 27,63 | 4248,979 |   NaN | NaN | 0,00 | 0,00 | NaN
  35 |  3,23 | 248,713 | 755,44 | 780,66 | 759,72 |  0,00 | 1,345 | 44,35 | 44,35 |  0,00 | 1,433 | 354,56 | 354,56 |  7,12 | 841,801 | 328,90 | 354,12 |  0,00 | 1426,942 | 27,63 | 27,63 | 4306,400 |   NaN | NaN | 0,00 | 0,00 | NaN
  36 |  2,57 | 225,133 | 754,71 | 774,59 | 759,00 |  0,00 | 1,398 | 44,35 | 44,35 |  0,00 | 1,530 | 349,66 | 349,66 |  5,63 | 750,106 | 333,06 | 352,94 |  0,00 | 1320,894 | 27,63 | 27,63 | 3988,085 |   NaN | NaN | 0,00 | 0,00 | NaN
  37 |  3,46 | 248,732 | 755,05 | 782,14 | 759,33 |  0,00 | 1,381 | 44,35 | 44,35 |  0,00 | 1,803 | 356,95 | 356,95 |  7,67 | 859,173 | 326,12 | 353,20 |  0,00 | 1182,852 | 27,63 | 27,63 | 3573,503 |   NaN | NaN | 0,00 | 0,00 | NaN
  38 |  3,63 | 254,098 | 755,16 | 783,57 | 759,44 |  0,00 | 1,373 | 44,35 | 44,35 |  0,00 | 1,707 | 355,65 | 355,65 |  7,98 | 873,526 | 327,53 | 355,94 |  0,00 | 1223,402 | 27,63 | 27,63 | 3695,570 |   NaN | NaN | 0,00 | 0,00 | NaN
  39 |  2,01 | 203,375 | 754,45 | 769,95 | 758,77 |  0,00 | 1,416 | 44,35 | 44,35 |  0,00 | 2,013 | 351,09 | 351,09 |  4,47 | 678,238 | 331,38 | 346,88 |  0,00 | 1236,300 | 27,63 | 27,63 | 3734,152 |   NaN | NaN | 0,00 | 0,00 | NaN
  40 |  2,04 | 202,773 | 751,62 | 767,26 | 755,91 |  0,00 | 1,416 | 44,35 | 44,35 |  0,00 | 1,799 | 350,54 | 350,54 |  4,54 | 674,862 | 329,09 | 344,74 |  0,00 | 1336,329 | 27,63 | 27,63 | 4034,504 |   NaN | NaN | 0,00 | 0,00 | NaN
  41 |  3,66 | 236,769 | 753,41 | 782,06 | 757,71 |  0,00 | 1,399 | 44,35 | 44,35 |  0,00 | 1,733 | 352,46 | 352,46 |  8,01 | 812,297 | 328,97 | 357,62 |  0,00 | 1061,459 | 27,63 | 27,63 | 3208,441 |   NaN | NaN | 0,00 | 0,00 | NaN
  42 |  3,25 | 249,484 | 753,76 | 779,05 | 758,04 |  0,00 | 1,345 | 44,35 | 44,35 |  0,00 | 1,846 | 352,71 | 352,71 |  7,14 | 853,992 | 329,07 | 354,36 |  0,00 | 1166,782 | 27,63 | 27,63 | 3524,948 |   NaN | NaN | 0,00 | 0,00 | NaN
  43 |  3,85 | 246,229 | 753,72 | 783,88 | 758,02 |  0,00 | 1,423 | 44,35 | 44,35 |  0,00 | 1,986 | 357,21 | 357,21 |  8,50 | 851,669 | 324,52 | 354,69 |  0,00 | 1210,316 | 27,63 | 27,63 | 3655,686 |   NaN | NaN | 0,00 | 0,00 | NaN
  44 |  3,18 | 256,621 | 754,90 | 779,69 | 759,17 |  0,00 | 1,335 | 44,35 | 44,35 |  0,00 | 1,668 | 353,47 | 353,47 |  7,00 | 882,464 | 329,44 | 354,24 |  0,00 | 1113,998 | 27,63 | 27,63 | 3366,149 |   NaN | NaN | 0,00 | 0,00 | NaN
  45 |  3,07 | 240,954 | 754,88 | 778,75 | 759,19 |  0,00 | 1,419 | 44,35 | 44,35 |  0,00 | 1,871 | 356,01 | 356,01 |  6,81 | 831,220 | 326,88 | 350,75 |  0,00 | 1115,908 | 27,63 | 27,63 | 3372,026 |   NaN | NaN | 0,00 | 0,00 | NaN
  46 |  3,03 | 226,661 | 754,01 | 777,53 | 758,28 |  0,00 | 1,359 | 44,35 | 44,35 |  0,00 | 1,626 | 351,98 | 351,98 |  6,65 | 766,642 | 330,04 | 353,56 |  0,00 | 1221,227 | 27,63 | 27,63 | 3688,793 |   NaN | NaN | 0,00 | 0,00 | NaN
  47 |  3,11 | 231,135 | 753,79 | 778,02 | 758,07 |  0,00 | 1,356 | 44,35 | 44,35 |  0,00 | 1,908 | 355,58 | 355,58 |  6,91 | 795,214 | 326,23 | 350,46 |  0,00 | 1137,309 | 27,63 | 27,63 | 3436,208 |   NaN | NaN | 0,00 | 0,00 | NaN
  48 |  2,75 | 234,902 | 753,52 | 774,81 | 757,82 |  0,00 | 1,386 | 44,35 | 44,35 |  0,00 | 1,859 | 351,96 | 351,96 |  6,07 | 802,218 | 329,58 | 350,87 |  0,00 | 1102,232 | 27,63 | 27,63 | 3330,921 |   NaN | NaN | 0,00 | 0,00 | NaN
  49 |  2,79 | 230,428 | 753,57 | 775,19 | 757,86 |  0,00 | 1,398 | 44,35 | 44,35 |  0,00 | 2,054 | 352,69 | 352,69 |  6,17 | 787,913 | 328,89 | 350,52 |  0,00 | 1088,488 | 27,63 | 27,63 | 3289,758 |   NaN | NaN | 0,00 | 0,00 | NaN
  50 |  3,11 | 241,873 | 755,18 | 779,44 | 759,46 |  0,00 | 1,353 | 44,35 | 44,35 |  0,00 | 1,979 | 356,39 | 356,39 |  6,91 | 829,937 | 326,80 | 351,06 |  0,00 | 1229,333 | 27,63 | 27,63 | 3713,287 |   NaN | NaN | 0,00 | 0,00 | NaN
  51 |  3,14 | 250,857 | 753,90 | 778,38 | 758,18 |  0,00 | 1,351 | 44,35 | 44,35 |  0,00 | 1,498 | 352,13 | 352,13 |  6,91 | 859,158 | 329,79 | 354,26 |  0,00 | 1130,038 | 27,63 | 27,63 | 3414,545 |   NaN | NaN | 0,00 | 0,00 | NaN
  52 |  2,56 | 227,342 | 751,99 | 771,71 | 756,26 |  0,00 | 1,377 | 44,35 | 44,35 |  0,00 | 2,179 | 347,38 | 347,38 |  5,60 | 763,250 | 332,63 | 352,34 |  0,00 | 1171,017 | 27,63 | 27,63 | 3537,484 |   NaN | NaN | 0,00 | 0,00 | NaN
  53 |  3,15 | 245,454 | 755,32 | 779,86 | 759,60 |  0,00 | 1,364 | 44,35 | 44,35 |  0,00 | 1,822 | 354,39 | 354,39 |  6,94 | 839,729 | 328,94 | 353,48 |  0,00 | 1192,590 | 27,63 | 27,63 | 3602,636 |   NaN | NaN | 0,00 | 0,00 | NaN
  54 |  2,39 | 228,672 | 754,94 | 773,45 | 759,24 |  0,00 | 1,367 | 44,35 | 44,35 |  0,00 | 1,717 | 352,96 | 352,96 |  5,31 | 776,134 | 329,99 | 348,51 |  0,00 | 1184,780 | 27,63 | 27,63 | 3578,757 |   NaN | NaN | 0,00 | 0,00 | NaN
  55 |  2,88 | 226,474 | 754,55 | 776,93 | 758,82 |  0,00 | 1,352 | 44,35 | 44,35 |  0,00 | 1,601 | 351,83 | 351,83 |  6,34 | 763,986 | 330,73 | 353,12 |  0,00 | 1237,089 | 27,63 | 27,63 | 3736,343 |   NaN | NaN | 0,00 | 0,00 | NaN
  56 |  2,52 | 234,047 | 754,30 | 773,83 | 758,58 |  0,00 | 1,358 | 44,35 | 44,35 |  0,00 | 1,712 | 349,70 | 349,70 |  5,54 | 793,235 | 332,62 | 352,15 |  0,00 | 1087,540 | 27,63 | 27,63 | 3286,786 |   NaN | NaN | 0,00 | 0,00 | NaN
  57 |  3,12 | 230,185 | 754,04 | 778,36 | 758,33 |  0,00 | 1,355 | 44,35 | 44,35 |  0,00 | 1,704 | 352,52 | 352,52 |  6,87 | 786,761 | 329,54 | 353,86 |  0,00 | 1075,584 | 27,63 | 27,63 | 3250,805 |   NaN | NaN | 0,00 | 0,00 | NaN
  58 |  2,80 | 243,961 | 754,87 | 776,62 | 759,16 |  0,00 | 1,384 | 44,35 | 44,35 |  0,00 | 1,806 | 351,22 | 351,22 |  6,15 | 829,526 | 331,66 | 353,41 |  0,00 | 1132,508 | 27,63 | 27,63 | 3421,918 |   NaN | NaN | 0,00 | 0,00 | NaN
  59 |  3,50 | 243,686 | 754,28 | 781,64 | 758,56 |  0,00 | 1,403 | 44,35 | 44,35 |  0,00 | 1,642 | 353,34 | 353,34 |  7,68 | 825,333 | 328,96 | 356,32 |  0,00 | 1354,747 | 27,63 | 27,63 | 4089,635 |   NaN | NaN | 0,00 | 0,00 | NaN
  60 |  2,81 | 240,820 | 753,96 | 775,74 | 758,25 |  0,00 | 1,337 | 44,35 | 44,35 |  0,00 | 1,763 | 352,15 | 352,15 |  6,19 | 821,852 | 329,83 | 351,61 |  0,00 | 1145,150 | 27,63 | 27,63 | 3459,717 |   NaN | NaN | 0,00 | 0,00 | NaN
  61 |  3,15 | 238,242 | 755,32 | 779,92 | 759,59 |  0,00 | 1,360 | 44,35 | 44,35 |  0,00 | 1,804 | 353,23 | 353,23 |  6,93 | 811,539 | 330,11 | 354,70 |  0,00 | 1163,234 | 27,63 | 27,63 | 3514,491 |   NaN | NaN | 0,00 | 0,00 | NaN
  62 |  3,26 | 251,176 | 754,08 | 779,52 | 758,41 |  0,00 | 1,422 | 44,35 | 44,35 |  0,00 | 1,550 | 353,86 | 353,86 |  7,19 | 864,171 | 328,23 | 353,68 |  0,00 | 1136,343 | 27,63 | 27,63 | 3433,073 |   NaN | NaN | 0,00 | 0,00 | NaN
  63 |  3,13 | 225,958 | 753,82 | 778,15 | 758,09 |  0,00 | 1,377 | 44,35 | 44,35 |  0,00 | 1,634 | 353,23 | 353,23 |  6,89 | 766,974 | 328,60 | 352,93 |  0,00 | 1226,177 | 27,63 | 27,63 | 3703,792 |   NaN | NaN | 0,00 | 0,00 | NaN
  64 |  2,45 | 219,980 | 754,03 | 772,98 | 758,35 |  0,00 | 1,420 | 44,35 | 44,35 |  0,00 | 1,707 | 348,45 | 348,45 |  5,38 | 736,471 | 333,59 | 352,54 |  0,00 | 1171,075 | 27,63 | 27,63 | 3537,609 |   NaN | NaN | 0,00 | 0,00 | NaN

= = = = = = = = = = = = AVERAGE RESULTS system = = = = = = = = = = = =
meanPLR_system | 2,950885 
meanDelay_system | 237,974619 
meanLoad_system | 777,089382 
meanTHR_system | 754,138977 
meanGate_system | 758,454455 

meanPLR_EF_system | 0,000000 
meanPLR_AF_system | 0,000000 
meanPLR_BE_system | 6,506438 
meanPLR_FLA_system | 0,000000 
meanPLR_FLB_system | NaN 

meanTHR_EF_system | 44,352002 
meanTHR_AF_system | 352,738726 
meanTHR_BE_system | 329,416161 
meanTHR_FLA_system | 28,024938 
meanTHR_FLB_system | 0,000000 

meanLoad_EF_system | 44,352002 
meanLoad_AF_system | 352,738726 
meanLoad_BE_system | 352,366567 
meanLoad_FLA_system | 28,024938 
meanLoad_FLB_system | 0,000000 

meanDELAY_EF_system | 1,381623 
meanDELAY_AF_system | 3,678265 
meanDELAY_BE_system | 820,957836 
meanDELAY_FLA_system | 913,829447 
meanDELAY_FLB_system | NaN 
meanDELAY_CompleteFLA_system | 2749,612249 
meanDELAY_CompleteFLB_system | NaN 

= = = = = = = = = = = = AVERAGE RESULTS = = = = = = = = = = = =
Packet Loss Ratio: 02,95 (%)
PROCESSED PACKAGES: 2583913279 
DISCARTED PACKAGES: 49003210 
TOTAL PACKAGES: 2632916489 
AVERAGE DELAY: 44895,13 (ms) 
AVERAGE THROUGHPUT: 754,14 (Mbps) 
GRANTED THROUGHPUT: 48541,09 (Mbps) By 64 ONUs
EFFECTIVE THROUGHPUT: 48264,89 (Mbps) By 64 ONUs
TOTAL LOAD: 49733,72 (Mbps) By 64 ONUs
ON Arrival THROUGHPUT: 0,00 (Mbps) By 64 ONUs
FINISHTIMEFL: 211,012062 
FINISHTIME: 214,012062 


fileName | IPACT_LBVARIBLETOKENSBYCYCLE_5_28_94_0 
