
ONU ID 	|  PLR(%) | Delay(ms) | Throughput(Mbps) | Granted Throughput(Mbps) | Total Load (Mbps) 

  ID |  PLR(%) |  D  | Thr |  Gates  |  Load  | PLR-EF | D-EF | ThrEF | LoadEF | PLR-AF | D-AF | ThrAF | LoadAF | PLR-BE | D-BE | ThrBE | LoadBE | PLR-FA | D-FA | ThrFA | LoadFA | DTFA |  PLR-FB | D-FB | ThrFB | LoadFB | DTFB | 
   1 |  0,00 | 0,983 | 677,41 | 677,41 | 699,37 |  0,00 | 0,325 | 44,35 | 44,35 |  0,00 | 0,814 | 305,04 | 305,04 |  0,00 | 1,048 | 299,53 | 299,53 |  0,00 | 25,033 | 28,50 | 28,50 | 74,092 |   NaN | NaN | 0,00 | 0,00 | NaN
   2 |  0,00 | 1,674 | 675,74 | 675,74 | 700,23 |  0,00 | 0,336 | 44,35 | 44,35 |  0,00 | 0,472 | 303,92 | 303,92 |  0,00 | 0,714 | 298,97 | 298,97 |  0,00 | 89,432 | 28,50 | 28,50 | 270,651 |   NaN | NaN | 0,00 | 0,00 | NaN
   3 |  0,00 | 1,495 | 669,87 | 669,87 | 690,52 |  0,00 | 0,273 | 44,35 | 44,35 |  0,00 | 0,357 | 297,75 | 297,75 |  0,00 | 0,588 | 299,28 | 299,28 |  0,00 | 82,632 | 28,50 | 28,50 | 234,937 |   NaN | NaN | 0,00 | 0,00 | NaN
   4 |  0,00 | 0,848 | 676,38 | 676,38 | 697,12 |  0,00 | 0,278 | 44,35 | 44,35 |  0,00 | 0,635 | 303,26 | 303,26 |  0,00 | 0,912 | 300,27 | 300,27 |  0,00 | 22,811 | 28,50 | 28,50 | 66,676 |   NaN | NaN | 0,00 | 0,00 | NaN
   5 |  0,00 | 2,223 | 669,46 | 669,46 | 690,17 |  0,00 | 0,304 | 44,35 | 44,35 |  0,00 | 0,320 | 299,39 | 299,39 |  0,00 | 0,472 | 297,23 | 297,23 |  0,00 | 138,366 | 28,50 | 28,50 | 391,503 |   NaN | NaN | 0,00 | 0,00 | NaN
   6 |  0,00 | 1,571 | 675,05 | 675,05 | 695,65 |  0,00 | 0,252 | 44,35 | 44,35 |  0,00 | 0,266 | 302,28 | 302,28 |  0,00 | 0,493 | 299,92 | 299,92 |  0,00 | 93,022 | 28,50 | 28,50 | 308,067 |   NaN | NaN | 0,00 | 0,00 | NaN
   7 |  0,00 | 1,039 | 673,26 | 673,26 | 693,87 |  0,00 | 0,271 | 44,35 | 44,35 |  0,00 | 0,639 | 299,85 | 299,85 |  0,00 | 1,111 | 300,57 | 300,57 |  0,00 | 33,135 | 28,50 | 28,50 | 94,334 |   NaN | NaN | 0,00 | 0,00 | NaN
   8 |  0,00 | 1,662 | 678,22 | 678,22 | 699,68 |  0,00 | 0,321 | 44,35 | 44,35 |  0,00 | 0,353 | 302,03 | 302,03 |  0,00 | 0,443 | 303,34 | 303,34 |  0,00 | 97,016 | 28,50 | 28,50 | 313,910 |   NaN | NaN | 0,00 | 0,00 | NaN
   9 |  0,00 | 0,978 | 674,78 | 674,78 | 695,42 |  0,00 | 0,261 | 44,35 | 44,35 |  0,00 | 0,455 | 300,63 | 300,63 |  0,00 | 0,729 | 301,30 | 301,30 |  0,00 | 40,292 | 28,50 | 28,50 | 127,355 |   NaN | NaN | 0,00 | 0,00 | NaN
  10 |  0,00 | 1,045 | 672,92 | 672,92 | 694,45 |  0,00 | 0,322 | 44,35 | 44,35 |  0,00 | 0,808 | 301,36 | 301,36 |  0,00 | 1,023 | 298,72 | 298,72 |  0,00 | 30,302 | 28,50 | 28,50 | 78,639 |   NaN | NaN | 0,00 | 0,00 | NaN
  11 |  0,00 | 7,598 | 672,21 | 672,21 | 692,82 |  0,00 | 0,261 | 44,35 | 44,35 |  0,00 | 0,328 | 299,12 | 299,12 |  0,00 | 1,083 | 300,23 | 300,23 |  0,00 | 525,504 | 28,50 | 28,50 | 1369,110 |   NaN | NaN | 0,00 | 0,00 | NaN
  12 |  0,00 | 1,617 | 673,97 | 673,97 | 695,74 |  0,00 | 0,324 | 44,35 | 44,35 |  0,00 | 0,334 | 300,04 | 300,04 |  0,00 | 0,415 | 301,08 | 301,08 |  0,00 | 94,127 | 28,50 | 28,50 | 303,783 |   NaN | NaN | 0,00 | 0,00 | NaN
  13 |  0,00 | 1,743 | 665,24 | 665,24 | 685,85 |  0,00 | 0,288 | 44,35 | 44,35 |  0,00 | 0,328 | 298,31 | 298,31 |  0,00 | 0,560 | 294,09 | 294,09 |  0,00 | 101,161 | 28,50 | 28,50 | 285,672 |   NaN | NaN | 0,00 | 0,00 | NaN
  14 |  0,00 | 2,300 | 676,92 | 676,92 | 699,67 |  0,00 | 0,330 | 44,35 | 44,35 |  0,00 | 0,337 | 301,26 | 301,26 |  0,00 | 0,414 | 302,82 | 302,82 |  0,00 | 144,924 | 28,50 | 28,50 | 407,346 |   NaN | NaN | 0,00 | 0,00 | NaN
  15 |  0,00 | 0,949 | 672,08 | 672,08 | 693,93 |  0,00 | 0,324 | 44,35 | 44,35 |  0,00 | 0,756 | 296,21 | 296,21 |  0,00 | 0,948 | 303,03 | 303,03 |  0,00 | 25,615 | 28,50 | 28,50 | 78,166 |   NaN | NaN | 0,00 | 0,00 | NaN
  16 |  0,00 | 1,124 | 680,50 | 680,50 | 701,50 |  0,00 | 0,315 | 44,35 | 44,35 |  0,00 | 0,411 | 302,08 | 302,08 |  0,00 | 0,586 | 305,57 | 305,57 |  0,00 | 53,213 | 28,50 | 28,50 | 171,839 |   NaN | NaN | 0,00 | 0,00 | NaN
  17 |  0,00 | 1,125 | 674,34 | 674,34 | 696,76 |  0,00 | 0,328 | 44,35 | 44,35 |  0,00 | 0,425 | 301,91 | 301,91 |  0,00 | 0,569 | 299,58 | 299,58 |  0,00 | 52,678 | 28,50 | 28,50 | 166,172 |   NaN | NaN | 0,00 | 0,00 | NaN
  18 |  0,00 | 5,713 | 670,42 | 670,42 | 691,09 |  0,00 | 0,305 | 44,35 | 44,35 |  0,00 | 0,340 | 299,55 | 299,55 |  0,00 | 0,474 | 298,02 | 298,02 |  0,00 | 395,829 | 28,50 | 28,50 | 1464,169 |   NaN | NaN | 0,00 | 0,00 | NaN
  19 |  0,00 | 5,669 | 666,25 | 666,25 | 686,89 |  0,00 | 0,295 | 44,35 | 44,35 |  0,00 | 0,442 | 295,90 | 295,90 |  0,00 | 0,664 | 297,51 | 297,51 |  0,00 | 385,640 | 28,50 | 28,50 | 915,560 |   NaN | NaN | 0,00 | 0,00 | NaN
  20 |  0,00 | 7,659 | 666,06 | 666,06 | 686,69 |  0,00 | 0,291 | 44,35 | 44,35 |  0,00 | 0,500 | 299,35 | 299,35 |  0,00 | 1,445 | 293,86 | 293,86 |  0,00 | 515,913 | 28,50 | 28,50 | 1419,358 |   NaN | NaN | 0,00 | 0,00 | NaN
  21 |  0,00 | 0,874 | 665,21 | 665,21 | 685,94 |  0,00 | 0,296 | 44,35 | 44,35 |  0,00 | 0,627 | 297,45 | 297,45 |  0,00 | 0,895 | 294,91 | 294,91 |  0,00 | 24,646 | 28,50 | 28,50 | 71,304 |   NaN | NaN | 0,00 | 0,00 | NaN
  22 |  0,00 | 2,547 | 676,56 | 676,56 | 700,38 |  0,00 | 0,334 | 44,35 | 44,35 |  0,00 | 0,345 | 305,32 | 305,32 |  0,00 | 0,414 | 298,39 | 298,39 |  0,00 | 162,909 | 28,50 | 28,50 | 452,395 |   NaN | NaN | 0,00 | 0,00 | NaN
  23 |  0,00 | 7,500 | 674,06 | 674,06 | 695,08 |  0,00 | 0,316 | 44,35 | 44,35 |  0,00 | 0,496 | 300,95 | 300,95 |  0,00 | 1,207 | 300,27 | 300,27 |  0,00 | 511,504 | 28,50 | 28,50 | 1211,032 |   NaN | NaN | 0,00 | 0,00 | NaN
  24 |  0,00 | 1,567 | 678,02 | 678,02 | 698,65 |  0,00 | 0,278 | 44,35 | 44,35 |  0,00 | 0,345 | 301,72 | 301,72 |  0,00 | 0,577 | 303,46 | 303,46 |  0,00 | 88,806 | 28,50 | 28,50 | 259,575 |   NaN | NaN | 0,00 | 0,00 | NaN
  25 |  0,00 | 0,866 | 675,09 | 675,09 | 699,34 |  0,00 | 0,335 | 44,35 | 44,35 |  0,00 | 0,622 | 297,37 | 297,37 |  0,00 | 0,779 | 304,87 | 304,87 |  0,00 | 25,089 | 28,50 | 28,50 | 77,541 |   NaN | NaN | 0,00 | 0,00 | NaN
  26 |  0,00 | 1,110 | 671,32 | 671,32 | 694,58 |  0,00 | 0,332 | 44,35 | 44,35 |  0,00 | 0,831 | 300,17 | 300,17 |  0,00 | 1,023 | 298,31 | 298,31 |  0,00 | 34,336 | 28,50 | 28,50 | 91,442 |   NaN | NaN | 0,00 | 0,00 | NaN
  27 |  0,00 | 5,389 | 670,02 | 670,02 | 690,62 |  0,00 | 0,258 | 44,35 | 44,35 |  0,00 | 0,282 | 300,97 | 300,97 |  0,00 | 0,582 | 296,20 | 296,20 |  0,00 | 372,369 | 28,50 | 28,50 | 1460,395 |   NaN | NaN | 0,00 | 0,00 | NaN
  28 |  0,00 | 7,648 | 667,20 | 667,20 | 689,08 |  0,00 | 0,324 | 44,35 | 44,35 |  0,00 | 0,601 | 299,26 | 299,26 |  0,00 | 1,039 | 295,10 | 295,10 |  0,00 | 520,247 | 28,50 | 28,50 | 1225,924 |   NaN | NaN | 0,00 | 0,00 | NaN
  29 |  0,00 | 8,007 | 673,42 | 673,42 | 694,13 |  0,00 | 0,304 | 44,35 | 44,35 |  0,00 | 0,520 | 298,63 | 298,63 |  0,00 | 1,016 | 301,95 | 301,95 |  0,00 | 552,360 | 28,50 | 28,50 | 1365,106 |   NaN | NaN | 0,00 | 0,00 | NaN
  30 |  0,00 | 6,721 | 671,31 | 671,31 | 695,21 |  0,00 | 0,334 | 44,35 | 44,35 |  0,00 | 0,352 | 298,75 | 298,75 |  0,00 | 0,475 | 299,71 | 299,71 |  0,00 | 469,310 | 28,50 | 28,50 | 1484,059 |   NaN | NaN | 0,00 | 0,00 | NaN
  31 |  0,00 | 7,572 | 670,78 | 670,78 | 691,45 |  0,00 | 0,301 | 44,35 | 44,35 |  0,00 | 0,429 | 300,45 | 300,45 |  0,00 | 1,152 | 297,48 | 297,48 |  0,00 | 518,277 | 28,50 | 28,50 | 1221,506 |   NaN | NaN | 0,00 | 0,00 | NaN
  32 |  0,00 | 7,429 | 675,08 | 675,08 | 695,67 |  0,00 | 0,257 | 44,35 | 44,35 |  0,00 | 0,427 | 300,59 | 300,59 |  0,00 | 0,808 | 301,64 | 301,64 |  0,00 | 517,893 | 28,50 | 28,50 | 1370,401 |   NaN | NaN | 0,00 | 0,00 | NaN
  33 |  0,00 | 7,257 | 669,71 | 669,71 | 691,32 |  0,00 | 0,323 | 44,35 | 44,35 |  0,00 | 0,468 | 298,13 | 298,13 |  0,00 | 0,818 | 298,74 | 298,74 |  0,00 | 499,551 | 28,50 | 28,50 | 1445,521 |   NaN | NaN | 0,00 | 0,00 | NaN
  34 |  0,00 | 4,510 | 672,26 | 672,26 | 693,17 |  0,00 | 0,314 | 44,35 | 44,35 |  0,00 | 0,330 | 299,06 | 299,06 |  0,00 | 0,436 | 300,36 | 300,36 |  0,00 | 308,021 | 28,50 | 28,50 | 1318,762 |   NaN | NaN | 0,00 | 0,00 | NaN
  35 |  0,00 | 3,691 | 675,21 | 675,21 | 695,80 |  0,00 | 0,263 | 44,35 | 44,35 |  0,00 | 0,269 | 301,82 | 301,82 |  0,00 | 0,483 | 300,55 | 300,55 |  0,00 | 250,086 | 28,50 | 28,50 | 1047,801 |   NaN | NaN | 0,00 | 0,00 | NaN
  36 |  0,00 | 4,733 | 670,34 | 670,34 | 691,44 |  0,00 | 0,316 | 44,35 | 44,35 |  0,00 | 0,334 | 297,69 | 297,69 |  0,00 | 0,443 | 299,80 | 299,80 |  0,00 | 323,716 | 28,50 | 28,50 | 1364,427 |   NaN | NaN | 0,00 | 0,00 | NaN
  37 |  0,00 | 7,407 | 677,20 | 677,20 | 697,83 |  0,00 | 0,299 | 44,35 | 44,35 |  0,00 | 0,418 | 303,91 | 303,91 |  0,00 | 1,128 | 300,44 | 300,44 |  0,00 | 509,735 | 28,50 | 28,50 | 1363,320 |   NaN | NaN | 0,00 | 0,00 | NaN
  38 |  0,00 | 6,232 | 677,89 | 677,89 | 698,50 |  0,00 | 0,291 | 44,35 | 44,35 |  0,00 | 0,323 | 302,37 | 302,37 |  0,00 | 0,486 | 302,68 | 302,68 |  0,00 | 437,600 | 28,50 | 28,50 | 1474,543 |   NaN | NaN | 0,00 | 0,00 | NaN
  39 |  0,00 | 7,261 | 666,33 | 666,33 | 690,17 |  0,00 | 0,334 | 44,35 | 44,35 |  0,00 | 0,425 | 298,26 | 298,26 |  0,00 | 0,767 | 295,23 | 295,23 |  0,00 | 499,852 | 28,50 | 28,50 | 1433,636 |   NaN | NaN | 0,00 | 0,00 | NaN
  40 |  0,00 | 5,499 | 665,80 | 665,80 | 689,65 |  0,00 | 0,334 | 44,35 | 44,35 |  0,00 | 0,375 | 298,89 | 298,89 |  0,00 | 0,457 | 294,07 | 294,07 |  0,00 | 377,106 | 28,50 | 28,50 | 1446,096 |   NaN | NaN | 0,00 | 0,00 | NaN
  41 |  0,00 | 7,735 | 678,02 | 678,02 | 699,15 |  0,00 | 0,317 | 44,35 | 44,35 |  0,00 | 0,505 | 300,52 | 300,52 |  0,00 | 0,960 | 304,65 | 304,65 |  0,00 | 535,353 | 28,50 | 28,50 | 1286,740 |   NaN | NaN | 0,00 | 0,00 | NaN
  42 |  0,00 | 7,877 | 676,04 | 676,04 | 696,66 |  0,00 | 0,263 | 44,35 | 44,35 |  0,00 | 0,494 | 301,12 | 301,12 |  0,00 | 1,185 | 302,07 | 302,07 |  0,00 | 542,573 | 28,50 | 28,50 | 1347,962 |   NaN | NaN | 0,00 | 0,00 | NaN
  43 |  0,00 | 7,302 | 678,90 | 678,90 | 702,62 |  0,00 | 0,341 | 44,35 | 44,35 |  0,00 | 0,467 | 303,68 | 303,68 |  0,00 | 0,686 | 302,37 | 302,37 |  0,00 | 509,063 | 28,50 | 28,50 | 1443,607 |   NaN | NaN | 0,00 | 0,00 | NaN
  44 |  0,00 | 7,835 | 674,93 | 674,93 | 695,52 |  0,00 | 0,253 | 44,35 | 44,35 |  0,00 | 0,434 | 300,58 | 300,58 |  0,00 | 1,370 | 301,50 | 301,50 |  0,00 | 536,826 | 28,50 | 28,50 | 1276,712 |   NaN | NaN | 0,00 | 0,00 | NaN
  45 |  0,00 | 7,708 | 674,04 | 674,04 | 698,87 |  0,00 | 0,338 | 44,35 | 44,35 |  0,00 | 0,500 | 302,99 | 302,99 |  0,00 | 1,582 | 298,20 | 298,20 |  0,00 | 518,800 | 28,50 | 28,50 | 1299,421 |   NaN | NaN | 0,00 | 0,00 | NaN
  46 |  0,00 | 7,225 | 672,78 | 672,78 | 693,39 |  0,00 | 0,277 | 44,35 | 44,35 |  0,00 | 0,323 | 299,62 | 299,62 |  0,00 | 0,705 | 300,31 | 300,31 |  0,00 | 505,238 | 28,50 | 28,50 | 1402,661 |   NaN | NaN | 0,00 | 0,00 | NaN
  47 |  0,00 | 7,286 | 672,67 | 672,67 | 693,27 |  0,00 | 0,275 | 44,35 | 44,35 |  0,00 | 0,536 | 302,01 | 302,01 |  0,00 | 1,158 | 297,81 | 297,81 |  0,00 | 496,580 | 28,50 | 28,50 | 1172,201 |   NaN | NaN | 0,00 | 0,00 | NaN
  48 |  0,00 | 7,844 | 670,65 | 670,65 | 691,36 |  0,00 | 0,304 | 44,35 | 44,35 |  0,00 | 0,482 | 298,96 | 298,96 |  0,00 | 1,131 | 298,85 | 298,85 |  0,00 | 537,587 | 28,50 | 28,50 | 1269,850 |   NaN | NaN | 0,00 | 0,00 | NaN
  49 |  0,00 | 7,529 | 671,84 | 671,84 | 692,90 |  0,00 | 0,317 | 44,35 | 44,35 |  0,00 | 0,591 | 301,09 | 301,09 |  0,00 | 0,837 | 297,90 | 297,90 |  0,00 | 518,022 | 28,50 | 28,50 | 1203,881 |   NaN | NaN | 0,00 | 0,00 | NaN
  50 |  0,00 | 7,634 | 674,72 | 674,72 | 695,34 |  0,00 | 0,271 | 44,35 | 44,35 |  0,00 | 0,361 | 303,08 | 303,08 |  0,00 | 1,124 | 298,79 | 298,79 |  0,00 | 527,607 | 28,50 | 28,50 | 1473,756 |   NaN | NaN | 0,00 | 0,00 | NaN
  51 |  0,00 | 7,925 | 674,15 | 674,15 | 694,75 |  0,00 | 0,269 | 44,35 | 44,35 |  0,00 | 0,352 | 299,17 | 299,17 |  0,00 | 1,061 | 302,13 | 302,13 |  0,00 | 550,264 | 28,50 | 28,50 | 1310,322 |   NaN | NaN | 0,00 | 0,00 | NaN
  52 |  0,00 | 7,790 | 669,64 | 669,64 | 690,27 |  0,00 | 0,295 | 44,35 | 44,35 |  0,00 | 0,660 | 296,28 | 296,28 |  0,00 | 1,528 | 300,52 | 300,52 |  0,00 | 521,929 | 28,50 | 28,50 | 1286,378 |   NaN | NaN | 0,00 | 0,00 | NaN
  53 |  0,00 | 7,783 | 674,55 | 674,55 | 695,13 |  0,00 | 0,282 | 44,35 | 44,35 |  0,00 | 0,466 | 301,14 | 301,14 |  0,00 | 1,150 | 300,56 | 300,56 |  0,00 | 535,470 | 28,50 | 28,50 | 1410,125 |   NaN | NaN | 0,00 | 0,00 | NaN
  54 |  0,00 | 7,908 | 669,94 | 669,94 | 690,53 |  0,00 | 0,285 | 44,35 | 44,35 |  0,00 | 0,484 | 300,36 | 300,36 |  0,00 | 1,008 | 296,73 | 296,73 |  0,00 | 545,000 | 28,50 | 28,50 | 1347,530 |   NaN | NaN | 0,00 | 0,00 | NaN
  55 |  0,00 | 6,492 | 671,57 | 671,57 | 692,15 |  0,00 | 0,270 | 44,35 | 44,35 |  0,00 | 0,298 | 298,68 | 298,68 |  0,00 | 0,526 | 300,04 | 300,04 |  0,00 | 454,724 | 28,50 | 28,50 | 1484,391 |   NaN | NaN | 0,00 | 0,00 | NaN
  56 |  0,00 | 7,677 | 670,46 | 670,46 | 691,05 |  0,00 | 0,276 | 44,35 | 44,35 |  0,00 | 0,492 | 297,98 | 297,98 |  0,00 | 1,187 | 299,62 | 299,62 |  0,00 | 524,811 | 28,50 | 28,50 | 1250,730 |   NaN | NaN | 0,00 | 0,00 | NaN
  57 |  0,00 | 7,638 | 673,04 | 673,04 | 693,63 |  0,00 | 0,273 | 44,35 | 44,35 |  0,00 | 0,498 | 299,73 | 299,73 |  0,00 | 0,850 | 300,47 | 300,47 |  0,00 | 529,710 | 28,50 | 28,50 | 1232,363 |   NaN | NaN | 0,00 | 0,00 | NaN
  58 |  0,00 | 7,892 | 672,72 | 672,72 | 693,40 |  0,00 | 0,302 | 44,35 | 44,35 |  0,00 | 0,555 | 299,32 | 299,32 |  0,00 | 1,054 | 300,55 | 300,55 |  0,00 | 542,216 | 28,50 | 28,50 | 1259,545 |   NaN | NaN | 0,00 | 0,00 | NaN
  59 |  0,00 | 4,714 | 677,22 | 677,22 | 698,63 |  0,00 | 0,321 | 44,35 | 44,35 |  0,00 | 0,336 | 300,75 | 300,75 |  0,00 | 0,425 | 303,62 | 303,62 |  0,00 | 324,395 | 28,50 | 28,50 | 1401,205 |   NaN | NaN | 0,00 | 0,00 | NaN
  60 |  0,00 | 7,917 | 672,46 | 672,46 | 693,05 |  0,00 | 0,255 | 44,35 | 44,35 |  0,00 | 0,469 | 300,25 | 300,25 |  0,00 | 1,704 | 299,36 | 299,36 |  0,00 | 534,313 | 28,50 | 28,50 | 1279,603 |   NaN | NaN | 0,00 | 0,00 | NaN
  61 |  0,00 | 7,938 | 675,39 | 675,39 | 696,00 |  0,00 | 0,278 | 44,35 | 44,35 |  0,00 | 0,443 | 300,66 | 300,66 |  0,00 | 1,355 | 301,88 | 301,88 |  0,00 | 543,902 | 28,50 | 28,50 | 1442,088 |   NaN | NaN | 0,00 | 0,00 | NaN
  62 |  0,00 | 7,625 | 675,34 | 675,34 | 700,67 |  0,00 | 0,340 | 44,35 | 44,35 |  0,00 | 0,413 | 301,55 | 301,55 |  0,00 | 0,886 | 300,94 | 300,94 |  0,00 | 528,625 | 28,50 | 28,50 | 1258,239 |   NaN | NaN | 0,00 | 0,00 | NaN
  63 |  0,00 | 6,640 | 674,74 | 674,74 | 695,38 |  0,00 | 0,295 | 44,35 | 44,35 |  0,00 | 0,341 | 301,62 | 301,62 |  0,00 | 0,509 | 300,26 | 300,26 |  0,00 | 465,712 | 28,50 | 28,50 | 1473,296 |   NaN | NaN | 0,00 | 0,00 | NaN
  64 |  0,00 | 7,901 | 668,71 | 668,71 | 693,83 |  0,00 | 0,338 | 44,35 | 44,35 |  0,00 | 0,509 | 297,00 | 297,00 |  0,00 | 0,993 | 298,86 | 298,86 |  0,00 | 541,873 | 28,50 | 28,50 | 1340,244 |   NaN | NaN | 0,00 | 0,00 | NaN

= = = = = = = = = = = = AVERAGE RESULTS system = = = = = = = = = = = =
meanPLR_system | 0,000000 
meanDelay_system | 5,197706 
meanLoad_system | 672,943695 
meanTHR_system | 672,943695 
meanGate_system | 694,421375 

meanPLR_EF_system | 0,000000 
meanPLR_AF_system | 0,000000 
meanPLR_BE_system | 0,000000 
meanPLR_FLA_system | 0,000000 
meanPLR_FLB_system | NaN 

meanTHR_EF_system | 44,352001 
meanTHR_AF_system | 300,299058 
meanTHR_BE_system | 299,797412 
meanTHR_FLA_system | 28,913187 
meanTHR_FLB_system | 0,000000 

meanLoad_EF_system | 44,352001 
meanLoad_AF_system | 300,299058 
meanLoad_BE_system | 299,797412 
meanLoad_FLA_system | 28,913187 
meanLoad_FLB_system | 0,000000 

meanDELAY_EF_system | 0,299702 
meanDELAY_AF_system | 0,455427 
meanDELAY_BE_system | 0,853892 
meanDELAY_FLA_system | 348,760205 
meanDELAY_FLB_system | NaN 
meanDELAY_CompleteFLA_system | 963,734008 
meanDELAY_CompleteFLB_system | NaN 

= = = = = = = = = = = = AVERAGE RESULTS = = = = = = = = = = = =
Packet Loss Ratio: 00,00 (%)
PROCESSED PACKAGES: 2335109548 
DISCARTED PACKAGES: 0 
TOTAL PACKAGES: 2335109548 
AVERAGE DELAY: 913,56 (ms) 
AVERAGE THROUGHPUT: 672,94 (Mbps) 
GRANTED THROUGHPUT: 44442,97 (Mbps) By 64 ONUs
EFFECTIVE THROUGHPUT: 43068,40 (Mbps) By 64 ONUs
TOTAL LOAD: 43068,40 (Mbps) By 64 ONUs
ON Arrival THROUGHPUT: 0,00 (Mbps) By 64 ONUs
FINISHTIMEFL: 204,529514 
FINISHTIME: 207,529514 


fileName | IPACT_LBVARIBLETOKENSBYCYCLE_5_28_80_0 
