
ONU ID 	|  PLR(%) | Delay(ms) | Throughput(Mbps) | Granted Throughput(Mbps) | Total Load (Mbps) 

  ID |  PLR(%) |  D  | Thr |  Gates  |  Load  | PLR-EF | D-EF | ThrEF | LoadEF | PLR-AF | D-AF | ThrAF | LoadAF | PLR-BE | D-BE | ThrBE | LoadBE | PLR-FA | D-FA | ThrFA | LoadFA | DTFA |  PLR-FB | D-FB | ThrFB | LoadFB | DTFB | 
   1 |  0,00 | 2,409 | 488,49 | 488,49 | 533,91 |  0,00 | 0,120 | 44,35 | 44,35 |  0,00 | 0,160 | 209,88 | 209,88 |  0,00 | 0,238 | 206,02 | 206,02 |  0,00 | 140,804 | 28,24 | 28,24 | 301,827 |   NaN | NaN | 0,00 | 0,00 | NaN
   2 |  0,00 | 17,082 | 486,60 | 486,60 | 537,07 |  0,00 | 0,132 | 44,35 | 44,35 |  0,00 | 0,139 | 208,73 | 208,73 |  0,00 | 0,201 | 205,27 | 205,27 |  0,00 | 1054,776 | 28,24 | 28,24 | 2129,871 |   NaN | NaN | 0,00 | 0,00 | NaN
   3 |  0,00 | 15,967 | 482,61 | 482,61 | 522,92 |  0,00 | 0,069 | 44,35 | 44,35 |  0,00 | 0,073 | 204,51 | 204,51 |  0,00 | 0,265 | 205,50 | 205,50 |  0,00 | 983,263 | 28,24 | 28,24 | 1986,909 |   NaN | NaN | 0,00 | 0,00 | NaN
   4 |  0,00 | 0,310 | 487,69 | 487,69 | 528,11 |  0,00 | 0,074 | 44,35 | 44,35 |  0,00 | 0,166 | 208,72 | 208,72 |  0,00 | 0,361 | 206,37 | 206,37 |  0,00 | 9,542 | 28,24 | 28,24 | 39,185 |   NaN | NaN | 0,00 | 0,00 | NaN
   5 |  0,00 | 24,122 | 482,17 | 482,17 | 523,44 |  0,00 | 0,100 | 44,35 | 44,35 |  0,00 | 0,104 | 205,44 | 205,44 |  0,00 | 0,229 | 204,14 | 204,14 |  0,00 | 1487,381 | 28,24 | 28,24 | 2995,033 |   NaN | NaN | 0,00 | 0,00 | NaN
   6 |  0,00 | 19,365 | 486,26 | 486,26 | 525,33 |  0,00 | 0,052 | 44,35 | 44,35 |  0,00 | 0,056 | 207,64 | 207,64 |  0,00 | 0,293 | 206,03 | 206,03 |  0,00 | 1199,021 | 28,24 | 28,24 | 2418,473 |   NaN | NaN | 0,00 | 0,00 | NaN
   7 |  0,00 | 6,422 | 485,11 | 485,11 | 525,42 |  0,00 | 0,067 | 44,35 | 44,35 |  0,00 | 0,072 | 205,91 | 205,91 |  0,00 | 0,268 | 206,61 | 206,61 |  0,00 | 392,455 | 28,24 | 28,24 | 805,435 |   NaN | NaN | 0,00 | 0,00 | NaN
   8 |  0,00 | 17,907 | 488,34 | 488,34 | 532,77 |  0,00 | 0,117 | 44,35 | 44,35 |  0,00 | 0,122 | 207,37 | 207,37 |  0,00 | 0,209 | 208,37 | 208,37 |  0,00 | 1108,927 | 28,24 | 28,24 | 2238,168 |   NaN | NaN | 0,00 | 0,00 | NaN
   9 |  0,00 | 11,083 | 486,08 | 486,08 | 526,15 |  0,00 | 0,057 | 44,35 | 44,35 |  0,00 | 0,063 | 206,54 | 206,54 |  0,00 | 0,281 | 206,96 | 206,96 |  0,00 | 683,269 | 28,24 | 28,24 | 1387,061 |   NaN | NaN | 0,00 | 0,00 | NaN
  10 |  0,00 | 0,440 | 485,23 | 485,23 | 529,87 |  0,00 | 0,117 | 44,35 | 44,35 |  0,00 | 0,217 | 207,11 | 207,11 |  0,00 | 0,311 | 205,53 | 205,53 |  0,00 | 16,150 | 28,24 | 28,24 | 52,306 |   NaN | NaN | 0,00 | 0,00 | NaN
  11 |  0,00 | 34,942 | 484,90 | 484,90 | 525,05 |  0,00 | 0,057 | 44,35 | 44,35 |  0,00 | 0,063 | 205,65 | 205,65 |  0,00 | 0,288 | 206,66 | 206,66 |  0,00 | 2165,400 | 28,24 | 28,24 | 4351,049 |   NaN | NaN | 0,00 | 0,00 | NaN
  12 |  0,00 | 20,442 | 485,92 | 485,92 | 531,18 |  0,00 | 0,119 | 44,35 | 44,35 |  0,00 | 0,124 | 206,21 | 206,21 |  0,00 | 0,206 | 207,11 | 207,11 |  0,00 | 1263,540 | 28,24 | 28,24 | 2547,409 |   NaN | NaN | 0,00 | 0,00 | NaN
  13 |  0,00 | 17,113 | 479,84 | 479,84 | 520,33 |  0,00 | 0,084 | 44,35 | 44,35 |  0,00 | 0,088 | 204,97 | 204,97 |  0,00 | 0,250 | 202,28 | 202,28 |  0,00 | 1050,710 | 28,24 | 28,24 | 2121,786 |   NaN | NaN | 0,00 | 0,00 | NaN
  14 |  0,00 | 24,055 | 487,78 | 487,78 | 535,12 |  0,00 | 0,125 | 44,35 | 44,35 |  0,00 | 0,128 | 207,08 | 207,08 |  0,00 | 0,201 | 208,12 | 208,12 |  0,00 | 1491,278 | 28,24 | 28,24 | 3002,957 |   NaN | NaN | 0,00 | 0,00 | NaN
  15 |  0,00 | 6,769 | 484,54 | 484,54 | 529,83 |  0,00 | 0,119 | 44,35 | 44,35 |  0,00 | 0,130 | 203,71 | 203,71 |  0,00 | 0,211 | 208,23 | 208,23 |  0,00 | 411,986 | 28,24 | 28,24 | 844,426 |   NaN | NaN | 0,00 | 0,00 | NaN
  16 |  0,00 | 13,602 | 489,91 | 489,91 | 532,76 |  0,00 | 0,111 | 44,35 | 44,35 |  0,00 | 0,114 | 207,69 | 207,69 |  0,00 | 0,214 | 209,63 | 209,63 |  0,00 | 841,932 | 28,24 | 28,24 | 1704,258 |   NaN | NaN | 0,00 | 0,00 | NaN
  17 |  0,00 | 12,793 | 486,15 | 486,15 | 532,75 |  0,00 | 0,123 | 44,35 | 44,35 |  0,00 | 0,126 | 207,68 | 207,68 |  0,00 | 0,202 | 205,88 | 205,88 |  0,00 | 787,633 | 28,24 | 28,24 | 1595,799 |   NaN | NaN | 0,00 | 0,00 | NaN
  18 |  0,00 | 37,922 | 483,65 | 483,65 | 524,88 |  0,00 | 0,100 | 44,35 | 44,35 |  0,00 | 0,106 | 205,99 | 205,99 |  0,00 | 0,230 | 205,06 | 205,06 |  0,00 | 2346,167 | 28,24 | 28,24 | 4712,443 |   NaN | NaN | 0,00 | 0,00 | NaN
  19 |  0,00 | 30,000 | 480,93 | 480,93 | 521,67 |  0,00 | 0,091 | 44,35 | 44,35 |  0,00 | 0,095 | 203,73 | 203,73 |  0,00 | 0,238 | 204,60 | 204,60 |  0,00 | 1849,642 | 28,24 | 28,24 | 3719,557 |   NaN | NaN | 0,00 | 0,00 | NaN
  20 |  0,00 | 35,718 | 480,99 | 480,99 | 521,52 |  0,00 | 0,087 | 44,35 | 44,35 |  0,00 | 0,102 | 206,20 | 206,20 |  0,00 | 0,254 | 202,20 | 202,20 |  0,00 | 2203,221 | 28,24 | 28,24 | 4426,679 |   NaN | NaN | 0,00 | 0,00 | NaN
  21 |  0,00 | 4,558 | 479,16 | 479,16 | 519,83 |  0,00 | 0,091 | 44,35 | 44,35 |  0,00 | 0,102 | 204,07 | 204,07 |  0,00 | 0,247 | 202,50 | 202,50 |  0,00 | 273,842 | 28,24 | 28,24 | 568,227 |   NaN | NaN | 0,00 | 0,00 | NaN
  22 |  0,00 | 25,487 | 487,73 | 487,73 | 537,04 |  0,00 | 0,130 | 44,35 | 44,35 |  0,00 | 0,133 | 209,74 | 209,74 |  0,00 | 0,197 | 205,39 | 205,39 |  0,00 | 1580,415 | 28,24 | 28,24 | 3181,157 |   NaN | NaN | 0,00 | 0,00 | NaN
  23 |  0,00 | 33,092 | 486,21 | 486,21 | 529,27 |  0,00 | 0,112 | 44,35 | 44,35 |  0,00 | 0,117 | 207,05 | 207,05 |  0,00 | 0,223 | 206,56 | 206,56 |  0,00 | 2051,553 | 28,24 | 28,24 | 4123,148 |   NaN | NaN | 0,00 | 0,00 | NaN
  24 |  0,00 | 17,205 | 488,67 | 488,67 | 529,02 |  0,00 | 0,073 | 44,35 | 44,35 |  0,00 | 0,079 | 207,42 | 207,42 |  0,00 | 0,259 | 208,66 | 208,66 |  0,00 | 1066,692 | 28,24 | 28,24 | 2153,711 |   NaN | NaN | 0,00 | 0,00 | NaN
  25 |  0,00 | 7,956 | 486,74 | 486,74 | 536,71 |  0,00 | 0,131 | 44,35 | 44,35 |  0,00 | 0,139 | 204,72 | 204,72 |  0,00 | 0,199 | 209,42 | 209,42 |  0,00 | 486,476 | 28,24 | 28,24 | 993,385 |   NaN | NaN | 0,00 | 0,00 | NaN
  26 |  0,00 | 6,058 | 483,70 | 483,70 | 531,92 |  0,00 | 0,127 | 44,35 | 44,35 |  0,00 | 0,136 | 206,21 | 206,21 |  0,00 | 0,201 | 204,90 | 204,90 |  0,00 | 367,168 | 28,24 | 28,24 | 754,842 |   NaN | NaN | 0,00 | 0,00 | NaN
  27 |  0,00 | 38,362 | 483,42 | 483,42 | 523,26 |  0,00 | 0,055 | 44,35 | 44,35 |  0,00 | 0,060 | 207,09 | 207,09 |  0,00 | 0,286 | 203,73 | 203,73 |  0,00 | 2374,506 | 28,24 | 28,24 | 4769,262 |   NaN | NaN | 0,00 | 0,00 | NaN
  28 |  0,00 | 33,293 | 481,24 | 481,24 | 526,68 |  0,00 | 0,120 | 44,35 | 44,35 |  0,00 | 0,136 | 205,51 | 205,51 |  0,00 | 0,226 | 203,14 | 203,14 |  0,00 | 2052,628 | 28,24 | 28,24 | 4125,396 |   NaN | NaN | 0,00 | 0,00 | NaN
  29 |  0,00 | 34,456 | 485,45 | 485,45 | 526,59 |  0,00 | 0,099 | 44,35 | 44,35 |  0,00 | 0,108 | 205,48 | 205,48 |  0,00 | 0,233 | 207,38 | 207,38 |  0,00 | 2135,241 | 28,24 | 28,24 | 4290,956 |   NaN | NaN | 0,00 | 0,00 | NaN
  30 |  0,00 | 36,776 | 484,25 | 484,25 | 533,68 |  0,00 | 0,130 | 44,35 | 44,35 |  0,00 | 0,132 | 205,57 | 205,57 |  0,00 | 0,195 | 206,09 | 206,09 |  0,00 | 2275,704 | 28,24 | 28,24 | 4571,658 |   NaN | NaN | 0,00 | 0,00 | NaN
  31 |  0,00 | 33,112 | 483,81 | 483,81 | 524,78 |  0,00 | 0,097 | 44,35 | 44,35 |  0,00 | 0,104 | 206,52 | 206,52 |  0,00 | 0,245 | 204,70 | 204,70 |  0,00 | 2048,168 | 28,24 | 28,24 | 4116,485 |   NaN | NaN | 0,00 | 0,00 | NaN
  32 |  0,00 | 35,001 | 486,61 | 486,61 | 526,47 |  0,00 | 0,054 | 44,35 | 44,35 |  0,00 | 0,066 | 206,63 | 206,63 |  0,00 | 0,293 | 207,38 | 207,38 |  0,00 | 2173,282 | 28,24 | 28,24 | 4366,719 |   NaN | NaN | 0,00 | 0,00 | NaN
  33 |  0,00 | 36,197 | 482,89 | 482,89 | 527,81 |  0,00 | 0,118 | 44,35 | 44,35 |  0,00 | 0,132 | 204,90 | 204,90 |  0,00 | 0,216 | 205,40 | 205,40 |  0,00 | 2236,865 | 28,24 | 28,24 | 4493,902 |   NaN | NaN | 0,00 | 0,00 | NaN
  34 |  0,00 | 39,617 | 484,57 | 484,57 | 527,23 |  0,00 | 0,110 | 44,35 | 44,35 |  0,00 | 0,114 | 205,54 | 205,54 |  0,00 | 0,216 | 206,43 | 206,43 |  0,00 | 2453,649 | 28,24 | 28,24 | 4927,495 |   NaN | NaN | 0,00 | 0,00 | NaN
  35 |  0,00 | 40,801 | 486,58 | 486,58 | 526,75 |  0,00 | 0,059 | 44,35 | 44,35 |  0,00 | 0,062 | 207,03 | 207,03 |  0,00 | 0,277 | 206,95 | 206,95 |  0,00 | 2534,695 | 28,24 | 28,24 | 5089,541 |   NaN | NaN | 0,00 | 0,00 | NaN
  36 |  0,00 | 38,959 | 483,59 | 483,59 | 526,84 |  0,00 | 0,112 | 44,35 | 44,35 |  0,00 | 0,116 | 204,51 | 204,51 |  0,00 | 0,215 | 206,49 | 206,49 |  0,00 | 2410,257 | 28,24 | 28,24 | 4840,735 |   NaN | NaN | 0,00 | 0,00 | NaN
  37 |  0,00 | 35,068 | 488,06 | 488,06 | 528,87 |  0,00 | 0,095 | 44,35 | 44,35 |  0,00 | 0,105 | 208,95 | 208,95 |  0,00 | 0,245 | 206,52 | 206,52 |  0,00 | 2179,422 | 28,24 | 28,24 | 4378,975 |   NaN | NaN | 0,00 | 0,00 | NaN
  38 |  0,00 | 36,991 | 488,36 | 488,36 | 528,89 |  0,00 | 0,086 | 44,35 | 44,35 |  0,00 | 0,091 | 207,79 | 207,79 |  0,00 | 0,244 | 207,98 | 207,98 |  0,00 | 2300,413 | 28,24 | 28,24 | 4621,017 |   NaN | NaN | 0,00 | 0,00 | NaN
  39 |  0,00 | 36,156 | 480,64 | 480,64 | 529,95 |  0,00 | 0,130 | 44,35 | 44,35 |  0,00 | 0,137 | 205,30 | 205,30 |  0,00 | 0,207 | 202,74 | 202,74 |  0,00 | 2228,531 | 28,24 | 28,24 | 4477,384 |   NaN | NaN | 0,00 | 0,00 | NaN
  40 |  0,00 | 38,378 | 480,10 | 480,10 | 529,39 |  0,00 | 0,130 | 44,35 | 44,35 |  0,00 | 0,135 | 205,39 | 205,39 |  0,00 | 0,201 | 202,12 | 202,12 |  0,00 | 2364,795 | 28,24 | 28,24 | 4749,867 |   NaN | NaN | 0,00 | 0,00 | NaN
  41 |  0,00 | 33,738 | 488,15 | 488,15 | 531,55 |  0,00 | 0,113 | 44,35 | 44,35 |  0,00 | 0,123 | 206,28 | 206,28 |  0,00 | 0,220 | 209,27 | 209,27 |  0,00 | 2096,197 | 28,24 | 28,24 | 4212,835 |   NaN | NaN | 0,00 | 0,00 | NaN
  42 |  0,00 | 34,392 | 487,16 | 487,16 | 527,36 |  0,00 | 0,059 | 44,35 | 44,35 |  0,00 | 0,067 | 206,89 | 206,89 |  0,00 | 0,286 | 207,68 | 207,68 |  0,00 | 2136,244 | 28,24 | 28,24 | 4293,029 |   NaN | NaN | 0,00 | 0,00 | NaN
  43 |  0,00 | 35,755 | 489,27 | 489,27 | 536,71 |  0,00 | 0,137 | 44,35 | 44,35 |  0,00 | 0,147 | 208,79 | 208,79 |  0,00 | 0,195 | 207,89 | 207,89 |  0,00 | 2223,809 | 28,24 | 28,24 | 4467,943 |   NaN | NaN | 0,00 | 0,00 | NaN
  44 |  0,00 | 33,552 | 486,82 | 486,82 | 526,00 |  0,00 | 0,053 | 44,35 | 44,35 |  0,00 | 0,065 | 206,84 | 206,84 |  0,00 | 0,313 | 207,39 | 207,39 |  0,00 | 2083,374 | 28,24 | 28,24 | 4186,887 |   NaN | NaN | 0,00 | 0,00 | NaN
  45 |  0,00 | 34,309 | 485,84 | 485,84 | 536,97 |  0,00 | 0,133 | 44,35 | 44,35 |  0,00 | 0,142 | 208,30 | 208,30 |  0,00 | 0,209 | 204,95 | 204,95 |  0,00 | 2125,843 | 28,24 | 28,24 | 4271,960 |   NaN | NaN | 0,00 | 0,00 | NaN
  46 |  0,00 | 35,603 | 485,25 | 485,25 | 525,58 |  0,00 | 0,072 | 44,35 | 44,35 |  0,00 | 0,080 | 206,17 | 206,17 |  0,00 | 0,264 | 206,49 | 206,49 |  0,00 | 2207,133 | 28,24 | 28,24 | 4434,471 |   NaN | NaN | 0,00 | 0,00 | NaN
  47 |  0,00 | 32,757 | 485,47 | 485,47 | 525,79 |  0,00 | 0,070 | 44,35 | 44,35 |  0,00 | 0,082 | 208,04 | 208,04 |  0,00 | 0,282 | 204,84 | 204,84 |  0,00 | 2030,078 | 28,24 | 28,24 | 4080,262 |   NaN | NaN | 0,00 | 0,00 | NaN
  48 |  0,00 | 33,547 | 483,48 | 483,48 | 524,74 |  0,00 | 0,100 | 44,35 | 44,35 |  0,00 | 0,113 | 205,81 | 205,81 |  0,00 | 0,243 | 205,08 | 205,08 |  0,00 | 2074,120 | 28,24 | 28,24 | 4168,556 |   NaN | NaN | 0,00 | 0,00 | NaN
  49 |  0,00 | 32,737 | 484,67 | 484,67 | 527,93 |  0,00 | 0,112 | 44,35 | 44,35 |  0,00 | 0,125 | 207,08 | 207,08 |  0,00 | 0,221 | 205,00 | 205,00 |  0,00 | 2026,072 | 28,24 | 28,24 | 4072,272 |   NaN | NaN | 0,00 | 0,00 | NaN
  50 |  0,00 | 35,778 | 486,02 | 486,02 | 526,32 |  0,00 | 0,066 | 44,35 | 44,35 |  0,00 | 0,074 | 208,20 | 208,20 |  0,00 | 0,276 | 205,23 | 205,23 |  0,00 | 2219,977 | 28,24 | 28,24 | 4460,453 |   NaN | NaN | 0,00 | 0,00 | NaN
  51 |  0,00 | 33,748 | 486,37 | 486,37 | 526,68 |  0,00 | 0,064 | 44,35 | 44,35 |  0,00 | 0,073 | 205,91 | 205,91 |  0,00 | 0,282 | 207,87 | 207,87 |  0,00 | 2094,265 | 28,24 | 28,24 | 4208,699 |   NaN | NaN | 0,00 | 0,00 | NaN
  52 |  0,00 | 34,188 | 482,62 | 482,62 | 523,33 |  0,00 | 0,091 | 44,35 | 44,35 |  0,00 | 0,102 | 203,45 | 203,45 |  0,00 | 0,249 | 206,58 | 206,58 |  0,00 | 2112,061 | 28,24 | 28,24 | 4244,217 |   NaN | NaN | 0,00 | 0,00 | NaN
  53 |  0,00 | 35,151 | 486,36 | 486,36 | 526,73 |  0,00 | 0,078 | 44,35 | 44,35 |  0,00 | 0,088 | 207,10 | 207,10 |  0,00 | 0,260 | 206,66 | 206,66 |  0,00 | 2181,138 | 28,24 | 28,24 | 4382,419 |   NaN | NaN | 0,00 | 0,00 | NaN
  54 |  0,00 | 34,452 | 482,70 | 482,70 | 523,11 |  0,00 | 0,081 | 44,35 | 44,35 |  0,00 | 0,094 | 206,40 | 206,40 |  0,00 | 0,263 | 203,71 | 203,71 |  0,00 | 2129,359 | 28,24 | 28,24 | 4278,987 |   NaN | NaN | 0,00 | 0,00 | NaN
  55 |  0,00 | 37,025 | 484,42 | 484,42 | 524,71 |  0,00 | 0,066 | 44,35 | 44,35 |  0,00 | 0,070 | 205,39 | 205,39 |  0,00 | 0,267 | 206,44 | 206,44 |  0,00 | 2293,586 | 28,24 | 28,24 | 4607,396 |   NaN | NaN | 0,00 | 0,00 | NaN
  56 |  0,00 | 33,519 | 483,18 | 483,18 | 523,54 |  0,00 | 0,071 | 44,35 | 44,35 |  0,00 | 0,087 | 204,80 | 204,80 |  0,00 | 0,276 | 205,79 | 205,79 |  0,00 | 2072,685 | 28,24 | 28,24 | 4165,611 |   NaN | NaN | 0,00 | 0,00 | NaN
  57 |  0,00 | 32,994 | 485,77 | 485,77 | 526,09 |  0,00 | 0,068 | 44,35 | 44,35 |  0,00 | 0,083 | 206,29 | 206,29 |  0,00 | 0,282 | 206,88 | 206,88 |  0,00 | 2045,776 | 28,24 | 28,24 | 4111,810 |   NaN | NaN | 0,00 | 0,00 | NaN
  58 |  0,00 | 33,207 | 484,98 | 484,98 | 526,02 |  0,00 | 0,097 | 44,35 | 44,35 |  0,00 | 0,105 | 205,77 | 205,77 |  0,00 | 0,239 | 206,62 | 206,62 |  0,00 | 2056,742 | 28,24 | 28,24 | 4133,477 |   NaN | NaN | 0,00 | 0,00 | NaN
  59 |  0,00 | 39,201 | 488,25 | 488,25 | 532,52 |  0,00 | 0,116 | 44,35 | 44,35 |  0,00 | 0,120 | 206,80 | 206,80 |  0,00 | 0,210 | 208,86 | 208,86 |  0,00 | 2437,210 | 28,24 | 28,24 | 4894,705 |   NaN | NaN | 0,00 | 0,00 | NaN
  60 |  0,00 | 33,787 | 484,45 | 484,45 | 523,95 |  0,00 | 0,053 | 44,35 | 44,35 |  0,00 | 0,072 | 206,35 | 206,35 |  0,00 | 0,297 | 205,51 | 205,51 |  0,00 | 2092,614 | 28,24 | 28,24 | 4205,589 |   NaN | NaN | 0,00 | 0,00 | NaN
  61 |  0,00 | 35,312 | 486,70 | 486,70 | 527,06 |  0,00 | 0,073 | 44,35 | 44,35 |  0,00 | 0,086 | 206,74 | 206,74 |  0,00 | 0,266 | 207,36 | 207,36 |  0,00 | 2192,269 | 28,24 | 28,24 | 4404,900 |   NaN | NaN | 0,00 | 0,00 | NaN
  62 |  0,00 | 33,552 | 486,80 | 486,80 | 538,70 |  0,00 | 0,135 | 44,35 | 44,35 |  0,00 | 0,141 | 207,36 | 207,36 |  0,00 | 0,204 | 206,85 | 206,85 |  0,00 | 2080,845 | 28,24 | 28,24 | 4181,981 |   NaN | NaN | 0,00 | 0,00 | NaN
  63 |  0,00 | 36,688 | 486,42 | 486,42 | 527,12 |  0,00 | 0,090 | 44,35 | 44,35 |  0,00 | 0,096 | 207,28 | 207,28 |  0,00 | 0,241 | 206,55 | 206,55 |  0,00 | 2276,804 | 28,24 | 28,24 | 4573,679 |   NaN | NaN | 0,00 | 0,00 | NaN
  64 |  0,00 | 34,510 | 482,53 | 482,53 | 534,10 |  0,00 | 0,134 | 44,35 | 44,35 |  0,00 | 0,145 | 204,03 | 204,03 |  0,00 | 0,200 | 205,92 | 205,92 |  0,00 | 2130,878 | 28,24 | 28,24 | 4281,940 |   NaN | NaN | 0,00 | 0,00 | NaN

= = = = = = = = = = = = AVERAGE RESULTS system = = = = = = = = = = = =
meanPLR_system | 0,000000 
meanDelay_system | 27,898190 
meanLoad_system | 485,134723 
meanTHR_system | 485,134723 
meanGate_system | 528,182138 

meanPLR_EF_system | 0,000000 
meanPLR_AF_system | 0,000000 
meanPLR_BE_system | 0,000000 
meanPLR_FLA_system | 0,000000 
meanPLR_FLB_system | NaN 

meanTHR_EF_system | 44,352003 
meanTHR_AF_system | 206,442105 
meanTHR_BE_system | 206,100865 
meanTHR_FLA_system | 28,650198 
meanTHR_FLB_system | 0,000000 

meanLoad_EF_system | 44,352003 
meanLoad_AF_system | 206,442105 
meanLoad_BE_system | 206,100865 
meanLoad_FLA_system | 28,650198 
meanLoad_FLB_system | 0,000000 

meanDELAY_EF_system | 0,095534 
meanDELAY_AF_system | 0,106756 
meanDELAY_BE_system | 0,244030 
meanDELAY_FLA_system | 1726,569977 
meanDELAY_FLB_system | NaN 
meanDELAY_CompleteFLA_system | 3473,415138 
meanDELAY_CompleteFLB_system | NaN 

= = = = = = = = = = = = AVERAGE RESULTS = = = = = = = = = = = =
Packet Loss Ratio: 00,00 (%)
PROCESSED PACKAGES: 1961224306 
DISCARTED PACKAGES: 0 
TOTAL PACKAGES: 1961224306 
AVERAGE DELAY: 4082,08 (ms) 
AVERAGE THROUGHPUT: 485,13 (Mbps) 
GRANTED THROUGHPUT: 33803,66 (Mbps) By 64 ONUs
EFFECTIVE THROUGHPUT: 31048,62 (Mbps) By 64 ONUs
TOTAL LOAD: 31048,62 (Mbps) By 64 ONUs
ON Arrival THROUGHPUT: 0,00 (Mbps) By 64 ONUs
FINISHTIMEFL: 206,406954 
FINISHTIME: 209,406954 


fileName | IPACT_LEAKYBUCKET_5_28_55_0 
