
ONU ID 	|  PLR(%) | Delay(ms) | Throughput(Mbps) | Granted Throughput(Mbps) | Total Load (Mbps) 

  ID |  PLR(%) |  D  | Thr |  Gates  |  Load  | PLR-EF | D-EF | ThrEF | LoadEF | PLR-AF | D-AF | ThrAF | LoadAF | PLR-BE | D-BE | ThrBE | LoadBE | PLR-FA | D-FA | ThrFA | LoadFA | DTFA |  PLR-FB | D-FB | ThrFB | LoadFB | DTFB | 
   1 |  0,00 | 72,033 | 754,67 | 754,67 | 759,35 |  0,00 | 1,365 | 44,35 | 44,35 |  0,00 | 1,355 | 342,23 | 342,23 |  0,00 | 240,200 | 335,02 | 335,02 |  0,00 | 271,123 | 33,07 | 33,07 | 564,116 |   NaN | NaN | 0,00 | 0,00 | NaN
   2 |  0,14 | 91,860 | 754,56 | 755,63 | 759,35 |  0,00 | 1,429 | 44,35 | 44,35 |  0,00 | 1,368 | 341,74 | 341,74 |  0,32 | 309,747 | 335,39 | 336,46 |  0,00 | 288,908 | 33,07 | 33,07 | 577,416 |   NaN | NaN | 0,00 | 0,00 | NaN
   3 |  0,00 | 76,364 | 748,39 | 748,39 | 753,03 |  0,00 | 1,309 | 44,35 | 44,35 |  0,00 | 1,304 | 334,81 | 334,81 |  0,00 | 253,664 | 336,15 | 336,15 |  0,00 | 269,785 | 33,07 | 33,07 | 555,335 |   NaN | NaN | 0,00 | 0,00 | NaN
   4 |  0,05 | 77,218 | 755,59 | 755,95 | 760,23 |  0,00 | 1,327 | 44,35 | 44,35 |  0,00 | 1,309 | 340,78 | 340,78 |  0,11 | 257,479 | 337,39 | 337,75 |  0,00 | 266,112 | 33,07 | 33,07 | 552,375 |   NaN | NaN | 0,00 | 0,00 | NaN
   5 |  0,02 | 89,043 | 749,18 | 749,34 | 753,82 |  0,00 | 1,342 | 44,35 | 44,35 |  0,00 | 1,335 | 337,02 | 337,02 |  0,05 | 299,107 | 334,73 | 334,89 |  0,00 | 285,931 | 33,07 | 33,07 | 574,071 |   NaN | NaN | 0,00 | 0,00 | NaN
   6 |  0,00 | 85,010 | 755,70 | 755,70 | 760,32 |  0,00 | 1,289 | 44,35 | 44,35 |  0,00 | 1,282 | 340,47 | 340,47 |  0,00 | 284,511 | 337,80 | 337,80 |  0,00 | 275,093 | 33,07 | 33,07 | 561,788 |   NaN | NaN | 0,00 | 0,00 | NaN
   7 |  0,11 | 84,804 | 751,88 | 752,67 | 756,52 |  0,00 | 1,307 | 44,35 | 44,35 |  0,00 | 1,302 | 338,21 | 338,21 |  0,24 | 284,516 | 336,24 | 337,03 |  0,00 | 266,199 | 33,07 | 33,07 | 546,446 |   NaN | NaN | 0,00 | 0,00 | NaN
   8 |  0,02 | 94,596 | 754,87 | 755,02 | 759,56 |  0,00 | 1,357 | 44,35 | 44,35 |  0,00 | 1,353 | 337,86 | 337,86 |  0,04 | 316,156 | 339,59 | 339,74 |  0,00 | 283,352 | 33,07 | 33,07 | 575,301 |   NaN | NaN | 0,00 | 0,00 | NaN
   9 |  0,06 | 82,923 | 755,58 | 756,02 | 760,21 |  0,00 | 1,297 | 44,35 | 44,35 |  0,00 | 1,291 | 339,03 | 339,03 |  0,13 | 276,716 | 339,12 | 339,56 |  0,00 | 260,451 | 33,07 | 33,07 | 547,671 |   NaN | NaN | 0,00 | 0,00 | NaN
  10 |  0,00 | 72,483 | 751,56 | 751,56 | 756,22 |  0,00 | 1,358 | 44,35 | 44,35 |  0,00 | 1,351 | 337,21 | 337,21 |  0,00 | 240,273 | 336,92 | 336,92 |  0,00 | 261,537 | 33,07 | 33,07 | 537,729 |   NaN | NaN | 0,00 | 0,00 | NaN
  11 |  0,00 | 84,557 | 750,51 | 750,51 | 755,14 |  0,00 | 1,298 | 44,35 | 44,35 |  0,00 | 1,294 | 335,43 | 335,43 |  0,00 | 282,204 | 337,65 | 337,65 |  0,00 | 266,963 | 33,07 | 33,07 | 571,329 |   NaN | NaN | 0,00 | 0,00 | NaN
  12 |  0,12 | 100,052 | 754,00 | 754,94 | 758,69 |  0,00 | 1,361 | 44,35 | 44,35 |  0,00 | 1,354 | 337,86 | 337,86 |  0,28 | 337,086 | 338,71 | 339,65 |  0,00 | 259,909 | 33,07 | 33,07 | 544,008 |   NaN | NaN | 0,00 | 0,00 | NaN
  13 |  0,00 | 70,342 | 744,68 | 744,68 | 749,31 |  0,00 | 1,325 | 44,35 | 44,35 |  0,00 | 1,321 | 335,83 | 335,83 |  0,00 | 234,887 | 331,42 | 331,42 |  0,00 | 266,399 | 33,07 | 33,07 | 553,841 |   NaN | NaN | 0,00 | 0,00 | NaN
  14 |  0,18 | 97,586 | 753,97 | 755,35 | 758,69 |  0,00 | 1,366 | 44,35 | 44,35 |  0,00 | 1,361 | 337,88 | 337,88 |  0,41 | 327,244 | 338,66 | 340,05 |  0,00 | 283,181 | 33,07 | 33,07 | 568,220 |   NaN | NaN | 0,00 | 0,00 | NaN
  15 |  0,05 | 69,025 | 750,58 | 750,94 | 755,26 |  0,00 | 1,361 | 44,35 | 44,35 |  0,00 | 1,356 | 333,67 | 333,67 |  0,10 | 226,165 | 339,49 | 339,84 |  0,00 | 260,538 | 33,07 | 33,07 | 525,328 |   NaN | NaN | 0,00 | 0,00 | NaN
  16 |  0,02 | 87,304 | 760,82 | 760,99 | 765,45 |  0,00 | 1,364 | 44,35 | 44,35 |  0,00 | 1,346 | 339,22 | 339,22 |  0,05 | 288,786 | 344,17 | 344,34 |  0,00 | 267,000 | 33,07 | 33,07 | 547,637 |   NaN | NaN | 0,00 | 0,00 | NaN
  17 |  0,03 | 85,769 | 754,92 | 755,12 | 759,63 |  0,00 | 1,364 | 44,35 | 44,35 |  0,00 | 1,360 | 340,35 | 340,35 |  0,06 | 287,015 | 337,14 | 337,35 |  0,00 | 281,411 | 33,07 | 33,07 | 563,097 |   NaN | NaN | 0,00 | 0,00 | NaN
  18 |  0,00 | 63,911 | 749,14 | 749,14 | 753,75 |  0,00 | 1,341 | 44,35 | 44,35 |  0,00 | 1,335 | 336,33 | 336,33 |  0,00 | 211,203 | 335,38 | 335,38 |  0,00 | 245,338 | 33,07 | 33,07 | 503,243 |   NaN | NaN | 0,00 | 0,00 | NaN
  19 |  0,00 | 63,954 | 744,82 | 744,82 | 749,42 |  0,00 | 1,333 | 44,35 | 44,35 |  0,00 | 1,326 | 332,45 | 332,45 |  0,00 | 210,886 | 334,94 | 334,94 |  0,00 | 246,004 | 33,07 | 33,07 | 525,614 |   NaN | NaN | 0,00 | 0,00 | NaN
  20 |  0,00 | 64,244 | 745,04 | 745,04 | 749,67 |  0,00 | 1,327 | 44,35 | 44,35 |  0,00 | 1,322 | 337,01 | 337,01 |  0,00 | 214,131 | 330,61 | 330,61 |  0,00 | 256,963 | 33,07 | 33,07 | 535,491 |   NaN | NaN | 0,00 | 0,00 | NaN
  21 |  0,00 | 63,586 | 743,73 | 743,77 | 748,35 |  0,00 | 1,332 | 44,35 | 44,35 |  0,00 | 1,326 | 334,01 | 334,01 |  0,01 | 210,000 | 332,29 | 332,33 |  0,00 | 265,758 | 33,07 | 33,07 | 549,915 |   NaN | NaN | 0,00 | 0,00 | NaN
  22 |  0,07 | 86,988 | 757,05 | 757,56 | 761,82 |  0,00 | 1,384 | 44,35 | 44,35 |  0,00 | 1,366 | 343,78 | 343,78 |  0,15 | 293,043 | 335,85 | 336,36 |  0,00 | 280,419 | 33,07 | 33,07 | 568,145 |   NaN | NaN | 0,00 | 0,00 | NaN
  23 |  0,00 | 78,331 | 752,53 | 752,53 | 757,18 |  0,00 | 1,353 | 44,35 | 44,35 |  0,00 | 1,348 | 338,39 | 338,39 |  0,00 | 261,476 | 336,71 | 336,71 |  0,00 | 261,626 | 33,07 | 33,07 | 545,362 |   NaN | NaN | 0,00 | 0,00 | NaN
  24 |  0,13 | 101,837 | 757,11 | 758,06 | 761,75 |  0,00 | 1,314 | 44,35 | 44,35 |  0,00 | 1,310 | 338,82 | 338,82 |  0,28 | 341,917 | 340,87 | 341,82 |  0,00 | 267,120 | 33,07 | 33,07 | 552,706 |   NaN | NaN | 0,00 | 0,00 | NaN
  25 |  0,10 | 88,298 | 755,07 | 755,85 | 759,87 |  0,00 | 1,372 | 44,35 | 44,35 |  0,00 | 1,367 | 335,70 | 335,70 |  0,23 | 292,480 | 341,94 | 342,72 |  0,00 | 270,825 | 33,07 | 33,07 | 548,770 |   NaN | NaN | 0,00 | 0,00 | NaN
  26 |  0,01 | 61,483 | 749,35 | 749,40 | 754,09 |  0,00 | 1,368 | 44,35 | 44,35 |  0,00 | 1,363 | 336,64 | 336,64 |  0,01 | 202,347 | 335,29 | 335,34 |  0,00 | 251,650 | 33,07 | 33,07 | 532,651 |   NaN | NaN | 0,00 | 0,00 | NaN
  27 |  0,00 | 71,727 | 750,44 | 750,45 | 755,05 |  0,00 | 1,304 | 44,35 | 44,35 |  0,00 | 1,289 | 338,65 | 338,65 |  0,00 | 240,289 | 334,36 | 334,37 |  0,00 | 243,308 | 33,07 | 33,07 | 516,371 |   NaN | NaN | 0,00 | 0,00 | NaN
  28 |  0,00 | 74,454 | 743,66 | 743,66 | 748,35 |  0,00 | 1,361 | 44,35 | 44,35 |  0,00 | 1,356 | 336,02 | 336,02 |  0,00 | 249,872 | 330,21 | 330,21 |  0,00 | 275,086 | 33,07 | 33,07 | 548,546 |   NaN | NaN | 0,00 | 0,00 | NaN
  29 |  0,00 | 83,380 | 753,03 | 753,03 | 757,66 |  0,00 | 1,340 | 44,35 | 44,35 |  0,00 | 1,335 | 337,10 | 337,10 |  0,00 | 278,168 | 338,51 | 338,51 |  0,00 | 259,239 | 33,07 | 33,07 | 539,891 |   NaN | NaN | 0,00 | 0,00 | NaN
  30 |  0,03 | 75,463 | 749,99 | 750,20 | 754,76 |  0,00 | 1,372 | 44,35 | 44,35 |  0,00 | 1,366 | 335,91 | 335,91 |  0,06 | 252,661 | 336,66 | 336,86 |  0,00 | 224,616 | 33,07 | 33,07 | 473,027 |   NaN | NaN | 0,00 | 0,00 | NaN
  31 |  0,00 | 73,642 | 750,52 | 750,52 | 755,14 |  0,00 | 1,337 | 44,35 | 44,35 |  0,00 | 1,332 | 338,81 | 338,81 |  0,00 | 245,597 | 334,28 | 334,28 |  0,00 | 271,175 | 33,07 | 33,07 | 549,745 |   NaN | NaN | 0,00 | 0,00 | NaN
  32 |  0,12 | 98,309 | 753,81 | 754,71 | 758,44 |  0,00 | 1,314 | 44,35 | 44,35 |  0,00 | 1,288 | 338,22 | 338,22 |  0,27 | 330,980 | 338,17 | 339,06 |  0,00 | 271,289 | 33,07 | 33,07 | 552,063 |   NaN | NaN | 0,00 | 0,00 | NaN
  33 |  0,00 | 69,723 | 748,53 | 748,53 | 753,19 |  0,00 | 1,359 | 44,35 | 44,35 |  0,00 | 1,354 | 334,78 | 334,78 |  0,00 | 231,926 | 336,33 | 336,33 |  0,00 | 229,873 | 33,07 | 33,07 | 498,333 |   NaN | NaN | 0,00 | 0,00 | NaN
  34 |  0,00 | 69,364 | 750,31 | 750,31 | 754,96 |  0,00 | 1,351 | 44,35 | 44,35 |  0,00 | 1,344 | 336,17 | 336,17 |  0,00 | 230,368 | 336,72 | 336,72 |  0,00 | 238,552 | 33,07 | 33,07 | 507,104 |   NaN | NaN | 0,00 | 0,00 | NaN
  35 |  0,06 | 70,976 | 754,95 | 755,38 | 759,56 |  0,00 | 1,300 | 44,35 | 44,35 |  0,00 | 1,294 | 339,61 | 339,61 |  0,12 | 237,090 | 337,92 | 338,34 |  0,00 | 223,103 | 33,07 | 33,07 | 452,357 |   NaN | NaN | 0,00 | 0,00 | NaN
  36 |  0,00 | 78,905 | 748,94 | 748,94 | 753,59 |  0,00 | 1,352 | 44,35 | 44,35 |  0,00 | 1,348 | 333,90 | 333,90 |  0,00 | 263,825 | 337,61 | 337,61 |  0,00 | 225,415 | 33,07 | 33,07 | 479,450 |   NaN | NaN | 0,00 | 0,00 | NaN
  37 |  0,00 | 94,900 | 757,01 | 757,01 | 761,62 |  0,00 | 1,348 | 44,35 | 44,35 |  0,00 | 1,331 | 342,64 | 342,64 |  0,00 | 320,915 | 336,94 | 336,94 |  0,00 | 270,337 | 33,07 | 33,07 | 558,560 |   NaN | NaN | 0,00 | 0,00 | NaN
  38 |  0,09 | 90,789 | 757,65 | 758,31 | 762,28 |  0,00 | 1,337 | 44,35 | 44,35 |  0,00 | 1,322 | 340,33 | 340,33 |  0,19 | 304,535 | 339,89 | 340,55 |  0,00 | 256,546 | 33,07 | 33,07 | 518,656 |   NaN | NaN | 0,00 | 0,00 | NaN
  39 |  0,00 | 68,551 | 742,59 | 742,59 | 747,40 |  0,00 | 1,373 | 44,35 | 44,35 |  0,00 | 1,366 | 334,97 | 334,97 |  0,00 | 229,517 | 330,19 | 330,19 |  0,00 | 252,405 | 33,07 | 33,07 | 536,106 |   NaN | NaN | 0,00 | 0,00 | NaN
  40 |  0,00 | 62,195 | 743,35 | 743,35 | 748,14 |  0,00 | 1,372 | 44,35 | 44,35 |  0,00 | 1,365 | 335,79 | 335,79 |  0,00 | 208,089 | 330,13 | 330,13 |  0,00 | 229,796 | 33,07 | 33,07 | 486,281 |   NaN | NaN | 0,00 | 0,00 | NaN
  41 |  0,13 | 99,418 | 754,49 | 755,50 | 759,15 |  0,00 | 1,359 | 44,35 | 44,35 |  0,00 | 1,350 | 335,84 | 335,84 |  0,29 | 332,342 | 341,23 | 342,24 |  0,00 | 265,123 | 33,07 | 33,07 | 546,000 |   NaN | NaN | 0,00 | 0,00 | NaN
  42 |  0,07 | 84,538 | 755,27 | 755,80 | 759,90 |  0,00 | 1,354 | 44,35 | 44,35 |  0,00 | 1,294 | 338,61 | 338,61 |  0,16 | 282,527 | 339,23 | 339,76 |  0,00 | 254,378 | 33,07 | 33,07 | 541,166 |   NaN | NaN | 0,00 | 0,00 | NaN
  43 |  0,23 | 109,532 | 759,64 | 761,42 | 764,37 |  0,00 | 1,378 | 44,35 | 44,35 |  0,00 | 1,374 | 342,58 | 342,58 |  0,52 | 371,406 | 339,63 | 341,41 |  0,00 | 261,151 | 33,07 | 33,07 | 558,232 |   NaN | NaN | 0,00 | 0,00 | NaN
  44 |  0,00 | 80,346 | 756,10 | 756,10 | 760,72 |  0,00 | 1,290 | 44,35 | 44,35 |  0,00 | 1,285 | 337,90 | 337,90 |  0,00 | 266,348 | 340,78 | 340,78 |  0,00 | 262,818 | 33,07 | 33,07 | 537,395 |   NaN | NaN | 0,00 | 0,00 | NaN
  45 |  0,00 | 76,659 | 751,46 | 751,46 | 756,29 |  0,00 | 1,374 | 44,35 | 44,35 |  0,00 | 1,367 | 341,02 | 341,02 |  0,00 | 258,129 | 333,02 | 333,02 |  0,00 | 260,530 | 33,07 | 33,07 | 547,589 |   NaN | NaN | 0,00 | 0,00 | NaN
  46 |  0,00 | 73,158 | 751,57 | 751,57 | 756,18 |  0,00 | 1,328 | 44,35 | 44,35 |  0,00 | 1,309 | 335,82 | 335,82 |  0,00 | 242,697 | 338,32 | 338,32 |  0,00 | 244,582 | 33,07 | 33,07 | 504,044 |   NaN | NaN | 0,00 | 0,00 | NaN
  47 |  0,03 | 86,426 | 752,40 | 752,63 | 757,05 |  0,00 | 1,311 | 44,35 | 44,35 |  0,00 | 1,306 | 339,57 | 339,57 |  0,07 | 289,830 | 335,40 | 335,63 |  0,00 | 291,541 | 33,07 | 33,07 | 589,237 |   NaN | NaN | 0,00 | 0,00 | NaN
  48 |  0,00 | 72,770 | 749,91 | 749,91 | 754,54 |  0,00 | 1,375 | 44,35 | 44,35 |  0,00 | 1,335 | 336,27 | 336,27 |  0,00 | 241,233 | 336,21 | 336,21 |  0,00 | 265,990 | 33,07 | 33,07 | 540,916 |   NaN | NaN | 0,00 | 0,00 | NaN
  49 |  0,00 | 77,841 | 749,36 | 749,36 | 754,00 |  0,00 | 1,353 | 44,35 | 44,35 |  0,00 | 1,348 | 338,07 | 338,07 |  0,00 | 260,931 | 333,86 | 333,86 |  0,00 | 266,328 | 33,07 | 33,07 | 541,485 |   NaN | NaN | 0,00 | 0,00 | NaN
  50 |  0,03 | 87,095 | 753,06 | 753,31 | 757,70 |  0,00 | 1,308 | 44,35 | 44,35 |  0,00 | 1,303 | 339,86 | 339,86 |  0,07 | 293,307 | 335,77 | 336,02 |  0,00 | 267,926 | 33,07 | 33,07 | 554,375 |   NaN | NaN | 0,00 | 0,00 | NaN
  51 |  0,04 | 90,371 | 752,56 | 752,88 | 757,18 |  0,00 | 1,305 | 44,35 | 44,35 |  0,00 | 1,301 | 337,56 | 337,56 |  0,10 | 303,418 | 337,57 | 337,89 |  0,00 | 265,587 | 33,07 | 33,07 | 556,480 |   NaN | NaN | 0,00 | 0,00 | NaN
  52 |  0,00 | 71,036 | 749,30 | 749,30 | 753,91 |  0,00 | 1,333 | 44,35 | 44,35 |  0,00 | 1,327 | 332,68 | 332,68 |  0,00 | 233,628 | 339,19 | 339,19 |  0,00 | 252,464 | 33,07 | 33,07 | 521,275 |   NaN | NaN | 0,00 | 0,00 | NaN
  53 |  0,00 | 69,951 | 753,66 | 753,66 | 758,28 |  0,00 | 1,319 | 44,35 | 44,35 |  0,00 | 1,314 | 338,67 | 338,67 |  0,00 | 232,258 | 337,57 | 337,57 |  0,00 | 245,646 | 33,07 | 33,07 | 514,123 |   NaN | NaN | 0,00 | 0,00 | NaN
  54 |  0,00 | 69,743 | 746,61 | 746,61 | 751,23 |  0,00 | 1,346 | 44,35 | 44,35 |  0,00 | 1,316 | 336,72 | 336,72 |  0,00 | 233,188 | 332,47 | 332,47 |  0,00 | 251,731 | 33,07 | 33,07 | 536,613 |   NaN | NaN | 0,00 | 0,00 | NaN
  55 |  0,00 | 67,174 | 749,20 | 749,20 | 753,81 |  0,00 | 1,306 | 44,35 | 44,35 |  0,00 | 1,302 | 334,59 | 334,59 |  0,00 | 221,561 | 337,18 | 337,18 |  0,00 | 249,305 | 33,07 | 33,07 | 507,983 |   NaN | NaN | 0,00 | 0,00 | NaN
  56 |  0,00 | 70,418 | 748,96 | 748,96 | 753,59 |  0,00 | 1,313 | 44,35 | 44,35 |  0,00 | 1,307 | 335,24 | 335,24 |  0,00 | 233,608 | 336,29 | 336,29 |  0,00 | 250,422 | 33,07 | 33,07 | 529,999 |   NaN | NaN | 0,00 | 0,00 | NaN
  57 |  0,00 | 92,826 | 752,65 | 752,68 | 757,29 |  0,00 | 1,309 | 44,35 | 44,35 |  0,00 | 1,304 | 337,14 | 337,14 |  0,01 | 310,791 | 338,09 | 338,12 |  0,00 | 280,064 | 33,07 | 33,07 | 565,498 |   NaN | NaN | 0,00 | 0,00 | NaN
  58 |  0,00 | 84,394 | 752,30 | 752,30 | 756,95 |  0,00 | 1,338 | 44,35 | 44,35 |  0,00 | 1,333 | 337,05 | 337,05 |  0,00 | 281,231 | 337,83 | 337,83 |  0,00 | 276,694 | 33,07 | 33,07 | 561,312 |   NaN | NaN | 0,00 | 0,00 | NaN
  59 |  0,14 | 83,678 | 755,85 | 756,89 | 760,49 |  0,00 | 1,357 | 44,35 | 44,35 |  0,00 | 1,352 | 337,10 | 337,10 |  0,30 | 279,677 | 341,32 | 342,36 |  0,00 | 217,715 | 33,07 | 33,07 | 459,022 |   NaN | NaN | 0,00 | 0,00 | NaN
  60 |  0,00 | 84,874 | 752,75 | 752,75 | 757,38 |  0,00 | 1,293 | 44,35 | 44,35 |  0,00 | 1,287 | 338,36 | 338,36 |  0,00 | 284,155 | 336,97 | 336,97 |  0,00 | 271,189 | 33,07 | 33,07 | 547,412 |   NaN | NaN | 0,00 | 0,00 | NaN
  61 |  0,00 | 81,822 | 755,99 | 755,99 | 760,60 |  0,00 | 1,331 | 44,35 | 44,35 |  0,00 | 1,309 | 339,21 | 339,21 |  0,00 | 272,660 | 339,35 | 339,35 |  0,00 | 258,986 | 33,07 | 33,07 | 542,535 |   NaN | NaN | 0,00 | 0,00 | NaN
  62 |  0,11 | 99,864 | 753,66 | 754,46 | 758,50 |  0,00 | 1,381 | 44,35 | 44,35 |  0,00 | 1,371 | 338,67 | 338,67 |  0,24 | 337,108 | 337,56 | 338,37 |  0,00 | 267,805 | 33,07 | 33,07 | 554,347 |   NaN | NaN | 0,00 | 0,00 | NaN
  63 |  0,00 | 85,448 | 753,96 | 753,96 | 758,60 |  0,00 | 1,331 | 44,35 | 44,35 |  0,00 | 1,326 | 339,82 | 339,82 |  0,00 | 287,232 | 336,71 | 336,71 |  0,00 | 260,336 | 33,07 | 33,07 | 539,704 |   NaN | NaN | 0,00 | 0,00 | NaN
  64 |  0,01 | 89,615 | 747,12 | 747,16 | 751,97 |  0,00 | 1,375 | 44,35 | 44,35 |  0,00 | 1,369 | 335,03 | 335,03 |  0,01 | 301,366 | 334,67 | 334,71 |  0,00 | 272,213 | 33,07 | 33,07 | 561,182 |   NaN | NaN | 0,00 | 0,00 | NaN

= = = = = = = = = = = = AVERAGE RESULTS system = = = = = = = = = = = =
meanPLR_system | 0,034297 
meanDelay_system | 80,702787 
meanLoad_system | 752,101032 
meanTHR_system | 751,841765 
meanGate_system | 756,507594 

meanPLR_EF_system | 0,000000 
meanPLR_AF_system | 0,000000 
meanPLR_BE_system | 0,076335 
meanPLR_FLA_system | 0,000000 
meanPLR_FLB_system | NaN 

meanTHR_EF_system | 44,352002 
meanTHR_AF_system | 337,641161 
meanTHR_BE_system | 336,775407 
meanTHR_FLA_system | 33,599350 
meanTHR_FLB_system | 0,000000 

meanLoad_EF_system | 44,352002 
meanLoad_AF_system | 337,641161 
meanLoad_BE_system | 337,034674 
meanLoad_FLA_system | 33,599350 
meanLoad_FLB_system | 0,000000 

meanDELAY_EF_system | 1,341081 
meanDELAY_AF_system | 1,330990 
meanDELAY_BE_system | 269,651622 
meanDELAY_FLA_system | 260,794682 
meanDELAY_FLB_system | NaN 
meanDELAY_CompleteFLA_system | 539,094149 
meanDELAY_CompleteFLB_system | NaN 

= = = = = = = = = = = = AVERAGE RESULTS = = = = = = = = = = = =
Packet Loss Ratio: 00,03 (%)
PROCESSED PACKAGES: 2303362827 
DISCARTED PACKAGES: 495384 
TOTAL PACKAGES: 2303858211 
AVERAGE DELAY: 15165,98 (ms) 
AVERAGE THROUGHPUT: 751,84 (Mbps) 
GRANTED THROUGHPUT: 48416,49 (Mbps) By 64 ONUs
EFFECTIVE THROUGHPUT: 48117,87 (Mbps) By 64 ONUs
TOTAL LOAD: 48134,47 (Mbps) By 64 ONUs
ON Arrival THROUGHPUT: 0,00 (Mbps) By 64 ONUs
FINISHTIMEFL: 188,575078 
FINISHTIME: 191,575078 


fileName | IPACT_STRICTPRIORITYFIRSTAF_4_30_90_0 
