
ONU ID 	|  PLR(%) | Delay(ms) | Throughput(Mbps) | Granted Throughput(Mbps) | Total Load (Mbps) 

  ID |  PLR(%) |  D  | Thr |  Gates  |  Load  | PLR-EF | D-EF | ThrEF | LoadEF | PLR-AF | D-AF | ThrAF | LoadAF | PLR-BE | D-BE | ThrBE | LoadBE | PLR-FA | D-FA | ThrFA | LoadFA | DTFA |  PLR-FB | D-FB | ThrFB | LoadFB | DTFB | 
   1 |  0,00 | 0,655 | 563,46 | 563,46 | 600,57 |  0,00 | 0,229 | 44,35 | 44,35 |  0,00 | 0,479 | 229,24 | 229,24 |  0,00 | 0,599 | 221,78 | 221,78 |  0,00 | 8,073 | 68,09 | 68,09 | 38,092 |   NaN | NaN | 0,00 | 0,00 | NaN
   2 |  0,00 | 0,933 | 563,84 | 563,84 | 605,50 |  0,00 | 0,241 | 44,35 | 44,35 |  0,00 | 0,641 | 224,46 | 224,46 |  0,00 | 0,740 | 226,94 | 226,94 |  0,00 | 13,636 | 68,09 | 68,09 | 48,519 |   NaN | NaN | 0,00 | 0,00 | NaN
   3 |  0,00 | 0,795 | 565,32 | 565,32 | 598,79 |  0,00 | 0,177 | 44,35 | 44,35 |  0,00 | 0,491 | 227,07 | 227,07 |  0,00 | 0,725 | 225,81 | 225,81 |  0,00 | 11,769 | 68,09 | 68,09 | 42,493 |   NaN | NaN | 0,00 | 0,00 | NaN
   4 |  0,00 | 0,600 | 565,33 | 565,33 | 598,56 |  0,00 | 0,182 | 44,35 | 44,35 |  0,00 | 0,420 | 228,99 | 228,99 |  0,00 | 0,584 | 223,90 | 223,90 |  0,00 | 7,680 | 68,09 | 68,09 | 36,269 |   NaN | NaN | 0,00 | 0,00 | NaN
   5 |  0,00 | 0,660 | 561,26 | 561,26 | 595,25 |  0,00 | 0,208 | 44,35 | 44,35 |  0,00 | 0,436 | 225,40 | 225,40 |  0,00 | 0,601 | 223,42 | 223,42 |  0,00 | 8,737 | 68,09 | 68,09 | 39,191 |   NaN | NaN | 0,00 | 0,00 | NaN
   6 |  0,00 | 0,637 | 566,33 | 566,33 | 599,07 |  0,00 | 0,159 | 44,35 | 44,35 |  0,00 | 0,410 | 227,86 | 227,86 |  0,00 | 0,664 | 226,03 | 226,03 |  0,00 | 8,581 | 68,09 | 68,09 | 38,335 |   NaN | NaN | 0,00 | 0,00 | NaN
   7 |  0,00 | 0,717 | 562,30 | 562,30 | 595,87 |  0,00 | 0,175 | 44,35 | 44,35 |  0,00 | 0,470 | 225,53 | 225,53 |  0,00 | 0,691 | 224,33 | 224,33 |  0,00 | 9,987 | 68,09 | 68,09 | 41,138 |   NaN | NaN | 0,00 | 0,00 | NaN
   8 |  0,00 | 0,788 | 565,49 | 565,49 | 601,84 |  0,00 | 0,225 | 44,35 | 44,35 |  0,00 | 0,563 | 225,32 | 225,32 |  0,00 | 0,665 | 227,73 | 227,73 |  0,00 | 10,825 | 68,09 | 68,09 | 43,035 |   NaN | NaN | 0,00 | 0,00 | NaN
   9 |  0,00 | 0,598 | 564,65 | 564,65 | 597,75 |  0,00 | 0,165 | 44,35 | 44,35 |  0,00 | 0,378 | 227,63 | 227,63 |  0,00 | 0,641 | 224,59 | 224,59 |  0,00 | 7,762 | 68,09 | 68,09 | 36,486 |   NaN | NaN | 0,00 | 0,00 | NaN
  10 |  0,00 | 0,701 | 562,31 | 562,31 | 598,81 |  0,00 | 0,226 | 44,35 | 44,35 |  0,00 | 0,484 | 225,86 | 225,86 |  0,00 | 0,585 | 224,02 | 224,02 |  0,00 | 9,422 | 68,09 | 68,09 | 39,013 |   NaN | NaN | 0,00 | 0,00 | NaN
  11 |  0,00 | 6,010 | 557,46 | 557,46 | 590,98 |  0,00 | 0,165 | 44,35 | 44,35 |  0,00 | 5,563 | 220,31 | 220,31 |  0,00 | 10,467 | 224,71 | 224,71 |  0,00 | 62,592 | 68,09 | 68,09 | 162,816 |   NaN | NaN | 0,00 | 0,00 | NaN
  12 |  0,00 | 0,625 | 563,83 | 563,83 | 600,52 |  0,00 | 0,228 | 44,35 | 44,35 |  0,00 | 0,458 | 225,61 | 225,61 |  0,00 | 0,561 | 225,78 | 225,78 |  0,00 | 7,606 | 68,09 | 68,09 | 36,217 |   NaN | NaN | 0,00 | 0,00 | NaN
  13 |  0,00 | 0,918 | 558,05 | 558,05 | 591,88 |  0,00 | 0,192 | 44,35 | 44,35 |  0,00 | 0,614 | 222,78 | 222,78 |  0,00 | 0,858 | 222,83 | 222,83 |  0,00 | 13,279 | 68,09 | 68,09 | 48,435 |   NaN | NaN | 0,00 | 0,00 | NaN
  14 |  0,00 | 0,708 | 564,78 | 564,78 | 603,49 |  0,00 | 0,234 | 44,35 | 44,35 |  0,00 | 0,487 | 226,71 | 226,71 |  0,00 | 0,571 | 225,63 | 225,63 |  0,00 | 9,566 | 68,09 | 68,09 | 39,333 |   NaN | NaN | 0,00 | 0,00 | NaN
  15 |  0,00 | 0,694 | 561,49 | 561,49 | 598,44 |  0,00 | 0,228 | 44,35 | 44,35 |  0,00 | 0,492 | 222,46 | 222,46 |  0,00 | 0,640 | 226,59 | 226,59 |  0,00 | 8,790 | 68,09 | 68,09 | 39,359 |   NaN | NaN | 0,00 | 0,00 | NaN
  16 |  0,00 | 0,632 | 566,33 | 566,33 | 601,23 |  0,00 | 0,219 | 44,35 | 44,35 |  0,00 | 0,441 | 225,43 | 225,43 |  0,00 | 0,581 | 228,46 | 228,46 |  0,00 | 7,925 | 68,09 | 68,09 | 37,136 |   NaN | NaN | 0,00 | 0,00 | NaN
  17 |  0,00 | 0,670 | 563,99 | 563,99 | 602,04 |  0,00 | 0,232 | 44,35 | 44,35 |  0,00 | 0,489 | 225,36 | 225,36 |  0,00 | 0,569 | 226,19 | 226,19 |  0,00 | 8,553 | 68,09 | 68,09 | 37,869 |   NaN | NaN | 0,00 | 0,00 | NaN
  18 |  0,00 | 1,139 | 562,26 | 562,26 | 596,65 |  0,00 | 0,208 | 44,35 | 44,35 |  0,00 | 0,783 | 224,39 | 224,39 |  0,00 | 0,950 | 225,44 | 225,44 |  0,00 | 17,519 | 68,09 | 68,09 | 56,447 |   NaN | NaN | 0,00 | 0,00 | NaN
  19 |  0,00 | 3,912 | 558,65 | 558,65 | 592,33 |  0,00 | 0,199 | 44,35 | 44,35 |  0,00 | 3,071 | 221,88 | 221,88 |  0,00 | 3,524 | 224,33 | 224,33 |  0,00 | 63,301 | 68,09 | 68,09 | 121,707 |   NaN | NaN | 0,00 | 0,00 | NaN
  20 |  0,00 | 4,390 | 559,37 | 559,37 | 592,99 |  0,00 | 0,195 | 44,35 | 44,35 |  0,00 | 4,185 | 225,73 | 225,73 |  0,00 | 6,904 | 221,20 | 221,20 |  0,00 | 48,833 | 68,09 | 68,09 | 133,610 |   NaN | NaN | 0,00 | 0,00 | NaN
  21 |  0,00 | 0,613 | 556,85 | 556,85 | 590,31 |  0,00 | 0,200 | 44,35 | 44,35 |  0,00 | 0,436 | 222,59 | 222,59 |  0,00 | 0,552 | 221,82 | 221,82 |  0,00 | 7,832 | 68,09 | 68,09 | 36,402 |   NaN | NaN | 0,00 | 0,00 | NaN
  22 |  0,00 | 0,635 | 567,12 | 567,12 | 607,15 |  0,00 | 0,238 | 44,35 | 44,35 |  0,00 | 0,460 | 231,26 | 231,26 |  0,00 | 0,544 | 223,42 | 223,42 |  0,00 | 7,870 | 68,09 | 68,09 | 36,841 |   NaN | NaN | 0,00 | 0,00 | NaN
  23 |  0,00 | 7,580 | 565,59 | 565,59 | 600,92 |  0,00 | 0,220 | 44,35 | 44,35 |  0,00 | 7,477 | 227,46 | 227,46 |  0,00 | 11,110 | 225,69 | 225,69 |  0,00 | 88,915 | 68,09 | 68,09 | 193,018 |   NaN | NaN | 0,00 | 0,00 | NaN
  24 |  0,00 | 0,946 | 563,79 | 563,79 | 597,57 |  0,00 | 0,182 | 44,35 | 44,35 |  0,00 | 0,640 | 224,62 | 224,62 |  0,00 | 0,848 | 226,73 | 226,73 |  0,00 | 14,127 | 68,09 | 68,09 | 49,738 |   NaN | NaN | 0,00 | 0,00 | NaN
  25 |  0,00 | 0,630 | 569,93 | 569,93 | 610,58 |  0,00 | 0,239 | 44,35 | 44,35 |  0,00 | 0,436 | 225,44 | 225,44 |  0,00 | 0,550 | 232,05 | 232,05 |  0,00 | 7,822 | 68,09 | 68,09 | 36,813 |   NaN | NaN | 0,00 | 0,00 | NaN
  26 |  0,00 | 0,755 | 561,63 | 561,63 | 601,22 |  0,00 | 0,236 | 44,35 | 44,35 |  0,00 | 0,514 | 224,22 | 224,22 |  0,00 | 0,607 | 224,97 | 224,97 |  0,00 | 10,413 | 68,09 | 68,09 | 41,137 |   NaN | NaN | 0,00 | 0,00 | NaN
  27 |  0,00 | 1,055 | 559,39 | 559,39 | 592,94 |  0,00 | 0,163 | 44,35 | 44,35 |  0,00 | 0,681 | 225,38 | 225,38 |  0,00 | 0,981 | 221,58 | 221,58 |  0,00 | 16,291 | 68,09 | 68,09 | 54,382 |   NaN | NaN | 0,00 | 0,00 | NaN
  28 |  0,00 | 7,644 | 557,80 | 557,80 | 595,01 |  0,00 | 0,228 | 44,35 | 44,35 |  0,00 | 7,654 | 224,60 | 224,60 |  0,00 | 11,244 | 220,76 | 220,76 |  0,00 | 89,098 | 68,09 | 68,09 | 194,506 |   NaN | NaN | 0,00 | 0,00 | NaN
  29 |  0,00 | 7,154 | 564,79 | 564,79 | 598,90 |  0,00 | 0,207 | 44,35 | 44,35 |  0,00 | 6,999 | 227,20 | 227,20 |  0,00 | 12,496 | 225,15 | 225,15 |  0,00 | 71,812 | 68,09 | 68,09 | 176,200 |   NaN | NaN | 0,00 | 0,00 | NaN
  30 |  0,00 | 1,953 | 559,42 | 559,42 | 600,04 |  0,00 | 0,238 | 44,35 | 44,35 |  0,00 | 1,531 | 223,40 | 223,40 |  0,00 | 2,203 | 223,58 | 223,58 |  0,00 | 26,967 | 68,09 | 68,09 | 83,650 |   NaN | NaN | 0,00 | 0,00 | NaN
  31 |  0,00 | 7,708 | 561,34 | 561,34 | 595,21 |  0,00 | 0,205 | 44,35 | 44,35 |  0,00 | 7,901 | 224,13 | 224,13 |  0,00 | 11,297 | 224,77 | 224,77 |  0,00 | 88,921 | 68,09 | 68,09 | 193,236 |   NaN | NaN | 0,00 | 0,00 | NaN
  32 |  0,00 | 5,543 | 560,05 | 560,05 | 593,40 |  0,00 | 0,162 | 44,35 | 44,35 |  0,00 | 4,818 | 222,83 | 222,83 |  0,00 | 9,543 | 224,78 | 224,78 |  0,00 | 60,239 | 68,09 | 68,09 | 157,872 |   NaN | NaN | 0,00 | 0,00 | NaN
  33 |  0,00 | 3,130 | 560,20 | 560,20 | 596,99 |  0,00 | 0,227 | 44,35 | 44,35 |  0,00 | 2,610 | 222,47 | 222,47 |  0,00 | 4,495 | 225,29 | 225,29 |  0,00 | 38,356 | 68,09 | 68,09 | 109,762 |   NaN | NaN | 0,00 | 0,00 | NaN
  34 |  0,00 | 0,716 | 555,73 | 555,73 | 590,82 |  0,00 | 0,218 | 44,35 | 44,35 |  0,00 | 0,493 | 223,98 | 223,98 |  0,00 | 0,627 | 219,31 | 219,31 |  0,00 | 9,586 | 68,09 | 68,09 | 41,312 |   NaN | NaN | 0,00 | 0,00 | NaN
  35 |  0,00 | 0,579 | 565,51 | 565,51 | 598,57 |  0,00 | 0,167 | 44,35 | 44,35 |  0,00 | 0,381 | 226,86 | 226,86 |  0,00 | 0,629 | 226,21 | 226,21 |  0,00 | 7,259 | 68,09 | 68,09 | 35,565 |   NaN | NaN | 0,00 | 0,00 | NaN
  36 |  0,00 | 0,852 | 558,53 | 558,53 | 594,23 |  0,00 | 0,220 | 44,35 | 44,35 |  0,00 | 0,592 | 220,87 | 220,87 |  0,00 | 0,715 | 225,22 | 225,22 |  0,00 | 12,121 | 68,09 | 68,09 | 47,132 |   NaN | NaN | 0,00 | 0,00 | NaN
  37 |  0,00 | 5,859 | 566,37 | 566,37 | 600,26 |  0,00 | 0,203 | 44,35 | 44,35 |  0,00 | 5,903 | 228,57 | 228,57 |  0,00 | 9,274 | 225,36 | 225,36 |  0,00 | 63,234 | 68,09 | 68,09 | 164,084 |   NaN | NaN | 0,00 | 0,00 | NaN
  38 |  0,00 | 1,439 | 561,61 | 561,61 | 595,42 |  0,00 | 0,195 | 44,35 | 44,35 |  0,00 | 1,025 | 225,63 | 225,63 |  0,00 | 1,413 | 223,54 | 223,54 |  0,00 | 21,554 | 68,09 | 68,09 | 67,767 |   NaN | NaN | 0,00 | 0,00 | NaN
  39 |  0,00 | 4,030 | 556,95 | 556,95 | 597,35 |  0,00 | 0,238 | 44,35 | 44,35 |  0,00 | 3,693 | 223,29 | 223,29 |  0,00 | 6,021 | 221,22 | 221,22 |  0,00 | 46,861 | 68,09 | 68,09 | 126,697 |   NaN | NaN | 0,00 | 0,00 | NaN
  40 |  0,00 | 1,109 | 557,40 | 557,40 | 598,14 |  0,00 | 0,238 | 44,35 | 44,35 |  0,00 | 0,754 | 222,70 | 222,70 |  0,00 | 0,927 | 222,27 | 222,27 |  0,00 | 16,564 | 68,09 | 68,09 | 55,082 |   NaN | NaN | 0,00 | 0,00 | NaN
  41 |  0,00 | 7,781 | 564,47 | 564,47 | 600,12 |  0,00 | 0,221 | 44,35 | 44,35 |  0,00 | 7,850 | 224,21 | 224,21 |  0,00 | 12,222 | 227,82 | 227,82 |  0,00 | 84,882 | 68,09 | 68,09 | 192,971 |   NaN | NaN | 0,00 | 0,00 | NaN
  42 |  0,00 | 7,253 | 565,87 | 565,87 | 599,40 |  0,00 | 0,167 | 44,35 | 44,35 |  0,00 | 7,798 | 226,37 | 226,37 |  0,00 | 11,267 | 227,05 | 227,05 |  0,00 | 77,541 | 68,09 | 68,09 | 185,590 |   NaN | NaN | 0,00 | 0,00 | NaN
  43 |  0,00 | 3,750 | 565,41 | 565,41 | 604,58 |  0,00 | 0,245 | 44,35 | 44,35 |  0,00 | 3,308 | 226,14 | 226,14 |  0,00 | 5,819 | 226,83 | 226,83 |  0,00 | 42,462 | 68,09 | 68,09 | 118,436 |   NaN | NaN | 0,00 | 0,00 | NaN
  44 |  0,00 | 7,939 | 566,97 | 566,97 | 599,85 |  0,00 | 0,159 | 44,35 | 44,35 |  0,00 | 8,322 | 225,45 | 225,45 |  0,00 | 12,126 | 229,08 | 229,08 |  0,00 | 87,607 | 68,09 | 68,09 | 195,455 |   NaN | NaN | 0,00 | 0,00 | NaN
  45 |  0,00 | 7,473 | 564,93 | 564,93 | 606,87 |  0,00 | 0,241 | 44,35 | 44,35 |  0,00 | 7,560 | 229,77 | 229,77 |  0,00 | 11,959 | 222,73 | 222,73 |  0,00 | 80,227 | 68,09 | 68,09 | 188,438 |   NaN | NaN | 0,00 | 0,00 | NaN
  46 |  0,00 | 4,398 | 559,29 | 559,29 | 592,80 |  0,00 | 0,181 | 44,35 | 44,35 |  0,00 | 3,770 | 221,30 | 221,30 |  0,00 | 7,389 | 225,55 | 225,55 |  0,00 | 48,453 | 68,09 | 68,09 | 131,940 |   NaN | NaN | 0,00 | 0,00 | NaN
  47 |  0,00 | 7,689 | 557,92 | 557,92 | 591,43 |  0,00 | 0,178 | 44,35 | 44,35 |  0,00 | 7,665 | 224,72 | 224,72 |  0,00 | 11,601 | 220,76 | 220,76 |  0,00 | 88,791 | 68,09 | 68,09 | 193,717 |   NaN | NaN | 0,00 | 0,00 | NaN
  48 |  0,00 | 7,863 | 557,87 | 557,87 | 592,05 |  0,00 | 0,208 | 44,35 | 44,35 |  0,00 | 8,329 | 221,93 | 221,93 |  0,00 | 11,700 | 223,50 | 223,50 |  0,00 | 88,130 | 68,09 | 68,09 | 195,868 |   NaN | NaN | 0,00 | 0,00 | NaN
  49 |  0,00 | 7,427 | 558,28 | 558,28 | 593,78 |  0,00 | 0,220 | 44,35 | 44,35 |  0,00 | 7,925 | 223,35 | 223,35 |  0,00 | 10,051 | 222,49 | 222,49 |  0,00 | 88,799 | 68,09 | 68,09 | 192,837 |   NaN | NaN | 0,00 | 0,00 | NaN
  50 |  0,00 | 3,718 | 560,99 | 560,99 | 594,53 |  0,00 | 0,175 | 44,35 | 44,35 |  0,00 | 3,409 | 225,48 | 225,48 |  0,00 | 5,930 | 223,07 | 223,07 |  0,00 | 41,467 | 68,09 | 68,09 | 116,528 |   NaN | NaN | 0,00 | 0,00 | NaN
  51 |  0,00 | 7,781 | 560,91 | 560,91 | 594,47 |  0,00 | 0,173 | 44,35 | 44,35 |  0,00 | 7,834 | 222,79 | 222,79 |  0,00 | 12,414 | 225,68 | 225,68 |  0,00 | 84,724 | 68,09 | 68,09 | 192,616 |   NaN | NaN | 0,00 | 0,00 | NaN
  52 |  0,00 | 7,603 | 561,11 | 561,11 | 594,90 |  0,00 | 0,199 | 44,35 | 44,35 |  0,00 | 7,845 | 221,89 | 221,89 |  0,00 | 12,279 | 226,78 | 226,78 |  0,00 | 80,113 | 68,09 | 68,09 | 187,935 |   NaN | NaN | 0,00 | 0,00 | NaN
  53 |  0,00 | 6,186 | 562,75 | 562,75 | 596,37 |  0,00 | 0,186 | 44,35 | 44,35 |  0,00 | 5,862 | 224,86 | 224,86 |  0,00 | 11,117 | 225,44 | 225,44 |  0,00 | 61,187 | 68,09 | 68,09 | 159,406 |   NaN | NaN | 0,00 | 0,00 | NaN
  54 |  0,00 | 7,393 | 557,96 | 557,96 | 591,60 |  0,00 | 0,189 | 44,35 | 44,35 |  0,00 | 7,783 | 224,79 | 224,79 |  0,00 | 11,642 | 220,73 | 220,73 |  0,00 | 79,569 | 68,09 | 68,09 | 187,537 |   NaN | NaN | 0,00 | 0,00 | NaN
  55 |  0,00 | 1,619 | 562,46 | 562,46 | 596,16 |  0,00 | 0,174 | 44,35 | 44,35 |  0,00 | 1,167 | 224,24 | 224,24 |  0,00 | 1,953 | 225,78 | 225,78 |  0,00 | 22,498 | 68,09 | 68,09 | 70,571 |   NaN | NaN | 0,00 | 0,00 | NaN
  56 |  0,00 | 8,081 | 557,78 | 557,78 | 591,32 |  0,00 | 0,179 | 44,35 | 44,35 |  0,00 | 8,250 | 223,59 | 223,59 |  0,00 | 12,985 | 221,75 | 221,75 |  0,00 | 87,221 | 68,09 | 68,09 | 195,252 |   NaN | NaN | 0,00 | 0,00 | NaN
  57 |  0,00 | 7,623 | 561,24 | 561,24 | 594,79 |  0,00 | 0,177 | 44,35 | 44,35 |  0,00 | 8,168 | 223,66 | 223,66 |  0,00 | 10,608 | 225,14 | 225,14 |  0,00 | 89,596 | 68,09 | 68,09 | 195,357 |   NaN | NaN | 0,00 | 0,00 | NaN
  58 |  0,00 | 7,825 | 561,72 | 561,72 | 595,69 |  0,00 | 0,205 | 44,35 | 44,35 |  0,00 | 7,881 | 225,83 | 225,83 |  0,00 | 11,803 | 223,45 | 223,45 |  0,00 | 89,239 | 68,09 | 68,09 | 194,118 |   NaN | NaN | 0,00 | 0,00 | NaN
  59 |  0,00 | 0,821 | 565,94 | 565,94 | 602,46 |  0,00 | 0,225 | 44,35 | 44,35 |  0,00 | 0,572 | 224,60 | 224,60 |  0,00 | 0,685 | 228,90 | 228,90 |  0,00 | 11,562 | 68,09 | 68,09 | 45,242 |   NaN | NaN | 0,00 | 0,00 | NaN
  60 |  0,00 | 7,662 | 563,04 | 563,04 | 596,15 |  0,00 | 0,160 | 44,35 | 44,35 |  0,00 | 7,743 | 225,41 | 225,41 |  0,00 | 12,077 | 225,19 | 225,19 |  0,00 | 84,356 | 68,09 | 68,09 | 192,170 |   NaN | NaN | 0,00 | 0,00 | NaN
  61 |  0,00 | 5,474 | 565,48 | 565,48 | 599,07 |  0,00 | 0,182 | 44,35 | 44,35 |  0,00 | 5,452 | 226,72 | 226,72 |  0,00 | 8,956 | 226,32 | 226,32 |  0,00 | 57,670 | 68,09 | 68,09 | 151,654 |   NaN | NaN | 0,00 | 0,00 | NaN
  62 |  0,00 | 8,039 | 563,69 | 563,69 | 606,30 |  0,00 | 0,243 | 44,35 | 44,35 |  0,00 | 8,163 | 224,44 | 224,44 |  0,00 | 12,643 | 226,82 | 226,82 |  0,00 | 87,213 | 68,09 | 68,09 | 194,241 |   NaN | NaN | 0,00 | 0,00 | NaN
  63 |  0,00 | 1,880 | 564,67 | 564,67 | 598,49 |  0,00 | 0,199 | 44,35 | 44,35 |  0,00 | 1,557 | 227,15 | 227,15 |  0,00 | 2,152 | 225,08 | 225,08 |  0,00 | 25,695 | 68,09 | 68,09 | 79,598 |   NaN | NaN | 0,00 | 0,00 | NaN
  64 |  0,00 | 7,163 | 556,57 | 556,57 | 598,91 |  0,00 | 0,242 | 44,35 | 44,35 |  0,00 | 7,312 | 223,01 | 223,01 |  0,00 | 11,146 | 221,12 | 221,12 |  0,00 | 78,472 | 68,09 | 68,09 | 185,744 |   NaN | NaN | 0,00 | 0,00 | NaN

= = = = = = = = = = = = AVERAGE RESULTS system = = = = = = = = = = = =
meanPLR_system | 0,000000 
meanDelay_system | 3,705591 
meanLoad_system | 562,090653 
meanTHR_system | 562,090653 
meanGate_system | 597,651914 

meanPLR_EF_system | 0,000000 
meanPLR_AF_system | 0,000000 
meanPLR_BE_system | 0,000000 
meanPLR_FLA_system | 0,000000 
meanPLR_FLB_system | NaN 

meanTHR_EF_system | 44,352004 
meanTHR_AF_system | 224,957188 
meanTHR_BE_system | 224,695545 
meanTHR_FLA_system | 69,772902 
meanTHR_FLB_system | 0,000000 

meanLoad_EF_system | 44,352004 
meanLoad_AF_system | 224,957188 
meanLoad_BE_system | 224,695545 
meanLoad_FLA_system | 69,772902 
meanLoad_FLB_system | 0,000000 

meanDELAY_EF_system | 0,203707 
meanDELAY_AF_system | 3,560622 
meanDELAY_BE_system | 5,479997 
meanDELAY_FLA_system | 42,464901 
meanDELAY_FLB_system | NaN 
meanDELAY_CompleteFLA_system | 108,748767 
meanDELAY_CompleteFLB_system | NaN 

= = = = = = = = = = = = AVERAGE RESULTS = = = = = = = = = = = =
Packet Loss Ratio: 00,00 (%)
PROCESSED PACKAGES: 1234710359 
DISCARTED PACKAGES: 0 
TOTAL PACKAGES: 1234710359 
AVERAGE DELAY: 575,85 (ms) 
AVERAGE THROUGHPUT: 562,09 (Mbps) 
GRANTED THROUGHPUT: 38249,72 (Mbps) By 64 ONUs
EFFECTIVE THROUGHPUT: 35973,80 (Mbps) By 64 ONUs
TOTAL LOAD: 35973,80 (Mbps) By 64 ONUs
ON Arrival THROUGHPUT: 0,00 (Mbps) By 64 ONUs
FINISHTIMEFL: 121,078523 
FINISHTIME: 124,078523 


fileName | IPACT_STRICTPRIORITY_2_40_60_0 
