
ONU ID 	|  PLR(%) | Delay(ms) | Throughput(Mbps) | Granted Throughput(Mbps) | Total Load (Mbps) 

  ID |  PLR(%) |  D  | Thr |  Gates  |  Load  | PLR-EF | D-EF | ThrEF | LoadEF | PLR-AF | D-AF | ThrAF | LoadAF | PLR-BE | D-BE | ThrBE | LoadBE | PLR-FA | D-FA | ThrFA | LoadFA | DTFA |  PLR-FB | D-FB | ThrFB | LoadFB | DTFB | 
   1 |  0,00 | 0,458 | 568,08 | 568,08 | 606,97 |  0,00 | 0,175 | 44,35 | 44,35 |  0,00 | 0,319 | 247,05 | 247,05 |  0,00 | 0,429 | 240,56 | 240,56 |  0,00 | 10,043 | 36,12 | 36,12 | 41,410 |   NaN | NaN | 0,00 | 0,00 | NaN
   2 |  0,00 | 0,701 | 570,52 | 570,52 | 614,04 |  0,00 | 0,187 | 44,35 | 44,35 |  0,00 | 0,507 | 247,00 | 247,00 |  0,00 | 0,608 | 243,04 | 243,04 |  0,00 | 17,894 | 36,12 | 36,12 | 57,012 |   NaN | NaN | 0,00 | 0,00 | NaN
   3 |  0,00 | 0,444 | 565,82 | 565,82 | 601,30 |  0,00 | 0,124 | 44,35 | 44,35 |  0,00 | 0,288 | 243,10 | 243,10 |  0,00 | 0,489 | 242,25 | 242,25 |  0,00 | 10,315 | 36,12 | 36,12 | 41,717 |   NaN | NaN | 0,00 | 0,00 | NaN
   4 |  0,00 | 0,416 | 571,85 | 571,85 | 607,33 |  0,00 | 0,129 | 44,35 | 44,35 |  0,00 | 0,275 | 247,28 | 247,28 |  0,00 | 0,467 | 244,10 | 244,10 |  0,00 | 9,160 | 36,12 | 36,12 | 39,281 |   NaN | NaN | 0,00 | 0,00 | NaN
   5 |  0,00 | 0,441 | 566,89 | 566,89 | 602,84 |  0,00 | 0,155 | 44,35 | 44,35 |  0,00 | 0,299 | 243,64 | 243,64 |  0,00 | 0,456 | 242,78 | 242,78 |  0,00 | 9,601 | 36,12 | 36,12 | 40,273 |   NaN | NaN | 0,00 | 0,00 | NaN
   6 |  0,00 | 0,408 | 570,36 | 570,36 | 605,28 |  0,00 | 0,105 | 44,35 | 44,35 |  0,00 | 0,234 | 245,38 | 245,38 |  0,00 | 0,498 | 244,51 | 244,51 |  0,00 | 9,451 | 36,12 | 36,12 | 39,898 |   NaN | NaN | 0,00 | 0,00 | NaN
   7 |  0,00 | 0,465 | 569,48 | 569,48 | 604,95 |  0,00 | 0,122 | 44,35 | 44,35 |  0,00 | 0,306 | 245,14 | 245,14 |  0,00 | 0,508 | 243,88 | 243,88 |  0,00 | 11,004 | 36,12 | 36,12 | 43,639 |   NaN | NaN | 0,00 | 0,00 | NaN
   8 |  0,00 | 0,463 | 568,95 | 568,95 | 607,07 |  0,00 | 0,172 | 44,35 | 44,35 |  0,00 | 0,337 | 243,29 | 243,29 |  0,00 | 0,420 | 245,19 | 245,19 |  0,00 | 10,295 | 36,12 | 36,12 | 42,178 |   NaN | NaN | 0,00 | 0,00 | NaN
   9 |  0,00 | 0,384 | 570,42 | 570,42 | 605,79 |  0,00 | 0,111 | 44,35 | 44,35 |  0,00 | 0,233 | 244,55 | 244,55 |  0,00 | 0,458 | 245,40 | 245,40 |  0,00 | 8,537 | 36,12 | 36,12 | 38,147 |   NaN | NaN | 0,00 | 0,00 | NaN
  10 |  0,00 | 0,467 | 567,43 | 567,43 | 605,68 |  0,00 | 0,172 | 44,35 | 44,35 |  0,00 | 0,336 | 244,04 | 244,04 |  0,00 | 0,435 | 242,92 | 242,92 |  0,00 | 10,267 | 36,12 | 36,12 | 41,084 |   NaN | NaN | 0,00 | 0,00 | NaN
  11 |  0,00 | 1,809 | 565,87 | 565,87 | 601,20 |  0,00 | 0,112 | 44,35 | 44,35 |  0,00 | 1,384 | 241,11 | 241,11 |  0,00 | 2,400 | 244,29 | 244,29 |  0,00 | 44,290 | 36,12 | 36,12 | 112,063 |   NaN | NaN | 0,00 | 0,00 | NaN
  12 |  0,00 | 0,429 | 568,04 | 568,04 | 606,77 |  0,00 | 0,174 | 44,35 | 44,35 |  0,00 | 0,304 | 243,71 | 243,71 |  0,00 | 0,423 | 243,86 | 243,86 |  0,00 | 8,793 | 36,12 | 36,12 | 38,615 |   NaN | NaN | 0,00 | 0,00 | NaN
  13 |  0,00 | 0,667 | 563,35 | 563,35 | 598,98 |  0,00 | 0,139 | 44,35 | 44,35 |  0,00 | 0,452 | 242,56 | 242,56 |  0,00 | 0,643 | 240,31 | 240,31 |  0,00 | 17,603 | 36,12 | 36,12 | 56,168 |   NaN | NaN | 0,00 | 0,00 | NaN
  14 |  0,00 | 0,454 | 569,53 | 569,53 | 610,10 |  0,00 | 0,180 | 44,35 | 44,35 |  0,00 | 0,326 | 244,48 | 244,48 |  0,00 | 0,414 | 244,59 | 244,59 |  0,00 | 9,802 | 36,12 | 36,12 | 40,125 |   NaN | NaN | 0,00 | 0,00 | NaN
  15 |  0,00 | 0,467 | 565,98 | 565,98 | 604,81 |  0,00 | 0,174 | 44,35 | 44,35 |  0,00 | 0,344 | 239,94 | 239,94 |  0,00 | 0,421 | 245,58 | 245,58 |  0,00 | 10,294 | 36,12 | 36,12 | 41,954 |   NaN | NaN | 0,00 | 0,00 | NaN
  16 |  0,00 | 0,434 | 574,23 | 574,23 | 611,12 |  0,00 | 0,166 | 44,35 | 44,35 |  0,00 | 0,297 | 244,85 | 244,85 |  0,00 | 0,425 | 248,91 | 248,91 |  0,00 | 9,343 | 36,12 | 36,12 | 39,677 |   NaN | NaN | 0,00 | 0,00 | NaN
  17 |  0,00 | 0,427 | 570,37 | 570,37 | 610,29 |  0,00 | 0,178 | 44,35 | 44,35 |  0,00 | 0,316 | 245,79 | 245,79 |  0,00 | 0,376 | 244,11 | 244,11 |  0,00 | 9,065 | 36,12 | 36,12 | 39,112 |   NaN | NaN | 0,00 | 0,00 | NaN
  18 |  0,00 | 0,609 | 565,65 | 565,65 | 601,57 |  0,00 | 0,155 | 44,35 | 44,35 |  0,00 | 0,395 | 242,42 | 242,42 |  0,00 | 0,564 | 242,76 | 242,76 |  0,00 | 15,865 | 36,12 | 36,12 | 49,772 |   NaN | NaN | 0,00 | 0,00 | NaN
  19 |  0,00 | 0,409 | 561,61 | 561,61 | 597,23 |  0,00 | 0,146 | 44,35 | 44,35 |  0,00 | 0,261 | 239,74 | 239,74 |  0,00 | 0,431 | 241,40 | 241,40 |  0,00 | 8,911 | 36,12 | 36,12 | 38,894 |   NaN | NaN | 0,00 | 0,00 | NaN
  20 |  0,00 | 1,375 | 564,49 | 564,49 | 599,90 |  0,00 | 0,141 | 44,35 | 44,35 |  0,00 | 1,138 | 244,18 | 244,18 |  0,00 | 1,567 | 239,84 | 239,84 |  0,00 | 34,449 | 36,12 | 36,12 | 95,540 |   NaN | NaN | 0,00 | 0,00 | NaN
  21 |  0,00 | 0,420 | 559,85 | 559,85 | 595,47 |  0,00 | 0,146 | 44,35 | 44,35 |  0,00 | 0,287 | 240,40 | 240,40 |  0,00 | 0,439 | 238,98 | 238,98 |  0,00 | 9,069 | 36,12 | 36,12 | 39,116 |   NaN | NaN | 0,00 | 0,00 | NaN
  22 |  0,00 | 0,432 | 571,67 | 571,67 | 613,99 |  0,00 | 0,185 | 44,35 | 44,35 |  0,00 | 0,314 | 248,41 | 248,41 |  0,00 | 0,398 | 242,79 | 242,79 |  0,00 | 8,875 | 36,12 | 36,12 | 38,900 |   NaN | NaN | 0,00 | 0,00 | NaN
  23 |  0,00 | 2,910 | 567,68 | 567,68 | 604,67 |  0,00 | 0,167 | 44,35 | 44,35 |  0,00 | 2,570 | 243,64 | 243,64 |  0,00 | 3,574 | 243,57 | 243,57 |  0,00 | 70,962 | 36,12 | 36,12 | 155,560 |   NaN | NaN | 0,00 | 0,00 | NaN
  24 |  0,00 | 0,626 | 570,97 | 570,97 | 606,50 |  0,00 | 0,128 | 44,35 | 44,35 |  0,00 | 0,408 | 244,03 | 244,03 |  0,00 | 0,632 | 246,47 | 246,47 |  0,00 | 16,405 | 36,12 | 36,12 | 54,095 |   NaN | NaN | 0,00 | 0,00 | NaN
  25 |  0,00 | 0,436 | 571,74 | 571,74 | 614,64 |  0,00 | 0,186 | 44,35 | 44,35 |  0,00 | 0,323 | 243,17 | 243,17 |  0,00 | 0,392 | 248,10 | 248,10 |  0,00 | 9,006 | 36,12 | 36,12 | 39,181 |   NaN | NaN | 0,00 | 0,00 | NaN
  26 |  0,00 | 0,515 | 565,89 | 565,89 | 607,29 |  0,00 | 0,182 | 44,35 | 44,35 |  0,00 | 0,355 | 243,36 | 243,36 |  0,00 | 0,464 | 242,07 | 242,07 |  0,00 | 11,961 | 36,12 | 36,12 | 43,620 |   NaN | NaN | 0,00 | 0,00 | NaN
  27 |  0,00 | 0,535 | 565,97 | 565,97 | 601,29 |  0,00 | 0,109 | 44,35 | 44,35 |  0,00 | 0,323 | 244,84 | 244,84 |  0,00 | 0,621 | 240,65 | 240,65 |  0,00 | 13,365 | 36,12 | 36,12 | 50,427 |   NaN | NaN | 0,00 | 0,00 | NaN
  28 |  0,00 | 2,985 | 563,02 | 563,02 | 601,86 |  0,00 | 0,175 | 44,35 | 44,35 |  0,00 | 2,951 | 243,86 | 243,86 |  0,00 | 3,474 | 238,70 | 238,70 |  0,00 | 71,273 | 36,12 | 36,12 | 159,222 |   NaN | NaN | 0,00 | 0,00 | NaN
  29 |  0,00 | 2,279 | 569,65 | 569,65 | 605,52 |  0,00 | 0,154 | 44,35 | 44,35 |  0,00 | 1,890 | 244,50 | 244,50 |  0,00 | 3,188 | 244,68 | 244,68 |  0,00 | 51,567 | 36,12 | 36,12 | 130,433 |   NaN | NaN | 0,00 | 0,00 | NaN
  30 |  0,00 | 0,698 | 565,95 | 565,95 | 608,51 |  0,00 | 0,185 | 44,35 | 44,35 |  0,00 | 0,478 | 242,28 | 242,28 |  0,00 | 0,601 | 243,20 | 243,20 |  0,00 | 18,223 | 36,12 | 36,12 | 54,741 |   NaN | NaN | 0,00 | 0,00 | NaN
  31 |  0,00 | 3,087 | 565,93 | 565,93 | 601,62 |  0,00 | 0,151 | 44,35 | 44,35 |  0,00 | 2,878 | 244,52 | 244,52 |  0,00 | 3,918 | 240,93 | 240,93 |  0,00 | 72,565 | 36,12 | 36,12 | 160,811 |   NaN | NaN | 0,00 | 0,00 | NaN
  32 |  0,00 | 1,800 | 569,77 | 569,77 | 604,95 |  0,00 | 0,108 | 44,35 | 44,35 |  0,00 | 1,422 | 244,01 | 244,01 |  0,00 | 2,374 | 245,29 | 245,29 |  0,00 | 43,809 | 36,12 | 36,12 | 110,296 |   NaN | NaN | 0,00 | 0,00 | NaN
  33 |  0,00 | 0,923 | 566,30 | 566,30 | 604,74 |  0,00 | 0,173 | 44,35 | 44,35 |  0,00 | 0,782 | 242,71 | 242,71 |  0,00 | 1,039 | 243,12 | 243,12 |  0,00 | 20,966 | 36,12 | 36,12 | 70,357 |   NaN | NaN | 0,00 | 0,00 | NaN
  34 |  0,00 | 0,469 | 566,21 | 566,21 | 602,95 |  0,00 | 0,165 | 44,35 | 44,35 |  0,00 | 0,336 | 243,60 | 243,60 |  0,00 | 0,463 | 242,13 | 242,13 |  0,00 | 10,221 | 36,12 | 36,12 | 43,021 |   NaN | NaN | 0,00 | 0,00 | NaN
  35 |  0,00 | 0,396 | 571,98 | 571,98 | 607,38 |  0,00 | 0,114 | 44,35 | 44,35 |  0,00 | 0,254 | 245,53 | 245,53 |  0,00 | 0,456 | 245,97 | 245,97 |  0,00 | 8,853 | 36,12 | 36,12 | 38,745 |   NaN | NaN | 0,00 | 0,00 | NaN
  36 |  0,00 | 0,469 | 566,41 | 566,41 | 603,61 |  0,00 | 0,167 | 44,35 | 44,35 |  0,00 | 0,339 | 240,72 | 240,72 |  0,00 | 0,439 | 245,22 | 245,22 |  0,00 | 10,454 | 36,12 | 36,12 | 42,178 |   NaN | NaN | 0,00 | 0,00 | NaN
  37 |  0,00 | 1,684 | 571,68 | 571,68 | 607,28 |  0,00 | 0,150 | 44,35 | 44,35 |  0,00 | 1,194 | 247,12 | 247,12 |  0,00 | 2,088 | 244,09 | 244,09 |  0,00 | 43,220 | 36,12 | 36,12 | 109,532 |   NaN | NaN | 0,00 | 0,00 | NaN
  38 |  0,00 | 0,622 | 570,29 | 570,29 | 606,00 |  0,00 | 0,141 | 44,35 | 44,35 |  0,00 | 0,402 | 245,02 | 245,02 |  0,00 | 0,646 | 244,81 | 244,81 |  0,00 | 15,785 | 36,12 | 36,12 | 54,989 |   NaN | NaN | 0,00 | 0,00 | NaN
  39 |  0,00 | 1,123 | 559,82 | 559,82 | 602,11 |  0,00 | 0,184 | 44,35 | 44,35 |  0,00 | 0,867 | 240,65 | 240,65 |  0,00 | 1,226 | 238,70 | 238,70 |  0,00 | 27,725 | 36,12 | 36,12 | 83,062 |   NaN | NaN | 0,00 | 0,00 | NaN
  40 |  0,00 | 0,639 | 563,14 | 563,14 | 605,55 |  0,00 | 0,185 | 44,35 | 44,35 |  0,00 | 0,469 | 243,79 | 243,79 |  0,00 | 0,539 | 238,88 | 238,88 |  0,00 | 15,995 | 36,12 | 36,12 | 53,400 |   NaN | NaN | 0,00 | 0,00 | NaN
  41 |  0,00 | 3,135 | 570,43 | 570,43 | 607,68 |  0,00 | 0,167 | 44,35 | 44,35 |  0,00 | 3,065 | 241,49 | 241,49 |  0,00 | 4,605 | 248,47 | 248,47 |  0,00 | 63,055 | 36,12 | 36,12 | 153,575 |   NaN | NaN | 0,00 | 0,00 | NaN
  42 |  0,00 | 2,290 | 572,33 | 572,33 | 607,78 |  0,00 | 0,113 | 44,35 | 44,35 |  0,00 | 1,699 | 245,60 | 245,60 |  0,00 | 3,534 | 246,26 | 246,26 |  0,00 | 51,182 | 36,12 | 36,12 | 129,018 |   NaN | NaN | 0,00 | 0,00 | NaN
  43 |  0,00 | 1,105 | 574,99 | 574,99 | 616,24 |  0,00 | 0,192 | 44,35 | 44,35 |  0,00 | 0,824 | 247,85 | 247,85 |  0,00 | 1,288 | 246,67 | 246,67 |  0,00 | 26,389 | 36,12 | 36,12 | 80,322 |   NaN | NaN | 0,00 | 0,00 | NaN
  44 |  0,00 | 3,097 | 570,32 | 570,32 | 605,25 |  0,00 | 0,105 | 44,35 | 44,35 |  0,00 | 3,197 | 243,35 | 243,35 |  0,00 | 4,110 | 246,50 | 246,50 |  0,00 | 67,553 | 36,12 | 36,12 | 159,379 |   NaN | NaN | 0,00 | 0,00 | NaN
  45 |  0,00 | 2,603 | 566,84 | 566,84 | 610,86 |  0,00 | 0,188 | 44,35 | 44,35 |  0,00 | 2,306 | 246,26 | 246,26 |  0,00 | 3,835 | 240,11 | 240,11 |  0,00 | 54,521 | 36,12 | 36,12 | 135,844 |   NaN | NaN | 0,00 | 0,00 | NaN
  46 |  0,00 | 1,396 | 567,23 | 567,23 | 602,62 |  0,00 | 0,127 | 44,35 | 44,35 |  0,00 | 1,024 | 241,98 | 241,98 |  0,00 | 1,614 | 244,78 | 244,78 |  0,00 | 36,688 | 36,12 | 36,12 | 99,833 |   NaN | NaN | 0,00 | 0,00 | NaN
  47 |  0,00 | 2,836 | 566,35 | 566,35 | 601,83 |  0,00 | 0,125 | 44,35 | 44,35 |  0,00 | 2,449 | 244,81 | 244,81 |  0,00 | 3,536 | 241,07 | 241,07 |  0,00 | 70,330 | 36,12 | 36,12 | 152,474 |   NaN | NaN | 0,00 | 0,00 | NaN
  48 |  0,00 | 3,029 | 565,47 | 565,47 | 601,34 |  0,00 | 0,155 | 44,35 | 44,35 |  0,00 | 2,705 | 242,27 | 242,27 |  0,00 | 4,238 | 242,74 | 242,74 |  0,00 | 67,424 | 36,12 | 36,12 | 158,512 |   NaN | NaN | 0,00 | 0,00 | NaN
  49 |  0,00 | 2,865 | 566,08 | 566,08 | 603,14 |  0,00 | 0,167 | 44,35 | 44,35 |  0,00 | 2,632 | 244,18 | 244,18 |  0,00 | 3,316 | 241,43 | 241,43 |  0,00 | 71,156 | 36,12 | 36,12 | 154,634 |   NaN | NaN | 0,00 | 0,00 | NaN
  50 |  0,00 | 1,291 | 569,66 | 569,66 | 605,05 |  0,00 | 0,121 | 44,35 | 44,35 |  0,00 | 0,966 | 245,89 | 245,89 |  0,00 | 1,619 | 243,30 | 243,30 |  0,00 | 32,090 | 36,12 | 36,12 | 91,130 |   NaN | NaN | 0,00 | 0,00 | NaN
  51 |  0,00 | 2,953 | 568,36 | 568,36 | 603,76 |  0,00 | 0,119 | 44,35 | 44,35 |  0,00 | 2,902 | 243,23 | 243,23 |  0,00 | 4,077 | 244,66 | 244,66 |  0,00 | 63,806 | 36,12 | 36,12 | 153,751 |   NaN | NaN | 0,00 | 0,00 | NaN
  52 |  0,00 | 2,654 | 567,98 | 567,98 | 603,60 |  0,00 | 0,146 | 44,35 | 44,35 |  0,00 | 2,337 | 240,71 | 240,71 |  0,00 | 3,926 | 246,80 | 246,80 |  0,00 | 56,285 | 36,12 | 36,12 | 141,837 |   NaN | NaN | 0,00 | 0,00 | NaN
  53 |  0,00 | 1,654 | 568,92 | 568,92 | 604,31 |  0,00 | 0,133 | 44,35 | 44,35 |  0,00 | 1,329 | 245,35 | 245,35 |  0,00 | 1,924 | 243,10 | 243,10 |  0,00 | 42,420 | 36,12 | 36,12 | 107,386 |   NaN | NaN | 0,00 | 0,00 | NaN
  54 |  0,00 | 2,419 | 563,78 | 563,78 | 599,27 |  0,00 | 0,135 | 44,35 | 44,35 |  0,00 | 2,187 | 243,64 | 243,64 |  0,00 | 3,383 | 239,68 | 239,68 |  0,00 | 53,385 | 36,12 | 36,12 | 133,034 |   NaN | NaN | 0,00 | 0,00 | NaN
  55 |  0,00 | 0,601 | 565,03 | 565,03 | 600,62 |  0,00 | 0,121 | 44,35 | 44,35 |  0,00 | 0,389 | 241,08 | 241,08 |  0,00 | 0,687 | 243,48 | 243,48 |  0,00 | 14,838 | 36,12 | 36,12 | 52,915 |   NaN | NaN | 0,00 | 0,00 | NaN
  56 |  0,00 | 2,960 | 564,48 | 564,48 | 599,94 |  0,00 | 0,126 | 44,35 | 44,35 |  0,00 | 2,685 | 241,81 | 241,81 |  0,00 | 4,200 | 242,20 | 242,20 |  0,00 | 65,326 | 36,12 | 36,12 | 156,937 |   NaN | NaN | 0,00 | 0,00 | NaN
  57 |  0,00 | 3,009 | 567,40 | 567,40 | 602,83 |  0,00 | 0,123 | 44,35 | 44,35 |  0,00 | 2,753 | 243,01 | 243,01 |  0,00 | 3,767 | 243,92 | 243,92 |  0,00 | 72,549 | 36,12 | 36,12 | 160,534 |   NaN | NaN | 0,00 | 0,00 | NaN
  58 |  0,00 | 3,042 | 568,46 | 568,46 | 604,23 |  0,00 | 0,152 | 44,35 | 44,35 |  0,00 | 2,767 | 244,10 | 244,10 |  0,00 | 3,910 | 243,89 | 243,89 |  0,00 | 71,560 | 36,12 | 36,12 | 160,458 |   NaN | NaN | 0,00 | 0,00 | NaN
  59 |  0,00 | 0,536 | 571,61 | 571,61 | 609,64 |  0,00 | 0,171 | 44,35 | 44,35 |  0,00 | 0,369 | 243,36 | 243,36 |  0,00 | 0,495 | 247,77 | 247,77 |  0,00 | 12,808 | 36,12 | 36,12 | 45,447 |   NaN | NaN | 0,00 | 0,00 | NaN
  60 |  0,00 | 3,030 | 567,57 | 567,57 | 602,64 |  0,00 | 0,107 | 44,35 | 44,35 |  0,00 | 2,899 | 243,48 | 243,48 |  0,00 | 4,439 | 243,62 | 243,62 |  0,00 | 63,697 | 36,12 | 36,12 | 154,924 |   NaN | NaN | 0,00 | 0,00 | NaN
  61 |  0,00 | 1,587 | 571,00 | 571,00 | 606,37 |  0,00 | 0,128 | 44,35 | 44,35 |  0,00 | 1,299 | 245,34 | 245,34 |  0,00 | 1,861 | 245,19 | 245,19 |  0,00 | 40,167 | 36,12 | 36,12 | 103,660 |   NaN | NaN | 0,00 | 0,00 | NaN
  62 |  0,00 | 3,124 | 570,84 | 570,84 | 615,48 |  0,00 | 0,190 | 44,35 | 44,35 |  0,00 | 2,741 | 245,69 | 245,69 |  0,00 | 4,516 | 244,68 | 244,68 |  0,00 | 67,448 | 36,12 | 36,12 | 158,852 |   NaN | NaN | 0,00 | 0,00 | NaN
  63 |  0,00 | 0,742 | 568,45 | 568,45 | 604,10 |  0,00 | 0,145 | 44,35 | 44,35 |  0,00 | 0,510 | 245,20 | 245,20 |  0,00 | 0,720 | 242,79 | 242,79 |  0,00 | 19,700 | 36,12 | 36,12 | 58,874 |   NaN | NaN | 0,00 | 0,00 | NaN
  64 |  0,00 | 2,485 | 564,92 | 564,92 | 609,27 |  0,00 | 0,189 | 44,35 | 44,35 |  0,00 | 1,957 | 242,79 | 242,79 |  0,00 | 3,773 | 241,66 | 241,66 |  0,00 | 53,352 | 36,12 | 36,12 | 133,505 |   NaN | NaN | 0,00 | 0,00 | NaN

= = = = = = = = = = = = AVERAGE RESULTS system = = = = = = = = = = = =
meanPLR_system | 0,000000 
meanDelay_system | 1,394054 
meanLoad_system | 567,833047 
meanTHR_system | 567,833047 
meanGate_system | 605,265460 

meanPLR_EF_system | 0,000000 
meanPLR_AF_system | 0,000000 
meanPLR_BE_system | 0,000000 
meanPLR_FLA_system | 0,000000 
meanPLR_FLB_system | NaN 

meanTHR_EF_system | 44,352003 
meanTHR_AF_system | 243,873390 
meanTHR_BE_system | 243,490471 
meanTHR_FLA_system | 36,745567 
meanTHR_FLB_system | 0,000000 

meanLoad_EF_system | 44,352003 
meanLoad_AF_system | 243,873390 
meanLoad_BE_system | 243,490471 
meanLoad_FLA_system | 36,745567 
meanLoad_FLB_system | 0,000000 

meanDELAY_EF_system | 0,150299 
meanDELAY_AF_system | 1,174787 
meanDELAY_BE_system | 1,762061 
meanDELAY_FLA_system | 32,234547 
meanDELAY_FLB_system | NaN 
meanDELAY_CompleteFLA_system | 86,641833 
meanDELAY_CompleteFLB_system | NaN 

= = = = = = = = = = = = AVERAGE RESULTS = = = = = = = = = = = =
Packet Loss Ratio: 00,00 (%)
PROCESSED PACKAGES: 1782285160 
DISCARTED PACKAGES: 0 
TOTAL PACKAGES: 1782285160 
AVERAGE DELAY: 221,26 (ms) 
AVERAGE THROUGHPUT: 567,83 (Mbps) 
GRANTED THROUGHPUT: 38736,99 (Mbps) By 64 ONUs
EFFECTIVE THROUGHPUT: 36341,32 (Mbps) By 64 ONUs
TOTAL LOAD: 36341,32 (Mbps) By 64 ONUs
ON Arrival THROUGHPUT: 0,00 (Mbps) By 64 ONUs
FINISHTIMEFL: 172,428964 
FINISHTIME: 175,428964 


fileName | IPACT_STRICTPRIORITY_4_30_65_0 
