
ONU ID 	|  PLR(%) | Delay(ms) | Throughput(Mbps) | Granted Throughput(Mbps) | Total Load (Mbps) 

  ID |  PLR(%) |  D  | Thr |  Gates  |  Load  | PLR-EF | D-EF | ThrEF | LoadEF | PLR-AF | D-AF | ThrAF | LoadAF | PLR-BE | D-BE | ThrBE | LoadBE | PLR-FA | D-FA | ThrFA | LoadFA | DTFA |  PLR-FB | D-FB | ThrFB | LoadFB | DTFB | 
   1 |  6,52 | 281,253 | 754,37 | 806,97 | 758,92 |  0,00 | 1,440 | 44,35 | 44,35 |  0,00 | 1,416 | 359,11 | 359,11 | 15,15 | 1097,587 | 294,52 | 347,12 |  0,00 | 313,450 | 56,39 | 56,39 | 619,823 |   NaN | NaN | 0,00 | 0,00 | NaN
   2 |  6,56 | 277,590 | 754,04 | 806,96 | 758,62 |  0,00 | 1,489 | 44,35 | 44,35 |  0,00 | 1,428 | 354,74 | 354,74 | 15,06 | 1068,080 | 298,56 | 351,48 |  0,00 | 308,912 | 56,39 | 56,39 | 610,804 |   NaN | NaN | 0,00 | 0,00 | NaN
   3 |  5,98 | 272,032 | 754,17 | 802,17 | 758,75 |  0,00 | 1,369 | 44,35 | 44,35 |  0,00 | 1,364 | 351,22 | 351,22 | 13,71 | 1033,311 | 302,20 | 350,20 |  0,00 | 314,087 | 56,39 | 56,39 | 634,421 |   NaN | NaN | 0,00 | 0,00 | NaN
   4 |  7,13 | 280,104 | 755,02 | 813,03 | 759,56 |  0,00 | 1,433 | 44,35 | 44,35 |  0,00 | 1,371 | 359,28 | 359,28 | 16,43 | 1093,643 | 295,00 | 353,01 |  0,00 | 295,850 | 56,39 | 56,39 | 603,619 |   NaN | NaN | 0,00 | 0,00 | NaN
   5 |  6,22 | 264,415 | 753,63 | 803,59 | 758,16 |  0,00 | 1,462 | 44,35 | 44,35 |  0,00 | 1,396 | 351,26 | 351,26 | 14,21 | 1005,657 | 301,64 | 351,59 |  0,00 | 304,217 | 56,39 | 56,39 | 618,827 |   NaN | NaN | 0,00 | 0,00 | NaN
   6 |  6,94 | 276,412 | 754,86 | 811,15 | 759,41 |  0,00 | 1,400 | 44,35 | 44,35 |  0,00 | 1,342 | 356,79 | 356,79 | 15,92 | 1070,242 | 297,32 | 353,61 |  0,00 | 294,911 | 56,39 | 56,39 | 608,527 |   NaN | NaN | 0,00 | 0,00 | NaN
   7 |  6,48 | 279,920 | 754,94 | 807,24 | 759,48 |  0,00 | 1,376 | 44,35 | 44,35 |  0,00 | 1,362 | 354,17 | 354,17 | 14,84 | 1074,791 | 300,04 | 352,33 |  0,00 | 297,078 | 56,39 | 56,39 | 622,584 |   NaN | NaN | 0,00 | 0,00 | NaN
   8 |  6,45 | 281,053 | 754,37 | 806,38 | 758,97 |  0,00 | 1,418 | 44,35 | 44,35 |  0,00 | 1,413 | 350,21 | 350,21 | 14,63 | 1066,238 | 303,42 | 355,42 |  0,00 | 297,545 | 56,39 | 56,39 | 614,518 |   NaN | NaN | 0,00 | 0,00 | NaN
   9 |  7,07 | 282,477 | 754,68 | 812,10 | 759,20 |  0,00 | 1,488 | 44,35 | 44,35 |  0,00 | 1,351 | 357,66 | 357,66 | 16,24 | 1097,738 | 296,28 | 353,70 |  0,00 | 298,565 | 56,39 | 56,39 | 593,769 |   NaN | NaN | 0,00 | 0,00 | NaN
  10 |  6,09 | 277,768 | 755,68 | 804,66 | 760,26 |  0,00 | 1,432 | 44,35 | 44,35 |  0,00 | 1,412 | 352,14 | 352,14 | 13,92 | 1056,211 | 302,80 | 351,78 |  0,00 | 302,869 | 56,39 | 56,39 | 607,711 |   NaN | NaN | 0,00 | 0,00 | NaN
  11 |  5,94 | 278,739 | 754,01 | 801,63 | 758,55 |  0,00 | 1,364 | 44,35 | 44,35 |  0,00 | 1,353 | 347,00 | 347,00 | 13,46 | 1048,169 | 306,27 | 353,89 |  0,00 | 292,059 | 56,39 | 56,39 | 599,620 |   NaN | NaN | 0,00 | 0,00 | NaN
  12 |  6,15 | 283,161 | 755,29 | 804,79 | 759,86 |  0,00 | 1,439 | 44,35 | 44,35 |  0,00 | 1,414 | 351,16 | 351,16 | 14,03 | 1076,554 | 303,38 | 352,89 |  0,00 | 288,152 | 56,39 | 56,39 | 587,596 |   NaN | NaN | 0,00 | 0,00 | NaN
  13 |  5,49 | 268,379 | 754,16 | 797,96 | 758,69 |  0,00 | 1,388 | 44,35 | 44,35 |  0,00 | 1,380 | 350,10 | 350,10 | 12,62 | 1018,690 | 303,32 | 347,11 |  0,00 | 281,385 | 56,39 | 56,39 | 571,011 |   NaN | NaN | 0,00 | 0,00 | NaN
  14 |  6,88 | 272,536 | 752,94 | 808,59 | 757,49 |  0,00 | 1,434 | 44,35 | 44,35 |  0,00 | 1,420 | 353,87 | 353,87 | 15,72 | 1049,829 | 298,33 | 353,98 |  0,00 | 290,445 | 56,39 | 56,39 | 588,841 |   NaN | NaN | 0,00 | 0,00 | NaN
  15 |  6,24 | 280,734 | 753,80 | 803,93 | 758,35 |  0,00 | 1,479 | 44,35 | 44,35 |  0,00 | 1,415 | 348,08 | 348,08 | 14,12 | 1060,591 | 304,97 | 355,11 |  0,00 | 282,653 | 56,39 | 56,39 | 587,916 |   NaN | NaN | 0,00 | 0,00 | NaN
  16 |  7,22 | 287,554 | 754,83 | 813,59 | 759,37 |  0,00 | 1,552 | 44,35 | 44,35 |  0,00 | 1,409 | 354,24 | 354,24 | 16,39 | 1106,202 | 299,85 | 358,61 |  0,00 | 284,594 | 56,39 | 56,39 | 587,530 |   NaN | NaN | 0,00 | 0,00 | NaN
  17 |  7,11 | 284,677 | 753,79 | 811,51 | 758,37 |  0,00 | 1,425 | 44,35 | 44,35 |  0,00 | 1,419 | 356,03 | 356,03 | 16,27 | 1103,826 | 297,02 | 354,74 |  0,00 | 289,115 | 56,39 | 56,39 | 604,166 |   NaN | NaN | 0,00 | 0,00 | NaN
  18 |  6,19 | 275,229 | 753,01 | 802,69 | 757,57 |  0,00 | 1,431 | 44,35 | 44,35 |  0,00 | 1,396 | 348,98 | 348,98 | 14,07 | 1042,512 | 303,29 | 352,97 |  0,00 | 301,821 | 56,39 | 56,39 | 611,212 |   NaN | NaN | 0,00 | 0,00 | NaN
  19 |  5,62 | 277,197 | 754,39 | 799,33 | 758,94 |  0,00 | 1,412 | 44,35 | 44,35 |  0,00 | 1,386 | 348,48 | 348,48 | 12,84 | 1046,297 | 305,16 | 350,10 |  0,00 | 285,455 | 56,39 | 56,39 | 583,484 |   NaN | NaN | 0,00 | 0,00 | NaN
  20 |  5,58 | 278,861 | 755,64 | 800,30 | 760,22 |  0,00 | 1,391 | 44,35 | 44,35 |  0,00 | 1,382 | 353,22 | 353,22 | 12,89 | 1065,654 | 301,68 | 346,34 |  0,00 | 289,468 | 56,39 | 56,39 | 599,072 |   NaN | NaN | 0,00 | 0,00 | NaN
  21 |  4,98 | 264,899 | 754,58 | 794,12 | 759,13 |  0,00 | 1,396 | 44,35 | 44,35 |  0,00 | 1,386 | 347,83 | 347,83 | 11,44 | 995,497 | 306,01 | 345,55 |  0,00 | 290,547 | 56,39 | 56,39 | 593,421 |   NaN | NaN | 0,00 | 0,00 | NaN
  22 |  7,17 | 285,382 | 754,69 | 813,00 | 759,27 |  0,00 | 1,515 | 44,35 | 44,35 |  0,00 | 1,433 | 361,59 | 361,59 | 16,63 | 1124,555 | 292,36 | 350,66 |  0,00 | 294,065 | 56,39 | 56,39 | 599,734 |   NaN | NaN | 0,00 | 0,00 | NaN
  23 |  6,55 | 279,951 | 754,25 | 807,10 | 758,81 |  0,00 | 1,466 | 44,35 | 44,35 |  0,00 | 1,408 | 354,90 | 354,90 | 15,04 | 1080,392 | 298,60 | 351,46 |  0,00 | 285,139 | 56,39 | 56,39 | 592,693 |   NaN | NaN | 0,00 | 0,00 | NaN
  24 |  6,47 | 280,065 | 754,51 | 806,70 | 759,04 |  0,00 | 1,390 | 44,35 | 44,35 |  0,00 | 1,369 | 351,23 | 351,23 | 14,71 | 1065,365 | 302,55 | 354,73 |  0,00 | 300,689 | 56,39 | 56,39 | 600,956 |   NaN | NaN | 0,00 | 0,00 | NaN
  25 |  7,31 | 288,083 | 754,08 | 813,57 | 758,69 |  0,00 | 1,437 | 44,35 | 44,35 |  0,00 | 1,426 | 353,33 | 353,33 | 16,55 | 1105,337 | 300,01 | 359,50 |  0,00 | 299,090 | 56,39 | 56,39 | 604,494 |   NaN | NaN | 0,00 | 0,00 | NaN
  26 |  6,10 | 278,732 | 754,47 | 803,50 | 759,04 |  0,00 | 1,454 | 44,35 | 44,35 |  0,00 | 1,422 | 351,83 | 351,83 | 13,97 | 1063,493 | 301,89 | 350,93 |  0,00 | 288,654 | 56,39 | 56,39 | 579,372 |   NaN | NaN | 0,00 | 0,00 | NaN
  27 |  5,91 | 270,218 | 753,80 | 801,17 | 758,35 |  0,00 | 1,457 | 44,35 | 44,35 |  0,00 | 1,351 | 352,24 | 352,24 | 13,60 | 1032,087 | 300,82 | 348,19 |  0,00 | 298,974 | 56,39 | 56,39 | 603,095 |   NaN | NaN | 0,00 | 0,00 | NaN
  28 |  5,90 | 278,596 | 754,23 | 801,55 | 758,79 |  0,00 | 1,437 | 44,35 | 44,35 |  0,00 | 1,416 | 353,63 | 353,63 | 13,63 | 1067,674 | 299,85 | 347,17 |  0,00 | 311,390 | 56,39 | 56,39 | 622,471 |   NaN | NaN | 0,00 | 0,00 | NaN
  29 |  6,87 | 284,262 | 755,06 | 810,72 | 759,61 |  0,00 | 1,409 | 44,35 | 44,35 |  0,00 | 1,395 | 355,04 | 355,04 | 15,68 | 1094,731 | 299,28 | 354,94 |  0,00 | 290,636 | 56,39 | 56,39 | 592,824 |   NaN | NaN | 0,00 | 0,00 | NaN
  30 |  6,14 | 277,326 | 753,29 | 802,53 | 757,89 |  0,00 | 1,441 | 44,35 | 44,35 |  0,00 | 1,426 | 350,13 | 350,13 | 14,00 | 1053,780 | 302,42 | 351,66 |  0,00 | 304,077 | 56,39 | 56,39 | 612,658 |   NaN | NaN | 0,00 | 0,00 | NaN
  31 |  6,09 | 276,281 | 755,25 | 804,23 | 759,81 |  0,00 | 1,409 | 44,35 | 44,35 |  0,00 | 1,392 | 353,09 | 353,09 | 13,98 | 1055,167 | 301,42 | 350,40 |  0,00 | 305,054 | 56,39 | 56,39 | 605,856 |   NaN | NaN | 0,00 | 0,00 | NaN
  32 |  6,38 | 278,748 | 755,81 | 807,34 | 760,34 |  0,00 | 1,804 | 44,35 | 44,35 |  0,00 | 1,389 | 352,50 | 352,50 | 14,55 | 1061,608 | 302,56 | 354,10 |  0,00 | 289,961 | 56,39 | 56,39 | 598,830 |   NaN | NaN | 0,00 | 0,00 | NaN
  33 |  5,72 | 267,366 | 754,36 | 800,14 | 758,89 |  0,00 | 1,436 | 44,35 | 44,35 |  0,00 | 1,412 | 349,46 | 349,46 | 13,08 | 1011,418 | 304,15 | 349,93 |  0,00 | 286,390 | 56,39 | 56,39 | 595,846 |   NaN | NaN | 0,00 | 0,00 | NaN
  34 |  5,71 | 278,267 | 754,97 | 800,67 | 759,51 |  0,00 | 1,421 | 44,35 | 44,35 |  0,00 | 1,404 | 352,08 | 352,08 | 13,14 | 1059,707 | 302,15 | 347,85 |  0,00 | 305,669 | 56,39 | 56,39 | 633,378 |   NaN | NaN | 0,00 | 0,00 | NaN
  35 |  6,99 | 281,543 | 755,29 | 812,07 | 759,84 |  0,00 | 1,360 | 44,35 | 44,35 |  0,00 | 1,353 | 354,32 | 354,32 | 15,91 | 1081,896 | 300,23 | 357,01 |  0,00 | 283,367 | 56,39 | 56,39 | 578,388 |   NaN | NaN | 0,00 | 0,00 | NaN
  36 |  5,87 | 278,668 | 755,14 | 802,24 | 759,67 |  0,00 | 1,413 | 44,35 | 44,35 |  0,00 | 1,407 | 347,69 | 347,69 | 13,31 | 1047,855 | 306,71 | 353,80 |  0,00 | 282,191 | 56,39 | 56,39 | 573,614 |   NaN | NaN | 0,00 | 0,00 | NaN
  37 |  7,08 | 286,220 | 755,45 | 813,01 | 760,04 |  0,00 | 1,427 | 44,35 | 44,35 |  0,00 | 1,395 | 359,03 | 359,03 | 16,30 | 1114,532 | 295,67 | 353,23 |  0,00 | 311,043 | 56,39 | 56,39 | 643,419 |   NaN | NaN | 0,00 | 0,00 | NaN
  38 |  6,84 | 278,973 | 754,04 | 809,44 | 758,59 |  0,00 | 1,390 | 44,35 | 44,35 |  0,00 | 1,380 | 355,61 | 355,61 | 15,69 | 1078,653 | 297,69 | 353,09 |  0,00 | 293,995 | 56,39 | 56,39 | 584,208 |   NaN | NaN | 0,00 | 0,00 | NaN
  39 |  5,18 | 276,189 | 752,79 | 793,87 | 757,37 |  0,00 | 1,445 | 44,35 | 44,35 |  0,00 | 1,427 | 347,76 | 347,76 | 11,90 | 1045,019 | 304,28 | 345,37 |  0,00 | 275,402 | 56,39 | 56,39 | 573,325 |   NaN | NaN | 0,00 | 0,00 | NaN
  40 |  5,38 | 273,016 | 753,43 | 796,24 | 758,00 |  0,00 | 1,440 | 44,35 | 44,35 |  0,00 | 1,425 | 350,12 | 350,12 | 12,40 | 1037,935 | 302,57 | 345,38 |  0,00 | 289,810 | 56,39 | 56,39 | 599,958 |   NaN | NaN | 0,00 | 0,00 | NaN
  41 |  6,68 | 279,262 | 754,22 | 808,23 | 758,80 |  0,00 | 1,439 | 44,35 | 44,35 |  0,00 | 1,408 | 349,38 | 349,38 | 15,08 | 1055,935 | 304,11 | 358,11 |  0,00 | 304,450 | 56,39 | 56,39 | 625,185 |   NaN | NaN | 0,00 | 0,00 | NaN
  42 |  7,06 | 282,275 | 754,35 | 811,68 | 758,92 |  0,00 | 1,419 | 44,35 | 44,35 |  0,00 | 1,356 | 355,56 | 355,56 | 16,13 | 1088,297 | 298,06 | 355,39 |  0,00 | 316,158 | 56,39 | 56,39 | 638,181 |   NaN | NaN | 0,00 | 0,00 | NaN
  43 |  7,04 | 280,452 | 754,78 | 811,96 | 759,36 |  0,00 | 1,438 | 44,35 | 44,35 |  0,00 | 1,433 | 355,76 | 355,76 | 16,09 | 1082,992 | 298,28 | 355,46 |  0,00 | 293,670 | 56,39 | 56,39 | 586,041 |   NaN | NaN | 0,00 | 0,00 | NaN
  44 |  6,90 | 289,217 | 754,96 | 810,89 | 759,52 |  0,00 | 1,352 | 44,35 | 44,35 |  0,00 | 1,344 | 352,92 | 352,92 | 15,66 | 1105,757 | 301,29 | 357,22 |  0,00 | 305,726 | 56,39 | 56,39 | 615,108 |   NaN | NaN | 0,00 | 0,00 | NaN
  45 |  6,33 | 282,463 | 754,25 | 805,18 | 758,81 |  0,00 | 1,484 | 44,35 | 44,35 |  0,00 | 1,427 | 356,66 | 356,66 | 14,64 | 1095,108 | 296,85 | 347,78 |  0,00 | 292,678 | 56,39 | 56,39 | 604,409 |   NaN | NaN | 0,00 | 0,00 | NaN
  46 |  6,52 | 279,639 | 752,93 | 805,43 | 757,46 |  0,00 | 1,402 | 44,35 | 44,35 |  0,00 | 1,370 | 350,23 | 350,23 | 14,81 | 1064,748 | 301,96 | 354,46 |  0,00 | 298,612 | 56,39 | 56,39 | 603,962 |   NaN | NaN | 0,00 | 0,00 | NaN
  47 |  5,89 | 274,472 | 754,93 | 802,18 | 759,50 |  0,00 | 1,375 | 44,35 | 44,35 |  0,00 | 1,365 | 351,99 | 351,99 | 13,52 | 1046,599 | 302,20 | 349,45 |  0,00 | 284,262 | 56,39 | 56,39 | 581,386 |   NaN | NaN | 0,00 | 0,00 | NaN
  48 |  6,17 | 275,501 | 752,36 | 801,86 | 756,90 |  0,00 | 1,480 | 44,35 | 44,35 |  0,00 | 1,403 | 350,81 | 350,81 | 14,13 | 1050,160 | 300,81 | 350,31 |  0,00 | 312,273 | 56,39 | 56,39 | 606,132 |   NaN | NaN | 0,00 | 0,00 | NaN
  49 |  5,78 | 270,065 | 753,15 | 799,33 | 757,70 |  0,00 | 1,575 | 44,35 | 44,35 |  0,00 | 1,408 | 349,89 | 349,89 | 13,24 | 1023,126 | 302,51 | 348,69 |  0,00 | 316,890 | 56,39 | 56,39 | 619,969 |   NaN | NaN | 0,00 | 0,00 | NaN
  50 |  6,22 | 278,710 | 754,50 | 804,54 | 759,05 |  0,00 | 1,374 | 44,35 | 44,35 |  0,00 | 1,362 | 352,98 | 352,98 | 14,26 | 1066,620 | 300,78 | 350,82 |  0,00 | 295,099 | 56,39 | 56,39 | 599,992 |   NaN | NaN | 0,00 | 0,00 | NaN
  51 |  6,39 | 275,921 | 753,83 | 805,31 | 758,36 |  0,00 | 1,369 | 44,35 | 44,35 |  0,00 | 1,360 | 351,43 | 351,43 | 14,58 | 1051,917 | 301,66 | 353,14 |  0,00 | 297,429 | 56,39 | 56,39 | 602,070 |   NaN | NaN | 0,00 | 0,00 | NaN
  52 |  6,54 | 290,046 | 754,46 | 807,29 | 759,02 |  0,00 | 1,402 | 44,35 | 44,35 |  0,00 | 1,386 | 349,18 | 349,18 | 14,78 | 1098,967 | 304,54 | 357,37 |  0,00 | 281,287 | 56,39 | 56,39 | 600,848 |   NaN | NaN | 0,00 | 0,00 | NaN
  53 |  6,38 | 279,065 | 753,79 | 805,16 | 758,33 |  0,00 | 1,391 | 44,35 | 44,35 |  0,00 | 1,373 | 353,35 | 353,35 | 14,63 | 1073,234 | 299,70 | 351,07 |  0,00 | 276,961 | 56,39 | 56,39 | 568,368 |   NaN | NaN | 0,00 | 0,00 | NaN
  54 |  5,71 | 275,350 | 754,31 | 799,98 | 758,84 |  0,00 | 1,626 | 44,35 | 44,35 |  0,00 | 1,385 | 352,17 | 352,17 | 13,16 | 1051,940 | 301,39 | 347,06 |  0,00 | 285,683 | 56,39 | 56,39 | 585,671 |   NaN | NaN | 0,00 | 0,00 | NaN
  55 |  5,80 | 276,889 | 754,07 | 800,54 | 758,64 |  0,00 | 1,366 | 44,35 | 44,35 |  0,00 | 1,360 | 349,60 | 349,60 | 13,27 | 1048,903 | 303,74 | 350,20 |  0,00 | 300,616 | 56,39 | 56,39 | 591,826 |   NaN | NaN | 0,00 | 0,00 | NaN
  56 |  5,54 | 279,724 | 754,41 | 798,68 | 758,97 |  0,00 | 1,431 | 44,35 | 44,35 |  0,00 | 1,367 | 348,70 | 348,70 | 12,68 | 1055,913 | 304,96 | 349,23 |  0,00 | 295,246 | 56,39 | 56,39 | 611,423 |   NaN | NaN | 0,00 | 0,00 | NaN
  57 |  6,07 | 267,992 | 754,70 | 803,49 | 759,26 |  0,00 | 1,404 | 44,35 | 44,35 |  0,00 | 1,364 | 350,05 | 350,05 | 13,83 | 1012,439 | 303,91 | 352,70 |  0,00 | 309,102 | 56,39 | 56,39 | 617,265 |   NaN | NaN | 0,00 | 0,00 | NaN
  58 |  6,54 | 282,420 | 754,83 | 807,65 | 759,40 |  0,00 | 1,399 | 44,35 | 44,35 |  0,00 | 1,393 | 355,69 | 355,69 | 15,04 | 1089,961 | 298,40 | 351,21 |  0,00 | 295,535 | 56,39 | 56,39 | 609,945 |   NaN | NaN | 0,00 | 0,00 | NaN
  59 |  6,94 | 279,982 | 754,23 | 810,46 | 758,77 |  0,00 | 1,420 | 44,35 | 44,35 |  0,00 | 1,411 | 350,50 | 350,50 | 15,66 | 1063,034 | 302,99 | 359,23 |  0,00 | 300,825 | 56,39 | 56,39 | 606,305 |   NaN | NaN | 0,00 | 0,00 | NaN
  60 |  6,43 | 281,978 | 753,38 | 805,18 | 757,89 |  0,00 | 1,357 | 44,35 | 44,35 |  0,00 | 1,346 | 353,84 | 353,84 | 14,77 | 1087,391 | 298,80 | 350,59 |  0,00 | 282,218 | 56,39 | 56,39 | 583,402 |   NaN | NaN | 0,00 | 0,00 | NaN
  61 |  6,75 | 283,609 | 754,93 | 809,61 | 759,48 |  0,00 | 1,645 | 44,35 | 44,35 |  0,00 | 1,382 | 354,68 | 354,68 | 15,44 | 1090,602 | 299,51 | 354,19 |  0,00 | 292,408 | 56,39 | 56,39 | 605,756 |   NaN | NaN | 0,00 | 0,00 | NaN
  62 |  6,55 | 278,082 | 754,20 | 807,07 | 758,79 |  0,00 | 1,459 | 44,35 | 44,35 |  0,00 | 1,432 | 351,76 | 351,76 | 14,91 | 1062,022 | 301,70 | 354,56 |  0,00 | 280,417 | 56,39 | 56,39 | 584,682 |   NaN | NaN | 0,00 | 0,00 | NaN
  63 |  6,26 | 271,777 | 753,43 | 803,76 | 758,00 |  0,00 | 1,391 | 44,35 | 44,35 |  0,00 | 1,386 | 353,71 | 353,71 | 14,41 | 1043,203 | 298,98 | 349,31 |  0,00 | 313,378 | 56,39 | 56,39 | 624,709 |   NaN | NaN | 0,00 | 0,00 | NaN
  64 |  5,39 | 264,633 | 755,59 | 798,60 | 760,19 |  0,00 | 1,435 | 44,35 | 44,35 |  0,00 | 1,428 | 349,18 | 349,18 | 12,34 | 995,561 | 305,66 | 348,68 |  0,00 | 300,892 | 56,39 | 56,39 | 608,081 |   NaN | NaN | 0,00 | 0,00 | NaN

= = = = = = = = = = = = AVERAGE RESULTS system = = = = = = = = = = = =
meanPLR_system | 6,318776 
meanDelay_system | 278,162552 
meanLoad_system | 805,247312 
meanTHR_system | 754,338948 
meanGate_system | 758,896399 

meanPLR_EF_system | 0,000000 
meanPLR_AF_system | 0,000000 
meanPLR_BE_system | 14,454348 
meanPLR_FLA_system | 0,000000 
meanPLR_FLB_system | NaN 

meanTHR_EF_system | 44,352004 
meanTHR_AF_system | 352,517936 
meanTHR_BE_system | 301,078799 
meanTHR_FLA_system | 57,542493 
meanTHR_FLB_system | 0,000000 

meanLoad_EF_system | 44,352004 
meanLoad_AF_system | 352,517936 
meanLoad_BE_system | 351,987163 
meanLoad_FLA_system | 57,542493 
meanLoad_FLB_system | 0,000000 

meanDELAY_EF_system | 1,437542 
meanDELAY_AF_system | 1,392115 
meanDELAY_BE_system | 1063,483673 
meanDELAY_FLA_system | 295,790522 
meanDELAY_FLB_system | NaN 
meanDELAY_CompleteFLA_system | 601,942283 
meanDELAY_CompleteFLB_system | NaN 

= = = = = = = = = = = = AVERAGE RESULTS = = = = = = = = = = = =
Packet Loss Ratio: 06,32 (%)
PROCESSED PACKAGES: 1788955229 
DISCARTED PACKAGES: 76231939 
TOTAL PACKAGES: 1865187168 
AVERAGE DELAY: 51900,24 (ms) 
AVERAGE THROUGHPUT: 754,34 (Mbps) 
GRANTED THROUGHPUT: 48569,37 (Mbps) By 64 ONUs
EFFECTIVE THROUGHPUT: 48277,69 (Mbps) By 64 ONUs
TOTAL LOAD: 51535,83 (Mbps) By 64 ONUs
ON Arrival THROUGHPUT: 0,00 (Mbps) By 64 ONUs
FINISHTIMEFL: 146,813243 
FINISHTIME: 149,813243 


fileName | IPACT_STRICTPRIORITYFIRSTAF_2_40_94_0 
