
ONU ID 	|  PLR(%) | Delay(ms) | Throughput(Mbps) | Granted Throughput(Mbps) | Total Load (Mbps) 

  ID |  PLR(%) |  D  | Thr |  Gates  |  Load  | PLR-EF | D-EF | ThrEF | LoadEF | PLR-AF | D-AF | ThrAF | LoadAF | PLR-BE | D-BE | ThrBE | LoadBE | PLR-FA | D-FA | ThrFA | LoadFA | DTFA |  PLR-FB | D-FB | ThrFB | LoadFB | DTFB | 
   1 | 14,75 | 300,225 | 755,88 | 886,67 | 760,14 |  0,00 | 1,408 | 44,35 | 44,35 |  0,00 | 41,607 | 366,27 | 366,27 | 36,81 | 1428,235 | 224,50 | 355,28 |  0,00 | 172,378 | 120,76 | 120,76 | 364,791 |   NaN | NaN | 0,00 | 0,00 | NaN
   2 | 14,59 | 290,722 | 755,70 | 884,84 | 760,02 |  0,00 | 1,420 | 44,35 | 44,35 |  0,00 | 10,112 | 358,19 | 358,19 | 35,72 | 1334,537 | 232,40 | 361,54 |  0,00 | 344,844 | 120,76 | 120,76 | 709,886 |   NaN | NaN | 0,00 | 0,00 | NaN
   3 | 15,10 | 294,302 | 756,01 | 890,52 | 760,29 |  0,00 | 1,356 | 44,35 | 44,35 |  0,00 | 14,324 | 364,47 | 364,47 | 37,27 | 1384,627 | 226,42 | 360,93 |  0,00 | 333,457 | 120,76 | 120,76 | 687,181 |   NaN | NaN | 0,00 | 0,00 | NaN
   4 | 15,24 | 300,268 | 754,88 | 890,63 | 759,15 |  0,00 | 1,362 | 44,35 | 44,35 |  0,00 | 52,674 | 367,72 | 367,72 | 37,94 | 1430,526 | 222,04 | 357,79 |  0,00 | 150,527 | 120,76 | 120,76 | 321,216 |   NaN | NaN | 0,00 | 0,00 | NaN
   5 | 14,38 | 285,470 | 755,76 | 882,74 | 760,04 |  0,00 | 1,388 | 44,35 | 44,35 |  0,00 | 8,517 | 360,46 | 360,46 | 35,55 | 1298,982 | 230,19 | 357,17 |  0,00 | 431,592 | 120,76 | 120,76 | 883,317 |   NaN | NaN | 0,00 | 0,00 | NaN
   6 | 15,14 | 289,986 | 756,33 | 891,25 | 760,60 |  0,00 | 1,336 | 44,35 | 44,35 |  0,00 | 10,028 | 364,68 | 364,68 | 37,33 | 1358,400 | 226,54 | 361,46 |  0,00 | 371,923 | 120,76 | 120,76 | 763,967 |   NaN | NaN | 0,00 | 0,00 | NaN
   7 | 14,64 | 296,010 | 755,59 | 885,15 | 759,85 |  0,00 | 1,355 | 44,35 | 44,35 |  0,00 | 35,334 | 359,91 | 359,91 | 35,98 | 1367,121 | 230,57 | 360,13 |  0,00 | 218,091 | 120,76 | 120,76 | 456,312 |   NaN | NaN | 0,00 | 0,00 | NaN
   8 | 15,26 | 292,957 | 755,71 | 891,78 | 760,00 |  0,00 | 1,405 | 44,35 | 44,35 |  0,00 | 10,702 | 361,81 | 361,81 | 37,29 | 1362,315 | 228,79 | 364,86 |  0,00 | 355,056 | 120,76 | 120,76 | 730,244 |   NaN | NaN | 0,00 | 0,00 | NaN
   9 | 14,88 | 295,637 | 755,89 | 888,05 | 760,12 |  0,00 | 1,344 | 44,35 | 44,35 |  0,00 | 22,078 | 363,52 | 363,52 | 36,77 | 1390,234 | 227,26 | 359,42 |  0,00 | 274,351 | 120,76 | 120,76 | 568,930 |   NaN | NaN | 0,00 | 0,00 | NaN
  10 | 14,68 | 299,401 | 756,02 | 886,05 | 760,29 |  0,00 | 1,405 | 44,35 | 44,35 |  0,00 | 49,482 | 361,84 | 361,84 | 36,21 | 1385,217 | 229,07 | 359,10 |  0,00 | 167,850 | 120,76 | 120,76 | 355,841 |   NaN | NaN | 0,00 | 0,00 | NaN
  11 | 13,91 | 275,678 | 755,48 | 877,51 | 759,77 |  0,00 | 1,345 | 44,35 | 44,35 |  0,00 | 3,411 | 353,69 | 353,69 | 34,02 | 1189,536 | 236,68 | 358,70 |  0,00 | 557,286 | 120,76 | 120,76 | 1134,671 |   NaN | NaN | 0,00 | 0,00 | NaN
  12 | 14,97 | 288,408 | 755,96 | 889,08 | 760,26 |  0,00 | 1,407 | 44,35 | 44,35 |  0,00 | 5,817 | 361,71 | 361,71 | 36,75 | 1337,776 | 229,14 | 362,27 |  0,00 | 384,190 | 120,76 | 120,76 | 788,563 |   NaN | NaN | 0,00 | 0,00 | NaN
  13 | 14,05 | 292,050 | 755,02 | 878,49 | 759,32 |  0,00 | 1,372 | 44,35 | 44,35 |  0,00 | 9,857 | 356,25 | 356,25 | 34,57 | 1333,298 | 233,65 | 357,12 |  0,00 | 345,243 | 120,76 | 120,76 | 710,610 |   NaN | NaN | 0,00 | 0,00 | NaN
  14 | 15,20 | 283,149 | 755,32 | 890,74 | 759,61 |  0,00 | 1,413 | 44,35 | 44,35 |  0,00 | 4,328 | 363,25 | 363,25 | 37,37 | 1313,271 | 226,96 | 362,38 |  0,00 | 427,147 | 120,76 | 120,76 | 874,362 |   NaN | NaN | 0,00 | 0,00 | NaN
  15 | 14,54 | 296,387 | 753,37 | 881,52 | 757,66 |  0,00 | 1,407 | 44,35 | 44,35 |  0,00 | 31,046 | 355,86 | 355,86 | 35,54 | 1360,931 | 232,39 | 360,54 |  0,00 | 222,463 | 120,76 | 120,76 | 465,034 |   NaN | NaN | 0,00 | 0,00 | NaN
  16 | 15,45 | 292,860 | 754,34 | 892,17 | 758,60 |  0,00 | 1,398 | 44,35 | 44,35 |  0,00 | 18,053 | 360,49 | 360,49 | 37,60 | 1364,273 | 228,74 | 366,57 |  0,00 | 303,160 | 120,76 | 120,76 | 626,491 |   NaN | NaN | 0,00 | 0,00 | NaN
  17 | 14,91 | 294,869 | 754,35 | 886,53 | 758,64 |  0,00 | 1,411 | 44,35 | 44,35 |  0,00 | 18,366 | 359,89 | 359,89 | 36,56 | 1371,955 | 229,34 | 361,52 |  0,00 | 293,386 | 120,76 | 120,76 | 606,852 |   NaN | NaN | 0,00 | 0,00 | NaN
  18 | 14,70 | 280,449 | 755,61 | 885,79 | 759,90 |  0,00 | 1,388 | 44,35 | 44,35 |  0,00 | 3,524 | 359,75 | 359,75 | 36,07 | 1233,949 | 230,75 | 360,93 |  0,00 | 591,496 | 120,76 | 120,76 | 1203,388 |   NaN | NaN | 0,00 | 0,00 | NaN
  19 | 14,05 | 280,716 | 755,22 | 878,69 | 759,48 |  0,00 | 1,379 | 44,35 | 44,35 |  0,00 | 4,404 | 355,02 | 355,02 | 34,44 | 1237,391 | 235,08 | 358,56 |  0,00 | 496,210 | 120,76 | 120,76 | 1012,555 |   NaN | NaN | 0,00 | 0,00 | NaN
  20 | 14,15 | 277,726 | 755,57 | 880,05 | 759,85 |  0,00 | 1,374 | 44,35 | 44,35 |  0,00 | 4,033 | 359,84 | 359,84 | 35,06 | 1227,496 | 230,62 | 355,10 |  0,00 | 565,274 | 120,76 | 120,76 | 1150,684 |   NaN | NaN | 0,00 | 0,00 | NaN
  21 | 13,67 | 296,281 | 755,03 | 874,58 | 759,30 |  0,00 | 1,379 | 44,35 | 44,35 |  0,00 | 38,623 | 356,33 | 356,33 | 33,85 | 1352,005 | 233,59 | 353,14 |  0,00 | 194,360 | 120,76 | 120,76 | 408,768 |   NaN | NaN | 0,00 | 0,00 | NaN
  22 | 15,44 | 288,825 | 755,61 | 893,53 | 759,92 |  0,00 | 1,418 | 44,35 | 44,35 |  0,00 | 7,278 | 370,31 | 370,31 | 38,51 | 1372,923 | 220,19 | 358,11 |  0,00 | 444,140 | 120,76 | 120,76 | 908,443 |   NaN | NaN | 0,00 | 0,00 | NaN
  23 | 15,01 | 282,092 | 755,22 | 888,56 | 759,50 |  0,00 | 1,400 | 44,35 | 44,35 |  0,00 | 3,999 | 362,05 | 362,05 | 36,90 | 1272,258 | 228,05 | 361,39 |  0,00 | 533,671 | 120,76 | 120,76 | 1087,422 |   NaN | NaN | 0,00 | 0,00 | NaN
  24 | 14,91 | 287,421 | 755,54 | 887,89 | 759,81 |  0,00 | 1,361 | 44,35 | 44,35 |  0,00 | 6,510 | 360,63 | 360,63 | 36,54 | 1338,534 | 229,80 | 362,15 |  0,00 | 345,264 | 120,76 | 120,76 | 710,658 |   NaN | NaN | 0,00 | 0,00 | NaN
  25 | 15,94 | 296,779 | 754,11 | 897,13 | 758,42 |  0,00 | 1,419 | 44,35 | 44,35 |  0,00 | 25,311 | 360,55 | 360,55 | 38,50 | 1392,137 | 228,45 | 371,46 |  0,00 | 237,083 | 120,76 | 120,76 | 494,362 |   NaN | NaN | 0,00 | 0,00 | NaN
  26 | 14,49 | 297,139 | 755,52 | 883,54 | 759,81 |  0,00 | 1,415 | 44,35 | 44,35 |  0,00 | 35,631 | 357,97 | 357,97 | 35,51 | 1362,225 | 232,44 | 360,46 |  0,00 | 213,920 | 120,76 | 120,76 | 447,977 |   NaN | NaN | 0,00 | 0,00 | NaN
  27 | 13,99 | 276,010 | 754,97 | 877,82 | 759,24 |  0,00 | 1,341 | 44,35 | 44,35 |  0,00 | 3,471 | 359,95 | 359,95 | 34,82 | 1214,269 | 229,91 | 352,76 |  0,00 | 596,595 | 120,76 | 120,76 | 1213,742 |   NaN | NaN | 0,00 | 0,00 | NaN
  28 | 14,12 | 282,063 | 754,46 | 878,55 | 758,75 |  0,00 | 1,408 | 44,35 | 44,35 |  0,00 | 4,713 | 359,65 | 359,65 | 35,07 | 1260,211 | 229,70 | 353,79 |  0,00 | 535,449 | 120,76 | 120,76 | 1090,954 |   NaN | NaN | 0,00 | 0,00 | NaN
  29 | 14,95 | 280,894 | 755,54 | 888,35 | 759,83 |  0,00 | 1,387 | 44,35 | 44,35 |  0,00 | 3,464 | 362,53 | 362,53 | 36,82 | 1262,671 | 227,89 | 360,71 |  0,00 | 550,926 | 120,76 | 120,76 | 1121,927 |   NaN | NaN | 0,00 | 0,00 | NaN
  30 | 13,85 | 277,982 | 755,99 | 877,53 | 760,30 |  0,00 | 1,418 | 44,35 | 44,35 |  0,00 | 3,115 | 354,50 | 354,50 | 33,96 | 1197,802 | 236,38 | 357,92 |  0,00 | 578,251 | 120,76 | 120,76 | 1176,631 |   NaN | NaN | 0,00 | 0,00 | NaN
  31 | 14,49 | 282,976 | 754,40 | 882,25 | 758,68 |  0,00 | 1,385 | 44,35 | 44,35 |  0,00 | 3,861 | 358,53 | 358,53 | 35,65 | 1260,169 | 230,75 | 358,61 |  0,00 | 533,718 | 120,76 | 120,76 | 1087,576 |   NaN | NaN | 0,00 | 0,00 | NaN
  32 | 14,13 | 280,900 | 756,15 | 880,63 | 760,44 |  0,00 | 1,341 | 44,35 | 44,35 |  0,00 | 4,707 | 356,08 | 356,08 | 34,63 | 1222,493 | 234,96 | 359,43 |  0,00 | 558,508 | 120,76 | 120,76 | 1137,048 |   NaN | NaN | 0,00 | 0,00 | NaN
  33 | 14,21 | 276,041 | 756,46 | 881,77 | 760,75 |  0,00 | 1,406 | 44,35 | 44,35 |  0,00 | 3,498 | 355,89 | 355,89 | 34,73 | 1194,318 | 235,46 | 360,77 |  0,00 | 569,621 | 120,76 | 120,76 | 1159,355 |   NaN | NaN | 0,00 | 0,00 | NaN
  34 | 13,56 | 274,989 | 756,34 | 874,99 | 760,63 |  0,00 | 1,398 | 44,35 | 44,35 |  0,00 | 2,643 | 357,93 | 357,93 | 33,71 | 1190,793 | 233,29 | 351,94 |  0,00 | 611,933 | 120,76 | 120,76 | 1244,653 |   NaN | NaN | 0,00 | 0,00 | NaN
  35 | 14,89 | 275,939 | 757,42 | 889,90 | 761,70 |  0,00 | 1,347 | 44,35 | 44,35 |  0,00 | 2,300 | 362,65 | 362,65 | 36,58 | 1211,768 | 229,66 | 362,14 |  0,00 | 625,898 | 120,76 | 120,76 | 1272,001 |   NaN | NaN | 0,00 | 0,00 | NaN
  36 | 14,06 | 276,686 | 754,71 | 878,20 | 759,01 |  0,00 | 1,400 | 44,35 | 44,35 |  0,00 | 2,677 | 352,37 | 352,37 | 34,24 | 1180,051 | 237,23 | 360,72 |  0,00 | 602,229 | 120,76 | 120,76 | 1225,085 |   NaN | NaN | 0,00 | 0,00 | NaN
  37 | 15,34 | 283,605 | 754,97 | 891,80 | 759,24 |  0,00 | 1,383 | 44,35 | 44,35 |  0,00 | 4,262 | 365,65 | 365,65 | 37,90 | 1293,582 | 224,20 | 361,04 |  0,00 | 558,569 | 120,76 | 120,76 | 1137,175 |   NaN | NaN | 0,00 | 0,00 | NaN
  38 | 14,42 | 281,928 | 756,36 | 883,76 | 760,64 |  0,00 | 1,374 | 44,35 | 44,35 |  0,00 | 4,611 | 360,98 | 360,98 | 35,62 | 1245,760 | 230,27 | 357,67 |  0,00 | 582,618 | 120,76 | 120,76 | 1185,357 |   NaN | NaN | 0,00 | 0,00 | NaN
  39 | 13,86 | 278,160 | 755,70 | 877,34 | 760,03 |  0,00 | 1,417 | 44,35 | 44,35 |  0,00 | 3,474 | 357,67 | 357,67 | 34,31 | 1218,038 | 232,92 | 354,56 |  0,00 | 568,250 | 120,76 | 120,76 | 1156,473 |   NaN | NaN | 0,00 | 0,00 | NaN
  40 | 13,99 | 274,520 | 754,15 | 876,79 | 758,45 |  0,00 | 1,417 | 44,35 | 44,35 |  0,00 | 3,138 | 356,35 | 356,35 | 34,51 | 1192,060 | 232,69 | 355,33 |  0,00 | 595,155 | 120,76 | 120,76 | 1210,774 |   NaN | NaN | 0,00 | 0,00 | NaN
  41 | 15,12 | 284,456 | 754,56 | 888,93 | 758,83 |  0,00 | 1,400 | 44,35 | 44,35 |  0,00 | 4,766 | 359,12 | 359,12 | 36,85 | 1266,618 | 230,32 | 364,69 |  0,00 | 542,946 | 120,76 | 120,76 | 1105,935 |   NaN | NaN | 0,00 | 0,00 | NaN
  42 | 14,90 | 283,417 | 756,00 | 888,37 | 760,28 |  0,00 | 1,346 | 44,35 | 44,35 |  0,00 | 4,459 | 360,28 | 360,28 | 36,47 | 1259,989 | 230,61 | 362,98 |  0,00 | 550,968 | 120,76 | 120,76 | 1121,976 |   NaN | NaN | 0,00 | 0,00 | NaN
  43 | 15,11 | 281,543 | 755,67 | 890,14 | 759,96 |  0,00 | 1,425 | 44,35 | 44,35 |  0,00 | 3,219 | 361,60 | 361,60 | 37,00 | 1255,994 | 228,95 | 363,42 |  0,00 | 568,076 | 120,76 | 120,76 | 1156,251 |   NaN | NaN | 0,00 | 0,00 | NaN
  44 | 15,35 | 284,020 | 755,83 | 892,93 | 760,09 |  0,00 | 1,337 | 44,35 | 44,35 |  0,00 | 4,014 | 360,34 | 360,34 | 37,31 | 1268,014 | 230,38 | 367,47 |  0,00 | 539,954 | 120,76 | 120,76 | 1100,032 |   NaN | NaN | 0,00 | 0,00 | NaN
  45 | 15,13 | 276,225 | 754,15 | 888,63 | 758,46 |  0,00 | 1,421 | 44,35 | 44,35 |  0,00 | 4,634 | 367,55 | 367,55 | 37,78 | 1272,074 | 221,49 | 355,97 |  0,00 | 549,436 | 120,76 | 120,76 | 1118,836 |   NaN | NaN | 0,00 | 0,00 | NaN
  46 | 14,24 | 274,885 | 755,76 | 881,24 | 760,04 |  0,00 | 1,360 | 44,35 | 44,35 |  0,00 | 3,451 | 354,45 | 354,45 | 34,69 | 1185,909 | 236,20 | 361,68 |  0,00 | 565,349 | 120,76 | 120,76 | 1150,808 |   NaN | NaN | 0,00 | 0,00 | NaN
  47 | 13,80 | 281,250 | 756,13 | 877,15 | 760,40 |  0,00 | 1,358 | 44,35 | 44,35 |  0,00 | 3,862 | 359,25 | 359,25 | 34,30 | 1249,671 | 231,77 | 352,79 |  0,00 | 530,762 | 120,76 | 120,76 | 1081,630 |   NaN | NaN | 0,00 | 0,00 | NaN
  48 | 13,93 | 279,636 | 755,39 | 877,59 | 759,66 |  0,00 | 1,388 | 44,35 | 44,35 |  0,00 | 3,449 | 356,39 | 356,39 | 34,32 | 1227,663 | 233,88 | 356,09 |  0,00 | 539,964 | 120,76 | 120,76 | 1099,977 |   NaN | NaN | 0,00 | 0,00 | NaN
  49 | 13,84 | 281,290 | 754,97 | 876,26 | 759,24 |  0,00 | 1,400 | 44,35 | 44,35 |  0,00 | 3,614 | 355,59 | 355,59 | 34,11 | 1235,610 | 234,27 | 355,56 |  0,00 | 530,692 | 120,76 | 120,76 | 1081,468 |   NaN | NaN | 0,00 | 0,00 | NaN
  50 | 14,46 | 279,339 | 754,65 | 882,22 | 758,93 |  0,00 | 1,354 | 44,35 | 44,35 |  0,00 | 3,864 | 360,80 | 360,80 | 35,80 | 1244,202 | 228,74 | 356,31 |  0,00 | 568,246 | 120,76 | 120,76 | 1156,595 |   NaN | NaN | 0,00 | 0,00 | NaN
  51 | 14,13 | 283,250 | 755,66 | 880,00 | 759,93 |  0,00 | 1,352 | 44,35 | 44,35 |  0,00 | 4,447 | 355,46 | 355,46 | 34,59 | 1236,768 | 235,09 | 359,43 |  0,00 | 543,743 | 120,76 | 120,76 | 1107,522 |   NaN | NaN | 0,00 | 0,00 | NaN
  52 | 14,42 | 279,582 | 755,38 | 882,62 | 759,67 |  0,00 | 1,379 | 44,35 | 44,35 |  0,00 | 3,920 | 355,07 | 355,07 | 35,11 | 1218,216 | 235,19 | 362,44 |  0,00 | 546,650 | 120,76 | 120,76 | 1113,394 |   NaN | NaN | 0,00 | 0,00 | NaN
  53 | 14,72 | 279,579 | 755,07 | 885,43 | 759,36 |  0,00 | 1,366 | 44,35 | 44,35 |  0,00 | 3,520 | 358,18 | 358,18 | 36,00 | 1232,453 | 231,78 | 362,14 |  0,00 | 560,319 | 120,76 | 120,76 | 1140,731 |   NaN | NaN | 0,00 | 0,00 | NaN
  54 | 13,71 | 280,703 | 755,44 | 875,47 | 759,71 |  0,00 | 1,369 | 44,35 | 44,35 |  0,00 | 4,581 | 358,96 | 358,96 | 34,16 | 1241,603 | 231,37 | 351,40 |  0,00 | 549,438 | 120,76 | 120,76 | 1119,081 |   NaN | NaN | 0,00 | 0,00 | NaN
  55 | 14,41 | 282,326 | 756,32 | 883,66 | 760,60 |  0,00 | 1,354 | 44,35 | 44,35 |  0,00 | 3,272 | 357,33 | 357,33 | 35,25 | 1230,975 | 233,88 | 361,21 |  0,00 | 582,497 | 120,76 | 120,76 | 1185,318 |   NaN | NaN | 0,00 | 0,00 | NaN
  56 | 13,89 | 280,146 | 755,03 | 876,83 | 759,30 |  0,00 | 1,359 | 44,35 | 44,35 |  0,00 | 3,851 | 358,41 | 358,41 | 34,48 | 1240,894 | 231,50 | 353,31 |  0,00 | 541,254 | 120,76 | 120,76 | 1102,529 |   NaN | NaN | 0,00 | 0,00 | NaN
  57 | 14,30 | 279,520 | 756,28 | 882,45 | 760,56 |  0,00 | 1,356 | 44,35 | 44,35 |  0,00 | 3,619 | 357,30 | 357,30 | 35,05 | 1229,899 | 233,86 | 360,03 |  0,00 | 533,811 | 120,76 | 120,76 | 1087,644 |   NaN | NaN | 0,00 | 0,00 | NaN
  58 | 14,53 | 285,125 | 755,55 | 884,00 | 759,85 |  0,00 | 1,385 | 44,35 | 44,35 |  0,00 | 4,204 | 360,47 | 360,47 | 35,84 | 1275,604 | 229,97 | 358,41 |  0,00 | 535,301 | 120,76 | 120,76 | 1090,734 |   NaN | NaN | 0,00 | 0,00 | NaN
  59 | 15,05 | 278,300 | 756,76 | 890,80 | 761,03 |  0,00 | 1,404 | 44,35 | 44,35 |  0,00 | 3,016 | 358,45 | 358,45 | 36,50 | 1207,314 | 233,19 | 367,23 |  0,00 | 608,672 | 120,76 | 120,76 | 1237,837 |   NaN | NaN | 0,00 | 0,00 | NaN
  60 | 14,58 | 282,001 | 755,47 | 884,39 | 759,76 |  0,00 | 1,339 | 44,35 | 44,35 |  0,00 | 4,470 | 360,55 | 360,55 | 35,94 | 1258,556 | 229,81 | 358,73 |  0,00 | 542,777 | 120,76 | 120,76 | 1105,664 |   NaN | NaN | 0,00 | 0,00 | NaN
  61 | 15,15 | 283,343 | 755,41 | 890,33 | 759,68 |  0,00 | 1,361 | 44,35 | 44,35 |  0,00 | 4,569 | 362,87 | 362,87 | 37,23 | 1272,777 | 227,43 | 362,35 |  0,00 | 562,437 | 120,76 | 120,76 | 1145,004 |   NaN | NaN | 0,00 | 0,00 | NaN
  62 | 14,82 | 284,380 | 755,54 | 886,94 | 759,87 |  0,00 | 1,423 | 44,35 | 44,35 |  0,00 | 4,212 | 359,60 | 359,60 | 36,28 | 1266,651 | 230,83 | 362,23 |  0,00 | 539,821 | 120,76 | 120,76 | 1099,740 |   NaN | NaN | 0,00 | 0,00 | NaN
  63 | 14,89 | 281,419 | 754,90 | 887,01 | 759,17 |  0,00 | 1,378 | 44,35 | 44,35 |  0,00 | 3,416 | 362,97 | 362,97 | 36,81 | 1262,745 | 226,82 | 358,93 |  0,00 | 578,189 | 120,76 | 120,76 | 1176,563 |   NaN | NaN | 0,00 | 0,00 | NaN
  64 | 13,84 | 274,525 | 754,44 | 875,65 | 758,74 |  0,00 | 1,421 | 44,35 | 44,35 |  0,00 | 3,619 | 356,30 | 356,30 | 34,22 | 1202,684 | 233,03 | 354,23 |  0,00 | 549,363 | 120,76 | 120,76 | 1118,805 |   NaN | NaN | 0,00 | 0,00 | NaN

= = = = = = = = = = = = AVERAGE RESULTS system = = = = = = = = = = = =
meanPLR_system | 14,566145 
meanDelay_system | 284,355648 
meanLoad_system | 884,253543 
meanTHR_system | 755,422128 
meanGate_system | 759,705381 

meanPLR_EF_system | 0,000000 
meanPLR_AF_system | 0,000000 
meanPLR_BE_system | 35,832976 
meanPLR_FLA_system | 0,000000 
meanPLR_FLB_system | NaN 

meanTHR_EF_system | 44,352004 
meanTHR_AF_system | 359,694719 
meanTHR_BE_system | 230,614222 
meanTHR_FLA_system | 123,886320 
meanTHR_FLB_system | 0,000000 

meanLoad_EF_system | 44,352004 
meanLoad_AF_system | 359,694719 
meanLoad_BE_system | 359,445637 
meanLoad_FLA_system | 123,886320 
meanLoad_FLB_system | 0,000000 

meanDELAY_EF_system | 1,383150 
meanDELAY_AF_system | 9,672296 
meanDELAY_BE_system | 1277,922243 
meanDELAY_FLA_system | 473,480378 
meanDELAY_FLB_system | NaN 
meanDELAY_CompleteFLA_system | 967,114859 
meanDELAY_CompleteFLB_system | NaN 

= = = = = = = = = = = = AVERAGE RESULTS = = = = = = = = = = = =
Packet Loss Ratio: 14,57 (%)
PROCESSED PACKAGES: 1385463758 
DISCARTED PACKAGES: 153487227 
TOTAL PACKAGES: 1538950985 
AVERAGE DELAY: 51760,78 (ms) 
AVERAGE THROUGHPUT: 755,42 (Mbps) 
GRANTED THROUGHPUT: 48621,14 (Mbps) By 64 ONUs
EFFECTIVE THROUGHPUT: 48347,02 (Mbps) By 64 ONUs
TOTAL LOAD: 56592,23 (Mbps) By 64 ONUs
ON Arrival THROUGHPUT: 0,00 (Mbps) By 64 ONUs
FINISHTIMEFL: 115,925632 
FINISHTIME: 118,925632 


fileName | IPACT_LBCONSTANTTOKENSBYCYCLE_1_68_96_0 
