
ONU ID 	|  PLR(%) | Delay(ms) | Throughput(Mbps) | Granted Throughput(Mbps) | Total Load (Mbps) 

  ID |  PLR(%) |  D  | Thr |  Gates  |  Load  | PLR-EF | D-EF | ThrEF | LoadEF | PLR-AF | D-AF | ThrAF | LoadAF | PLR-BE | D-BE | ThrBE | LoadBE | PLR-FA | D-FA | ThrFA | LoadFA | DTFA |  PLR-FB | D-FB | ThrFB | LoadFB | DTFB | 
   1 | 10,72 | 294,681 | 752,22 | 842,54 | 757,54 |  0,00 | 1,408 | 44,35 | 44,35 |  0,00 | 52,286 | 343,21 | 343,21 | 27,15 | 1288,930 | 242,35 | 332,67 |  0,00 | 139,205 | 122,31 | 122,31 | 300,398 |   NaN | NaN | 0,00 | 0,00 | NaN
   2 | 10,46 | 284,018 | 753,52 | 841,57 | 758,44 |  0,00 | 1,420 | 44,35 | 44,35 |  0,00 | 43,691 | 336,07 | 336,07 | 25,99 | 1205,791 | 250,79 | 338,84 |  0,00 | 159,302 | 122,31 | 122,31 | 463,562 |   NaN | NaN | 0,00 | 0,00 | NaN
   3 | 10,97 | 289,348 | 753,36 | 846,17 | 758,28 |  0,00 | 1,356 | 44,35 | 44,35 |  0,00 | 48,995 | 341,08 | 341,08 | 27,42 | 1248,660 | 245,62 | 338,42 |  0,00 | 156,992 | 122,31 | 122,31 | 447,372 |   NaN | NaN | 0,00 | 0,00 | NaN
   4 | 11,15 | 290,282 | 752,60 | 847,07 | 757,92 |  0,00 | 1,362 | 44,35 | 44,35 |  0,00 | 57,171 | 345,07 | 345,07 | 28,17 | 1268,614 | 240,87 | 335,33 |  0,00 | 139,077 | 122,31 | 122,31 | 298,380 |   NaN | NaN | 0,00 | 0,00 | NaN
   5 |  9,99 | 283,958 | 754,90 | 838,67 | 759,29 |  0,00 | 1,387 | 44,35 | 44,35 |  0,00 | 32,262 | 337,53 | 337,53 | 25,05 | 1208,987 | 250,71 | 334,48 |  0,00 | 210,519 | 122,31 | 122,31 | 656,380 |   NaN | NaN | 0,00 | 0,00 | NaN
   6 | 10,85 | 289,487 | 755,15 | 847,03 | 759,83 |  0,00 | 1,335 | 44,35 | 44,35 |  0,00 | 38,776 | 341,20 | 341,20 | 27,09 | 1252,226 | 247,28 | 339,16 |  0,00 | 175,326 | 122,31 | 122,31 | 530,291 |   NaN | NaN | 0,00 | 0,00 | NaN
   7 | 10,45 | 293,011 | 753,72 | 841,67 | 759,04 |  0,00 | 1,354 | 44,35 | 44,35 |  0,00 | 51,319 | 337,99 | 337,99 | 26,10 | 1250,512 | 249,07 | 337,02 |  0,00 | 139,367 | 122,31 | 122,31 | 308,449 |   NaN | NaN | 0,00 | 0,00 | NaN
   8 | 11,11 | 294,246 | 752,75 | 846,84 | 757,53 |  0,00 | 1,404 | 44,35 | 44,35 |  0,00 | 41,174 | 338,16 | 338,16 | 27,51 | 1267,605 | 247,93 | 342,02 |  0,00 | 167,225 | 122,31 | 122,31 | 497,771 |   NaN | NaN | 0,00 | 0,00 | NaN
   9 | 10,59 | 291,760 | 755,07 | 844,48 | 760,22 |  0,00 | 1,344 | 44,35 | 44,35 |  0,00 | 53,954 | 341,16 | 341,16 | 26,56 | 1249,323 | 247,24 | 336,65 |  0,00 | 144,771 | 122,31 | 122,31 | 371,250 |   NaN | NaN | 0,00 | 0,00 | NaN
  10 | 10,35 | 290,567 | 754,84 | 841,98 | 760,17 |  0,00 | 1,405 | 44,35 | 44,35 |  0,00 | 57,147 | 338,89 | 338,89 | 25,90 | 1230,838 | 249,28 | 336,42 |  0,00 | 139,182 | 122,31 | 122,31 | 299,576 |   NaN | NaN | 0,00 | 0,00 | NaN
  11 |  9,65 | 279,466 | 753,92 | 834,46 | 758,20 |  0,00 | 1,344 | 44,35 | 44,35 |  0,00 | 11,593 | 331,50 | 331,50 | 23,95 | 1170,835 | 255,76 | 336,30 |  0,00 | 293,099 | 122,31 | 122,31 | 906,436 |   NaN | NaN | 0,00 | 0,00 | NaN
  12 | 10,66 | 292,506 | 755,30 | 845,43 | 759,93 |  0,00 | 1,407 | 44,35 | 44,35 |  0,00 | 38,216 | 338,81 | 338,81 | 26,51 | 1252,448 | 249,82 | 339,96 |  0,00 | 182,033 | 122,31 | 122,31 | 560,365 |   NaN | NaN | 0,00 | 0,00 | NaN
  13 |  9,71 | 287,483 | 753,85 | 834,90 | 758,63 |  0,00 | 1,371 | 44,35 | 44,35 |  0,00 | 45,298 | 333,30 | 333,30 | 24,20 | 1203,382 | 253,89 | 334,93 |  0,00 | 166,547 | 122,31 | 122,31 | 492,657 |   NaN | NaN | 0,00 | 0,00 | NaN
  14 | 10,94 | 287,738 | 754,38 | 847,05 | 758,79 |  0,00 | 1,413 | 44,35 | 44,35 |  0,00 | 30,901 | 340,78 | 340,78 | 27,29 | 1245,945 | 246,94 | 339,61 |  0,00 | 211,040 | 122,31 | 122,31 | 658,037 |   NaN | NaN | 0,00 | 0,00 | NaN
  15 | 10,37 | 293,026 | 752,49 | 839,58 | 757,78 |  0,00 | 1,407 | 44,35 | 44,35 |  0,00 | 56,535 | 333,91 | 333,91 | 25,69 | 1228,668 | 251,91 | 339,01 |  0,00 | 139,808 | 122,31 | 122,31 | 321,827 |   NaN | NaN | 0,00 | 0,00 | NaN
  16 | 11,19 | 295,140 | 754,49 | 849,54 | 759,58 |  0,00 | 1,398 | 44,35 | 44,35 |  0,00 | 52,493 | 339,17 | 339,17 | 27,66 | 1258,938 | 248,65 | 343,70 |  0,00 | 148,734 | 122,31 | 122,31 | 401,016 |   NaN | NaN | 0,00 | 0,00 | NaN
  17 | 10,71 | 292,175 | 753,85 | 844,26 | 758,96 |  0,00 | 1,411 | 44,35 | 44,35 |  0,00 | 47,206 | 338,10 | 338,10 | 26,63 | 1249,620 | 249,09 | 339,50 |  0,00 | 148,486 | 122,31 | 122,31 | 396,369 |   NaN | NaN | 0,00 | 0,00 | NaN
  18 | 10,34 | 282,241 | 754,89 | 841,92 | 759,18 |  0,00 | 1,388 | 44,35 | 44,35 |  0,00 | 9,554 | 337,30 | 337,30 | 25,75 | 1204,336 | 250,93 | 337,95 |  0,00 | 312,938 | 122,31 | 122,31 | 966,902 |   NaN | NaN | 0,00 | 0,00 | NaN
  19 |  9,63 | 284,271 | 755,49 | 835,97 | 759,76 |  0,00 | 1,378 | 44,35 | 44,35 |  0,00 | 25,090 | 332,73 | 332,73 | 23,91 | 1188,880 | 256,10 | 336,58 |  0,00 | 238,864 | 122,31 | 122,31 | 743,726 |   NaN | NaN | 0,00 | 0,00 | NaN
  20 |  9,79 | 277,715 | 755,03 | 836,94 | 759,31 |  0,00 | 1,374 | 44,35 | 44,35 |  0,00 | 12,825 | 337,36 | 337,36 | 24,60 | 1182,776 | 251,01 | 332,93 |  0,00 | 299,342 | 122,31 | 122,31 | 925,179 |   NaN | NaN | 0,00 | 0,00 | NaN
  21 |  9,57 | 282,536 | 751,72 | 831,25 | 756,96 |  0,00 | 1,378 | 44,35 | 44,35 |  0,00 | 53,333 | 333,34 | 333,34 | 24,01 | 1185,887 | 251,72 | 331,25 |  0,00 | 139,162 | 122,31 | 122,31 | 306,849 |   NaN | NaN | 0,00 | 0,00 | NaN
  22 | 10,99 | 289,851 | 755,39 | 848,65 | 759,80 |  0,00 | 1,417 | 44,35 | 44,35 |  0,00 | 32,156 | 346,15 | 346,15 | 27,77 | 1274,229 | 242,57 | 335,84 |  0,00 | 221,654 | 122,31 | 122,31 | 691,231 |   NaN | NaN | 0,00 | 0,00 | NaN
  23 | 10,83 | 282,203 | 753,71 | 845,24 | 758,00 |  0,00 | 1,399 | 44,35 | 44,35 |  0,00 | 18,006 | 339,50 | 339,50 | 26,99 | 1216,944 | 247,55 | 339,08 |  0,00 | 276,743 | 122,31 | 122,31 | 857,382 |   NaN | NaN | 0,00 | 0,00 | NaN
  24 | 10,65 | 294,280 | 754,32 | 844,21 | 759,16 |  0,00 | 1,361 | 44,35 | 44,35 |  0,00 | 44,761 | 338,14 | 338,14 | 26,48 | 1257,680 | 249,53 | 339,41 |  0,00 | 162,443 | 122,31 | 122,31 | 471,014 |   NaN | NaN | 0,00 | 0,00 | NaN
  25 | 11,80 | 296,174 | 753,11 | 853,84 | 758,37 |  0,00 | 1,418 | 44,35 | 44,35 |  0,00 | 55,735 | 338,05 | 338,05 | 28,85 | 1261,607 | 248,39 | 349,13 |  0,00 | 140,353 | 122,31 | 122,31 | 335,642 |   NaN | NaN | 0,00 | 0,00 | NaN
  26 | 10,33 | 286,882 | 754,07 | 840,90 | 759,38 |  0,00 | 1,415 | 44,35 | 44,35 |  0,00 | 54,803 | 336,23 | 336,23 | 25,69 | 1208,232 | 251,17 | 338,01 |  0,00 | 139,368 | 122,31 | 122,31 | 316,874 |   NaN | NaN | 0,00 | 0,00 | NaN
  27 |  9,58 | 280,163 | 755,32 | 835,37 | 759,59 |  0,00 | 1,341 | 44,35 | 44,35 |  0,00 | 10,959 | 337,53 | 337,53 | 24,17 | 1191,052 | 251,13 | 331,18 |  0,00 | 317,541 | 122,31 | 122,31 | 981,178 |   NaN | NaN | 0,00 | 0,00 | NaN
  28 |  9,89 | 282,837 | 753,26 | 835,95 | 757,54 |  0,00 | 1,407 | 44,35 | 44,35 |  0,00 | 14,006 | 337,10 | 337,10 | 24,89 | 1214,889 | 249,50 | 332,19 |  0,00 | 280,108 | 122,31 | 122,31 | 867,330 |   NaN | NaN | 0,00 | 0,00 | NaN
  29 | 10,49 | 280,730 | 756,09 | 844,66 | 760,37 |  0,00 | 1,387 | 44,35 | 44,35 |  0,00 | 16,427 | 340,10 | 340,10 | 26,21 | 1203,897 | 249,33 | 337,90 |  0,00 | 285,437 | 122,31 | 122,31 | 883,448 |   NaN | NaN | 0,00 | 0,00 | NaN
  30 |  9,41 | 285,004 | 755,62 | 834,09 | 759,94 |  0,00 | 1,417 | 44,35 | 44,35 |  0,00 | 13,850 | 332,33 | 332,33 | 23,42 | 1187,611 | 256,63 | 335,09 |  0,00 | 304,874 | 122,31 | 122,31 | 941,867 |   NaN | NaN | 0,00 | 0,00 | NaN
  31 | 10,17 | 283,266 | 753,93 | 839,24 | 758,17 |  0,00 | 1,384 | 44,35 | 44,35 |  0,00 | 14,097 | 336,51 | 336,51 | 25,39 | 1209,606 | 250,76 | 336,07 |  0,00 | 285,610 | 122,31 | 122,31 | 883,852 |   NaN | NaN | 0,00 | 0,00 | NaN
  32 |  9,80 | 281,099 | 754,38 | 836,30 | 758,65 |  0,00 | 1,341 | 44,35 | 44,35 |  0,00 | 14,445 | 333,71 | 333,71 | 24,39 | 1184,083 | 254,01 | 335,93 |  0,00 | 287,781 | 122,31 | 122,31 | 890,318 |   NaN | NaN | 0,00 | 0,00 | NaN
  33 |  9,83 | 279,300 | 756,16 | 838,61 | 760,43 |  0,00 | 1,406 | 44,35 | 44,35 |  0,00 | 11,104 | 333,34 | 333,34 | 24,35 | 1169,153 | 256,16 | 338,61 |  0,00 | 299,786 | 122,31 | 122,31 | 926,594 |   NaN | NaN | 0,00 | 0,00 | NaN
  34 |  9,29 | 277,988 | 754,83 | 832,09 | 759,10 |  0,00 | 1,397 | 44,35 | 44,35 |  0,00 | 10,068 | 335,46 | 335,46 | 23,42 | 1174,803 | 252,71 | 329,97 |  0,00 | 316,766 | 122,31 | 122,31 | 979,372 |   NaN | NaN | 0,00 | 0,00 | NaN
  35 | 10,57 | 277,255 | 756,30 | 845,69 | 760,58 |  0,00 | 1,346 | 44,35 | 44,35 |  0,00 | 6,419 | 339,93 | 339,93 | 26,36 | 1184,872 | 249,71 | 339,09 |  0,00 | 344,124 | 122,31 | 122,31 | 1061,217 |   NaN | NaN | 0,00 | 0,00 | NaN
  36 |  9,70 | 280,527 | 755,28 | 836,38 | 759,59 |  0,00 | 1,399 | 44,35 | 44,35 |  0,00 | 8,614 | 331,30 | 331,30 | 23,96 | 1167,207 | 257,32 | 338,43 |  0,00 | 318,287 | 122,31 | 122,31 | 983,355 |   NaN | NaN | 0,00 | 0,00 | NaN
  37 | 10,99 | 284,627 | 755,67 | 848,98 | 759,96 |  0,00 | 1,382 | 44,35 | 44,35 |  0,00 | 11,879 | 343,64 | 343,64 | 27,55 | 1244,967 | 245,37 | 338,68 |  0,00 | 294,860 | 122,31 | 122,31 | 911,611 |   NaN | NaN | 0,00 | 0,00 | NaN
  38 | 10,03 | 276,210 | 756,16 | 840,47 | 760,44 |  0,00 | 1,374 | 44,35 | 44,35 |  0,00 | 13,190 | 339,16 | 339,16 | 25,19 | 1174,864 | 250,34 | 334,65 |  0,00 | 317,526 | 122,31 | 122,31 | 979,803 |   NaN | NaN | 0,00 | 0,00 | NaN
  39 |  9,56 | 283,322 | 753,63 | 833,29 | 757,95 |  0,00 | 1,417 | 44,35 | 44,35 |  0,00 | 13,648 | 334,31 | 334,31 | 23,97 | 1198,025 | 252,66 | 332,32 |  0,00 | 297,211 | 122,31 | 122,31 | 918,900 |   NaN | NaN | 0,00 | 0,00 | NaN
  40 |  9,72 | 277,727 | 754,06 | 835,26 | 758,37 |  0,00 | 1,417 | 44,35 | 44,35 |  0,00 | 9,813 | 334,74 | 334,74 | 24,32 | 1174,102 | 252,65 | 333,86 |  0,00 | 314,252 | 122,31 | 122,31 | 970,867 |   NaN | NaN | 0,00 | 0,00 | NaN
  41 | 10,95 | 285,986 | 753,33 | 845,99 | 757,61 |  0,00 | 1,400 | 44,35 | 44,35 |  0,00 | 16,616 | 337,08 | 337,08 | 27,08 | 1225,332 | 249,58 | 342,25 |  0,00 | 279,507 | 122,31 | 122,31 | 865,518 |   NaN | NaN | 0,00 | 0,00 | NaN
  42 | 10,73 | 285,951 | 753,09 | 843,65 | 757,36 |  0,00 | 1,346 | 44,35 | 44,35 |  0,00 | 14,584 | 337,33 | 337,33 | 26,66 | 1229,021 | 249,10 | 339,66 |  0,00 | 285,444 | 122,31 | 122,31 | 883,434 |   NaN | NaN | 0,00 | 0,00 | NaN
  43 | 10,77 | 286,678 | 754,62 | 845,67 | 758,91 |  0,00 | 1,424 | 44,35 | 44,35 |  0,00 | 11,618 | 338,16 | 338,16 | 26,71 | 1233,743 | 249,80 | 340,85 |  0,00 | 287,780 | 122,31 | 122,31 | 890,508 |   NaN | NaN | 0,00 | 0,00 | NaN
  44 | 11,06 | 285,551 | 754,77 | 848,67 | 759,01 |  0,00 | 1,336 | 44,35 | 44,35 |  0,00 | 16,075 | 338,68 | 338,68 | 27,35 | 1225,680 | 249,43 | 343,33 |  0,00 | 282,195 | 122,31 | 122,31 | 873,632 |   NaN | NaN | 0,00 | 0,00 | NaN
  45 | 10,81 | 287,316 | 754,58 | 846,07 | 758,90 |  0,00 | 1,421 | 44,35 | 44,35 |  0,00 | 15,078 | 345,35 | 345,35 | 27,39 | 1268,539 | 242,57 | 334,06 |  0,00 | 287,793 | 122,31 | 122,31 | 890,474 |   NaN | NaN | 0,00 | 0,00 | NaN
  46 | 10,04 | 276,895 | 753,38 | 837,44 | 757,65 |  0,00 | 1,360 | 44,35 | 44,35 |  0,00 | 9,629 | 332,28 | 332,28 | 24,83 | 1165,507 | 254,43 | 338,49 |  0,00 | 299,637 | 122,31 | 122,31 | 925,899 |   NaN | NaN | 0,00 | 0,00 | NaN
  47 |  9,33 | 281,991 | 755,87 | 833,69 | 760,14 |  0,00 | 1,358 | 44,35 | 44,35 |  0,00 | 14,631 | 336,84 | 336,84 | 23,57 | 1199,986 | 252,37 | 330,18 |  0,00 | 276,593 | 122,31 | 122,31 | 856,889 |   NaN | NaN | 0,00 | 0,00 | NaN
  48 |  9,68 | 274,029 | 753,18 | 833,91 | 757,43 |  0,00 | 1,387 | 44,35 | 44,35 |  0,00 | 13,264 | 333,26 | 333,26 | 24,17 | 1157,850 | 253,26 | 333,98 |  0,00 | 281,600 | 122,31 | 122,31 | 871,786 |   NaN | NaN | 0,00 | 0,00 | NaN
  49 |  9,40 | 282,911 | 754,86 | 833,15 | 759,16 |  0,00 | 1,400 | 44,35 | 44,35 |  0,00 | 15,793 | 333,09 | 333,09 | 23,48 | 1189,780 | 255,10 | 333,39 |  0,00 | 273,382 | 122,31 | 122,31 | 847,262 |   NaN | NaN | 0,00 | 0,00 | NaN
  50 | 10,06 | 284,062 | 754,90 | 839,30 | 759,16 |  0,00 | 1,354 | 44,35 | 44,35 |  0,00 | 12,990 | 338,58 | 338,58 | 25,27 | 1217,159 | 249,65 | 334,06 |  0,00 | 301,703 | 122,31 | 122,31 | 932,050 |   NaN | NaN | 0,00 | 0,00 | NaN
  51 |  9,83 | 282,545 | 754,17 | 836,37 | 758,43 |  0,00 | 1,352 | 44,35 | 44,35 |  0,00 | 15,706 | 333,35 | 333,35 | 24,44 | 1189,458 | 254,15 | 336,35 |  0,00 | 283,475 | 122,31 | 122,31 | 877,434 |   NaN | NaN | 0,00 | 0,00 | NaN
  52 | 10,10 | 285,646 | 754,37 | 839,11 | 758,64 |  0,00 | 1,378 | 44,35 | 44,35 |  0,00 | 14,125 | 333,13 | 333,13 | 24,97 | 1202,720 | 254,57 | 339,31 |  0,00 | 286,004 | 122,31 | 122,31 | 885,025 |   NaN | NaN | 0,00 | 0,00 | NaN
  53 | 10,41 | 289,154 | 754,41 | 842,05 | 758,70 |  0,00 | 1,366 | 44,35 | 44,35 |  0,00 | 10,887 | 335,90 | 335,90 | 25,82 | 1233,456 | 251,85 | 339,49 |  0,00 | 298,045 | 122,31 | 122,31 | 921,188 |   NaN | NaN | 0,00 | 0,00 | NaN
  54 |  9,43 | 282,016 | 755,01 | 833,59 | 759,29 |  0,00 | 1,368 | 44,35 | 44,35 |  0,00 | 16,039 | 337,13 | 337,13 | 23,83 | 1198,417 | 251,21 | 329,80 |  0,00 | 294,121 | 122,31 | 122,31 | 909,415 |   NaN | NaN | 0,00 | 0,00 | NaN
  55 | 10,00 | 284,018 | 756,25 | 840,29 | 760,53 |  0,00 | 1,353 | 44,35 | 44,35 |  0,00 | 10,800 | 335,43 | 335,43 | 24,85 | 1199,831 | 254,16 | 338,20 |  0,00 | 303,006 | 122,31 | 122,31 | 936,714 |   NaN | NaN | 0,00 | 0,00 | NaN
  56 |  9,66 | 279,275 | 753,20 | 833,71 | 757,46 |  0,00 | 1,359 | 44,35 | 44,35 |  0,00 | 14,628 | 335,14 | 335,14 | 24,26 | 1191,656 | 251,40 | 331,91 |  0,00 | 270,798 | 122,31 | 122,31 | 839,453 |   NaN | NaN | 0,00 | 0,00 | NaN
  57 |  9,84 | 279,402 | 755,46 | 837,91 | 759,74 |  0,00 | 1,356 | 44,35 | 44,35 |  0,00 | 15,671 | 334,94 | 334,94 | 24,52 | 1179,727 | 253,86 | 336,31 |  0,00 | 275,005 | 122,31 | 122,31 | 852,106 |   NaN | NaN | 0,00 | 0,00 | NaN
  58 | 10,27 | 283,170 | 754,05 | 840,40 | 758,34 |  0,00 | 1,385 | 44,35 | 44,35 |  0,00 | 12,841 | 338,20 | 338,20 | 25,73 | 1220,438 | 249,18 | 335,53 |  0,00 | 279,009 | 122,31 | 122,31 | 863,993 |   NaN | NaN | 0,00 | 0,00 | NaN
  59 | 10,63 | 281,876 | 756,34 | 846,34 | 760,62 |  0,00 | 1,404 | 44,35 | 44,35 |  0,00 | 8,033 | 336,26 | 336,26 | 26,21 | 1190,680 | 253,41 | 343,41 |  0,00 | 326,429 | 122,31 | 122,31 | 1007,608 |   NaN | NaN | 0,00 | 0,00 | NaN
  60 | 10,22 | 282,858 | 755,00 | 840,92 | 759,26 |  0,00 | 1,339 | 44,35 | 44,35 |  0,00 | 17,680 | 338,20 | 338,20 | 25,57 | 1209,667 | 250,14 | 336,06 |  0,00 | 275,165 | 122,31 | 122,31 | 852,592 |   NaN | NaN | 0,00 | 0,00 | NaN
  61 | 10,80 | 287,374 | 754,57 | 845,95 | 758,84 |  0,00 | 1,361 | 44,35 | 44,35 |  0,00 | 12,163 | 340,52 | 340,52 | 26,98 | 1247,059 | 247,38 | 338,77 |  0,00 | 290,196 | 122,31 | 122,31 | 897,724 |   NaN | NaN | 0,00 | 0,00 | NaN
  62 | 10,54 | 280,781 | 754,16 | 842,99 | 758,47 |  0,00 | 1,423 | 44,35 | 44,35 |  0,00 | 16,009 | 337,10 | 337,10 | 26,18 | 1199,940 | 250,40 | 339,22 |  0,00 | 276,699 | 122,31 | 122,31 | 857,113 |   NaN | NaN | 0,00 | 0,00 | NaN
  63 | 10,49 | 281,127 | 755,71 | 844,26 | 759,98 |  0,00 | 1,378 | 44,35 | 44,35 |  0,00 | 11,091 | 341,10 | 341,10 | 26,31 | 1214,804 | 247,95 | 336,50 |  0,00 | 305,884 | 122,31 | 122,31 | 945,226 |   NaN | NaN | 0,00 | 0,00 | NaN
  64 |  9,45 | 280,206 | 755,33 | 834,18 | 759,64 |  0,00 | 1,421 | 44,35 | 44,35 |  0,00 | 13,476 | 334,65 | 334,65 | 23,69 | 1181,930 | 254,02 | 332,87 |  0,00 | 290,989 | 122,31 | 122,31 | 900,112 |   NaN | NaN | 0,00 | 0,00 | NaN

= = = = = = = = = = = = AVERAGE RESULTS system = = = = = = = = = = = =
meanPLR_system | 10,270167 
meanDelay_system | 284,780020 
meanLoad_system | 840,845577 
meanTHR_system | 754,460015 
meanGate_system | 758,968598 

meanPLR_EF_system | 0,000000 
meanPLR_AF_system | 0,000000 
meanPLR_BE_system | 25,630635 
meanPLR_FLA_system | 0,000000 
meanPLR_FLB_system | NaN 

meanTHR_EF_system | 44,352004 
meanTHR_AF_system | 337,275445 
meanTHR_BE_system | 250,522422 
meanTHR_FLA_system | 125,517030 
meanTHR_FLB_system | 0,000000 

meanLoad_EF_system | 44,352004 
meanLoad_AF_system | 337,275445 
meanLoad_BE_system | 336,907984 
meanLoad_FLA_system | 125,517030 
meanLoad_FLB_system | 0,000000 

meanDELAY_EF_system | 1,382759 
meanDELAY_AF_system | 24,425414 
meanDELAY_BE_system | 1214,271903 
meanDELAY_FLA_system | 249,471904 
meanDELAY_FLB_system | NaN 
meanDELAY_CompleteFLA_system | 751,371944 
meanDELAY_CompleteFLB_system | NaN 

= = = = = = = = = = = = AVERAGE RESULTS = = = = = = = = = = = =
Packet Loss Ratio: 10,27 (%)
PROCESSED PACKAGES: 1365730947 
DISCARTED PACKAGES: 101636481 
TOTAL PACKAGES: 1467367428 
AVERAGE DELAY: 51754,96 (ms) 
AVERAGE THROUGHPUT: 754,46 (Mbps) 
GRANTED THROUGHPUT: 48573,99 (Mbps) By 64 ONUs
EFFECTIVE THROUGHPUT: 48285,44 (Mbps) By 64 ONUs
TOTAL LOAD: 53814,12 (Mbps) By 64 ONUs
ON Arrival THROUGHPUT: 0,00 (Mbps) By 64 ONUs
FINISHTIMEFL: 114,419534 
FINISHTIME: 117,419534 


fileName | IPACT_LBVARIBLETOKENSBYCYCLE_1_68_90_0 
