
ONU ID 	|  PLR(%) | Delay(ms) | Throughput(Mbps) | Granted Throughput(Mbps) | Total Load (Mbps) 

  ID |  PLR(%) |  D  | Thr |  Gates  |  Load  | PLR-EF | D-EF | ThrEF | LoadEF | PLR-AF | D-AF | ThrAF | LoadAF | PLR-BE | D-BE | ThrBE | LoadBE | PLR-FA | D-FA | ThrFA | LoadFA | DTFA |  PLR-FB | D-FB | ThrFB | LoadFB | DTFB | 
   1 |  3,18 | 250,910 | 754,76 | 779,53 | 759,05 |  0,00 | 1,405 | 44,35 | 44,35 |  0,00 | 12,385 | 349,80 | 349,80 |  7,27 | 916,010 | 315,94 | 340,71 |  0,00 | 211,271 | 44,67 | 44,67 | 442,780 |   NaN | NaN | 0,00 | 0,00 | NaN
   2 |  3,64 | 247,944 | 754,18 | 782,68 | 758,52 |  0,00 | 1,417 | 44,35 | 44,35 |  0,00 | 2,870 | 349,03 | 349,03 |  8,27 | 874,212 | 316,13 | 344,63 |  0,00 | 745,536 | 44,67 | 44,67 | 1511,304 |   NaN | NaN | 0,00 | 0,00 | NaN
   3 |  2,97 | 221,084 | 753,31 | 776,33 | 757,65 |  0,00 | 1,354 | 44,35 | 44,35 |  0,00 | 1,737 | 345,25 | 345,25 |  6,73 | 768,936 | 319,04 | 342,07 |  0,00 | 714,497 | 44,67 | 44,67 | 1449,150 |   NaN | NaN | 0,00 | 0,00 | NaN
   4 |  3,77 | 264,781 | 754,93 | 784,52 | 759,37 |  0,00 | 1,359 | 44,35 | 44,35 |  0,00 | 20,702 | 350,31 | 350,31 |  8,57 | 965,022 | 315,60 | 345,19 |  0,00 | 149,014 | 44,67 | 44,67 | 318,110 |   NaN | NaN | 0,00 | 0,00 | NaN
   5 |  3,02 | 232,010 | 753,91 | 777,40 | 758,23 |  0,00 | 1,385 | 44,35 | 44,35 |  0,00 | 1,841 | 343,61 | 343,61 |  6,82 | 782,426 | 321,28 | 344,78 |  0,00 | 1010,744 | 44,67 | 44,67 | 2041,835 |   NaN | NaN | 0,00 | 0,00 | NaN
   6 |  3,62 | 241,941 | 754,69 | 783,07 | 759,00 |  0,00 | 1,333 | 44,35 | 44,35 |  0,00 | 2,075 | 348,44 | 348,44 |  8,21 | 843,850 | 317,23 | 345,61 |  0,00 | 827,423 | 44,67 | 44,67 | 1674,972 |   NaN | NaN | 0,00 | 0,00 | NaN
   7 |  3,18 | 238,224 | 755,00 | 779,82 | 759,31 |  0,00 | 1,352 | 44,35 | 44,35 |  0,00 | 4,118 | 346,48 | 346,48 |  7,21 | 857,100 | 319,50 | 344,33 |  0,00 | 356,133 | 44,67 | 44,67 | 732,392 |   NaN | NaN | 0,00 | 0,00 | NaN
   8 |  3,21 | 244,132 | 755,69 | 780,78 | 760,04 |  0,00 | 1,402 | 44,35 | 44,35 |  0,00 | 2,040 | 343,99 | 343,99 |  7,21 | 842,166 | 322,69 | 347,77 |  0,00 | 776,451 | 44,67 | 44,67 | 1573,061 |   NaN | NaN | 0,00 | 0,00 | NaN
   9 |  3,51 | 249,195 | 755,29 | 782,79 | 759,58 |  0,00 | 1,342 | 44,35 | 44,35 |  0,00 | 2,173 | 347,46 | 347,46 |  7,94 | 889,612 | 318,81 | 346,31 |  0,00 | 525,023 | 44,67 | 44,67 | 1070,126 |   NaN | NaN | 0,00 | 0,00 | NaN
  10 |  3,07 | 249,985 | 755,03 | 778,92 | 759,37 |  0,00 | 1,403 | 44,35 | 44,35 |  0,00 | 12,845 | 345,77 | 345,77 |  6,94 | 901,219 | 320,24 | 344,13 |  0,00 | 194,521 | 44,67 | 44,67 | 409,128 |   NaN | NaN | 0,00 | 0,00 | NaN
  11 |  2,93 | 221,372 | 753,75 | 776,54 | 758,07 |  0,00 | 1,342 | 44,35 | 44,35 |  0,00 | 1,869 | 341,09 | 341,09 |  6,58 | 709,037 | 323,65 | 346,43 |  0,00 | 1399,274 | 44,67 | 44,67 | 2819,144 |   NaN | NaN | 0,00 | 0,00 | NaN
  12 |  3,06 | 231,841 | 755,48 | 779,36 | 759,82 |  0,00 | 1,404 | 44,35 | 44,35 |  0,00 | 1,905 | 345,36 | 345,36 |  6,92 | 794,065 | 321,11 | 344,98 |  0,00 | 864,780 | 44,67 | 44,67 | 1749,862 |   NaN | NaN | 0,00 | 0,00 | NaN
  13 |  2,55 | 216,020 | 752,65 | 772,34 | 756,97 |  0,00 | 1,369 | 44,35 | 44,35 |  0,00 | 2,057 | 342,97 | 342,97 |  5,78 | 742,990 | 320,66 | 340,35 |  0,00 | 747,278 | 44,67 | 44,67 | 1514,676 |   NaN | NaN | 0,00 | 0,00 | NaN
  14 |  3,66 | 234,459 | 752,63 | 781,24 | 756,97 |  0,00 | 1,410 | 44,35 | 44,35 |  0,00 | 2,088 | 346,05 | 346,05 |  8,26 | 800,483 | 317,56 | 346,16 |  0,00 | 996,488 | 44,67 | 44,67 | 2013,284 |   NaN | NaN | 0,00 | 0,00 | NaN
  15 |  2,98 | 249,914 | 753,36 | 776,46 | 757,69 |  0,00 | 1,404 | 44,35 | 44,35 |  0,00 | 3,687 | 340,17 | 340,17 |  6,65 | 886,490 | 324,17 | 347,27 |  0,00 | 362,872 | 44,67 | 44,67 | 745,783 |   NaN | NaN | 0,00 | 0,00 | NaN
  16 |  4,35 | 265,771 | 754,18 | 788,49 | 758,51 |  0,00 | 1,396 | 44,35 | 44,35 |  0,00 | 2,275 | 346,83 | 346,83 |  9,73 | 945,344 | 318,33 | 352,65 |  0,00 | 615,482 | 44,67 | 44,67 | 1251,094 |   NaN | NaN | 0,00 | 0,00 | NaN
  17 |  3,55 | 244,732 | 754,07 | 781,86 | 758,41 |  0,00 | 1,409 | 44,35 | 44,35 |  0,00 | 2,199 | 347,49 | 347,49 |  8,05 | 870,822 | 317,57 | 345,35 |  0,00 | 587,963 | 44,67 | 44,67 | 1195,990 |   NaN | NaN | 0,00 | 0,00 | NaN
  18 |  2,94 | 220,709 | 753,53 | 776,33 | 757,83 |  0,00 | 1,385 | 44,35 | 44,35 |  0,00 | 2,134 | 342,67 | 342,67 |  6,62 | 702,253 | 321,84 | 344,64 |  0,00 | 1505,228 | 44,67 | 44,67 | 3031,157 |   NaN | NaN | 0,00 | 0,00 | NaN
  19 |  2,09 | 220,449 | 754,25 | 770,36 | 758,56 |  0,00 | 1,376 | 44,35 | 44,35 |  0,00 | 2,222 | 339,35 | 339,35 |  4,71 | 714,399 | 325,88 | 341,99 |  0,00 | 1212,235 | 44,67 | 44,67 | 2445,025 |   NaN | NaN | 0,00 | 0,00 | NaN
  20 |  2,68 | 228,814 | 754,58 | 775,37 | 758,89 |  0,00 | 1,372 | 44,35 | 44,35 |  0,00 | 1,676 | 346,28 | 346,28 |  6,11 | 745,667 | 319,28 | 340,06 |  0,00 | 1422,602 | 44,67 | 44,67 | 2866,002 |   NaN | NaN | 0,00 | 0,00 | NaN
  21 |  1,91 | 213,436 | 753,20 | 767,89 | 757,50 |  0,00 | 1,376 | 44,35 | 44,35 |  0,00 | 5,661 | 340,47 | 340,47 |  4,34 | 757,251 | 323,71 | 338,40 |  0,00 | 280,561 | 44,67 | 44,67 | 581,250 |   NaN | NaN | 0,00 | 0,00 | NaN
  22 |  3,95 | 249,496 | 754,82 | 785,86 | 759,18 |  0,00 | 1,415 | 44,35 | 44,35 |  0,00 | 2,226 | 352,31 | 352,31 |  9,01 | 865,585 | 313,49 | 344,52 |  0,00 | 1048,692 | 44,67 | 44,67 | 2117,738 |   NaN | NaN | 0,00 | 0,00 | NaN
  23 |  3,22 | 232,958 | 754,84 | 779,96 | 759,18 |  0,00 | 1,397 | 44,35 | 44,35 |  0,00 | 2,138 | 345,51 | 345,51 |  7,27 | 765,662 | 320,31 | 345,43 |  0,00 | 1323,049 | 44,67 | 44,67 | 2666,595 |   NaN | NaN | 0,00 | 0,00 | NaN
  24 |  3,42 | 240,062 | 754,99 | 781,69 | 759,32 |  0,00 | 1,359 | 44,35 | 44,35 |  0,00 | 1,735 | 344,59 | 344,59 |  7,67 | 832,378 | 321,39 | 348,09 |  0,00 | 747,162 | 44,67 | 44,67 | 1514,492 |   NaN | NaN | 0,00 | 0,00 | NaN
  25 |  3,89 | 257,520 | 754,91 | 785,44 | 759,26 |  0,00 | 1,416 | 44,35 | 44,35 |  0,00 | 3,062 | 343,95 | 343,95 |  8,66 | 918,821 | 321,95 | 352,47 |  0,00 | 412,121 | 44,67 | 44,67 | 844,476 |   NaN | NaN | 0,00 | 0,00 | NaN
  26 |  2,86 | 252,955 | 754,40 | 776,62 | 758,75 |  0,00 | 1,412 | 44,35 | 44,35 |  0,00 | 3,769 | 344,41 | 344,41 |  6,47 | 908,648 | 320,97 | 343,19 |  0,00 | 342,965 | 44,67 | 44,67 | 706,126 |   NaN | NaN | 0,00 | 0,00 | NaN
  27 |  2,64 | 213,500 | 755,14 | 775,61 | 759,46 |  0,00 | 1,339 | 44,35 | 44,35 |  0,00 | 1,733 | 346,28 | 346,28 |  6,02 | 680,333 | 319,84 | 340,32 |  0,00 | 1519,084 | 44,67 | 44,67 | 3058,903 |   NaN | NaN | 0,00 | 0,00 | NaN
  28 |  2,49 | 213,817 | 752,99 | 772,20 | 757,32 |  0,00 | 1,405 | 44,35 | 44,35 |  0,00 | 2,079 | 344,84 | 344,84 |  5,68 | 695,375 | 319,14 | 338,34 |  0,00 | 1329,372 | 44,67 | 44,67 | 2679,254 |   NaN | NaN | 0,00 | 0,00 | NaN
  29 |  3,75 | 239,279 | 754,09 | 783,45 | 758,40 |  0,00 | 1,385 | 44,35 | 44,35 |  0,00 | 1,944 | 346,53 | 346,53 |  8,44 | 789,088 | 318,55 | 347,91 |  0,00 | 1379,642 | 44,67 | 44,67 | 2779,791 |   NaN | NaN | 0,00 | 0,00 | NaN
  30 |  2,77 | 212,836 | 754,48 | 775,96 | 758,83 |  0,00 | 1,415 | 44,35 | 44,35 |  0,00 | 2,294 | 342,36 | 342,36 |  6,23 | 674,390 | 323,10 | 344,57 |  0,00 | 1458,465 | 44,67 | 44,67 | 2937,744 |   NaN | NaN | 0,00 | 0,00 | NaN
  31 |  2,84 | 224,340 | 753,60 | 775,61 | 757,92 |  0,00 | 1,382 | 44,35 | 44,35 |  0,00 | 1,719 | 345,82 | 345,82 |  6,46 | 736,529 | 318,76 | 340,77 |  0,00 | 1327,064 | 44,67 | 44,67 | 2674,682 |   NaN | NaN | 0,00 | 0,00 | NaN
  32 |  3,38 | 219,972 | 754,80 | 781,22 | 759,11 |  0,00 | 1,338 | 44,35 | 44,35 |  0,00 | 2,242 | 345,84 | 345,84 |  7,63 | 712,179 | 319,95 | 346,37 |  0,00 | 1402,997 | 44,67 | 44,67 | 2826,838 |   NaN | NaN | 0,00 | 0,00 | NaN
  33 |  2,84 | 226,049 | 753,86 | 775,88 | 758,19 |  0,00 | 1,404 | 44,35 | 44,35 |  0,00 | 2,073 | 343,46 | 343,46 |  6,41 | 728,357 | 321,38 | 343,40 |  0,00 | 1437,111 | 44,67 | 44,67 | 2894,962 |   NaN | NaN | 0,00 | 0,00 | NaN
  34 |  2,79 | 210,890 | 753,97 | 775,62 | 758,26 |  0,00 | 1,395 | 44,35 | 44,35 |  0,00 | 1,941 | 344,79 | 344,79 |  6,33 | 665,506 | 320,16 | 341,81 |  0,00 | 1565,010 | 44,67 | 44,67 | 3150,960 |   NaN | NaN | 0,00 | 0,00 | NaN
  35 |  3,82 | 238,761 | 754,32 | 784,24 | 758,61 |  0,00 | 1,344 | 44,35 | 44,35 |  0,00 | 1,837 | 347,64 | 347,64 |  8,61 | 771,972 | 317,66 | 347,58 |  0,00 | 1615,290 | 44,67 | 44,67 | 3251,452 |   NaN | NaN | 0,00 | 0,00 | NaN
  36 |  2,71 | 218,518 | 755,94 | 777,03 | 760,26 |  0,00 | 1,397 | 44,35 | 44,35 |  0,00 | 2,064 | 340,90 | 340,90 |  6,08 | 684,688 | 326,02 | 347,11 |  0,00 | 1538,091 | 44,67 | 44,67 | 3096,877 |   NaN | NaN | 0,00 | 0,00 | NaN
  37 |  3,82 | 245,667 | 755,99 | 786,00 | 760,30 |  0,00 | 1,380 | 44,35 | 44,35 |  0,00 | 2,233 | 350,83 | 350,83 |  8,67 | 818,362 | 316,14 | 346,15 |  0,00 | 1404,504 | 44,67 | 44,67 | 2829,589 |   NaN | NaN | 0,00 | 0,00 | NaN
  38 |  3,57 | 237,503 | 754,44 | 782,35 | 758,74 |  0,00 | 1,371 | 44,35 | 44,35 |  0,00 | 1,618 | 347,57 | 347,57 |  8,07 | 777,439 | 317,85 | 345,76 |  0,00 | 1475,989 | 44,67 | 44,67 | 2972,604 |   NaN | NaN | 0,00 | 0,00 | NaN
  39 |  1,78 | 196,207 | 753,49 | 767,13 | 757,83 |  0,00 | 1,415 | 44,35 | 44,35 |  0,00 | 1,699 | 340,29 | 340,29 |  4,04 | 612,925 | 324,18 | 337,82 |  0,00 | 1431,836 | 44,67 | 44,67 | 2884,415 |   NaN | NaN | 0,00 | 0,00 | NaN
  40 |  2,40 | 211,335 | 752,87 | 771,36 | 757,21 |  0,00 | 1,415 | 44,35 | 44,35 |  0,00 | 1,908 | 344,01 | 344,01 |  5,47 | 671,099 | 319,84 | 338,33 |  0,00 | 1512,171 | 44,67 | 44,67 | 3045,211 |   NaN | NaN | 0,00 | 0,00 | NaN
  41 |  3,73 | 227,426 | 753,81 | 783,00 | 758,14 |  0,00 | 1,398 | 44,35 | 44,35 |  0,00 | 2,084 | 342,17 | 342,17 |  8,30 | 736,584 | 322,63 | 351,81 |  0,00 | 1355,879 | 44,67 | 44,67 | 2732,311 |   NaN | NaN | 0,00 | 0,00 | NaN
  42 |  3,94 | 233,849 | 754,22 | 785,13 | 758,53 |  0,00 | 1,344 | 44,35 | 44,35 |  0,00 | 1,707 | 348,43 | 348,43 |  8,89 | 773,275 | 316,77 | 347,68 |  0,00 | 1379,870 | 44,67 | 44,67 | 2780,338 |   NaN | NaN | 0,00 | 0,00 | NaN
  43 |  4,27 | 234,628 | 754,53 | 788,22 | 758,88 |  0,00 | 1,422 | 44,35 | 44,35 |  0,00 | 1,567 | 350,61 | 350,61 |  9,66 | 777,428 | 314,90 | 348,58 |  0,00 | 1427,453 | 44,67 | 44,67 | 2875,689 |   NaN | NaN | 0,00 | 0,00 | NaN
  44 |  3,49 | 244,289 | 754,90 | 782,22 | 759,20 |  0,00 | 1,334 | 44,35 | 44,35 |  0,00 | 1,810 | 344,28 | 344,28 |  7,83 | 803,332 | 321,61 | 348,92 |  0,00 | 1346,535 | 44,67 | 44,67 | 2713,746 |   NaN | NaN | 0,00 | 0,00 | NaN
  45 |  2,77 | 219,655 | 755,16 | 776,66 | 759,50 |  0,00 | 1,418 | 44,35 | 44,35 |  0,00 | 1,968 | 348,14 | 348,14 |  6,33 | 717,910 | 318,00 | 339,50 |  0,00 | 1373,886 | 44,67 | 44,67 | 2768,290 |   NaN | NaN | 0,00 | 0,00 | NaN
  46 |  3,22 | 221,517 | 754,14 | 779,26 | 758,44 |  0,00 | 1,358 | 44,35 | 44,35 |  0,00 | 1,638 | 343,23 | 343,23 |  7,24 | 712,185 | 321,89 | 347,01 |  0,00 | 1424,407 | 44,67 | 44,67 | 2869,607 |   NaN | NaN | 0,00 | 0,00 | NaN
  47 |  2,91 | 214,199 | 754,72 | 777,33 | 759,04 |  0,00 | 1,355 | 44,35 | 44,35 |  0,00 | 1,773 | 345,56 | 345,56 |  6,60 | 697,092 | 320,14 | 342,75 |  0,00 | 1315,072 | 44,67 | 44,67 | 2650,653 |   NaN | NaN | 0,00 | 0,00 | NaN
  48 |  2,88 | 225,787 | 752,42 | 774,73 | 756,74 |  0,00 | 1,385 | 44,35 | 44,35 |  0,00 | 2,037 | 342,79 | 342,79 |  6,50 | 735,013 | 320,61 | 342,92 |  0,00 | 1347,081 | 44,67 | 44,67 | 2714,717 |   NaN | NaN | 0,00 | 0,00 | NaN
  49 |  2,90 | 219,273 | 754,23 | 776,73 | 758,56 |  0,00 | 1,397 | 44,35 | 44,35 |  0,00 | 1,888 | 344,91 | 344,91 |  6,56 | 715,086 | 320,30 | 342,81 |  0,00 | 1317,954 | 44,67 | 44,67 | 2656,436 |   NaN | NaN | 0,00 | 0,00 | NaN
  50 |  3,33 | 232,527 | 754,94 | 780,94 | 759,25 |  0,00 | 1,352 | 44,35 | 44,35 |  0,00 | 1,752 | 347,66 | 347,66 |  7,55 | 761,384 | 318,26 | 344,26 |  0,00 | 1433,772 | 44,67 | 44,67 | 2888,171 |   NaN | NaN | 0,00 | 0,00 | NaN
  51 |  3,24 | 227,279 | 753,81 | 779,06 | 758,12 |  0,00 | 1,350 | 44,35 | 44,35 |  0,00 | 1,810 | 343,88 | 343,88 |  7,29 | 740,437 | 320,92 | 346,16 |  0,00 | 1351,297 | 44,67 | 44,67 | 2723,149 |   NaN | NaN | 0,00 | 0,00 | NaN
  52 |  3,28 | 241,355 | 754,40 | 780,02 | 758,72 |  0,00 | 1,376 | 44,35 | 44,35 |  0,00 | 1,881 | 341,76 | 341,76 |  7,34 | 785,549 | 323,62 | 349,24 |  0,00 | 1364,084 | 44,67 | 44,67 | 2748,835 |   NaN | NaN | 0,00 | 0,00 | NaN
  53 |  3,34 | 227,836 | 755,16 | 781,23 | 759,46 |  0,00 | 1,363 | 44,35 | 44,35 |  0,00 | 1,685 | 347,69 | 347,69 |  7,57 | 745,262 | 318,45 | 344,52 |  0,00 | 1409,210 | 44,67 | 44,67 | 2839,238 |   NaN | NaN | 0,00 | 0,00 | NaN
  54 |  2,38 | 209,383 | 754,38 | 772,78 | 758,69 |  0,00 | 1,366 | 44,35 | 44,35 |  0,00 | 2,276 | 344,63 | 344,63 |  5,43 | 673,016 | 320,73 | 339,14 |  0,00 | 1371,578 | 44,67 | 44,67 | 2763,781 |   NaN | NaN | 0,00 | 0,00 | NaN
  55 |  2,60 | 212,233 | 754,85 | 775,01 | 759,16 |  0,00 | 1,351 | 44,35 | 44,35 |  0,00 | 1,806 | 341,67 | 341,67 |  5,85 | 669,573 | 324,16 | 344,32 |  0,00 | 1476,757 | 44,67 | 44,67 | 2974,142 |   NaN | NaN | 0,00 | 0,00 | NaN
  56 |  2,47 | 211,125 | 755,14 | 774,27 | 759,46 |  0,00 | 1,357 | 44,35 | 44,35 |  0,00 | 1,732 | 342,63 | 342,63 |  5,59 | 676,383 | 323,49 | 342,62 |  0,00 | 1348,639 | 44,67 | 44,67 | 2717,789 |   NaN | NaN | 0,00 | 0,00 | NaN
  57 |  3,10 | 216,712 | 753,43 | 777,54 | 757,75 |  0,00 | 1,354 | 44,35 | 44,35 |  0,00 | 2,011 | 343,67 | 343,67 |  6,99 | 703,168 | 320,74 | 344,85 |  0,00 | 1327,760 | 44,67 | 44,67 | 2676,033 |   NaN | NaN | 0,00 | 0,00 | NaN
  58 |  3,30 | 237,261 | 753,65 | 779,36 | 757,96 |  0,00 | 1,382 | 44,35 | 44,35 |  0,00 | 2,015 | 345,10 | 345,10 |  7,45 | 782,340 | 319,53 | 345,24 |  0,00 | 1332,065 | 44,67 | 44,67 | 2684,526 |   NaN | NaN | 0,00 | 0,00 | NaN
  59 |  3,67 | 224,505 | 754,94 | 783,67 | 759,25 |  0,00 | 1,401 | 44,35 | 44,35 |  0,00 | 1,675 | 343,79 | 343,79 |  8,19 | 713,141 | 322,13 | 350,86 |  0,00 | 1560,203 | 44,67 | 44,67 | 3141,211 |   NaN | NaN | 0,00 | 0,00 | NaN
  60 |  3,07 | 230,513 | 753,77 | 777,65 | 758,08 |  0,00 | 1,336 | 44,35 | 44,35 |  0,00 | 1,614 | 344,71 | 344,71 |  6,94 | 754,551 | 320,04 | 343,92 |  0,00 | 1357,431 | 44,67 | 44,67 | 2735,325 |   NaN | NaN | 0,00 | 0,00 | NaN
  61 |  3,54 | 238,603 | 755,96 | 783,74 | 760,27 |  0,00 | 1,359 | 44,35 | 44,35 |  0,00 | 1,777 | 347,05 | 347,05 |  7,99 | 782,348 | 319,89 | 347,67 |  0,00 | 1415,172 | 44,67 | 44,67 | 2850,985 |   NaN | NaN | 0,00 | 0,00 | NaN
  62 |  3,71 | 233,263 | 754,29 | 783,33 | 758,65 |  0,00 | 1,420 | 44,35 | 44,35 |  0,00 | 1,795 | 347,11 | 347,11 |  8,36 | 769,800 | 318,16 | 347,20 |  0,00 | 1347,098 | 44,67 | 44,67 | 2714,705 |   NaN | NaN | 0,00 | 0,00 | NaN
  63 |  3,23 | 219,597 | 754,83 | 780,00 | 759,14 |  0,00 | 1,376 | 44,35 | 44,35 |  0,00 | 2,129 | 347,09 | 347,09 |  7,32 | 709,078 | 318,73 | 343,90 |  0,00 | 1461,335 | 44,67 | 44,67 | 2943,541 |   NaN | NaN | 0,00 | 0,00 | NaN
  64 |  2,52 | 214,547 | 753,73 | 773,23 | 758,10 |  0,00 | 1,419 | 44,35 | 44,35 |  0,00 | 1,868 | 343,02 | 343,02 |  5,71 | 689,900 | 321,69 | 341,18 |  0,00 | 1372,300 | 44,67 | 44,67 | 2765,285 |   NaN | NaN | 0,00 | 0,00 | NaN

= = = = = = = = = = = = AVERAGE RESULTS system = = = = = = = = = = = =
meanPLR_system | 3,151487 
meanDelay_system | 230,417923 
meanLoad_system | 778,912356 
meanTHR_system | 754,340881 
meanGate_system | 758,665235 

meanPLR_EF_system | 0,000000 
meanPLR_AF_system | 0,000000 
meanPLR_BE_system | 7,119244 
meanPLR_FLA_system | 0,000000 
meanPLR_FLB_system | NaN 

meanTHR_EF_system | 44,352003 
meanTHR_AF_system | 345,194080 
meanTHR_BE_system | 320,129232 
meanTHR_FLA_system | 45,466862 
meanTHR_FLB_system | 0,000000 

meanLoad_EF_system | 44,352003 
meanLoad_AF_system | 345,194080 
meanLoad_BE_system | 344,700707 
meanLoad_FLA_system | 45,466862 
meanLoad_FLB_system | 0,000000 

meanDELAY_EF_system | 1,380465 
meanDELAY_AF_system | 2,736984 
meanDELAY_BE_system | 769,414412 
meanDELAY_FLA_system | 1140,512960 
meanDELAY_FLB_system | NaN 
meanDELAY_CompleteFLA_system | 2301,520912 
meanDELAY_CompleteFLB_system | NaN 

= = = = = = = = = = = = AVERAGE RESULTS = = = = = = = = = = = =
Packet Loss Ratio: 03,15 (%)
PROCESSED PACKAGES: 2041894707 
DISCARTED PACKAGES: 41782906 
TOTAL PACKAGES: 2083677613 
AVERAGE DELAY: 43186,96 (ms) 
AVERAGE THROUGHPUT: 754,34 (Mbps) 
GRANTED THROUGHPUT: 48554,58 (Mbps) By 64 ONUs
EFFECTIVE THROUGHPUT: 48277,82 (Mbps) By 64 ONUs
TOTAL LOAD: 49850,39 (Mbps) By 64 ONUs
ON Arrival THROUGHPUT: 0,00 (Mbps) By 64 ONUs
FINISHTIMEFL: 167,225089 
FINISHTIME: 170,225089 


fileName | IPACT_LBCONSTANTTOKENSBYCYCLE_3_36_92_0 
