
ONU ID 	|  PLR(%) | Delay(ms) | Throughput(Mbps) | Granted Throughput(Mbps) | Total Load (Mbps) 

  ID |  PLR(%) |  D  | Thr |  Gates  |  Load  | PLR-EF | D-EF | ThrEF | LoadEF | PLR-AF | D-AF | ThrAF | LoadAF | PLR-BE | D-BE | ThrBE | LoadBE | PLR-FA | D-FA | ThrFA | LoadFA | DTFA |  PLR-FB | D-FB | ThrFB | LoadFB | DTFB | 
   1 | 15,14 | 302,937 | 753,15 | 887,53 | 758,44 |  0,00 | 1,408 | 44,35 | 44,35 |  0,00 | 55,275 | 366,04 | 366,04 | 37,88 | 1450,173 | 220,39 | 354,77 |  0,00 | 139,147 | 122,36 | 122,36 | 298,441 |   NaN | NaN | 0,00 | 0,00 | NaN
   2 | 14,98 | 296,083 | 753,95 | 886,75 | 759,29 |  0,00 | 1,420 | 44,35 | 44,35 |  0,00 | 55,931 | 358,57 | 358,57 | 36,74 | 1365,915 | 228,66 | 361,47 |  0,00 | 139,043 | 122,36 | 122,36 | 298,327 |   NaN | NaN | 0,00 | 0,00 | NaN
   3 | 15,44 | 300,232 | 754,02 | 891,66 | 759,34 |  0,00 | 1,356 | 44,35 | 44,35 |  0,00 | 60,507 | 363,96 | 363,96 | 38,13 | 1410,691 | 223,34 | 360,98 |  0,00 | 139,004 | 122,36 | 122,36 | 298,277 |   NaN | NaN | 0,00 | 0,00 | NaN
   4 | 15,58 | 299,265 | 753,58 | 892,71 | 758,89 |  0,00 | 1,362 | 44,35 | 44,35 |  0,00 | 61,338 | 368,01 | 368,01 | 38,86 | 1431,481 | 218,85 | 357,98 |  0,00 | 139,054 | 122,36 | 122,36 | 298,361 |   NaN | NaN | 0,00 | 0,00 | NaN
   5 | 14,59 | 299,711 | 754,72 | 883,69 | 760,00 |  0,00 | 1,388 | 44,35 | 44,35 |  0,00 | 61,884 | 360,07 | 360,07 | 36,14 | 1379,036 | 227,93 | 356,90 |  0,00 | 138,986 | 122,36 | 122,36 | 298,261 |   NaN | NaN | 0,00 | 0,00 | NaN
   6 | 15,41 | 299,805 | 755,03 | 892,54 | 760,32 |  0,00 | 1,336 | 44,35 | 44,35 |  0,00 | 55,848 | 363,99 | 363,99 | 38,00 | 1411,191 | 224,33 | 361,84 |  0,00 | 138,993 | 122,36 | 122,36 | 298,275 |   NaN | NaN | 0,00 | 0,00 | NaN
   7 | 14,94 | 302,196 | 754,34 | 886,84 | 759,64 |  0,00 | 1,354 | 44,35 | 44,35 |  0,00 | 55,349 | 360,59 | 360,59 | 36,85 | 1406,836 | 227,04 | 359,54 |  0,00 | 139,121 | 122,36 | 122,36 | 298,419 |   NaN | NaN | 0,00 | 0,00 | NaN
   8 | 15,61 | 303,858 | 752,85 | 892,08 | 758,18 |  0,00 | 1,405 | 44,35 | 44,35 |  0,00 | 54,718 | 360,68 | 360,68 | 38,18 | 1423,936 | 225,46 | 364,69 |  0,00 | 139,104 | 122,36 | 122,36 | 298,349 |   NaN | NaN | 0,00 | 0,00 | NaN
   9 | 15,12 | 301,464 | 755,23 | 889,73 | 760,54 |  0,00 | 1,344 | 44,35 | 44,35 |  0,00 | 60,473 | 363,92 | 363,92 | 37,46 | 1410,907 | 224,59 | 359,10 |  0,00 | 138,991 | 122,36 | 122,36 | 298,291 |   NaN | NaN | 0,00 | 0,00 | NaN
  10 | 14,85 | 301,217 | 755,37 | 887,16 | 760,68 |  0,00 | 1,405 | 44,35 | 44,35 |  0,00 | 61,911 | 361,44 | 361,44 | 36,71 | 1391,703 | 227,22 | 359,00 |  0,00 | 139,121 | 122,36 | 122,36 | 298,411 |   NaN | NaN | 0,00 | 0,00 | NaN
  11 | 14,17 | 298,700 | 754,19 | 878,70 | 759,49 |  0,00 | 1,345 | 44,35 | 44,35 |  0,00 | 56,211 | 353,38 | 353,38 | 34,72 | 1347,953 | 234,10 | 358,61 |  0,00 | 138,970 | 122,36 | 122,36 | 298,168 |   NaN | NaN | 0,00 | 0,00 | NaN
  12 | 15,24 | 304,707 | 755,04 | 890,75 | 760,36 |  0,00 | 1,407 | 44,35 | 44,35 |  0,00 | 57,592 | 361,33 | 361,33 | 37,42 | 1417,675 | 226,99 | 362,70 |  0,00 | 139,076 | 122,36 | 122,36 | 298,357 |   NaN | NaN | 0,00 | 0,00 | NaN
  13 | 14,26 | 300,680 | 754,14 | 879,60 | 759,45 |  0,00 | 1,372 | 44,35 | 44,35 |  0,00 | 60,484 | 355,50 | 355,50 | 35,11 | 1363,531 | 231,92 | 357,38 |  0,00 | 139,055 | 122,36 | 122,36 | 298,343 |   NaN | NaN | 0,00 | 0,00 | NaN
  14 | 15,49 | 301,867 | 754,08 | 892,32 | 759,39 |  0,00 | 1,413 | 44,35 | 44,35 |  0,00 | 59,265 | 363,35 | 363,35 | 38,16 | 1416,956 | 224,01 | 362,26 |  0,00 | 139,043 | 122,36 | 122,36 | 298,302 |   NaN | NaN | 0,00 | 0,00 | NaN
  15 | 14,82 | 303,387 | 753,26 | 884,28 | 758,58 |  0,00 | 1,407 | 44,35 | 44,35 |  0,00 | 61,281 | 356,08 | 356,08 | 36,25 | 1382,361 | 230,47 | 361,49 |  0,00 | 139,134 | 122,36 | 122,36 | 298,446 |   NaN | NaN | 0,00 | 0,00 | NaN
  16 | 15,68 | 305,203 | 754,50 | 894,78 | 759,82 |  0,00 | 1,398 | 44,35 | 44,35 |  0,00 | 59,020 | 361,56 | 361,56 | 38,27 | 1421,681 | 226,23 | 366,51 |  0,00 | 139,049 | 122,36 | 122,36 | 298,346 |   NaN | NaN | 0,00 | 0,00 | NaN
  17 | 15,17 | 302,237 | 754,32 | 889,21 | 759,65 |  0,00 | 1,411 | 44,35 | 44,35 |  0,00 | 55,086 | 360,57 | 360,57 | 37,27 | 1407,358 | 227,04 | 361,93 |  0,00 | 139,153 | 122,36 | 122,36 | 298,451 |   NaN | NaN | 0,00 | 0,00 | NaN
  18 | 14,98 | 301,020 | 754,26 | 887,11 | 759,56 |  0,00 | 1,388 | 44,35 | 44,35 |  0,00 | 55,537 | 359,80 | 359,80 | 36,84 | 1397,026 | 227,74 | 360,59 |  0,00 | 138,670 | 122,36 | 122,36 | 297,851 |   NaN | NaN | 0,00 | 0,00 | NaN
  19 | 14,27 | 299,889 | 755,02 | 880,71 | 760,30 |  0,00 | 1,379 | 44,35 | 44,35 |  0,00 | 62,652 | 354,90 | 354,90 | 35,00 | 1348,676 | 233,40 | 359,09 |  0,00 | 138,952 | 122,36 | 122,36 | 298,165 |   NaN | NaN | 0,00 | 0,00 | NaN
  20 | 14,42 | 298,331 | 754,61 | 881,76 | 759,91 |  0,00 | 1,374 | 44,35 | 44,35 |  0,00 | 58,417 | 359,93 | 359,93 | 35,81 | 1377,392 | 227,96 | 355,11 |  0,00 | 138,938 | 122,36 | 122,36 | 298,155 |   NaN | NaN | 0,00 | 0,00 | NaN
  21 | 14,05 | 294,943 | 752,61 | 875,64 | 757,91 |  0,00 | 1,379 | 44,35 | 44,35 |  0,00 | 58,155 | 355,65 | 355,65 | 34,83 | 1345,820 | 230,25 | 353,28 |  0,00 | 139,127 | 122,36 | 122,36 | 298,419 |   NaN | NaN | 0,00 | 0,00 | NaN
  22 | 15,60 | 303,191 | 754,63 | 894,08 | 759,96 |  0,00 | 1,417 | 44,35 | 44,35 |  0,00 | 64,037 | 369,14 | 369,14 | 38,93 | 1448,367 | 218,78 | 358,23 |  0,00 | 138,995 | 122,36 | 122,36 | 298,268 |   NaN | NaN | 0,00 | 0,00 | NaN
  23 | 15,34 | 299,506 | 753,76 | 890,38 | 759,06 |  0,00 | 1,399 | 44,35 | 44,35 |  0,00 | 61,841 | 362,00 | 362,00 | 37,78 | 1394,419 | 225,04 | 361,66 |  0,00 | 138,993 | 122,36 | 122,36 | 298,176 |   NaN | NaN | 0,00 | 0,00 | NaN
  24 | 15,15 | 303,790 | 754,65 | 889,36 | 759,96 |  0,00 | 1,361 | 44,35 | 44,35 |  0,00 | 56,799 | 360,64 | 360,64 | 37,21 | 1411,658 | 227,30 | 362,00 |  0,00 | 139,027 | 122,36 | 122,36 | 298,303 |   NaN | NaN | 0,00 | 0,00 | NaN
  25 | 16,22 | 303,389 | 753,62 | 899,57 | 758,97 |  0,00 | 1,418 | 44,35 | 44,35 |  0,00 | 59,986 | 360,39 | 360,39 | 39,19 | 1408,149 | 226,51 | 372,46 |  0,00 | 139,090 | 122,36 | 122,36 | 298,379 |   NaN | NaN | 0,00 | 0,00 | NaN
  26 | 14,78 | 297,842 | 754,78 | 885,71 | 760,09 |  0,00 | 1,415 | 44,35 | 44,35 |  0,00 | 60,178 | 358,65 | 358,65 | 36,33 | 1363,851 | 229,42 | 360,35 |  0,00 | 139,144 | 122,36 | 122,36 | 298,442 |   NaN | NaN | 0,00 | 0,00 | NaN
  27 | 14,20 | 302,369 | 755,05 | 879,98 | 760,35 |  0,00 | 1,341 | 44,35 | 44,35 |  0,00 | 60,909 | 360,04 | 360,04 | 35,37 | 1392,133 | 228,30 | 353,22 |  0,00 | 138,415 | 122,36 | 122,36 | 297,539 |   NaN | NaN | 0,00 | 0,00 | NaN
  28 | 14,47 | 301,053 | 753,26 | 880,69 | 758,57 |  0,00 | 1,408 | 44,35 | 44,35 |  0,00 | 56,380 | 359,59 | 359,59 | 35,96 | 1399,137 | 226,95 | 354,38 |  0,00 | 139,037 | 122,36 | 122,36 | 298,234 |   NaN | NaN | 0,00 | 0,00 | NaN
  29 | 15,13 | 301,822 | 755,28 | 889,96 | 760,58 |  0,00 | 1,387 | 44,35 | 44,35 |  0,00 | 63,026 | 362,84 | 362,84 | 37,37 | 1401,530 | 225,72 | 360,40 |  0,00 | 138,990 | 122,36 | 122,36 | 298,178 |   NaN | NaN | 0,00 | 0,00 | NaN
  30 | 14,05 | 303,877 | 755,01 | 878,46 | 760,33 |  0,00 | 1,418 | 44,35 | 44,35 |  0,00 | 61,639 | 354,36 | 354,36 | 34,54 | 1366,949 | 233,93 | 357,39 |  0,00 | 139,029 | 122,36 | 122,36 | 298,218 |   NaN | NaN | 0,00 | 0,00 | NaN
  31 | 14,78 | 302,329 | 753,42 | 884,12 | 758,73 |  0,00 | 1,385 | 44,35 | 44,35 |  0,00 | 59,585 | 358,95 | 358,95 | 36,46 | 1395,327 | 227,76 | 358,46 |  0,00 | 138,959 | 122,36 | 122,36 | 298,146 |   NaN | NaN | 0,00 | 0,00 | NaN
  32 | 14,39 | 300,998 | 754,42 | 881,20 | 759,70 |  0,00 | 1,341 | 44,35 | 44,35 |  0,00 | 58,895 | 356,03 | 356,03 | 35,37 | 1369,192 | 231,67 | 358,45 |  0,00 | 138,973 | 122,36 | 122,36 | 298,179 |   NaN | NaN | 0,00 | 0,00 | NaN
  33 | 14,48 | 299,748 | 755,67 | 883,65 | 760,97 |  0,00 | 1,406 | 44,35 | 44,35 |  0,00 | 56,393 | 355,66 | 355,66 | 35,43 | 1358,319 | 233,29 | 361,28 |  0,00 | 138,977 | 122,36 | 122,36 | 298,192 |   NaN | NaN | 0,00 | 0,00 | NaN
  34 | 13,83 | 302,679 | 755,19 | 876,42 | 760,49 |  0,00 | 1,397 | 44,35 | 44,35 |  0,00 | 61,861 | 357,72 | 357,72 | 34,44 | 1378,788 | 230,75 | 351,98 |  0,00 | 138,069 | 122,36 | 122,36 | 297,018 |   NaN | NaN | 0,00 | 0,00 | NaN
  35 | 15,13 | 297,978 | 756,19 | 890,97 | 761,47 |  0,00 | 1,346 | 44,35 | 44,35 |  0,00 | 55,711 | 362,62 | 362,62 | 37,27 | 1388,553 | 226,85 | 361,63 |  0,00 | 137,214 | 122,36 | 122,36 | 294,749 |   NaN | NaN | 0,00 | 0,00 | NaN
  36 | 14,31 | 301,287 | 755,10 | 881,25 | 760,43 |  0,00 | 1,400 | 44,35 | 44,35 |  0,00 | 56,042 | 353,43 | 353,43 | 34,93 | 1357,271 | 234,96 | 361,11 |  0,00 | 138,522 | 122,36 | 122,36 | 297,684 |   NaN | NaN | 0,00 | 0,00 | NaN
  37 | 15,60 | 302,845 | 754,99 | 894,59 | 760,29 |  0,00 | 1,383 | 44,35 | 44,35 |  0,00 | 57,723 | 366,56 | 366,56 | 38,64 | 1440,055 | 221,72 | 361,31 |  0,00 | 139,066 | 122,36 | 122,36 | 298,263 |   NaN | NaN | 0,00 | 0,00 | NaN
  38 | 14,68 | 298,763 | 755,38 | 885,36 | 760,66 |  0,00 | 1,374 | 44,35 | 44,35 |  0,00 | 63,615 | 361,75 | 361,75 | 36,42 | 1378,560 | 226,91 | 356,89 |  0,00 | 138,894 | 122,36 | 122,36 | 298,081 |   NaN | NaN | 0,00 | 0,00 | NaN
  39 | 14,17 | 303,739 | 753,44 | 877,86 | 758,77 |  0,00 | 1,417 | 44,35 | 44,35 |  0,00 | 62,630 | 356,63 | 356,63 | 35,10 | 1384,377 | 230,09 | 354,52 |  0,00 | 139,071 | 122,36 | 122,36 | 298,293 |   NaN | NaN | 0,00 | 0,00 | NaN
  40 | 14,30 | 299,271 | 754,00 | 879,77 | 759,34 |  0,00 | 1,417 | 44,35 | 44,35 |  0,00 | 56,260 | 357,03 | 357,03 | 35,33 | 1372,022 | 230,26 | 356,03 |  0,00 | 138,576 | 122,36 | 122,36 | 297,742 |   NaN | NaN | 0,00 | 0,00 | NaN
  41 | 15,50 | 302,979 | 753,08 | 891,20 | 758,37 |  0,00 | 1,400 | 44,35 | 44,35 |  0,00 | 62,318 | 359,40 | 359,40 | 37,83 | 1398,965 | 226,96 | 365,09 |  0,00 | 139,023 | 122,36 | 122,36 | 298,215 |   NaN | NaN | 0,00 | 0,00 | NaN
  42 | 15,24 | 303,116 | 753,12 | 888,55 | 758,42 |  0,00 | 1,346 | 44,35 | 44,35 |  0,00 | 60,398 | 359,65 | 359,65 | 37,39 | 1404,348 | 226,75 | 362,18 |  0,00 | 139,044 | 122,36 | 122,36 | 298,256 |   NaN | NaN | 0,00 | 0,00 | NaN
  43 | 15,34 | 304,072 | 754,35 | 891,07 | 759,65 |  0,00 | 1,424 | 44,35 | 44,35 |  0,00 | 56,739 | 360,85 | 360,85 | 37,61 | 1415,853 | 226,78 | 363,50 |  0,00 | 139,005 | 122,36 | 122,36 | 298,203 |   NaN | NaN | 0,00 | 0,00 | NaN
  44 | 15,64 | 302,145 | 754,23 | 894,09 | 759,52 |  0,00 | 1,337 | 44,35 | 44,35 |  0,00 | 62,218 | 361,08 | 361,08 | 38,18 | 1399,424 | 226,44 | 366,30 |  0,00 | 138,959 | 122,36 | 122,36 | 298,133 |   NaN | NaN | 0,00 | 0,00 | NaN
  45 | 15,40 | 303,196 | 754,09 | 891,38 | 759,43 |  0,00 | 1,421 | 44,35 | 44,35 |  0,00 | 58,425 | 368,39 | 368,39 | 38,53 | 1456,274 | 218,99 | 356,28 |  0,00 | 139,101 | 122,36 | 122,36 | 298,303 |   NaN | NaN | 0,00 | 0,00 | NaN
  46 | 14,59 | 298,252 | 753,31 | 882,03 | 758,60 |  0,00 | 1,360 | 44,35 | 44,35 |  0,00 | 54,793 | 354,35 | 354,35 | 35,66 | 1357,305 | 232,24 | 360,96 |  0,00 | 138,950 | 122,36 | 122,36 | 298,162 |   NaN | NaN | 0,00 | 0,00 | NaN
  47 | 13,95 | 301,982 | 755,50 | 878,02 | 760,77 |  0,00 | 1,358 | 44,35 | 44,35 |  0,00 | 58,560 | 359,10 | 359,10 | 34,79 | 1386,742 | 229,69 | 352,20 |  0,00 | 138,979 | 122,36 | 122,36 | 298,195 |   NaN | NaN | 0,00 | 0,00 | NaN
  48 | 14,27 | 296,624 | 753,07 | 878,45 | 758,37 |  0,00 | 1,388 | 44,35 | 44,35 |  0,00 | 56,893 | 355,42 | 355,42 | 35,19 | 1352,927 | 230,93 | 356,32 |  0,00 | 138,991 | 122,36 | 122,36 | 298,178 |   NaN | NaN | 0,00 | 0,00 | NaN
  49 | 14,01 | 301,425 | 754,67 | 877,59 | 759,98 |  0,00 | 1,400 | 44,35 | 44,35 |  0,00 | 57,595 | 355,24 | 355,24 | 34,56 | 1367,409 | 232,72 | 355,64 |  0,00 | 138,989 | 122,36 | 122,36 | 298,187 |   NaN | NaN | 0,00 | 0,00 | NaN
  50 | 14,73 | 302,295 | 754,24 | 884,51 | 759,53 |  0,00 | 1,354 | 44,35 | 44,35 |  0,00 | 60,289 | 361,36 | 361,36 | 36,55 | 1404,947 | 226,16 | 356,44 |  0,00 | 138,917 | 122,36 | 122,36 | 298,114 |   NaN | NaN | 0,00 | 0,00 | NaN
  51 | 14,40 | 302,189 | 754,00 | 880,84 | 759,30 |  0,00 | 1,352 | 44,35 | 44,35 |  0,00 | 62,493 | 355,45 | 355,45 | 35,36 | 1368,010 | 231,83 | 358,67 |  0,00 | 138,996 | 122,36 | 122,36 | 298,200 |   NaN | NaN | 0,00 | 0,00 | NaN
  52 | 14,74 | 303,513 | 753,96 | 884,27 | 759,29 |  0,00 | 1,379 | 44,35 | 44,35 |  0,00 | 57,519 | 355,32 | 355,32 | 35,98 | 1381,549 | 231,92 | 362,24 |  0,00 | 139,001 | 122,36 | 122,36 | 298,192 |   NaN | NaN | 0,00 | 0,00 | NaN
  53 | 15,01 | 306,725 | 753,93 | 887,03 | 759,22 |  0,00 | 1,366 | 44,35 | 44,35 |  0,00 | 55,704 | 358,28 | 358,28 | 36,77 | 1417,309 | 228,94 | 362,04 |  0,00 | 138,992 | 122,36 | 122,36 | 298,204 |   NaN | NaN | 0,00 | 0,00 | NaN
  54 | 14,03 | 301,367 | 754,81 | 877,98 | 760,11 |  0,00 | 1,368 | 44,35 | 44,35 |  0,00 | 64,039 | 359,56 | 359,56 | 35,02 | 1380,938 | 228,53 | 351,71 |  0,00 | 138,941 | 122,36 | 122,36 | 298,143 |   NaN | NaN | 0,00 | 0,00 | NaN
  55 | 14,66 | 304,033 | 755,36 | 885,10 | 760,67 |  0,00 | 1,353 | 44,35 | 44,35 |  0,00 | 56,481 | 357,67 | 357,67 | 35,97 | 1392,828 | 230,97 | 360,71 |  0,00 | 138,776 | 122,36 | 122,36 | 297,982 |   NaN | NaN | 0,00 | 0,00 | NaN
  56 | 14,23 | 298,979 | 753,12 | 878,05 | 758,40 |  0,00 | 1,359 | 44,35 | 44,35 |  0,00 | 57,098 | 357,65 | 357,65 | 35,32 | 1376,323 | 228,76 | 353,69 |  0,00 | 139,029 | 122,36 | 122,36 | 298,220 |   NaN | NaN | 0,00 | 0,00 | NaN
  57 | 14,46 | 299,920 | 755,04 | 882,71 | 760,32 |  0,00 | 1,356 | 44,35 | 44,35 |  0,00 | 58,987 | 357,12 | 357,12 | 35,58 | 1366,637 | 231,21 | 358,88 |  0,00 | 139,058 | 122,36 | 122,36 | 298,256 |   NaN | NaN | 0,00 | 0,00 | NaN
  58 | 14,82 | 301,684 | 754,22 | 885,42 | 759,51 |  0,00 | 1,385 | 44,35 | 44,35 |  0,00 | 56,083 | 360,77 | 360,77 | 36,66 | 1404,789 | 226,74 | 357,94 |  0,00 | 138,993 | 122,36 | 122,36 | 298,176 |   NaN | NaN | 0,00 | 0,00 | NaN
  59 | 15,26 | 302,078 | 755,77 | 891,90 | 761,07 |  0,00 | 1,404 | 44,35 | 44,35 |  0,00 | 56,894 | 358,66 | 358,66 | 37,14 | 1386,204 | 230,39 | 366,53 |  0,00 | 138,585 | 122,36 | 122,36 | 297,739 |   NaN | NaN | 0,00 | 0,00 | NaN
  60 | 14,83 | 301,514 | 754,38 | 885,71 | 759,66 |  0,00 | 1,339 | 44,35 | 44,35 |  0,00 | 62,074 | 360,54 | 360,54 | 36,64 | 1392,582 | 227,13 | 358,45 |  0,00 | 138,911 | 122,36 | 122,36 | 298,085 |   NaN | NaN | 0,00 | 0,00 | NaN
  61 | 15,37 | 304,271 | 754,47 | 891,51 | 759,74 |  0,00 | 1,361 | 44,35 | 44,35 |  0,00 | 57,956 | 363,25 | 363,25 | 37,90 | 1428,621 | 224,50 | 361,55 |  0,00 | 138,931 | 122,36 | 122,36 | 298,124 |   NaN | NaN | 0,00 | 0,00 | NaN
  62 | 15,13 | 301,224 | 753,76 | 888,14 | 759,10 |  0,00 | 1,423 | 44,35 | 44,35 |  0,00 | 60,284 | 359,61 | 359,61 | 37,14 | 1391,130 | 227,44 | 361,82 |  0,00 | 139,033 | 122,36 | 122,36 | 298,215 |   NaN | NaN | 0,00 | 0,00 | NaN
  63 | 15,16 | 300,942 | 754,79 | 889,66 | 760,07 |  0,00 | 1,378 | 44,35 | 44,35 |  0,00 | 57,907 | 364,10 | 364,10 | 37,59 | 1415,151 | 223,97 | 358,84 |  0,00 | 138,931 | 122,36 | 122,36 | 298,150 |   NaN | NaN | 0,00 | 0,00 | NaN
  64 | 14,09 | 299,739 | 755,05 | 878,90 | 760,40 |  0,00 | 1,421 | 44,35 | 44,35 |  0,00 | 59,954 | 357,13 | 357,13 | 34,88 | 1364,245 | 231,21 | 355,06 |  0,00 | 139,048 | 122,36 | 122,36 | 298,243 |   NaN | NaN | 0,00 | 0,00 | NaN

= = = = = = = = = = = = AVERAGE RESULTS system = = = = = = = = = = = =
meanPLR_system | 14,839131 
meanDelay_system | 301,382380 
meanLoad_system | 885,828873 
meanTHR_system | 754,349512 
meanGate_system | 759,655656 

meanPLR_EF_system | 0,000000 
meanPLR_AF_system | 0,000000 
meanPLR_BE_system | 36,576766 
meanPLR_FLA_system | 0,000000 
meanPLR_FLB_system | NaN 

meanTHR_EF_system | 44,352001 
meanTHR_AF_system | 359,739195 
meanTHR_BE_system | 227,895879 
meanTHR_FLA_system | 125,572102 
meanTHR_FLB_system | 0,000000 

meanLoad_EF_system | 44,352001 
meanLoad_AF_system | 359,739195 
meanLoad_BE_system | 359,375240 
meanLoad_FLA_system | 125,572102 
meanLoad_FLB_system | 0,000000 

meanDELAY_EF_system | 1,383077 
meanDELAY_AF_system | 58,939746 
meanDELAY_BE_system | 1392,616622 
meanDELAY_FLA_system | 138,936780 
meanDELAY_FLB_system | NaN 
meanDELAY_CompleteFLA_system | 298,130872 
meanDELAY_CompleteFLB_system | NaN 

= = = = = = = = = = = = AVERAGE RESULTS = = = = = = = = = = = =
Packet Loss Ratio: 14,84 (%)
PROCESSED PACKAGES: 1365201504 
DISCARTED PACKAGES: 154581797 
TOTAL PACKAGES: 1519783301 
AVERAGE DELAY: 54774,72 (ms) 
AVERAGE THROUGHPUT: 754,35 (Mbps) 
GRANTED THROUGHPUT: 48617,96 (Mbps) By 64 ONUs
EFFECTIVE THROUGHPUT: 48278,37 (Mbps) By 64 ONUs
TOTAL LOAD: 56693,05 (Mbps) By 64 ONUs
ON Arrival THROUGHPUT: 0,00 (Mbps) By 64 ONUs
FINISHTIMEFL: 114,369352 
FINISHTIME: 117,369352 


fileName | IPACT_STRICTPRIORITY_1_68_96_0 
