
ONU ID 	|  PLR(%) | Delay(ms) | Throughput(Mbps) | Granted Throughput(Mbps) | Total Load (Mbps) 

  ID |  PLR(%) |  D  | Thr |  Gates  |  Load  | PLR-EF | D-EF | ThrEF | LoadEF | PLR-AF | D-AF | ThrAF | LoadAF | PLR-BE | D-BE | ThrBE | LoadBE | PLR-FA | D-FA | ThrFA | LoadFA | DTFA |  PLR-FB | D-FB | ThrFB | LoadFB | DTFB | 
   1 |  0,00 | 1,397 | 605,09 | 605,09 | 641,06 |  0,00 | 0,163 | 44,35 | 44,35 |  0,00 | 0,747 | 265,91 | 265,91 |  0,00 | 1,133 | 258,97 | 258,97 |  0,00 | 46,742 | 35,86 | 35,86 | 115,163 |   NaN | NaN | 0,00 | 0,00 | NaN
   2 |  0,00 | 15,156 | 607,19 | 607,19 | 647,38 |  0,00 | 0,175 | 44,35 | 44,35 |  0,00 | 0,192 | 265,81 | 265,81 |  0,00 | 0,239 | 261,17 | 261,17 |  0,00 | 826,070 | 35,86 | 35,86 | 1672,537 |   NaN | NaN | 0,00 | 0,00 | NaN
   3 |  0,00 | 14,370 | 602,91 | 602,91 | 636,00 |  0,00 | 0,112 | 44,35 | 44,35 |  0,00 | 0,125 | 261,96 | 261,96 |  0,00 | 0,310 | 260,75 | 260,75 |  0,00 | 781,097 | 35,86 | 35,86 | 1582,610 |   NaN | NaN | 0,00 | 0,00 | NaN
   4 |  0,00 | 0,969 | 609,04 | 609,04 | 642,32 |  0,00 | 0,117 | 44,35 | 44,35 |  0,00 | 0,625 | 266,04 | 266,04 |  0,00 | 0,887 | 262,80 | 262,80 |  0,00 | 29,468 | 35,86 | 35,86 | 74,763 |   NaN | NaN | 0,00 | 0,00 | NaN
   5 |  0,00 | 21,730 | 603,80 | 603,80 | 637,28 |  0,00 | 0,143 | 44,35 | 44,35 |  0,00 | 0,149 | 262,12 | 262,12 |  0,00 | 0,272 | 261,48 | 261,48 |  0,00 | 1186,087 | 35,86 | 35,86 | 2392,549 |   NaN | NaN | 0,00 | 0,00 | NaN
   6 |  0,00 | 17,131 | 607,38 | 607,38 | 640,33 |  0,00 | 0,092 | 44,35 | 44,35 |  0,00 | 0,106 | 264,01 | 264,01 |  0,00 | 0,341 | 263,17 | 263,17 |  0,00 | 937,252 | 35,86 | 35,86 | 1894,894 |   NaN | NaN | 0,00 | 0,00 | NaN
   7 |  0,00 | 5,586 | 607,04 | 607,04 | 640,16 |  0,00 | 0,110 | 44,35 | 44,35 |  0,00 | 0,127 | 264,16 | 264,16 |  0,00 | 0,318 | 262,66 | 262,66 |  0,00 | 299,265 | 35,86 | 35,86 | 618,918 |   NaN | NaN | 0,00 | 0,00 | NaN
   8 |  0,00 | 15,730 | 606,41 | 606,41 | 641,57 |  0,00 | 0,160 | 44,35 | 44,35 |  0,00 | 0,174 | 262,10 | 262,10 |  0,00 | 0,260 | 264,10 | 264,10 |  0,00 | 857,466 | 35,86 | 35,86 | 1735,436 |   NaN | NaN | 0,00 | 0,00 | NaN
   9 |  0,00 | 9,818 | 607,77 | 607,77 | 640,87 |  0,00 | 0,100 | 44,35 | 44,35 |  0,00 | 0,106 | 263,32 | 263,32 |  0,00 | 0,323 | 264,24 | 264,24 |  0,00 | 533,710 | 35,86 | 35,86 | 1087,796 |   NaN | NaN | 0,00 | 0,00 | NaN
  10 |  0,00 | 1,175 | 604,29 | 604,29 | 639,58 |  0,00 | 0,161 | 44,35 | 44,35 |  0,00 | 0,882 | 262,53 | 262,53 |  0,00 | 1,127 | 261,56 | 261,56 |  0,00 | 32,770 | 35,86 | 35,86 | 85,889 |   NaN | NaN | 0,00 | 0,00 | NaN
  11 |  0,00 | 31,268 | 602,99 | 602,99 | 636,10 |  0,00 | 0,100 | 44,35 | 44,35 |  0,00 | 0,164 | 259,45 | 259,45 |  0,00 | 0,392 | 263,34 | 263,34 |  0,00 | 1709,068 | 35,86 | 35,86 | 3438,714 |   NaN | NaN | 0,00 | 0,00 | NaN
  12 |  0,00 | 18,133 | 605,67 | 605,67 | 641,52 |  0,00 | 0,163 | 44,35 | 44,35 |  0,00 | 0,171 | 262,79 | 262,79 |  0,00 | 0,245 | 262,67 | 262,67 |  0,00 | 989,347 | 35,86 | 35,86 | 1999,124 |   NaN | NaN | 0,00 | 0,00 | NaN
  13 |  0,00 | 15,132 | 599,64 | 599,64 | 632,77 |  0,00 | 0,127 | 44,35 | 44,35 |  0,00 | 0,136 | 261,07 | 261,07 |  0,00 | 0,291 | 258,36 | 258,36 |  0,00 | 820,132 | 35,86 | 35,86 | 1660,650 |   NaN | NaN | 0,00 | 0,00 | NaN
  14 |  0,00 | 21,335 | 606,39 | 606,39 | 643,89 |  0,00 | 0,169 | 44,35 | 44,35 |  0,00 | 0,177 | 263,12 | 263,12 |  0,00 | 0,245 | 263,06 | 263,06 |  0,00 | 1166,503 | 35,86 | 35,86 | 2353,304 |   NaN | NaN | 0,00 | 0,00 | NaN
  15 |  0,00 | 5,927 | 602,63 | 602,63 | 638,48 |  0,00 | 0,163 | 44,35 | 44,35 |  0,00 | 0,167 | 258,30 | 258,30 |  0,00 | 0,253 | 264,12 | 264,12 |  0,00 | 315,690 | 35,86 | 35,86 | 651,853 |   NaN | NaN | 0,00 | 0,00 | NaN
  16 |  0,00 | 11,974 | 611,82 | 611,82 | 645,97 |  0,00 | 0,154 | 44,35 | 44,35 |  0,00 | 0,165 | 264,09 | 264,09 |  0,00 | 0,259 | 267,52 | 267,52 |  0,00 | 653,924 | 35,86 | 35,86 | 1328,185 |   NaN | NaN | 0,00 | 0,00 | NaN
  17 |  0,00 | 11,295 | 607,67 | 607,67 | 644,56 |  0,00 | 0,167 | 44,35 | 44,35 |  0,00 | 0,172 | 264,65 | 264,65 |  0,00 | 0,241 | 262,81 | 262,81 |  0,00 | 613,645 | 35,86 | 35,86 | 1247,682 |   NaN | NaN | 0,00 | 0,00 | NaN
  18 |  0,00 | 33,790 | 602,76 | 602,76 | 636,16 |  0,00 | 0,144 | 44,35 | 44,35 |  0,00 | 0,164 | 260,94 | 260,94 |  0,00 | 0,296 | 261,61 | 261,61 |  0,00 | 1847,139 | 35,86 | 35,86 | 3714,354 |   NaN | NaN | 0,00 | 0,00 | NaN
  19 |  0,00 | 26,722 | 598,54 | 598,54 | 631,79 |  0,00 | 0,134 | 44,35 | 44,35 |  0,00 | 0,144 | 258,29 | 258,29 |  0,00 | 0,285 | 260,04 | 260,04 |  0,00 | 1453,602 | 35,86 | 35,86 | 2927,605 |   NaN | NaN | 0,00 | 0,00 | NaN
  20 |  0,00 | 31,903 | 601,78 | 601,78 | 634,94 |  0,00 | 0,130 | 44,35 | 44,35 |  0,00 | 0,166 | 263,29 | 263,29 |  0,00 | 0,326 | 258,28 | 258,28 |  0,00 | 1741,777 | 35,86 | 35,86 | 3504,066 |   NaN | NaN | 0,00 | 0,00 | NaN
  21 |  0,00 | 3,889 | 596,77 | 596,77 | 630,00 |  0,00 | 0,134 | 44,35 | 44,35 |  0,00 | 0,144 | 259,40 | 259,40 |  0,00 | 0,288 | 257,16 | 257,16 |  0,00 | 203,139 | 35,86 | 35,86 | 426,557 |   NaN | NaN | 0,00 | 0,00 | NaN
  22 |  0,00 | 22,580 | 609,44 | 609,44 | 648,60 |  0,00 | 0,173 | 44,35 | 44,35 |  0,00 | 0,179 | 267,63 | 267,63 |  0,00 | 0,241 | 261,60 | 261,60 |  0,00 | 1238,713 | 35,86 | 35,86 | 2497,817 |   NaN | NaN | 0,00 | 0,00 | NaN
  23 |  0,00 | 29,369 | 605,61 | 605,61 | 639,86 |  0,00 | 0,155 | 44,35 | 44,35 |  0,00 | 0,288 | 262,88 | 262,88 |  0,00 | 0,351 | 262,52 | 262,52 |  0,00 | 1605,849 | 35,86 | 35,86 | 3231,755 |   NaN | NaN | 0,00 | 0,00 | NaN
  24 |  0,00 | 15,233 | 607,94 | 607,94 | 641,07 |  0,00 | 0,117 | 44,35 | 44,35 |  0,00 | 0,131 | 262,53 | 262,53 |  0,00 | 0,307 | 265,20 | 265,20 |  0,00 | 832,358 | 35,86 | 35,86 | 1685,282 |   NaN | NaN | 0,00 | 0,00 | NaN
  25 |  0,00 | 7,078 | 609,62 | 609,62 | 649,32 |  0,00 | 0,174 | 44,35 | 44,35 |  0,00 | 0,184 | 262,14 | 262,14 |  0,00 | 0,236 | 267,27 | 267,27 |  0,00 | 381,143 | 35,86 | 35,86 | 782,602 |   NaN | NaN | 0,00 | 0,00 | NaN
  26 |  0,00 | 5,484 | 602,72 | 602,72 | 640,95 |  0,00 | 0,171 | 44,35 | 44,35 |  0,00 | 0,196 | 261,88 | 261,88 |  0,00 | 0,255 | 260,63 | 260,63 |  0,00 | 290,728 | 35,86 | 35,86 | 601,792 |   NaN | NaN | 0,00 | 0,00 | NaN
  27 |  0,00 | 34,161 | 603,39 | 603,39 | 636,48 |  0,00 | 0,097 | 44,35 | 44,35 |  0,00 | 0,118 | 263,90 | 263,90 |  0,00 | 0,335 | 259,28 | 259,28 |  0,00 | 1870,053 | 35,86 | 35,86 | 3760,601 |   NaN | NaN | 0,00 | 0,00 | NaN
  28 |  0,00 | 29,748 | 599,74 | 599,74 | 635,72 |  0,00 | 0,163 | 44,35 | 44,35 |  0,00 | 0,280 | 262,42 | 262,42 |  0,00 | 0,532 | 257,11 | 257,11 |  0,00 | 1614,914 | 35,86 | 35,86 | 3250,029 |   NaN | NaN | 0,00 | 0,00 | NaN
  29 |  0,00 | 30,669 | 607,09 | 607,09 | 640,46 |  0,00 | 0,143 | 44,35 | 44,35 |  0,00 | 0,211 | 263,31 | 263,31 |  0,00 | 0,401 | 263,57 | 263,57 |  0,00 | 1680,506 | 35,86 | 35,86 | 3381,798 |   NaN | NaN | 0,00 | 0,00 | NaN
  30 |  0,00 | 32,801 | 602,94 | 602,94 | 642,16 |  0,00 | 0,173 | 44,35 | 44,35 |  0,00 | 0,190 | 261,11 | 261,11 |  0,00 | 0,248 | 261,62 | 261,62 |  0,00 | 1792,614 | 35,86 | 35,86 | 3605,440 |   NaN | NaN | 0,00 | 0,00 | NaN
  31 |  0,00 | 29,586 | 603,14 | 603,14 | 636,44 |  0,00 | 0,140 | 44,35 | 44,35 |  0,00 | 0,319 | 263,37 | 263,37 |  0,00 | 0,409 | 259,55 | 259,55 |  0,00 | 1613,153 | 35,86 | 35,86 | 3246,480 |   NaN | NaN | 0,00 | 0,00 | NaN
  32 |  0,00 | 31,264 | 607,26 | 607,26 | 640,34 |  0,00 | 0,097 | 44,35 | 44,35 |  0,00 | 0,176 | 263,10 | 263,10 |  0,00 | 0,514 | 263,95 | 263,95 |  0,00 | 1713,858 | 35,86 | 35,86 | 3448,355 |   NaN | NaN | 0,00 | 0,00 | NaN
  33 |  0,00 | 32,231 | 602,98 | 602,98 | 638,42 |  0,00 | 0,162 | 44,35 | 44,35 |  0,00 | 0,245 | 261,09 | 261,09 |  0,00 | 0,368 | 261,69 | 261,69 |  0,00 | 1759,478 | 35,86 | 35,86 | 3539,444 |   NaN | NaN | 0,00 | 0,00 | NaN
  34 |  0,00 | 35,299 | 602,91 | 602,91 | 636,95 |  0,00 | 0,153 | 44,35 | 44,35 |  0,00 | 0,163 | 262,22 | 262,22 |  0,00 | 0,266 | 260,48 | 260,48 |  0,00 | 1930,831 | 35,86 | 35,86 | 3882,136 |   NaN | NaN | 0,00 | 0,00 | NaN
  35 |  0,00 | 36,312 | 609,47 | 609,47 | 642,58 |  0,00 | 0,102 | 44,35 | 44,35 |  0,00 | 0,110 | 264,34 | 264,34 |  0,00 | 0,315 | 264,92 | 264,92 |  0,00 | 2000,070 | 35,86 | 35,86 | 4020,462 |   NaN | NaN | 0,00 | 0,00 | NaN
  36 |  0,00 | 34,639 | 603,30 | 603,30 | 637,72 |  0,00 | 0,155 | 44,35 | 44,35 |  0,00 | 0,184 | 259,05 | 259,05 |  0,00 | 0,272 | 264,05 | 264,05 |  0,00 | 1894,810 | 35,86 | 35,86 | 3810,087 |   NaN | NaN | 0,00 | 0,00 | NaN
  37 |  0,00 | 31,178 | 609,96 | 609,96 | 643,24 |  0,00 | 0,138 | 44,35 | 44,35 |  0,00 | 0,211 | 266,68 | 266,68 |  0,00 | 0,329 | 263,06 | 263,06 |  0,00 | 1714,295 | 35,86 | 35,86 | 3449,133 |   NaN | NaN | 0,00 | 0,00 | NaN
  38 |  0,00 | 32,899 | 608,17 | 608,17 | 641,37 |  0,00 | 0,130 | 44,35 | 44,35 |  0,00 | 0,138 | 264,01 | 264,01 |  0,00 | 0,287 | 263,96 | 263,96 |  0,00 | 1808,523 | 35,86 | 35,86 | 3637,400 |   NaN | NaN | 0,00 | 0,00 | NaN
  39 |  0,00 | 32,241 | 596,54 | 596,54 | 635,73 |  0,00 | 0,173 | 44,35 | 44,35 |  0,00 | 0,179 | 259,14 | 259,14 |  0,00 | 0,263 | 257,20 | 257,20 |  0,00 | 1751,102 | 35,86 | 35,86 | 3522,770 |   NaN | NaN | 0,00 | 0,00 | NaN
  40 |  0,00 | 34,231 | 599,99 | 599,99 | 639,12 |  0,00 | 0,173 | 44,35 | 44,35 |  0,00 | 0,189 | 262,61 | 262,61 |  0,00 | 0,264 | 257,18 | 257,18 |  0,00 | 1865,820 | 35,86 | 35,86 | 3752,066 |   NaN | NaN | 0,00 | 0,00 | NaN
  41 |  0,00 | 30,055 | 608,56 | 608,56 | 643,07 |  0,00 | 0,156 | 44,35 | 44,35 |  0,00 | 0,251 | 260,73 | 260,73 |  0,00 | 0,417 | 267,63 | 267,63 |  0,00 | 1647,821 | 35,86 | 35,86 | 3316,435 |   NaN | NaN | 0,00 | 0,00 | NaN
  42 |  0,00 | 30,600 | 609,29 | 609,29 | 642,40 |  0,00 | 0,102 | 44,35 | 44,35 |  0,00 | 0,163 | 264,29 | 264,29 |  0,00 | 0,432 | 264,79 | 264,79 |  0,00 | 1681,548 | 35,86 | 35,86 | 3383,847 |   NaN | NaN | 0,00 | 0,00 | NaN
  43 |  0,00 | 31,803 | 612,85 | 612,85 | 651,25 |  0,00 | 0,180 | 44,35 | 44,35 |  0,00 | 0,196 | 267,03 | 267,03 |  0,00 | 0,261 | 265,61 | 265,61 |  0,00 | 1753,878 | 35,86 | 35,86 | 3528,303 |   NaN | NaN | 0,00 | 0,00 | NaN
  44 |  0,00 | 29,934 | 607,73 | 607,73 | 640,71 |  0,00 | 0,093 | 44,35 | 44,35 |  0,00 | 0,340 | 262,18 | 262,18 |  0,00 | 0,609 | 265,33 | 265,33 |  0,00 | 1637,626 | 35,86 | 35,86 | 3295,752 |   NaN | NaN | 0,00 | 0,00 | NaN
  45 |  0,00 | 30,639 | 603,41 | 603,41 | 644,13 |  0,00 | 0,177 | 44,35 | 44,35 |  0,00 | 0,254 | 265,00 | 265,00 |  0,00 | 0,415 | 258,20 | 258,20 |  0,00 | 1671,257 | 35,86 | 35,86 | 3363,268 |   NaN | NaN | 0,00 | 0,00 | NaN
  46 |  0,00 | 31,717 | 604,53 | 604,53 | 637,66 |  0,00 | 0,116 | 44,35 | 44,35 |  0,00 | 0,146 | 260,92 | 260,92 |  0,00 | 0,339 | 263,40 | 263,40 |  0,00 | 1736,554 | 35,86 | 35,86 | 3493,611 |   NaN | NaN | 0,00 | 0,00 | NaN
  47 |  0,00 | 29,254 | 604,05 | 604,05 | 637,16 |  0,00 | 0,114 | 44,35 | 44,35 |  0,00 | 0,250 | 263,86 | 263,86 |  0,00 | 0,433 | 259,99 | 259,99 |  0,00 | 1597,478 | 35,86 | 35,86 | 3214,976 |   NaN | NaN | 0,00 | 0,00 | NaN
  48 |  0,00 | 29,959 | 602,32 | 602,32 | 635,75 |  0,00 | 0,143 | 44,35 | 44,35 |  0,00 | 0,180 | 260,79 | 260,79 |  0,00 | 0,401 | 261,32 | 261,32 |  0,00 | 1634,341 | 35,86 | 35,86 | 3289,195 |   NaN | NaN | 0,00 | 0,00 | NaN
  49 |  0,00 | 29,361 | 603,29 | 603,29 | 637,68 |  0,00 | 0,156 | 44,35 | 44,35 |  0,00 | 0,266 | 262,97 | 262,97 |  0,00 | 0,488 | 260,11 | 260,11 |  0,00 | 1600,324 | 35,86 | 35,86 | 3220,651 |   NaN | NaN | 0,00 | 0,00 | NaN
  50 |  0,00 | 31,787 | 606,90 | 606,90 | 640,01 |  0,00 | 0,110 | 44,35 | 44,35 |  0,00 | 0,125 | 264,83 | 264,83 |  0,00 | 0,315 | 261,86 | 261,86 |  0,00 | 1745,177 | 35,86 | 35,86 | 3510,942 |   NaN | NaN | 0,00 | 0,00 | NaN
  51 |  0,00 | 30,105 | 605,83 | 605,83 | 638,94 |  0,00 | 0,108 | 44,35 | 44,35 |  0,00 | 0,364 | 262,15 | 262,15 |  0,00 | 0,512 | 263,47 | 263,47 |  0,00 | 1644,855 | 35,86 | 35,86 | 3310,426 |   NaN | NaN | 0,00 | 0,00 | NaN
  52 |  0,00 | 30,498 | 604,79 | 604,79 | 637,99 |  0,00 | 0,134 | 44,35 | 44,35 |  0,00 | 0,309 | 258,91 | 258,91 |  0,00 | 0,578 | 265,66 | 265,66 |  0,00 | 1663,933 | 35,86 | 35,86 | 3348,623 |   NaN | NaN | 0,00 | 0,00 | NaN
  53 |  0,00 | 31,370 | 606,24 | 606,24 | 639,38 |  0,00 | 0,122 | 44,35 | 44,35 |  0,00 | 0,171 | 263,96 | 263,96 |  0,00 | 0,308 | 262,07 | 262,07 |  0,00 | 1720,250 | 35,86 | 35,86 | 3461,091 |   NaN | NaN | 0,00 | 0,00 | NaN
  54 |  0,00 | 30,753 | 600,72 | 600,72 | 633,87 |  0,00 | 0,124 | 44,35 | 44,35 |  0,00 | 0,205 | 262,49 | 262,49 |  0,00 | 0,421 | 258,02 | 258,02 |  0,00 | 1675,190 | 35,86 | 35,86 | 3371,209 |   NaN | NaN | 0,00 | 0,00 | NaN
  55 |  0,00 | 33,177 | 602,16 | 602,16 | 635,24 |  0,00 | 0,109 | 44,35 | 44,35 |  0,00 | 0,122 | 259,56 | 259,56 |  0,00 | 0,316 | 262,40 | 262,40 |  0,00 | 1813,781 | 35,86 | 35,86 | 3647,937 |   NaN | NaN | 0,00 | 0,00 | NaN
  56 |  0,00 | 30,146 | 601,73 | 601,73 | 634,84 |  0,00 | 0,115 | 44,35 | 44,35 |  0,00 | 0,246 | 260,46 | 260,46 |  0,00 | 0,473 | 261,06 | 261,06 |  0,00 | 1642,744 | 35,86 | 35,86 | 3306,139 |   NaN | NaN | 0,00 | 0,00 | NaN
  57 |  0,00 | 29,511 | 604,27 | 604,27 | 637,37 |  0,00 | 0,112 | 44,35 | 44,35 |  0,00 | 0,171 | 261,55 | 261,55 |  0,00 | 0,458 | 262,51 | 262,51 |  0,00 | 1612,965 | 35,86 | 35,86 | 3245,978 |   NaN | NaN | 0,00 | 0,00 | NaN
  58 |  0,00 | 29,628 | 606,14 | 606,14 | 639,50 |  0,00 | 0,141 | 44,35 | 44,35 |  0,00 | 0,412 | 263,10 | 263,10 |  0,00 | 0,551 | 262,83 | 262,83 |  0,00 | 1616,972 | 35,86 | 35,86 | 3254,224 |   NaN | NaN | 0,00 | 0,00 | NaN
  59 |  0,00 | 34,856 | 608,78 | 608,78 | 643,86 |  0,00 | 0,160 | 44,35 | 44,35 |  0,00 | 0,164 | 262,06 | 262,06 |  0,00 | 0,255 | 266,51 | 266,51 |  0,00 | 1917,143 | 35,86 | 35,86 | 3854,578 |   NaN | NaN | 0,00 | 0,00 | NaN
  60 |  0,00 | 30,202 | 604,67 | 604,67 | 637,71 |  0,00 | 0,095 | 44,35 | 44,35 |  0,00 | 0,338 | 262,20 | 262,20 |  0,00 | 0,575 | 262,26 | 262,26 |  0,00 | 1648,128 | 35,86 | 35,86 | 3316,918 |   NaN | NaN | 0,00 | 0,00 | NaN
  61 |  0,00 | 31,471 | 608,50 | 608,50 | 641,60 |  0,00 | 0,117 | 44,35 | 44,35 |  0,00 | 0,161 | 264,06 | 264,06 |  0,00 | 0,349 | 264,23 | 264,23 |  0,00 | 1729,087 | 35,86 | 35,86 | 3478,673 |   NaN | NaN | 0,00 | 0,00 | NaN
  62 |  0,00 | 29,818 | 608,30 | 608,30 | 649,79 |  0,00 | 0,179 | 44,35 | 44,35 |  0,00 | 0,284 | 264,10 | 264,10 |  0,00 | 0,326 | 263,99 | 263,99 |  0,00 | 1634,695 | 35,86 | 35,86 | 3289,838 |   NaN | NaN | 0,00 | 0,00 | NaN
  63 |  0,00 | 32,604 | 605,53 | 605,53 | 638,74 |  0,00 | 0,134 | 44,35 | 44,35 |  0,00 | 0,154 | 263,93 | 263,93 |  0,00 | 0,293 | 261,39 | 261,39 |  0,00 | 1787,313 | 35,86 | 35,86 | 3594,828 |   NaN | NaN | 0,00 | 0,00 | NaN
  64 |  0,00 | 30,849 | 601,72 | 601,72 | 642,83 |  0,00 | 0,177 | 44,35 | 44,35 |  0,00 | 0,349 | 261,31 | 261,31 |  0,00 | 0,597 | 260,20 | 260,20 |  0,00 | 1676,369 | 35,86 | 35,86 | 3373,521 |   NaN | NaN | 0,00 | 0,00 | NaN

= = = = = = = = = = = = AVERAGE RESULTS system = = = = = = = = = = = =
meanPLR_system | 0,000000 
meanDelay_system | 24,867715 
meanLoad_system | 605,032403 
meanTHR_system | 605,032403 
meanGate_system | 639,854840 

meanPLR_EF_system | 0,000000 
meanPLR_AF_system | 0,000000 
meanPLR_BE_system | 0,000000 
meanPLR_FLA_system | 0,000000 
meanPLR_FLB_system | NaN 

meanTHR_EF_system | 44,352002 
meanTHR_AF_system | 262,643362 
meanTHR_BE_system | 262,180963 
meanTHR_FLA_system | 36,475328 
meanTHR_FLB_system | 0,000000 

meanLoad_EF_system | 44,352002 
meanLoad_AF_system | 262,643362 
meanLoad_BE_system | 262,180963 
meanLoad_FLA_system | 36,475328 
meanLoad_FLB_system | 0,000000 

meanDELAY_EF_system | 0,138727 
meanDELAY_AF_system | 0,223702 
meanDELAY_BE_system | 0,385101 
meanDELAY_FLA_system | 1357,689661 
meanDELAY_FLB_system | NaN 
meanDELAY_CompleteFLA_system | 2735,766574 
meanDELAY_CompleteFLB_system | NaN 

= = = = = = = = = = = = AVERAGE RESULTS = = = = = = = = = = = =
Packet Loss Ratio: 00,00 (%)
PROCESSED PACKAGES: 1861544947 
DISCARTED PACKAGES: 0 
TOTAL PACKAGES: 1861544947 
AVERAGE DELAY: 4092,85 (ms) 
AVERAGE THROUGHPUT: 605,03 (Mbps) 
GRANTED THROUGHPUT: 40950,71 (Mbps) By 64 ONUs
EFFECTIVE THROUGHPUT: 38722,07 (Mbps) By 64 ONUs
TOTAL LOAD: 38722,07 (Mbps) By 64 ONUs
ON Arrival THROUGHPUT: 0,00 (Mbps) By 64 ONUs
FINISHTIMEFL: 173,706456 
FINISHTIME: 176,706456 


fileName | IPACT_LEAKYBUCKET_4_30_70_0 
