
ONU ID 	|  PLR(%) | Delay(ms) | Throughput(Mbps) | Granted Throughput(Mbps) | Total Load (Mbps) 

  ID |  PLR(%) |  D  | Thr |  Gates  |  Load  | PLR-EF | D-EF | ThrEF | LoadEF | PLR-AF | D-AF | ThrAF | LoadAF | PLR-BE | D-BE | ThrBE | LoadBE | PLR-FA | D-FA | ThrFA | LoadFA | DTFA |  PLR-FB | D-FB | ThrFB | LoadFB | DTFB | 
   1 |  0,00 | 4,658 | 523,30 | 523,30 | 566,53 |  0,00 | 0,131 | 44,35 | 44,35 |  0,00 | 0,325 | 210,65 | 210,65 |  0,00 | 0,456 | 202,90 | 202,90 |  0,00 | 121,310 | 65,40 | 65,40 | 263,283 |   NaN | NaN | 0,00 | 0,00 | NaN
   2 |  0,00 | 18,495 | 522,93 | 522,93 | 571,17 |  0,00 | 0,143 | 44,35 | 44,35 |  0,00 | 0,149 | 206,14 | 206,14 |  0,00 | 0,206 | 207,04 | 207,04 |  0,00 | 503,259 | 65,40 | 65,40 | 1027,044 |   NaN | NaN | 0,00 | 0,00 | NaN
   3 |  0,00 | 17,465 | 524,23 | 524,23 | 562,61 |  0,00 | 0,079 | 44,35 | 44,35 |  0,00 | 0,088 | 207,48 | 207,48 |  0,00 | 0,279 | 207,00 | 207,00 |  0,00 | 476,537 | 65,40 | 65,40 | 973,526 |   NaN | NaN | 0,00 | 0,00 | NaN
   4 |  0,00 | 2,733 | 526,02 | 526,02 | 564,43 |  0,00 | 0,085 | 44,35 | 44,35 |  0,00 | 0,319 | 210,06 | 210,06 |  0,00 | 0,505 | 206,20 | 206,20 |  0,00 | 69,054 | 65,40 | 65,40 | 156,479 |   NaN | NaN | 0,00 | 0,00 | NaN
   5 |  0,00 | 25,288 | 520,79 | 520,79 | 560,13 |  0,00 | 0,110 | 44,35 | 44,35 |  0,00 | 0,121 | 206,15 | 206,15 |  0,00 | 0,244 | 204,88 | 204,88 |  0,00 | 688,565 | 65,40 | 65,40 | 1397,442 |   NaN | NaN | 0,00 | 0,00 | NaN
   6 |  0,00 | 20,612 | 525,66 | 525,66 | 563,21 |  0,00 | 0,062 | 44,35 | 44,35 |  0,00 | 0,070 | 208,51 | 208,51 |  0,00 | 0,308 | 207,40 | 207,40 |  0,00 | 563,993 | 65,40 | 65,40 | 1148,363 |   NaN | NaN | 0,00 | 0,00 | NaN
   7 |  0,00 | 8,517 | 522,14 | 522,14 | 560,54 |  0,00 | 0,077 | 44,35 | 44,35 |  0,00 | 0,085 | 207,06 | 207,06 |  0,00 | 0,288 | 205,33 | 205,33 |  0,00 | 230,179 | 65,40 | 65,40 | 480,778 |   NaN | NaN | 0,00 | 0,00 | NaN
   8 |  0,00 | 19,133 | 524,53 | 524,53 | 566,92 |  0,00 | 0,128 | 44,35 | 44,35 |  0,00 | 0,136 | 205,96 | 205,96 |  0,00 | 0,219 | 208,82 | 208,82 |  0,00 | 521,884 | 65,40 | 65,40 | 1064,208 |   NaN | NaN | 0,00 | 0,00 | NaN
   9 |  0,00 | 12,805 | 524,01 | 524,01 | 562,27 |  0,00 | 0,068 | 44,35 | 44,35 |  0,00 | 0,077 | 208,27 | 208,27 |  0,00 | 0,297 | 205,99 | 205,99 |  0,00 | 348,523 | 65,40 | 65,40 | 717,500 |   NaN | NaN | 0,00 | 0,00 | NaN
  10 |  0,00 | 4,103 | 522,95 | 522,95 | 565,46 |  0,00 | 0,128 | 44,35 | 44,35 |  0,00 | 0,360 | 207,10 | 207,10 |  0,00 | 0,430 | 206,10 | 206,10 |  0,00 | 106,000 | 65,40 | 65,40 | 230,520 |   NaN | NaN | 0,00 | 0,00 | NaN
  11 |  0,00 | 35,376 | 518,27 | 518,27 | 556,55 |  0,00 | 0,068 | 44,35 | 44,35 |  0,00 | 0,102 | 202,38 | 202,38 |  0,00 | 0,326 | 206,13 | 206,13 |  0,00 | 962,331 | 65,40 | 65,40 | 1945,212 |   NaN | NaN | 0,00 | 0,00 | NaN
  12 |  0,00 | 21,521 | 523,82 | 523,82 | 566,91 |  0,00 | 0,130 | 44,35 | 44,35 |  0,00 | 0,139 | 207,20 | 207,20 |  0,00 | 0,222 | 206,87 | 206,87 |  0,00 | 586,911 | 65,40 | 65,40 | 1194,229 |   NaN | NaN | 0,00 | 0,00 | NaN
  13 |  0,00 | 18,382 | 516,73 | 516,73 | 555,27 |  0,00 | 0,095 | 44,35 | 44,35 |  0,00 | 0,102 | 203,58 | 203,58 |  0,00 | 0,258 | 203,40 | 203,40 |  0,00 | 497,580 | 65,40 | 65,40 | 1015,542 |   NaN | NaN | 0,00 | 0,00 | NaN
  14 |  0,00 | 24,915 | 524,08 | 524,08 | 569,20 |  0,00 | 0,136 | 44,35 | 44,35 |  0,00 | 0,143 | 207,54 | 207,54 |  0,00 | 0,214 | 206,79 | 206,79 |  0,00 | 680,338 | 65,40 | 65,40 | 1381,160 |   NaN | NaN | 0,00 | 0,00 | NaN
  15 |  0,00 | 8,422 | 520,39 | 520,39 | 563,50 |  0,00 | 0,130 | 44,35 | 44,35 |  0,00 | 0,135 | 203,48 | 203,48 |  0,00 | 0,216 | 207,16 | 207,16 |  0,00 | 226,498 | 65,40 | 65,40 | 473,354 |   NaN | NaN | 0,00 | 0,00 | NaN
  16 |  0,00 | 14,956 | 525,58 | 525,58 | 566,41 |  0,00 | 0,121 | 44,35 | 44,35 |  0,00 | 0,127 | 206,37 | 206,37 |  0,00 | 0,229 | 209,46 | 209,46 |  0,00 | 407,618 | 65,40 | 65,40 | 835,625 |   NaN | NaN | 0,00 | 0,00 | NaN
  17 |  0,00 | 14,427 | 524,80 | 524,80 | 569,23 |  0,00 | 0,134 | 44,35 | 44,35 |  0,00 | 0,142 | 206,94 | 206,94 |  0,00 | 0,216 | 208,10 | 208,10 |  0,00 | 392,493 | 65,40 | 65,40 | 805,471 |   NaN | NaN | 0,00 | 0,00 | NaN
  18 |  0,00 | 37,833 | 522,43 | 522,43 | 561,74 |  0,00 | 0,111 | 44,35 | 44,35 |  0,00 | 0,125 | 205,70 | 205,70 |  0,00 | 0,251 | 206,97 | 206,97 |  0,00 | 1033,577 | 65,40 | 65,40 | 2087,628 |   NaN | NaN | 0,00 | 0,00 | NaN
  19 |  0,00 | 30,307 | 518,41 | 518,41 | 557,22 |  0,00 | 0,102 | 44,35 | 44,35 |  0,00 | 0,118 | 203,14 | 203,14 |  0,00 | 0,273 | 205,52 | 205,52 |  0,00 | 823,821 | 65,40 | 65,40 | 1667,665 |   NaN | NaN | 0,00 | 0,00 | NaN
  20 |  0,00 | 35,878 | 519,55 | 519,55 | 558,16 |  0,00 | 0,097 | 44,35 | 44,35 |  0,00 | 0,111 | 207,35 | 207,35 |  0,00 | 0,267 | 202,44 | 202,44 |  0,00 | 977,094 | 65,40 | 65,40 | 1974,609 |   NaN | NaN | 0,00 | 0,00 | NaN
  21 |  0,00 | 6,244 | 516,59 | 516,59 | 555,33 |  0,00 | 0,102 | 44,35 | 44,35 |  0,00 | 0,130 | 204,07 | 204,07 |  0,00 | 0,280 | 202,77 | 202,77 |  0,00 | 166,310 | 65,40 | 65,40 | 353,020 |   NaN | NaN | 0,00 | 0,00 | NaN
  22 |  0,00 | 26,089 | 527,43 | 527,43 | 574,35 |  0,00 | 0,141 | 44,35 | 44,35 |  0,00 | 0,146 | 212,04 | 212,04 |  0,00 | 0,209 | 205,64 | 205,64 |  0,00 | 714,977 | 65,40 | 65,40 | 1450,329 |   NaN | NaN | 0,00 | 0,00 | NaN
  23 |  0,00 | 33,163 | 524,99 | 524,99 | 566,09 |  0,00 | 0,123 | 44,35 | 44,35 |  0,00 | 0,202 | 208,24 | 208,24 |  0,00 | 0,485 | 207,00 | 207,00 |  0,00 | 905,925 | 65,40 | 65,40 | 1832,451 |   NaN | NaN | 0,00 | 0,00 | NaN
  24 |  0,00 | 18,220 | 522,98 | 522,98 | 561,39 |  0,00 | 0,084 | 44,35 | 44,35 |  0,00 | 0,090 | 205,98 | 205,98 |  0,00 | 0,274 | 207,25 | 207,25 |  0,00 | 496,528 | 65,40 | 65,40 | 1013,525 |   NaN | NaN | 0,00 | 0,00 | NaN
  25 |  0,00 | 9,609 | 528,26 | 528,26 | 575,84 |  0,00 | 0,142 | 44,35 | 44,35 |  0,00 | 0,150 | 206,92 | 206,92 |  0,00 | 0,210 | 211,58 | 211,58 |  0,00 | 260,896 | 65,40 | 65,40 | 542,239 |   NaN | NaN | 0,00 | 0,00 | NaN
  26 |  0,00 | 8,082 | 521,10 | 521,10 | 567,12 |  0,00 | 0,138 | 44,35 | 44,35 |  0,00 | 0,149 | 205,48 | 205,48 |  0,00 | 0,213 | 205,87 | 205,87 |  0,00 | 217,133 | 65,40 | 65,40 | 454,674 |   NaN | NaN | 0,00 | 0,00 | NaN
  27 |  0,00 | 38,387 | 519,31 | 519,31 | 557,37 |  0,00 | 0,065 | 44,35 | 44,35 |  0,00 | 0,083 | 206,23 | 206,23 |  0,00 | 0,317 | 203,33 | 203,33 |  0,00 | 1046,005 | 65,40 | 65,40 | 2112,370 |   NaN | NaN | 0,00 | 0,00 | NaN
  28 |  0,00 | 33,588 | 518,17 | 518,17 | 561,55 |  0,00 | 0,131 | 44,35 | 44,35 |  0,00 | 0,302 | 206,00 | 206,00 |  0,00 | 0,334 | 202,42 | 202,42 |  0,00 | 911,297 | 65,40 | 65,40 | 1842,923 |   NaN | NaN | 0,00 | 0,00 | NaN
  29 |  0,00 | 34,731 | 524,94 | 524,94 | 564,14 |  0,00 | 0,110 | 44,35 | 44,35 |  0,00 | 0,170 | 208,09 | 208,09 |  0,00 | 0,283 | 207,10 | 207,10 |  0,00 | 950,511 | 65,40 | 65,40 | 1921,685 |   NaN | NaN | 0,00 | 0,00 | NaN
  30 |  0,00 | 36,796 | 519,42 | 519,42 | 566,64 |  0,00 | 0,141 | 44,35 | 44,35 |  0,00 | 0,157 | 205,02 | 205,02 |  0,00 | 0,234 | 204,65 | 204,65 |  0,00 | 1001,446 | 65,40 | 65,40 | 2023,429 |   NaN | NaN | 0,00 | 0,00 | NaN
  31 |  0,00 | 33,315 | 520,98 | 520,98 | 560,02 |  0,00 | 0,107 | 44,35 | 44,35 |  0,00 | 0,214 | 205,22 | 205,22 |  0,00 | 0,411 | 206,01 | 206,01 |  0,00 | 906,983 | 65,40 | 65,40 | 1834,278 |   NaN | NaN | 0,00 | 0,00 | NaN
  32 |  0,00 | 35,417 | 521,32 | 521,32 | 559,36 |  0,00 | 0,065 | 44,35 | 44,35 |  0,00 | 0,198 | 205,31 | 205,31 |  0,00 | 0,414 | 206,26 | 206,26 |  0,00 | 965,559 | 65,40 | 65,40 | 1951,824 |   NaN | NaN | 0,00 | 0,00 | NaN
  33 |  0,00 | 36,388 | 519,00 | 519,00 | 561,80 |  0,00 | 0,129 | 44,35 | 44,35 |  0,00 | 0,173 | 203,40 | 203,40 |  0,00 | 0,329 | 205,85 | 205,85 |  0,00 | 989,520 | 65,40 | 65,40 | 1999,816 |   NaN | NaN | 0,00 | 0,00 | NaN
  34 |  0,00 | 39,688 | 517,07 | 517,07 | 557,70 |  0,00 | 0,121 | 44,35 | 44,35 |  0,00 | 0,128 | 205,80 | 205,80 |  0,00 | 0,231 | 201,51 | 201,51 |  0,00 | 1078,298 | 65,40 | 65,40 | 2176,957 |   NaN | NaN | 0,00 | 0,00 | NaN
  35 |  0,00 | 40,626 | 524,48 | 524,48 | 562,76 |  0,00 | 0,070 | 44,35 | 44,35 |  0,00 | 0,076 | 207,50 | 207,50 |  0,00 | 0,291 | 207,22 | 207,22 |  0,00 | 1113,383 | 65,40 | 65,40 | 2247,208 |   NaN | NaN | 0,00 | 0,00 | NaN
  36 |  0,00 | 38,902 | 518,62 | 518,62 | 559,85 |  0,00 | 0,123 | 44,35 | 44,35 |  0,00 | 0,131 | 202,61 | 202,61 |  0,00 | 0,233 | 206,25 | 206,25 |  0,00 | 1058,597 | 65,40 | 65,40 | 2137,639 |   NaN | NaN | 0,00 | 0,00 | NaN
  37 |  0,00 | 35,134 | 525,80 | 525,80 | 564,70 |  0,00 | 0,106 | 44,35 | 44,35 |  0,00 | 0,218 | 209,76 | 209,76 |  0,00 | 0,321 | 206,29 | 206,29 |  0,00 | 962,065 | 65,40 | 65,40 | 1944,950 |   NaN | NaN | 0,00 | 0,00 | NaN
  38 |  0,00 | 37,165 | 522,10 | 522,10 | 560,75 |  0,00 | 0,097 | 44,35 | 44,35 |  0,00 | 0,121 | 207,03 | 207,03 |  0,00 | 0,275 | 205,31 | 205,31 |  0,00 | 1015,022 | 65,40 | 65,40 | 2050,578 |   NaN | NaN | 0,00 | 0,00 | NaN
  39 |  0,00 | 36,116 | 517,29 | 517,29 | 564,30 |  0,00 | 0,140 | 44,35 | 44,35 |  0,00 | 0,186 | 204,26 | 204,26 |  0,00 | 0,241 | 203,27 | 203,27 |  0,00 | 980,525 | 65,40 | 65,40 | 1981,496 |   NaN | NaN | 0,00 | 0,00 | NaN
  40 |  0,00 | 38,372 | 517,29 | 517,29 | 564,37 |  0,00 | 0,140 | 44,35 | 44,35 |  0,00 | 0,156 | 204,20 | 204,20 |  0,00 | 0,218 | 203,35 | 203,35 |  0,00 | 1042,377 | 65,40 | 65,40 | 2105,173 |   NaN | NaN | 0,00 | 0,00 | NaN
  41 |  0,00 | 34,084 | 524,32 | 524,32 | 565,68 |  0,00 | 0,123 | 44,35 | 44,35 |  0,00 | 0,244 | 205,02 | 205,02 |  0,00 | 0,417 | 209,55 | 209,55 |  0,00 | 930,791 | 65,40 | 65,40 | 1882,196 |   NaN | NaN | 0,00 | 0,00 | NaN
  42 |  0,00 | 34,520 | 525,91 | 525,91 | 564,24 |  0,00 | 0,069 | 44,35 | 44,35 |  0,00 | 0,233 | 207,62 | 207,62 |  0,00 | 0,431 | 208,53 | 208,53 |  0,00 | 945,052 | 65,40 | 65,40 | 1910,338 |   NaN | NaN | 0,00 | 0,00 | NaN
  43 |  0,00 | 35,906 | 525,59 | 525,59 | 570,80 |  0,00 | 0,148 | 44,35 | 44,35 |  0,00 | 0,176 | 207,51 | 207,51 |  0,00 | 0,216 | 208,33 | 208,33 |  0,00 | 983,324 | 65,40 | 65,40 | 1987,264 |   NaN | NaN | 0,00 | 0,00 | NaN
  44 |  0,00 | 33,755 | 525,93 | 525,93 | 563,55 |  0,00 | 0,062 | 44,35 | 44,35 |  0,00 | 0,141 | 206,56 | 206,56 |  0,00 | 0,468 | 209,61 | 209,61 |  0,00 | 924,596 | 65,40 | 65,40 | 1869,432 |   NaN | NaN | 0,00 | 0,00 | NaN
  45 |  0,00 | 34,378 | 524,59 | 524,59 | 573,23 |  0,00 | 0,144 | 44,35 | 44,35 |  0,00 | 0,251 | 210,71 | 210,71 |  0,00 | 0,387 | 204,13 | 204,13 |  0,00 | 939,080 | 65,40 | 65,40 | 1898,853 |   NaN | NaN | 0,00 | 0,00 | NaN
  46 |  0,00 | 35,869 | 520,63 | 520,63 | 559,00 |  0,00 | 0,083 | 44,35 | 44,35 |  0,00 | 0,120 | 203,21 | 203,21 |  0,00 | 0,314 | 207,66 | 207,66 |  0,00 | 978,070 | 65,40 | 65,40 | 1976,753 |   NaN | NaN | 0,00 | 0,00 | NaN
  47 |  0,00 | 33,399 | 518,81 | 518,81 | 557,24 |  0,00 | 0,081 | 44,35 | 44,35 |  0,00 | 0,181 | 206,28 | 206,28 |  0,00 | 0,468 | 202,78 | 202,78 |  0,00 | 907,340 | 65,40 | 65,40 | 1835,144 |   NaN | NaN | 0,00 | 0,00 | NaN
  48 |  0,00 | 34,000 | 519,15 | 519,15 | 558,51 |  0,00 | 0,111 | 44,35 | 44,35 |  0,00 | 0,275 | 203,97 | 203,97 |  0,00 | 0,311 | 205,43 | 205,43 |  0,00 | 924,150 | 65,40 | 65,40 | 1868,526 |   NaN | NaN | 0,00 | 0,00 | NaN
  49 |  0,00 | 33,303 | 518,61 | 518,61 | 559,87 |  0,00 | 0,123 | 44,35 | 44,35 |  0,00 | 0,302 | 205,20 | 205,20 |  0,00 | 0,430 | 203,66 | 203,66 |  0,00 | 903,439 | 65,40 | 65,40 | 1827,445 |   NaN | NaN | 0,00 | 0,00 | NaN
  50 |  0,00 | 36,060 | 522,22 | 522,22 | 560,64 |  0,00 | 0,077 | 44,35 | 44,35 |  0,00 | 0,106 | 207,39 | 207,39 |  0,00 | 0,310 | 205,08 | 205,08 |  0,00 | 985,132 | 65,40 | 65,40 | 1990,637 |   NaN | NaN | 0,00 | 0,00 | NaN
  51 |  0,00 | 34,090 | 521,32 | 521,32 | 559,73 |  0,00 | 0,075 | 44,35 | 44,35 |  0,00 | 0,123 | 205,24 | 205,24 |  0,00 | 0,353 | 206,33 | 206,33 |  0,00 | 929,778 | 65,40 | 65,40 | 1880,276 |   NaN | NaN | 0,00 | 0,00 | NaN
  52 |  0,00 | 34,492 | 520,93 | 520,93 | 559,75 |  0,00 | 0,102 | 44,35 | 44,35 |  0,00 | 0,163 | 203,25 | 203,25 |  0,00 | 0,379 | 207,93 | 207,93 |  0,00 | 939,565 | 65,40 | 65,40 | 1899,765 |   NaN | NaN | 0,00 | 0,00 | NaN
  53 |  0,00 | 35,325 | 522,22 | 522,22 | 560,67 |  0,00 | 0,089 | 44,35 | 44,35 |  0,00 | 0,180 | 205,96 | 205,96 |  0,00 | 0,416 | 206,50 | 206,50 |  0,00 | 963,573 | 65,40 | 65,40 | 1947,871 |   NaN | NaN | 0,00 | 0,00 | NaN
  54 |  0,00 | 34,608 | 517,29 | 517,29 | 555,80 |  0,00 | 0,091 | 44,35 | 44,35 |  0,00 | 0,200 | 205,58 | 205,58 |  0,00 | 0,333 | 201,96 | 201,96 |  0,00 | 939,584 | 65,40 | 65,40 | 1899,835 |   NaN | NaN | 0,00 | 0,00 | NaN
  55 |  0,00 | 37,048 | 521,41 | 521,41 | 559,77 |  0,00 | 0,076 | 44,35 | 44,35 |  0,00 | 0,095 | 205,26 | 205,26 |  0,00 | 0,297 | 206,40 | 206,40 |  0,00 | 1011,191 | 65,40 | 65,40 | 2042,747 |   NaN | NaN | 0,00 | 0,00 | NaN
  56 |  0,00 | 34,153 | 517,39 | 517,39 | 555,80 |  0,00 | 0,082 | 44,35 | 44,35 |  0,00 | 0,195 | 204,58 | 204,58 |  0,00 | 0,422 | 203,05 | 203,05 |  0,00 | 926,835 | 65,40 | 65,40 | 1873,849 |   NaN | NaN | 0,00 | 0,00 | NaN
  57 |  0,00 | 33,479 | 521,10 | 521,10 | 559,52 |  0,00 | 0,079 | 44,35 | 44,35 |  0,00 | 0,265 | 205,14 | 205,14 |  0,00 | 0,360 | 206,20 | 206,20 |  0,00 | 911,999 | 65,40 | 65,40 | 1844,277 |   NaN | NaN | 0,00 | 0,00 | NaN
  58 |  0,00 | 33,343 | 522,29 | 522,29 | 561,39 |  0,00 | 0,108 | 44,35 | 44,35 |  0,00 | 0,184 | 207,08 | 207,08 |  0,00 | 0,348 | 205,46 | 205,46 |  0,00 | 909,498 | 65,40 | 65,40 | 1839,095 |   NaN | NaN | 0,00 | 0,00 | NaN
  59 |  0,00 | 39,224 | 524,42 | 524,42 | 566,63 |  0,00 | 0,127 | 44,35 | 44,35 |  0,00 | 0,138 | 205,50 | 205,50 |  0,00 | 0,229 | 209,16 | 209,16 |  0,00 | 1073,769 | 65,40 | 65,40 | 2168,000 |   NaN | NaN | 0,00 | 0,00 | NaN
  60 |  0,00 | 34,088 | 522,48 | 522,48 | 560,34 |  0,00 | 0,063 | 44,35 | 44,35 |  0,00 | 0,140 | 206,78 | 206,78 |  0,00 | 0,464 | 205,95 | 205,95 |  0,00 | 930,346 | 65,40 | 65,40 | 1881,383 |   NaN | NaN | 0,00 | 0,00 | NaN
  61 |  0,00 | 35,315 | 524,47 | 524,47 | 562,92 |  0,00 | 0,084 | 44,35 | 44,35 |  0,00 | 0,122 | 206,98 | 206,98 |  0,00 | 0,308 | 207,73 | 207,73 |  0,00 | 966,885 | 65,40 | 65,40 | 1954,180 |   NaN | NaN | 0,00 | 0,00 | NaN
  62 |  0,00 | 33,877 | 523,16 | 523,16 | 572,63 |  0,00 | 0,146 | 44,35 | 44,35 |  0,00 | 0,362 | 205,53 | 205,53 |  0,00 | 0,285 | 207,88 | 207,88 |  0,00 | 923,666 | 65,40 | 65,40 | 1867,599 |   NaN | NaN | 0,00 | 0,00 | NaN
  63 |  0,00 | 36,711 | 524,24 | 524,24 | 563,00 |  0,00 | 0,101 | 44,35 | 44,35 |  0,00 | 0,140 | 208,99 | 208,99 |  0,00 | 0,296 | 205,50 | 205,50 |  0,00 | 1004,528 | 65,40 | 65,40 | 2029,548 |   NaN | NaN | 0,00 | 0,00 | NaN
  64 |  0,00 | 34,721 | 515,80 | 515,80 | 564,97 |  0,00 | 0,145 | 44,35 | 44,35 |  0,00 | 0,209 | 203,86 | 203,86 |  0,00 | 0,317 | 202,18 | 202,18 |  0,00 | 940,329 | 65,40 | 65,40 | 1901,338 |   NaN | NaN | 0,00 | 0,00 | NaN

= = = = = = = = = = = = AVERAGE RESULTS system = = = = = = = = = = = =
meanPLR_system | 0,000000 
meanDelay_system | 28,556324 
meanLoad_system | 521,906734 
meanTHR_system | 521,906734 
meanGate_system | 562,947237 

meanPLR_EF_system | 0,000000 
meanPLR_AF_system | 0,000000 
meanPLR_BE_system | 0,000000 
meanPLR_FLA_system | 0,000000 
meanPLR_FLB_system | NaN 

meanTHR_EF_system | 44,352003 
meanTHR_AF_system | 206,210058 
meanTHR_BE_system | 205,943937 
meanTHR_FLA_system | 66,955763 
meanTHR_FLB_system | 0,000000 

meanLoad_EF_system | 44,352003 
meanLoad_AF_system | 206,210058 
meanLoad_BE_system | 205,943937 
meanLoad_FLA_system | 66,955763 
meanLoad_FLB_system | 0,000000 

meanDELAY_EF_system | 0,106232 
meanDELAY_AF_system | 0,167206 
meanDELAY_BE_system | 0,313507 
meanDELAY_FLA_system | 778,022486 
meanDELAY_FLB_system | NaN 
meanDELAY_CompleteFLA_system | 1576,446170 
meanDELAY_CompleteFLB_system | NaN 

= = = = = = = = = = = = AVERAGE RESULTS = = = = = = = = = = = =
Packet Loss Ratio: 00,00 (%)
PROCESSED PACKAGES: 1234872122 
DISCARTED PACKAGES: 0 
TOTAL PACKAGES: 1234872122 
AVERAGE DELAY: 4264,24 (ms) 
AVERAGE THROUGHPUT: 521,91 (Mbps) 
GRANTED THROUGHPUT: 36028,62 (Mbps) By 64 ONUs
EFFECTIVE THROUGHPUT: 33402,03 (Mbps) By 64 ONUs
TOTAL LOAD: 33402,03 (Mbps) By 64 ONUs
ON Arrival THROUGHPUT: 0,00 (Mbps) By 64 ONUs
FINISHTIMEFL: 126,172858 
FINISHTIME: 129,172858 


fileName | IPACT_LEAKYBUCKET_2_40_55_0 
