
ONU ID 	|  PLR(%) | Delay(ms) | Throughput(Mbps) | Granted Throughput(Mbps) | Total Load (Mbps) 

  ID |  PLR(%) |  D  | Thr |  Gates  |  Load  | PLR-EF | D-EF | ThrEF | LoadEF | PLR-AF | D-AF | ThrAF | LoadAF | PLR-BE | D-BE | ThrBE | LoadBE | PLR-FA | D-FA | ThrFA | LoadFA | DTFA |  PLR-FB | D-FB | ThrFB | LoadFB | DTFB | 
   1 |  0,00 | 0,766 | 601,12 | 601,12 | 634,61 |  0,00 | 0,279 | 44,35 | 44,35 |  0,00 | 0,279 | 248,26 | 248,26 |  0,00 | 0,711 | 240,55 | 240,55 |  0,00 | 11,297 | 67,95 | 67,95 | 44,919 |   NaN | NaN | 0,00 | 0,00 | NaN
   2 |  0,00 | 1,098 | 601,47 | 601,47 | 639,04 |  0,00 | 0,290 | 44,35 | 44,35 |  0,00 | 0,286 | 243,27 | 243,27 |  0,00 | 0,940 | 245,89 | 245,89 |  0,00 | 18,954 | 67,95 | 67,95 | 59,466 |   NaN | NaN | 0,00 | 0,00 | NaN
   3 |  0,00 | 1,002 | 603,01 | 603,01 | 633,38 |  0,00 | 0,227 | 44,35 | 44,35 |  0,00 | 0,228 | 246,08 | 246,08 |  0,00 | 0,919 | 244,63 | 244,63 |  0,00 | 17,676 | 67,95 | 67,95 | 52,931 |   NaN | NaN | 0,00 | 0,00 | NaN
   4 |  0,00 | 0,712 | 603,04 | 603,04 | 633,41 |  0,00 | 0,233 | 44,35 | 44,35 |  0,00 | 0,231 | 248,07 | 248,07 |  0,00 | 0,704 | 242,66 | 242,66 |  0,00 | 10,786 | 67,95 | 67,95 | 42,358 |   NaN | NaN | 0,00 | 0,00 | NaN
   5 |  0,00 | 0,832 | 598,40 | 598,40 | 629,29 |  0,00 | 0,258 | 44,35 | 44,35 |  0,00 | 0,252 | 243,94 | 243,94 |  0,00 | 0,752 | 242,15 | 242,15 |  0,00 | 13,304 | 67,95 | 67,95 | 47,912 |   NaN | NaN | 0,00 | 0,00 | NaN
   6 |  0,00 | 0,716 | 604,01 | 604,01 | 633,81 |  0,00 | 0,209 | 44,35 | 44,35 |  0,00 | 0,215 | 246,97 | 246,97 |  0,00 | 0,738 | 244,73 | 244,73 |  0,00 | 11,088 | 67,95 | 67,95 | 43,310 |   NaN | NaN | 0,00 | 0,00 | NaN
   7 |  0,00 | 0,852 | 599,99 | 599,99 | 630,30 |  0,00 | 0,225 | 44,35 | 44,35 |  0,00 | 0,219 | 244,46 | 244,46 |  0,00 | 0,805 | 243,22 | 243,22 |  0,00 | 14,225 | 67,95 | 67,95 | 49,657 |   NaN | NaN | 0,00 | 0,00 | NaN
   8 |  0,00 | 0,931 | 603,22 | 603,22 | 635,99 |  0,00 | 0,275 | 44,35 | 44,35 |  0,00 | 0,267 | 244,24 | 244,24 |  0,00 | 0,864 | 246,67 | 246,67 |  0,00 | 15,071 | 67,95 | 67,95 | 52,157 |   NaN | NaN | 0,00 | 0,00 | NaN
   9 |  0,00 | 0,692 | 602,06 | 602,06 | 632,24 |  0,00 | 0,215 | 44,35 | 44,35 |  0,00 | 0,209 | 246,35 | 246,35 |  0,00 | 0,728 | 243,40 | 243,40 |  0,00 | 10,413 | 67,95 | 67,95 | 41,829 |   NaN | NaN | 0,00 | 0,00 | NaN
  10 |  0,00 | 0,830 | 600,03 | 600,03 | 632,98 |  0,00 | 0,276 | 44,35 | 44,35 |  0,00 | 0,284 | 244,69 | 244,69 |  0,00 | 0,699 | 243,03 | 243,03 |  0,00 | 13,181 | 67,95 | 67,95 | 46,220 |   NaN | NaN | 0,00 | 0,00 | NaN
  11 |  0,00 | 7,399 | 594,15 | 594,15 | 624,39 |  0,00 | 0,216 | 44,35 | 44,35 |  0,00 | 0,213 | 238,54 | 238,54 |  0,00 | 15,238 | 243,31 | 243,31 |  0,00 | 102,503 | 67,95 | 67,95 | 250,784 |   NaN | NaN | 0,00 | 0,00 | NaN
  12 |  0,00 | 0,737 | 601,28 | 601,28 | 634,59 |  0,00 | 0,278 | 44,35 | 44,35 |  0,00 | 0,275 | 244,56 | 244,56 |  0,00 | 0,683 | 244,42 | 244,42 |  0,00 | 10,663 | 67,95 | 67,95 | 42,415 |   NaN | NaN | 0,00 | 0,00 | NaN
  13 |  0,00 | 1,100 | 594,88 | 594,88 | 625,34 |  0,00 | 0,243 | 44,35 | 44,35 |  0,00 | 0,242 | 241,16 | 241,16 |  0,00 | 1,092 | 241,41 | 241,41 |  0,00 | 18,882 | 67,95 | 67,95 | 60,206 |   NaN | NaN | 0,00 | 0,00 | NaN
  14 |  0,00 | 0,850 | 602,36 | 602,36 | 637,38 |  0,00 | 0,284 | 44,35 | 44,35 |  0,00 | 0,288 | 245,57 | 245,57 |  0,00 | 0,709 | 244,48 | 244,48 |  0,00 | 13,553 | 67,95 | 67,95 | 46,785 |   NaN | NaN | 0,00 | 0,00 | NaN
  15 |  0,00 | 0,837 | 599,00 | 599,00 | 632,40 |  0,00 | 0,278 | 44,35 | 44,35 |  0,00 | 0,273 | 241,03 | 241,03 |  0,00 | 0,799 | 245,67 | 245,67 |  0,00 | 12,685 | 67,95 | 67,95 | 47,604 |   NaN | NaN | 0,00 | 0,00 | NaN
  16 |  0,00 | 0,754 | 604,06 | 604,06 | 635,81 |  0,00 | 0,269 | 44,35 | 44,35 |  0,00 | 0,269 | 244,22 | 244,22 |  0,00 | 0,690 | 247,53 | 247,53 |  0,00 | 11,257 | 67,95 | 67,95 | 44,038 |   NaN | NaN | 0,00 | 0,00 | NaN
  17 |  0,00 | 0,797 | 601,68 | 601,68 | 636,17 |  0,00 | 0,282 | 44,35 | 44,35 |  0,00 | 0,283 | 244,16 | 244,16 |  0,00 | 0,703 | 245,21 | 245,21 |  0,00 | 12,115 | 67,95 | 67,95 | 44,595 |   NaN | NaN | 0,00 | 0,00 | NaN
  18 |  0,00 | 1,495 | 599,62 | 599,62 | 630,53 |  0,00 | 0,259 | 44,35 | 44,35 |  0,00 | 0,261 | 243,01 | 243,01 |  0,00 | 1,507 | 244,30 | 244,30 |  0,00 | 27,030 | 67,95 | 67,95 | 78,209 |   NaN | NaN | 0,00 | 0,00 | NaN
  19 |  0,00 | 5,935 | 595,74 | 595,74 | 626,40 |  0,00 | 0,249 | 44,35 | 44,35 |  0,00 | 0,257 | 240,34 | 240,34 |  0,00 | 7,763 | 243,09 | 243,09 |  0,00 | 110,986 | 67,95 | 67,95 | 200,697 |   NaN | NaN | 0,00 | 0,00 | NaN
  20 |  0,00 | 6,302 | 596,72 | 596,72 | 627,20 |  0,00 | 0,245 | 44,35 | 44,35 |  0,00 | 0,252 | 244,73 | 244,73 |  0,00 | 13,667 | 239,68 | 239,68 |  0,00 | 83,142 | 67,95 | 67,95 | 220,335 |   NaN | NaN | 0,00 | 0,00 | NaN
  21 |  0,00 | 0,733 | 593,36 | 593,36 | 623,89 |  0,00 | 0,250 | 44,35 | 44,35 |  0,00 | 0,248 | 240,79 | 240,79 |  0,00 | 0,681 | 240,26 | 240,26 |  0,00 | 11,073 | 67,95 | 67,95 | 42,732 |   NaN | NaN | 0,00 | 0,00 | NaN
  22 |  0,00 | 1,005 | 605,26 | 605,26 | 641,73 |  0,00 | 0,288 | 44,35 | 44,35 |  0,00 | 0,283 | 250,73 | 250,73 |  0,00 | 0,787 | 242,22 | 242,22 |  0,00 | 17,514 | 67,95 | 67,95 | 51,633 |   NaN | NaN | 0,00 | 0,00 | NaN
  23 |  0,00 | 8,616 | 603,61 | 603,61 | 635,57 |  0,00 | 0,270 | 44,35 | 44,35 |  0,00 | 0,263 | 246,57 | 246,57 |  0,00 | 15,653 | 244,73 | 244,73 |  0,00 | 134,688 | 67,95 | 67,95 | 278,403 |   NaN | NaN | 0,00 | 0,00 | NaN
  24 |  0,00 | 1,128 | 601,24 | 601,24 | 631,61 |  0,00 | 0,232 | 44,35 | 44,35 |  0,00 | 0,228 | 243,59 | 243,59 |  0,00 | 1,115 | 245,34 | 245,34 |  0,00 | 19,828 | 67,95 | 67,95 | 61,624 |   NaN | NaN | 0,00 | 0,00 | NaN
  25 |  0,00 | 0,753 | 608,02 | 608,02 | 645,05 |  0,00 | 0,289 | 44,35 | 44,35 |  0,00 | 0,283 | 244,26 | 244,26 |  0,00 | 0,664 | 251,45 | 251,45 |  0,00 | 11,043 | 67,95 | 67,95 | 43,573 |   NaN | NaN | 0,00 | 0,00 | NaN
  26 |  0,00 | 0,912 | 598,96 | 598,96 | 634,77 |  0,00 | 0,286 | 44,35 | 44,35 |  0,00 | 0,292 | 242,88 | 242,88 |  0,00 | 0,721 | 243,77 | 243,77 |  0,00 | 15,131 | 67,95 | 67,95 | 50,117 |   NaN | NaN | 0,00 | 0,00 | NaN
  27 |  0,00 | 1,362 | 596,62 | 596,62 | 626,63 |  0,00 | 0,213 | 44,35 | 44,35 |  0,00 | 0,217 | 244,12 | 244,12 |  0,00 | 1,556 | 240,19 | 240,19 |  0,00 | 23,897 | 67,95 | 67,95 | 71,131 |   NaN | NaN | 0,00 | 0,00 | NaN
  28 |  0,00 | 8,930 | 594,86 | 594,86 | 628,42 |  0,00 | 0,278 | 44,35 | 44,35 |  0,00 | 0,271 | 243,21 | 243,21 |  0,00 | 17,312 | 239,34 | 239,34 |  0,00 | 132,713 | 67,95 | 67,95 | 277,200 |   NaN | NaN | 0,00 | 0,00 | NaN
  29 |  0,00 | 8,361 | 602,49 | 602,49 | 633,36 |  0,00 | 0,258 | 44,35 | 44,35 |  0,00 | 0,260 | 246,19 | 246,19 |  0,00 | 17,353 | 243,99 | 243,99 |  0,00 | 116,156 | 67,95 | 67,95 | 270,369 |   NaN | NaN | 0,00 | 0,00 | NaN
  30 |  0,00 | 2,973 | 596,41 | 596,41 | 633,11 |  0,00 | 0,288 | 44,35 | 44,35 |  0,00 | 0,285 | 242,20 | 242,20 |  0,00 | 4,882 | 241,91 | 241,91 |  0,00 | 45,758 | 67,95 | 67,95 | 133,844 |   NaN | NaN | 0,00 | 0,00 | NaN
  31 |  0,00 | 9,069 | 598,36 | 598,36 | 629,19 |  0,00 | 0,255 | 44,35 | 44,35 |  0,00 | 0,259 | 242,68 | 242,68 |  0,00 | 17,202 | 243,37 | 243,37 |  0,00 | 136,740 | 67,95 | 67,95 | 283,389 |   NaN | NaN | 0,00 | 0,00 | NaN
  32 |  0,00 | 7,206 | 597,44 | 597,44 | 627,60 |  0,00 | 0,212 | 44,35 | 44,35 |  0,00 | 0,201 | 241,40 | 241,40 |  0,00 | 15,488 | 243,73 | 243,73 |  0,00 | 95,936 | 67,95 | 67,95 | 237,567 |   NaN | NaN | 0,00 | 0,00 | NaN
  33 |  0,00 | 4,417 | 597,15 | 597,15 | 630,35 |  0,00 | 0,276 | 44,35 | 44,35 |  0,00 | 0,270 | 240,94 | 240,94 |  0,00 | 8,227 | 243,91 | 243,91 |  0,00 | 64,260 | 67,95 | 67,95 | 178,941 |   NaN | NaN | 0,00 | 0,00 | NaN
  34 |  0,00 | 0,864 | 592,84 | 592,84 | 624,44 |  0,00 | 0,268 | 44,35 | 44,35 |  0,00 | 0,266 | 242,68 | 242,68 |  0,00 | 0,793 | 237,86 | 237,86 |  0,00 | 13,700 | 67,95 | 67,95 | 50,625 |   NaN | NaN | 0,00 | 0,00 | NaN
  35 |  0,00 | 0,677 | 603,00 | 603,00 | 633,22 |  0,00 | 0,218 | 44,35 | 44,35 |  0,00 | 0,221 | 245,66 | 245,66 |  0,00 | 0,719 | 245,04 | 245,04 |  0,00 | 9,915 | 67,95 | 67,95 | 40,929 |   NaN | NaN | 0,00 | 0,00 | NaN
  36 |  0,00 | 1,091 | 595,49 | 595,49 | 627,53 |  0,00 | 0,270 | 44,35 | 44,35 |  0,00 | 0,273 | 239,28 | 239,28 |  0,00 | 1,023 | 243,91 | 243,91 |  0,00 | 18,456 | 67,95 | 67,95 | 61,401 |   NaN | NaN | 0,00 | 0,00 | NaN
  37 |  0,00 | 7,717 | 604,21 | 604,21 | 634,93 |  0,00 | 0,253 | 44,35 | 44,35 |  0,00 | 0,249 | 247,68 | 247,68 |  0,00 | 16,215 | 244,22 | 244,22 |  0,00 | 105,871 | 67,95 | 67,95 | 257,532 |   NaN | NaN | 0,00 | 0,00 | NaN
  38 |  0,00 | 2,093 | 598,68 | 598,68 | 629,14 |  0,00 | 0,245 | 44,35 | 44,35 |  0,00 | 0,241 | 244,22 | 244,22 |  0,00 | 2,805 | 242,16 | 242,16 |  0,00 | 35,712 | 67,95 | 67,95 | 103,272 |   NaN | NaN | 0,00 | 0,00 | NaN
  39 |  0,00 | 5,584 | 593,65 | 593,65 | 630,27 |  0,00 | 0,288 | 44,35 | 44,35 |  0,00 | 0,291 | 241,77 | 241,77 |  0,00 | 11,513 | 239,57 | 239,57 |  0,00 | 75,752 | 67,95 | 67,95 | 203,820 |   NaN | NaN | 0,00 | 0,00 | NaN
  40 |  0,00 | 1,378 | 594,72 | 594,72 | 631,34 |  0,00 | 0,288 | 44,35 | 44,35 |  0,00 | 0,290 | 241,64 | 241,64 |  0,00 | 1,270 | 240,77 | 240,77 |  0,00 | 24,629 | 67,95 | 67,95 | 73,343 |   NaN | NaN | 0,00 | 0,00 | NaN
  41 |  0,00 | 9,755 | 601,40 | 601,40 | 633,60 |  0,00 | 0,271 | 44,35 | 44,35 |  0,00 | 0,274 | 242,56 | 242,56 |  0,00 | 20,541 | 246,54 | 246,54 |  0,00 | 132,432 | 67,95 | 67,95 | 285,936 |   NaN | NaN | 0,00 | 0,00 | NaN
  42 |  0,00 | 8,908 | 603,83 | 603,83 | 634,16 |  0,00 | 0,217 | 44,35 | 44,35 |  0,00 | 0,216 | 245,43 | 245,43 |  0,00 | 18,588 | 246,09 | 246,09 |  0,00 | 123,575 | 67,95 | 67,95 | 276,861 |   NaN | NaN | 0,00 | 0,00 | NaN
  43 |  0,00 | 5,406 | 603,15 | 603,15 | 638,90 |  0,00 | 0,295 | 44,35 | 44,35 |  0,00 | 0,295 | 245,19 | 245,19 |  0,00 | 11,293 | 245,65 | 245,65 |  0,00 | 71,530 | 67,95 | 67,95 | 195,696 |   NaN | NaN | 0,00 | 0,00 | NaN
  44 |  0,00 | 8,956 | 604,83 | 604,83 | 634,79 |  0,00 | 0,209 | 44,35 | 44,35 |  0,00 | 0,204 | 244,41 | 244,41 |  0,00 | 17,327 | 248,11 | 248,11 |  0,00 | 133,018 | 67,95 | 67,95 | 280,681 |   NaN | NaN | 0,00 | 0,00 | NaN
  45 |  0,00 | 9,420 | 602,48 | 602,48 | 640,39 |  0,00 | 0,291 | 44,35 | 44,35 |  0,00 | 0,291 | 249,18 | 249,18 |  0,00 | 20,321 | 240,99 | 240,99 |  0,00 | 127,286 | 67,95 | 67,95 | 282,697 |   NaN | NaN | 0,00 | 0,00 | NaN
  46 |  0,00 | 6,326 | 596,24 | 596,24 | 626,71 |  0,00 | 0,231 | 44,35 | 44,35 |  0,00 | 0,226 | 239,53 | 239,53 |  0,00 | 13,814 | 244,40 | 244,40 |  0,00 | 81,354 | 67,95 | 67,95 | 213,601 |   NaN | NaN | 0,00 | 0,00 | NaN
  47 |  0,00 | 9,246 | 594,76 | 594,76 | 625,18 |  0,00 | 0,229 | 44,35 | 44,35 |  0,00 | 0,235 | 243,43 | 243,43 |  0,00 | 18,054 | 239,02 | 239,02 |  0,00 | 137,787 | 67,95 | 67,95 | 285,572 |   NaN | NaN | 0,00 | 0,00 | NaN
  48 |  0,00 | 9,248 | 594,98 | 594,98 | 625,93 |  0,00 | 0,258 | 44,35 | 44,35 |  0,00 | 0,262 | 240,46 | 240,46 |  0,00 | 18,010 | 242,21 | 242,21 |  0,00 | 136,061 | 67,95 | 67,95 | 287,149 |   NaN | NaN | 0,00 | 0,00 | NaN
  49 |  0,00 | 8,657 | 595,31 | 595,31 | 627,44 |  0,00 | 0,270 | 44,35 | 44,35 |  0,00 | 0,265 | 242,12 | 242,12 |  0,00 | 15,961 | 240,88 | 240,88 |  0,00 | 133,467 | 67,95 | 67,95 | 275,946 |   NaN | NaN | 0,00 | 0,00 | NaN
  50 |  0,00 | 5,239 | 598,19 | 598,19 | 628,57 |  0,00 | 0,225 | 44,35 | 44,35 |  0,00 | 0,225 | 244,27 | 244,27 |  0,00 | 10,780 | 241,61 | 241,61 |  0,00 | 72,203 | 67,95 | 67,95 | 198,714 |   NaN | NaN | 0,00 | 0,00 | NaN
  51 |  0,00 | 9,022 | 597,72 | 597,72 | 628,11 |  0,00 | 0,223 | 44,35 | 44,35 |  0,00 | 0,218 | 241,12 | 241,12 |  0,00 | 18,134 | 244,30 | 244,30 |  0,00 | 129,241 | 67,95 | 67,95 | 279,135 |   NaN | NaN | 0,00 | 0,00 | NaN
  52 |  0,00 | 8,833 | 598,37 | 598,37 | 629,06 |  0,00 | 0,249 | 44,35 | 44,35 |  0,00 | 0,252 | 240,19 | 240,19 |  0,00 | 17,681 | 245,87 | 245,87 |  0,00 | 125,750 | 67,95 | 67,95 | 277,564 |   NaN | NaN | 0,00 | 0,00 | NaN
  53 |  0,00 | 7,778 | 600,20 | 600,20 | 630,69 |  0,00 | 0,236 | 44,35 | 44,35 |  0,00 | 0,238 | 243,61 | 243,61 |  0,00 | 16,642 | 244,28 | 244,28 |  0,00 | 104,131 | 67,95 | 67,95 | 254,764 |   NaN | NaN | 0,00 | 0,00 | NaN
  54 |  0,00 | 8,856 | 594,82 | 594,82 | 625,33 |  0,00 | 0,239 | 44,35 | 44,35 |  0,00 | 0,240 | 243,41 | 243,41 |  0,00 | 18,094 | 239,10 | 239,10 |  0,00 | 126,267 | 67,95 | 67,95 | 279,643 |   NaN | NaN | 0,00 | 0,00 | NaN
  55 |  0,00 | 2,344 | 600,00 | 600,00 | 630,30 |  0,00 | 0,224 | 44,35 | 44,35 |  0,00 | 0,222 | 242,98 | 242,98 |  0,00 | 3,658 | 244,71 | 244,71 |  0,00 | 37,358 | 67,95 | 67,95 | 109,139 |   NaN | NaN | 0,00 | 0,00 | NaN
  56 |  0,00 | 9,570 | 594,85 | 594,85 | 625,30 |  0,00 | 0,230 | 44,35 | 44,35 |  0,00 | 0,233 | 242,18 | 242,18 |  0,00 | 19,611 | 240,36 | 240,36 |  0,00 | 135,975 | 67,95 | 67,95 | 287,835 |   NaN | NaN | 0,00 | 0,00 | NaN
  57 |  0,00 | 8,855 | 598,40 | 598,40 | 628,87 |  0,00 | 0,227 | 44,35 | 44,35 |  0,00 | 0,224 | 242,27 | 242,27 |  0,00 | 16,628 | 243,83 | 243,83 |  0,00 | 134,929 | 67,95 | 67,95 | 280,378 |   NaN | NaN | 0,00 | 0,00 | NaN
  58 |  0,00 | 8,922 | 598,95 | 598,95 | 629,72 |  0,00 | 0,255 | 44,35 | 44,35 |  0,00 | 0,254 | 244,59 | 244,59 |  0,00 | 17,076 | 242,06 | 242,06 |  0,00 | 134,197 | 67,95 | 67,95 | 279,383 |   NaN | NaN | 0,00 | 0,00 | NaN
  59 |  0,00 | 1,007 | 603,75 | 603,75 | 636,43 |  0,00 | 0,275 | 44,35 | 44,35 |  0,00 | 0,271 | 243,40 | 243,40 |  0,00 | 0,929 | 248,04 | 248,04 |  0,00 | 16,745 | 67,95 | 67,95 | 56,726 |   NaN | NaN | 0,00 | 0,00 | NaN
  60 |  0,00 | 9,329 | 600,43 | 600,43 | 630,45 |  0,00 | 0,211 | 44,35 | 44,35 |  0,00 | 0,211 | 244,27 | 244,27 |  0,00 | 19,231 | 243,85 | 243,85 |  0,00 | 131,656 | 67,95 | 67,95 | 283,859 |   NaN | NaN | 0,00 | 0,00 | NaN
  61 |  0,00 | 6,982 | 602,90 | 602,90 | 633,39 |  0,00 | 0,232 | 44,35 | 44,35 |  0,00 | 0,230 | 245,39 | 245,39 |  0,00 | 14,507 | 245,21 | 245,21 |  0,00 | 96,179 | 67,95 | 67,95 | 240,841 |   NaN | NaN | 0,00 | 0,00 | NaN
  62 |  0,00 | 9,366 | 601,16 | 601,16 | 639,89 |  0,00 | 0,293 | 44,35 | 44,35 |  0,00 | 0,296 | 243,04 | 243,04 |  0,00 | 18,635 | 245,82 | 245,82 |  0,00 | 134,189 | 67,95 | 67,95 | 284,846 |   NaN | NaN | 0,00 | 0,00 | NaN
  63 |  0,00 | 2,809 | 602,34 | 602,34 | 632,91 |  0,00 | 0,249 | 44,35 | 44,35 |  0,00 | 0,240 | 246,23 | 246,23 |  0,00 | 4,674 | 243,81 | 243,81 |  0,00 | 43,549 | 67,95 | 67,95 | 125,792 |   NaN | NaN | 0,00 | 0,00 | NaN
  64 |  0,00 | 8,660 | 593,60 | 593,60 | 631,97 |  0,00 | 0,292 | 44,35 | 44,35 |  0,00 | 0,290 | 241,72 | 241,72 |  0,00 | 17,569 | 239,57 | 239,57 |  0,00 | 122,590 | 67,95 | 67,95 | 274,854 |   NaN | NaN | 0,00 | 0,00 | NaN

= = = = = = = = = = = = AVERAGE RESULTS system = = = = = = = = = = = =
meanPLR_system | 0,000000 
meanDelay_system | 4,578081 
meanLoad_system | 599,450907 
meanTHR_system | 599,450907 
meanGate_system | 631,648733 

meanPLR_EF_system | 0,000000 
meanPLR_AF_system | 0,000000 
meanPLR_BE_system | 0,000000 
meanPLR_FLA_system | 0,000000 
meanPLR_FLB_system | NaN 

meanTHR_EF_system | 44,352004 
meanTHR_AF_system | 243,705607 
meanTHR_BE_system | 243,438994 
meanTHR_FLA_system | 69,634691 
meanTHR_FLB_system | 0,000000 

meanLoad_EF_system | 44,352004 
meanLoad_AF_system | 243,705607 
meanLoad_BE_system | 243,438994 
meanLoad_FLA_system | 69,634691 
meanLoad_FLB_system | 0,000000 

meanDELAY_EF_system | 0,253791 
meanDELAY_AF_system | 0,252958 
meanDELAY_BE_system | 8,663236 
meanDELAY_FLA_system | 66,703985 
meanDELAY_FLB_system | NaN 
meanDELAY_CompleteFLA_system | 159,148226 
meanDELAY_CompleteFLB_system | NaN 

= = = = = = = = = = = = AVERAGE RESULTS = = = = = = = = = = = =
Packet Loss Ratio: 00,00 (%)
PROCESSED PACKAGES: 1283857559 
DISCARTED PACKAGES: 0 
TOTAL PACKAGES: 1283857559 
AVERAGE DELAY: 738,29 (ms) 
AVERAGE THROUGHPUT: 599,45 (Mbps) 
GRANTED THROUGHPUT: 40425,52 (Mbps) By 64 ONUs
EFFECTIVE THROUGHPUT: 38364,86 (Mbps) By 64 ONUs
TOTAL LOAD: 38364,86 (Mbps) By 64 ONUs
ON Arrival THROUGHPUT: 0,00 (Mbps) By 64 ONUs
FINISHTIMEFL: 121,318840 
FINISHTIME: 124,318840 


fileName | IPACT_STRICTPRIORITYFIRSTAF_2_40_65_0 
