
ONU ID 	|  PLR(%) | Delay(ms) | Throughput(Mbps) | Granted Throughput(Mbps) | Total Load (Mbps) 

  ID |  PLR(%) |  D  | Thr |  Gates  |  Load  | PLR-EF | D-EF | ThrEF | LoadEF | PLR-AF | D-AF | ThrAF | LoadAF | PLR-BE | D-BE | ThrBE | LoadBE | PLR-FA | D-FA | ThrFA | LoadFA | DTFA |  PLR-FB | D-FB | ThrFB | LoadFB | DTFB | 
   1 |  0,02 | 99,104 | 754,75 | 754,90 | 759,23 |  0,00 | 1,363 | 44,35 | 44,35 |  0,00 | 6,713 | 342,11 | 342,11 |  0,04 | 334,466 | 333,80 | 333,94 |  0,00 | 227,234 | 34,49 | 34,49 | 473,511 |   NaN | NaN | 0,00 | 0,00 | NaN
   2 |  0,12 | 105,925 | 756,28 | 757,17 | 760,87 |  0,00 | 1,375 | 44,35 | 44,35 |  0,00 | 1,751 | 342,07 | 342,07 |  0,27 | 323,761 | 335,36 | 336,26 |  0,00 | 942,745 | 34,49 | 34,49 | 1904,609 |   NaN | NaN | 0,00 | 0,00 | NaN
   3 |  0,15 | 95,881 | 748,78 | 749,89 | 753,22 |  0,00 | 1,312 | 44,35 | 44,35 |  0,00 | 1,694 | 335,11 | 335,11 |  0,33 | 288,781 | 334,83 | 335,94 |  0,00 | 898,002 | 34,49 | 34,49 | 1815,148 |   NaN | NaN | 0,00 | 0,00 | NaN
   4 |  0,15 | 112,712 | 757,18 | 758,29 | 761,78 |  0,00 | 1,317 | 44,35 | 44,35 |  0,00 | 14,120 | 340,96 | 340,96 |  0,33 | 376,908 | 337,38 | 338,49 |  0,00 | 147,871 | 34,49 | 34,49 | 315,011 |   NaN | NaN | 0,00 | 0,00 | NaN
   5 |  0,09 | 96,493 | 750,20 | 750,91 | 754,66 |  0,00 | 1,343 | 44,35 | 44,35 |  0,00 | 1,639 | 336,73 | 336,73 |  0,21 | 269,317 | 334,63 | 335,34 |  0,00 | 1303,130 | 34,49 | 34,49 | 2625,440 |   NaN | NaN | 0,00 | 0,00 | NaN
   6 |  0,01 | 103,296 | 757,37 | 757,44 | 761,81 |  0,00 | 1,291 | 44,35 | 44,35 |  0,00 | 1,789 | 340,60 | 340,60 |  0,02 | 306,346 | 337,93 | 338,00 |  0,00 | 1054,018 | 34,49 | 34,49 | 2127,102 |   NaN | NaN | 0,00 | 0,00 | NaN
   7 |  0,16 | 114,767 | 753,31 | 754,53 | 757,76 |  0,00 | 1,310 | 44,35 | 44,35 |  0,00 | 2,158 | 338,63 | 338,63 |  0,36 | 382,201 | 335,84 | 337,06 |  0,00 | 416,010 | 34,49 | 34,49 | 851,086 |   NaN | NaN | 0,00 | 0,00 | NaN
   8 |  0,16 | 107,744 | 754,71 | 755,93 | 759,21 |  0,00 | 1,360 | 44,35 | 44,35 |  0,00 | 1,752 | 337,22 | 337,22 |  0,36 | 324,966 | 338,65 | 339,86 |  0,00 | 974,376 | 34,49 | 34,49 | 1967,843 |   NaN | NaN | 0,00 | 0,00 | NaN
   9 |  0,30 | 116,146 | 755,28 | 757,57 | 759,73 |  0,00 | 1,300 | 44,35 | 44,35 |  0,00 | 1,733 | 338,88 | 338,88 |  0,67 | 373,566 | 337,57 | 339,86 |  0,00 | 650,712 | 34,49 | 34,49 | 1320,495 |   NaN | NaN | 0,00 | 0,00 | NaN
  10 |  0,06 | 96,050 | 752,13 | 752,57 | 756,61 |  0,00 | 1,361 | 44,35 | 44,35 |  0,00 | 9,068 | 337,42 | 337,42 |  0,13 | 319,738 | 335,87 | 336,31 |  0,00 | 203,598 | 34,49 | 34,49 | 426,428 |   NaN | NaN | 0,00 | 0,00 | NaN
  11 |  0,02 | 98,701 | 751,71 | 751,84 | 756,17 |  0,00 | 1,300 | 44,35 | 44,35 |  0,00 | 1,745 | 334,76 | 334,76 |  0,04 | 246,614 | 338,11 | 338,24 |  0,00 | 1824,374 | 34,49 | 34,49 | 3668,098 |   NaN | NaN | 0,00 | 0,00 | NaN
  12 |  0,51 | 106,790 | 751,74 | 755,58 | 756,24 |  0,00 | 1,363 | 44,35 | 44,35 |  0,00 | 1,771 | 337,92 | 337,92 |  1,13 | 316,758 | 334,98 | 338,82 |  0,00 | 1106,286 | 34,49 | 34,49 | 2231,856 |   NaN | NaN | 0,00 | 0,00 | NaN
  13 |  0,02 | 83,835 | 746,42 | 746,56 | 750,87 |  0,00 | 1,327 | 44,35 | 44,35 |  0,00 | 1,790 | 335,84 | 335,84 |  0,04 | 245,215 | 331,74 | 331,88 |  0,00 | 937,135 | 34,49 | 34,49 | 1893,388 |   NaN | NaN | 0,00 | 0,00 | NaN
  14 |  0,34 | 118,518 | 753,80 | 756,39 | 758,30 |  0,00 | 1,368 | 44,35 | 44,35 |  0,00 | 1,929 | 338,90 | 338,90 |  0,77 | 348,420 | 336,06 | 338,66 |  0,00 | 1283,511 | 34,49 | 34,49 | 2585,992 |   NaN | NaN | 0,00 | 0,00 | NaN
  15 |  0,00 | 82,382 | 750,92 | 750,92 | 755,41 |  0,00 | 1,362 | 44,35 | 44,35 |  0,00 | 2,189 | 332,47 | 332,47 |  0,00 | 262,343 | 339,61 | 339,61 |  0,00 | 432,685 | 34,49 | 34,49 | 884,395 |   NaN | NaN | 0,00 | 0,00 | NaN
  16 |  0,14 | 122,922 | 761,84 | 762,88 | 766,30 |  0,00 | 1,354 | 44,35 | 44,35 |  0,00 | 2,008 | 339,21 | 339,21 |  0,30 | 386,039 | 343,79 | 344,82 |  0,00 | 770,860 | 34,49 | 34,49 | 1560,936 |   NaN | NaN | 0,00 | 0,00 | NaN
  17 |  0,17 | 118,379 | 754,90 | 756,19 | 759,41 |  0,00 | 1,367 | 44,35 | 44,35 |  0,00 | 1,809 | 340,01 | 340,01 |  0,38 | 378,523 | 336,05 | 337,34 |  0,00 | 730,594 | 34,49 | 34,49 | 1480,313 |   NaN | NaN | 0,00 | 0,00 | NaN
  18 |  0,09 | 100,184 | 749,78 | 750,46 | 754,23 |  0,00 | 1,343 | 44,35 | 44,35 |  0,00 | 1,760 | 335,61 | 335,61 |  0,20 | 245,622 | 335,33 | 336,01 |  0,00 | 1962,858 | 34,49 | 34,49 | 3944,350 |   NaN | NaN | 0,00 | 0,00 | NaN
  19 |  0,10 | 83,654 | 744,74 | 745,51 | 749,20 |  0,00 | 1,334 | 44,35 | 44,35 |  0,00 | 1,731 | 332,08 | 332,08 |  0,23 | 208,010 | 333,82 | 334,59 |  0,00 | 1570,661 | 34,49 | 34,49 | 3160,619 |   NaN | NaN | 0,00 | 0,00 | NaN
  20 |  0,00 | 81,535 | 748,05 | 748,05 | 752,50 |  0,00 | 1,330 | 44,35 | 44,35 |  0,00 | 1,892 | 337,63 | 337,63 |  0,00 | 186,606 | 331,58 | 331,58 |  0,00 | 1857,242 | 34,49 | 34,49 | 3734,032 |   NaN | NaN | 0,00 | 0,00 | NaN
  21 |  0,04 | 85,898 | 743,01 | 743,29 | 747,44 |  0,00 | 1,335 | 44,35 | 44,35 |  0,00 | 3,212 | 333,39 | 333,39 |  0,08 | 285,243 | 330,78 | 331,06 |  0,00 | 320,009 | 34,49 | 34,49 | 659,333 |   NaN | NaN | 0,00 | 0,00 | NaN
  22 |  0,29 | 104,875 | 756,88 | 759,07 | 761,45 |  0,00 | 1,373 | 44,35 | 44,35 |  0,00 | 1,822 | 343,59 | 343,59 |  0,65 | 298,337 | 334,45 | 336,63 |  0,00 | 1355,761 | 34,49 | 34,49 | 2730,561 |   NaN | NaN | 0,00 | 0,00 | NaN
  23 |  0,12 | 97,361 | 753,94 | 754,81 | 758,41 |  0,00 | 1,355 | 44,35 | 44,35 |  0,00 | 1,858 | 338,12 | 338,12 |  0,26 | 248,755 | 336,98 | 337,85 |  0,00 | 1720,334 | 34,49 | 34,49 | 3459,587 |   NaN | NaN | 0,00 | 0,00 | NaN
  24 |  0,32 | 111,617 | 755,25 | 757,71 | 759,71 |  0,00 | 1,317 | 44,35 | 44,35 |  0,00 | 1,762 | 338,26 | 338,26 |  0,72 | 340,621 | 338,15 | 340,61 |  0,00 | 949,044 | 34,49 | 34,49 | 1917,322 |   NaN | NaN | 0,00 | 0,00 | NaN
  25 |  0,28 | 115,159 | 755,79 | 757,94 | 760,36 |  0,00 | 1,374 | 44,35 | 44,35 |  0,00 | 2,071 | 336,17 | 336,17 |  0,63 | 374,552 | 340,78 | 342,93 |  0,00 | 498,101 | 34,49 | 34,49 | 1015,468 |   NaN | NaN | 0,00 | 0,00 | NaN
  26 |  0,05 | 87,814 | 750,38 | 750,76 | 754,94 |  0,00 | 1,370 | 44,35 | 44,35 |  0,00 | 2,769 | 336,67 | 336,67 |  0,11 | 286,095 | 334,87 | 335,25 |  0,00 | 407,405 | 34,49 | 34,49 | 833,868 |   NaN | NaN | 0,00 | 0,00 | NaN
  27 |  0,14 | 88,974 | 750,40 | 751,44 | 754,86 |  0,00 | 1,297 | 44,35 | 44,35 |  0,00 | 1,575 | 339,29 | 339,29 |  0,31 | 206,814 | 332,26 | 333,31 |  0,00 | 1985,979 | 34,49 | 34,49 | 3990,756 |   NaN | NaN | 0,00 | 0,00 | NaN
  28 |  0,04 | 83,916 | 745,64 | 745,92 | 750,14 |  0,00 | 1,363 | 44,35 | 44,35 |  0,00 | 1,729 | 336,82 | 336,82 |  0,09 | 202,775 | 329,98 | 330,26 |  0,00 | 1729,390 | 34,49 | 34,49 | 3477,838 |   NaN | NaN | 0,00 | 0,00 | NaN
  29 |  0,24 | 118,692 | 753,30 | 755,13 | 757,75 |  0,00 | 1,343 | 44,35 | 44,35 |  0,00 | 1,683 | 338,02 | 338,02 |  0,54 | 320,904 | 336,44 | 338,27 |  0,00 | 1795,614 | 34,49 | 34,49 | 3610,483 |   NaN | NaN | 0,00 | 0,00 | NaN
  30 |  0,22 | 95,829 | 749,18 | 750,83 | 753,76 |  0,00 | 1,373 | 44,35 | 44,35 |  0,00 | 1,633 | 335,89 | 335,89 |  0,49 | 233,729 | 334,45 | 336,10 |  0,00 | 1908,055 | 34,49 | 34,49 | 3835,401 |   NaN | NaN | 0,00 | 0,00 | NaN
  31 |  0,00 | 79,978 | 750,58 | 750,58 | 755,04 |  0,00 | 1,340 | 44,35 | 44,35 |  0,00 | 1,864 | 337,88 | 337,88 |  0,00 | 187,472 | 333,86 | 333,86 |  0,00 | 1727,626 | 34,49 | 34,49 | 3474,316 |   NaN | NaN | 0,00 | 0,00 | NaN
  32 |  0,46 | 123,811 | 751,94 | 755,44 | 756,38 |  0,00 | 1,296 | 44,35 | 44,35 |  0,00 | 1,984 | 338,04 | 338,04 |  1,03 | 337,910 | 335,07 | 338,57 |  0,00 | 1829,156 | 34,49 | 34,49 | 3677,799 |   NaN | NaN | 0,00 | 0,00 | NaN
  33 |  0,00 | 86,128 | 749,56 | 749,56 | 754,06 |  0,00 | 1,362 | 44,35 | 44,35 |  0,00 | 2,003 | 334,49 | 334,49 |  0,00 | 199,606 | 336,24 | 336,24 |  0,00 | 1874,777 | 34,49 | 34,49 | 3768,910 |   NaN | NaN | 0,00 | 0,00 | NaN
  34 |  0,11 | 86,967 | 751,05 | 751,86 | 755,50 |  0,00 | 1,353 | 44,35 | 44,35 |  0,00 | 1,607 | 336,77 | 336,77 |  0,24 | 194,507 | 335,44 | 336,25 |  0,00 | 2046,233 | 34,49 | 34,49 | 4112,041 |   NaN | NaN | 0,00 | 0,00 | NaN
  35 |  0,17 | 110,268 | 755,62 | 756,92 | 760,09 |  0,00 | 1,302 | 44,35 | 44,35 |  0,00 | 1,538 | 339,51 | 339,51 |  0,38 | 273,821 | 337,27 | 338,57 |  0,00 | 2116,016 | 34,49 | 34,49 | 4250,483 |   NaN | NaN | 0,00 | 0,00 | NaN
  36 |  0,04 | 101,486 | 750,85 | 751,17 | 755,32 |  0,00 | 1,355 | 44,35 | 44,35 |  0,00 | 1,630 | 334,05 | 334,05 |  0,09 | 246,200 | 337,96 | 338,28 |  0,00 | 2010,831 | 34,49 | 34,49 | 4040,526 |   NaN | NaN | 0,00 | 0,00 | NaN
  37 |  0,25 | 112,676 | 757,72 | 759,64 | 762,17 |  0,00 | 1,338 | 44,35 | 44,35 |  0,00 | 1,760 | 342,87 | 342,87 |  0,57 | 299,431 | 336,01 | 337,93 |  0,00 | 1829,611 | 34,49 | 34,49 | 3678,511 |   NaN | NaN | 0,00 | 0,00 | NaN
  38 |  0,24 | 114,069 | 756,07 | 757,93 | 760,52 |  0,00 | 1,330 | 44,35 | 44,35 |  0,00 | 1,426 | 339,20 | 339,20 |  0,55 | 297,302 | 338,03 | 339,88 |  0,00 | 1924,116 | 34,49 | 34,49 | 3867,100 |   NaN | NaN | 0,00 | 0,00 | NaN
  39 |  0,05 | 82,582 | 743,08 | 743,49 | 747,71 |  0,00 | 1,373 | 44,35 | 44,35 |  0,00 | 1,485 | 334,14 | 334,14 |  0,12 | 189,806 | 330,10 | 330,51 |  0,00 | 1866,804 | 34,49 | 34,49 | 3753,043 |   NaN | NaN | 0,00 | 0,00 | NaN
  40 |  0,01 | 87,581 | 745,71 | 745,75 | 750,31 |  0,00 | 1,373 | 44,35 | 44,35 |  0,00 | 1,532 | 337,19 | 337,19 |  0,01 | 202,332 | 329,68 | 329,71 |  0,00 | 1981,622 | 34,49 | 34,49 | 3982,010 |   NaN | NaN | 0,00 | 0,00 | NaN
  41 |  0,26 | 114,562 | 754,01 | 755,98 | 758,48 |  0,00 | 1,356 | 44,35 | 44,35 |  0,00 | 1,680 | 334,58 | 334,58 |  0,58 | 304,530 | 340,59 | 342,56 |  0,00 | 1762,561 | 34,49 | 34,49 | 3544,365 |   NaN | NaN | 0,00 | 0,00 | NaN
  42 |  0,21 | 107,383 | 757,30 | 758,90 | 761,75 |  0,00 | 1,302 | 44,35 | 44,35 |  0,00 | 1,598 | 339,75 | 339,75 |  0,47 | 280,172 | 338,71 | 340,31 |  0,00 | 1796,633 | 34,49 | 34,49 | 3612,416 |   NaN | NaN | 0,00 | 0,00 | NaN
  43 |  0,66 | 128,564 | 758,88 | 763,94 | 763,44 |  0,00 | 1,380 | 44,35 | 44,35 |  0,00 | 1,614 | 342,66 | 342,66 |  1,48 | 353,183 | 337,39 | 342,44 |  0,00 | 1869,493 | 34,49 | 34,49 | 3758,388 |   NaN | NaN | 0,00 | 0,00 | NaN
  44 |  0,09 | 95,105 | 756,08 | 756,78 | 760,51 |  0,00 | 1,292 | 44,35 | 44,35 |  0,00 | 2,207 | 337,21 | 337,21 |  0,21 | 237,189 | 340,02 | 340,72 |  0,00 | 1752,171 | 34,49 | 34,49 | 3523,407 |   NaN | NaN | 0,00 | 0,00 | NaN
  45 |  0,09 | 93,724 | 751,27 | 751,91 | 755,88 |  0,00 | 1,376 | 44,35 | 44,35 |  0,00 | 1,604 | 340,63 | 340,63 |  0,19 | 235,342 | 331,80 | 332,44 |  0,00 | 1786,272 | 34,49 | 34,49 | 3591,794 |   NaN | NaN | 0,00 | 0,00 | NaN
  46 |  0,21 | 114,732 | 752,63 | 754,20 | 757,10 |  0,00 | 1,316 | 44,35 | 44,35 |  0,00 | 1,683 | 335,98 | 335,98 |  0,46 | 302,399 | 337,81 | 339,38 |  0,00 | 1852,020 | 34,49 | 34,49 | 3723,468 |   NaN | NaN | 0,00 | 0,00 | NaN
  47 |  0,06 | 105,565 | 751,45 | 751,88 | 755,90 |  0,00 | 1,313 | 44,35 | 44,35 |  0,00 | 1,780 | 338,05 | 338,05 |  0,13 | 279,677 | 334,56 | 334,99 |  0,00 | 1711,959 | 34,49 | 34,49 | 3442,808 |   NaN | NaN | 0,00 | 0,00 | NaN
  48 |  0,00 | 84,648 | 751,30 | 751,30 | 755,75 |  0,00 | 1,343 | 44,35 | 44,35 |  0,00 | 1,457 | 336,34 | 336,34 |  0,00 | 202,289 | 336,12 | 336,12 |  0,00 | 1748,915 | 34,49 | 34,49 | 3516,979 |   NaN | NaN | 0,00 | 0,00 | NaN
  49 |  0,12 | 90,853 | 750,14 | 751,00 | 754,61 |  0,00 | 1,355 | 44,35 | 44,35 |  0,00 | 1,641 | 337,88 | 337,88 |  0,26 | 227,499 | 333,42 | 334,28 |  0,00 | 1714,822 | 34,49 | 34,49 | 3448,640 |   NaN | NaN | 0,00 | 0,00 | NaN
  50 |  0,17 | 96,203 | 754,17 | 755,49 | 758,62 |  0,00 | 1,310 | 44,35 | 44,35 |  0,00 | 1,537 | 340,36 | 340,36 |  0,39 | 238,833 | 334,97 | 336,29 |  0,00 | 1860,895 | 34,49 | 34,49 | 3741,252 |   NaN | NaN | 0,00 | 0,00 | NaN
  51 |  0,22 | 98,079 | 752,74 | 754,39 | 757,19 |  0,00 | 1,308 | 44,35 | 44,35 |  0,00 | 1,979 | 337,12 | 337,12 |  0,49 | 248,928 | 336,77 | 338,43 |  0,00 | 1759,551 | 34,49 | 34,49 | 3538,401 |   NaN | NaN | 0,00 | 0,00 | NaN
  52 |  0,15 | 102,005 | 750,52 | 751,66 | 754,96 |  0,00 | 1,334 | 44,35 | 44,35 |  0,00 | 2,026 | 332,91 | 332,91 |  0,33 | 259,500 | 338,78 | 339,91 |  0,00 | 1778,817 | 34,49 | 34,49 | 3576,924 |   NaN | NaN | 0,00 | 0,00 | NaN
  53 |  0,04 | 90,777 | 754,09 | 754,42 | 758,54 |  0,00 | 1,321 | 44,35 | 44,35 |  0,00 | 1,854 | 339,05 | 339,05 |  0,10 | 219,708 | 336,20 | 336,53 |  0,00 | 1835,537 | 34,49 | 34,49 | 3690,400 |   NaN | NaN | 0,00 | 0,00 | NaN
  54 |  0,00 | 84,713 | 747,99 | 747,99 | 752,43 |  0,00 | 1,324 | 44,35 | 44,35 |  0,00 | 1,642 | 337,02 | 337,02 |  0,00 | 201,658 | 332,13 | 332,13 |  0,00 | 1790,185 | 34,49 | 34,49 | 3599,629 |   NaN | NaN | 0,00 | 0,00 | NaN
  55 |  0,01 | 92,537 | 751,15 | 751,24 | 755,61 |  0,00 | 1,309 | 44,35 | 44,35 |  0,00 | 1,413 | 334,79 | 334,79 |  0,03 | 219,622 | 337,52 | 337,61 |  0,00 | 1929,353 | 34,49 | 34,49 | 3877,639 |   NaN | NaN | 0,00 | 0,00 | NaN
  56 |  0,14 | 89,231 | 748,18 | 749,25 | 752,62 |  0,00 | 1,315 | 44,35 | 44,35 |  0,00 | 1,776 | 334,50 | 334,50 |  0,32 | 217,886 | 334,84 | 335,91 |  0,00 | 1757,360 | 34,49 | 34,49 | 3533,913 |   NaN | NaN | 0,00 | 0,00 | NaN
  57 |  0,06 | 100,578 | 753,01 | 753,49 | 757,46 |  0,00 | 1,312 | 44,35 | 44,35 |  0,00 | 1,549 | 336,21 | 336,21 |  0,14 | 259,046 | 337,96 | 338,45 |  0,00 | 1727,453 | 34,49 | 34,49 | 3474,029 |   NaN | NaN | 0,00 | 0,00 | NaN
  58 |  0,00 | 96,231 | 753,25 | 753,25 | 757,71 |  0,00 | 1,341 | 44,35 | 44,35 |  0,00 | 2,230 | 337,15 | 337,15 |  0,00 | 243,337 | 337,26 | 337,26 |  0,00 | 1731,469 | 34,49 | 34,49 | 3481,833 |   NaN | NaN | 0,00 | 0,00 | NaN
  59 |  0,25 | 116,619 | 757,04 | 758,93 | 761,52 |  0,00 | 1,360 | 44,35 | 44,35 |  0,00 | 1,433 | 337,43 | 337,43 |  0,55 | 298,297 | 340,77 | 342,65 |  0,00 | 2032,592 | 34,49 | 34,49 | 4084,792 |   NaN | NaN | 0,00 | 0,00 | NaN
  60 |  0,02 | 97,403 | 754,11 | 754,22 | 758,54 |  0,00 | 1,294 | 44,35 | 44,35 |  0,00 | 1,989 | 337,60 | 337,60 |  0,03 | 246,038 | 337,67 | 337,78 |  0,00 | 1762,787 | 34,49 | 34,49 | 3544,729 |   NaN | NaN | 0,00 | 0,00 | NaN
  61 |  0,14 | 108,910 | 756,20 | 757,26 | 760,64 |  0,00 | 1,317 | 44,35 | 44,35 |  0,00 | 1,731 | 338,93 | 338,93 |  0,31 | 282,624 | 338,43 | 339,49 |  0,00 | 1844,418 | 34,49 | 34,49 | 3708,081 |   NaN | NaN | 0,00 | 0,00 | NaN
  62 |  0,23 | 111,414 | 755,24 | 756,95 | 759,86 |  0,00 | 1,378 | 44,35 | 44,35 |  0,00 | 1,628 | 339,41 | 339,41 |  0,50 | 297,720 | 337,00 | 338,70 |  0,00 | 1749,225 | 34,49 | 34,49 | 3517,526 |   NaN | NaN | 0,00 | 0,00 | NaN
  63 |  0,15 | 112,443 | 753,05 | 754,21 | 757,51 |  0,00 | 1,334 | 44,35 | 44,35 |  0,00 | 1,756 | 339,24 | 339,24 |  0,34 | 294,028 | 334,98 | 336,13 |  0,00 | 1902,754 | 34,49 | 34,49 | 3824,750 |   NaN | NaN | 0,00 | 0,00 | NaN
  64 |  0,07 | 102,564 | 747,36 | 747,90 | 752,00 |  0,00 | 1,377 | 44,35 | 44,35 |  0,00 | 1,898 | 335,77 | 335,77 |  0,16 | 264,639 | 332,75 | 333,29 |  0,00 | 1791,371 | 34,49 | 34,49 | 3602,055 |   NaN | NaN | 0,00 | 0,00 | NaN

= = = = = = = = = = = = AVERAGE RESULTS system = = = = = = = = = = = =
meanPLR_system | 0,141235 
meanDelay_system | 100,867830 
meanLoad_system | 753,427153 
meanTHR_system | 752,359554 
meanGate_system | 756,844867 

meanPLR_EF_system | 0,000000 
meanPLR_AF_system | 0,000000 
meanPLR_BE_system | 0,315280 
meanPLR_FLA_system | 0,000000 
meanPLR_FLB_system | NaN 

meanTHR_EF_system | 44,352003 
meanTHR_AF_system | 337,579896 
meanTHR_BE_system | 335,940271 
meanTHR_FLA_system | 35,059886 
meanTHR_FLB_system | 0,000000 

meanLoad_EF_system | 44,352003 
meanLoad_AF_system | 337,579896 
meanLoad_BE_system | 337,007870 
meanLoad_FLA_system | 35,059886 
meanLoad_FLB_system | 0,000000 

meanDELAY_EF_system | 1,338602 
meanDELAY_AF_system | 2,182623 
meanDELAY_BE_system | 274,446174 
meanDELAY_FLA_system | 1475,296810 
meanDELAY_FLB_system | NaN 
meanDELAY_CompleteFLA_system | 2969,753597 
meanDELAY_CompleteFLB_system | NaN 

= = = = = = = = = = = = AVERAGE RESULTS = = = = = = = = = = = =
Packet Loss Ratio: 00,14 (%)
PROCESSED PACKAGES: 2208657451 
DISCARTED PACKAGES: 1957967 
TOTAL PACKAGES: 2210615418 
AVERAGE DELAY: 18952,71 (ms) 
AVERAGE THROUGHPUT: 752,36 (Mbps) 
GRANTED THROUGHPUT: 48438,07 (Mbps) By 64 ONUs
EFFECTIVE THROUGHPUT: 48151,01 (Mbps) By 64 ONUs
TOTAL LOAD: 48219,34 (Mbps) By 64 ONUs
ON Arrival THROUGHPUT: 0,00 (Mbps) By 64 ONUs
FINISHTIMEFL: 180,719356 
FINISHTIME: 183,719356 


fileName | IPACT_LEAKYBUCKET_4_30_90_0 
