
ONU ID 	|  PLR(%) | Delay(ms) | Throughput(Mbps) | Granted Throughput(Mbps) | Total Load (Mbps) 

  ID |  PLR(%) |  D  | Thr |  Gates  |  Load  | PLR-EF | D-EF | ThrEF | LoadEF | PLR-AF | D-AF | ThrAF | LoadAF | PLR-BE | D-BE | ThrBE | LoadBE | PLR-FA | D-FA | ThrFA | LoadFA | DTFA |  PLR-FB | D-FB | ThrFB | LoadFB | DTFB | 
   1 |  6,84 | 292,148 | 754,26 | 809,68 | 758,92 |  0,00 | 1,408 | 44,35 | 44,35 |  0,00 | 23,152 | 364,81 | 364,81 | 15,58 | 1118,448 | 300,28 | 355,69 |  0,00 | 139,194 | 44,83 | 44,83 | 307,072 |   NaN | NaN | 0,00 | 0,00 | NaN
   2 |  7,21 | 287,208 | 754,39 | 812,98 | 758,71 |  0,00 | 1,420 | 44,35 | 44,35 |  0,00 | 7,594 | 364,04 | 364,04 | 16,29 | 1100,513 | 301,17 | 359,77 |  0,00 | 317,802 | 44,83 | 44,83 | 977,759 |   NaN | NaN | 0,00 | 0,00 | NaN
   3 |  6,33 | 274,067 | 755,26 | 806,28 | 759,62 |  0,00 | 1,356 | 44,35 | 44,35 |  0,00 | 10,142 | 360,02 | 360,02 | 14,29 | 1031,471 | 306,06 | 357,08 |  0,00 | 296,697 | 44,83 | 44,83 | 907,621 |   NaN | NaN | 0,00 | 0,00 | NaN
   4 |  7,37 | 294,876 | 754,78 | 814,82 | 759,41 |  0,00 | 1,362 | 44,35 | 44,35 |  0,00 | 22,918 | 365,49 | 365,49 | 16,67 | 1130,783 | 300,11 | 360,15 |  0,00 | 139,132 | 44,83 | 44,83 | 298,429 |   NaN | NaN | 0,00 | 0,00 | NaN
   5 |  6,56 | 272,023 | 754,33 | 807,28 | 758,59 |  0,00 | 1,387 | 44,35 | 44,35 |  0,00 | 4,238 | 358,76 | 358,76 | 14,74 | 1015,209 | 306,39 | 359,35 |  0,00 | 463,303 | 44,83 | 44,83 | 1414,790 |   NaN | NaN | 0,00 | 0,00 | NaN
   6 |  7,20 | 286,717 | 754,97 | 813,54 | 759,26 |  0,00 | 1,336 | 44,35 | 44,35 |  0,00 | 5,307 | 363,84 | 363,84 | 16,25 | 1097,033 | 301,95 | 360,52 |  0,00 | 345,330 | 44,83 | 44,83 | 1060,771 |   NaN | NaN | 0,00 | 0,00 | NaN
   7 |  6,81 | 284,000 | 754,99 | 810,20 | 759,57 |  0,00 | 1,354 | 44,35 | 44,35 |  0,00 | 20,798 | 361,80 | 361,80 | 15,37 | 1076,060 | 304,01 | 359,22 |  0,00 | 148,600 | 44,83 | 44,83 | 365,765 |   NaN | NaN | 0,00 | 0,00 | NaN
   8 |  6,79 | 290,520 | 755,24 | 810,29 | 759,56 |  0,00 | 1,404 | 44,35 | 44,35 |  0,00 | 5,917 | 358,64 | 358,64 | 15,19 | 1091,677 | 307,43 | 362,48 |  0,00 | 342,982 | 44,83 | 44,83 | 1052,331 |   NaN | NaN | 0,00 | 0,00 | NaN
   9 |  7,15 | 286,935 | 754,82 | 812,97 | 759,28 |  0,00 | 1,344 | 44,35 | 44,35 |  0,00 | 15,861 | 362,69 | 362,69 | 16,10 | 1093,301 | 302,95 | 361,09 |  0,00 | 193,621 | 44,83 | 44,83 | 546,985 |   NaN | NaN | 0,00 | 0,00 | NaN
  10 |  6,61 | 285,330 | 755,34 | 808,80 | 759,99 |  0,00 | 1,405 | 44,35 | 44,35 |  0,00 | 22,617 | 360,52 | 360,52 | 14,89 | 1074,414 | 305,63 | 359,09 |  0,00 | 139,130 | 44,83 | 44,83 | 300,717 |   NaN | NaN | 0,00 | 0,00 | NaN
  11 |  6,54 | 274,450 | 753,75 | 806,45 | 758,03 |  0,00 | 1,345 | 44,35 | 44,35 |  0,00 | 2,071 | 355,81 | 355,81 | 14,58 | 997,334 | 308,76 | 361,47 |  0,00 | 748,295 | 44,83 | 44,83 | 2269,983 |   NaN | NaN | 0,00 | 0,00 | NaN
  12 |  6,72 | 285,420 | 754,76 | 809,15 | 759,07 |  0,00 | 1,407 | 44,35 | 44,35 |  0,00 | 4,195 | 359,86 | 359,86 | 15,10 | 1076,525 | 305,72 | 360,11 |  0,00 | 384,865 | 44,83 | 44,83 | 1179,874 |   NaN | NaN | 0,00 | 0,00 | NaN
  13 |  5,98 | 267,968 | 754,25 | 802,22 | 758,56 |  0,00 | 1,371 | 44,35 | 44,35 |  0,00 | 8,365 | 357,93 | 357,93 | 13,51 | 1004,005 | 307,14 | 355,11 |  0,00 | 317,641 | 44,83 | 44,83 | 975,016 |   NaN | NaN | 0,00 | 0,00 | NaN
  14 |  7,04 | 278,490 | 754,49 | 811,68 | 758,79 |  0,00 | 1,413 | 44,35 | 44,35 |  0,00 | 3,848 | 361,15 | 361,15 | 15,82 | 1045,696 | 304,16 | 361,34 |  0,00 | 503,849 | 44,83 | 44,83 | 1536,675 |   NaN | NaN | 0,00 | 0,00 | NaN
  15 |  6,59 | 285,530 | 753,48 | 806,68 | 758,05 |  0,00 | 1,407 | 44,35 | 44,35 |  0,00 | 21,840 | 355,23 | 355,23 | 14,68 | 1061,550 | 309,07 | 362,27 |  0,00 | 151,130 | 44,83 | 44,83 | 388,484 |   NaN | NaN | 0,00 | 0,00 | NaN
  16 |  7,92 | 295,131 | 754,40 | 819,29 | 758,82 |  0,00 | 1,398 | 44,35 | 44,35 |  0,00 | 12,697 | 362,06 | 362,06 | 17,63 | 1125,966 | 303,16 | 368,05 |  0,00 | 221,800 | 44,83 | 44,83 | 660,260 |   NaN | NaN | 0,00 | 0,00 | NaN
  17 |  7,15 | 289,118 | 754,15 | 812,24 | 758,63 |  0,00 | 1,411 | 44,35 | 44,35 |  0,00 | 14,445 | 362,71 | 362,71 | 16,12 | 1104,571 | 302,26 | 360,36 |  0,00 | 201,089 | 44,83 | 44,83 | 566,547 |   NaN | NaN | 0,00 | 0,00 | NaN
  18 |  6,44 | 274,695 | 754,22 | 806,16 | 758,50 |  0,00 | 1,388 | 44,35 | 44,35 |  0,00 | 2,536 | 357,25 | 357,25 | 14,44 | 998,069 | 307,79 | 359,73 |  0,00 | 789,602 | 44,83 | 44,83 | 2394,007 |   NaN | NaN | 0,00 | 0,00 | NaN
  19 |  5,68 | 275,548 | 755,04 | 800,49 | 759,33 |  0,00 | 1,379 | 44,35 | 44,35 |  0,00 | 2,554 | 354,16 | 354,16 | 12,73 | 1003,821 | 311,70 | 357,14 |  0,00 | 602,794 | 44,83 | 44,83 | 1833,565 |   NaN | NaN | 0,00 | 0,00 | NaN
  20 |  6,28 | 276,942 | 754,35 | 804,89 | 758,65 |  0,00 | 1,374 | 44,35 | 44,35 |  0,00 | 2,094 | 360,88 | 360,88 | 14,24 | 1020,250 | 304,30 | 354,83 |  0,00 | 770,074 | 44,83 | 44,83 | 2335,315 |   NaN | NaN | 0,00 | 0,00 | NaN
  21 |  5,38 | 268,927 | 754,32 | 797,23 | 758,97 |  0,00 | 1,379 | 44,35 | 44,35 |  0,00 | 20,090 | 355,28 | 355,28 | 12,16 | 999,012 | 309,86 | 352,77 |  0,00 | 140,343 | 44,83 | 44,83 | 313,942 |   NaN | NaN | 0,00 | 0,00 | NaN
  22 |  7,52 | 289,000 | 754,94 | 816,31 | 759,28 |  0,00 | 1,417 | 44,35 | 44,35 |  0,00 | 3,320 | 367,79 | 367,79 | 17,08 | 1108,790 | 297,97 | 359,34 |  0,00 | 521,055 | 44,83 | 44,83 | 1588,154 |   NaN | NaN | 0,00 | 0,00 | NaN
  23 |  6,86 | 283,062 | 754,35 | 809,93 | 758,65 |  0,00 | 1,399 | 44,35 | 44,35 |  0,00 | 2,584 | 360,54 | 360,54 | 15,43 | 1049,895 | 304,63 | 360,22 |  0,00 | 674,338 | 44,83 | 44,83 | 2047,966 |   NaN | NaN | 0,00 | 0,00 | NaN
  24 |  6,97 | 283,950 | 755,24 | 811,85 | 759,59 |  0,00 | 1,361 | 44,35 | 44,35 |  0,00 | 10,952 | 359,59 | 359,59 | 15,59 | 1069,021 | 306,47 | 363,08 |  0,00 | 277,287 | 44,83 | 44,83 | 853,027 |   NaN | NaN | 0,00 | 0,00 | NaN
  25 |  7,53 | 294,838 | 754,15 | 815,54 | 758,73 |  0,00 | 1,418 | 44,35 | 44,35 |  0,00 | 21,552 | 358,62 | 358,62 | 16,69 | 1107,736 | 306,35 | 367,74 |  0,00 | 156,455 | 44,83 | 44,83 | 408,021 |   NaN | NaN | 0,00 | 0,00 | NaN
  26 |  6,49 | 285,802 | 754,60 | 806,98 | 759,25 |  0,00 | 1,415 | 44,35 | 44,35 |  0,00 | 22,837 | 359,78 | 359,78 | 14,63 | 1074,798 | 305,64 | 358,02 |  0,00 | 144,042 | 44,83 | 44,83 | 346,518 |   NaN | NaN | 0,00 | 0,00 | NaN
  27 |  6,24 | 274,841 | 755,13 | 805,36 | 759,41 |  0,00 | 1,341 | 44,35 | 44,35 |  0,00 | 2,048 | 361,26 | 361,26 | 14,15 | 1007,873 | 304,69 | 354,92 |  0,00 | 814,627 | 44,83 | 44,83 | 2468,950 |   NaN | NaN | 0,00 | 0,00 | NaN
  28 |  5,95 | 274,329 | 754,57 | 802,31 | 758,86 |  0,00 | 1,407 | 44,35 | 44,35 |  0,00 | 2,754 | 360,08 | 360,08 | 13,52 | 1013,750 | 305,31 | 353,05 |  0,00 | 676,027 | 44,83 | 44,83 | 2053,277 |   NaN | NaN | 0,00 | 0,00 | NaN
  29 |  7,26 | 278,941 | 754,81 | 813,86 | 759,09 |  0,00 | 1,387 | 44,35 | 44,35 |  0,00 | 2,199 | 361,90 | 361,90 | 16,28 | 1033,442 | 303,73 | 362,78 |  0,00 | 724,669 | 44,83 | 44,83 | 2199,102 |   NaN | NaN | 0,00 | 0,00 | NaN
  30 |  6,35 | 273,751 | 754,56 | 805,76 | 758,87 |  0,00 | 1,417 | 44,35 | 44,35 |  0,00 | 2,701 | 356,91 | 356,91 | 14,24 | 993,089 | 308,47 | 359,67 |  0,00 | 778,730 | 44,83 | 44,83 | 2361,213 |   NaN | NaN | 0,00 | 0,00 | NaN
  31 |  6,32 | 278,044 | 754,68 | 805,60 | 758,99 |  0,00 | 1,384 | 44,35 | 44,35 |  0,00 | 2,235 | 361,15 | 361,15 | 14,33 | 1029,744 | 304,35 | 355,26 |  0,00 | 700,417 | 44,83 | 44,83 | 2126,249 |   NaN | NaN | 0,00 | 0,00 | NaN
  32 |  6,97 | 278,726 | 754,74 | 811,32 | 759,01 |  0,00 | 1,341 | 44,35 | 44,35 |  0,00 | 2,778 | 360,69 | 360,69 | 15,65 | 1026,457 | 304,87 | 361,45 |  0,00 | 748,448 | 44,83 | 44,83 | 2270,469 |   NaN | NaN | 0,00 | 0,00 | NaN
  33 |  6,33 | 276,488 | 755,43 | 806,48 | 759,71 |  0,00 | 1,406 | 44,35 | 44,35 |  0,00 | 2,389 | 358,78 | 358,78 | 14,24 | 1010,376 | 307,47 | 358,52 |  0,00 | 746,176 | 44,83 | 44,83 | 2263,776 |   NaN | NaN | 0,00 | 0,00 | NaN
  34 |  6,34 | 276,395 | 754,19 | 805,27 | 758,46 |  0,00 | 1,397 | 44,35 | 44,35 |  0,00 | 2,176 | 359,49 | 359,49 | 14,32 | 1004,599 | 305,52 | 356,59 |  0,00 | 890,719 | 44,83 | 44,83 | 2697,566 |   NaN | NaN | 0,00 | 0,00 | NaN
  35 |  7,39 | 279,233 | 754,22 | 814,39 | 758,49 |  0,00 | 1,346 | 44,35 | 44,35 |  0,00 | 2,164 | 363,07 | 363,07 | 16,61 | 1027,871 | 301,97 | 362,14 |  0,00 | 881,782 | 44,83 | 44,83 | 2670,606 |   NaN | NaN | 0,00 | 0,00 | NaN
  36 |  6,36 | 276,277 | 755,37 | 806,67 | 759,67 |  0,00 | 1,399 | 44,35 | 44,35 |  0,00 | 2,439 | 355,63 | 355,63 | 14,18 | 989,888 | 310,56 | 361,85 |  0,00 | 874,065 | 44,83 | 44,83 | 2647,617 |   NaN | NaN | 0,00 | 0,00 | NaN
  37 |  7,44 | 284,010 | 755,54 | 816,26 | 759,84 |  0,00 | 1,382 | 44,35 | 44,35 |  0,00 | 2,542 | 366,02 | 366,02 | 16,82 | 1061,921 | 300,34 | 361,06 |  0,00 | 775,497 | 44,83 | 44,83 | 2351,760 |   NaN | NaN | 0,00 | 0,00 | NaN
  38 |  7,12 | 278,818 | 755,08 | 812,94 | 759,37 |  0,00 | 1,374 | 44,35 | 44,35 |  0,00 | 2,064 | 362,61 | 362,61 | 16,02 | 1031,009 | 303,29 | 361,15 |  0,00 | 781,231 | 44,83 | 44,83 | 2368,666 |   NaN | NaN | 0,00 | 0,00 | NaN
  39 |  5,41 | 264,435 | 753,39 | 796,48 | 757,73 |  0,00 | 1,417 | 44,35 | 44,35 |  0,00 | 1,873 | 354,91 | 354,91 | 12,23 | 955,606 | 309,30 | 352,39 |  0,00 | 763,421 | 44,83 | 44,83 | 2315,323 |   NaN | NaN | 0,00 | 0,00 | NaN
  40 |  5,79 | 265,893 | 754,10 | 800,46 | 758,41 |  0,00 | 1,417 | 44,35 | 44,35 |  0,00 | 2,106 | 358,62 | 358,62 | 13,15 | 966,166 | 306,29 | 352,66 |  0,00 | 823,432 | 44,83 | 44,83 | 2495,456 |   NaN | NaN | 0,00 | 0,00 | NaN
  41 |  7,26 | 279,225 | 753,77 | 812,80 | 758,07 |  0,00 | 1,400 | 44,35 | 44,35 |  0,00 | 2,625 | 357,04 | 357,04 | 16,10 | 1022,293 | 307,56 | 366,58 |  0,00 | 705,063 | 44,83 | 44,83 | 2140,168 |   NaN | NaN | 0,00 | 0,00 | NaN
  42 |  7,44 | 277,918 | 755,29 | 816,02 | 759,57 |  0,00 | 1,346 | 44,35 | 44,35 |  0,00 | 1,917 | 363,60 | 363,60 | 16,72 | 1033,818 | 302,51 | 363,23 |  0,00 | 737,972 | 44,83 | 44,83 | 2239,054 |   NaN | NaN | 0,00 | 0,00 | NaN
  43 |  7,74 | 280,017 | 755,32 | 818,65 | 759,62 |  0,00 | 1,424 | 44,35 | 44,35 |  0,00 | 2,060 | 365,81 | 365,81 | 17,42 | 1044,467 | 300,33 | 363,66 |  0,00 | 793,323 | 44,83 | 44,83 | 2405,140 |   NaN | NaN | 0,00 | 0,00 | NaN
  44 |  7,07 | 284,938 | 754,93 | 812,39 | 759,21 |  0,00 | 1,336 | 44,35 | 44,35 |  0,00 | 2,366 | 359,23 | 359,23 | 15,79 | 1048,179 | 306,52 | 363,98 |  0,00 | 722,479 | 44,83 | 44,83 | 2192,500 |   NaN | NaN | 0,00 | 0,00 | NaN
  45 |  6,36 | 278,877 | 755,18 | 806,45 | 759,49 |  0,00 | 1,421 | 44,35 | 44,35 |  0,00 | 2,248 | 363,08 | 363,08 | 14,48 | 1036,384 | 302,92 | 354,19 |  0,00 | 727,936 | 44,83 | 44,83 | 2209,010 |   NaN | NaN | 0,00 | 0,00 | NaN
  46 |  6,73 | 272,476 | 754,94 | 809,39 | 759,22 |  0,00 | 1,360 | 44,35 | 44,35 |  0,00 | 1,856 | 358,13 | 358,13 | 15,04 | 993,207 | 307,63 | 362,08 |  0,00 | 762,768 | 44,83 | 44,83 | 2313,461 |   NaN | NaN | 0,00 | 0,00 | NaN
  47 |  6,43 | 271,773 | 754,88 | 806,78 | 759,18 |  0,00 | 1,358 | 44,35 | 44,35 |  0,00 | 2,634 | 359,97 | 359,97 | 14,51 | 1000,248 | 305,73 | 357,63 |  0,00 | 707,297 | 44,83 | 44,83 | 2146,975 |   NaN | NaN | 0,00 | 0,00 | NaN
  48 |  6,36 | 271,856 | 753,41 | 804,57 | 757,70 |  0,00 | 1,387 | 44,35 | 44,35 |  0,00 | 2,385 | 357,81 | 357,81 | 14,31 | 997,188 | 306,43 | 357,59 |  0,00 | 707,004 | 44,83 | 44,83 | 2146,039 |   NaN | NaN | 0,00 | 0,00 | NaN
  49 |  6,48 | 277,595 | 754,45 | 806,69 | 758,75 |  0,00 | 1,400 | 44,35 | 44,35 |  0,00 | 2,419 | 359,86 | 359,86 | 14,61 | 1026,328 | 305,41 | 357,66 |  0,00 | 672,396 | 44,83 | 44,83 | 2041,956 |   NaN | NaN | 0,00 | 0,00 | NaN
  50 |  6,96 | 279,348 | 754,92 | 811,40 | 759,22 |  0,00 | 1,354 | 44,35 | 44,35 |  0,00 | 2,062 | 363,02 | 363,02 | 15,72 | 1035,144 | 302,72 | 359,20 |  0,00 | 776,172 | 44,83 | 44,83 | 2353,619 |   NaN | NaN | 0,00 | 0,00 | NaN
  51 |  6,70 | 277,707 | 754,95 | 809,14 | 759,24 |  0,00 | 1,352 | 44,35 | 44,35 |  0,00 | 2,362 | 358,99 | 358,99 | 15,01 | 1020,136 | 306,78 | 360,97 |  0,00 | 708,191 | 44,83 | 44,83 | 2149,805 |   NaN | NaN | 0,00 | 0,00 | NaN
  52 |  6,91 | 287,311 | 754,05 | 810,05 | 758,35 |  0,00 | 1,378 | 44,35 | 44,35 |  0,00 | 2,191 | 356,39 | 356,39 | 15,36 | 1050,121 | 308,48 | 364,48 |  0,00 | 720,108 | 44,83 | 44,83 | 2185,483 |   NaN | NaN | 0,00 | 0,00 | NaN
  53 |  6,93 | 277,473 | 754,96 | 811,18 | 759,25 |  0,00 | 1,366 | 44,35 | 44,35 |  0,00 | 2,079 | 362,63 | 362,63 | 15,64 | 1029,563 | 303,15 | 359,37 |  0,00 | 732,797 | 44,83 | 44,83 | 2223,614 |   NaN | NaN | 0,00 | 0,00 | NaN
  54 |  5,85 | 267,311 | 755,36 | 802,28 | 759,67 |  0,00 | 1,368 | 44,35 | 44,35 |  0,00 | 2,869 | 359,37 | 359,37 | 13,26 | 979,494 | 306,82 | 353,74 |  0,00 | 706,650 | 44,83 | 44,83 | 2145,088 |   NaN | NaN | 0,00 | 0,00 | NaN
  55 |  6,17 | 273,720 | 755,49 | 805,17 | 759,79 |  0,00 | 1,353 | 44,35 | 44,35 |  0,00 | 2,050 | 356,63 | 356,63 | 13,82 | 990,064 | 309,68 | 359,35 |  0,00 | 788,006 | 44,83 | 44,83 | 2389,022 |   NaN | NaN | 0,00 | 0,00 | NaN
  56 |  6,10 | 274,868 | 755,23 | 804,33 | 759,51 |  0,00 | 1,359 | 44,35 | 44,35 |  0,00 | 2,257 | 357,86 | 357,86 | 13,74 | 1005,179 | 308,20 | 357,29 |  0,00 | 700,671 | 44,83 | 44,83 | 2127,134 |   NaN | NaN | 0,00 | 0,00 | NaN
  57 |  6,49 | 265,641 | 754,94 | 807,33 | 759,24 |  0,00 | 1,356 | 44,35 | 44,35 |  0,00 | 2,540 | 358,26 | 358,26 | 14,56 | 972,784 | 307,50 | 359,89 |  0,00 | 680,498 | 44,83 | 44,83 | 2066,522 |   NaN | NaN | 0,00 | 0,00 | NaN
  58 |  6,69 | 280,924 | 755,15 | 809,32 | 759,44 |  0,00 | 1,385 | 44,35 | 44,35 |  0,00 | 2,329 | 360,31 | 360,31 | 15,06 | 1036,012 | 305,66 | 359,83 |  0,00 | 709,882 | 44,83 | 44,83 | 2154,729 |   NaN | NaN | 0,00 | 0,00 | NaN
  59 |  7,19 | 274,835 | 755,54 | 814,06 | 759,84 |  0,00 | 1,404 | 44,35 | 44,35 |  0,00 | 1,855 | 358,85 | 358,85 | 15,99 | 997,745 | 307,52 | 366,03 |  0,00 | 832,036 | 44,83 | 44,83 | 2521,156 |   NaN | NaN | 0,00 | 0,00 | NaN
  60 |  6,62 | 280,474 | 753,62 | 807,04 | 757,91 |  0,00 | 1,338 | 44,35 | 44,35 |  0,00 | 2,009 | 359,16 | 359,16 | 14,89 | 1037,766 | 305,28 | 358,70 |  0,00 | 672,290 | 44,83 | 44,83 | 2041,955 |   NaN | NaN | 0,00 | 0,00 | NaN
  61 |  7,24 | 282,003 | 755,01 | 813,92 | 759,30 |  0,00 | 1,361 | 44,35 | 44,35 |  0,00 | 2,165 | 361,84 | 361,84 | 16,23 | 1042,813 | 304,00 | 362,90 |  0,00 | 755,826 | 44,83 | 44,83 | 2292,707 |   NaN | NaN | 0,00 | 0,00 | NaN
  62 |  7,23 | 276,786 | 754,68 | 813,51 | 759,02 |  0,00 | 1,423 | 44,35 | 44,35 |  0,00 | 2,385 | 361,87 | 361,87 | 16,23 | 1028,548 | 303,63 | 362,46 |  0,00 | 683,329 | 44,83 | 44,83 | 2074,834 |   NaN | NaN | 0,00 | 0,00 | NaN
  63 |  6,80 | 278,637 | 755,11 | 810,18 | 759,41 |  0,00 | 1,378 | 44,35 | 44,35 |  0,00 | 2,450 | 362,07 | 362,07 | 15,34 | 1028,872 | 303,86 | 358,93 |  0,00 | 767,584 | 44,83 | 44,83 | 2327,637 |   NaN | NaN | 0,00 | 0,00 | NaN
  64 |  5,97 | 272,385 | 754,83 | 802,73 | 759,15 |  0,00 | 1,421 | 44,35 | 44,35 |  0,00 | 2,642 | 357,45 | 357,45 | 13,45 | 993,554 | 308,20 | 356,10 |  0,00 | 717,064 | 44,83 | 44,83 | 2176,437 |   NaN | NaN | 0,00 | 0,00 | NaN

= = = = = = = = = = = = AVERAGE RESULTS system = = = = = = = = = = = =
meanPLR_system | 6,702459 
meanDelay_system | 279,171504 
meanLoad_system | 808,944467 
meanTHR_system | 754,698989 
meanGate_system | 759,043888 

meanPLR_EF_system | 0,000000 
meanPLR_AF_system | 0,000000 
meanPLR_BE_system | 15,075240 
meanPLR_FLA_system | 0,000000 
meanPLR_FLB_system | NaN 

meanTHR_EF_system | 44,352004 
meanTHR_AF_system | 360,150158 
meanTHR_BE_system | 305,369274 
meanTHR_FLA_system | 45,634723 
meanTHR_FLB_system | 0,000000 

meanLoad_EF_system | 44,352004 
meanLoad_AF_system | 360,150158 
meanLoad_BE_system | 359,614751 
meanLoad_FLA_system | 45,634723 
meanLoad_FLB_system | 0,000000 

meanDELAY_EF_system | 1,382793 
meanDELAY_AF_system | 5,964816 
meanDELAY_BE_system | 1035,588228 
meanDELAY_FLA_system | 587,453639 
meanDELAY_FLB_system | NaN 
meanDELAY_CompleteFLA_system | 1770,057294 
meanDELAY_CompleteFLB_system | NaN 

= = = = = = = = = = = = AVERAGE RESULTS = = = = = = = = = = = =
Packet Loss Ratio: 06,71 (%)
PROCESSED PACKAGES: 2035309400 
DISCARTED PACKAGES: 91902686 
TOTAL PACKAGES: 2127212086 
AVERAGE DELAY: 52344,45 (ms) 
AVERAGE THROUGHPUT: 754,70 (Mbps) 
GRANTED THROUGHPUT: 48578,81 (Mbps) By 64 ONUs
EFFECTIVE THROUGHPUT: 48300,74 (Mbps) By 64 ONUs
TOTAL LOAD: 51772,45 (Mbps) By 64 ONUs
ON Arrival THROUGHPUT: 0,00 (Mbps) By 64 ONUs
FINISHTIMEFL: 166,609972 
FINISHTIME: 169,609972 


fileName | IPACT_LBVARIBLETOKENSBYCYCLE_3_36_96_0 
