
ONU ID 	|  PLR(%) | Delay(ms) | Throughput(Mbps) | Granted Throughput(Mbps) | Total Load (Mbps) 

  ID |  PLR(%) |  D  | Thr |  Gates  |  Load  | PLR-EF | D-EF | ThrEF | LoadEF | PLR-AF | D-AF | ThrAF | LoadAF | PLR-BE | D-BE | ThrBE | LoadBE | PLR-FA | D-FA | ThrFA | LoadFA | DTFA |  PLR-FB | D-FB | ThrFB | LoadFB | DTFB | 
   1 |  0,00 | 0,628 | 563,47 | 563,47 | 600,41 |  0,00 | 0,230 | 44,35 | 44,35 |  0,00 | 0,233 | 229,23 | 229,23 |  0,00 | 0,587 | 221,83 | 221,83 |  0,00 | 8,935 | 68,05 | 68,05 | 39,773 |   NaN | NaN | 0,00 | 0,00 | NaN
   2 |  0,00 | 0,881 | 563,84 | 563,84 | 605,25 |  0,00 | 0,242 | 44,35 | 44,35 |  0,00 | 0,240 | 224,50 | 224,50 |  0,00 | 0,726 | 226,93 | 226,93 |  0,00 | 14,773 | 68,05 | 68,05 | 50,808 |   NaN | NaN | 0,00 | 0,00 | NaN
   3 |  0,00 | 0,755 | 565,31 | 565,31 | 598,33 |  0,00 | 0,179 | 44,35 | 44,35 |  0,00 | 0,181 | 227,09 | 227,09 |  0,00 | 0,709 | 225,82 | 225,82 |  0,00 | 12,686 | 68,05 | 68,05 | 44,185 |   NaN | NaN | 0,00 | 0,00 | NaN
   4 |  0,00 | 0,579 | 565,36 | 565,36 | 598,37 |  0,00 | 0,185 | 44,35 | 44,35 |  0,00 | 0,186 | 228,99 | 228,99 |  0,00 | 0,585 | 223,96 | 223,96 |  0,00 | 8,550 | 68,05 | 68,05 | 37,958 |   NaN | NaN | 0,00 | 0,00 | NaN
   5 |  0,00 | 0,636 | 561,18 | 561,18 | 594,88 |  0,00 | 0,210 | 44,35 | 44,35 |  0,00 | 0,206 | 225,37 | 225,37 |  0,00 | 0,601 | 223,41 | 223,41 |  0,00 | 9,501 | 68,05 | 68,05 | 40,739 |   NaN | NaN | 0,00 | 0,00 | NaN
   6 |  0,00 | 0,616 | 566,25 | 566,25 | 598,30 |  0,00 | 0,161 | 44,35 | 44,35 |  0,00 | 0,161 | 227,86 | 227,86 |  0,00 | 0,671 | 225,98 | 225,98 |  0,00 | 9,499 | 68,05 | 68,05 | 40,186 |   NaN | NaN | 0,00 | 0,00 | NaN
   7 |  0,00 | 0,679 | 562,30 | 562,30 | 595,23 |  0,00 | 0,177 | 44,35 | 44,35 |  0,00 | 0,171 | 225,55 | 225,55 |  0,00 | 0,667 | 224,35 | 224,35 |  0,00 | 10,927 | 68,05 | 68,05 | 43,039 |   NaN | NaN | 0,00 | 0,00 | NaN
   8 |  0,00 | 0,749 | 565,51 | 565,51 | 601,73 |  0,00 | 0,227 | 44,35 | 44,35 |  0,00 | 0,221 | 225,39 | 225,39 |  0,00 | 0,659 | 227,72 | 227,72 |  0,00 | 11,887 | 68,05 | 68,05 | 45,270 |   NaN | NaN | 0,00 | 0,00 | NaN
   9 |  0,00 | 0,579 | 564,63 | 564,63 | 597,30 |  0,00 | 0,168 | 44,35 | 44,35 |  0,00 | 0,163 | 227,63 | 227,63 |  0,00 | 0,645 | 224,60 | 224,60 |  0,00 | 8,529 | 68,05 | 68,05 | 38,058 |   NaN | NaN | 0,00 | 0,00 | NaN
  10 |  0,00 | 0,671 | 562,38 | 562,38 | 598,65 |  0,00 | 0,228 | 44,35 | 44,35 |  0,00 | 0,231 | 225,89 | 225,89 |  0,00 | 0,582 | 224,08 | 224,08 |  0,00 | 10,164 | 68,05 | 68,05 | 40,480 |   NaN | NaN | 0,00 | 0,00 | NaN
  11 |  0,00 | 5,378 | 557,35 | 557,35 | 590,21 |  0,00 | 0,168 | 44,35 | 44,35 |  0,00 | 0,166 | 220,23 | 220,23 |  0,00 | 10,276 | 224,72 | 224,72 |  0,00 | 79,463 | 68,05 | 68,05 | 205,191 |   NaN | NaN | 0,00 | 0,00 | NaN
  12 |  0,00 | 0,605 | 563,81 | 563,81 | 600,60 |  0,00 | 0,230 | 44,35 | 44,35 |  0,00 | 0,227 | 225,64 | 225,64 |  0,00 | 0,559 | 225,76 | 225,76 |  0,00 | 8,506 | 68,05 | 68,05 | 38,022 |   NaN | NaN | 0,00 | 0,00 | NaN
  13 |  0,00 | 0,866 | 558,05 | 558,05 | 591,17 |  0,00 | 0,194 | 44,35 | 44,35 |  0,00 | 0,192 | 222,81 | 222,81 |  0,00 | 0,850 | 222,84 | 222,84 |  0,00 | 14,511 | 68,05 | 68,05 | 51,040 |   NaN | NaN | 0,00 | 0,00 | NaN
  14 |  0,00 | 0,680 | 564,72 | 564,72 | 603,32 |  0,00 | 0,235 | 44,35 | 44,35 |  0,00 | 0,237 | 226,72 | 226,72 |  0,00 | 0,569 | 225,60 | 225,60 |  0,00 | 10,371 | 68,05 | 68,05 | 40,842 |   NaN | NaN | 0,00 | 0,00 | NaN
  15 |  0,00 | 0,673 | 561,48 | 561,48 | 598,35 |  0,00 | 0,229 | 44,35 | 44,35 |  0,00 | 0,228 | 222,44 | 222,44 |  0,00 | 0,653 | 226,64 | 226,64 |  0,00 | 9,740 | 68,05 | 68,05 | 41,372 |   NaN | NaN | 0,00 | 0,00 | NaN
  16 |  0,00 | 0,611 | 566,26 | 566,26 | 601,17 |  0,00 | 0,221 | 44,35 | 44,35 |  0,00 | 0,222 | 225,37 | 225,37 |  0,00 | 0,574 | 228,49 | 228,49 |  0,00 | 8,730 | 68,05 | 68,05 | 38,752 |   NaN | NaN | 0,00 | 0,00 | NaN
  17 |  0,00 | 0,645 | 563,99 | 563,99 | 602,04 |  0,00 | 0,234 | 44,35 | 44,35 |  0,00 | 0,236 | 225,36 | 225,36 |  0,00 | 0,567 | 226,22 | 226,22 |  0,00 | 9,434 | 68,05 | 68,05 | 39,544 |   NaN | NaN | 0,00 | 0,00 | NaN
  18 |  0,00 | 1,069 | 562,30 | 562,30 | 596,07 |  0,00 | 0,210 | 44,35 | 44,35 |  0,00 | 0,212 | 224,43 | 224,43 |  0,00 | 0,930 | 225,46 | 225,46 |  0,00 | 19,247 | 68,05 | 68,05 | 60,075 |   NaN | NaN | 0,00 | 0,00 | NaN
  19 |  0,00 | 3,628 | 558,65 | 558,65 | 592,01 |  0,00 | 0,201 | 44,35 | 44,35 |  0,00 | 0,205 | 221,87 | 221,87 |  0,00 | 3,607 | 224,38 | 224,38 |  0,00 | 72,646 | 68,05 | 68,05 | 127,562 |   NaN | NaN | 0,00 | 0,00 | NaN
  20 |  0,00 | 3,931 | 559,38 | 559,38 | 592,61 |  0,00 | 0,197 | 44,35 | 44,35 |  0,00 | 0,199 | 225,76 | 225,76 |  0,00 | 6,828 | 221,22 | 221,22 |  0,00 | 61,680 | 68,05 | 68,05 | 170,982 |   NaN | NaN | 0,00 | 0,00 | NaN
  21 |  0,00 | 0,595 | 556,75 | 556,75 | 590,06 |  0,00 | 0,202 | 44,35 | 44,35 |  0,00 | 0,203 | 222,51 | 222,51 |  0,00 | 0,557 | 221,84 | 221,84 |  0,00 | 8,729 | 68,05 | 68,05 | 38,146 |   NaN | NaN | 0,00 | 0,00 | NaN
  22 |  0,00 | 0,613 | 567,08 | 567,08 | 607,20 |  0,00 | 0,240 | 44,35 | 44,35 |  0,00 | 0,233 | 231,29 | 231,29 |  0,00 | 0,542 | 223,39 | 223,39 |  0,00 | 8,703 | 68,05 | 68,05 | 38,531 |   NaN | NaN | 0,00 | 0,00 | NaN
  23 |  0,00 | 6,792 | 565,69 | 565,69 | 600,88 |  0,00 | 0,222 | 44,35 | 44,35 |  0,00 | 0,217 | 227,53 | 227,53 |  0,00 | 11,063 | 225,76 | 225,76 |  0,00 | 113,252 | 68,05 | 68,05 | 232,760 |   NaN | NaN | 0,00 | 0,00 | NaN
  24 |  0,00 | 0,885 | 563,72 | 563,72 | 596,75 |  0,00 | 0,184 | 44,35 | 44,35 |  0,00 | 0,180 | 224,63 | 224,63 |  0,00 | 0,818 | 226,69 | 226,69 |  0,00 | 15,469 | 68,05 | 68,05 | 52,371 |   NaN | NaN | 0,00 | 0,00 | NaN
  25 |  0,00 | 0,617 | 569,86 | 569,86 | 610,69 |  0,00 | 0,241 | 44,35 | 44,35 |  0,00 | 0,234 | 225,38 | 225,38 |  0,00 | 0,552 | 232,07 | 232,07 |  0,00 | 8,676 | 68,05 | 68,05 | 38,538 |   NaN | NaN | 0,00 | 0,00 | NaN
  26 |  0,00 | 0,725 | 561,54 | 561,54 | 600,93 |  0,00 | 0,237 | 44,35 | 44,35 |  0,00 | 0,245 | 224,21 | 224,21 |  0,00 | 0,598 | 224,93 | 224,93 |  0,00 | 11,296 | 68,05 | 68,05 | 42,754 |   NaN | NaN | 0,00 | 0,00 | NaN
  27 |  0,00 | 0,994 | 559,39 | 559,39 | 591,94 |  0,00 | 0,165 | 44,35 | 44,35 |  0,00 | 0,168 | 225,32 | 225,32 |  0,00 | 0,988 | 221,67 | 221,67 |  0,00 | 17,765 | 68,05 | 68,05 | 57,488 |   NaN | NaN | 0,00 | 0,00 | NaN
  28 |  0,00 | 6,801 | 557,74 | 557,74 | 594,75 |  0,00 | 0,230 | 44,35 | 44,35 |  0,00 | 0,226 | 224,55 | 224,55 |  0,00 | 11,123 | 220,78 | 220,78 |  0,00 | 113,022 | 68,05 | 68,05 | 234,678 |   NaN | NaN | 0,00 | 0,00 | NaN
  29 |  0,00 | 6,377 | 564,87 | 564,87 | 598,57 |  0,00 | 0,209 | 44,35 | 44,35 |  0,00 | 0,212 | 227,26 | 227,26 |  0,00 | 12,267 | 225,20 | 225,20 |  0,00 | 94,572 | 68,05 | 68,05 | 225,045 |   NaN | NaN | 0,00 | 0,00 | NaN
  30 |  0,00 | 1,792 | 559,38 | 559,38 | 599,84 |  0,00 | 0,240 | 44,35 | 44,35 |  0,00 | 0,239 | 223,44 | 223,44 |  0,00 | 2,160 | 223,54 | 223,54 |  0,00 | 30,803 | 68,05 | 68,05 | 95,397 |   NaN | NaN | 0,00 | 0,00 | NaN
  31 |  0,00 | 6,912 | 561,21 | 561,21 | 594,82 |  0,00 | 0,207 | 44,35 | 44,35 |  0,00 | 0,208 | 224,10 | 224,10 |  0,00 | 11,331 | 224,71 | 224,71 |  0,00 | 114,672 | 68,05 | 68,05 | 236,241 |   NaN | NaN | 0,00 | 0,00 | NaN
  32 |  0,00 | 5,076 | 560,00 | 560,00 | 592,61 |  0,00 | 0,164 | 44,35 | 44,35 |  0,00 | 0,155 | 222,86 | 222,86 |  0,00 | 9,664 | 224,74 | 224,74 |  0,00 | 75,452 | 68,05 | 68,05 | 194,955 |   NaN | NaN | 0,00 | 0,00 | NaN
  33 |  0,00 | 2,845 | 560,05 | 560,05 | 596,62 |  0,00 | 0,228 | 44,35 | 44,35 |  0,00 | 0,222 | 222,41 | 222,41 |  0,00 | 4,401 | 225,24 | 225,24 |  0,00 | 45,824 | 68,05 | 68,05 | 132,673 |   NaN | NaN | 0,00 | 0,00 | NaN
  34 |  0,00 | 0,689 | 555,68 | 555,68 | 590,41 |  0,00 | 0,220 | 44,35 | 44,35 |  0,00 | 0,222 | 223,98 | 223,98 |  0,00 | 0,624 | 219,29 | 219,29 |  0,00 | 10,533 | 68,05 | 68,05 | 43,486 |   NaN | NaN | 0,00 | 0,00 | NaN
  35 |  0,00 | 0,560 | 565,48 | 565,48 | 598,29 |  0,00 | 0,170 | 44,35 | 44,35 |  0,00 | 0,170 | 226,91 | 226,91 |  0,00 | 0,625 | 226,17 | 226,17 |  0,00 | 8,048 | 68,05 | 68,05 | 37,172 |   NaN | NaN | 0,00 | 0,00 | NaN
  36 |  0,00 | 0,815 | 558,43 | 558,43 | 593,66 |  0,00 | 0,222 | 44,35 | 44,35 |  0,00 | 0,222 | 220,84 | 220,84 |  0,00 | 0,722 | 225,18 | 225,18 |  0,00 | 13,301 | 68,05 | 68,05 | 49,945 |   NaN | NaN | 0,00 | 0,00 | NaN
  37 |  0,00 | 5,279 | 566,39 | 566,39 | 599,95 |  0,00 | 0,205 | 44,35 | 44,35 |  0,00 | 0,203 | 228,62 | 228,62 |  0,00 | 9,472 | 225,38 | 225,38 |  0,00 | 82,110 | 68,05 | 68,05 | 210,478 |   NaN | NaN | 0,00 | 0,00 | NaN
  38 |  0,00 | 1,336 | 561,50 | 561,50 | 594,67 |  0,00 | 0,197 | 44,35 | 44,35 |  0,00 | 0,191 | 225,60 | 225,60 |  0,00 | 1,393 | 223,50 | 223,50 |  0,00 | 24,052 | 68,05 | 68,05 | 74,505 |   NaN | NaN | 0,00 | 0,00 | NaN
  39 |  0,00 | 3,607 | 556,86 | 556,86 | 597,15 |  0,00 | 0,239 | 44,35 | 44,35 |  0,00 | 0,240 | 223,26 | 223,26 |  0,00 | 5,943 | 221,20 | 221,20 |  0,00 | 57,152 | 68,05 | 68,05 | 156,448 |   NaN | NaN | 0,00 | 0,00 | NaN
  40 |  0,00 | 1,046 | 557,35 | 557,35 | 597,65 |  0,00 | 0,240 | 44,35 | 44,35 |  0,00 | 0,240 | 222,71 | 222,71 |  0,00 | 0,910 | 222,24 | 222,24 |  0,00 | 18,103 | 68,05 | 68,05 | 58,339 |   NaN | NaN | 0,00 | 0,00 | NaN
  41 |  0,00 | 7,050 | 564,38 | 564,38 | 599,81 |  0,00 | 0,223 | 44,35 | 44,35 |  0,00 | 0,224 | 224,17 | 224,17 |  0,00 | 12,472 | 227,80 | 227,80 |  0,00 | 110,560 | 68,05 | 68,05 | 242,082 |   NaN | NaN | 0,00 | 0,00 | NaN
  42 |  0,00 | 6,467 | 565,95 | 565,95 | 598,90 |  0,00 | 0,169 | 44,35 | 44,35 |  0,00 | 0,171 | 226,41 | 226,41 |  0,00 | 11,327 | 227,13 | 227,13 |  0,00 | 103,361 | 68,05 | 68,05 | 237,177 |   NaN | NaN | 0,00 | 0,00 | NaN
  43 |  0,00 | 3,348 | 565,43 | 565,43 | 604,52 |  0,00 | 0,247 | 44,35 | 44,35 |  0,00 | 0,246 | 226,17 | 226,17 |  0,00 | 5,576 | 226,85 | 226,85 |  0,00 | 52,099 | 68,05 | 68,05 | 147,195 |   NaN | NaN | 0,00 | 0,00 | NaN
  44 |  0,00 | 7,069 | 566,93 | 566,93 | 599,26 |  0,00 | 0,162 | 44,35 | 44,35 |  0,00 | 0,161 | 225,45 | 225,45 |  0,00 | 12,107 | 229,08 | 229,08 |  0,00 | 114,722 | 68,05 | 68,05 | 242,774 |   NaN | NaN | 0,00 | 0,00 | NaN
  45 |  0,00 | 6,761 | 564,85 | 564,85 | 606,73 |  0,00 | 0,243 | 44,35 | 44,35 |  0,00 | 0,244 | 229,78 | 229,78 |  0,00 | 12,348 | 222,67 | 222,67 |  0,00 | 104,831 | 68,05 | 68,05 | 237,721 |   NaN | NaN | 0,00 | 0,00 | NaN
  46 |  0,00 | 4,031 | 559,23 | 559,23 | 592,25 |  0,00 | 0,183 | 44,35 | 44,35 |  0,00 | 0,180 | 221,27 | 221,27 |  0,00 | 7,479 | 225,56 | 225,56 |  0,00 | 59,849 | 68,05 | 68,05 | 165,223 |   NaN | NaN | 0,00 | 0,00 | NaN
  47 |  0,00 | 6,877 | 557,84 | 557,84 | 590,90 |  0,00 | 0,181 | 44,35 | 44,35 |  0,00 | 0,180 | 224,70 | 224,70 |  0,00 | 11,506 | 220,74 | 220,74 |  0,00 | 113,782 | 68,05 | 68,05 | 235,597 |   NaN | NaN | 0,00 | 0,00 | NaN
  48 |  0,00 | 7,026 | 557,81 | 557,81 | 591,68 |  0,00 | 0,210 | 44,35 | 44,35 |  0,00 | 0,214 | 221,91 | 221,91 |  0,00 | 11,764 | 223,51 | 223,51 |  0,00 | 114,747 | 68,05 | 68,05 | 243,529 |   NaN | NaN | 0,00 | 0,00 | NaN
  49 |  0,00 | 6,604 | 558,22 | 558,22 | 593,57 |  0,00 | 0,222 | 44,35 | 44,35 |  0,00 | 0,221 | 223,31 | 223,31 |  0,00 | 10,107 | 222,50 | 222,50 |  0,00 | 113,619 | 68,05 | 68,05 | 231,787 |   NaN | NaN | 0,00 | 0,00 | NaN
  50 |  0,00 | 3,277 | 560,95 | 560,95 | 593,96 |  0,00 | 0,177 | 44,35 | 44,35 |  0,00 | 0,182 | 225,48 | 225,48 |  0,00 | 5,607 | 223,07 | 223,07 |  0,00 | 51,495 | 68,05 | 68,05 | 147,405 |   NaN | NaN | 0,00 | 0,00 | NaN
  51 |  0,00 | 6,890 | 560,74 | 560,74 | 593,73 |  0,00 | 0,175 | 44,35 | 44,35 |  0,00 | 0,171 | 222,72 | 222,72 |  0,00 | 12,041 | 225,62 | 225,62 |  0,00 | 109,945 | 68,05 | 68,05 | 238,767 |   NaN | NaN | 0,00 | 0,00 | NaN
  52 |  0,00 | 6,783 | 561,08 | 561,08 | 594,55 |  0,00 | 0,201 | 44,35 | 44,35 |  0,00 | 0,201 | 221,88 | 221,88 |  0,00 | 12,211 | 226,80 | 226,80 |  0,00 | 105,054 | 68,05 | 68,05 | 236,834 |   NaN | NaN | 0,00 | 0,00 | NaN
  53 |  0,00 | 5,571 | 562,77 | 562,77 | 595,86 |  0,00 | 0,188 | 44,35 | 44,35 |  0,00 | 0,193 | 224,91 | 224,91 |  0,00 | 11,044 | 225,46 | 225,46 |  0,00 | 80,067 | 68,05 | 68,05 | 206,914 |   NaN | NaN | 0,00 | 0,00 | NaN
  54 |  0,00 | 6,623 | 557,99 | 557,99 | 591,13 |  0,00 | 0,191 | 44,35 | 44,35 |  0,00 | 0,193 | 224,80 | 224,80 |  0,00 | 11,782 | 220,79 | 220,79 |  0,00 | 104,917 | 68,05 | 68,05 | 237,904 |   NaN | NaN | 0,00 | 0,00 | NaN
  55 |  0,00 | 1,480 | 562,47 | 562,47 | 595,40 |  0,00 | 0,176 | 44,35 | 44,35 |  0,00 | 0,176 | 224,28 | 224,28 |  0,00 | 1,877 | 225,78 | 225,78 |  0,00 | 25,313 | 68,05 | 68,05 | 78,952 |   NaN | NaN | 0,00 | 0,00 | NaN
  56 |  0,00 | 7,230 | 557,74 | 557,74 | 590,72 |  0,00 | 0,182 | 44,35 | 44,35 |  0,00 | 0,183 | 223,56 | 223,56 |  0,00 | 12,969 | 221,78 | 221,78 |  0,00 | 114,033 | 68,05 | 68,05 | 244,106 |   NaN | NaN | 0,00 | 0,00 | NaN
  57 |  0,00 | 6,766 | 561,18 | 561,18 | 594,28 |  0,00 | 0,179 | 44,35 | 44,35 |  0,00 | 0,178 | 223,64 | 223,64 |  0,00 | 10,645 | 225,14 | 225,14 |  0,00 | 115,380 | 68,05 | 68,05 | 237,265 |   NaN | NaN | 0,00 | 0,00 | NaN
  58 |  0,00 | 6,914 | 561,66 | 561,66 | 595,29 |  0,00 | 0,207 | 44,35 | 44,35 |  0,00 | 0,207 | 225,83 | 225,83 |  0,00 | 11,474 | 223,43 | 223,43 |  0,00 | 114,281 | 68,05 | 68,05 | 234,881 |   NaN | NaN | 0,00 | 0,00 | NaN
  59 |  0,00 | 0,785 | 565,95 | 565,95 | 601,99 |  0,00 | 0,227 | 44,35 | 44,35 |  0,00 | 0,225 | 224,64 | 224,64 |  0,00 | 0,680 | 228,91 | 228,91 |  0,00 | 12,745 | 68,05 | 68,05 | 47,825 |   NaN | NaN | 0,00 | 0,00 | NaN
  60 |  0,00 | 6,938 | 563,01 | 563,01 | 595,42 |  0,00 | 0,163 | 44,35 | 44,35 |  0,00 | 0,164 | 225,40 | 225,40 |  0,00 | 12,448 | 225,21 | 225,21 |  0,00 | 109,524 | 68,05 | 68,05 | 239,296 |   NaN | NaN | 0,00 | 0,00 | NaN
  61 |  0,00 | 4,899 | 565,48 | 565,48 | 598,66 |  0,00 | 0,184 | 44,35 | 44,35 |  0,00 | 0,184 | 226,72 | 226,72 |  0,00 | 9,008 | 226,35 | 226,35 |  0,00 | 74,588 | 68,05 | 68,05 | 194,998 |   NaN | NaN | 0,00 | 0,00 | NaN
  62 |  0,00 | 7,159 | 563,65 | 563,65 | 606,24 |  0,00 | 0,245 | 44,35 | 44,35 |  0,00 | 0,246 | 224,38 | 224,38 |  0,00 | 12,474 | 226,86 | 226,86 |  0,00 | 113,290 | 68,05 | 68,05 | 239,932 |   NaN | NaN | 0,00 | 0,00 | NaN
  63 |  0,00 | 1,714 | 564,71 | 564,71 | 597,96 |  0,00 | 0,201 | 44,35 | 44,35 |  0,00 | 0,196 | 227,20 | 227,20 |  0,00 | 2,154 | 225,10 | 225,10 |  0,00 | 29,650 | 68,05 | 68,05 | 91,059 |   NaN | NaN | 0,00 | 0,00 | NaN
  64 |  0,00 | 6,410 | 556,55 | 556,55 | 598,82 |  0,00 | 0,244 | 44,35 | 44,35 |  0,00 | 0,241 | 223,01 | 223,01 |  0,00 | 11,111 | 221,13 | 221,13 |  0,00 | 101,859 | 68,05 | 68,05 | 232,739 |   NaN | NaN | 0,00 | 0,00 | NaN

= = = = = = = = = = = = AVERAGE RESULTS system = = = = = = = = = = = =
meanPLR_system | 0,000000 
meanDelay_system | 3,341964 
meanLoad_system | 562,058233 
meanTHR_system | 562,058233 
meanGate_system | 597,266514 

meanPLR_EF_system | 0,000000 
meanPLR_AF_system | 0,000000 
meanPLR_BE_system | 0,000000 
meanPLR_FLA_system | 0,000000 
meanPLR_FLB_system | NaN 

meanTHR_EF_system | 44,352005 
meanTHR_AF_system | 224,955588 
meanTHR_BE_system | 224,700303 
meanTHR_FLA_system | 69,735539 
meanTHR_FLB_system | 0,000000 

meanLoad_EF_system | 44,352005 
meanLoad_AF_system | 224,955588 
meanLoad_BE_system | 224,700303 
meanLoad_FLA_system | 69,735539 
meanLoad_FLB_system | 0,000000 

meanDELAY_EF_system | 0,205722 
meanDELAY_AF_system | 0,205191 
meanDELAY_BE_system | 5,465767 
meanDELAY_FLA_system | 53,453501 
meanDELAY_FLB_system | NaN 
meanDELAY_CompleteFLA_system | 130,871693 
meanDELAY_CompleteFLB_system | NaN 

= = = = = = = = = = = = AVERAGE RESULTS = = = = = = = = = = = =
Packet Loss Ratio: 00,00 (%)
PROCESSED PACKAGES: 1235336125 
DISCARTED PACKAGES: 0 
TOTAL PACKAGES: 1235336125 
AVERAGE DELAY: 519,33 (ms) 
AVERAGE THROUGHPUT: 562,06 (Mbps) 
GRANTED THROUGHPUT: 38225,06 (Mbps) By 64 ONUs
EFFECTIVE THROUGHPUT: 35971,73 (Mbps) By 64 ONUs
TOTAL LOAD: 35971,73 (Mbps) By 64 ONUs
ON Arrival THROUGHPUT: 0,00 (Mbps) By 64 ONUs
FINISHTIMEFL: 121,143395 
FINISHTIME: 124,143395 


fileName | IPACT_STRICTPRIORITYFIRSTAF_2_40_60_0 
