
ONU ID 	|  PLR(%) | Delay(ms) | Throughput(Mbps) | Granted Throughput(Mbps) | Total Load (Mbps) 

  ID |  PLR(%) |  D  | Thr |  Gates  |  Load  | PLR-EF | D-EF | ThrEF | LoadEF | PLR-AF | D-AF | ThrAF | LoadAF | PLR-BE | D-BE | ThrBE | LoadBE | PLR-FA | D-FA | ThrFA | LoadFA | DTFA |  PLR-FB | D-FB | ThrFB | LoadFB | DTFB | 
   1 |  0,07 | 98,064 | 754,91 | 755,43 | 759,61 |  0,00 | 1,369 | 44,35 | 44,35 |  0,00 | 15,394 | 342,56 | 342,56 |  0,16 | 327,202 | 333,38 | 333,89 |  0,00 | 136,417 | 34,62 | 34,62 | 294,268 |   NaN | NaN | 0,00 | 0,00 | NaN
   2 |  0,21 | 112,150 | 755,62 | 757,18 | 760,17 |  0,00 | 1,381 | 44,35 | 44,35 |  0,00 | 4,741 | 342,38 | 342,38 |  0,46 | 375,816 | 334,27 | 335,83 |  0,00 | 357,678 | 34,62 | 34,62 | 1095,990 |   NaN | NaN | 0,00 | 0,00 | NaN
   3 |  0,10 | 101,904 | 749,27 | 750,02 | 753,72 |  0,00 | 1,317 | 44,35 | 44,35 |  0,00 | 6,234 | 335,19 | 335,19 |  0,22 | 338,593 | 335,11 | 335,86 |  0,00 | 291,939 | 34,62 | 34,62 | 896,165 |   NaN | NaN | 0,00 | 0,00 | NaN
   4 |  0,22 | 108,232 | 757,07 | 758,71 | 761,70 |  0,00 | 1,323 | 44,35 | 44,35 |  0,00 | 15,126 | 341,34 | 341,34 |  0,49 | 361,139 | 336,75 | 338,40 |  0,00 | 136,127 | 34,62 | 34,62 | 292,429 |   NaN | NaN | 0,00 | 0,00 | NaN
   5 |  0,06 | 99,981 | 751,17 | 751,62 | 755,60 |  0,00 | 1,348 | 44,35 | 44,35 |  0,00 | 2,350 | 337,04 | 337,04 |  0,13 | 319,818 | 335,16 | 335,61 |  0,00 | 587,136 | 34,62 | 34,62 | 1786,076 |   NaN | NaN | 0,00 | 0,00 | NaN
   6 |  0,02 | 119,882 | 756,92 | 757,08 | 761,32 |  0,00 | 1,297 | 44,35 | 44,35 |  0,00 | 2,890 | 340,37 | 340,37 |  0,05 | 400,077 | 337,58 | 337,74 |  0,00 | 393,941 | 34,62 | 34,62 | 1205,922 |   NaN | NaN | 0,00 | 0,00 | NaN
   7 |  0,07 | 110,449 | 753,95 | 754,48 | 758,58 |  0,00 | 1,315 | 44,35 | 44,35 |  0,00 | 14,464 | 338,83 | 338,83 |  0,16 | 368,760 | 336,15 | 336,67 |  0,00 | 149,090 | 34,62 | 34,62 | 364,958 |   NaN | NaN | 0,00 | 0,00 | NaN
   8 |  0,15 | 113,229 | 755,34 | 756,48 | 759,82 |  0,00 | 1,365 | 44,35 | 44,35 |  0,00 | 4,181 | 337,60 | 337,60 |  0,33 | 372,426 | 338,78 | 339,91 |  0,00 | 410,082 | 34,62 | 34,62 | 1253,363 |   NaN | NaN | 0,00 | 0,00 | NaN
   9 |  0,35 | 126,632 | 754,95 | 757,63 | 759,47 |  0,00 | 1,305 | 44,35 | 44,35 |  0,00 | 9,799 | 339,07 | 339,07 |  0,79 | 427,020 | 336,91 | 339,59 |  0,00 | 213,634 | 34,62 | 34,62 | 612,546 |   NaN | NaN | 0,00 | 0,00 | NaN
  10 |  0,05 | 100,025 | 751,79 | 752,19 | 756,49 |  0,00 | 1,366 | 44,35 | 44,35 |  0,00 | 15,052 | 337,06 | 337,06 |  0,12 | 331,517 | 335,76 | 336,16 |  0,00 | 136,286 | 34,62 | 34,62 | 292,799 |   NaN | NaN | 0,00 | 0,00 | NaN
  11 |  0,02 | 103,577 | 752,21 | 752,33 | 756,64 |  0,00 | 1,305 | 44,35 | 44,35 |  0,00 | 1,757 | 334,63 | 334,63 |  0,04 | 311,520 | 338,61 | 338,73 |  0,00 | 934,169 | 34,62 | 34,62 | 2841,085 |   NaN | NaN | 0,00 | 0,00 | NaN
  12 |  0,53 | 110,005 | 751,92 | 755,95 | 756,38 |  0,00 | 1,368 | 44,35 | 44,35 |  0,00 | 2,430 | 338,00 | 338,00 |  1,19 | 362,760 | 334,95 | 338,98 |  0,00 | 461,627 | 34,62 | 34,62 | 1410,472 |   NaN | NaN | 0,00 | 0,00 | NaN
  13 |  0,03 | 90,405 | 746,39 | 746,64 | 750,83 |  0,00 | 1,332 | 44,35 | 44,35 |  0,00 | 5,825 | 335,81 | 335,81 |  0,07 | 297,778 | 331,61 | 331,86 |  0,00 | 337,599 | 34,62 | 34,62 | 1035,932 |   NaN | NaN | 0,00 | 0,00 | NaN
  14 |  0,37 | 129,844 | 754,09 | 756,86 | 758,59 |  0,00 | 1,374 | 44,35 | 44,35 |  0,00 | 2,175 | 339,05 | 339,05 |  0,82 | 425,872 | 336,07 | 338,84 |  0,00 | 597,007 | 34,62 | 34,62 | 1815,963 |   NaN | NaN | 0,00 | 0,00 | NaN
  15 |  0,00 | 85,002 | 751,18 | 751,18 | 755,85 |  0,00 | 1,368 | 44,35 | 44,35 |  0,00 | 15,061 | 332,39 | 332,39 |  0,00 | 273,965 | 339,82 | 339,82 |  0,00 | 151,470 | 34,62 | 34,62 | 373,921 |   NaN | NaN | 0,00 | 0,00 | NaN
  16 |  0,19 | 132,419 | 762,22 | 763,70 | 766,72 |  0,00 | 1,359 | 44,35 | 44,35 |  0,00 | 6,770 | 339,41 | 339,41 |  0,43 | 440,824 | 343,84 | 345,32 |  0,00 | 278,966 | 34,62 | 34,62 | 833,111 |   NaN | NaN | 0,00 | 0,00 | NaN
  17 |  0,21 | 124,012 | 754,86 | 756,41 | 759,42 |  0,00 | 1,372 | 44,35 | 44,35 |  0,00 | 8,940 | 340,25 | 340,25 |  0,46 | 417,756 | 335,64 | 337,19 |  0,00 | 254,006 | 34,62 | 34,62 | 749,555 |   NaN | NaN | 0,00 | 0,00 | NaN
  18 |  0,11 | 101,562 | 750,63 | 751,45 | 755,07 |  0,00 | 1,349 | 44,35 | 44,35 |  0,00 | 1,770 | 336,15 | 336,15 |  0,24 | 302,821 | 335,51 | 336,33 |  0,00 | 1001,483 | 34,62 | 34,62 | 3055,615 |   NaN | NaN | 0,00 | 0,00 | NaN
  19 |  0,13 | 86,860 | 744,54 | 745,49 | 748,96 |  0,00 | 1,340 | 44,35 | 44,35 |  0,00 | 1,792 | 331,82 | 331,82 |  0,29 | 267,091 | 333,75 | 334,70 |  0,00 | 697,283 | 34,62 | 34,62 | 2120,529 |   NaN | NaN | 0,00 | 0,00 | NaN
  20 |  0,00 | 81,056 | 748,54 | 748,54 | 752,97 |  0,00 | 1,335 | 44,35 | 44,35 |  0,00 | 1,910 | 337,70 | 337,70 |  0,00 | 236,711 | 331,87 | 331,87 |  0,00 | 912,410 | 34,62 | 34,62 | 2779,424 |   NaN | NaN | 0,00 | 0,00 | NaN
  21 |  0,03 | 87,784 | 743,20 | 743,44 | 747,87 |  0,00 | 1,340 | 44,35 | 44,35 |  0,00 | 16,012 | 333,66 | 333,66 |  0,07 | 289,407 | 330,57 | 330,81 |  0,00 | 136,944 | 34,62 | 34,62 | 302,382 |   NaN | NaN | 0,00 | 0,00 | NaN
  22 |  0,32 | 119,955 | 756,78 | 759,22 | 761,31 |  0,00 | 1,378 | 44,35 | 44,35 |  0,00 | 1,928 | 343,74 | 343,74 |  0,73 | 392,731 | 334,06 | 336,51 |  0,00 | 622,633 | 34,62 | 34,62 | 1894,005 |   NaN | NaN | 0,00 | 0,00 | NaN
  23 |  0,10 | 101,770 | 754,16 | 754,92 | 758,61 |  0,00 | 1,360 | 44,35 | 44,35 |  0,00 | 1,887 | 338,28 | 338,28 |  0,23 | 312,613 | 336,91 | 337,67 |  0,00 | 831,463 | 34,62 | 34,62 | 2525,420 |   NaN | NaN | 0,00 | 0,00 | NaN
  24 |  0,37 | 123,395 | 755,55 | 758,32 | 760,00 |  0,00 | 1,322 | 44,35 | 44,35 |  0,00 | 5,946 | 338,43 | 338,43 |  0,81 | 412,389 | 338,15 | 340,92 |  0,00 | 317,246 | 34,62 | 34,62 | 973,437 |   NaN | NaN | 0,00 | 0,00 | NaN
  25 |  0,31 | 117,024 | 756,15 | 758,52 | 760,86 |  0,00 | 1,379 | 44,35 | 44,35 |  0,00 | 12,425 | 336,48 | 336,48 |  0,69 | 389,113 | 340,70 | 343,08 |  0,00 | 161,627 | 34,62 | 34,62 | 418,975 |   NaN | NaN | 0,00 | 0,00 | NaN
  26 |  0,05 | 92,384 | 750,86 | 751,27 | 755,62 |  0,00 | 1,376 | 44,35 | 44,35 |  0,00 | 17,669 | 337,02 | 337,02 |  0,12 | 302,167 | 334,88 | 335,28 |  0,00 | 138,474 | 34,62 | 34,62 | 311,430 |   NaN | NaN | 0,00 | 0,00 | NaN
  27 |  0,12 | 91,810 | 750,20 | 751,13 | 754,62 |  0,00 | 1,302 | 44,35 | 44,35 |  0,00 | 1,594 | 338,98 | 338,98 |  0,28 | 269,061 | 332,25 | 333,18 |  0,00 | 1035,375 | 34,62 | 34,62 | 3160,408 |   NaN | NaN | 0,00 | 0,00 | NaN
  28 |  0,00 | 90,647 | 745,55 | 745,55 | 750,02 |  0,00 | 1,369 | 44,35 | 44,35 |  0,00 | 1,761 | 336,41 | 336,41 |  0,00 | 276,945 | 330,17 | 330,17 |  0,00 | 822,418 | 34,62 | 34,62 | 2496,999 |   NaN | NaN | 0,00 | 0,00 | NaN
  29 |  0,28 | 127,538 | 753,22 | 755,37 | 757,64 |  0,00 | 1,348 | 44,35 | 44,35 |  0,00 | 1,697 | 338,25 | 338,25 |  0,63 | 399,496 | 335,99 | 338,14 |  0,00 | 933,891 | 34,62 | 34,62 | 2837,447 |   NaN | NaN | 0,00 | 0,00 | NaN
  30 |  0,22 | 96,797 | 749,37 | 750,99 | 753,92 |  0,00 | 1,378 | 44,35 | 44,35 |  0,00 | 1,676 | 335,95 | 335,95 |  0,48 | 288,228 | 334,45 | 336,07 |  0,00 | 971,414 | 34,62 | 34,62 | 2962,283 |   NaN | NaN | 0,00 | 0,00 | NaN
  31 |  0,00 | 79,960 | 750,64 | 750,64 | 755,08 |  0,00 | 1,345 | 44,35 | 44,35 |  0,00 | 1,871 | 338,29 | 338,29 |  0,00 | 236,665 | 333,38 | 333,38 |  0,00 | 831,518 | 34,62 | 34,62 | 2525,204 |   NaN | NaN | 0,00 | 0,00 | NaN
  32 |  0,52 | 125,826 | 752,10 | 756,03 | 756,53 |  0,00 | 1,302 | 44,35 | 44,35 |  0,00 | 2,073 | 338,17 | 338,17 |  1,16 | 394,060 | 334,97 | 338,89 |  0,00 | 930,030 | 34,62 | 34,62 | 2828,316 |   NaN | NaN | 0,00 | 0,00 | NaN
  33 |  0,01 | 90,020 | 749,76 | 749,86 | 754,23 |  0,00 | 1,367 | 44,35 | 44,35 |  0,00 | 2,016 | 334,44 | 334,44 |  0,03 | 265,459 | 336,35 | 336,44 |  0,00 | 913,703 | 34,62 | 34,62 | 2783,871 |   NaN | NaN | 0,00 | 0,00 | NaN
  34 |  0,11 | 95,803 | 751,12 | 751,92 | 755,55 |  0,00 | 1,358 | 44,35 | 44,35 |  0,00 | 1,619 | 337,12 | 337,12 |  0,24 | 282,049 | 335,03 | 335,83 |  0,00 | 1021,026 | 34,62 | 34,62 | 3123,598 |   NaN | NaN | 0,00 | 0,00 | NaN
  35 |  0,13 | 110,170 | 756,72 | 757,72 | 761,14 |  0,00 | 1,307 | 44,35 | 44,35 |  0,00 | 1,544 | 339,65 | 339,65 |  0,29 | 328,851 | 338,09 | 339,09 |  0,00 | 1082,474 | 34,62 | 34,62 | 3311,119 |   NaN | NaN | 0,00 | 0,00 | NaN
  36 |  0,05 | 94,424 | 750,94 | 751,30 | 755,38 |  0,00 | 1,361 | 44,35 | 44,35 |  0,00 | 1,637 | 333,80 | 333,80 |  0,11 | 271,558 | 338,16 | 338,53 |  0,00 | 1074,140 | 34,62 | 34,62 | 3279,975 |   NaN | NaN | 0,00 | 0,00 | NaN
  37 |  0,32 | 113,021 | 757,01 | 759,43 | 761,45 |  0,00 | 1,343 | 44,35 | 44,35 |  0,00 | 1,769 | 342,50 | 342,50 |  0,72 | 350,483 | 335,54 | 337,96 |  0,00 | 915,423 | 34,62 | 34,62 | 2785,223 |   NaN | NaN | 0,00 | 0,00 | NaN
  38 |  0,22 | 110,236 | 756,23 | 757,91 | 760,66 |  0,00 | 1,335 | 44,35 | 44,35 |  0,00 | 1,432 | 339,11 | 339,11 |  0,49 | 337,077 | 338,15 | 339,83 |  0,00 | 932,570 | 34,62 | 34,62 | 2845,644 |   NaN | NaN | 0,00 | 0,00 | NaN
  39 |  0,06 | 72,629 | 742,92 | 743,36 | 747,52 |  0,00 | 1,378 | 44,35 | 44,35 |  0,00 | 1,498 | 334,16 | 334,16 |  0,13 | 206,213 | 329,79 | 330,23 |  0,00 | 924,043 | 34,62 | 34,62 | 2815,548 |   NaN | NaN | 0,00 | 0,00 | NaN
  40 |  0,00 | 82,340 | 746,00 | 746,03 | 750,56 |  0,00 | 1,378 | 44,35 | 44,35 |  0,00 | 1,531 | 336,99 | 336,99 |  0,01 | 234,385 | 330,04 | 330,07 |  0,00 | 1055,835 | 34,62 | 34,62 | 3221,326 |   NaN | NaN | 0,00 | 0,00 | NaN
  41 |  0,26 | 124,276 | 754,45 | 756,42 | 758,90 |  0,00 | 1,361 | 44,35 | 44,35 |  0,00 | 1,709 | 334,48 | 334,48 |  0,57 | 384,912 | 341,00 | 342,96 |  0,00 | 892,146 | 34,62 | 34,62 | 2709,438 |   NaN | NaN | 0,00 | 0,00 | NaN
  42 |  0,25 | 120,644 | 756,69 | 758,60 | 761,11 |  0,00 | 1,307 | 44,35 | 44,35 |  0,00 | 1,599 | 339,25 | 339,25 |  0,56 | 374,402 | 338,46 | 340,37 |  0,00 | 920,100 | 34,62 | 34,62 | 2796,509 |   NaN | NaN | 0,00 | 0,00 | NaN
  43 |  0,73 | 129,555 | 758,31 | 763,91 | 762,82 |  0,00 | 1,385 | 44,35 | 44,35 |  0,00 | 1,640 | 342,47 | 342,47 |  1,64 | 405,951 | 336,88 | 342,48 |  0,00 | 964,169 | 34,62 | 34,62 | 2935,777 |   NaN | NaN | 0,00 | 0,00 | NaN
  44 |  0,10 | 103,684 | 756,38 | 757,14 | 760,79 |  0,00 | 1,297 | 44,35 | 44,35 |  0,00 | 2,232 | 337,47 | 337,47 |  0,22 | 314,667 | 339,95 | 340,70 |  0,00 | 873,916 | 34,62 | 34,62 | 2653,364 |   NaN | NaN | 0,00 | 0,00 | NaN
  45 |  0,10 | 90,780 | 751,37 | 752,13 | 755,96 |  0,00 | 1,382 | 44,35 | 44,35 |  0,00 | 1,695 | 340,80 | 340,80 |  0,23 | 272,290 | 331,60 | 332,36 |  0,00 | 922,304 | 34,62 | 34,62 | 2801,706 |   NaN | NaN | 0,00 | 0,00 | NaN
  46 |  0,18 | 112,134 | 752,92 | 754,25 | 757,35 |  0,00 | 1,321 | 44,35 | 44,35 |  0,00 | 1,669 | 336,14 | 336,14 |  0,39 | 341,731 | 337,81 | 339,14 |  0,00 | 954,333 | 34,62 | 34,62 | 2904,564 |   NaN | NaN | 0,00 | 0,00 | NaN
  47 |  0,06 | 105,353 | 751,14 | 751,61 | 755,56 |  0,00 | 1,319 | 44,35 | 44,35 |  0,00 | 1,797 | 338,30 | 338,30 |  0,14 | 324,712 | 333,87 | 334,34 |  0,00 | 880,965 | 34,62 | 34,62 | 2673,900 |   NaN | NaN | 0,00 | 0,00 | NaN
  48 |  0,00 | 88,989 | 751,08 | 751,08 | 755,51 |  0,00 | 1,348 | 44,35 | 44,35 |  0,00 | 1,450 | 336,18 | 336,18 |  0,00 | 264,639 | 335,93 | 335,93 |  0,00 | 885,235 | 34,62 | 34,62 | 2688,029 |   NaN | NaN | 0,00 | 0,00 | NaN
  49 |  0,14 | 90,125 | 749,69 | 750,71 | 754,14 |  0,00 | 1,361 | 44,35 | 44,35 |  0,00 | 1,654 | 337,97 | 337,97 |  0,31 | 271,960 | 332,75 | 333,78 |  0,00 | 860,857 | 34,62 | 34,62 | 2612,927 |   NaN | NaN | 0,00 | 0,00 | NaN
  50 |  0,20 | 98,980 | 753,98 | 755,51 | 758,41 |  0,00 | 1,315 | 44,35 | 44,35 |  0,00 | 1,577 | 340,36 | 340,36 |  0,45 | 301,010 | 334,65 | 336,18 |  0,00 | 903,982 | 34,62 | 34,62 | 2754,770 |   NaN | NaN | 0,00 | 0,00 | NaN
  51 |  0,24 | 105,280 | 752,70 | 754,53 | 757,13 |  0,00 | 1,313 | 44,35 | 44,35 |  0,00 | 1,992 | 336,96 | 336,96 |  0,54 | 323,697 | 336,76 | 338,60 |  0,00 | 850,529 | 34,62 | 34,62 | 2583,749 |   NaN | NaN | 0,00 | 0,00 | NaN
  52 |  0,17 | 107,962 | 750,39 | 751,65 | 754,82 |  0,00 | 1,339 | 44,35 | 44,35 |  0,00 | 2,044 | 332,71 | 332,71 |  0,37 | 330,324 | 338,71 | 339,97 |  0,00 | 852,438 | 34,62 | 34,62 | 2591,296 |   NaN | NaN | 0,00 | 0,00 | NaN
  53 |  0,00 | 90,193 | 754,97 | 754,97 | 759,41 |  0,00 | 1,327 | 44,35 | 44,35 |  0,00 | 1,870 | 339,37 | 339,37 |  0,00 | 267,066 | 336,63 | 336,63 |  0,00 | 921,311 | 34,62 | 34,62 | 2803,430 |   NaN | NaN | 0,00 | 0,00 | NaN
  54 |  0,00 | 86,068 | 748,12 | 748,12 | 752,53 |  0,00 | 1,329 | 44,35 | 44,35 |  0,00 | 1,649 | 337,06 | 337,06 |  0,00 | 257,278 | 332,09 | 332,09 |  0,00 | 866,270 | 34,62 | 34,62 | 2633,781 |   NaN | NaN | 0,00 | 0,00 | NaN
  55 |  0,00 | 86,536 | 750,66 | 750,66 | 755,10 |  0,00 | 1,314 | 44,35 | 44,35 |  0,00 | 1,440 | 334,50 | 334,50 |  0,00 | 250,050 | 337,19 | 337,19 |  0,00 | 973,866 | 34,62 | 34,62 | 2971,253 |   NaN | NaN | 0,00 | 0,00 | NaN
  56 |  0,15 | 93,438 | 748,65 | 749,79 | 753,09 |  0,00 | 1,320 | 44,35 | 44,35 |  0,00 | 1,787 | 334,84 | 334,84 |  0,34 | 281,308 | 334,84 | 335,97 |  0,00 | 869,827 | 34,62 | 34,62 | 2642,188 |   NaN | NaN | 0,00 | 0,00 | NaN
  57 |  0,09 | 106,621 | 752,39 | 753,09 | 756,81 |  0,00 | 1,317 | 44,35 | 44,35 |  0,00 | 1,664 | 335,86 | 335,86 |  0,21 | 326,378 | 337,56 | 338,26 |  0,00 | 876,354 | 34,62 | 34,62 | 2660,760 |   NaN | NaN | 0,00 | 0,00 | NaN
  58 |  0,01 | 101,314 | 753,57 | 753,65 | 758,00 |  0,00 | 1,346 | 44,35 | 44,35 |  0,00 | 2,248 | 337,09 | 337,09 |  0,02 | 307,930 | 337,50 | 337,59 |  0,00 | 866,979 | 34,62 | 34,62 | 2632,190 |   NaN | NaN | 0,00 | 0,00 | NaN
  59 |  0,28 | 120,043 | 756,40 | 758,55 | 760,85 |  0,00 | 1,365 | 44,35 | 44,35 |  0,00 | 1,440 | 336,72 | 336,72 |  0,63 | 363,845 | 340,70 | 342,86 |  0,00 | 1028,882 | 34,62 | 34,62 | 3147,290 |   NaN | NaN | 0,00 | 0,00 | NaN
  60 |  0,05 | 109,041 | 753,75 | 754,12 | 758,17 |  0,00 | 1,300 | 44,35 | 44,35 |  0,00 | 2,032 | 337,50 | 337,50 |  0,11 | 337,799 | 337,29 | 337,66 |  0,00 | 831,853 | 34,62 | 34,62 | 2528,662 |   NaN | NaN | 0,00 | 0,00 | NaN
  61 |  0,15 | 116,884 | 756,73 | 757,84 | 761,16 |  0,00 | 1,322 | 44,35 | 44,35 |  0,00 | 1,819 | 339,25 | 339,25 |  0,33 | 361,178 | 338,51 | 339,62 |  0,00 | 909,963 | 34,62 | 34,62 | 2770,686 |   NaN | NaN | 0,00 | 0,00 | NaN
  62 |  0,15 | 118,301 | 755,81 | 756,92 | 760,37 |  0,00 | 1,384 | 44,35 | 44,35 |  0,00 | 1,637 | 339,60 | 339,60 |  0,33 | 369,397 | 337,24 | 338,35 |  0,00 | 875,286 | 34,62 | 34,62 | 2657,573 |   NaN | NaN | 0,00 | 0,00 | NaN
  63 |  0,09 | 114,369 | 753,82 | 754,46 | 758,25 |  0,00 | 1,339 | 44,35 | 44,35 |  0,00 | 1,762 | 339,49 | 339,49 |  0,19 | 350,611 | 335,35 | 336,00 |  0,00 | 986,214 | 34,62 | 34,62 | 3006,483 |   NaN | NaN | 0,00 | 0,00 | NaN
  64 |  0,06 | 102,794 | 748,26 | 748,68 | 752,87 |  0,00 | 1,382 | 44,35 | 44,35 |  0,00 | 1,921 | 336,12 | 336,12 |  0,13 | 314,429 | 333,17 | 333,59 |  0,00 | 894,533 | 34,62 | 34,62 | 2718,552 |   NaN | NaN | 0,00 | 0,00 | NaN

= = = = = = = = = = = = AVERAGE RESULTS system = = = = = = = = = = = =
meanPLR_system | 0,149665 
meanDelay_system | 104,409186 
meanLoad_system | 753,604152 
meanTHR_system | 752,472179 
meanGate_system | 756,962475 

meanPLR_EF_system | 0,000000 
meanPLR_AF_system | 0,000000 
meanPLR_BE_system | 0,334161 
meanPLR_FLA_system | 0,000000 
meanPLR_FLB_system | NaN 

meanTHR_EF_system | 44,352002 
meanTHR_AF_system | 337,632970 
meanTHR_BE_system | 335,868181 
meanTHR_FLA_system | 35,195943 
meanTHR_FLB_system | 0,000000 

meanLoad_EF_system | 44,352002 
meanLoad_AF_system | 337,632970 
meanLoad_BE_system | 337,000154 
meanLoad_FLA_system | 35,195943 
meanLoad_FLB_system | 0,000000 

meanDELAY_EF_system | 1,343802 
meanDELAY_AF_system | 4,071404 
meanDELAY_BE_system | 326,499687 
meanDELAY_FLA_system | 714,889242 
meanDELAY_FLB_system | NaN 
meanDELAY_CompleteFLA_system | 2162,368950 
meanDELAY_CompleteFLB_system | NaN 

= = = = = = = = = = = = AVERAGE RESULTS = = = = = = = = = = = =
Packet Loss Ratio: 00,15 (%)
PROCESSED PACKAGES: 2200354494 
DISCARTED PACKAGES: 2067325 
TOTAL PACKAGES: 2202421819 
AVERAGE DELAY: 19619,88 (ms) 
AVERAGE THROUGHPUT: 752,47 (Mbps) 
GRANTED THROUGHPUT: 48445,60 (Mbps) By 64 ONUs
EFFECTIVE THROUGHPUT: 48158,22 (Mbps) By 64 ONUs
TOTAL LOAD: 48230,67 (Mbps) By 64 ONUs
ON Arrival THROUGHPUT: 0,00 (Mbps) By 64 ONUs
FINISHTIMEFL: 180,020749 
FINISHTIME: 183,020749 


fileName | IPACT_LBVARIBLETOKENSBYCYCLE_4_30_90_0 
