
ONU ID 	|  PLR(%) | Delay(ms) | Throughput(Mbps) | Granted Throughput(Mbps) | Total Load (Mbps) 

  ID |  PLR(%) |  D  | Thr |  Gates  |  Load  | PLR-EF | D-EF | ThrEF | LoadEF | PLR-AF | D-AF | ThrAF | LoadAF | PLR-BE | D-BE | ThrBE | LoadBE | PLR-FA | D-FA | ThrFA | LoadFA | DTFA |  PLR-FB | D-FB | ThrFB | LoadFB | DTFB | 
   1 |  0,00 | 0,281 | 488,37 | 488,37 | 533,22 |  0,00 | 0,122 | 44,35 | 44,35 |  0,00 | 0,196 | 209,82 | 209,82 |  0,00 | 0,284 | 205,58 | 205,58 |  0,00 | 6,712 | 28,62 | 28,62 | 34,339 |   NaN | NaN | 0,00 | 0,00 | NaN
   2 |  0,00 | 1,701 | 487,06 | 487,06 | 537,06 |  0,00 | 0,134 | 44,35 | 44,35 |  0,00 | 0,141 | 208,81 | 208,81 |  0,00 | 0,203 | 205,28 | 205,28 |  0,00 | 95,410 | 28,62 | 28,62 | 211,947 |   NaN | NaN | 0,00 | 0,00 | NaN
   3 |  0,00 | 1,548 | 482,89 | 482,89 | 522,77 |  0,00 | 0,070 | 44,35 | 44,35 |  0,00 | 0,075 | 204,40 | 204,40 |  0,00 | 0,266 | 205,52 | 205,52 |  0,00 | 87,778 | 28,62 | 28,62 | 196,113 |   NaN | NaN | 0,00 | 0,00 | NaN
   4 |  0,00 | 0,259 | 488,27 | 488,27 | 528,09 |  0,00 | 0,076 | 44,35 | 44,35 |  0,00 | 0,159 | 208,84 | 208,84 |  0,00 | 0,355 | 206,46 | 206,46 |  0,00 | 6,408 | 28,62 | 28,62 | 33,794 |   NaN | NaN | 0,00 | 0,00 | NaN
   5 |  0,00 | 2,366 | 483,50 | 483,50 | 524,34 |  0,00 | 0,102 | 44,35 | 44,35 |  0,00 | 0,106 | 206,05 | 206,05 |  0,00 | 0,231 | 204,48 | 204,48 |  0,00 | 136,983 | 28,62 | 28,62 | 294,931 |   NaN | NaN | 0,00 | 0,00 | NaN
   6 |  0,00 | 1,959 | 486,78 | 486,78 | 525,48 |  0,00 | 0,054 | 44,35 | 44,35 |  0,00 | 0,058 | 207,71 | 207,71 |  0,00 | 0,294 | 206,09 | 206,09 |  0,00 | 113,820 | 28,62 | 28,62 | 248,699 |   NaN | NaN | 0,00 | 0,00 | NaN
   7 |  0,00 | 0,595 | 485,59 | 485,59 | 525,51 |  0,00 | 0,069 | 44,35 | 44,35 |  0,00 | 0,073 | 206,11 | 206,11 |  0,00 | 0,270 | 206,50 | 206,50 |  0,00 | 29,584 | 28,62 | 28,62 | 80,118 |   NaN | NaN | 0,00 | 0,00 | NaN
   8 |  0,00 | 1,764 | 488,98 | 488,98 | 532,99 |  0,00 | 0,119 | 44,35 | 44,35 |  0,00 | 0,124 | 207,43 | 207,43 |  0,00 | 0,211 | 208,58 | 208,58 |  0,00 | 100,110 | 28,62 | 28,62 | 221,594 |   NaN | NaN | 0,00 | 0,00 | NaN
   9 |  0,00 | 1,046 | 487,12 | 487,12 | 526,81 |  0,00 | 0,059 | 44,35 | 44,35 |  0,00 | 0,065 | 206,81 | 206,81 |  0,00 | 0,283 | 207,34 | 207,34 |  0,00 | 57,585 | 28,62 | 28,62 | 136,194 |   NaN | NaN | 0,00 | 0,00 | NaN
  10 |  0,00 | 0,279 | 485,57 | 485,57 | 529,57 |  0,00 | 0,119 | 44,35 | 44,35 |  0,00 | 0,201 | 207,25 | 207,25 |  0,00 | 0,293 | 205,35 | 205,35 |  0,00 | 6,458 | 28,62 | 28,62 | 33,863 |   NaN | NaN | 0,00 | 0,00 | NaN
  11 |  0,00 | 4,043 | 485,20 | 485,20 | 524,96 |  0,00 | 0,059 | 44,35 | 44,35 |  0,00 | 0,065 | 205,89 | 205,89 |  0,00 | 0,290 | 206,33 | 206,33 |  0,00 | 241,212 | 28,62 | 28,62 | 518,263 |   NaN | NaN | 0,00 | 0,00 | NaN
  12 |  0,00 | 2,013 | 486,24 | 486,24 | 531,05 |  0,00 | 0,121 | 44,35 | 44,35 |  0,00 | 0,125 | 206,45 | 206,45 |  0,00 | 0,208 | 206,81 | 206,81 |  0,00 | 115,027 | 28,62 | 28,62 | 251,260 |   NaN | NaN | 0,00 | 0,00 | NaN
  13 |  0,00 | 1,674 | 480,26 | 480,26 | 520,41 |  0,00 | 0,086 | 44,35 | 44,35 |  0,00 | 0,090 | 205,02 | 205,02 |  0,00 | 0,252 | 202,27 | 202,27 |  0,00 | 94,766 | 28,62 | 28,62 | 210,677 |   NaN | NaN | 0,00 | 0,00 | NaN
  14 |  0,00 | 2,378 | 488,05 | 488,05 | 534,94 |  0,00 | 0,127 | 44,35 | 44,35 |  0,00 | 0,130 | 206,96 | 206,96 |  0,00 | 0,203 | 208,11 | 208,11 |  0,00 | 137,574 | 28,62 | 28,62 | 296,053 |   NaN | NaN | 0,00 | 0,00 | NaN
  15 |  0,00 | 0,652 | 485,10 | 485,10 | 529,89 |  0,00 | 0,121 | 44,35 | 44,35 |  0,00 | 0,132 | 203,76 | 203,76 |  0,00 | 0,212 | 208,36 | 208,36 |  0,00 | 31,304 | 28,62 | 28,62 | 84,263 |   NaN | NaN | 0,00 | 0,00 | NaN
  16 |  0,00 | 1,321 | 490,77 | 490,77 | 533,22 |  0,00 | 0,112 | 44,35 | 44,35 |  0,00 | 0,116 | 207,85 | 207,85 |  0,00 | 0,216 | 209,95 | 209,95 |  0,00 | 73,215 | 28,62 | 28,62 | 167,513 |   NaN | NaN | 0,00 | 0,00 | NaN
  17 |  0,00 | 1,247 | 486,39 | 486,39 | 532,54 |  0,00 | 0,125 | 44,35 | 44,35 |  0,00 | 0,128 | 207,73 | 207,73 |  0,00 | 0,204 | 205,68 | 205,68 |  0,00 | 67,895 | 28,62 | 28,62 | 156,744 |   NaN | NaN | 0,00 | 0,00 | NaN
  18 |  0,00 | 3,827 | 483,71 | 483,71 | 524,50 |  0,00 | 0,102 | 44,35 | 44,35 |  0,00 | 0,108 | 205,79 | 205,79 |  0,00 | 0,231 | 204,94 | 204,94 |  0,00 | 226,416 | 28,62 | 28,62 | 481,086 |   NaN | NaN | 0,00 | 0,00 | NaN
  19 |  0,00 | 2,988 | 481,12 | 481,12 | 521,46 |  0,00 | 0,093 | 44,35 | 44,35 |  0,00 | 0,097 | 203,47 | 203,47 |  0,00 | 0,240 | 204,68 | 204,68 |  0,00 | 174,885 | 28,62 | 28,62 | 368,555 |   NaN | NaN | 0,00 | 0,00 | NaN
  20 |  0,00 | 3,974 | 481,08 | 481,08 | 521,24 |  0,00 | 0,088 | 44,35 | 44,35 |  0,00 | 0,104 | 206,03 | 206,03 |  0,00 | 0,256 | 202,07 | 202,07 |  0,00 | 234,939 | 28,62 | 28,62 | 516,804 |   NaN | NaN | 0,00 | 0,00 | NaN
  21 |  0,00 | 0,421 | 479,72 | 479,72 | 519,98 |  0,00 | 0,093 | 44,35 | 44,35 |  0,00 | 0,102 | 204,30 | 204,30 |  0,00 | 0,247 | 202,45 | 202,45 |  0,00 | 17,910 | 28,62 | 28,62 | 56,870 |   NaN | NaN | 0,00 | 0,00 | NaN
  22 |  0,00 | 2,521 | 488,07 | 488,07 | 536,90 |  0,00 | 0,132 | 44,35 | 44,35 |  0,00 | 0,134 | 209,68 | 209,68 |  0,00 | 0,199 | 205,42 | 205,42 |  0,00 | 146,190 | 28,62 | 28,62 | 313,539 |   NaN | NaN | 0,00 | 0,00 | NaN
  23 |  0,00 | 4,113 | 486,65 | 486,65 | 529,32 |  0,00 | 0,114 | 44,35 | 44,35 |  0,00 | 0,119 | 207,13 | 207,13 |  0,00 | 0,225 | 206,54 | 206,54 |  0,00 | 244,243 | 28,62 | 28,62 | 481,527 |   NaN | NaN | 0,00 | 0,00 | NaN
  24 |  0,00 | 1,682 | 488,99 | 488,99 | 528,97 |  0,00 | 0,075 | 44,35 | 44,35 |  0,00 | 0,081 | 207,42 | 207,42 |  0,00 | 0,261 | 208,60 | 208,60 |  0,00 | 96,381 | 28,62 | 28,62 | 213,829 |   NaN | NaN | 0,00 | 0,00 | NaN
  25 |  0,00 | 0,774 | 487,15 | 487,15 | 536,62 |  0,00 | 0,133 | 44,35 | 44,35 |  0,00 | 0,139 | 204,49 | 204,49 |  0,00 | 0,201 | 209,68 | 209,68 |  0,00 | 38,519 | 28,62 | 28,62 | 98,124 |   NaN | NaN | 0,00 | 0,00 | NaN
  26 |  0,00 | 0,601 | 484,31 | 484,31 | 532,04 |  0,00 | 0,129 | 44,35 | 44,35 |  0,00 | 0,135 | 206,20 | 206,20 |  0,00 | 0,206 | 205,13 | 205,13 |  0,00 | 27,928 | 28,62 | 28,62 | 76,410 |   NaN | NaN | 0,00 | 0,00 | NaN
  27 |  0,00 | 3,847 | 483,53 | 483,53 | 523,01 |  0,00 | 0,057 | 44,35 | 44,35 |  0,00 | 0,062 | 207,00 | 207,00 |  0,00 | 0,288 | 203,56 | 203,56 |  0,00 | 229,018 | 28,62 | 28,62 | 483,479 |   NaN | NaN | 0,00 | 0,00 | NaN
  28 |  0,00 | 4,141 | 481,50 | 481,50 | 526,50 |  0,00 | 0,122 | 44,35 | 44,35 |  0,00 | 0,138 | 205,76 | 205,76 |  0,00 | 0,228 | 202,77 | 202,77 |  0,00 | 244,069 | 28,62 | 28,62 | 482,625 |   NaN | NaN | 0,00 | 0,00 | NaN
  29 |  0,00 | 4,141 | 486,01 | 486,01 | 526,81 |  0,00 | 0,101 | 44,35 | 44,35 |  0,00 | 0,110 | 205,45 | 205,45 |  0,00 | 0,234 | 207,59 | 207,59 |  0,00 | 246,176 | 28,62 | 28,62 | 515,727 |   NaN | NaN | 0,00 | 0,00 | NaN
  30 |  0,00 | 3,821 | 484,33 | 484,33 | 533,31 |  0,00 | 0,132 | 44,35 | 44,35 |  0,00 | 0,134 | 205,44 | 205,44 |  0,00 | 0,197 | 205,91 | 205,91 |  0,00 | 225,289 | 28,62 | 28,62 | 494,389 |   NaN | NaN | 0,00 | 0,00 | NaN
  31 |  0,00 | 4,109 | 483,88 | 483,88 | 524,43 |  0,00 | 0,099 | 44,35 | 44,35 |  0,00 | 0,106 | 206,41 | 206,41 |  0,00 | 0,247 | 204,49 | 204,49 |  0,00 | 243,666 | 28,62 | 28,62 | 480,075 |   NaN | NaN | 0,00 | 0,00 | NaN
  32 |  0,00 | 4,027 | 486,85 | 486,85 | 526,31 |  0,00 | 0,056 | 44,35 | 44,35 |  0,00 | 0,068 | 206,55 | 206,55 |  0,00 | 0,295 | 207,32 | 207,32 |  0,00 | 240,649 | 28,62 | 28,62 | 519,833 |   NaN | NaN | 0,00 | 0,00 | NaN
  33 |  0,00 | 3,906 | 483,18 | 483,18 | 527,62 |  0,00 | 0,120 | 44,35 | 44,35 |  0,00 | 0,134 | 204,86 | 204,86 |  0,00 | 0,218 | 205,34 | 205,34 |  0,00 | 230,390 | 28,62 | 28,62 | 510,262 |   NaN | NaN | 0,00 | 0,00 | NaN
  34 |  0,00 | 3,941 | 484,93 | 484,93 | 527,15 |  0,00 | 0,112 | 44,35 | 44,35 |  0,00 | 0,116 | 205,46 | 205,46 |  0,00 | 0,218 | 206,49 | 206,49 |  0,00 | 233,406 | 28,62 | 28,62 | 489,324 |   NaN | NaN | 0,00 | 0,00 | NaN
  35 |  0,00 | 4,028 | 487,12 | 487,12 | 526,90 |  0,00 | 0,061 | 44,35 | 44,35 |  0,00 | 0,064 | 207,33 | 207,33 |  0,00 | 0,279 | 206,82 | 206,82 |  0,00 | 240,919 | 28,62 | 28,62 | 503,652 |   NaN | NaN | 0,00 | 0,00 | NaN
  36 |  0,00 | 3,885 | 483,94 | 483,94 | 526,75 |  0,00 | 0,114 | 44,35 | 44,35 |  0,00 | 0,118 | 204,76 | 204,76 |  0,00 | 0,217 | 206,20 | 206,20 |  0,00 | 229,727 | 28,62 | 28,62 | 483,546 |   NaN | NaN | 0,00 | 0,00 | NaN
  37 |  0,00 | 4,030 | 488,66 | 488,66 | 529,10 |  0,00 | 0,097 | 44,35 | 44,35 |  0,00 | 0,107 | 209,06 | 209,06 |  0,00 | 0,247 | 206,62 | 206,62 |  0,00 | 240,073 | 28,62 | 28,62 | 520,647 |   NaN | NaN | 0,00 | 0,00 | NaN
  38 |  0,00 | 3,767 | 488,79 | 488,79 | 528,93 |  0,00 | 0,088 | 44,35 | 44,35 |  0,00 | 0,093 | 207,58 | 207,58 |  0,00 | 0,245 | 208,24 | 208,24 |  0,00 | 224,383 | 28,62 | 28,62 | 486,363 |   NaN | NaN | 0,00 | 0,00 | NaN
  39 |  0,00 | 3,934 | 480,53 | 480,53 | 529,36 |  0,00 | 0,131 | 44,35 | 44,35 |  0,00 | 0,139 | 204,96 | 204,96 |  0,00 | 0,209 | 202,60 | 202,60 |  0,00 | 231,126 | 28,62 | 28,62 | 513,550 |   NaN | NaN | 0,00 | 0,00 | NaN
  40 |  0,00 | 3,864 | 480,56 | 480,56 | 529,38 |  0,00 | 0,131 | 44,35 | 44,35 |  0,00 | 0,137 | 205,46 | 205,46 |  0,00 | 0,203 | 202,13 | 202,13 |  0,00 | 226,971 | 28,62 | 28,62 | 480,816 |   NaN | NaN | 0,00 | 0,00 | NaN
  41 |  0,00 | 4,203 | 488,60 | 488,60 | 531,56 |  0,00 | 0,114 | 44,35 | 44,35 |  0,00 | 0,125 | 206,27 | 206,27 |  0,00 | 0,222 | 209,36 | 209,36 |  0,00 | 250,250 | 28,62 | 28,62 | 505,341 |   NaN | NaN | 0,00 | 0,00 | NaN
  42 |  0,00 | 4,117 | 487,83 | 487,83 | 527,62 |  0,00 | 0,061 | 44,35 | 44,35 |  0,00 | 0,069 | 207,25 | 207,25 |  0,00 | 0,288 | 207,61 | 207,61 |  0,00 | 246,377 | 28,62 | 28,62 | 516,171 |   NaN | NaN | 0,00 | 0,00 | NaN
  43 |  0,00 | 3,912 | 490,09 | 490,09 | 537,11 |  0,00 | 0,139 | 44,35 | 44,35 |  0,00 | 0,149 | 209,02 | 209,02 |  0,00 | 0,197 | 208,10 | 208,10 |  0,00 | 231,903 | 28,62 | 28,62 | 513,503 |   NaN | NaN | 0,00 | 0,00 | NaN
  44 |  0,00 | 4,190 | 487,12 | 487,12 | 525,96 |  0,00 | 0,054 | 44,35 | 44,35 |  0,00 | 0,067 | 206,53 | 206,53 |  0,00 | 0,314 | 207,61 | 207,61 |  0,00 | 250,589 | 28,62 | 28,62 | 501,167 |   NaN | NaN | 0,00 | 0,00 | NaN
  45 |  0,00 | 4,186 | 485,96 | 485,96 | 536,58 |  0,00 | 0,135 | 44,35 | 44,35 |  0,00 | 0,144 | 208,29 | 208,29 |  0,00 | 0,211 | 204,70 | 204,70 |  0,00 | 247,688 | 28,62 | 28,62 | 513,775 |   NaN | NaN | 0,00 | 0,00 | NaN
  46 |  0,00 | 3,945 | 485,27 | 485,27 | 525,22 |  0,00 | 0,074 | 44,35 | 44,35 |  0,00 | 0,082 | 205,73 | 205,73 |  0,00 | 0,266 | 206,56 | 206,56 |  0,00 | 234,813 | 28,62 | 28,62 | 516,824 |   NaN | NaN | 0,00 | 0,00 | NaN
  47 |  0,00 | 3,987 | 485,34 | 485,34 | 525,34 |  0,00 | 0,072 | 44,35 | 44,35 |  0,00 | 0,084 | 207,64 | 207,64 |  0,00 | 0,284 | 204,72 | 204,72 |  0,00 | 237,246 | 28,62 | 28,62 | 467,467 |   NaN | NaN | 0,00 | 0,00 | NaN
  48 |  0,00 | 4,187 | 483,72 | 483,72 | 524,56 |  0,00 | 0,102 | 44,35 | 44,35 |  0,00 | 0,115 | 205,44 | 205,44 |  0,00 | 0,245 | 205,31 | 205,31 |  0,00 | 248,217 | 28,62 | 28,62 | 495,814 |   NaN | NaN | 0,00 | 0,00 | NaN
  49 |  0,00 | 3,978 | 484,69 | 484,69 | 527,53 |  0,00 | 0,114 | 44,35 | 44,35 |  0,00 | 0,127 | 207,08 | 207,08 |  0,00 | 0,223 | 204,64 | 204,64 |  0,00 | 235,353 | 28,62 | 28,62 | 464,920 |   NaN | NaN | 0,00 | 0,00 | NaN
  50 |  0,00 | 3,860 | 486,52 | 486,52 | 526,44 |  0,00 | 0,068 | 44,35 | 44,35 |  0,00 | 0,076 | 208,28 | 208,28 |  0,00 | 0,278 | 205,26 | 205,26 |  0,00 | 230,075 | 28,62 | 28,62 | 510,188 |   NaN | NaN | 0,00 | 0,00 | NaN
  51 |  0,00 | 4,204 | 486,01 | 486,01 | 525,89 |  0,00 | 0,066 | 44,35 | 44,35 |  0,00 | 0,074 | 205,54 | 205,54 |  0,00 | 0,285 | 207,49 | 207,49 |  0,00 | 251,036 | 28,62 | 28,62 | 505,148 |   NaN | NaN | 0,00 | 0,00 | NaN
  52 |  0,00 | 4,213 | 483,06 | 483,06 | 523,39 |  0,00 | 0,093 | 44,35 | 44,35 |  0,00 | 0,104 | 203,65 | 203,65 |  0,00 | 0,251 | 206,44 | 206,44 |  0,00 | 249,928 | 28,62 | 28,62 | 510,829 |   NaN | NaN | 0,00 | 0,00 | NaN
  53 |  0,00 | 4,013 | 486,32 | 486,32 | 526,33 |  0,00 | 0,080 | 44,35 | 44,35 |  0,00 | 0,090 | 206,98 | 206,98 |  0,00 | 0,262 | 206,36 | 206,36 |  0,00 | 239,014 | 28,62 | 28,62 | 519,382 |   NaN | NaN | 0,00 | 0,00 | NaN
  54 |  0,00 | 4,178 | 483,20 | 483,20 | 523,22 |  0,00 | 0,082 | 44,35 | 44,35 |  0,00 | 0,096 | 206,46 | 206,46 |  0,00 | 0,265 | 203,77 | 203,77 |  0,00 | 248,190 | 28,62 | 28,62 | 515,557 |   NaN | NaN | 0,00 | 0,00 | NaN
  55 |  0,00 | 3,789 | 485,07 | 485,07 | 525,02 |  0,00 | 0,068 | 44,35 | 44,35 |  0,00 | 0,072 | 205,61 | 205,61 |  0,00 | 0,269 | 206,48 | 206,48 |  0,00 | 225,533 | 28,62 | 28,62 | 487,797 |   NaN | NaN | 0,00 | 0,00 | NaN
  56 |  0,00 | 4,163 | 483,62 | 483,62 | 523,58 |  0,00 | 0,073 | 44,35 | 44,35 |  0,00 | 0,089 | 204,65 | 204,65 |  0,00 | 0,278 | 206,00 | 206,00 |  0,00 | 247,581 | 28,62 | 28,62 | 496,715 |   NaN | NaN | 0,00 | 0,00 | NaN
  57 |  0,00 | 4,074 | 485,85 | 485,85 | 525,80 |  0,00 | 0,070 | 44,35 | 44,35 |  0,00 | 0,085 | 206,25 | 206,25 |  0,00 | 0,284 | 206,63 | 206,63 |  0,00 | 242,772 | 28,62 | 28,62 | 478,453 |   NaN | NaN | 0,00 | 0,00 | NaN
  58 |  0,00 | 4,134 | 485,33 | 485,33 | 525,99 |  0,00 | 0,099 | 44,35 | 44,35 |  0,00 | 0,107 | 205,77 | 205,77 |  0,00 | 0,241 | 206,58 | 206,58 |  0,00 | 245,636 | 28,62 | 28,62 | 485,012 |   NaN | NaN | 0,00 | 0,00 | NaN
  59 |  0,00 | 3,908 | 488,90 | 488,90 | 532,77 |  0,00 | 0,118 | 44,35 | 44,35 |  0,00 | 0,122 | 206,96 | 206,96 |  0,00 | 0,212 | 208,96 | 208,96 |  0,00 | 232,158 | 28,62 | 28,62 | 487,937 |   NaN | NaN | 0,00 | 0,00 | NaN
  60 |  0,00 | 4,183 | 485,46 | 485,46 | 524,66 |  0,00 | 0,055 | 44,35 | 44,35 |  0,00 | 0,074 | 206,65 | 206,65 |  0,00 | 0,299 | 205,84 | 205,84 |  0,00 | 249,816 | 28,62 | 28,62 | 503,884 |   NaN | NaN | 0,00 | 0,00 | NaN
  61 |  0,00 | 3,973 | 486,81 | 486,81 | 526,79 |  0,00 | 0,075 | 44,35 | 44,35 |  0,00 | 0,088 | 206,55 | 206,55 |  0,00 | 0,268 | 207,29 | 207,29 |  0,00 | 236,824 | 28,62 | 28,62 | 518,152 |   NaN | NaN | 0,00 | 0,00 | NaN
  62 |  0,00 | 4,217 | 487,29 | 487,29 | 538,65 |  0,00 | 0,137 | 44,35 | 44,35 |  0,00 | 0,143 | 207,36 | 207,36 |  0,00 | 0,206 | 206,95 | 206,95 |  0,00 | 249,993 | 28,62 | 28,62 | 499,071 |   NaN | NaN | 0,00 | 0,00 | NaN
  63 |  0,00 | 3,790 | 486,86 | 486,86 | 527,15 |  0,00 | 0,092 | 44,35 | 44,35 |  0,00 | 0,098 | 207,39 | 207,39 |  0,00 | 0,243 | 206,50 | 206,50 |  0,00 | 225,181 | 28,62 | 28,62 | 493,984 |   NaN | NaN | 0,00 | 0,00 | NaN
  64 |  0,00 | 4,210 | 482,51 | 482,51 | 533,60 |  0,00 | 0,136 | 44,35 | 44,35 |  0,00 | 0,147 | 204,08 | 204,08 |  0,00 | 0,203 | 205,45 | 205,45 |  0,00 | 248,347 | 28,62 | 28,62 | 516,469 |   NaN | NaN | 0,00 | 0,00 | NaN

= = = = = = = = = = = = AVERAGE RESULTS system = = = = = = = = = = = =
meanPLR_system | 0,000000 
meanDelay_system | 3,110645 
meanLoad_system | 485,502412 
meanTHR_system | 485,502412 
meanGate_system | 528,128204 

meanPLR_EF_system | 0,000000 
meanPLR_AF_system | 0,000000 
meanPLR_BE_system | 0,000000 
meanPLR_FLA_system | 0,000000 
meanPLR_FLB_system | NaN 

meanTHR_EF_system | 44,352001 
meanTHR_AF_system | 206,451524 
meanTHR_BE_system | 206,077265 
meanTHR_FLA_system | 29,043329 
meanTHR_FLB_system | 0,000000 

meanLoad_EF_system | 44,352001 
meanLoad_AF_system | 206,451524 
meanLoad_BE_system | 206,077265 
meanLoad_FLA_system | 29,043329 
meanLoad_FLB_system | 0,000000 

meanDELAY_EF_system | 0,097378 
meanDELAY_AF_system | 0,108719 
meanDELAY_BE_system | 0,246332 
meanDELAY_FLA_system | 182,806791 
meanDELAY_FLB_system | NaN 
meanDELAY_CompleteFLA_system | 387,046228 
meanDELAY_CompleteFLB_system | NaN 

= = = = = = = = = = = = AVERAGE RESULTS = = = = = = = = = = = =
Packet Loss Ratio: 00,00 (%)
PROCESSED PACKAGES: 1935447354 
DISCARTED PACKAGES: 0 
TOTAL PACKAGES: 1935447354 
AVERAGE DELAY: 455,23 (ms) 
AVERAGE THROUGHPUT: 485,50 (Mbps) 
GRANTED THROUGHPUT: 33800,21 (Mbps) By 64 ONUs
EFFECTIVE THROUGHPUT: 31072,15 (Mbps) By 64 ONUs
TOTAL LOAD: 31072,15 (Mbps) By 64 ONUs
ON Arrival THROUGHPUT: 0,00 (Mbps) By 64 ONUs
FINISHTIMEFL: 203,613024 
FINISHTIME: 206,613024 


fileName | IPACT_LBCONSTANTTOKENSBYCYCLE_5_28_55_0 
