
ONU ID 	|  PLR(%) | Delay(ms) | Throughput(Mbps) | Granted Throughput(Mbps) | Total Load (Mbps) 

  ID |  PLR(%) |  D  | Thr |  Gates  |  Load  | PLR-EF | D-EF | ThrEF | LoadEF | PLR-AF | D-AF | ThrAF | LoadAF | PLR-BE | D-BE | ThrBE | LoadBE | PLR-FA | D-FA | ThrFA | LoadFA | DTFA |  PLR-FB | D-FB | ThrFB | LoadFB | DTFB | 
   1 |  0,00 | 3,025 | 717,79 | 717,79 | 729,93 |  0,00 | 0,710 | 44,35 | 44,35 |  0,00 | 0,711 | 322,99 | 322,99 |  0,00 | 6,153 | 314,81 | 314,81 |  0,00 | 52,233 | 35,64 | 35,64 | 126,917 |   NaN | NaN | 0,00 | 0,00 | NaN
   2 |  0,00 | 6,284 | 719,79 | 719,79 | 733,31 |  0,00 | 0,722 | 44,35 | 44,35 |  0,00 | 0,722 | 322,79 | 322,79 |  0,00 | 14,136 | 317,01 | 317,01 |  0,00 | 117,902 | 35,64 | 35,64 | 251,286 |   NaN | NaN | 0,00 | 0,00 | NaN
   3 |  0,00 | 5,595 | 715,09 | 715,09 | 726,69 |  0,00 | 0,658 | 44,35 | 44,35 |  0,00 | 0,662 | 317,94 | 317,94 |  0,00 | 12,152 | 317,16 | 317,16 |  0,00 | 110,268 | 35,64 | 35,64 | 229,282 |   NaN | NaN | 0,00 | 0,00 | NaN
   4 |  0,00 | 3,223 | 722,30 | 722,30 | 733,87 |  0,00 | 0,664 | 44,35 | 44,35 |  0,00 | 0,659 | 323,07 | 323,07 |  0,00 | 6,964 | 319,24 | 319,24 |  0,00 | 52,139 | 35,64 | 35,64 | 118,391 |   NaN | NaN | 0,00 | 0,00 | NaN
   5 |  0,00 | 13,627 | 715,73 | 715,73 | 727,41 |  0,00 | 0,689 | 44,35 | 44,35 |  0,00 | 0,692 | 318,36 | 318,36 |  0,00 | 35,805 | 317,38 | 317,38 |  0,00 | 204,296 | 35,64 | 35,64 | 412,888 |   NaN | NaN | 0,00 | 0,00 | NaN
   6 |  0,00 | 6,935 | 720,13 | 720,13 | 731,72 |  0,00 | 0,638 | 44,35 | 44,35 |  0,00 | 0,632 | 320,60 | 320,60 |  0,00 | 15,578 | 319,54 | 319,54 |  0,00 | 135,672 | 35,64 | 35,64 | 276,109 |   NaN | NaN | 0,00 | 0,00 | NaN
   7 |  0,00 | 4,065 | 720,22 | 720,22 | 731,79 |  0,00 | 0,656 | 44,35 | 44,35 |  0,00 | 0,657 | 321,06 | 321,06 |  0,00 | 8,832 | 319,17 | 319,17 |  0,00 | 72,379 | 35,64 | 35,64 | 166,624 |   NaN | NaN | 0,00 | 0,00 | NaN
   8 |  0,00 | 5,852 | 718,81 | 718,81 | 730,76 |  0,00 | 0,706 | 44,35 | 44,35 |  0,00 | 0,703 | 318,20 | 318,20 |  0,00 | 12,580 | 320,62 | 320,62 |  0,00 | 115,722 | 35,64 | 35,64 | 247,043 |   NaN | NaN | 0,00 | 0,00 | NaN
   9 |  0,00 | 3,035 | 719,64 | 719,64 | 731,21 |  0,00 | 0,646 | 44,35 | 44,35 |  0,00 | 0,645 | 319,31 | 319,31 |  0,00 | 5,632 | 320,35 | 320,35 |  0,00 | 63,118 | 35,64 | 35,64 | 139,818 |   NaN | NaN | 0,00 | 0,00 | NaN
  10 |  0,00 | 2,740 | 715,96 | 715,96 | 727,93 |  0,00 | 0,707 | 44,35 | 44,35 |  0,00 | 0,703 | 318,50 | 318,50 |  0,00 | 4,816 | 317,47 | 317,47 |  0,00 | 56,408 | 35,64 | 35,64 | 134,865 |   NaN | NaN | 0,00 | 0,00 | NaN
  11 |  0,00 | 19,543 | 715,11 | 715,11 | 726,74 |  0,00 | 0,646 | 44,35 | 44,35 |  0,00 | 0,641 | 315,35 | 315,35 |  0,00 | 57,136 | 319,77 | 319,77 |  0,00 | 202,906 | 35,64 | 35,64 | 437,668 |   NaN | NaN | 0,00 | 0,00 | NaN
  12 |  0,00 | 8,718 | 717,66 | 717,66 | 729,81 |  0,00 | 0,709 | 44,35 | 44,35 |  0,00 | 0,717 | 318,56 | 318,56 |  0,00 | 20,591 | 319,12 | 319,12 |  0,00 | 156,794 | 35,64 | 35,64 | 310,037 |   NaN | NaN | 0,00 | 0,00 | NaN
  13 |  0,00 | 6,035 | 711,49 | 711,49 | 723,10 |  0,00 | 0,674 | 44,35 | 44,35 |  0,00 | 0,677 | 317,52 | 317,52 |  0,00 | 13,603 | 313,98 | 313,98 |  0,00 | 113,265 | 35,64 | 35,64 | 243,463 |   NaN | NaN | 0,00 | 0,00 | NaN
  14 |  0,00 | 13,116 | 718,93 | 718,93 | 731,56 |  0,00 | 0,715 | 44,35 | 44,35 |  0,00 | 0,709 | 319,59 | 319,59 |  0,00 | 33,470 | 319,35 | 319,35 |  0,00 | 209,892 | 35,64 | 35,64 | 416,628 |   NaN | NaN | 0,00 | 0,00 | NaN
  15 |  0,00 | 3,590 | 714,44 | 714,44 | 726,57 |  0,00 | 0,709 | 44,35 | 44,35 |  0,00 | 0,717 | 313,66 | 313,66 |  0,00 | 7,327 | 320,79 | 320,79 |  0,00 | 64,723 | 35,64 | 35,64 | 154,667 |   NaN | NaN | 0,00 | 0,00 | NaN
  16 |  0,00 | 4,000 | 726,06 | 726,06 | 737,79 |  0,00 | 0,700 | 44,35 | 44,35 |  0,00 | 0,697 | 320,55 | 320,55 |  0,00 | 8,012 | 325,52 | 325,52 |  0,00 | 78,939 | 35,64 | 35,64 | 169,908 |   NaN | NaN | 0,00 | 0,00 | NaN
  17 |  0,00 | 3,598 | 720,86 | 720,86 | 733,28 |  0,00 | 0,713 | 44,35 | 44,35 |  0,00 | 0,720 | 321,84 | 321,84 |  0,00 | 7,057 | 319,03 | 319,03 |  0,00 | 71,152 | 35,64 | 35,64 | 158,607 |   NaN | NaN | 0,00 | 0,00 | NaN
  18 |  0,00 | 8,452 | 714,94 | 714,94 | 726,55 |  0,00 | 0,690 | 44,35 | 44,35 |  0,00 | 0,690 | 316,93 | 316,93 |  0,00 | 22,289 | 318,02 | 318,02 |  0,00 | 112,951 | 35,64 | 35,64 | 260,427 |   NaN | NaN | 0,00 | 0,00 | NaN
  19 |  0,00 | 19,032 | 709,80 | 709,80 | 721,43 |  0,00 | 0,680 | 44,35 | 44,35 |  0,00 | 0,678 | 313,85 | 313,85 |  0,00 | 54,550 | 315,97 | 315,97 |  0,00 | 219,502 | 35,64 | 35,64 | 452,770 |   NaN | NaN | 0,00 | 0,00 | NaN
  20 |  0,00 | 17,388 | 713,17 | 713,17 | 724,80 |  0,00 | 0,676 | 44,35 | 44,35 |  0,00 | 0,676 | 319,28 | 319,28 |  0,00 | 50,844 | 313,90 | 313,90 |  0,00 | 189,946 | 35,64 | 35,64 | 426,905 |   NaN | NaN | 0,00 | 0,00 | NaN
  21 |  0,00 | 2,661 | 707,84 | 707,84 | 719,44 |  0,00 | 0,681 | 44,35 | 44,35 |  0,00 | 0,681 | 315,12 | 315,12 |  0,00 | 4,589 | 312,74 | 312,74 |  0,00 | 56,531 | 35,64 | 35,64 | 125,542 |   NaN | NaN | 0,00 | 0,00 | NaN
  22 |  0,00 | 14,409 | 722,22 | 722,22 | 735,39 |  0,00 | 0,719 | 44,35 | 44,35 |  0,00 | 0,715 | 324,65 | 324,65 |  0,00 | 38,385 | 317,57 | 317,57 |  0,00 | 212,013 | 35,64 | 35,64 | 430,585 |   NaN | NaN | 0,00 | 0,00 | NaN
  23 |  0,00 | 21,017 | 718,21 | 718,21 | 730,02 |  0,00 | 0,701 | 44,35 | 44,35 |  0,00 | 0,693 | 319,15 | 319,15 |  0,00 | 61,728 | 319,07 | 319,07 |  0,00 | 219,061 | 35,64 | 35,64 | 459,832 |   NaN | NaN | 0,00 | 0,00 | NaN
  24 |  0,00 | 6,000 | 720,93 | 720,93 | 732,54 |  0,00 | 0,663 | 44,35 | 44,35 |  0,00 | 0,665 | 318,96 | 318,96 |  0,00 | 13,136 | 321,98 | 321,98 |  0,00 | 116,859 | 35,64 | 35,64 | 250,217 |   NaN | NaN | 0,00 | 0,00 | NaN
  25 |  0,00 | 2,796 | 722,08 | 722,08 | 735,43 |  0,00 | 0,720 | 44,35 | 44,35 |  0,00 | 0,716 | 317,76 | 317,76 |  0,00 | 5,556 | 324,34 | 324,34 |  0,00 | 45,761 | 35,64 | 35,64 | 116,350 |   NaN | NaN | 0,00 | 0,00 | NaN
  26 |  0,00 | 3,567 | 713,75 | 713,75 | 726,64 |  0,00 | 0,717 | 44,35 | 44,35 |  0,00 | 0,723 | 317,91 | 317,91 |  0,00 | 6,840 | 315,85 | 315,85 |  0,00 | 72,744 | 35,64 | 35,64 | 161,451 |   NaN | NaN | 0,00 | 0,00 | NaN
  27 |  0,00 | 7,463 | 715,22 | 715,22 | 726,82 |  0,00 | 0,643 | 44,35 | 44,35 |  0,00 | 0,644 | 320,12 | 320,12 |  0,00 | 19,803 | 315,11 | 315,11 |  0,00 | 99,201 | 35,64 | 35,64 | 234,287 |   NaN | NaN | 0,00 | 0,00 | NaN
  28 |  0,00 | 23,244 | 710,46 | 710,46 | 722,66 |  0,00 | 0,709 | 44,35 | 44,35 |  0,00 | 0,717 | 318,14 | 318,14 |  0,00 | 69,505 | 312,33 | 312,33 |  0,00 | 238,758 | 35,64 | 35,64 | 492,951 |   NaN | NaN | 0,00 | 0,00 | NaN
  29 |  0,00 | 23,491 | 719,67 | 719,67 | 731,35 |  0,00 | 0,689 | 44,35 | 44,35 |  0,00 | 0,685 | 319,74 | 319,74 |  0,00 | 71,268 | 319,94 | 319,94 |  0,00 | 208,844 | 35,64 | 35,64 | 454,110 |   NaN | NaN | 0,00 | 0,00 | NaN
  30 |  0,00 | 12,983 | 714,59 | 714,59 | 727,76 |  0,00 | 0,719 | 44,35 | 44,35 |  0,00 | 0,714 | 317,02 | 317,02 |  0,00 | 37,328 | 317,59 | 317,59 |  0,00 | 136,832 | 35,64 | 35,64 | 324,752 |   NaN | NaN | 0,00 | 0,00 | NaN
  31 |  0,00 | 21,373 | 714,64 | 714,64 | 726,30 |  0,00 | 0,686 | 44,35 | 44,35 |  0,00 | 0,682 | 319,56 | 319,56 |  0,00 | 63,213 | 315,10 | 315,10 |  0,00 | 225,404 | 35,64 | 35,64 | 465,427 |   NaN | NaN | 0,00 | 0,00 | NaN
  32 |  0,00 | 18,476 | 719,62 | 719,62 | 731,24 |  0,00 | 0,642 | 44,35 | 44,35 |  0,00 | 0,638 | 319,62 | 319,62 |  0,00 | 53,689 | 320,01 | 320,01 |  0,00 | 199,642 | 35,64 | 35,64 | 427,486 |   NaN | NaN | 0,00 | 0,00 | NaN
  33 |  0,00 | 17,204 | 715,03 | 715,03 | 727,06 |  0,00 | 0,708 | 44,35 | 44,35 |  0,00 | 0,701 | 316,86 | 316,86 |  0,00 | 50,904 | 318,18 | 318,18 |  0,00 | 166,632 | 35,64 | 35,64 | 374,712 |   NaN | NaN | 0,00 | 0,00 | NaN
  34 |  0,00 | 3,077 | 715,73 | 715,73 | 727,44 |  0,00 | 0,699 | 44,35 | 44,35 |  0,00 | 0,697 | 318,79 | 318,79 |  0,00 | 6,108 | 316,95 | 316,95 |  0,00 | 55,813 | 35,64 | 35,64 | 144,509 |   NaN | NaN | 0,00 | 0,00 | NaN
  35 |  0,00 | 2,819 | 722,62 | 722,62 | 734,19 |  0,00 | 0,648 | 44,35 | 44,35 |  0,00 | 0,647 | 320,98 | 320,98 |  0,00 | 5,965 | 321,65 | 321,65 |  0,00 | 44,084 | 35,64 | 35,64 | 110,276 |   NaN | NaN | 0,00 | 0,00 | NaN
  36 |  0,00 | 5,495 | 715,29 | 715,29 | 727,11 |  0,00 | 0,701 | 44,35 | 44,35 |  0,00 | 0,700 | 314,66 | 314,66 |  0,00 | 13,291 | 320,63 | 320,63 |  0,00 | 80,976 | 35,64 | 35,64 | 196,252 |   NaN | NaN | 0,00 | 0,00 | NaN
  37 |  0,00 | 21,012 | 723,11 | 723,11 | 734,74 |  0,00 | 0,684 | 44,35 | 44,35 |  0,00 | 0,681 | 323,67 | 323,67 |  0,00 | 63,193 | 319,45 | 319,45 |  0,00 | 198,771 | 35,64 | 35,64 | 432,015 |   NaN | NaN | 0,00 | 0,00 | NaN
  38 |  0,00 | 11,789 | 720,83 | 720,83 | 732,42 |  0,00 | 0,676 | 44,35 | 44,35 |  0,00 | 0,680 | 320,23 | 320,23 |  0,00 | 33,378 | 320,61 | 320,61 |  0,00 | 130,239 | 35,64 | 35,64 | 309,242 |   NaN | NaN | 0,00 | 0,00 | NaN
  39 |  0,00 | 14,930 | 706,65 | 706,65 | 719,82 |  0,00 | 0,719 | 44,35 | 44,35 |  0,00 | 0,726 | 314,55 | 314,55 |  0,00 | 42,436 | 312,11 | 312,11 |  0,00 | 176,090 | 35,64 | 35,64 | 400,618 |   NaN | NaN | 0,00 | 0,00 | NaN
  40 |  0,00 | 6,777 | 710,80 | 710,80 | 723,96 |  0,00 | 0,719 | 44,35 | 44,35 |  0,00 | 0,717 | 318,73 | 318,73 |  0,00 | 17,055 | 312,08 | 312,08 |  0,00 | 100,807 | 35,64 | 35,64 | 234,933 |   NaN | NaN | 0,00 | 0,00 | NaN
  41 |  0,00 | 21,060 | 721,07 | 721,07 | 732,93 |  0,00 | 0,702 | 44,35 | 44,35 |  0,00 | 0,699 | 316,39 | 316,39 |  0,00 | 60,718 | 324,69 | 324,69 |  0,00 | 223,802 | 35,64 | 35,64 | 470,447 |   NaN | NaN | 0,00 | 0,00 | NaN
  42 |  0,00 | 19,824 | 722,20 | 722,20 | 733,83 |  0,00 | 0,648 | 44,35 | 44,35 |  0,00 | 0,647 | 320,80 | 320,80 |  0,00 | 57,814 | 321,41 | 321,41 |  0,00 | 210,773 | 35,64 | 35,64 | 448,157 |   NaN | NaN | 0,00 | 0,00 | NaN
  43 |  0,00 | 17,897 | 727,40 | 727,40 | 740,50 |  0,00 | 0,726 | 44,35 | 44,35 |  0,00 | 0,722 | 324,48 | 324,48 |  0,00 | 53,096 | 322,93 | 322,93 |  0,00 | 169,628 | 35,64 | 35,64 | 386,332 |   NaN | NaN | 0,00 | 0,00 | NaN
  44 |  0,00 | 20,375 | 720,46 | 720,46 | 732,04 |  0,00 | 0,638 | 44,35 | 44,35 |  0,00 | 0,630 | 318,60 | 318,60 |  0,00 | 58,921 | 321,87 | 321,87 |  0,00 | 223,290 | 35,64 | 35,64 | 472,194 |   NaN | NaN | 0,00 | 0,00 | NaN
  45 |  0,00 | 18,369 | 715,28 | 715,28 | 728,96 |  0,00 | 0,723 | 44,35 | 44,35 |  0,00 | 0,720 | 322,04 | 322,04 |  0,00 | 52,909 | 313,26 | 313,26 |  0,00 | 217,394 | 35,64 | 35,64 | 455,797 |   NaN | NaN | 0,00 | 0,00 | NaN
  46 |  0,00 | 18,385 | 716,34 | 716,34 | 727,94 |  0,00 | 0,662 | 44,35 | 44,35 |  0,00 | 0,652 | 316,42 | 316,42 |  0,00 | 53,801 | 319,93 | 319,93 |  0,00 | 188,366 | 35,64 | 35,64 | 418,582 |   NaN | NaN | 0,00 | 0,00 | NaN
  47 |  0,00 | 21,316 | 715,93 | 715,93 | 727,54 |  0,00 | 0,660 | 44,35 | 44,35 |  0,00 | 0,664 | 319,77 | 319,77 |  0,00 | 63,178 | 316,17 | 316,17 |  0,00 | 221,575 | 35,64 | 35,64 | 473,722 |   NaN | NaN | 0,00 | 0,00 | NaN
  48 |  0,00 | 20,979 | 713,97 | 713,97 | 725,65 |  0,00 | 0,689 | 44,35 | 44,35 |  0,00 | 0,682 | 316,93 | 316,93 |  0,00 | 61,457 | 317,05 | 317,05 |  0,00 | 223,495 | 35,64 | 35,64 | 462,444 |   NaN | NaN | 0,00 | 0,00 | NaN
  49 |  0,00 | 20,618 | 714,60 | 714,60 | 726,44 |  0,00 | 0,702 | 44,35 | 44,35 |  0,00 | 0,698 | 318,83 | 318,83 |  0,00 | 59,732 | 315,78 | 315,78 |  0,00 | 234,516 | 35,64 | 35,64 | 478,287 |   NaN | NaN | 0,00 | 0,00 | NaN
  50 |  0,00 | 18,639 | 719,62 | 719,62 | 731,25 |  0,00 | 0,656 | 44,35 | 44,35 |  0,00 | 0,658 | 321,85 | 321,85 |  0,00 | 56,164 | 317,79 | 317,79 |  0,00 | 173,716 | 35,64 | 35,64 | 388,413 |   NaN | NaN | 0,00 | 0,00 | NaN
  51 |  0,00 | 21,135 | 718,00 | 718,00 | 729,63 |  0,00 | 0,654 | 44,35 | 44,35 |  0,00 | 0,646 | 318,09 | 318,09 |  0,00 | 62,184 | 319,92 | 319,92 |  0,00 | 217,309 | 35,64 | 35,64 | 460,424 |   NaN | NaN | 0,00 | 0,00 | NaN
  52 |  0,00 | 20,333 | 716,44 | 716,44 | 728,09 |  0,00 | 0,680 | 44,35 | 44,35 |  0,00 | 0,682 | 314,20 | 314,20 |  0,00 | 59,099 | 322,26 | 322,26 |  0,00 | 210,265 | 35,64 | 35,64 | 452,214 |   NaN | NaN | 0,00 | 0,00 | NaN
  53 |  0,00 | 19,324 | 718,98 | 718,98 | 730,64 |  0,00 | 0,668 | 44,35 | 44,35 |  0,00 | 0,667 | 321,07 | 321,07 |  0,00 | 56,547 | 317,92 | 317,92 |  0,00 | 207,759 | 35,64 | 35,64 | 454,747 |   NaN | NaN | 0,00 | 0,00 | NaN
  54 |  0,00 | 21,623 | 712,38 | 712,38 | 724,01 |  0,00 | 0,670 | 44,35 | 44,35 |  0,00 | 0,674 | 319,30 | 319,30 |  0,00 | 64,608 | 313,09 | 313,09 |  0,00 | 222,371 | 35,64 | 35,64 | 477,340 |   NaN | NaN | 0,00 | 0,00 | NaN
  55 |  0,00 | 10,211 | 713,57 | 713,57 | 725,16 |  0,00 | 0,655 | 44,35 | 44,35 |  0,00 | 0,655 | 315,15 | 315,15 |  0,00 | 27,770 | 318,43 | 318,43 |  0,00 | 128,619 | 35,64 | 35,64 | 301,675 |   NaN | NaN | 0,00 | 0,00 | NaN
  56 |  0,00 | 20,034 | 713,38 | 713,38 | 725,01 |  0,00 | 0,661 | 44,35 | 44,35 |  0,00 | 0,657 | 316,16 | 316,16 |  0,00 | 58,538 | 317,23 | 317,23 |  0,00 | 214,751 | 35,64 | 35,64 | 456,527 |   NaN | NaN | 0,00 | 0,00 | NaN
  57 |  0,00 | 23,584 | 716,60 | 716,60 | 728,23 |  0,00 | 0,658 | 44,35 | 44,35 |  0,00 | 0,664 | 317,63 | 317,63 |  0,00 | 70,707 | 318,99 | 318,99 |  0,00 | 225,142 | 35,64 | 35,64 | 467,754 |   NaN | NaN | 0,00 | 0,00 | NaN
  58 |  0,00 | 19,267 | 718,13 | 718,13 | 729,75 |  0,00 | 0,687 | 44,35 | 44,35 |  0,00 | 0,684 | 319,01 | 319,01 |  0,00 | 55,546 | 319,13 | 319,13 |  0,00 | 216,171 | 35,64 | 35,64 | 451,309 |   NaN | NaN | 0,00 | 0,00 | NaN
  59 |  0,00 | 4,719 | 722,22 | 722,22 | 734,16 |  0,00 | 0,706 | 44,35 | 44,35 |  0,00 | 0,701 | 318,03 | 318,03 |  0,00 | 11,165 | 324,20 | 324,20 |  0,00 | 68,804 | 35,64 | 35,64 | 173,607 |   NaN | NaN | 0,00 | 0,00 | NaN
  60 |  0,00 | 19,577 | 717,57 | 717,57 | 729,17 |  0,00 | 0,641 | 44,35 | 44,35 |  0,00 | 0,637 | 318,91 | 318,91 |  0,00 | 56,621 | 318,67 | 318,67 |  0,00 | 219,955 | 35,64 | 35,64 | 462,214 |   NaN | NaN | 0,00 | 0,00 | NaN
  61 |  0,00 | 18,469 | 720,83 | 720,83 | 732,46 |  0,00 | 0,663 | 44,35 | 44,35 |  0,00 | 0,668 | 320,45 | 320,45 |  0,00 | 54,215 | 320,39 | 320,39 |  0,00 | 189,395 | 35,64 | 35,64 | 423,068 |   NaN | NaN | 0,00 | 0,00 | NaN
  62 |  0,00 | 24,368 | 720,93 | 720,93 | 734,85 |  0,00 | 0,725 | 44,35 | 44,35 |  0,00 | 0,722 | 320,22 | 320,22 |  0,00 | 73,419 | 320,72 | 320,72 |  0,00 | 223,535 | 35,64 | 35,64 | 462,948 |   NaN | NaN | 0,00 | 0,00 | NaN
  63 |  0,00 | 16,871 | 717,80 | 717,80 | 729,44 |  0,00 | 0,680 | 44,35 | 44,35 |  0,00 | 0,686 | 320,36 | 320,36 |  0,00 | 50,780 | 317,45 | 317,45 |  0,00 | 153,664 | 35,64 | 35,64 | 355,563 |   NaN | NaN | 0,00 | 0,00 | NaN
  64 |  0,00 | 20,357 | 712,33 | 712,33 | 726,15 |  0,00 | 0,723 | 44,35 | 44,35 |  0,00 | 0,722 | 316,74 | 316,74 |  0,00 | 59,952 | 315,60 | 315,60 |  0,00 | 212,252 | 35,64 | 35,64 | 450,284 |   NaN | NaN | 0,00 | 0,00 | NaN

= = = = = = = = = = = = AVERAGE RESULTS system = = = = = = = = = = = =
meanPLR_system | 0,000000 
meanDelay_system | 13,371433 
meanLoad_system | 717,238024 
meanTHR_system | 717,238024 
meanGate_system | 729,256243 

meanPLR_EF_system | 0,000000 
meanPLR_AF_system | 0,000000 
meanPLR_BE_system | 0,000000 
meanPLR_FLA_system | 0,000000 
meanPLR_FLB_system | NaN 

meanTHR_EF_system | 44,352003 
meanTHR_AF_system | 318,869128 
meanTHR_BE_system | 318,380655 
meanTHR_FLA_system | 36,247857 
meanTHR_FLB_system | 0,000000 

meanLoad_EF_system | 44,352003 
meanLoad_AF_system | 318,869128 
meanLoad_BE_system | 318,380655 
meanLoad_FLA_system | 36,247857 
meanLoad_FLB_system | 0,000000 

meanDELAY_EF_system | 0,684791 
meanDELAY_AF_system | 0,683904 
meanDELAY_BE_system | 37,716182 
meanDELAY_FLA_system | 155,965926 
meanDELAY_FLB_system | NaN 
meanDELAY_CompleteFLA_system | 337,248396 
meanDELAY_CompleteFLB_system | NaN 

= = = = = = = = = = = = AVERAGE RESULTS = = = = = = = = = = = =
Packet Loss Ratio: 00,00 (%)
PROCESSED PACKAGES: 2073729879 
DISCARTED PACKAGES: 0 
TOTAL PACKAGES: 2073729879 
AVERAGE DELAY: 2436,45 (ms) 
AVERAGE THROUGHPUT: 717,24 (Mbps) 
GRANTED THROUGHPUT: 46672,40 (Mbps) By 64 ONUs
EFFECTIVE THROUGHPUT: 45903,23 (Mbps) By 64 ONUs
TOTAL LOAD: 45903,23 (Mbps) By 64 ONUs
ON Arrival THROUGHPUT: 0,00 (Mbps) By 64 ONUs
FINISHTIMEFL: 174,796542 
FINISHTIME: 177,796542 


fileName | IPACT_STRICTPRIORITYFIRSTAF_4_30_85_0 
