
ONU ID 	|  PLR(%) | Delay(ms) | Throughput(Mbps) | Granted Throughput(Mbps) | Total Load (Mbps) 

  ID |  PLR(%) |  D  | Thr |  Gates  |  Load  | PLR-EF | D-EF | ThrEF | LoadEF | PLR-AF | D-AF | ThrAF | LoadAF | PLR-BE | D-BE | ThrBE | LoadBE | PLR-FA | D-FA | ThrFA | LoadFA | DTFA |  PLR-FB | D-FB | ThrFB | LoadFB | DTFB | 
   1 |  0,00 | 32,698 | 734,74 | 734,74 | 743,49 |  0,00 | 1,050 | 44,35 | 44,35 |  0,00 | 32,301 | 286,74 | 286,74 |  0,00 | 68,708 | 278,36 | 278,36 |  0,00 | 123,751 | 125,28 | 125,28 | 263,132 |   NaN | NaN | 0,00 | 0,00 | NaN
   2 |  0,00 | 53,049 | 733,24 | 733,24 | 742,74 |  0,00 | 1,062 | 44,35 | 44,35 |  0,00 | 36,524 | 281,02 | 281,02 |  0,00 | 140,473 | 282,58 | 282,58 |  0,00 | 145,722 | 125,28 | 125,28 | 413,763 |   NaN | NaN | 0,00 | 0,00 | NaN
   3 |  0,00 | 46,534 | 736,76 | 736,76 | 744,97 |  0,00 | 0,998 | 44,35 | 44,35 |  0,00 | 32,614 | 284,50 | 284,50 |  0,00 | 119,126 | 282,62 | 282,62 |  0,00 | 142,963 | 125,28 | 125,28 | 400,023 |   NaN | NaN | 0,00 | 0,00 | NaN
   4 |  0,00 | 32,292 | 737,95 | 737,95 | 746,33 |  0,00 | 1,004 | 44,35 | 44,35 |  0,00 | 31,184 | 288,28 | 288,28 |  0,00 | 68,561 | 280,04 | 280,04 |  0,00 | 121,636 | 125,28 | 125,28 | 258,103 |   NaN | NaN | 0,00 | 0,00 | NaN
   5 |  0,00 | 50,033 | 729,78 | 729,78 | 738,21 |  0,00 | 1,029 | 44,35 | 44,35 |  0,00 | 20,512 | 280,87 | 280,87 |  0,00 | 137,798 | 279,27 | 279,27 |  0,00 | 178,015 | 125,28 | 125,28 | 559,493 |   NaN | NaN | 0,00 | 0,00 | NaN
   6 |  0,00 | 47,437 | 736,34 | 736,34 | 744,61 |  0,00 | 0,978 | 44,35 | 44,35 |  0,00 | 28,054 | 284,60 | 284,60 |  0,00 | 124,506 | 282,10 | 282,10 |  0,00 | 155,917 | 125,28 | 125,28 | 473,446 |   NaN | NaN | 0,00 | 0,00 | NaN
   7 |  0,00 | 39,394 | 732,42 | 732,42 | 740,57 |  0,00 | 0,996 | 44,35 | 44,35 |  0,00 | 36,054 | 282,74 | 282,74 |  0,00 | 91,128 | 280,03 | 280,03 |  0,00 | 126,984 | 125,28 | 125,28 | 283,285 |   NaN | NaN | 0,00 | 0,00 | NaN
   8 |  0,00 | 46,091 | 737,65 | 737,65 | 746,18 |  0,00 | 1,046 | 44,35 | 44,35 |  0,00 | 28,651 | 282,31 | 282,31 |  0,00 | 118,734 | 285,70 | 285,70 |  0,00 | 149,702 | 125,28 | 125,28 | 440,473 |   NaN | NaN | 0,00 | 0,00 | NaN
   9 |  0,00 | 40,760 | 733,57 | 733,57 | 741,72 |  0,00 | 0,986 | 44,35 | 44,35 |  0,00 | 33,370 | 283,52 | 283,52 |  0,00 | 98,412 | 280,41 | 280,41 |  0,00 | 130,848 | 125,28 | 125,28 | 326,170 |   NaN | NaN | 0,00 | 0,00 | NaN
  10 |  0,00 | 34,688 | 732,18 | 732,18 | 740,85 |  0,00 | 1,047 | 44,35 | 44,35 |  0,00 | 34,344 | 282,88 | 282,88 |  0,00 | 74,610 | 279,66 | 279,66 |  0,00 | 123,411 | 125,28 | 125,28 | 262,200 |   NaN | NaN | 0,00 | 0,00 | NaN
  11 |  0,00 | 40,747 | 726,62 | 726,62 | 735,12 |  0,00 | 0,986 | 44,35 | 44,35 |  0,00 | 3,387 | 276,16 | 276,16 |  0,00 | 100,045 | 280,82 | 280,82 |  0,00 | 246,979 | 125,28 | 125,28 | 791,067 |   NaN | NaN | 0,00 | 0,00 | NaN
  12 |  0,00 | 50,624 | 735,16 | 735,16 | 743,82 |  0,00 | 1,049 | 44,35 | 44,35 |  0,00 | 26,633 | 282,69 | 282,69 |  0,00 | 138,298 | 282,84 | 282,84 |  0,00 | 155,689 | 125,28 | 125,28 | 471,740 |   NaN | NaN | 0,00 | 0,00 | NaN
  13 |  0,00 | 45,606 | 725,91 | 725,91 | 734,15 |  0,00 | 1,013 | 44,35 | 44,35 |  0,00 | 30,259 | 276,81 | 276,81 |  0,00 | 117,353 | 279,46 | 279,46 |  0,00 | 146,179 | 125,28 | 125,28 | 413,830 |   NaN | NaN | 0,00 | 0,00 | NaN
  14 |  0,00 | 51,502 | 736,87 | 736,87 | 745,97 |  0,00 | 1,055 | 44,35 | 44,35 |  0,00 | 20,556 | 284,49 | 284,49 |  0,00 | 142,746 | 282,74 | 282,74 |  0,00 | 178,557 | 125,28 | 125,28 | 560,143 |   NaN | NaN | 0,00 | 0,00 | NaN
  15 |  0,00 | 37,045 | 730,21 | 730,21 | 738,80 |  0,00 | 1,049 | 44,35 | 44,35 |  0,00 | 34,104 | 278,12 | 278,12 |  0,00 | 83,006 | 282,45 | 282,45 |  0,00 | 127,126 | 125,28 | 125,28 | 283,964 |   NaN | NaN | 0,00 | 0,00 | NaN
  16 |  0,00 | 44,947 | 738,22 | 738,22 | 746,54 |  0,00 | 1,040 | 44,35 | 44,35 |  0,00 | 34,750 | 282,07 | 282,07 |  0,00 | 111,286 | 286,52 | 286,52 |  0,00 | 135,412 | 125,28 | 125,28 | 354,307 |   NaN | NaN | 0,00 | 0,00 | NaN
  17 |  0,00 | 44,221 | 733,74 | 733,74 | 742,54 |  0,00 | 1,053 | 44,35 | 44,35 |  0,00 | 36,290 | 281,99 | 281,99 |  0,00 | 108,910 | 282,12 | 282,12 |  0,00 | 130,799 | 125,28 | 125,28 | 320,185 |   NaN | NaN | 0,00 | 0,00 | NaN
  18 |  0,00 | 25,489 | 732,31 | 732,31 | 740,85 |  0,00 | 1,030 | 44,35 | 44,35 |  0,00 | 1,215 | 280,17 | 280,17 |  0,00 | 48,399 | 282,50 | 282,50 |  0,00 | 215,930 | 125,28 | 125,28 | 796,057 |   NaN | NaN | 0,00 | 0,00 | NaN
  19 |  0,00 | 44,763 | 727,08 | 727,08 | 735,55 |  0,00 | 1,021 | 44,35 | 44,35 |  0,00 | 9,557 | 276,80 | 276,80 |  0,00 | 117,301 | 280,65 | 280,65 |  0,00 | 216,901 | 125,28 | 125,28 | 684,286 |   NaN | NaN | 0,00 | 0,00 | NaN
  20 |  0,00 | 40,845 | 728,00 | 728,00 | 736,51 |  0,00 | 1,016 | 44,35 | 44,35 |  0,00 | 3,124 | 281,05 | 281,05 |  0,00 | 101,295 | 277,31 | 277,31 |  0,00 | 250,307 | 125,28 | 125,28 | 811,644 |   NaN | NaN | 0,00 | 0,00 | NaN
  21 |  0,00 | 34,854 | 725,01 | 725,01 | 733,22 |  0,00 | 1,021 | 44,35 | 44,35 |  0,00 | 34,165 | 278,79 | 278,79 |  0,00 | 75,493 | 276,59 | 276,59 |  0,00 | 125,316 | 125,28 | 125,28 | 270,080 |   NaN | NaN | 0,00 | 0,00 | NaN
  22 |  0,00 | 53,674 | 736,73 | 736,73 | 746,18 |  0,00 | 1,059 | 44,35 | 44,35 |  0,00 | 19,253 | 288,28 | 288,28 |  0,00 | 152,303 | 278,81 | 278,81 |  0,00 | 188,533 | 125,28 | 125,28 | 595,030 |   NaN | NaN | 0,00 | 0,00 | NaN
  23 |  0,00 | 48,003 | 736,03 | 736,03 | 744,68 |  0,00 | 1,041 | 44,35 | 44,35 |  0,00 | 7,073 | 284,20 | 284,20 |  0,00 | 127,456 | 282,19 | 282,19 |  0,00 | 242,058 | 125,28 | 125,28 | 761,769 |   NaN | NaN | 0,00 | 0,00 | NaN
  24 |  0,00 | 46,055 | 732,97 | 732,97 | 741,17 |  0,00 | 1,003 | 44,35 | 44,35 |  0,00 | 32,713 | 281,71 | 281,71 |  0,00 | 117,226 | 281,62 | 281,62 |  0,00 | 142,942 | 125,28 | 125,28 | 401,086 |   NaN | NaN | 0,00 | 0,00 | NaN
  25 |  0,00 | 42,136 | 742,08 | 742,08 | 751,36 |  0,00 | 1,060 | 44,35 | 44,35 |  0,00 | 35,104 | 281,71 | 281,71 |  0,00 | 100,641 | 290,74 | 290,74 |  0,00 | 127,681 | 125,28 | 125,28 | 291,116 |   NaN | NaN | 0,00 | 0,00 | NaN
  26 |  0,00 | 38,293 | 730,93 | 730,93 | 740,05 |  0,00 | 1,057 | 44,35 | 44,35 |  0,00 | 34,943 | 279,77 | 279,77 |  0,00 | 87,455 | 281,53 | 281,53 |  0,00 | 126,630 | 125,28 | 125,28 | 277,119 |   NaN | NaN | 0,00 | 0,00 | NaN
  27 |  0,00 | 20,027 | 726,75 | 726,75 | 735,25 |  0,00 | 0,983 | 44,35 | 44,35 |  0,00 | 1,090 | 281,31 | 281,31 |  0,00 | 32,356 | 275,80 | 275,80 |  0,00 | 193,495 | 125,28 | 125,28 | 745,652 |   NaN | NaN | 0,00 | 0,00 | NaN
  28 |  0,00 | 45,357 | 728,91 | 728,91 | 737,86 |  0,00 | 1,049 | 44,35 | 44,35 |  0,00 | 6,073 | 281,52 | 281,52 |  0,00 | 117,854 | 277,75 | 277,75 |  0,00 | 245,003 | 125,28 | 125,28 | 770,731 |   NaN | NaN | 0,00 | 0,00 | NaN
  29 |  0,00 | 43,490 | 733,74 | 733,74 | 742,25 |  0,00 | 1,029 | 44,35 | 44,35 |  0,00 | 4,448 | 283,13 | 283,13 |  0,00 | 111,224 | 280,98 | 280,98 |  0,00 | 245,642 | 125,28 | 125,28 | 780,568 |   NaN | NaN | 0,00 | 0,00 | NaN
  30 |  0,00 | 30,049 | 724,73 | 724,73 | 734,34 |  0,00 | 1,059 | 44,35 | 44,35 |  0,00 | 1,501 | 277,46 | 277,46 |  0,00 | 61,028 | 277,63 | 277,63 |  0,00 | 239,703 | 125,28 | 125,28 | 814,549 |   NaN | NaN | 0,00 | 0,00 | NaN
  31 |  0,00 | 47,965 | 729,73 | 729,73 | 738,26 |  0,00 | 1,026 | 44,35 | 44,35 |  0,00 | 5,460 | 280,37 | 280,37 |  0,00 | 130,901 | 279,73 | 279,73 |  0,00 | 234,290 | 125,28 | 125,28 | 738,819 |   NaN | NaN | 0,00 | 0,00 | NaN
  32 |  0,00 | 41,591 | 728,35 | 728,35 | 736,84 |  0,00 | 0,983 | 44,35 | 44,35 |  0,00 | 3,028 | 278,50 | 278,50 |  0,00 | 102,603 | 280,21 | 280,21 |  0,00 | 254,060 | 125,28 | 125,28 | 813,083 |   NaN | NaN | 0,00 | 0,00 | NaN
  33 |  0,00 | 39,186 | 728,62 | 728,62 | 737,50 |  0,00 | 1,048 | 44,35 | 44,35 |  0,00 | 2,320 | 277,01 | 277,01 |  0,00 | 95,775 | 281,97 | 281,97 |  0,00 | 242,164 | 125,28 | 125,28 | 796,793 |   NaN | NaN | 0,00 | 0,00 | NaN
  34 |  0,00 | 12,810 | 724,43 | 724,43 | 733,08 |  0,00 | 1,040 | 44,35 | 44,35 |  0,00 | 1,080 | 280,46 | 280,46 |  0,00 | 13,066 | 274,34 | 274,34 |  0,00 | 150,527 | 125,28 | 125,28 | 682,296 |   NaN | NaN | 0,00 | 0,00 | NaN
  35 |  0,00 | 8,850 | 735,64 | 735,64 | 744,13 |  0,00 | 0,989 | 44,35 | 44,35 |  0,00 | 1,010 | 283,23 | 283,23 |  0,00 | 7,684 | 282,78 | 282,78 |  0,00 | 106,852 | 125,28 | 125,28 | 594,082 |   NaN | NaN | 0,00 | 0,00 | NaN
  36 |  0,00 | 18,691 | 727,50 | 727,50 | 736,23 |  0,00 | 1,042 | 44,35 | 44,35 |  0,00 | 1,152 | 275,93 | 275,93 |  0,00 | 27,161 | 281,93 | 281,93 |  0,00 | 189,472 | 125,28 | 125,28 | 764,153 |   NaN | NaN | 0,00 | 0,00 | NaN
  37 |  0,00 | 44,056 | 737,86 | 737,86 | 746,39 |  0,00 | 1,024 | 44,35 | 44,35 |  0,00 | 4,409 | 286,61 | 286,61 |  0,00 | 114,317 | 281,62 | 281,62 |  0,00 | 243,757 | 125,28 | 125,28 | 782,460 |   NaN | NaN | 0,00 | 0,00 | NaN
  38 |  0,00 | 30,692 | 730,28 | 730,28 | 738,82 |  0,00 | 1,016 | 44,35 | 44,35 |  0,00 | 1,647 | 281,62 | 281,62 |  0,00 | 66,636 | 279,03 | 279,03 |  0,00 | 228,018 | 125,28 | 125,28 | 792,792 |   NaN | NaN | 0,00 | 0,00 | NaN
  39 |  0,00 | 38,237 | 725,83 | 725,83 | 735,39 |  0,00 | 1,059 | 44,35 | 44,35 |  0,00 | 2,727 | 279,64 | 279,64 |  0,00 | 92,726 | 276,55 | 276,55 |  0,00 | 242,997 | 125,28 | 125,28 | 795,759 |   NaN | NaN | 0,00 | 0,00 | NaN
  40 |  0,00 | 23,853 | 727,57 | 727,57 | 737,27 |  0,00 | 1,059 | 44,35 | 44,35 |  0,00 | 1,329 | 279,23 | 279,23 |  0,00 | 44,992 | 278,71 | 278,71 |  0,00 | 202,720 | 125,28 | 125,28 | 768,221 |   NaN | NaN | 0,00 | 0,00 | NaN
  41 |  0,00 | 43,943 | 737,06 | 737,06 | 745,76 |  0,00 | 1,042 | 44,35 | 44,35 |  0,00 | 4,941 | 281,45 | 281,45 |  0,00 | 112,745 | 285,97 | 285,97 |  0,00 | 238,749 | 125,28 | 125,28 | 755,415 |   NaN | NaN | 0,00 | 0,00 | NaN
  42 |  0,00 | 44,273 | 735,19 | 735,19 | 743,67 |  0,00 | 0,988 | 44,35 | 44,35 |  0,00 | 4,099 | 281,52 | 281,52 |  0,00 | 113,684 | 284,03 | 284,03 |  0,00 | 246,075 | 125,28 | 125,28 | 782,427 |   NaN | NaN | 0,00 | 0,00 | NaN
  43 |  0,00 | 41,676 | 735,79 | 735,79 | 745,17 |  0,00 | 1,066 | 44,35 | 44,35 |  0,00 | 2,786 | 281,53 | 281,53 |  0,00 | 104,034 | 284,62 | 284,62 |  0,00 | 247,372 | 125,28 | 125,28 | 808,640 |   NaN | NaN | 0,00 | 0,00 | NaN
  44 |  0,00 | 46,335 | 737,99 | 737,99 | 746,44 |  0,00 | 0,978 | 44,35 | 44,35 |  0,00 | 5,931 | 282,61 | 282,61 |  0,00 | 119,819 | 285,75 | 285,75 |  0,00 | 246,244 | 125,28 | 125,28 | 776,014 |   NaN | NaN | 0,00 | 0,00 | NaN
  45 |  0,00 | 45,500 | 736,16 | 736,16 | 745,92 |  0,00 | 1,063 | 44,35 | 44,35 |  0,00 | 4,151 | 288,30 | 288,30 |  0,00 | 119,209 | 278,22 | 278,22 |  0,00 | 253,429 | 125,28 | 125,28 | 802,829 |   NaN | NaN | 0,00 | 0,00 | NaN
  46 |  0,00 | 37,925 | 730,04 | 730,04 | 738,57 |  0,00 | 1,002 | 44,35 | 44,35 |  0,00 | 2,766 | 277,38 | 277,38 |  0,00 | 88,493 | 283,03 | 283,03 |  0,00 | 249,475 | 125,28 | 125,28 | 809,701 |   NaN | NaN | 0,00 | 0,00 | NaN
  47 |  0,00 | 42,102 | 723,99 | 723,99 | 732,47 |  0,00 | 1,000 | 44,35 | 44,35 |  0,00 | 2,938 | 280,11 | 280,11 |  0,00 | 109,651 | 274,24 | 274,24 |  0,00 | 240,098 | 125,28 | 125,28 | 756,001 |   NaN | NaN | 0,00 | 0,00 | NaN
  48 |  0,00 | 41,601 | 726,88 | 726,88 | 735,44 |  0,00 | 1,029 | 44,35 | 44,35 |  0,00 | 4,828 | 278,22 | 278,22 |  0,00 | 103,401 | 279,02 | 279,02 |  0,00 | 243,933 | 125,28 | 125,28 | 769,200 |   NaN | NaN | 0,00 | 0,00 | NaN
  49 |  0,00 | 43,424 | 724,60 | 724,60 | 733,28 |  0,00 | 1,042 | 44,35 | 44,35 |  0,00 | 5,096 | 277,04 | 277,04 |  0,00 | 112,185 | 277,92 | 277,92 |  0,00 | 237,141 | 125,28 | 125,28 | 746,792 |   NaN | NaN | 0,00 | 0,00 | NaN
  50 |  0,00 | 36,587 | 729,00 | 729,00 | 737,50 |  0,00 | 0,996 | 44,35 | 44,35 |  0,00 | 2,525 | 281,61 | 281,61 |  0,00 | 86,371 | 277,75 | 277,75 |  0,00 | 242,907 | 125,28 | 125,28 | 795,296 |   NaN | NaN | 0,00 | 0,00 | NaN
  51 |  0,00 | 40,891 | 727,94 | 727,94 | 736,43 |  0,00 | 0,994 | 44,35 | 44,35 |  0,00 | 3,810 | 278,38 | 278,38 |  0,00 | 100,334 | 279,93 | 279,93 |  0,00 | 248,520 | 125,28 | 125,28 | 784,681 |   NaN | NaN | 0,00 | 0,00 | NaN
  52 |  0,00 | 45,214 | 729,97 | 729,97 | 738,48 |  0,00 | 1,020 | 44,35 | 44,35 |  0,00 | 3,314 | 277,44 | 277,44 |  0,00 | 116,628 | 282,89 | 282,89 |  0,00 | 251,185 | 125,28 | 125,28 | 794,636 |   NaN | NaN | 0,00 | 0,00 | NaN
  53 |  0,00 | 40,868 | 732,70 | 732,70 | 741,19 |  0,00 | 1,007 | 44,35 | 44,35 |  0,00 | 3,770 | 280,14 | 280,14 |  0,00 | 100,690 | 282,93 | 282,93 |  0,00 | 245,105 | 125,28 | 125,28 | 788,341 |   NaN | NaN | 0,00 | 0,00 | NaN
  54 |  0,00 | 45,395 | 725,51 | 725,51 | 733,99 |  0,00 | 1,010 | 44,35 | 44,35 |  0,00 | 4,170 | 281,09 | 281,09 |  0,00 | 120,117 | 274,78 | 274,78 |  0,00 | 247,613 | 125,28 | 125,28 | 785,736 |   NaN | NaN | 0,00 | 0,00 | NaN
  55 |  0,00 | 30,803 | 730,07 | 730,07 | 738,55 |  0,00 | 0,995 | 44,35 | 44,35 |  0,00 | 1,819 | 279,13 | 279,13 |  0,00 | 67,050 | 281,30 | 281,30 |  0,00 | 225,314 | 125,28 | 125,28 | 785,389 |   NaN | NaN | 0,00 | 0,00 | NaN
  56 |  0,00 | 44,726 | 726,65 | 726,65 | 735,13 |  0,00 | 1,001 | 44,35 | 44,35 |  0,00 | 6,006 | 280,41 | 280,41 |  0,00 | 115,277 | 276,61 | 276,61 |  0,00 | 246,115 | 125,28 | 125,28 | 776,396 |   NaN | NaN | 0,00 | 0,00 | NaN
  57 |  0,00 | 47,499 | 728,89 | 728,89 | 737,37 |  0,00 | 0,998 | 44,35 | 44,35 |  0,00 | 5,632 | 278,47 | 278,47 |  0,00 | 127,377 | 280,78 | 280,78 |  0,00 | 238,310 | 125,28 | 125,28 | 750,876 |   NaN | NaN | 0,00 | 0,00 | NaN
  58 |  0,00 | 45,037 | 731,76 | 731,76 | 740,30 |  0,00 | 1,027 | 44,35 | 44,35 |  0,00 | 5,202 | 281,37 | 281,37 |  0,00 | 117,065 | 280,75 | 280,75 |  0,00 | 243,486 | 125,28 | 125,28 | 766,362 |   NaN | NaN | 0,00 | 0,00 | NaN
  59 |  0,00 | 15,898 | 735,63 | 735,63 | 744,44 |  0,00 | 1,046 | 44,35 | 44,35 |  0,00 | 1,198 | 279,86 | 279,86 |  0,00 | 19,671 | 286,14 | 286,14 |  0,00 | 174,220 | 125,28 | 125,28 | 747,917 |   NaN | NaN | 0,00 | 0,00 | NaN
  60 |  0,00 | 41,764 | 730,95 | 730,95 | 739,42 |  0,00 | 0,981 | 44,35 | 44,35 |  0,00 | 5,359 | 281,77 | 281,77 |  0,00 | 104,828 | 279,55 | 279,55 |  0,00 | 240,246 | 125,28 | 125,28 | 759,064 |   NaN | NaN | 0,00 | 0,00 | NaN
  61 |  0,00 | 41,464 | 736,07 | 736,07 | 744,56 |  0,00 | 1,003 | 44,35 | 44,35 |  0,00 | 2,841 | 283,67 | 283,67 |  0,00 | 104,056 | 282,77 | 282,77 |  0,00 | 246,898 | 125,28 | 125,28 | 797,500 |   NaN | NaN | 0,00 | 0,00 | NaN
  62 |  0,00 | 44,632 | 732,42 | 732,42 | 742,33 |  0,00 | 1,065 | 44,35 | 44,35 |  0,00 | 4,287 | 280,71 | 280,71 |  0,00 | 115,296 | 282,07 | 282,07 |  0,00 | 245,658 | 125,28 | 125,28 | 774,599 |   NaN | NaN | 0,00 | 0,00 | NaN
  63 |  0,00 | 31,685 | 733,90 | 733,90 | 742,42 |  0,00 | 1,020 | 44,35 | 44,35 |  0,00 | 2,075 | 284,12 | 284,12 |  0,00 | 69,054 | 280,15 | 280,15 |  0,00 | 233,245 | 125,28 | 125,28 | 794,447 |   NaN | NaN | 0,00 | 0,00 | NaN
  64 |  0,00 | 48,630 | 725,90 | 725,90 | 735,73 |  0,00 | 1,063 | 44,35 | 44,35 |  0,00 | 5,144 | 279,89 | 279,89 |  0,00 | 131,820 | 276,37 | 276,37 |  0,00 | 246,693 | 125,28 | 125,28 | 782,634 |   NaN | NaN | 0,00 | 0,00 | NaN

= = = = = = = = = = = = AVERAGE RESULTS system = = = = = = = = = = = =
meanPLR_system | 0,000000 
meanDelay_system | 39,757899 
meanLoad_system | 731,523532 
meanTHR_system | 731,523532 
meanGate_system | 740,223777 

meanPLR_EF_system | 0,000000 
meanPLR_AF_system | 0,000000 
meanPLR_BE_system | 0,000000 
meanPLR_FLA_system | 0,000000 
meanPLR_FLB_system | NaN 

meanTHR_EF_system | 44,352005 
meanTHR_AF_system | 281,164045 
meanTHR_BE_system | 280,722867 
meanTHR_FLA_system | 128,651522 
meanTHR_FLB_system | 0,000000 

meanLoad_EF_system | 44,352005 
meanLoad_AF_system | 281,164045 
meanLoad_BE_system | 280,722867 
meanLoad_FLA_system | 128,651522 
meanLoad_FLB_system | 0,000000 

meanDELAY_EF_system | 1,024806 
meanDELAY_AF_system | 12,635894 
meanDELAY_BE_system | 97,944462 
meanDELAY_FLA_system | 202,386302 
meanDELAY_FLB_system | NaN 
meanDELAY_CompleteFLA_system | 642,099422 
meanDELAY_CompleteFLB_system | NaN 

= = = = = = = = = = = = AVERAGE RESULTS = = = = = = = = = = = =
Packet Loss Ratio: 00,00 (%)
PROCESSED PACKAGES: 1304978545 
DISCARTED PACKAGES: 0 
TOTAL PACKAGES: 1304978545 
AVERAGE DELAY: 7073,28 (ms) 
AVERAGE THROUGHPUT: 731,52 (Mbps) 
GRANTED THROUGHPUT: 47374,32 (Mbps) By 64 ONUs
EFFECTIVE THROUGHPUT: 46817,51 (Mbps) By 64 ONUs
TOTAL LOAD: 46817,51 (Mbps) By 64 ONUs
ON Arrival THROUGHPUT: 0,00 (Mbps) By 64 ONUs
FINISHTIMEFL: 111,631793 
FINISHTIME: 114,631793 


fileName | IPACT_LBVARIBLETOKENSBYCYCLE_1_68_75_0 
