
ONU ID 	|  PLR(%) | Delay(ms) | Throughput(Mbps) | Granted Throughput(Mbps) | Total Load (Mbps) 

  ID |  PLR(%) |  D  | Thr |  Gates  |  Load  | PLR-EF | D-EF | ThrEF | LoadEF | PLR-AF | D-AF | ThrAF | LoadAF | PLR-BE | D-BE | ThrBE | LoadBE | PLR-FA | D-FA | ThrFA | LoadFA | DTFA |  PLR-FB | D-FB | ThrFB | LoadFB | DTFB | 
   1 |  0,00 | 0,620 | 563,46 | 563,46 | 601,12 |  0,00 | 0,192 | 44,35 | 44,35 |  0,00 | 0,439 | 229,24 | 229,24 |  0,00 | 0,561 | 221,78 | 221,78 |  0,00 | 8,086 | 68,09 | 68,09 | 38,127 |   NaN | NaN | 0,00 | 0,00 | NaN
   2 |  0,00 | 1,044 | 563,84 | 563,84 | 606,09 |  0,00 | 0,204 | 44,35 | 44,35 |  0,00 | 0,312 | 224,46 | 224,46 |  0,00 | 0,394 | 226,94 | 226,94 |  0,00 | 21,382 | 68,09 | 68,09 | 78,019 |   NaN | NaN | 0,00 | 0,00 | NaN
   3 |  0,00 | 0,896 | 565,32 | 565,32 | 599,36 |  0,00 | 0,141 | 44,35 | 44,35 |  0,00 | 0,228 | 227,07 | 227,07 |  0,00 | 0,452 | 225,81 | 225,81 |  0,00 | 18,406 | 68,09 | 68,09 | 69,240 |   NaN | NaN | 0,00 | 0,00 | NaN
   4 |  0,00 | 0,564 | 565,33 | 565,33 | 599,13 |  0,00 | 0,146 | 44,35 | 44,35 |  0,00 | 0,379 | 228,99 | 228,99 |  0,00 | 0,546 | 223,90 | 223,90 |  0,00 | 7,676 | 68,09 | 68,09 | 36,241 |   NaN | NaN | 0,00 | 0,00 | NaN
   5 |  0,00 | 1,252 | 561,26 | 561,26 | 595,81 |  0,00 | 0,172 | 44,35 | 44,35 |  0,00 | 0,182 | 225,40 | 225,40 |  0,00 | 0,306 | 223,42 | 223,42 |  0,00 | 28,859 | 68,09 | 68,09 | 104,714 |   NaN | NaN | 0,00 | 0,00 | NaN
   6 |  0,00 | 0,964 | 566,33 | 566,33 | 599,63 |  0,00 | 0,122 | 44,35 | 44,35 |  0,00 | 0,170 | 227,86 | 227,86 |  0,00 | 0,406 | 226,03 | 226,03 |  0,00 | 21,213 | 68,09 | 68,09 | 82,906 |   NaN | NaN | 0,00 | 0,00 | NaN
   7 |  0,00 | 0,681 | 562,30 | 562,30 | 596,42 |  0,00 | 0,139 | 44,35 | 44,35 |  0,00 | 0,424 | 225,53 | 225,53 |  0,00 | 0,642 | 224,33 | 224,33 |  0,00 | 10,092 | 68,09 | 68,09 | 42,025 |   NaN | NaN | 0,00 | 0,00 | NaN
   8 |  0,00 | 0,979 | 565,49 | 565,49 | 602,44 |  0,00 | 0,189 | 44,35 | 44,35 |  0,00 | 0,251 | 225,32 | 225,32 |  0,00 | 0,342 | 227,73 | 227,73 |  0,00 | 20,557 | 68,09 | 68,09 | 81,438 |   NaN | NaN | 0,00 | 0,00 | NaN
   9 |  0,00 | 0,585 | 564,65 | 564,65 | 598,37 |  0,00 | 0,129 | 44,35 | 44,35 |  0,00 | 0,287 | 227,63 | 227,63 |  0,00 | 0,552 | 224,59 | 224,59 |  0,00 | 9,034 | 68,09 | 68,09 | 42,159 |   NaN | NaN | 0,00 | 0,00 | NaN
  10 |  0,00 | 0,666 | 562,31 | 562,31 | 599,46 |  0,00 | 0,190 | 44,35 | 44,35 |  0,00 | 0,445 | 225,86 | 225,86 |  0,00 | 0,549 | 224,01 | 224,01 |  0,00 | 9,431 | 68,09 | 68,09 | 39,040 |   NaN | NaN | 0,00 | 0,00 | NaN
  11 |  0,00 | 6,712 | 557,46 | 557,46 | 591,37 |  0,00 | 0,129 | 44,35 | 44,35 |  0,00 | 0,197 | 220,31 | 220,31 |  0,00 | 0,440 | 224,71 | 224,71 |  0,00 | 177,313 | 68,09 | 68,09 | 477,160 |   NaN | NaN | 0,00 | 0,00 | NaN
  12 |  0,00 | 0,878 | 563,83 | 563,83 | 601,37 |  0,00 | 0,191 | 44,35 | 44,35 |  0,00 | 0,216 | 225,61 | 225,61 |  0,00 | 0,310 | 225,78 | 225,78 |  0,00 | 18,158 | 68,09 | 68,09 | 75,501 |   NaN | NaN | 0,00 | 0,00 | NaN
  13 |  0,00 | 0,995 | 558,05 | 558,05 | 592,26 |  0,00 | 0,156 | 44,35 | 44,35 |  0,00 | 0,275 | 222,78 | 222,78 |  0,00 | 0,471 | 222,83 | 222,83 |  0,00 | 20,382 | 68,09 | 68,09 | 74,978 |   NaN | NaN | 0,00 | 0,00 | NaN
  14 |  0,00 | 1,248 | 564,78 | 564,78 | 604,14 |  0,00 | 0,197 | 44,35 | 44,35 |  0,00 | 0,206 | 226,71 | 226,71 |  0,00 | 0,275 | 225,63 | 225,63 |  0,00 | 28,528 | 68,09 | 68,09 | 103,043 |   NaN | NaN | 0,00 | 0,00 | NaN
  15 |  0,00 | 0,661 | 561,49 | 561,49 | 599,05 |  0,00 | 0,191 | 44,35 | 44,35 |  0,00 | 0,440 | 222,46 | 222,46 |  0,00 | 0,590 | 226,59 | 226,59 |  0,00 | 9,012 | 68,09 | 68,09 | 40,438 |   NaN | NaN | 0,00 | 0,00 | NaN
  16 |  0,00 | 0,680 | 566,33 | 566,33 | 601,95 |  0,00 | 0,183 | 44,35 | 44,35 |  0,00 | 0,309 | 225,43 | 225,43 |  0,00 | 0,451 | 228,46 | 228,46 |  0,00 | 11,395 | 68,09 | 68,09 | 51,093 |   NaN | NaN | 0,00 | 0,00 | NaN
  17 |  0,00 | 0,711 | 563,99 | 563,99 | 602,81 |  0,00 | 0,196 | 44,35 | 44,35 |  0,00 | 0,333 | 225,36 | 225,36 |  0,00 | 0,417 | 226,19 | 226,19 |  0,00 | 12,103 | 68,09 | 68,09 | 52,328 |   NaN | NaN | 0,00 | 0,00 | NaN
  18 |  0,00 | 3,432 | 562,26 | 562,26 | 596,85 |  0,00 | 0,172 | 44,35 | 44,35 |  0,00 | 0,195 | 224,39 | 224,39 |  0,00 | 0,323 | 225,44 | 225,44 |  0,00 | 88,444 | 68,09 | 68,09 | 420,320 |   NaN | NaN | 0,00 | 0,00 | NaN
  19 |  0,00 | 4,110 | 558,65 | 558,65 | 592,91 |  0,00 | 0,163 | 44,35 | 44,35 |  0,00 | 0,231 | 221,88 | 221,88 |  0,00 | 0,407 | 224,33 | 224,33 |  0,00 | 106,017 | 68,09 | 68,09 | 244,742 |   NaN | NaN | 0,00 | 0,00 | NaN
  20 |  0,00 | 6,124 | 559,37 | 559,37 | 593,48 |  0,00 | 0,159 | 44,35 | 44,35 |  0,00 | 0,181 | 225,73 | 225,73 |  0,00 | 0,337 | 221,20 | 221,20 |  0,00 | 161,958 | 68,09 | 68,09 | 486,095 |   NaN | NaN | 0,00 | 0,00 | NaN
  21 |  0,00 | 0,577 | 556,85 | 556,85 | 590,89 |  0,00 | 0,163 | 44,35 | 44,35 |  0,00 | 0,396 | 222,59 | 222,59 |  0,00 | 0,514 | 221,82 | 221,82 |  0,00 | 7,850 | 68,09 | 68,09 | 36,429 |   NaN | NaN | 0,00 | 0,00 | NaN
  22 |  0,00 | 1,331 | 567,12 | 567,12 | 608,09 |  0,00 | 0,202 | 44,35 | 44,35 |  0,00 | 0,203 | 231,26 | 231,26 |  0,00 | 0,269 | 223,42 | 223,42 |  0,00 | 30,890 | 68,09 | 68,09 | 109,497 |   NaN | NaN | 0,00 | 0,00 | NaN
  23 |  0,00 | 6,670 | 565,59 | 565,59 | 601,45 |  0,00 | 0,184 | 44,35 | 44,35 |  0,00 | 0,290 | 227,46 | 227,46 |  0,00 | 0,692 | 225,69 | 225,69 |  0,00 | 174,726 | 68,09 | 68,09 | 392,005 |   NaN | NaN | 0,00 | 0,00 | NaN
  24 |  0,00 | 1,023 | 563,79 | 563,79 | 597,93 |  0,00 | 0,146 | 44,35 | 44,35 |  0,00 | 0,251 | 224,62 | 224,62 |  0,00 | 0,472 | 226,74 | 226,74 |  0,00 | 21,537 | 68,09 | 68,09 | 75,425 |   NaN | NaN | 0,00 | 0,00 | NaN
  25 |  0,00 | 0,605 | 569,93 | 569,93 | 611,32 |  0,00 | 0,203 | 44,35 | 44,35 |  0,00 | 0,374 | 225,44 | 225,44 |  0,00 | 0,481 | 232,05 | 232,05 |  0,00 | 8,448 | 68,09 | 68,09 | 39,803 |   NaN | NaN | 0,00 | 0,00 | NaN
  26 |  0,00 | 0,716 | 561,63 | 561,63 | 601,91 |  0,00 | 0,199 | 44,35 | 44,35 |  0,00 | 0,455 | 224,22 | 224,22 |  0,00 | 0,560 | 224,97 | 224,97 |  0,00 | 10,525 | 68,09 | 68,09 | 42,426 |   NaN | NaN | 0,00 | 0,00 | NaN
  27 |  0,00 | 2,981 | 559,39 | 559,39 | 593,18 |  0,00 | 0,126 | 44,35 | 44,35 |  0,00 | 0,158 | 225,38 | 225,38 |  0,00 | 0,404 | 221,58 | 221,58 |  0,00 | 76,250 | 68,09 | 68,09 | 367,988 |   NaN | NaN | 0,00 | 0,00 | NaN
  28 |  0,00 | 6,671 | 557,81 | 557,81 | 595,63 |  0,00 | 0,192 | 44,35 | 44,35 |  0,00 | 0,465 | 224,60 | 224,60 |  0,00 | 0,488 | 220,76 | 220,76 |  0,00 | 173,451 | 68,09 | 68,09 | 395,674 |   NaN | NaN | 0,00 | 0,00 | NaN
  29 |  0,00 | 6,985 | 564,79 | 564,79 | 599,30 |  0,00 | 0,171 | 44,35 | 44,35 |  0,00 | 0,282 | 227,20 | 227,20 |  0,00 | 0,401 | 225,15 | 225,15 |  0,00 | 185,280 | 68,09 | 68,09 | 465,516 |   NaN | NaN | 0,00 | 0,00 | NaN
  30 |  0,00 | 4,873 | 559,42 | 559,42 | 600,66 |  0,00 | 0,202 | 44,35 | 44,35 |  0,00 | 0,233 | 223,40 | 223,40 |  0,00 | 0,321 | 223,58 | 223,58 |  0,00 | 126,923 | 68,09 | 68,09 | 482,386 |   NaN | NaN | 0,00 | 0,00 | NaN
  31 |  0,00 | 6,493 | 561,35 | 561,35 | 595,73 |  0,00 | 0,169 | 44,35 | 44,35 |  0,00 | 0,334 | 224,13 | 224,13 |  0,00 | 0,566 | 224,77 | 224,77 |  0,00 | 169,850 | 68,09 | 68,09 | 387,908 |   NaN | NaN | 0,00 | 0,00 | NaN
  32 |  0,00 | 6,263 | 560,05 | 560,05 | 593,81 |  0,00 | 0,126 | 44,35 | 44,35 |  0,00 | 0,333 | 222,83 | 222,83 |  0,00 | 0,588 | 224,78 | 224,78 |  0,00 | 163,804 | 68,09 | 68,09 | 467,084 |   NaN | NaN | 0,00 | 0,00 | NaN
  33 |  0,00 | 5,815 | 560,20 | 560,20 | 597,57 |  0,00 | 0,190 | 44,35 | 44,35 |  0,00 | 0,261 | 222,48 | 222,48 |  0,00 | 0,497 | 225,29 | 225,29 |  0,00 | 151,683 | 68,09 | 68,09 | 495,326 |   NaN | NaN | 0,00 | 0,00 | NaN
  34 |  0,00 | 2,426 | 555,73 | 555,73 | 591,29 |  0,00 | 0,182 | 44,35 | 44,35 |  0,00 | 0,193 | 223,98 | 223,98 |  0,00 | 0,291 | 219,31 | 219,31 |  0,00 | 60,567 | 68,09 | 68,09 | 254,213 |   NaN | NaN | 0,00 | 0,00 | NaN
  35 |  0,00 | 2,210 | 565,51 | 565,51 | 599,39 |  0,00 | 0,131 | 44,35 | 44,35 |  0,00 | 0,139 | 226,86 | 226,86 |  0,00 | 0,351 | 226,21 | 226,21 |  0,00 | 55,865 | 68,09 | 68,09 | 202,523 |   NaN | NaN | 0,00 | 0,00 | NaN
  36 |  0,00 | 2,759 | 558,53 | 558,53 | 594,55 |  0,00 | 0,184 | 44,35 | 44,35 |  0,00 | 0,197 | 220,87 | 220,87 |  0,00 | 0,295 | 225,22 | 225,22 |  0,00 | 69,743 | 68,09 | 68,09 | 327,845 |   NaN | NaN | 0,00 | 0,00 | NaN
  37 |  0,00 | 6,610 | 566,37 | 566,37 | 600,72 |  0,00 | 0,167 | 44,35 | 44,35 |  0,00 | 0,370 | 228,57 | 228,57 |  0,00 | 0,484 | 225,36 | 225,36 |  0,00 | 174,222 | 68,09 | 68,09 | 472,915 |   NaN | NaN | 0,00 | 0,00 | NaN
  38 |  0,00 | 4,131 | 561,61 | 561,61 | 595,74 |  0,00 | 0,158 | 44,35 | 44,35 |  0,00 | 0,205 | 225,63 | 225,63 |  0,00 | 0,356 | 223,54 | 223,54 |  0,00 | 107,455 | 68,09 | 68,09 | 454,919 |   NaN | NaN | 0,00 | 0,00 | NaN
  39 |  0,00 | 6,160 | 556,95 | 556,95 | 598,10 |  0,00 | 0,202 | 44,35 | 44,35 |  0,00 | 0,280 | 223,29 | 223,29 |  0,00 | 0,343 | 221,22 | 221,22 |  0,00 | 161,291 | 68,09 | 68,09 | 492,948 |   NaN | NaN | 0,00 | 0,00 | NaN
  40 |  0,00 | 3,219 | 557,40 | 557,40 | 598,57 |  0,00 | 0,202 | 44,35 | 44,35 |  0,00 | 0,226 | 222,69 | 222,69 |  0,00 | 0,285 | 222,27 | 222,27 |  0,00 | 81,826 | 68,09 | 68,09 | 399,083 |   NaN | NaN | 0,00 | 0,00 | NaN
  41 |  0,00 | 7,169 | 564,47 | 564,47 | 600,66 |  0,00 | 0,184 | 44,35 | 44,35 |  0,00 | 0,377 | 224,21 | 224,21 |  0,00 | 0,662 | 227,82 | 227,82 |  0,00 | 187,827 | 68,09 | 68,09 | 436,281 |   NaN | NaN | 0,00 | 0,00 | NaN
  42 |  0,00 | 6,813 | 565,86 | 565,86 | 599,87 |  0,00 | 0,131 | 44,35 | 44,35 |  0,00 | 0,378 | 226,37 | 226,37 |  0,00 | 0,609 | 227,05 | 227,05 |  0,00 | 179,409 | 68,09 | 68,09 | 447,726 |   NaN | NaN | 0,00 | 0,00 | NaN
  43 |  0,00 | 5,978 | 565,41 | 565,41 | 605,23 |  0,00 | 0,209 | 44,35 | 44,35 |  0,00 | 0,260 | 226,14 | 226,14 |  0,00 | 0,301 | 226,83 | 226,83 |  0,00 | 157,942 | 68,09 | 68,09 | 496,741 |   NaN | NaN | 0,00 | 0,00 | NaN
  44 |  0,00 | 6,616 | 566,97 | 566,97 | 600,40 |  0,00 | 0,123 | 44,35 | 44,35 |  0,00 | 0,250 | 225,45 | 225,45 |  0,00 | 0,648 | 229,08 | 229,08 |  0,00 | 174,811 | 68,09 | 68,09 | 412,722 |   NaN | NaN | 0,00 | 0,00 | NaN
  45 |  0,00 | 7,012 | 564,93 | 564,93 | 607,60 |  0,00 | 0,205 | 44,35 | 44,35 |  0,00 | 0,367 | 229,77 | 229,77 |  0,00 | 0,591 | 222,73 | 222,73 |  0,00 | 183,868 | 68,09 | 68,09 | 444,509 |   NaN | NaN | 0,00 | 0,00 | NaN
  46 |  0,00 | 6,083 | 559,29 | 559,29 | 593,32 |  0,00 | 0,144 | 44,35 | 44,35 |  0,00 | 0,212 | 221,30 | 221,30 |  0,00 | 0,448 | 225,55 | 225,55 |  0,00 | 160,108 | 68,09 | 68,09 | 486,217 |   NaN | NaN | 0,00 | 0,00 | NaN
  47 |  0,00 | 6,472 | 557,92 | 557,92 | 591,96 |  0,00 | 0,142 | 44,35 | 44,35 |  0,00 | 0,292 | 224,72 | 224,72 |  0,00 | 0,682 | 220,76 | 220,76 |  0,00 | 168,627 | 68,09 | 68,09 | 386,765 |   NaN | NaN | 0,00 | 0,00 | NaN
  48 |  0,00 | 6,704 | 557,87 | 557,87 | 592,53 |  0,00 | 0,172 | 44,35 | 44,35 |  0,00 | 0,414 | 221,93 | 221,93 |  0,00 | 0,419 | 223,50 | 223,50 |  0,00 | 175,412 | 68,09 | 68,09 | 412,703 |   NaN | NaN | 0,00 | 0,00 | NaN
  49 |  0,00 | 6,499 | 558,28 | 558,28 | 594,35 |  0,00 | 0,184 | 44,35 | 44,35 |  0,00 | 0,465 | 223,35 | 223,35 |  0,00 | 0,640 | 222,49 | 222,49 |  0,00 | 168,022 | 68,09 | 68,09 | 382,032 |   NaN | NaN | 0,00 | 0,00 | NaN
  50 |  0,00 | 5,814 | 560,99 | 560,99 | 595,01 |  0,00 | 0,138 | 44,35 | 44,35 |  0,00 | 0,192 | 225,48 | 225,48 |  0,00 | 0,395 | 223,07 | 223,07 |  0,00 | 153,566 | 68,09 | 68,09 | 489,776 |   NaN | NaN | 0,00 | 0,00 | NaN
  51 |  0,00 | 7,042 | 560,91 | 560,91 | 594,94 |  0,00 | 0,136 | 44,35 | 44,35 |  0,00 | 0,213 | 222,79 | 222,79 |  0,00 | 0,462 | 225,68 | 225,68 |  0,00 | 186,644 | 68,09 | 68,09 | 434,025 |   NaN | NaN | 0,00 | 0,00 | NaN
  52 |  0,00 | 6,978 | 561,11 | 561,11 | 595,34 |  0,00 | 0,163 | 44,35 | 44,35 |  0,00 | 0,255 | 221,89 | 221,89 |  0,00 | 0,548 | 226,78 | 226,78 |  0,00 | 183,738 | 68,09 | 68,09 | 445,346 |   NaN | NaN | 0,00 | 0,00 | NaN
  53 |  0,00 | 6,752 | 562,75 | 562,75 | 596,77 |  0,00 | 0,150 | 44,35 | 44,35 |  0,00 | 0,341 | 224,86 | 224,86 |  0,00 | 0,754 | 225,44 | 225,44 |  0,00 | 176,227 | 68,09 | 68,09 | 478,368 |   NaN | NaN | 0,00 | 0,00 | NaN
  54 |  0,00 | 7,166 | 557,96 | 557,96 | 592,02 |  0,00 | 0,153 | 44,35 | 44,35 |  0,00 | 0,366 | 224,79 | 224,79 |  0,00 | 0,490 | 220,73 | 220,73 |  0,00 | 188,137 | 68,09 | 68,09 | 450,595 |   NaN | NaN | 0,00 | 0,00 | NaN
  55 |  0,00 | 4,553 | 562,46 | 562,46 | 596,48 |  0,00 | 0,138 | 44,35 | 44,35 |  0,00 | 0,167 | 224,24 | 224,24 |  0,00 | 0,378 | 225,78 | 225,78 |  0,00 | 119,507 | 68,09 | 68,09 | 484,393 |   NaN | NaN | 0,00 | 0,00 | NaN
  56 |  0,00 | 7,036 | 557,78 | 557,78 | 591,79 |  0,00 | 0,143 | 44,35 | 44,35 |  0,00 | 0,336 | 223,59 | 223,59 |  0,00 | 0,615 | 221,75 | 221,75 |  0,00 | 184,141 | 68,09 | 68,09 | 426,157 |   NaN | NaN | 0,00 | 0,00 | NaN
  57 |  0,00 | 6,680 | 561,24 | 561,24 | 595,24 |  0,00 | 0,140 | 44,35 | 44,35 |  0,00 | 0,453 | 223,66 | 223,66 |  0,00 | 0,511 | 225,14 | 225,14 |  0,00 | 174,956 | 68,09 | 68,09 | 397,860 |   NaN | NaN | 0,00 | 0,00 | NaN
  58 |  0,00 | 6,394 | 561,72 | 561,72 | 596,15 |  0,00 | 0,169 | 44,35 | 44,35 |  0,00 | 0,314 | 225,83 | 225,83 |  0,00 | 0,505 | 223,45 | 223,45 |  0,00 | 167,720 | 68,09 | 68,09 | 387,450 |   NaN | NaN | 0,00 | 0,00 | NaN
  59 |  0,00 | 2,483 | 565,94 | 565,94 | 602,78 |  0,00 | 0,188 | 44,35 | 44,35 |  0,00 | 0,207 | 224,60 | 224,60 |  0,00 | 0,299 | 228,90 | 228,90 |  0,00 | 62,498 | 68,09 | 68,09 | 267,389 |   NaN | NaN | 0,00 | 0,00 | NaN
  60 |  0,00 | 7,046 | 563,04 | 563,04 | 596,63 |  0,00 | 0,124 | 44,35 | 44,35 |  0,00 | 0,258 | 225,41 | 225,41 |  0,00 | 0,699 | 225,19 | 225,19 |  0,00 | 185,553 | 68,09 | 68,09 | 433,703 |   NaN | NaN | 0,00 | 0,00 | NaN
  61 |  0,00 | 6,506 | 565,48 | 565,48 | 599,51 |  0,00 | 0,145 | 44,35 | 44,35 |  0,00 | 0,211 | 226,72 | 226,72 |  0,00 | 0,416 | 226,32 | 226,32 |  0,00 | 172,926 | 68,09 | 68,09 | 478,767 |   NaN | NaN | 0,00 | 0,00 | NaN
  62 |  0,00 | 7,037 | 563,69 | 563,69 | 607,10 |  0,00 | 0,207 | 44,35 | 44,35 |  0,00 | 0,551 | 224,44 | 224,44 |  0,00 | 0,435 | 226,82 | 226,82 |  0,00 | 184,070 | 68,09 | 68,09 | 423,065 |   NaN | NaN | 0,00 | 0,00 | NaN
  63 |  0,00 | 4,837 | 564,67 | 564,67 | 598,88 |  0,00 | 0,162 | 44,35 | 44,35 |  0,00 | 0,228 | 227,15 | 227,15 |  0,00 | 0,413 | 225,08 | 225,08 |  0,00 | 126,630 | 68,09 | 68,09 | 486,142 |   NaN | NaN | 0,00 | 0,00 | NaN
  64 |  0,00 | 6,868 | 556,57 | 556,57 | 599,63 |  0,00 | 0,206 | 44,35 | 44,35 |  0,00 | 0,339 | 223,01 | 223,01 |  0,00 | 0,522 | 221,12 | 221,12 |  0,00 | 178,997 | 68,09 | 68,09 | 442,399 |   NaN | NaN | 0,00 | 0,00 | NaN

= = = = = = = = = = = = AVERAGE RESULTS system = = = = = = = = = = = =
meanPLR_system | 0,000000 
meanDelay_system | 4,138403 
meanLoad_system | 562,090914 
meanTHR_system | 562,090914 
meanGate_system | 598,187860 

meanPLR_EF_system | 0,000000 
meanPLR_AF_system | 0,000000 
meanPLR_BE_system | 0,000000 
meanPLR_FLA_system | 0,000000 
meanPLR_FLB_system | NaN 

meanTHR_EF_system | 44,352005 
meanTHR_AF_system | 224,957171 
meanTHR_BE_system | 224,695480 
meanTHR_FLA_system | 69,773260 
meanTHR_FLB_system | 0,000000 

meanLoad_EF_system | 44,352005 
meanLoad_AF_system | 224,957171 
meanLoad_BE_system | 224,695480 
meanLoad_FLA_system | 69,773260 
meanLoad_FLB_system | 0,000000 

meanDELAY_EF_system | 0,167475 
meanDELAY_AF_system | 0,293683 
meanDELAY_BE_system | 0,466711 
meanDELAY_FLA_system | 106,274467 
meanDELAY_FLB_system | NaN 
meanDELAY_CompleteFLA_system | 303,635165 
meanDELAY_CompleteFLB_system | NaN 

= = = = = = = = = = = = AVERAGE RESULTS = = = = = = = = = = = =
Packet Loss Ratio: 00,00 (%)
PROCESSED PACKAGES: 1234704350 
DISCARTED PACKAGES: 0 
TOTAL PACKAGES: 1234704350 
AVERAGE DELAY: 643,09 (ms) 
AVERAGE THROUGHPUT: 562,09 (Mbps) 
GRANTED THROUGHPUT: 38284,02 (Mbps) By 64 ONUs
EFFECTIVE THROUGHPUT: 35973,82 (Mbps) By 64 ONUs
TOTAL LOAD: 35973,82 (Mbps) By 64 ONUs
ON Arrival THROUGHPUT: 0,00 (Mbps) By 64 ONUs
FINISHTIMEFL: 121,077903 
FINISHTIME: 124,077903 


fileName | IPACT_LBVARIBLETOKENSBYCYCLE_2_40_60_0 
