
ONU ID 	|  PLR(%) | Delay(ms) | Throughput(Mbps) | Granted Throughput(Mbps) | Total Load (Mbps) 

  ID |  PLR(%) |  D  | Thr |  Gates  |  Load  | PLR-EF | D-EF | ThrEF | LoadEF | PLR-AF | D-AF | ThrAF | LoadAF | PLR-BE | D-BE | ThrBE | LoadBE | PLR-FA | D-FA | ThrFA | LoadFA | DTFA |  PLR-FB | D-FB | ThrFB | LoadFB | DTFB | 
   1 |  2,86 | 255,353 | 754,85 | 777,07 | 759,34 |  0,00 | 1,429 | 44,35 | 44,35 |  0,00 | 1,414 | 349,88 | 349,88 |  6,51 | 932,382 | 318,93 | 341,15 |  0,00 | 296,684 | 41,67 | 41,67 | 592,646 |   NaN | NaN | 0,00 | 0,00 | NaN
   2 |  3,17 | 246,675 | 753,52 | 778,20 | 758,05 |  0,00 | 1,470 | 44,35 | 44,35 |  0,00 | 1,426 | 349,24 | 349,24 |  7,20 | 900,091 | 318,25 | 342,93 |  0,00 | 303,767 | 41,67 | 41,67 | 621,094 |   NaN | NaN | 0,00 | 0,00 | NaN
   3 |  2,56 | 225,755 | 752,03 | 771,83 | 756,53 |  0,00 | 1,368 | 44,35 | 44,35 |  0,00 | 1,362 | 342,53 | 342,53 |  5,77 | 808,584 | 323,48 | 343,28 |  0,00 | 291,617 | 41,67 | 41,67 | 595,049 |   NaN | NaN | 0,00 | 0,00 | NaN
   4 |  3,40 | 247,635 | 754,63 | 781,20 | 759,09 |  0,00 | 1,410 | 44,35 | 44,35 |  0,00 | 1,368 | 348,88 | 348,88 |  7,67 | 901,662 | 319,73 | 346,30 |  0,00 | 288,958 | 41,67 | 41,67 | 583,839 |   NaN | NaN | 0,00 | 0,00 | NaN
   5 |  2,67 | 237,150 | 753,13 | 773,76 | 757,60 |  0,00 | 1,424 | 44,35 | 44,35 |  0,00 | 1,394 | 344,21 | 344,21 |  6,01 | 852,115 | 322,89 | 343,52 |  0,00 | 299,533 | 41,67 | 41,67 | 589,432 |   NaN | NaN | 0,00 | 0,00 | NaN
   6 |  3,12 | 245,599 | 755,03 | 779,32 | 759,49 |  0,00 | 1,362 | 44,35 | 44,35 |  0,00 | 1,340 | 347,91 | 347,91 |  7,03 | 891,308 | 321,09 | 345,38 |  0,00 | 279,312 | 41,67 | 41,67 | 574,780 |   NaN | NaN | 0,00 | 0,00 | NaN
   7 |  2,95 | 251,361 | 753,94 | 776,88 | 758,43 |  0,00 | 1,369 | 44,35 | 44,35 |  0,00 | 1,360 | 346,31 | 346,31 |  6,66 | 909,881 | 321,61 | 344,54 |  0,00 | 289,833 | 41,67 | 41,67 | 588,037 |   NaN | NaN | 0,00 | 0,00 | NaN
   8 |  2,90 | 242,012 | 755,55 | 778,09 | 760,06 |  0,00 | 1,416 | 44,35 | 44,35 |  0,00 | 1,411 | 344,81 | 344,81 |  6,49 | 868,429 | 324,71 | 347,25 |  0,00 | 278,619 | 41,67 | 41,67 | 574,030 |   NaN | NaN | 0,00 | 0,00 | NaN
   9 |  3,21 | 244,973 | 754,71 | 779,75 | 759,18 |  0,00 | 1,389 | 44,35 | 44,35 |  0,00 | 1,349 | 346,40 | 346,40 |  7,21 | 882,871 | 322,28 | 347,32 |  0,00 | 314,386 | 41,67 | 41,67 | 640,775 |   NaN | NaN | 0,00 | 0,00 | NaN
  10 |  2,60 | 236,673 | 754,38 | 774,53 | 758,90 |  0,00 | 1,419 | 44,35 | 44,35 |  0,00 | 1,410 | 344,73 | 344,73 |  5,86 | 848,018 | 323,62 | 343,77 |  0,00 | 316,903 | 41,67 | 41,67 | 643,562 |   NaN | NaN | 0,00 | 0,00 | NaN
  11 |  2,67 | 230,699 | 753,50 | 774,18 | 757,98 |  0,00 | 1,357 | 44,35 | 44,35 |  0,00 | 1,352 | 342,00 | 342,00 |  5,97 | 823,525 | 325,48 | 346,15 |  0,00 | 278,153 | 41,67 | 41,67 | 568,859 |   NaN | NaN | 0,00 | 0,00 | NaN
  12 |  2,87 | 245,479 | 755,44 | 777,80 | 759,96 |  0,00 | 1,430 | 44,35 | 44,35 |  0,00 | 1,412 | 345,25 | 345,25 |  6,45 | 880,500 | 324,16 | 346,52 |  0,00 | 308,402 | 41,67 | 41,67 | 612,652 |   NaN | NaN | 0,00 | 0,00 | NaN
  13 |  2,16 | 220,715 | 751,75 | 768,33 | 756,22 |  0,00 | 1,393 | 44,35 | 44,35 |  0,00 | 1,379 | 343,12 | 343,12 |  4,89 | 791,891 | 322,60 | 339,18 |  0,00 | 290,648 | 41,67 | 41,67 | 589,389 |   NaN | NaN | 0,00 | 0,00 | NaN
  14 |  3,34 | 247,277 | 752,13 | 778,14 | 756,61 |  0,00 | 1,427 | 44,35 | 44,35 |  0,00 | 1,419 | 345,95 | 345,95 |  7,51 | 896,513 | 320,16 | 346,16 |  0,00 | 295,108 | 41,67 | 41,67 | 598,519 |   NaN | NaN | 0,00 | 0,00 | NaN
  15 |  2,47 | 256,260 | 753,49 | 772,55 | 757,97 |  0,00 | 1,454 | 44,35 | 44,35 |  0,00 | 1,413 | 339,50 | 339,50 |  5,49 | 909,838 | 327,96 | 347,02 |  0,00 | 284,619 | 41,67 | 41,67 | 586,997 |   NaN | NaN | 0,00 | 0,00 | NaN
  16 |  4,02 | 267,813 | 754,25 | 785,88 | 758,74 |  0,00 | 1,487 | 44,35 | 44,35 |  0,00 | 1,404 | 347,20 | 347,20 |  8,97 | 972,470 | 321,02 | 352,65 |  0,00 | 289,890 | 41,67 | 41,67 | 571,643 |   NaN | NaN | 0,00 | 0,00 | NaN
  17 |  3,24 | 246,185 | 753,85 | 779,07 | 758,35 |  0,00 | 1,426 | 44,35 | 44,35 |  0,00 | 1,418 | 347,94 | 347,94 |  7,31 | 894,927 | 319,88 | 345,10 |  0,00 | 293,987 | 41,67 | 41,67 | 593,752 |   NaN | NaN | 0,00 | 0,00 | NaN
  18 |  2,59 | 244,235 | 753,61 | 773,65 | 758,08 |  0,00 | 1,417 | 44,35 | 44,35 |  0,00 | 1,395 | 343,75 | 343,75 |  5,83 | 876,425 | 323,84 | 343,87 |  0,00 | 294,860 | 41,67 | 41,67 | 605,772 |   NaN | NaN | 0,00 | 0,00 | NaN
  19 |  1,75 | 220,746 | 754,02 | 767,42 | 758,49 |  0,00 | 1,393 | 44,35 | 44,35 |  0,00 | 1,384 | 339,48 | 339,48 |  3,92 | 779,088 | 328,52 | 341,91 |  0,00 | 293,892 | 41,67 | 41,67 | 594,199 |   NaN | NaN | 0,00 | 0,00 | NaN
  20 |  2,20 | 234,672 | 753,34 | 770,29 | 757,80 |  0,00 | 1,390 | 44,35 | 44,35 |  0,00 | 1,380 | 345,21 | 345,21 |  5,00 | 846,206 | 322,10 | 339,05 |  0,00 | 287,016 | 41,67 | 41,67 | 587,378 |   NaN | NaN | 0,00 | 0,00 | NaN
  21 |  1,75 | 208,918 | 752,42 | 765,84 | 756,90 |  0,00 | 1,391 | 44,35 | 44,35 |  0,00 | 1,385 | 341,46 | 341,46 |  3,97 | 744,239 | 324,94 | 338,35 |  0,00 | 278,364 | 41,67 | 41,67 | 568,416 |   NaN | NaN | 0,00 | 0,00 | NaN
  22 |  3,45 | 256,819 | 754,48 | 781,41 | 759,01 |  0,00 | 1,487 | 44,35 | 44,35 |  0,00 | 1,428 | 351,56 | 351,56 |  7,83 | 942,961 | 316,90 | 343,82 |  0,00 | 301,983 | 41,67 | 41,67 | 587,342 |   NaN | NaN | 0,00 | 0,00 | NaN
  23 |  2,85 | 240,098 | 754,60 | 776,72 | 759,09 |  0,00 | 1,434 | 44,35 | 44,35 |  0,00 | 1,406 | 345,62 | 345,62 |  6,41 | 865,509 | 322,96 | 345,08 |  0,00 | 278,084 | 41,67 | 41,67 | 573,223 |   NaN | NaN | 0,00 | 0,00 | NaN
  24 |  3,32 | 242,623 | 754,15 | 780,02 | 758,62 |  0,00 | 1,379 | 44,35 | 44,35 |  0,00 | 1,367 | 345,58 | 345,58 |  7,43 | 874,837 | 322,54 | 348,41 |  0,00 | 286,893 | 41,67 | 41,67 | 584,637 |   NaN | NaN | 0,00 | 0,00 | NaN
  25 |  3,38 | 263,286 | 754,27 | 780,64 | 758,80 |  0,00 | 1,432 | 44,35 | 44,35 |  0,00 | 1,424 | 343,85 | 343,85 |  7,52 | 945,790 | 324,39 | 350,76 |  0,00 | 290,993 | 41,67 | 41,67 | 591,608 |   NaN | NaN | 0,00 | 0,00 | NaN
  26 |  2,36 | 233,646 | 755,10 | 773,38 | 759,61 |  0,00 | 1,433 | 44,35 | 44,35 |  0,00 | 1,420 | 344,32 | 344,32 |  5,33 | 836,181 | 324,75 | 343,03 |  0,00 | 292,355 | 41,67 | 41,67 | 592,512 |   NaN | NaN | 0,00 | 0,00 | NaN
  27 |  2,44 | 240,972 | 754,36 | 773,21 | 758,82 |  0,00 | 1,405 | 44,35 | 44,35 |  0,00 | 1,348 | 346,30 | 346,30 |  5,53 | 870,120 | 322,03 | 340,88 |  0,00 | 291,220 | 41,67 | 41,67 | 589,989 |   NaN | NaN | 0,00 | 0,00 | NaN
  28 |  1,97 | 226,017 | 752,18 | 767,29 | 756,67 |  0,00 | 1,427 | 44,35 | 44,35 |  0,00 | 1,414 | 343,72 | 343,72 |  4,48 | 812,423 | 322,44 | 337,54 |  0,00 | 289,141 | 41,67 | 41,67 | 583,526 |   NaN | NaN | 0,00 | 0,00 | NaN
  29 |  3,24 | 237,604 | 752,57 | 777,76 | 757,05 |  0,00 | 1,403 | 44,35 | 44,35 |  0,00 | 1,393 | 345,70 | 345,70 |  7,28 | 859,436 | 320,84 | 346,04 |  0,00 | 294,145 | 41,67 | 41,67 | 592,690 |   NaN | NaN | 0,00 | 0,00 | NaN
  30 |  2,54 | 225,871 | 753,17 | 772,76 | 757,67 |  0,00 | 1,435 | 44,35 | 44,35 |  0,00 | 1,424 | 343,53 | 343,53 |  5,71 | 808,400 | 323,61 | 343,20 |  0,00 | 303,636 | 41,67 | 41,67 | 611,068 |   NaN | NaN | 0,00 | 0,00 | NaN
  31 |  2,43 | 229,063 | 754,37 | 773,15 | 758,85 |  0,00 | 1,398 | 44,35 | 44,35 |  0,00 | 1,390 | 345,86 | 345,86 |  5,50 | 826,288 | 322,49 | 341,27 |  0,00 | 271,908 | 41,67 | 41,67 | 565,147 |   NaN | NaN | 0,00 | 0,00 | NaN
  32 |  2,94 | 239,993 | 755,11 | 777,95 | 759,57 |  0,00 | 1,725 | 44,35 | 44,35 |  0,00 | 1,362 | 345,52 | 345,52 |  6,59 | 863,118 | 323,56 | 346,40 |  0,00 | 282,806 | 41,67 | 41,67 | 576,947 |   NaN | NaN | 0,00 | 0,00 | NaN
  33 |  2,50 | 242,636 | 753,01 | 772,31 | 757,49 |  0,00 | 1,419 | 44,35 | 44,35 |  0,00 | 1,411 | 342,14 | 342,14 |  5,61 | 868,168 | 324,84 | 344,14 |  0,00 | 283,155 | 41,67 | 41,67 | 578,108 |   NaN | NaN | 0,00 | 0,00 | NaN
  34 |  2,66 | 233,547 | 753,24 | 773,80 | 757,73 |  0,00 | 1,415 | 44,35 | 44,35 |  0,00 | 1,403 | 344,40 | 344,40 |  5,99 | 839,521 | 322,81 | 343,38 |  0,00 | 294,262 | 41,67 | 41,67 | 600,319 |   NaN | NaN | 0,00 | 0,00 | NaN
  35 |  3,37 | 253,263 | 753,77 | 780,06 | 758,24 |  0,00 | 1,358 | 44,35 | 44,35 |  0,00 | 1,352 | 347,13 | 347,13 |  7,58 | 919,261 | 320,62 | 346,90 |  0,00 | 290,807 | 41,67 | 41,67 | 597,845 |   NaN | NaN | 0,00 | 0,00 | NaN
  36 |  2,46 | 230,566 | 755,19 | 774,22 | 759,67 |  0,00 | 1,411 | 44,35 | 44,35 |  0,00 | 1,406 | 341,58 | 341,58 |  5,49 | 820,392 | 327,58 | 346,61 |  0,00 | 259,250 | 41,67 | 41,67 | 542,884 |   NaN | NaN | 0,00 | 0,00 | NaN
  37 |  3,40 | 250,590 | 755,04 | 781,63 | 759,51 |  0,00 | 1,415 | 44,35 | 44,35 |  0,00 | 1,391 | 349,95 | 349,95 |  7,69 | 914,313 | 319,07 | 345,65 |  0,00 | 296,988 | 41,67 | 41,67 | 609,372 |   NaN | NaN | 0,00 | 0,00 | NaN
  38 |  3,24 | 253,795 | 754,44 | 779,73 | 758,91 |  0,00 | 1,386 | 44,35 | 44,35 |  0,00 | 1,379 | 346,36 | 346,36 |  7,28 | 918,926 | 322,05 | 347,34 |  0,00 | 271,664 | 41,67 | 41,67 | 564,946 |   NaN | NaN | 0,00 | 0,00 | NaN
  39 |  1,37 | 210,900 | 754,69 | 765,20 | 759,22 |  0,00 | 1,436 | 44,35 | 44,35 |  0,00 | 1,424 | 341,29 | 341,29 |  3,11 | 745,823 | 327,38 | 337,89 |  0,00 | 299,786 | 41,67 | 41,67 | 609,069 |   NaN | NaN | 0,00 | 0,00 | NaN
  40 |  2,00 | 205,132 | 752,82 | 768,20 | 757,33 |  0,00 | 1,446 | 44,35 | 44,35 |  0,00 | 1,423 | 344,60 | 344,60 |  4,56 | 735,472 | 322,19 | 337,58 |  0,00 | 295,638 | 41,67 | 41,67 | 604,892 |   NaN | NaN | 0,00 | 0,00 | NaN
  41 |  3,44 | 245,852 | 752,18 | 779,00 | 756,66 |  0,00 | 1,424 | 44,35 | 44,35 |  0,00 | 1,408 | 342,24 | 342,24 |  7,65 | 881,596 | 323,91 | 350,73 |  0,00 | 284,989 | 41,67 | 41,67 | 583,326 |   NaN | NaN | 0,00 | 0,00 | NaN
  42 |  3,44 | 256,552 | 753,23 | 780,09 | 757,70 |  0,00 | 1,548 | 44,35 | 44,35 |  0,00 | 1,361 | 346,79 | 346,79 |  7,74 | 931,087 | 320,41 | 347,27 |  0,00 | 293,863 | 41,67 | 41,67 | 603,382 |   NaN | NaN | 0,00 | 0,00 | NaN
  43 |  4,10 | 255,160 | 753,92 | 786,15 | 758,42 |  0,00 | 1,461 | 44,35 | 44,35 |  0,00 | 1,431 | 350,49 | 350,49 |  9,22 | 936,198 | 317,41 | 349,63 |  0,00 | 279,671 | 41,67 | 41,67 | 568,434 |   NaN | NaN | 0,00 | 0,00 | NaN
  44 |  3,13 | 260,063 | 755,00 | 779,41 | 759,47 |  0,00 | 1,348 | 44,35 | 44,35 |  0,00 | 1,342 | 344,90 | 344,90 |  7,01 | 935,226 | 324,07 | 348,49 |  0,00 | 297,670 | 41,67 | 41,67 | 602,414 |   NaN | NaN | 0,00 | 0,00 | NaN
  45 |  2,43 | 224,472 | 755,15 | 773,96 | 759,67 |  0,00 | 1,441 | 44,35 | 44,35 |  0,00 | 1,426 | 348,18 | 348,18 |  5,54 | 810,172 | 320,95 | 339,76 |  0,00 | 319,999 | 41,67 | 41,67 | 625,993 |   NaN | NaN | 0,00 | 0,00 | NaN
  46 |  2,75 | 241,494 | 754,38 | 775,72 | 758,86 |  0,00 | 1,442 | 44,35 | 44,35 |  0,00 | 1,367 | 343,29 | 343,29 |  6,16 | 865,125 | 325,06 | 346,40 |  0,00 | 274,342 | 41,67 | 41,67 | 581,006 |   NaN | NaN | 0,00 | 0,00 | NaN
  47 |  2,70 | 233,450 | 752,94 | 773,80 | 757,41 |  0,00 | 1,370 | 44,35 | 44,35 |  0,00 | 1,364 | 346,08 | 346,08 |  6,10 | 844,969 | 320,83 | 341,69 |  0,00 | 282,789 | 41,67 | 41,67 | 569,219 |   NaN | NaN | 0,00 | 0,00 | NaN
  48 |  2,55 | 248,998 | 753,70 | 773,45 | 758,17 |  0,00 | 1,453 | 44,35 | 44,35 |  0,00 | 1,397 | 343,72 | 343,72 |  5,75 | 894,349 | 323,95 | 343,70 |  0,00 | 286,805 | 41,67 | 41,67 | 594,212 |   NaN | NaN | 0,00 | 0,00 | NaN
  49 |  2,49 | 225,788 | 753,70 | 772,93 | 758,20 |  0,00 | 1,461 | 44,35 | 44,35 |  0,00 | 1,406 | 345,63 | 345,63 |  5,64 | 813,145 | 322,04 | 341,28 |  0,00 | 296,141 | 41,67 | 41,67 | 613,212 |   NaN | NaN | 0,00 | 0,00 | NaN
  50 |  3,06 | 244,100 | 754,66 | 778,47 | 759,12 |  0,00 | 1,379 | 44,35 | 44,35 |  0,00 | 1,361 | 348,61 | 348,61 |  6,92 | 887,542 | 320,02 | 343,83 |  0,00 | 290,965 | 41,67 | 41,67 | 588,052 |   NaN | NaN | 0,00 | 0,00 | NaN
  51 |  2,95 | 243,462 | 753,56 | 776,43 | 758,03 |  0,00 | 1,365 | 44,35 | 44,35 |  0,00 | 1,358 | 344,72 | 344,72 |  6,62 | 876,379 | 322,81 | 345,68 |  0,00 | 291,789 | 41,67 | 41,67 | 579,576 |   NaN | NaN | 0,00 | 0,00 | NaN
  52 |  2,82 | 236,561 | 752,30 | 774,11 | 756,79 |  0,00 | 1,459 | 44,35 | 44,35 |  0,00 | 1,385 | 340,21 | 340,21 |  6,27 | 839,981 | 326,06 | 347,87 |  0,00 | 312,883 | 41,67 | 41,67 | 643,187 |   NaN | NaN | 0,00 | 0,00 | NaN
  53 |  2,91 | 250,470 | 754,36 | 776,97 | 758,84 |  0,00 | 1,378 | 44,35 | 44,35 |  0,00 | 1,372 | 346,87 | 346,87 |  6,57 | 908,442 | 321,46 | 344,07 |  0,00 | 271,294 | 41,67 | 41,67 | 553,273 |   NaN | NaN | 0,00 | 0,00 | NaN
  54 |  2,15 | 228,501 | 753,79 | 770,34 | 758,27 |  0,00 | 1,525 | 44,35 | 44,35 |  0,00 | 1,376 | 344,46 | 344,46 |  4,87 | 819,706 | 323,30 | 339,86 |  0,00 | 298,148 | 41,67 | 41,67 | 595,819 |   NaN | NaN | 0,00 | 0,00 | NaN
  55 |  2,33 | 227,716 | 754,27 | 772,30 | 758,77 |  0,00 | 1,365 | 44,35 | 44,35 |  0,00 | 1,359 | 341,61 | 341,61 |  5,23 | 809,062 | 326,64 | 344,66 |  0,00 | 298,022 | 41,67 | 41,67 | 606,455 |   NaN | NaN | 0,00 | 0,00 | NaN
  56 |  2,23 | 220,514 | 754,24 | 771,42 | 758,71 |  0,00 | 1,391 | 44,35 | 44,35 |  0,00 | 1,365 | 342,13 | 342,13 |  5,01 | 784,816 | 326,08 | 343,26 |  0,00 | 284,477 | 41,67 | 41,67 | 574,676 |   NaN | NaN | 0,00 | 0,00 | NaN
  57 |  2,77 | 225,649 | 754,10 | 775,55 | 758,57 |  0,00 | 1,369 | 44,35 | 44,35 |  0,00 | 1,362 | 343,57 | 343,57 |  6,20 | 807,910 | 324,50 | 345,95 |  0,00 | 279,503 | 41,67 | 41,67 | 585,093 |   NaN | NaN | 0,00 | 0,00 | NaN
  58 |  2,93 | 241,741 | 753,56 | 776,32 | 758,04 |  0,00 | 1,397 | 44,35 | 44,35 |  0,00 | 1,391 | 344,71 | 344,71 |  6,59 | 869,744 | 322,82 | 345,58 |  0,00 | 300,791 | 41,67 | 41,67 | 622,007 |   NaN | NaN | 0,00 | 0,00 | NaN
  59 |  3,36 | 245,701 | 754,52 | 780,77 | 758,99 |  0,00 | 1,416 | 44,35 | 44,35 |  0,00 | 1,410 | 343,95 | 343,95 |  7,48 | 881,384 | 324,54 | 350,79 |  0,00 | 284,656 | 41,67 | 41,67 | 579,541 |   NaN | NaN | 0,00 | 0,00 | NaN
  60 |  2,85 | 233,494 | 753,73 | 775,82 | 758,19 |  0,00 | 1,354 | 44,35 | 44,35 |  0,00 | 1,345 | 344,64 | 344,64 |  6,40 | 840,347 | 323,06 | 345,15 |  0,00 | 277,229 | 41,67 | 41,67 | 567,861 |   NaN | NaN | 0,00 | 0,00 | NaN
  61 |  3,20 | 250,624 | 755,20 | 780,14 | 759,65 |  0,00 | 1,535 | 44,35 | 44,35 |  0,00 | 1,372 | 346,76 | 346,76 |  7,18 | 906,219 | 322,41 | 347,35 |  0,00 | 279,939 | 41,67 | 41,67 | 566,039 |   NaN | NaN | 0,00 | 0,00 | NaN
  62 |  3,28 | 257,170 | 753,51 | 779,02 | 758,03 |  0,00 | 1,447 | 44,35 | 44,35 |  0,00 | 1,429 | 347,04 | 347,04 |  7,38 | 933,103 | 320,44 | 345,96 |  0,00 | 300,090 | 41,67 | 41,67 | 616,318 |   NaN | NaN | 0,00 | 0,00 | NaN
  63 |  2,95 | 241,362 | 754,23 | 777,18 | 758,71 |  0,00 | 1,390 | 44,35 | 44,35 |  0,00 | 1,384 | 347,50 | 347,50 |  6,68 | 875,280 | 320,70 | 343,66 |  0,00 | 286,350 | 41,67 | 41,67 | 579,123 |   NaN | NaN | 0,00 | 0,00 | NaN
  64 |  2,32 | 227,388 | 752,55 | 770,44 | 757,09 |  0,00 | 1,441 | 44,35 | 44,35 |  0,00 | 1,427 | 343,36 | 343,36 |  5,24 | 815,472 | 323,17 | 341,05 |  0,00 | 290,714 | 41,67 | 41,67 | 586,900 |   NaN | NaN | 0,00 | 0,00 | NaN

= = = = = = = = = = = = AVERAGE RESULTS system = = = = = = = = = = = =
meanPLR_system | 2,805289 
meanDelay_system | 239,670189 
meanLoad_system | 775,672018 
meanTHR_system | 753,889702 
meanGate_system | 758,375231 

meanPLR_EF_system | 0,000000 
meanPLR_AF_system | 0,000000 
meanPLR_BE_system | 6,313156 
meanPLR_FLA_system | 0,000000 
meanPLR_FLB_system | NaN 

meanTHR_EF_system | 44,352002 
meanTHR_AF_system | 345,097802 
meanTHR_BE_system | 322,765084 
meanTHR_FLA_system | 42,371557 
meanTHR_FLB_system | 0,000000 

meanLoad_EF_system | 44,352002 
meanLoad_AF_system | 345,097802 
meanLoad_BE_system | 344,547400 
meanLoad_FLA_system | 42,371557 
meanLoad_FLB_system | 0,000000 

meanDELAY_EF_system | 1,422152 
meanDELAY_AF_system | 1,389701 
meanDELAY_BE_system | 863,205556 
meanDELAY_FLA_system | 290,505984 
meanDELAY_FLB_system | NaN 
meanDELAY_CompleteFLA_system | 590,969637 
meanDELAY_CompleteFLB_system | NaN 

= = = = = = = = = = = = AVERAGE RESULTS = = = = = = = = = = = =
Packet Loss Ratio: 02,81 (%)
PROCESSED PACKAGES: 2190144658 
DISCARTED PACKAGES: 39689105 
TOTAL PACKAGES: 2229833763 
AVERAGE DELAY: 44956,28 (ms) 
AVERAGE THROUGHPUT: 753,89 (Mbps) 
GRANTED THROUGHPUT: 48536,01 (Mbps) By 64 ONUs
EFFECTIVE THROUGHPUT: 48248,94 (Mbps) By 64 ONUs
TOTAL LOAD: 49643,01 (Mbps) By 64 ONUs
ON Arrival THROUGHPUT: 0,00 (Mbps) By 64 ONUs
FINISHTIMEFL: 179,441127 
FINISHTIME: 182,441127 


fileName | IPACT_STRICTPRIORITYFIRSTAF_3_36_92_0 
