
ONU ID 	|  PLR(%) | Delay(ms) | Throughput(Mbps) | Granted Throughput(Mbps) | Total Load (Mbps) 

  ID |  PLR(%) |  D  | Thr |  Gates  |  Load  | PLR-EF | D-EF | ThrEF | LoadEF | PLR-AF | D-AF | ThrAF | LoadAF | PLR-BE | D-BE | ThrBE | LoadBE | PLR-FA | D-FA | ThrFA | LoadFA | DTFA |  PLR-FB | D-FB | ThrFB | LoadFB | DTFB | 
   1 |  5,63 | 282,193 | 755,01 | 800,05 | 759,28 |  0,00 | 1,408 | 44,35 | 44,35 |  0,00 | 8,598 | 364,96 | 364,96 | 12,64 | 1060,825 | 311,19 | 356,23 |  0,00 | 224,156 | 34,51 | 34,51 | 468,294 |   NaN | NaN | 0,00 | 0,00 | NaN
   2 |  6,01 | 267,724 | 754,45 | 802,70 | 758,78 |  0,00 | 1,420 | 44,35 | 44,35 |  0,00 | 1,984 | 365,12 | 365,12 | 13,45 | 973,478 | 310,47 | 358,72 |  0,00 | 925,282 | 34,51 | 34,51 | 1870,573 |   NaN | NaN | 0,00 | 0,00 | NaN
   3 |  5,11 | 261,478 | 754,25 | 794,85 | 758,53 |  0,00 | 1,356 | 44,35 | 44,35 |  0,00 | 1,917 | 357,60 | 357,60 | 11,33 | 930,049 | 317,79 | 358,39 |  0,00 | 881,393 | 34,51 | 34,51 | 1782,948 |   NaN | NaN | 0,00 | 0,00 | NaN
   4 |  6,13 | 286,881 | 754,65 | 803,94 | 759,06 |  0,00 | 1,362 | 44,35 | 44,35 |  0,00 | 15,728 | 363,78 | 363,78 | 13,64 | 1072,222 | 312,00 | 361,30 |  0,00 | 146,079 | 34,51 | 34,51 | 312,276 |   NaN | NaN | 0,00 | 0,00 | NaN
   5 |  5,33 | 258,588 | 753,61 | 796,05 | 757,90 |  0,00 | 1,387 | 44,35 | 44,35 |  0,00 | 1,832 | 359,40 | 359,40 | 11,86 | 902,550 | 315,35 | 357,80 |  0,00 | 1278,488 | 34,51 | 34,51 | 2576,908 |   NaN | NaN | 0,00 | 0,00 | NaN
   6 |  5,92 | 271,166 | 754,99 | 802,54 | 759,27 |  0,00 | 1,336 | 44,35 | 44,35 |  0,00 | 2,074 | 363,11 | 363,11 | 13,19 | 972,884 | 313,02 | 360,57 |  0,00 | 1034,303 | 34,51 | 34,51 | 2088,610 |   NaN | NaN | 0,00 | 0,00 | NaN
   7 |  5,63 | 279,419 | 754,58 | 799,62 | 758,85 |  0,00 | 1,354 | 44,35 | 44,35 |  0,00 | 2,821 | 361,18 | 361,18 | 12,53 | 1034,652 | 314,54 | 359,59 |  0,00 | 408,951 | 34,51 | 34,51 | 837,985 |   NaN | NaN | 0,00 | 0,00 | NaN
   8 |  5,75 | 272,894 | 755,11 | 801,14 | 759,41 |  0,00 | 1,404 | 44,35 | 44,35 |  0,00 | 1,933 | 359,82 | 359,82 | 12,70 | 973,420 | 316,44 | 362,47 |  0,00 | 956,262 | 34,51 | 34,51 | 1932,491 |   NaN | NaN | 0,00 | 0,00 | NaN
   9 |  5,94 | 275,546 | 755,23 | 802,93 | 759,51 |  0,00 | 1,344 | 44,35 | 44,35 |  0,00 | 2,098 | 361,58 | 361,58 | 13,16 | 1006,957 | 314,80 | 362,50 |  0,00 | 639,135 | 34,51 | 34,51 | 1298,333 |   NaN | NaN | 0,00 | 0,00 | NaN
  10 |  5,27 | 274,017 | 755,43 | 797,50 | 759,73 |  0,00 | 1,405 | 44,35 | 44,35 |  0,00 | 11,027 | 359,94 | 359,94 | 11,73 | 1010,934 | 316,64 | 358,70 |  0,00 | 201,087 | 34,51 | 34,51 | 422,340 |   NaN | NaN | 0,00 | 0,00 | NaN
  11 |  5,40 | 260,902 | 753,61 | 796,63 | 757,88 |  0,00 | 1,345 | 44,35 | 44,35 |  0,00 | 1,941 | 357,02 | 357,02 | 11,93 | 875,167 | 317,73 | 360,75 |  0,00 | 1789,571 | 34,51 | 34,51 | 3599,320 |   NaN | NaN | 0,00 | 0,00 | NaN
  12 |  5,69 | 265,258 | 755,19 | 800,78 | 759,49 |  0,00 | 1,407 | 44,35 | 44,35 |  0,00 | 2,062 | 360,36 | 360,36 | 12,61 | 938,504 | 315,97 | 361,56 |  0,00 | 1085,757 | 34,51 | 34,51 | 2191,565 |   NaN | NaN | 0,00 | 0,00 | NaN
  13 |  4,77 | 260,968 | 753,36 | 791,13 | 757,65 |  0,00 | 1,372 | 44,35 | 44,35 |  0,00 | 2,041 | 358,20 | 358,20 | 10,67 | 929,427 | 316,31 | 354,07 |  0,00 | 919,740 | 34,51 | 34,51 | 1859,559 |   NaN | NaN | 0,00 | 0,00 | NaN
  14 |  6,01 | 265,879 | 753,32 | 801,52 | 757,62 |  0,00 | 1,413 | 44,35 | 44,35 |  0,00 | 2,119 | 361,40 | 361,40 | 13,34 | 937,728 | 313,06 | 361,26 |  0,00 | 1259,065 | 34,51 | 34,51 | 2538,393 |   NaN | NaN | 0,00 | 0,00 | NaN
  15 |  5,31 | 274,954 | 753,36 | 795,60 | 757,64 |  0,00 | 1,407 | 44,35 | 44,35 |  0,00 | 3,007 | 354,53 | 354,53 | 11,66 | 998,128 | 319,97 | 362,21 |  0,00 | 425,353 | 34,51 | 34,51 | 870,797 |   NaN | NaN | 0,00 | 0,00 | NaN
  16 |  6,75 | 287,315 | 754,02 | 808,63 | 758,30 |  0,00 | 1,398 | 44,35 | 44,35 |  0,00 | 2,415 | 361,81 | 361,81 | 14,84 | 1048,217 | 313,35 | 367,96 |  0,00 | 756,819 | 34,51 | 34,51 | 1533,691 |   NaN | NaN | 0,00 | 0,00 | NaN
  17 |  5,91 | 277,120 | 753,85 | 801,19 | 758,16 |  0,00 | 1,411 | 44,35 | 44,35 |  0,00 | 2,105 | 362,59 | 362,59 | 13,16 | 1014,649 | 312,41 | 359,74 |  0,00 | 717,366 | 34,51 | 34,51 | 1454,873 |   NaN | NaN | 0,00 | 0,00 | NaN
  18 |  5,24 | 254,469 | 753,86 | 795,56 | 758,14 |  0,00 | 1,388 | 44,35 | 44,35 |  0,00 | 2,355 | 358,09 | 358,09 | 11,63 | 845,175 | 316,91 | 358,61 |  0,00 | 1925,585 | 34,51 | 34,51 | 3871,093 |   NaN | NaN | 0,00 | 0,00 | NaN
  19 |  4,44 | 253,041 | 754,64 | 789,68 | 758,93 |  0,00 | 1,379 | 44,35 | 44,35 |  0,00 | 1,868 | 354,08 | 354,08 |  9,82 | 850,365 | 321,70 | 356,74 |  0,00 | 1540,490 | 34,51 | 34,51 | 3101,079 |   NaN | NaN | 0,00 | 0,00 | NaN
  20 |  4,90 | 247,363 | 753,91 | 792,76 | 758,19 |  0,00 | 1,374 | 44,35 | 44,35 |  0,00 | 2,450 | 360,17 | 360,17 | 10,98 | 829,202 | 314,89 | 353,73 |  0,00 | 1822,137 | 34,51 | 34,51 | 3664,286 |   NaN | NaN | 0,00 | 0,00 | NaN
  21 |  4,25 | 255,126 | 753,96 | 787,46 | 758,24 |  0,00 | 1,379 | 44,35 | 44,35 |  0,00 | 4,491 | 355,59 | 355,59 |  9,49 | 930,641 | 319,51 | 353,01 |  0,00 | 315,017 | 34,51 | 34,51 | 650,141 |   NaN | NaN | 0,00 | 0,00 | NaN
  22 |  6,14 | 273,524 | 755,01 | 804,43 | 759,33 |  0,00 | 1,417 | 44,35 | 44,35 |  0,00 | 2,061 | 366,43 | 366,43 | 13,76 | 974,635 | 309,73 | 359,14 |  0,00 | 1329,957 | 34,51 | 34,51 | 2679,991 |   NaN | NaN | 0,00 | 0,00 | NaN
  23 |  5,61 | 265,980 | 754,96 | 799,83 | 759,26 |  0,00 | 1,399 | 44,35 | 44,35 |  0,00 | 2,088 | 360,63 | 360,63 | 12,45 | 907,607 | 315,47 | 360,34 |  0,00 | 1687,228 | 34,51 | 34,51 | 3394,512 |   NaN | NaN | 0,00 | 0,00 | NaN
  24 |  6,02 | 271,663 | 754,61 | 802,96 | 758,89 |  0,00 | 1,361 | 44,35 | 44,35 |  0,00 | 2,023 | 360,75 | 360,75 | 13,31 | 974,002 | 315,00 | 363,35 |  0,00 | 931,480 | 34,51 | 34,51 | 1883,012 |   NaN | NaN | 0,00 | 0,00 | NaN
  25 |  6,10 | 287,167 | 754,44 | 803,40 | 758,75 |  0,00 | 1,418 | 44,35 | 44,35 |  0,00 | 2,556 | 358,60 | 358,60 | 13,38 | 1051,507 | 316,97 | 365,94 |  0,00 | 489,619 | 34,51 | 34,51 | 999,307 |   NaN | NaN | 0,00 | 0,00 | NaN
  26 |  5,15 | 275,122 | 754,46 | 795,40 | 758,76 |  0,00 | 1,415 | 44,35 | 44,35 |  0,00 | 3,697 | 359,09 | 359,09 | 11,45 | 1011,201 | 316,51 | 357,45 |  0,00 | 400,494 | 34,51 | 34,51 | 821,168 |   NaN | NaN | 0,00 | 0,00 | NaN
  27 |  5,19 | 250,361 | 754,77 | 796,08 | 759,05 |  0,00 | 1,341 | 44,35 | 44,35 |  0,00 | 1,848 | 361,89 | 361,89 | 11,63 | 837,045 | 314,02 | 355,34 |  0,00 | 1948,100 | 34,51 | 34,51 | 3916,317 |   NaN | NaN | 0,00 | 0,00 | NaN
  28 |  4,54 | 255,897 | 754,40 | 790,30 | 758,70 |  0,00 | 1,408 | 44,35 | 44,35 |  0,00 | 1,872 | 359,24 | 359,24 | 10,19 | 866,400 | 316,30 | 352,20 |  0,00 | 1696,151 | 34,51 | 34,51 | 3412,300 |   NaN | NaN | 0,00 | 0,00 | NaN
  29 |  5,73 | 262,653 | 754,31 | 800,19 | 758,60 |  0,00 | 1,387 | 44,35 | 44,35 |  0,00 | 1,804 | 360,57 | 360,57 | 12,72 | 891,835 | 314,88 | 360,76 |  0,00 | 1761,207 | 34,51 | 34,51 | 3542,530 |   NaN | NaN | 0,00 | 0,00 | NaN
  30 |  5,15 | 255,394 | 754,59 | 795,56 | 758,90 |  0,00 | 1,417 | 44,35 | 44,35 |  0,00 | 1,961 | 358,23 | 358,23 | 11,43 | 851,169 | 317,50 | 358,47 |  0,00 | 1872,337 | 34,51 | 34,51 | 3764,705 |   NaN | NaN | 0,00 | 0,00 | NaN
  31 |  5,07 | 258,749 | 755,16 | 795,46 | 759,46 |  0,00 | 1,384 | 44,35 | 44,35 |  0,00 | 2,001 | 360,47 | 360,47 | 11,32 | 878,897 | 315,83 | 356,13 |  0,00 | 1694,379 | 34,51 | 34,51 | 3408,674 |   NaN | NaN | 0,00 | 0,00 | NaN
  32 |  5,66 | 259,547 | 755,48 | 800,82 | 759,76 |  0,00 | 1,341 | 44,35 | 44,35 |  0,00 | 2,382 | 360,66 | 360,66 | 12,55 | 875,729 | 315,96 | 361,30 |  0,00 | 1794,260 | 34,51 | 34,51 | 3608,684 |   NaN | NaN | 0,00 | 0,00 | NaN
  33 |  5,10 | 250,452 | 754,02 | 794,58 | 758,30 |  0,00 | 1,406 | 44,35 | 44,35 |  0,00 | 2,374 | 356,95 | 356,95 | 11,30 | 831,576 | 318,21 | 358,77 |  0,00 | 1839,023 | 34,51 | 34,51 | 3698,197 |   NaN | NaN | 0,00 | 0,00 | NaN
  34 |  5,25 | 254,575 | 754,79 | 796,58 | 759,08 |  0,00 | 1,397 | 44,35 | 44,35 |  0,00 | 1,884 | 359,11 | 359,11 | 11,65 | 842,344 | 316,83 | 358,61 |  0,00 | 2007,922 | 34,51 | 34,51 | 4036,002 |   NaN | NaN | 0,00 | 0,00 | NaN
  35 |  6,06 | 262,798 | 753,58 | 802,21 | 757,84 |  0,00 | 1,347 | 44,35 | 44,35 |  0,00 | 1,820 | 362,19 | 362,19 | 13,46 | 880,218 | 312,53 | 361,16 |  0,00 | 2075,783 | 34,51 | 34,51 | 4171,650 |   NaN | NaN | 0,00 | 0,00 | NaN
  36 |  5,21 | 248,172 | 754,61 | 796,11 | 758,91 |  0,00 | 1,400 | 44,35 | 44,35 |  0,00 | 1,921 | 356,29 | 356,29 | 11,50 | 813,277 | 319,45 | 360,96 |  0,00 | 1972,437 | 34,51 | 34,51 | 3964,922 |   NaN | NaN | 0,00 | 0,00 | NaN
  37 |  6,15 | 264,066 | 755,57 | 805,08 | 759,86 |  0,00 | 1,382 | 44,35 | 44,35 |  0,00 | 2,012 | 365,72 | 365,72 | 13,73 | 907,689 | 311,00 | 360,50 |  0,00 | 1794,709 | 34,51 | 34,51 | 3609,594 |   NaN | NaN | 0,00 | 0,00 | NaN
  38 |  6,02 | 263,791 | 754,99 | 803,33 | 759,28 |  0,00 | 1,374 | 44,35 | 44,35 |  0,00 | 1,621 | 361,82 | 361,82 | 13,33 | 891,565 | 314,31 | 362,66 |  0,00 | 1887,926 | 34,51 | 34,51 | 3795,874 |   NaN | NaN | 0,00 | 0,00 | NaN
  39 |  4,16 | 247,603 | 755,12 | 787,93 | 759,45 |  0,00 | 1,417 | 44,35 | 44,35 |  0,00 | 1,647 | 356,48 | 356,48 |  9,30 | 818,986 | 319,79 | 352,59 |  0,00 | 1831,596 | 34,51 | 34,51 | 3683,302 |   NaN | NaN | 0,00 | 0,00 | NaN
  40 |  4,61 | 249,550 | 753,67 | 790,11 | 757,98 |  0,00 | 1,417 | 44,35 | 44,35 |  0,00 | 1,783 | 359,55 | 359,55 | 10,36 | 830,186 | 315,26 | 351,69 |  0,00 | 1943,834 | 34,51 | 34,51 | 3907,629 |   NaN | NaN | 0,00 | 0,00 | NaN
  41 |  6,02 | 260,998 | 752,90 | 801,13 | 757,19 |  0,00 | 1,400 | 44,35 | 44,35 |  0,00 | 1,827 | 356,69 | 356,69 | 13,19 | 879,723 | 317,36 | 365,59 |  0,00 | 1728,630 | 34,51 | 34,51 | 3477,335 |   NaN | NaN | 0,00 | 0,00 | NaN
  42 |  6,04 | 263,558 | 755,36 | 803,92 | 759,63 |  0,00 | 1,346 | 44,35 | 44,35 |  0,00 | 1,790 | 362,22 | 362,22 | 13,38 | 898,115 | 314,28 | 362,84 |  0,00 | 1762,107 | 34,51 | 34,51 | 3544,443 |   NaN | NaN | 0,00 | 0,00 | NaN
  43 |  6,79 | 272,240 | 754,62 | 809,55 | 758,94 |  0,00 | 1,425 | 44,35 | 44,35 |  0,00 | 1,980 | 365,56 | 365,56 | 15,04 | 937,918 | 310,20 | 365,13 |  0,00 | 1834,302 | 34,51 | 34,51 | 3688,605 |   NaN | NaN | 0,00 | 0,00 | NaN
  44 |  5,88 | 270,420 | 754,80 | 801,97 | 759,08 |  0,00 | 1,337 | 44,35 | 44,35 |  0,00 | 2,502 | 359,64 | 359,64 | 12,98 | 919,828 | 316,30 | 363,47 |  0,00 | 1718,550 | 34,51 | 34,51 | 3457,090 |   NaN | NaN | 0,00 | 0,00 | NaN
  45 |  5,22 | 255,493 | 755,10 | 796,73 | 759,40 |  0,00 | 1,421 | 44,35 | 44,35 |  0,00 | 1,760 | 363,31 | 363,31 | 11,74 | 871,493 | 312,94 | 354,56 |  0,00 | 1752,026 | 34,51 | 34,51 | 3524,110 |   NaN | NaN | 0,00 | 0,00 | NaN
  46 |  5,58 | 261,990 | 754,55 | 799,11 | 758,83 |  0,00 | 1,360 | 44,35 | 44,35 |  0,00 | 2,053 | 358,37 | 358,37 | 12,31 | 879,409 | 317,32 | 361,88 |  0,00 | 1817,013 | 34,51 | 34,51 | 3654,094 |   NaN | NaN | 0,00 | 0,00 | NaN
  47 |  5,26 | 260,688 | 754,61 | 796,53 | 758,89 |  0,00 | 1,358 | 44,35 | 44,35 |  0,00 | 1,972 | 360,48 | 360,48 | 11,74 | 888,439 | 315,27 | 357,19 |  0,00 | 1679,040 | 34,51 | 34,51 | 3377,986 |   NaN | NaN | 0,00 | 0,00 | NaN
  48 |  5,27 | 265,101 | 754,10 | 796,05 | 758,37 |  0,00 | 1,387 | 44,35 | 44,35 |  0,00 | 1,530 | 358,76 | 358,76 | 11,71 | 899,495 | 316,47 | 358,43 |  0,00 | 1715,291 | 34,51 | 34,51 | 3450,555 |   NaN | NaN | 0,00 | 0,00 | NaN
  49 |  5,16 | 255,114 | 754,97 | 796,03 | 759,26 |  0,00 | 1,400 | 44,35 | 44,35 |  0,00 | 1,791 | 360,48 | 360,48 | 11,51 | 866,532 | 315,63 | 356,69 |  0,00 | 1681,887 | 34,51 | 34,51 | 3383,723 |   NaN | NaN | 0,00 | 0,00 | NaN
  50 |  5,79 | 262,905 | 754,66 | 801,07 | 758,93 |  0,00 | 1,354 | 44,35 | 44,35 |  0,00 | 1,801 | 363,28 | 363,28 | 12,93 | 896,248 | 312,52 | 358,93 |  0,00 | 1825,885 | 34,51 | 34,51 | 3671,807 |   NaN | NaN | 0,00 | 0,00 | NaN
  51 |  5,59 | 260,509 | 754,62 | 799,30 | 758,91 |  0,00 | 1,352 | 44,35 | 44,35 |  0,00 | 2,139 | 359,49 | 359,49 | 12,38 | 882,076 | 316,27 | 360,95 |  0,00 | 1725,745 | 34,51 | 34,51 | 3471,634 |   NaN | NaN | 0,00 | 0,00 | NaN
  52 |  5,39 | 254,441 | 753,65 | 796,55 | 757,94 |  0,00 | 1,379 | 44,35 | 44,35 |  0,00 | 2,323 | 354,95 | 354,95 | 11,83 | 847,669 | 319,84 | 362,74 |  0,00 | 1744,709 | 34,51 | 34,51 | 3509,504 |   NaN | NaN | 0,00 | 0,00 | NaN
  53 |  5,64 | 260,146 | 754,24 | 799,35 | 758,53 |  0,00 | 1,366 | 44,35 | 44,35 |  0,00 | 2,237 | 361,66 | 361,66 | 12,57 | 882,903 | 313,73 | 358,84 |  0,00 | 1800,651 | 34,51 | 34,51 | 3621,484 |   NaN | NaN | 0,00 | 0,00 | NaN
  54 |  4,73 | 253,052 | 755,12 | 792,61 | 759,41 |  0,00 | 1,368 | 44,35 | 44,35 |  0,00 | 1,853 | 359,43 | 359,43 | 10,58 | 851,303 | 316,83 | 354,32 |  0,00 | 1755,894 | 34,51 | 34,51 | 3531,975 |   NaN | NaN | 0,00 | 0,00 | NaN
  55 |  5,06 | 253,824 | 755,49 | 795,72 | 759,77 |  0,00 | 1,353 | 44,35 | 44,35 |  0,00 | 1,550 | 356,84 | 356,84 | 11,18 | 839,326 | 319,79 | 360,03 |  0,00 | 1892,973 | 34,51 | 34,51 | 3805,946 |   NaN | NaN | 0,00 | 0,00 | NaN
  56 |  4,96 | 255,852 | 754,56 | 793,96 | 758,85 |  0,00 | 1,359 | 44,35 | 44,35 |  0,00 | 1,939 | 356,90 | 356,90 | 11,00 | 857,767 | 318,80 | 358,20 |  0,00 | 1723,591 | 34,51 | 34,51 | 3467,335 |   NaN | NaN | 0,00 | 0,00 | NaN
  57 |  5,47 | 254,080 | 754,79 | 798,47 | 759,09 |  0,00 | 1,356 | 44,35 | 44,35 |  0,00 | 1,711 | 358,50 | 358,50 | 12,09 | 856,900 | 317,43 | 361,11 |  0,00 | 1694,188 | 34,51 | 34,51 | 3408,417 |   NaN | NaN | 0,00 | 0,00 | NaN
  58 |  5,51 | 267,279 | 754,21 | 798,17 | 758,50 |  0,00 | 1,385 | 44,35 | 44,35 |  0,00 | 2,453 | 359,67 | 359,67 | 12,22 | 909,937 | 315,68 | 359,64 |  0,00 | 1698,080 | 34,51 | 34,51 | 3416,242 |   NaN | NaN | 0,00 | 0,00 | NaN
  59 |  6,10 | 266,974 | 755,22 | 804,25 | 759,49 |  0,00 | 1,404 | 44,35 | 44,35 |  0,00 | 1,582 | 359,76 | 359,76 | 13,41 | 890,891 | 316,60 | 365,63 |  0,00 | 1994,262 | 34,51 | 34,51 | 4008,756 |   NaN | NaN | 0,00 | 0,00 | NaN
  60 |  5,60 | 262,433 | 754,27 | 799,02 | 758,53 |  0,00 | 1,339 | 44,35 | 44,35 |  0,00 | 2,207 | 359,93 | 359,93 | 12,42 | 890,816 | 315,48 | 360,23 |  0,00 | 1728,935 | 34,51 | 34,51 | 3477,943 |   NaN | NaN | 0,00 | 0,00 | NaN
  61 |  6,03 | 265,069 | 754,51 | 802,92 | 758,80 |  0,00 | 1,361 | 44,35 | 44,35 |  0,00 | 2,044 | 361,57 | 361,57 | 13,35 | 900,756 | 314,08 | 362,49 |  0,00 | 1809,384 | 34,51 | 34,51 | 3638,905 |   NaN | NaN | 0,00 | 0,00 | NaN
  62 |  5,95 | 264,801 | 754,46 | 802,19 | 758,79 |  0,00 | 1,423 | 44,35 | 44,35 |  0,00 | 1,747 | 362,14 | 362,14 | 13,22 | 907,004 | 313,46 | 361,19 |  0,00 | 1715,592 | 34,51 | 34,51 | 3451,168 |   NaN | NaN | 0,00 | 0,00 | NaN
  63 |  5,66 | 263,077 | 754,32 | 799,60 | 758,60 |  0,00 | 1,378 | 44,35 | 44,35 |  0,00 | 2,198 | 362,08 | 362,08 | 12,62 | 891,244 | 313,38 | 358,66 |  0,00 | 1867,094 | 34,51 | 34,51 | 3754,256 |   NaN | NaN | 0,00 | 0,00 | NaN
  64 |  4,82 | 248,579 | 754,45 | 792,69 | 758,76 |  0,00 | 1,421 | 44,35 | 44,35 |  0,00 | 2,066 | 358,28 | 358,28 | 10,76 | 832,058 | 317,31 | 355,55 |  0,00 | 1757,049 | 34,51 | 34,51 | 3534,069 |   NaN | NaN | 0,00 | 0,00 | NaN

= = = = = = = = = = = = AVERAGE RESULTS system = = = = = = = = = = = =
meanPLR_system | 5,497862 
meanDelay_system | 263,249844 
meanLoad_system | 798,430288 
meanTHR_system | 754,508712 
meanGate_system | 758,800678 

meanPLR_EF_system | 0,000000 
meanPLR_AF_system | 0,000000 
meanPLR_BE_system | 12,208555 
meanPLR_FLA_system | 0,000000 
meanPLR_FLB_system | NaN 

meanTHR_EF_system | 44,352002 
meanTHR_AF_system | 360,078303 
meanTHR_BE_system | 315,571698 
meanTHR_FLA_system | 35,079858 
meanTHR_FLB_system | 0,000000 

meanLoad_EF_system | 44,352002 
meanLoad_AF_system | 360,078303 
meanLoad_BE_system | 359,493274 
meanLoad_FLA_system | 35,079858 
meanLoad_FLB_system | 0,000000 

meanDELAY_EF_system | 1,382967 
meanDELAY_AF_system | 2,551192 
meanDELAY_BE_system | 910,138971 
meanDELAY_FLA_system | 1447,396189 
meanDELAY_FLB_system | NaN 
meanDELAY_CompleteFLA_system | 2914,864131 
meanDELAY_CompleteFLB_system | NaN 

= = = = = = = = = = = = AVERAGE RESULTS = = = = = = = = = = = =
Packet Loss Ratio: 05,50 (%)
PROCESSED PACKAGES: 2211902847 
DISCARTED PACKAGES: 80502379 
TOTAL PACKAGES: 2292405226 
AVERAGE DELAY: 49549,98 (ms) 
AVERAGE THROUGHPUT: 754,51 (Mbps) 
GRANTED THROUGHPUT: 48563,24 (Mbps) By 64 ONUs
EFFECTIVE THROUGHPUT: 48288,56 (Mbps) By 64 ONUs
TOTAL LOAD: 51099,54 (Mbps) By 64 ONUs
ON Arrival THROUGHPUT: 0,00 (Mbps) By 64 ONUs
FINISHTIMEFL: 180,616467 
FINISHTIME: 183,616467 


fileName | IPACT_LBCONSTANTTOKENSBYCYCLE_4_30_96_0 
