
ONU ID 	|  PLR(%) | Delay(ms) | Throughput(Mbps) | Granted Throughput(Mbps) | Total Load (Mbps) 

  ID |  PLR(%) |  D  | Thr |  Gates  |  Load  | PLR-EF | D-EF | ThrEF | LoadEF | PLR-AF | D-AF | ThrAF | LoadAF | PLR-BE | D-BE | ThrBE | LoadBE | PLR-FA | D-FA | ThrFA | LoadFA | DTFA |  PLR-FB | D-FB | ThrFB | LoadFB | DTFB | 
   1 |  0,00 | 2,434 | 715,18 | 715,18 | 728,81 |  0,00 | 0,603 | 44,35 | 44,35 |  0,00 | 1,466 | 324,22 | 324,22 |  0,00 | 4,667 | 318,21 | 318,21 |  0,00 | 37,419 | 28,40 | 28,40 | 99,475 |   NaN | NaN | 0,00 | 0,00 | NaN
   2 |  0,00 | 3,733 | 713,08 | 713,08 | 728,28 |  0,00 | 0,615 | 44,35 | 44,35 |  0,00 | 2,320 | 322,91 | 322,91 |  0,00 | 7,570 | 317,41 | 317,41 |  0,00 | 57,546 | 28,40 | 28,40 | 136,571 |   NaN | NaN | 0,00 | 0,00 | NaN
   3 |  0,00 | 2,890 | 706,93 | 706,93 | 719,95 |  0,00 | 0,551 | 44,35 | 44,35 |  0,00 | 2,291 | 316,28 | 316,28 |  0,00 | 4,428 | 317,90 | 317,90 |  0,00 | 61,323 | 28,40 | 28,40 | 138,403 |   NaN | NaN | 0,00 | 0,00 | NaN
   4 |  0,00 | 1,892 | 714,56 | 714,56 | 727,54 |  0,00 | 0,557 | 44,35 | 44,35 |  0,00 | 1,259 | 322,63 | 322,63 |  0,00 | 3,084 | 319,18 | 319,18 |  0,00 | 34,908 | 28,40 | 28,40 | 91,328 |   NaN | NaN | 0,00 | 0,00 | NaN
   5 |  0,00 | 5,862 | 706,29 | 706,29 | 719,35 |  0,00 | 0,582 | 44,35 | 44,35 |  0,00 | 5,010 | 317,72 | 317,72 |  0,00 | 10,863 | 315,82 | 315,82 |  0,00 | 95,747 | 28,40 | 28,40 | 204,737 |   NaN | NaN | 0,00 | 0,00 | NaN
   6 |  0,00 | 2,579 | 712,64 | 712,64 | 725,61 |  0,00 | 0,530 | 44,35 | 44,35 |  0,00 | 1,602 | 320,99 | 320,99 |  0,00 | 4,762 | 318,90 | 318,90 |  0,00 | 45,741 | 28,40 | 28,40 | 108,972 |   NaN | NaN | 0,00 | 0,00 | NaN
   7 |  0,00 | 2,726 | 710,27 | 710,27 | 723,27 |  0,00 | 0,549 | 44,35 | 44,35 |  0,00 | 1,984 | 318,40 | 318,40 |  0,00 | 4,625 | 319,12 | 319,12 |  0,00 | 51,016 | 28,40 | 28,40 | 123,722 |   NaN | NaN | 0,00 | 0,00 | NaN
   8 |  0,00 | 2,493 | 715,84 | 715,84 | 729,24 |  0,00 | 0,599 | 44,35 | 44,35 |  0,00 | 1,786 | 320,78 | 320,78 |  0,00 | 4,314 | 322,32 | 322,32 |  0,00 | 41,995 | 28,40 | 28,40 | 105,766 |   NaN | NaN | 0,00 | 0,00 | NaN
   9 |  0,00 | 1,920 | 712,29 | 712,29 | 725,26 |  0,00 | 0,539 | 44,35 | 44,35 |  0,00 | 1,181 | 319,57 | 319,57 |  0,00 | 3,300 | 319,97 | 319,97 |  0,00 | 34,542 | 28,40 | 28,40 | 90,778 |   NaN | NaN | 0,00 | 0,00 | NaN
  10 |  0,00 | 2,409 | 710,76 | 710,76 | 724,17 |  0,00 | 0,600 | 44,35 | 44,35 |  0,00 | 1,553 | 320,38 | 320,38 |  0,00 | 4,172 | 317,63 | 317,63 |  0,00 | 43,964 | 28,40 | 28,40 | 107,510 |   NaN | NaN | 0,00 | 0,00 | NaN
  11 |  0,00 | 16,297 | 709,82 | 709,82 | 722,83 |  0,00 | 0,539 | 44,35 | 44,35 |  0,00 | 6,820 | 317,94 | 317,94 |  0,00 | 46,302 | 319,13 | 319,13 |  0,00 | 108,103 | 28,40 | 28,40 | 243,023 |   NaN | NaN | 0,00 | 0,00 | NaN
  12 |  0,00 | 2,535 | 711,73 | 711,73 | 725,32 |  0,00 | 0,602 | 44,35 | 44,35 |  0,00 | 1,851 | 318,85 | 318,85 |  0,00 | 4,324 | 320,13 | 320,13 |  0,00 | 43,734 | 28,40 | 28,40 | 106,689 |   NaN | NaN | 0,00 | 0,00 | NaN
  13 |  0,00 | 3,268 | 702,04 | 702,04 | 715,07 |  0,00 | 0,566 | 44,35 | 44,35 |  0,00 | 2,389 | 316,72 | 316,72 |  0,00 | 5,780 | 312,57 | 312,57 |  0,00 | 60,068 | 28,40 | 28,40 | 141,215 |   NaN | NaN | 0,00 | 0,00 | NaN
  14 |  0,00 | 5,596 | 714,59 | 714,59 | 728,79 |  0,00 | 0,608 | 44,35 | 44,35 |  0,00 | 4,439 | 320,00 | 320,00 |  0,00 | 10,374 | 321,83 | 321,83 |  0,00 | 95,081 | 28,40 | 28,40 | 202,236 |   NaN | NaN | 0,00 | 0,00 | NaN
  15 |  0,00 | 2,540 | 709,60 | 709,60 | 723,18 |  0,00 | 0,602 | 44,35 | 44,35 |  0,00 | 1,624 | 314,77 | 314,77 |  0,00 | 4,637 | 322,08 | 322,08 |  0,00 | 41,743 | 28,40 | 28,40 | 109,652 |   NaN | NaN | 0,00 | 0,00 | NaN
  16 |  0,00 | 2,304 | 718,17 | 718,17 | 731,32 |  0,00 | 0,593 | 44,35 | 44,35 |  0,00 | 1,426 | 320,87 | 320,87 |  0,00 | 4,199 | 324,54 | 324,54 |  0,00 | 37,479 | 28,40 | 28,40 | 95,563 |   NaN | NaN | 0,00 | 0,00 | NaN
  17 |  0,00 | 2,039 | 711,69 | 711,69 | 725,64 |  0,00 | 0,606 | 44,35 | 44,35 |  0,00 | 1,242 | 320,78 | 320,78 |  0,00 | 3,447 | 318,16 | 318,16 |  0,00 | 37,248 | 28,40 | 28,40 | 92,592 |   NaN | NaN | 0,00 | 0,00 | NaN
  18 |  0,00 | 5,025 | 708,04 | 708,04 | 721,09 |  0,00 | 0,583 | 44,35 | 44,35 |  0,00 | 2,858 | 318,56 | 318,56 |  0,00 | 11,380 | 316,73 | 316,73 |  0,00 | 65,960 | 28,40 | 28,40 | 155,757 |   NaN | NaN | 0,00 | 0,00 | NaN
  19 |  0,00 | 12,713 | 703,43 | 703,43 | 716,33 |  0,00 | 0,573 | 44,35 | 44,35 |  0,00 | 8,518 | 314,45 | 314,45 |  0,00 | 31,007 | 316,23 | 316,23 |  0,00 | 122,587 | 28,40 | 28,40 | 264,899 |   NaN | NaN | 0,00 | 0,00 | NaN
  20 |  0,00 | 13,642 | 703,20 | 703,20 | 716,24 |  0,00 | 0,569 | 44,35 | 44,35 |  0,00 | 6,125 | 318,20 | 318,20 |  0,00 | 38,244 | 312,24 | 312,24 |  0,00 | 100,138 | 28,40 | 28,40 | 227,378 |   NaN | NaN | 0,00 | 0,00 | NaN
  21 |  0,00 | 2,370 | 701,53 | 701,53 | 714,53 |  0,00 | 0,574 | 44,35 | 44,35 |  0,00 | 1,548 | 315,77 | 315,77 |  0,00 | 4,130 | 313,01 | 313,01 |  0,00 | 43,123 | 28,40 | 28,40 | 105,939 |   NaN | NaN | 0,00 | 0,00 | NaN
  22 |  0,00 | 7,632 | 713,94 | 713,94 | 728,77 |  0,00 | 0,612 | 44,35 | 44,35 |  0,00 | 6,881 | 324,06 | 324,06 |  0,00 | 14,773 | 317,13 | 317,13 |  0,00 | 108,456 | 28,40 | 28,40 | 231,752 |   NaN | NaN | 0,00 | 0,00 | NaN
  23 |  0,00 | 18,056 | 711,80 | 711,80 | 724,87 |  0,00 | 0,594 | 44,35 | 44,35 |  0,00 | 9,697 | 319,84 | 319,84 |  0,00 | 49,044 | 319,21 | 319,21 |  0,00 | 123,543 | 28,40 | 28,40 | 267,252 |   NaN | NaN | 0,00 | 0,00 | NaN
  24 |  0,00 | 3,330 | 715,70 | 715,70 | 728,73 |  0,00 | 0,556 | 44,35 | 44,35 |  0,00 | 2,380 | 320,46 | 320,46 |  0,00 | 5,984 | 322,49 | 322,49 |  0,00 | 59,594 | 28,40 | 28,40 | 140,582 |   NaN | NaN | 0,00 | 0,00 | NaN
  25 |  0,00 | 2,062 | 712,63 | 712,63 | 727,65 |  0,00 | 0,613 | 44,35 | 44,35 |  0,00 | 1,434 | 316,05 | 316,05 |  0,00 | 3,309 | 323,82 | 323,82 |  0,00 | 36,939 | 28,40 | 28,40 | 94,735 |   NaN | NaN | 0,00 | 0,00 | NaN
  26 |  0,00 | 2,547 | 708,05 | 708,05 | 722,50 |  0,00 | 0,610 | 44,35 | 44,35 |  0,00 | 1,928 | 318,81 | 318,81 |  0,00 | 3,795 | 316,49 | 316,49 |  0,00 | 54,231 | 28,40 | 28,40 | 125,498 |   NaN | NaN | 0,00 | 0,00 | NaN
  27 |  0,00 | 3,870 | 707,41 | 707,41 | 720,45 |  0,00 | 0,536 | 44,35 | 44,35 |  0,00 | 2,374 | 319,82 | 319,82 |  0,00 | 7,951 | 314,83 | 314,83 |  0,00 | 61,988 | 28,40 | 28,40 | 147,976 |   NaN | NaN | 0,00 | 0,00 | NaN
  28 |  0,00 | 15,804 | 704,34 | 704,34 | 717,82 |  0,00 | 0,602 | 44,35 | 44,35 |  0,00 | 8,597 | 317,79 | 317,79 |  0,00 | 42,361 | 313,80 | 313,80 |  0,00 | 123,378 | 28,40 | 28,40 | 267,510 |   NaN | NaN | 0,00 | 0,00 | NaN
  29 |  0,00 | 15,280 | 710,91 | 710,91 | 723,88 |  0,00 | 0,582 | 44,35 | 44,35 |  0,00 | 8,214 | 317,22 | 317,22 |  0,00 | 40,778 | 320,94 | 320,94 |  0,00 | 112,919 | 28,40 | 28,40 | 252,492 |   NaN | NaN | 0,00 | 0,00 | NaN
  30 |  0,00 | 8,237 | 708,79 | 708,79 | 723,61 |  0,00 | 0,612 | 44,35 | 44,35 |  0,00 | 4,165 | 317,73 | 317,73 |  0,00 | 20,957 | 318,30 | 318,30 |  0,00 | 80,548 | 28,40 | 28,40 | 187,956 |   NaN | NaN | 0,00 | 0,00 | NaN
  31 |  0,00 | 16,130 | 708,18 | 708,18 | 721,09 |  0,00 | 0,579 | 44,35 | 44,35 |  0,00 | 9,124 | 319,09 | 319,09 |  0,00 | 42,858 | 316,33 | 316,33 |  0,00 | 123,719 | 28,40 | 28,40 | 267,643 |   NaN | NaN | 0,00 | 0,00 | NaN
  32 |  0,00 | 13,619 | 712,63 | 712,63 | 725,65 |  0,00 | 0,535 | 44,35 | 44,35 |  0,00 | 6,756 | 319,40 | 319,40 |  0,00 | 36,684 | 320,48 | 320,48 |  0,00 | 106,307 | 28,40 | 28,40 | 239,356 |   NaN | NaN | 0,00 | 0,00 | NaN
  33 |  0,00 | 11,713 | 706,87 | 706,87 | 720,39 |  0,00 | 0,601 | 44,35 | 44,35 |  0,00 | 5,695 | 316,84 | 316,84 |  0,00 | 31,560 | 317,28 | 317,28 |  0,00 | 92,269 | 28,40 | 28,40 | 213,038 |   NaN | NaN | 0,00 | 0,00 | NaN
  34 |  0,00 | 2,281 | 709,43 | 709,43 | 722,54 |  0,00 | 0,592 | 44,35 | 44,35 |  0,00 | 1,521 | 317,64 | 317,64 |  0,00 | 3,845 | 319,03 | 319,03 |  0,00 | 41,693 | 28,40 | 28,40 | 109,238 |   NaN | NaN | 0,00 | 0,00 | NaN
  35 |  0,00 | 2,370 | 712,73 | 712,73 | 725,71 |  0,00 | 0,541 | 44,35 | 44,35 |  0,00 | 1,200 | 320,18 | 320,18 |  0,00 | 4,913 | 319,80 | 319,80 |  0,00 | 34,444 | 28,40 | 28,40 | 89,870 |   NaN | NaN | 0,00 | 0,00 | NaN
  36 |  0,00 | 4,151 | 707,70 | 707,70 | 720,99 |  0,00 | 0,594 | 44,35 | 44,35 |  0,00 | 2,297 | 316,21 | 316,21 |  0,00 | 9,218 | 318,74 | 318,74 |  0,00 | 54,918 | 28,40 | 28,40 | 134,642 |   NaN | NaN | 0,00 | 0,00 | NaN
  37 |  0,00 | 13,892 | 715,22 | 715,22 | 728,26 |  0,00 | 0,577 | 44,35 | 44,35 |  0,00 | 7,081 | 323,11 | 323,11 |  0,00 | 37,469 | 319,36 | 319,36 |  0,00 | 105,973 | 28,40 | 28,40 | 238,792 |   NaN | NaN | 0,00 | 0,00 | NaN
  38 |  0,00 | 8,699 | 715,54 | 715,54 | 728,55 |  0,00 | 0,569 | 44,35 | 44,35 |  0,00 | 4,386 | 321,14 | 321,14 |  0,00 | 22,605 | 321,64 | 321,64 |  0,00 | 75,852 | 28,40 | 28,40 | 176,122 |   NaN | NaN | 0,00 | 0,00 | NaN
  39 |  0,00 | 11,516 | 702,66 | 702,66 | 717,45 |  0,00 | 0,612 | 44,35 | 44,35 |  0,00 | 5,797 | 316,80 | 316,80 |  0,00 | 30,854 | 313,11 | 313,11 |  0,00 | 94,834 | 28,40 | 28,40 | 217,000 |   NaN | NaN | 0,00 | 0,00 | NaN
  40 |  0,00 | 4,045 | 702,95 | 702,95 | 717,78 |  0,00 | 0,612 | 44,35 | 44,35 |  0,00 | 2,850 | 317,68 | 317,68 |  0,00 | 7,938 | 312,52 | 312,52 |  0,00 | 63,364 | 28,40 | 28,40 | 150,367 |   NaN | NaN | 0,00 | 0,00 | NaN
  41 |  0,00 | 15,646 | 715,46 | 715,46 | 728,60 |  0,00 | 0,595 | 44,35 | 44,35 |  0,00 | 9,021 | 319,03 | 319,03 |  0,00 | 40,786 | 323,68 | 323,68 |  0,00 | 119,630 | 28,40 | 28,40 | 262,906 |   NaN | NaN | 0,00 | 0,00 | NaN
  42 |  0,00 | 16,587 | 713,35 | 713,35 | 726,29 |  0,00 | 0,541 | 44,35 | 44,35 |  0,00 | 8,071 | 319,96 | 319,96 |  0,00 | 45,770 | 320,64 | 320,64 |  0,00 | 113,459 | 28,40 | 28,40 | 253,461 |   NaN | NaN | 0,00 | 0,00 | NaN
  43 |  0,00 | 14,704 | 716,94 | 716,94 | 731,76 |  0,00 | 0,619 | 44,35 | 44,35 |  0,00 | 7,190 | 322,67 | 322,67 |  0,00 | 40,564 | 321,52 | 321,52 |  0,00 | 95,354 | 28,40 | 28,40 | 217,912 |   NaN | NaN | 0,00 | 0,00 | NaN
  44 |  0,00 | 16,854 | 712,94 | 712,94 | 725,81 |  0,00 | 0,531 | 44,35 | 44,35 |  0,00 | 9,045 | 319,53 | 319,53 |  0,00 | 45,403 | 320,65 | 320,65 |  0,00 | 121,203 | 28,40 | 28,40 | 265,178 |   NaN | NaN | 0,00 | 0,00 | NaN
  45 |  0,00 | 16,556 | 712,00 | 712,00 | 727,32 |  0,00 | 0,615 | 44,35 | 44,35 |  0,00 | 8,847 | 322,23 | 322,23 |  0,00 | 45,065 | 317,02 | 317,02 |  0,00 | 115,114 | 28,40 | 28,40 | 256,332 |   NaN | NaN | 0,00 | 0,00 | NaN
  46 |  0,00 | 14,198 | 710,17 | 710,17 | 723,20 |  0,00 | 0,555 | 44,35 | 44,35 |  0,00 | 6,980 | 318,39 | 318,39 |  0,00 | 38,885 | 319,03 | 319,03 |  0,00 | 100,477 | 28,40 | 28,40 | 228,056 |   NaN | NaN | 0,00 | 0,00 | NaN
  47 |  0,00 | 16,299 | 710,33 | 710,33 | 723,23 |  0,00 | 0,552 | 44,35 | 44,35 |  0,00 | 9,539 | 321,05 | 321,05 |  0,00 | 43,131 | 316,52 | 316,52 |  0,00 | 123,752 | 28,40 | 28,40 | 267,113 |   NaN | NaN | 0,00 | 0,00 | NaN
  48 |  0,00 | 15,132 | 708,00 | 708,00 | 720,94 |  0,00 | 0,582 | 44,35 | 44,35 |  0,00 | 9,460 | 318,00 | 318,00 |  0,00 | 38,887 | 317,25 | 317,25 |  0,00 | 121,618 | 28,40 | 28,40 | 265,780 |   NaN | NaN | 0,00 | 0,00 | NaN
  49 |  0,00 | 16,488 | 709,12 | 709,12 | 722,24 |  0,00 | 0,595 | 44,35 | 44,35 |  0,00 | 8,205 | 319,78 | 319,78 |  0,00 | 45,064 | 316,60 | 316,60 |  0,00 | 123,853 | 28,40 | 28,40 | 267,355 |   NaN | NaN | 0,00 | 0,00 | NaN
  50 |  0,00 | 13,107 | 712,00 | 712,00 | 725,05 |  0,00 | 0,549 | 44,35 | 44,35 |  0,00 | 7,018 | 321,93 | 321,93 |  0,00 | 35,315 | 317,31 | 317,31 |  0,00 | 95,840 | 28,40 | 28,40 | 218,545 |   NaN | NaN | 0,00 | 0,00 | NaN
  51 |  0,00 | 18,040 | 711,81 | 711,81 | 724,73 |  0,00 | 0,547 | 44,35 | 44,35 |  0,00 | 9,491 | 318,04 | 318,04 |  0,00 | 49,209 | 321,02 | 321,02 |  0,00 | 119,780 | 28,40 | 28,40 | 263,335 |   NaN | NaN | 0,00 | 0,00 | NaN
  52 |  0,00 | 14,801 | 706,96 | 706,96 | 719,89 |  0,00 | 0,573 | 44,35 | 44,35 |  0,00 | 7,988 | 314,59 | 314,59 |  0,00 | 39,137 | 319,62 | 319,62 |  0,00 | 116,998 | 28,40 | 28,40 | 259,382 |   NaN | NaN | 0,00 | 0,00 | NaN
  53 |  0,00 | 14,080 | 711,89 | 711,89 | 724,91 |  0,00 | 0,560 | 44,35 | 44,35 |  0,00 | 7,118 | 320,18 | 320,18 |  0,00 | 38,145 | 318,95 | 318,95 |  0,00 | 105,045 | 28,40 | 28,40 | 236,767 |   NaN | NaN | 0,00 | 0,00 | NaN
  54 |  0,00 | 16,010 | 706,98 | 706,98 | 719,93 |  0,00 | 0,563 | 44,35 | 44,35 |  0,00 | 8,643 | 319,01 | 319,01 |  0,00 | 43,452 | 315,22 | 315,22 |  0,00 | 114,855 | 28,40 | 28,40 | 255,818 |   NaN | NaN | 0,00 | 0,00 | NaN
  55 |  0,00 | 8,795 | 708,90 | 708,90 | 721,92 |  0,00 | 0,548 | 44,35 | 44,35 |  0,00 | 4,567 | 317,57 | 317,57 |  0,00 | 22,799 | 318,58 | 318,58 |  0,00 | 77,880 | 28,40 | 28,40 | 179,113 |   NaN | NaN | 0,00 | 0,00 | NaN
  56 |  0,00 | 15,650 | 707,56 | 707,56 | 720,45 |  0,00 | 0,554 | 44,35 | 44,35 |  0,00 | 8,470 | 316,62 | 316,62 |  0,00 | 41,754 | 318,18 | 318,18 |  0,00 | 120,554 | 28,40 | 28,40 | 264,225 |   NaN | NaN | 0,00 | 0,00 | NaN
  57 |  0,00 | 16,767 | 710,31 | 710,31 | 723,19 |  0,00 | 0,551 | 44,35 | 44,35 |  0,00 | 9,074 | 318,45 | 318,45 |  0,00 | 45,020 | 319,10 | 319,10 |  0,00 | 123,763 | 28,40 | 28,40 | 267,650 |   NaN | NaN | 0,00 | 0,00 | NaN
  58 |  0,00 | 15,853 | 710,15 | 710,15 | 723,04 |  0,00 | 0,580 | 44,35 | 44,35 |  0,00 | 8,948 | 317,93 | 317,93 |  0,00 | 41,777 | 319,47 | 319,47 |  0,00 | 123,258 | 28,40 | 28,40 | 267,122 |   NaN | NaN | 0,00 | 0,00 | NaN
  59 |  0,00 | 3,223 | 714,67 | 714,67 | 728,05 |  0,00 | 0,599 | 44,35 | 44,35 |  0,00 | 1,940 | 319,40 | 319,40 |  0,00 | 6,549 | 322,52 | 322,52 |  0,00 | 47,098 | 28,40 | 28,40 | 119,615 |   NaN | NaN | 0,00 | 0,00 | NaN
  60 |  0,00 | 18,667 | 709,50 | 709,50 | 722,39 |  0,00 | 0,533 | 44,35 | 44,35 |  0,00 | 9,107 | 318,84 | 318,84 |  0,00 | 52,231 | 317,91 | 317,91 |  0,00 | 119,812 | 28,40 | 28,40 | 263,148 |   NaN | NaN | 0,00 | 0,00 | NaN
  61 |  0,00 | 14,215 | 712,83 | 712,83 | 725,88 |  0,00 | 0,556 | 44,35 | 44,35 |  0,00 | 7,391 | 319,58 | 319,58 |  0,00 | 38,372 | 320,50 | 320,50 |  0,00 | 102,248 | 28,40 | 28,40 | 231,562 |   NaN | NaN | 0,00 | 0,00 | NaN
  62 |  0,00 | 16,908 | 713,00 | 713,00 | 728,59 |  0,00 | 0,618 | 44,35 | 44,35 |  0,00 | 9,805 | 320,45 | 320,45 |  0,00 | 44,782 | 319,79 | 319,79 |  0,00 | 121,654 | 28,40 | 28,40 | 265,408 |   NaN | NaN | 0,00 | 0,00 | NaN
  63 |  0,00 | 7,534 | 712,16 | 712,16 | 725,19 |  0,00 | 0,573 | 44,35 | 44,35 |  0,00 | 4,179 | 320,18 | 320,18 |  0,00 | 18,447 | 319,24 | 319,24 |  0,00 | 80,599 | 28,40 | 28,40 | 188,366 |   NaN | NaN | 0,00 | 0,00 | NaN
  64 |  0,00 | 13,923 | 706,36 | 706,36 | 721,85 |  0,00 | 0,616 | 44,35 | 44,35 |  0,00 | 8,432 | 315,53 | 315,53 |  0,00 | 35,704 | 318,08 | 318,08 |  0,00 | 114,517 | 28,40 | 28,40 | 255,268 |   NaN | NaN | 0,00 | 0,00 | NaN

= = = = = = = = = = = = AVERAGE RESULTS system = = = = = = = = = = = =
meanPLR_system | 0,000000 
meanDelay_system | 9,570937 
meanLoad_system | 710,352260 
meanTHR_system | 710,352260 
meanGate_system | 723,797118 

meanPLR_EF_system | 0,000000 
meanPLR_AF_system | 0,000000 
meanPLR_BE_system | 0,000000 
meanPLR_FLA_system | 0,000000 
meanPLR_FLB_system | NaN 

meanTHR_EF_system | 44,352003 
meanTHR_AF_system | 319,056641 
meanTHR_BE_system | 318,543541 
meanTHR_FLA_system | 28,815231 
meanTHR_FLB_system | 0,000000 

meanLoad_EF_system | 44,352003 
meanLoad_AF_system | 319,056641 
meanLoad_BE_system | 318,543541 
meanLoad_FLA_system | 28,815231 
meanLoad_FLB_system | 0,000000 

meanDELAY_EF_system | 0,577691 
meanDELAY_AF_system | 5,315592 
meanDELAY_BE_system | 24,511772 
meanDELAY_FLA_system | 84,887405 
meanDELAY_FLB_system | NaN 
meanDELAY_CompleteFLA_system | 192,553799 
meanDELAY_CompleteFLB_system | NaN 

= = = = = = = = = = = = AVERAGE RESULTS = = = = = = = = = = = =
Packet Loss Ratio: 00,00 (%)
PROCESSED PACKAGES: 2421309003 
DISCARTED PACKAGES: 0 
TOTAL PACKAGES: 2421309003 
AVERAGE DELAY: 1738,72 (ms) 
AVERAGE THROUGHPUT: 710,35 (Mbps) 
GRANTED THROUGHPUT: 46323,02 (Mbps) By 64 ONUs
EFFECTIVE THROUGHPUT: 45462,54 (Mbps) By 64 ONUs
TOTAL LOAD: 45462,54 (Mbps) By 64 ONUs
ON Arrival THROUGHPUT: 0,00 (Mbps) By 64 ONUs
FINISHTIMEFL: 205,224797 
FINISHTIME: 208,224797 


fileName | IPACT_STRICTPRIORITY_5_28_85_0 
