
ONU ID 	|  PLR(%) | Delay(ms) | Throughput(Mbps) | Granted Throughput(Mbps) | Total Load (Mbps) 

  ID |  PLR(%) |  D  | Thr |  Gates  |  Load  | PLR-EF | D-EF | ThrEF | LoadEF | PLR-AF | D-AF | ThrAF | LoadAF | PLR-BE | D-BE | ThrBE | LoadBE | PLR-FA | D-FA | ThrFA | LoadFA | DTFA |  PLR-FB | D-FB | ThrFB | LoadFB | DTFB | 
   1 |  0,00 | 1,074 | 677,41 | 677,41 | 699,38 |  0,00 | 0,367 | 44,35 | 44,35 |  0,00 | 0,859 | 305,04 | 305,04 |  0,00 | 1,277 | 299,53 | 299,53 |  0,00 | 25,009 | 28,50 | 28,50 | 74,096 |   NaN | NaN | 0,00 | 0,00 | NaN
   2 |  0,00 | 1,450 | 675,74 | 675,74 | 700,14 |  0,00 | 0,379 | 44,35 | 44,35 |  0,00 | 1,095 | 303,92 | 303,92 |  0,00 | 1,832 | 298,97 | 298,97 |  0,00 | 36,741 | 28,50 | 28,50 | 95,121 |   NaN | NaN | 0,00 | 0,00 | NaN
   3 |  0,00 | 1,128 | 669,87 | 669,87 | 690,54 |  0,00 | 0,315 | 44,35 | 44,35 |  0,00 | 0,789 | 297,75 | 297,75 |  0,00 | 1,283 | 299,28 | 299,28 |  0,00 | 31,845 | 28,50 | 28,50 | 80,319 |   NaN | NaN | 0,00 | 0,00 | NaN
   4 |  0,00 | 0,903 | 676,38 | 676,38 | 697,11 |  0,00 | 0,321 | 44,35 | 44,35 |  0,00 | 0,680 | 303,26 | 303,26 |  0,00 | 1,005 | 300,27 | 300,27 |  0,00 | 22,789 | 28,50 | 28,50 | 66,684 |   NaN | NaN | 0,00 | 0,00 | NaN
   5 |  0,00 | 0,977 | 669,46 | 669,46 | 690,24 |  0,00 | 0,346 | 44,35 | 44,35 |  0,00 | 0,751 | 299,39 | 299,39 |  0,00 | 1,092 | 297,23 | 297,23 |  0,00 | 24,185 | 28,50 | 28,50 | 71,833 |   NaN | NaN | 0,00 | 0,00 | NaN
   6 |  0,00 | 0,994 | 675,05 | 675,05 | 695,74 |  0,00 | 0,295 | 44,35 | 44,35 |  0,00 | 0,676 | 302,28 | 302,28 |  0,00 | 1,300 | 299,92 | 299,92 |  0,00 | 24,602 | 28,50 | 28,50 | 70,293 |   NaN | NaN | 0,00 | 0,00 | NaN
   7 |  0,00 | 1,146 | 673,26 | 673,26 | 693,89 |  0,00 | 0,313 | 44,35 | 44,35 |  0,00 | 0,768 | 299,85 | 299,85 |  0,00 | 1,413 | 300,57 | 300,57 |  0,00 | 31,117 | 28,50 | 28,50 | 82,965 |   NaN | NaN | 0,00 | 0,00 | NaN
   8 |  0,00 | 0,955 | 678,22 | 678,22 | 699,79 |  0,00 | 0,363 | 44,35 | 44,35 |  0,00 | 0,751 | 302,03 | 302,03 |  0,00 | 0,952 | 303,34 | 303,34 |  0,00 | 24,812 | 28,50 | 28,50 | 70,808 |   NaN | NaN | 0,00 | 0,00 | NaN
   9 |  0,00 | 0,955 | 674,78 | 674,78 | 695,46 |  0,00 | 0,303 | 44,35 | 44,35 |  0,00 | 0,701 | 300,63 | 300,63 |  0,00 | 1,160 | 301,30 | 301,30 |  0,00 | 23,695 | 28,50 | 28,50 | 69,341 |   NaN | NaN | 0,00 | 0,00 | NaN
  10 |  0,00 | 1,116 | 672,92 | 672,92 | 694,46 |  0,00 | 0,364 | 44,35 | 44,35 |  0,00 | 0,849 | 301,36 | 301,36 |  0,00 | 1,177 | 298,72 | 298,72 |  0,00 | 30,268 | 28,50 | 28,50 | 78,626 |   NaN | NaN | 0,00 | 0,00 | NaN
  11 |  0,00 | 6,160 | 672,21 | 672,21 | 692,86 |  0,00 | 0,304 | 44,35 | 44,35 |  0,00 | 4,088 | 299,12 | 299,12 |  0,00 | 13,945 | 300,23 | 300,23 |  0,00 | 87,937 | 28,50 | 28,50 | 204,630 |   NaN | NaN | 0,00 | 0,00 | NaN
  12 |  0,00 | 0,963 | 673,97 | 673,97 | 695,82 |  0,00 | 0,366 | 44,35 | 44,35 |  0,00 | 0,767 | 300,04 | 300,04 |  0,00 | 0,995 | 301,08 | 301,08 |  0,00 | 24,146 | 28,50 | 28,50 | 70,166 |   NaN | NaN | 0,00 | 0,00 | NaN
  13 |  0,00 | 1,329 | 665,24 | 665,24 | 685,83 |  0,00 | 0,331 | 44,35 | 44,35 |  0,00 | 1,022 | 298,31 | 298,31 |  0,00 | 1,471 | 294,09 | 294,09 |  0,00 | 37,958 | 28,50 | 28,50 | 97,326 |   NaN | NaN | 0,00 | 0,00 | NaN
  14 |  0,00 | 1,015 | 676,92 | 676,92 | 699,74 |  0,00 | 0,372 | 44,35 | 44,35 |  0,00 | 0,761 | 301,26 | 301,26 |  0,00 | 0,974 | 302,82 | 302,82 |  0,00 | 28,323 | 28,50 | 28,50 | 74,915 |   NaN | NaN | 0,00 | 0,00 | NaN
  15 |  0,00 | 1,031 | 672,08 | 672,08 | 693,91 |  0,00 | 0,366 | 44,35 | 44,35 |  0,00 | 0,818 | 296,21 | 296,21 |  0,00 | 1,161 | 303,03 | 303,03 |  0,00 | 24,815 | 28,50 | 28,50 | 73,255 |   NaN | NaN | 0,00 | 0,00 | NaN
  16 |  0,00 | 0,959 | 680,50 | 680,50 | 701,57 |  0,00 | 0,357 | 44,35 | 44,35 |  0,00 | 0,709 | 302,08 | 302,08 |  0,00 | 1,051 | 305,57 | 305,57 |  0,00 | 24,174 | 28,50 | 28,50 | 69,996 |   NaN | NaN | 0,00 | 0,00 | NaN
  17 |  0,00 | 0,954 | 674,34 | 674,34 | 696,84 |  0,00 | 0,370 | 44,35 | 44,35 |  0,00 | 0,729 | 301,91 | 301,91 |  0,00 | 0,985 | 299,58 | 299,58 |  0,00 | 24,278 | 28,50 | 28,50 | 68,754 |   NaN | NaN | 0,00 | 0,00 | NaN
  18 |  0,00 | 1,763 | 670,42 | 670,42 | 691,09 |  0,00 | 0,347 | 44,35 | 44,35 |  0,00 | 1,320 | 299,55 | 299,55 |  0,00 | 2,573 | 298,02 | 298,02 |  0,00 | 41,815 | 28,50 | 28,50 | 102,280 |   NaN | NaN | 0,00 | 0,00 | NaN
  19 |  0,00 | 4,378 | 666,25 | 666,25 | 686,95 |  0,00 | 0,338 | 44,35 | 44,35 |  0,00 | 4,173 | 295,90 | 295,90 |  0,00 | 6,681 | 297,51 | 297,51 |  0,00 | 97,822 | 28,50 | 28,50 | 205,854 |   NaN | NaN | 0,00 | 0,00 | NaN
  20 |  0,00 | 5,255 | 666,06 | 666,06 | 686,67 |  0,00 | 0,333 | 44,35 | 44,35 |  0,00 | 3,855 | 299,35 | 299,35 |  0,00 | 11,451 | 293,86 | 293,86 |  0,00 | 76,721 | 28,50 | 28,50 | 180,664 |   NaN | NaN | 0,00 | 0,00 | NaN
  21 |  0,00 | 0,925 | 665,21 | 665,21 | 685,93 |  0,00 | 0,338 | 44,35 | 44,35 |  0,00 | 0,678 | 297,45 | 297,45 |  0,00 | 0,966 | 294,91 | 294,91 |  0,00 | 24,551 | 28,50 | 28,50 | 70,255 |   NaN | NaN | 0,00 | 0,00 | NaN
  22 |  0,00 | 0,912 | 676,56 | 676,56 | 700,50 |  0,00 | 0,376 | 44,35 | 44,35 |  0,00 | 0,715 | 305,32 | 305,32 |  0,00 | 0,897 | 298,39 | 298,39 |  0,00 | 23,014 | 28,50 | 28,50 | 67,171 |   NaN | NaN | 0,00 | 0,00 | NaN
  23 |  0,00 | 8,230 | 674,06 | 674,06 | 695,10 |  0,00 | 0,358 | 44,35 | 44,35 |  0,00 | 7,037 | 300,95 | 300,95 |  0,00 | 17,412 | 300,27 | 300,27 |  0,00 | 112,167 | 28,50 | 28,50 | 244,381 |   NaN | NaN | 0,00 | 0,00 | NaN
  24 |  0,00 | 1,372 | 678,02 | 678,02 | 698,62 |  0,00 | 0,320 | 44,35 | 44,35 |  0,00 | 1,047 | 301,72 | 301,72 |  0,00 | 1,656 | 303,46 | 303,46 |  0,00 | 37,223 | 28,50 | 28,50 | 96,298 |   NaN | NaN | 0,00 | 0,00 | NaN
  25 |  0,00 | 0,942 | 675,09 | 675,09 | 699,35 |  0,00 | 0,378 | 44,35 | 44,35 |  0,00 | 0,726 | 297,37 | 297,37 |  0,00 | 1,001 | 304,87 | 304,87 |  0,00 | 22,814 | 28,50 | 28,50 | 67,059 |   NaN | NaN | 0,00 | 0,00 | NaN
  26 |  0,00 | 1,164 | 671,32 | 671,32 | 694,59 |  0,00 | 0,374 | 44,35 | 44,35 |  0,00 | 0,942 | 300,17 | 300,17 |  0,00 | 1,136 | 298,31 | 298,31 |  0,00 | 32,497 | 28,50 | 28,50 | 83,603 |   NaN | NaN | 0,00 | 0,00 | NaN
  27 |  0,00 | 1,377 | 670,02 | 670,02 | 690,65 |  0,00 | 0,300 | 44,35 | 44,35 |  0,00 | 1,114 | 300,97 | 300,97 |  0,00 | 1,678 | 296,20 | 296,20 |  0,00 | 36,634 | 28,50 | 28,50 | 96,724 |   NaN | NaN | 0,00 | 0,00 | NaN
  28 |  0,00 | 7,441 | 667,20 | 667,20 | 689,09 |  0,00 | 0,367 | 44,35 | 44,35 |  0,00 | 6,275 | 299,26 | 299,26 |  0,00 | 15,369 | 295,10 | 295,10 |  0,00 | 111,712 | 28,50 | 28,50 | 243,878 |   NaN | NaN | 0,00 | 0,00 | NaN
  29 |  0,00 | 8,115 | 673,42 | 673,42 | 694,19 |  0,00 | 0,346 | 44,35 | 44,35 |  0,00 | 5,994 | 298,63 | 298,63 |  0,00 | 18,726 | 301,95 | 301,95 |  0,00 | 97,350 | 28,50 | 28,50 | 223,161 |   NaN | NaN | 0,00 | 0,00 | NaN
  30 |  0,00 | 2,248 | 671,31 | 671,31 | 695,19 |  0,00 | 0,376 | 44,35 | 44,35 |  0,00 | 1,853 | 298,75 | 298,75 |  0,00 | 3,394 | 299,71 | 299,71 |  0,00 | 49,759 | 28,50 | 28,50 | 122,816 |   NaN | NaN | 0,00 | 0,00 | NaN
  31 |  0,00 | 7,924 | 670,78 | 670,78 | 691,49 |  0,00 | 0,343 | 44,35 | 44,35 |  0,00 | 6,751 | 300,45 | 300,45 |  0,00 | 16,645 | 297,48 | 297,48 |  0,00 | 112,440 | 28,50 | 28,50 | 244,616 |   NaN | NaN | 0,00 | 0,00 | NaN
  32 |  0,00 | 6,722 | 675,08 | 675,08 | 695,74 |  0,00 | 0,300 | 44,35 | 44,35 |  0,00 | 4,563 | 300,59 | 300,59 |  0,00 | 15,659 | 301,64 | 301,64 |  0,00 | 85,552 | 28,50 | 28,50 | 200,101 |   NaN | NaN | 0,00 | 0,00 | NaN
  33 |  0,00 | 4,070 | 669,71 | 669,71 | 691,35 |  0,00 | 0,365 | 44,35 | 44,35 |  0,00 | 2,819 | 298,13 | 298,13 |  0,00 | 8,505 | 298,74 | 298,74 |  0,00 | 64,700 | 28,50 | 28,50 | 159,317 |   NaN | NaN | 0,00 | 0,00 | NaN
  34 |  0,00 | 1,089 | 672,26 | 672,26 | 693,25 |  0,00 | 0,357 | 44,35 | 44,35 |  0,00 | 0,892 | 299,06 | 299,06 |  0,00 | 1,256 | 300,36 | 300,36 |  0,00 | 26,110 | 28,50 | 28,50 | 77,085 |   NaN | NaN | 0,00 | 0,00 | NaN
  35 |  0,00 | 0,937 | 675,21 | 675,21 | 695,91 |  0,00 | 0,306 | 44,35 | 44,35 |  0,00 | 0,674 | 301,82 | 301,82 |  0,00 | 1,107 | 300,55 | 300,55 |  0,00 | 23,870 | 28,50 | 28,50 | 69,491 |   NaN | NaN | 0,00 | 0,00 | NaN
  36 |  0,00 | 1,209 | 670,34 | 670,34 | 691,47 |  0,00 | 0,359 | 44,35 | 44,35 |  0,00 | 0,917 | 297,69 | 297,69 |  0,00 | 1,365 | 299,80 | 299,80 |  0,00 | 32,208 | 28,50 | 28,50 | 84,263 |   NaN | NaN | 0,00 | 0,00 | NaN
  37 |  0,00 | 6,663 | 677,20 | 677,20 | 697,90 |  0,00 | 0,341 | 44,35 | 44,35 |  0,00 | 4,745 | 303,91 | 303,91 |  0,00 | 15,293 | 300,44 | 300,44 |  0,00 | 84,606 | 28,50 | 28,50 | 198,151 |   NaN | NaN | 0,00 | 0,00 | NaN
  38 |  0,00 | 1,753 | 677,89 | 677,89 | 698,50 |  0,00 | 0,333 | 44,35 | 44,35 |  0,00 | 1,429 | 302,37 | 302,37 |  0,00 | 2,389 | 302,68 | 302,68 |  0,00 | 42,885 | 28,50 | 28,50 | 110,817 |   NaN | NaN | 0,00 | 0,00 | NaN
  39 |  0,00 | 3,768 | 666,33 | 666,33 | 690,09 |  0,00 | 0,376 | 44,35 | 44,35 |  0,00 | 2,781 | 298,26 | 298,26 |  0,00 | 7,253 | 295,23 | 295,23 |  0,00 | 68,369 | 28,50 | 28,50 | 165,330 |   NaN | NaN | 0,00 | 0,00 | NaN
  40 |  0,00 | 1,547 | 665,80 | 665,80 | 689,59 |  0,00 | 0,376 | 44,35 | 44,35 |  0,00 | 1,292 | 298,89 | 298,89 |  0,00 | 1,913 | 294,07 | 294,07 |  0,00 | 38,514 | 28,50 | 28,50 | 99,498 |   NaN | NaN | 0,00 | 0,00 | NaN
  41 |  0,00 | 8,311 | 678,02 | 678,02 | 699,19 |  0,00 | 0,359 | 44,35 | 44,35 |  0,00 | 6,171 | 300,52 | 300,52 |  0,00 | 18,674 | 304,65 | 304,65 |  0,00 | 107,296 | 28,50 | 28,50 | 239,281 |   NaN | NaN | 0,00 | 0,00 | NaN
  42 |  0,00 | 8,635 | 676,04 | 676,04 | 696,73 |  0,00 | 0,305 | 44,35 | 44,35 |  0,00 | 6,039 | 301,12 | 301,12 |  0,00 | 20,691 | 302,07 | 302,07 |  0,00 | 97,321 | 28,50 | 28,50 | 223,386 |   NaN | NaN | 0,00 | 0,00 | NaN
  43 |  0,00 | 4,843 | 678,90 | 678,90 | 702,55 |  0,00 | 0,383 | 44,35 | 44,35 |  0,00 | 3,270 | 303,68 | 303,68 |  0,00 | 10,653 | 302,37 | 302,37 |  0,00 | 69,005 | 28,50 | 28,50 | 166,625 |   NaN | NaN | 0,00 | 0,00 | NaN
  44 |  0,00 | 8,664 | 674,93 | 674,93 | 695,59 |  0,00 | 0,296 | 44,35 | 44,35 |  0,00 | 6,746 | 300,58 | 300,58 |  0,00 | 19,526 | 301,50 | 301,50 |  0,00 | 109,374 | 28,50 | 28,50 | 241,670 |   NaN | NaN | 0,00 | 0,00 | NaN
  45 |  0,00 | 8,151 | 674,04 | 674,04 | 698,84 |  0,00 | 0,380 | 44,35 | 44,35 |  0,00 | 5,884 | 302,99 | 302,99 |  0,00 | 18,944 | 298,20 | 298,20 |  0,00 | 99,917 | 28,50 | 28,50 | 227,622 |   NaN | NaN | 0,00 | 0,00 | NaN
  46 |  0,00 | 5,557 | 672,78 | 672,78 | 693,40 |  0,00 | 0,319 | 44,35 | 44,35 |  0,00 | 3,308 | 299,62 | 299,62 |  0,00 | 13,026 | 300,31 | 300,31 |  0,00 | 76,493 | 28,50 | 28,50 | 180,461 |   NaN | NaN | 0,00 | 0,00 | NaN
  47 |  0,00 | 8,047 | 672,67 | 672,67 | 693,29 |  0,00 | 0,317 | 44,35 | 44,35 |  0,00 | 6,443 | 302,01 | 302,01 |  0,00 | 17,460 | 297,81 | 297,81 |  0,00 | 112,602 | 28,50 | 28,50 | 244,222 |   NaN | NaN | 0,00 | 0,00 | NaN
  48 |  0,00 | 8,634 | 670,65 | 670,65 | 691,39 |  0,00 | 0,346 | 44,35 | 44,35 |  0,00 | 6,275 | 298,96 | 298,96 |  0,00 | 19,890 | 298,85 | 298,85 |  0,00 | 109,221 | 28,50 | 28,50 | 241,076 |   NaN | NaN | 0,00 | 0,00 | NaN
  49 |  0,00 | 8,008 | 671,84 | 671,84 | 692,95 |  0,00 | 0,359 | 44,35 | 44,35 |  0,00 | 6,693 | 301,09 | 301,09 |  0,00 | 16,989 | 297,90 | 297,90 |  0,00 | 112,401 | 28,50 | 28,50 | 243,543 |   NaN | NaN | 0,00 | 0,00 | NaN
  50 |  0,00 | 4,472 | 674,72 | 674,72 | 695,33 |  0,00 | 0,313 | 44,35 | 44,35 |  0,00 | 3,239 | 303,08 | 303,08 |  0,00 | 9,505 | 298,79 | 298,79 |  0,00 | 68,432 | 28,50 | 28,50 | 165,001 |   NaN | NaN | 0,00 | 0,00 | NaN
  51 |  0,00 | 9,044 | 674,15 | 674,15 | 694,81 |  0,00 | 0,311 | 44,35 | 44,35 |  0,00 | 6,384 | 299,17 | 299,17 |  0,00 | 21,322 | 302,13 | 302,13 |  0,00 | 107,616 | 28,50 | 28,50 | 240,167 |   NaN | NaN | 0,00 | 0,00 | NaN
  52 |  0,00 | 8,933 | 669,64 | 669,64 | 690,33 |  0,00 | 0,337 | 44,35 | 44,35 |  0,00 | 6,673 | 296,28 | 296,28 |  0,00 | 20,834 | 300,52 | 300,52 |  0,00 | 103,384 | 28,50 | 28,50 | 233,827 |   NaN | NaN | 0,00 | 0,00 | NaN
  53 |  0,00 | 6,132 | 674,55 | 674,55 | 695,16 |  0,00 | 0,325 | 44,35 | 44,35 |  0,00 | 4,720 | 301,14 | 301,14 |  0,00 | 13,395 | 300,56 | 300,56 |  0,00 | 83,595 | 28,50 | 28,50 | 195,311 |   NaN | NaN | 0,00 | 0,00 | NaN
  54 |  0,00 | 8,476 | 669,94 | 669,94 | 690,64 |  0,00 | 0,327 | 44,35 | 44,35 |  0,00 | 6,315 | 300,36 | 300,36 |  0,00 | 19,867 | 296,73 | 296,73 |  0,00 | 99,641 | 28,50 | 28,50 | 227,090 |   NaN | NaN | 0,00 | 0,00 | NaN
  55 |  0,00 | 2,255 | 671,57 | 671,57 | 692,16 |  0,00 | 0,312 | 44,35 | 44,35 |  0,00 | 1,721 | 298,68 | 298,68 |  0,00 | 3,877 | 300,04 | 300,04 |  0,00 | 45,441 | 28,50 | 28,50 | 115,627 |   NaN | NaN | 0,00 | 0,00 | NaN
  56 |  0,00 | 8,651 | 670,46 | 670,46 | 691,10 |  0,00 | 0,318 | 44,35 | 44,35 |  0,00 | 6,906 | 297,98 | 297,98 |  0,00 | 19,505 | 299,62 | 299,62 |  0,00 | 105,891 | 28,50 | 28,50 | 235,503 |   NaN | NaN | 0,00 | 0,00 | NaN
  57 |  0,00 | 8,678 | 673,04 | 673,04 | 693,66 |  0,00 | 0,315 | 44,35 | 44,35 |  0,00 | 7,476 | 299,73 | 299,73 |  0,00 | 18,698 | 300,47 | 300,47 |  0,00 | 112,386 | 28,50 | 28,50 | 244,296 |   NaN | NaN | 0,00 | 0,00 | NaN
  58 |  0,00 | 8,469 | 672,72 | 672,72 | 693,44 |  0,00 | 0,344 | 44,35 | 44,35 |  0,00 | 6,694 | 299,32 | 299,32 |  0,00 | 18,651 | 300,55 | 300,55 |  0,00 | 112,249 | 28,50 | 28,50 | 244,841 |   NaN | NaN | 0,00 | 0,00 | NaN
  59 |  0,00 | 1,281 | 677,22 | 677,22 | 698,66 |  0,00 | 0,363 | 44,35 | 44,35 |  0,00 | 0,995 | 300,75 | 300,75 |  0,00 | 1,543 | 303,62 | 303,62 |  0,00 | 32,325 | 28,50 | 28,50 | 86,342 |   NaN | NaN | 0,00 | 0,00 | NaN
  60 |  0,00 | 8,994 | 672,46 | 672,46 | 693,10 |  0,00 | 0,298 | 44,35 | 44,35 |  0,00 | 6,932 | 300,25 | 300,25 |  0,00 | 20,753 | 299,36 | 299,36 |  0,00 | 107,220 | 28,50 | 28,50 | 239,603 |   NaN | NaN | 0,00 | 0,00 | NaN
  61 |  0,00 | 5,811 | 675,39 | 675,39 | 696,00 |  0,00 | 0,320 | 44,35 | 44,35 |  0,00 | 3,854 | 300,66 | 300,66 |  0,00 | 13,237 | 301,88 | 301,88 |  0,00 | 79,625 | 28,50 | 28,50 | 187,485 |   NaN | NaN | 0,00 | 0,00 | NaN
  62 |  0,00 | 8,354 | 675,34 | 675,34 | 700,64 |  0,00 | 0,382 | 44,35 | 44,35 |  0,00 | 6,596 | 301,55 | 301,55 |  0,00 | 18,388 | 300,94 | 300,94 |  0,00 | 109,638 | 28,50 | 28,50 | 242,456 |   NaN | NaN | 0,00 | 0,00 | NaN
  63 |  0,00 | 2,310 | 674,74 | 674,74 | 695,38 |  0,00 | 0,337 | 44,35 | 44,35 |  0,00 | 1,667 | 301,62 | 301,62 |  0,00 | 3,904 | 300,26 | 300,26 |  0,00 | 49,296 | 28,50 | 28,50 | 122,555 |   NaN | NaN | 0,00 | 0,00 | NaN
  64 |  0,00 | 8,156 | 668,71 | 668,71 | 693,79 |  0,00 | 0,380 | 44,35 | 44,35 |  0,00 | 6,108 | 297,00 | 297,00 |  0,00 | 18,700 | 298,86 | 298,86 |  0,00 | 99,301 | 28,50 | 28,50 | 226,804 |   NaN | NaN | 0,00 | 0,00 | NaN

= = = = = = = = = = = = AVERAGE RESULTS system = = = = = = = = = = = =
meanPLR_system | 0,000000 
meanDelay_system | 4,246577 
meanLoad_system | 672,943696 
meanTHR_system | 672,943696 
meanGate_system | 694,447571 

meanPLR_EF_system | 0,000000 
meanPLR_AF_system | 0,000000 
meanPLR_BE_system | 0,000000 
meanPLR_FLA_system | 0,000000 
meanPLR_FLB_system | NaN 

meanTHR_EF_system | 44,352002 
meanTHR_AF_system | 300,299057 
meanTHR_BE_system | 299,797416 
meanTHR_FLA_system | 28,913183 
meanTHR_FLB_system | 0,000000 

meanLoad_EF_system | 44,352002 
meanLoad_AF_system | 300,299057 
meanLoad_BE_system | 299,797416 
meanLoad_FLA_system | 28,913183 
meanLoad_FLB_system | 0,000000 

meanDELAY_EF_system | 0,341970 
meanDELAY_AF_system | 3,226759 
meanDELAY_BE_system | 8,834815 
meanDELAY_FLA_system | 63,745222 
meanDELAY_FLB_system | NaN 
meanDELAY_CompleteFLA_system | 150,730263 
meanDELAY_CompleteFLB_system | NaN 

= = = = = = = = = = = = AVERAGE RESULTS = = = = = = = = = = = =
Packet Loss Ratio: 00,00 (%)
PROCESSED PACKAGES: 2335109818 
DISCARTED PACKAGES: 0 
TOTAL PACKAGES: 2335109818 
AVERAGE DELAY: 746,44 (ms) 
AVERAGE THROUGHPUT: 672,94 (Mbps) 
GRANTED THROUGHPUT: 44444,64 (Mbps) By 64 ONUs
EFFECTIVE THROUGHPUT: 43068,40 (Mbps) By 64 ONUs
TOTAL LOAD: 43068,40 (Mbps) By 64 ONUs
ON Arrival THROUGHPUT: 0,00 (Mbps) By 64 ONUs
FINISHTIMEFL: 204,529537 
FINISHTIME: 207,529537 


fileName | IPACT_STRICTPRIORITY_5_28_80_0 
