
ONU ID 	|  PLR(%) | Delay(ms) | Throughput(Mbps) | Granted Throughput(Mbps) | Total Load (Mbps) 

  ID |  PLR(%) |  D  | Thr |  Gates  |  Load  | PLR-EF | D-EF | ThrEF | LoadEF | PLR-AF | D-AF | ThrAF | LoadAF | PLR-BE | D-BE | ThrBE | LoadBE | PLR-FA | D-FA | ThrFA | LoadFA | DTFA |  PLR-FB | D-FB | ThrFB | LoadFB | DTFB | 
   1 |  0,00 | 1,560 | 675,87 | 675,87 | 697,81 |  0,00 | 0,480 | 44,35 | 44,35 |  0,00 | 1,167 | 286,74 | 286,74 |  0,00 | 1,493 | 277,17 | 277,17 |  0,00 | 20,405 | 67,62 | 67,62 | 63,228 |   NaN | NaN | 0,00 | 0,00 | NaN
   2 |  0,00 | 3,975 | 676,00 | 676,00 | 700,19 |  0,00 | 0,492 | 44,35 | 44,35 |  0,00 | 1,843 | 280,55 | 280,55 |  0,00 | 2,910 | 283,48 | 283,48 |  0,00 | 78,006 | 67,62 | 67,62 | 208,411 |   NaN | NaN | 0,00 | 0,00 | NaN
   3 |  0,00 | 3,573 | 677,40 | 677,40 | 697,58 |  0,00 | 0,428 | 44,35 | 44,35 |  0,00 | 1,656 | 283,62 | 283,62 |  0,00 | 3,339 | 281,81 | 281,81 |  0,00 | 64,780 | 67,62 | 67,62 | 174,453 |   NaN | NaN | 0,00 | 0,00 | NaN
   4 |  0,00 | 1,473 | 677,92 | 677,92 | 698,48 |  0,00 | 0,434 | 44,35 | 44,35 |  0,00 | 1,093 | 286,21 | 286,21 |  0,00 | 1,483 | 279,74 | 279,74 |  0,00 | 19,020 | 67,62 | 67,62 | 57,810 |   NaN | NaN | 0,00 | 0,00 | NaN
   5 |  0,00 | 9,132 | 672,34 | 672,34 | 692,67 |  0,00 | 0,459 | 44,35 | 44,35 |  0,00 | 1,891 | 280,93 | 280,93 |  0,00 | 8,642 | 279,45 | 279,45 |  0,00 | 191,547 | 67,62 | 67,62 | 492,672 |   NaN | NaN | 0,00 | 0,00 | NaN
   6 |  0,00 | 5,275 | 679,46 | 679,46 | 699,58 |  0,00 | 0,408 | 44,35 | 44,35 |  0,00 | 1,620 | 285,00 | 285,00 |  0,00 | 5,157 | 282,49 | 282,49 |  0,00 | 103,648 | 67,62 | 67,62 | 285,916 |   NaN | NaN | 0,00 | 0,00 | NaN
   7 |  0,00 | 1,722 | 674,69 | 674,69 | 695,09 |  0,00 | 0,426 | 44,35 | 44,35 |  0,00 | 1,319 | 282,06 | 282,06 |  0,00 | 1,649 | 280,66 | 280,66 |  0,00 | 23,663 | 67,62 | 67,62 | 69,785 |   NaN | NaN | 0,00 | 0,00 | NaN
   8 |  0,00 | 4,189 | 677,99 | 677,99 | 699,19 |  0,00 | 0,476 | 44,35 | 44,35 |  0,00 | 1,505 | 281,41 | 281,41 |  0,00 | 3,781 | 284,60 | 284,60 |  0,00 | 80,677 | 67,62 | 67,62 | 223,429 |   NaN | NaN | 0,00 | 0,00 | NaN
   9 |  0,00 | 1,469 | 676,87 | 676,87 | 697,39 |  0,00 | 0,416 | 44,35 | 44,35 |  0,00 | 0,930 | 284,54 | 284,54 |  0,00 | 1,375 | 280,36 | 280,36 |  0,00 | 21,265 | 67,62 | 67,62 | 65,308 |   NaN | NaN | 0,00 | 0,00 | NaN
  10 |  0,00 | 1,709 | 674,95 | 674,95 | 696,54 |  0,00 | 0,477 | 44,35 | 44,35 |  0,00 | 1,171 | 282,07 | 282,07 |  0,00 | 1,793 | 280,91 | 280,91 |  0,00 | 22,589 | 67,62 | 67,62 | 65,549 |   NaN | NaN | 0,00 | 0,00 | NaN
  11 |  0,00 | 14,256 | 668,18 | 668,18 | 688,32 |  0,00 | 0,416 | 44,35 | 44,35 |  0,00 | 0,702 | 275,73 | 275,73 |  0,00 | 6,969 | 280,48 | 280,48 |  0,00 | 369,887 | 67,62 | 67,62 | 1004,321 |   NaN | NaN | 0,00 | 0,00 | NaN
  12 |  0,00 | 5,874 | 676,80 | 676,80 | 698,36 |  0,00 | 0,479 | 44,35 | 44,35 |  0,00 | 1,616 | 282,57 | 282,57 |  0,00 | 4,656 | 282,26 | 282,26 |  0,00 | 124,814 | 67,62 | 67,62 | 335,535 |   NaN | NaN | 0,00 | 0,00 | NaN
  13 |  0,00 | 3,861 | 668,78 | 668,78 | 688,92 |  0,00 | 0,444 | 44,35 | 44,35 |  0,00 | 1,583 | 278,41 | 278,41 |  0,00 | 3,194 | 278,40 | 278,40 |  0,00 | 74,743 | 67,62 | 67,62 | 204,358 |   NaN | NaN | 0,00 | 0,00 | NaN
  14 |  0,00 | 9,172 | 677,15 | 677,15 | 699,60 |  0,00 | 0,485 | 44,35 | 44,35 |  0,00 | 1,420 | 283,42 | 283,42 |  0,00 | 10,074 | 281,76 | 281,76 |  0,00 | 185,451 | 67,62 | 67,62 | 478,547 |   NaN | NaN | 0,00 | 0,00 | NaN
  15 |  0,00 | 1,617 | 673,24 | 673,24 | 695,05 |  0,00 | 0,479 | 44,35 | 44,35 |  0,00 | 1,190 | 278,25 | 278,25 |  0,00 | 1,543 | 283,03 | 283,03 |  0,00 | 21,490 | 67,62 | 67,62 | 66,502 |   NaN | NaN | 0,00 | 0,00 | NaN
  16 |  0,00 | 2,101 | 679,73 | 679,73 | 700,52 |  0,00 | 0,470 | 44,35 | 44,35 |  0,00 | 1,144 | 282,01 | 282,01 |  0,00 | 1,544 | 285,75 | 285,75 |  0,00 | 36,967 | 67,62 | 67,62 | 105,874 |   NaN | NaN | 0,00 | 0,00 | NaN
  17 |  0,00 | 1,915 | 676,93 | 676,93 | 699,30 |  0,00 | 0,483 | 44,35 | 44,35 |  0,00 | 1,212 | 281,43 | 281,43 |  0,00 | 1,565 | 283,53 | 283,53 |  0,00 | 30,326 | 67,62 | 67,62 | 88,031 |   NaN | NaN | 0,00 | 0,00 | NaN
  18 |  0,00 | 8,446 | 674,05 | 674,05 | 694,32 |  0,00 | 0,460 | 44,35 | 44,35 |  0,00 | 0,587 | 280,64 | 280,64 |  0,00 | 1,548 | 281,44 | 281,44 |  0,00 | 236,291 | 67,62 | 67,62 | 956,318 |   NaN | NaN | 0,00 | 0,00 | NaN
  19 |  0,00 | 12,297 | 669,63 | 669,63 | 689,86 |  0,00 | 0,451 | 44,35 | 44,35 |  0,00 | 1,039 | 277,11 | 277,11 |  0,00 | 8,739 | 280,55 | 280,55 |  0,00 | 293,587 | 67,62 | 67,62 | 750,285 |   NaN | NaN | 0,00 | 0,00 | NaN
  20 |  0,00 | 13,649 | 671,43 | 671,43 | 691,63 |  0,00 | 0,446 | 44,35 | 44,35 |  0,00 | 0,524 | 282,59 | 282,59 |  0,00 | 8,671 | 276,87 | 276,87 |  0,00 | 341,031 | 67,62 | 67,62 | 989,507 |   NaN | NaN | 0,00 | 0,00 | NaN
  21 |  0,00 | 1,628 | 667,45 | 667,45 | 688,00 |  0,00 | 0,451 | 44,35 | 44,35 |  0,00 | 1,210 | 277,84 | 277,84 |  0,00 | 1,529 | 277,64 | 277,64 |  0,00 | 22,172 | 67,62 | 67,62 | 63,463 |   NaN | NaN | 0,00 | 0,00 | NaN
  22 |  0,00 | 10,023 | 680,92 | 680,92 | 704,42 |  0,00 | 0,489 | 44,35 | 44,35 |  0,00 | 1,236 | 289,14 | 289,14 |  0,00 | 10,131 | 279,81 | 279,81 |  0,00 | 214,020 | 67,62 | 67,62 | 550,539 |   NaN | NaN | 0,00 | 0,00 | NaN
  23 |  0,00 | 14,433 | 678,77 | 678,77 | 699,48 |  0,00 | 0,471 | 44,35 | 44,35 |  0,00 | 0,775 | 284,60 | 284,60 |  0,00 | 10,888 | 282,20 | 282,20 |  0,00 | 346,877 | 67,62 | 67,62 | 894,841 |   NaN | NaN | 0,00 | 0,00 | NaN
  24 |  0,00 | 3,719 | 675,70 | 675,70 | 695,90 |  0,00 | 0,433 | 44,35 | 44,35 |  0,00 | 1,299 | 280,70 | 280,70 |  0,00 | 2,866 | 283,04 | 283,04 |  0,00 | 75,572 | 67,62 | 67,62 | 202,114 |   NaN | NaN | 0,00 | 0,00 | NaN
  25 |  0,00 | 1,424 | 683,93 | 683,93 | 708,13 |  0,00 | 0,490 | 44,35 | 44,35 |  0,00 | 0,984 | 282,31 | 282,31 |  0,00 | 1,311 | 289,65 | 289,65 |  0,00 | 18,907 | 67,62 | 67,62 | 65,036 |   NaN | NaN | 0,00 | 0,00 | NaN
  26 |  0,00 | 1,757 | 673,39 | 673,39 | 696,58 |  0,00 | 0,487 | 44,35 | 44,35 |  0,00 | 1,342 | 280,61 | 280,61 |  0,00 | 1,567 | 280,81 | 280,81 |  0,00 | 24,344 | 67,62 | 67,62 | 70,820 |   NaN | NaN | 0,00 | 0,00 | NaN
  27 |  0,00 | 7,991 | 670,54 | 670,54 | 690,70 |  0,00 | 0,413 | 44,35 | 44,35 |  0,00 | 0,580 | 281,73 | 281,73 |  0,00 | 1,913 | 276,84 | 276,84 |  0,00 | 219,601 | 67,62 | 67,62 | 945,563 |   NaN | NaN | 0,00 | 0,00 | NaN
  28 |  0,00 | 14,513 | 669,45 | 669,45 | 691,00 |  0,00 | 0,479 | 44,35 | 44,35 |  0,00 | 1,367 | 280,88 | 280,88 |  0,00 | 11,040 | 276,61 | 276,61 |  0,00 | 341,406 | 67,62 | 67,62 | 890,126 |   NaN | NaN | 0,00 | 0,00 | NaN
  29 |  0,00 | 13,956 | 677,96 | 677,96 | 698,26 |  0,00 | 0,459 | 44,35 | 44,35 |  0,00 | 0,807 | 284,28 | 284,28 |  0,00 | 7,426 | 281,71 | 281,71 |  0,00 | 359,139 | 67,62 | 67,62 | 967,214 |   NaN | NaN | 0,00 | 0,00 | NaN
  30 |  0,00 | 11,228 | 670,47 | 670,47 | 694,08 |  0,00 | 0,489 | 44,35 | 44,35 |  0,00 | 0,708 | 279,54 | 279,54 |  0,00 | 3,511 | 278,97 | 278,97 |  0,00 | 304,093 | 67,62 | 67,62 | 991,791 |   NaN | NaN | 0,00 | 0,00 | NaN
  31 |  0,00 | 14,982 | 672,52 | 672,52 | 692,75 |  0,00 | 0,456 | 44,35 | 44,35 |  0,00 | 0,864 | 280,06 | 280,06 |  0,00 | 14,614 | 280,49 | 280,49 |  0,00 | 332,247 | 67,62 | 67,62 | 873,499 |   NaN | NaN | 0,00 | 0,00 | NaN
  32 |  0,00 | 14,311 | 672,32 | 672,32 | 692,47 |  0,00 | 0,412 | 44,35 | 44,35 |  0,00 | 1,036 | 278,94 | 278,94 |  0,00 | 8,457 | 281,41 | 281,41 |  0,00 | 358,792 | 67,62 | 67,62 | 993,827 |   NaN | NaN | 0,00 | 0,00 | NaN
  33 |  0,00 | 13,223 | 671,50 | 671,50 | 692,91 |  0,00 | 0,478 | 44,35 | 44,35 |  0,00 | 0,716 | 278,19 | 278,19 |  0,00 | 5,159 | 281,34 | 281,34 |  0,00 | 352,588 | 67,62 | 67,62 | 1041,556 |   NaN | NaN | 0,00 | 0,00 | NaN
  34 |  0,00 | 5,133 | 666,68 | 666,68 | 687,26 |  0,00 | 0,469 | 44,35 | 44,35 |  0,00 | 0,502 | 280,10 | 280,10 |  0,00 | 0,667 | 274,61 | 274,61 |  0,00 | 141,015 | 67,62 | 67,62 | 764,083 |   NaN | NaN | 0,00 | 0,00 | NaN
  35 |  0,00 | 3,437 | 677,89 | 677,89 | 698,03 |  0,00 | 0,419 | 44,35 | 44,35 |  0,00 | 0,442 | 283,20 | 283,20 |  0,00 | 0,706 | 282,72 | 282,72 |  0,00 | 91,019 | 67,62 | 67,62 | 493,967 |   NaN | NaN | 0,00 | 0,00 | NaN
  36 |  0,00 | 6,936 | 669,25 | 669,25 | 690,06 |  0,00 | 0,472 | 44,35 | 44,35 |  0,00 | 0,579 | 276,01 | 276,01 |  0,00 | 1,303 | 281,27 | 281,27 |  0,00 | 190,854 | 67,62 | 67,62 | 898,911 |   NaN | NaN | 0,00 | 0,00 | NaN
  37 |  0,00 | 13,740 | 679,95 | 679,95 | 700,19 |  0,00 | 0,454 | 44,35 | 44,35 |  0,00 | 1,014 | 286,23 | 286,23 |  0,00 | 8,024 | 281,75 | 281,75 |  0,00 | 346,870 | 67,62 | 67,62 | 965,832 |   NaN | NaN | 0,00 | 0,00 | NaN
  38 |  0,00 | 10,793 | 672,76 | 672,76 | 692,97 |  0,00 | 0,446 | 44,35 | 44,35 |  0,00 | 0,787 | 281,47 | 281,47 |  0,00 | 1,836 | 279,33 | 279,33 |  0,00 | 304,426 | 67,62 | 67,62 | 1041,724 |   NaN | NaN | 0,00 | 0,00 | NaN
  39 |  0,00 | 13,517 | 667,65 | 667,65 | 691,19 |  0,00 | 0,489 | 44,35 | 44,35 |  0,00 | 0,908 | 278,48 | 278,48 |  0,00 | 7,645 | 277,20 | 277,20 |  0,00 | 339,838 | 67,62 | 67,62 | 993,644 |   NaN | NaN | 0,00 | 0,00 | NaN
  40 |  0,00 | 8,254 | 668,36 | 668,36 | 691,94 |  0,00 | 0,489 | 44,35 | 44,35 |  0,00 | 0,625 | 279,16 | 279,16 |  0,00 | 2,023 | 277,24 | 277,24 |  0,00 | 224,903 | 67,62 | 67,62 | 945,314 |   NaN | NaN | 0,00 | 0,00 | NaN
  41 |  0,00 | 15,075 | 676,57 | 676,57 | 697,44 |  0,00 | 0,472 | 44,35 | 44,35 |  0,00 | 1,124 | 279,65 | 279,65 |  0,00 | 12,795 | 284,95 | 284,95 |  0,00 | 347,175 | 67,62 | 67,62 | 920,562 |   NaN | NaN | 0,00 | 0,00 | NaN
  42 |  0,00 | 14,607 | 679,43 | 679,43 | 699,60 |  0,00 | 0,418 | 44,35 | 44,35 |  0,00 | 0,955 | 283,23 | 283,23 |  0,00 | 8,689 | 284,23 | 284,23 |  0,00 | 368,670 | 67,62 | 67,62 | 974,777 |   NaN | NaN | 0,00 | 0,00 | NaN
  43 |  0,00 | 12,694 | 678,71 | 678,71 | 701,93 |  0,00 | 0,496 | 44,35 | 44,35 |  0,00 | 0,787 | 283,08 | 283,08 |  0,00 | 5,227 | 283,66 | 283,66 |  0,00 | 337,116 | 67,62 | 67,62 | 999,349 |   NaN | NaN | 0,00 | 0,00 | NaN
  44 |  0,00 | 14,874 | 679,57 | 679,57 | 699,71 |  0,00 | 0,408 | 44,35 | 44,35 |  0,00 | 0,731 | 281,89 | 281,89 |  0,00 | 12,291 | 285,71 | 285,71 |  0,00 | 349,878 | 67,62 | 67,62 | 918,376 |   NaN | NaN | 0,00 | 0,00 | NaN
  45 |  0,00 | 14,328 | 677,66 | 677,66 | 702,06 |  0,00 | 0,493 | 44,35 | 44,35 |  0,00 | 0,908 | 287,55 | 287,55 |  0,00 | 9,089 | 278,14 | 278,14 |  0,00 | 356,962 | 67,62 | 67,62 | 946,924 |   NaN | NaN | 0,00 | 0,00 | NaN
  46 |  0,00 | 13,092 | 670,75 | 670,75 | 690,94 |  0,00 | 0,432 | 44,35 | 44,35 |  0,00 | 0,625 | 276,45 | 276,45 |  0,00 | 4,620 | 282,33 | 282,33 |  0,00 | 353,745 | 67,62 | 67,62 | 1017,084 |   NaN | NaN | 0,00 | 0,00 | NaN
  47 |  0,00 | 15,086 | 669,15 | 669,15 | 689,27 |  0,00 | 0,430 | 44,35 | 44,35 |  0,00 | 0,794 | 281,07 | 281,07 |  0,00 | 14,205 | 276,11 | 276,11 |  0,00 | 339,809 | 67,62 | 67,62 | 884,594 |   NaN | NaN | 0,00 | 0,00 | NaN
  48 |  0,00 | 14,631 | 669,48 | 669,48 | 689,77 |  0,00 | 0,459 | 44,35 | 44,35 |  0,00 | 0,917 | 277,84 | 277,84 |  0,00 | 9,546 | 279,68 | 279,68 |  0,00 | 359,687 | 67,62 | 67,62 | 933,521 |   NaN | NaN | 0,00 | 0,00 | NaN
  49 |  0,00 | 14,371 | 669,07 | 669,07 | 689,79 |  0,00 | 0,472 | 44,35 | 44,35 |  0,00 | 1,270 | 279,46 | 279,46 |  0,00 | 9,421 | 277,63 | 277,63 |  0,00 | 350,089 | 67,62 | 67,62 | 898,172 |   NaN | NaN | 0,00 | 0,00 | NaN
  50 |  0,00 | 12,633 | 672,50 | 672,50 | 692,63 |  0,00 | 0,426 | 44,35 | 44,35 |  0,00 | 0,653 | 281,84 | 281,84 |  0,00 | 6,393 | 278,68 | 278,68 |  0,00 | 326,856 | 67,62 | 67,62 | 982,658 |   NaN | NaN | 0,00 | 0,00 | NaN
  51 |  0,00 | 14,593 | 671,83 | 671,83 | 692,00 |  0,00 | 0,424 | 44,35 | 44,35 |  0,00 | 0,643 | 278,20 | 278,20 |  0,00 | 8,276 | 281,67 | 281,67 |  0,00 | 371,533 | 67,62 | 67,62 | 961,173 |   NaN | NaN | 0,00 | 0,00 | NaN
  52 |  0,00 | 14,768 | 673,26 | 673,26 | 693,45 |  0,00 | 0,450 | 44,35 | 44,35 |  0,00 | 0,711 | 277,69 | 277,69 |  0,00 | 12,969 | 283,60 | 283,60 |  0,00 | 338,953 | 67,62 | 67,62 | 915,799 |   NaN | NaN | 0,00 | 0,00 | NaN
  53 |  0,00 | 14,129 | 675,24 | 675,24 | 695,43 |  0,00 | 0,437 | 44,35 | 44,35 |  0,00 | 1,164 | 281,26 | 281,26 |  0,00 | 8,494 | 282,00 | 282,00 |  0,00 | 352,488 | 67,62 | 67,62 | 981,155 |   NaN | NaN | 0,00 | 0,00 | NaN
  54 |  0,00 | 15,055 | 668,40 | 668,40 | 688,58 |  0,00 | 0,440 | 44,35 | 44,35 |  0,00 | 1,147 | 280,53 | 280,53 |  0,00 | 11,212 | 275,90 | 275,90 |  0,00 | 358,730 | 67,62 | 67,62 | 951,091 |   NaN | NaN | 0,00 | 0,00 | NaN
  55 |  0,00 | 10,529 | 674,71 | 674,71 | 694,89 |  0,00 | 0,425 | 44,35 | 44,35 |  0,00 | 0,587 | 280,41 | 280,41 |  0,00 | 3,267 | 282,33 | 282,33 |  0,00 | 287,375 | 67,62 | 67,62 | 991,268 |   NaN | NaN | 0,00 | 0,00 | NaN
  56 |  0,00 | 14,542 | 668,72 | 668,72 | 688,87 |  0,00 | 0,431 | 44,35 | 44,35 |  0,00 | 0,966 | 279,52 | 279,52 |  0,00 | 8,601 | 277,23 | 277,23 |  0,00 | 364,494 | 67,62 | 67,62 | 941,661 |   NaN | NaN | 0,00 | 0,00 | NaN
  57 |  0,00 | 15,006 | 672,93 | 672,93 | 693,09 |  0,00 | 0,428 | 44,35 | 44,35 |  0,00 | 1,369 | 279,32 | 279,32 |  0,00 | 12,684 | 281,64 | 281,64 |  0,00 | 344,302 | 67,62 | 67,62 | 899,138 |   NaN | NaN | 0,00 | 0,00 | NaN
  58 |  0,00 | 14,015 | 673,88 | 673,88 | 694,14 |  0,00 | 0,457 | 44,35 | 44,35 |  0,00 | 0,859 | 281,99 | 281,99 |  0,00 | 7,364 | 279,93 | 279,93 |  0,00 | 359,894 | 67,62 | 67,62 | 920,657 |   NaN | NaN | 0,00 | 0,00 | NaN
  59 |  0,00 | 5,681 | 678,10 | 678,10 | 699,20 |  0,00 | 0,476 | 44,35 | 44,35 |  0,00 | 0,595 | 280,35 | 280,35 |  0,00 | 1,066 | 285,78 | 285,78 |  0,00 | 155,352 | 67,62 | 67,62 | 803,432 |   NaN | NaN | 0,00 | 0,00 | NaN
  60 |  0,00 | 14,333 | 675,15 | 675,15 | 695,32 |  0,00 | 0,411 | 44,35 | 44,35 |  0,00 | 0,804 | 281,96 | 281,96 |  0,00 | 8,755 | 281,23 | 281,23 |  0,00 | 360,070 | 67,62 | 67,62 | 941,029 |   NaN | NaN | 0,00 | 0,00 | NaN
  61 |  0,00 | 13,257 | 679,14 | 679,14 | 699,30 |  0,00 | 0,433 | 44,35 | 44,35 |  0,00 | 0,739 | 284,04 | 284,04 |  0,00 | 7,065 | 283,14 | 283,14 |  0,00 | 341,411 | 67,62 | 67,62 | 966,758 |   NaN | NaN | 0,00 | 0,00 | NaN
  62 |  0,00 | 15,046 | 675,82 | 675,82 | 700,66 |  0,00 | 0,495 | 44,35 | 44,35 |  0,00 | 1,261 | 280,44 | 280,44 |  0,00 | 13,074 | 283,41 | 283,41 |  0,00 | 342,884 | 67,62 | 67,62 | 904,483 |   NaN | NaN | 0,00 | 0,00 | NaN
  63 |  0,00 | 11,588 | 677,41 | 677,41 | 697,63 |  0,00 | 0,450 | 44,35 | 44,35 |  0,00 | 0,887 | 284,47 | 284,47 |  0,00 | 4,578 | 280,96 | 280,96 |  0,00 | 307,830 | 67,62 | 67,62 | 1008,801 |   NaN | NaN | 0,00 | 0,00 | NaN
  64 |  0,00 | 14,634 | 667,03 | 667,03 | 691,73 |  0,00 | 0,493 | 44,35 | 44,35 |  0,00 | 0,926 | 278,60 | 278,60 |  0,00 | 8,648 | 276,47 | 276,47 |  0,00 | 365,985 | 67,62 | 67,62 | 964,682 |   NaN | NaN | 0,00 | 0,00 | NaN

= = = = = = = = = = = = AVERAGE RESULTS system = = = = = = = = = = = =
meanPLR_system | 0,000000 
meanDelay_system | 9,700458 
meanLoad_system | 674,083822 
meanTHR_system | 674,083822 
meanGate_system | 695,220951 

meanPLR_EF_system | 0,000000 
meanPLR_AF_system | 0,000000 
meanPLR_BE_system | 0,000000 
meanPLR_FLA_system | 0,000000 
meanPLR_FLB_system | NaN 

meanTHR_EF_system | 44,352003 
meanTHR_AF_system | 281,243768 
meanTHR_BE_system | 280,871795 
meanTHR_FLA_system | 69,279763 
meanTHR_FLB_system | 0,000000 

meanLoad_EF_system | 44,352003 
meanLoad_AF_system | 281,243768 
meanLoad_BE_system | 280,871795 
meanLoad_FLA_system | 69,279763 
meanLoad_FLB_system | 0,000000 

meanDELAY_EF_system | 0,454797 
meanDELAY_AF_system | 1,006437 
meanDELAY_BE_system | 6,110463 
meanDELAY_FLA_system | 235,783695 
meanDELAY_FLB_system | NaN 
meanDELAY_CompleteFLA_system | 686,981997 
meanDELAY_CompleteFLB_system | NaN 

= = = = = = = = = = = = AVERAGE RESULTS = = = = = = = = = = = =
Packet Loss Ratio: 00,00 (%)
PROCESSED PACKAGES: 1384187384 
DISCARTED PACKAGES: 0 
TOTAL PACKAGES: 1384187384 
AVERAGE DELAY: 1678,40 (ms) 
AVERAGE THROUGHPUT: 674,08 (Mbps) 
GRANTED THROUGHPUT: 44494,14 (Mbps) By 64 ONUs
EFFECTIVE THROUGHPUT: 43141,36 (Mbps) By 64 ONUs
TOTAL LOAD: 43141,36 (Mbps) By 64 ONUs
ON Arrival THROUGHPUT: 0,00 (Mbps) By 64 ONUs
FINISHTIMEFL: 121,940370 
FINISHTIME: 124,940370 


fileName | IPACT_LBVARIBLETOKENSBYCYCLE_2_40_75_0 
