
ONU ID 	|  PLR(%) | Delay(ms) | Throughput(Mbps) | Granted Throughput(Mbps) | Total Load (Mbps) 

  ID |  PLR(%) |  D  | Thr |  Gates  |  Load  | PLR-EF | D-EF | ThrEF | LoadEF | PLR-AF | D-AF | ThrAF | LoadAF | PLR-BE | D-BE | ThrBE | LoadBE | PLR-FA | D-FA | ThrFA | LoadFA | DTFA |  PLR-FB | D-FB | ThrFB | LoadFB | DTFB | 
   1 |  0,00 | 1,223 | 602,43 | 602,43 | 631,89 |  0,00 | 0,399 | 44,35 | 44,35 |  0,00 | 0,904 | 210,46 | 210,46 |  0,00 | 1,032 | 203,21 | 203,21 |  0,00 | 8,031 | 144,41 | 144,41 | 38,132 |   NaN | NaN | 0,00 | 0,00 | NaN
   2 |  0,00 | 4,118 | 603,54 | 603,54 | 636,36 |  0,00 | 0,411 | 44,35 | 44,35 |  0,00 | 2,889 | 207,36 | 207,36 |  0,00 | 3,303 | 207,42 | 207,42 |  0,00 | 34,041 | 144,41 | 144,41 | 86,203 |   NaN | NaN | 0,00 | 0,00 | NaN
   3 |  0,00 | 3,438 | 604,87 | 604,87 | 631,39 |  0,00 | 0,348 | 44,35 | 44,35 |  0,00 | 2,250 | 208,79 | 208,79 |  0,00 | 2,606 | 207,33 | 207,33 |  0,00 | 29,264 | 144,41 | 144,41 | 75,318 |   NaN | NaN | 0,00 | 0,00 | NaN
   4 |  0,00 | 1,112 | 604,96 | 604,96 | 630,58 |  0,00 | 0,353 | 44,35 | 44,35 |  0,00 | 0,772 | 211,53 | 211,53 |  0,00 | 0,995 | 204,67 | 204,67 |  0,00 | 7,353 | 144,41 | 144,41 | 34,865 |   NaN | NaN | 0,00 | 0,00 | NaN
   5 |  0,00 | 11,360 | 599,52 | 599,52 | 626,42 |  0,00 | 0,378 | 44,35 | 44,35 |  0,00 | 7,903 | 205,60 | 205,60 |  0,00 | 12,498 | 205,16 | 205,16 |  0,00 | 89,860 | 144,41 | 144,41 | 210,191 |   NaN | NaN | 0,00 | 0,00 | NaN
   6 |  0,00 | 5,611 | 604,56 | 604,56 | 630,18 |  0,00 | 0,329 | 44,35 | 44,35 |  0,00 | 4,042 | 209,61 | 209,61 |  0,00 | 5,378 | 206,19 | 206,19 |  0,00 | 45,293 | 144,41 | 144,41 | 113,836 |   NaN | NaN | 0,00 | 0,00 | NaN
   7 |  0,00 | 1,595 | 600,60 | 600,60 | 627,56 |  0,00 | 0,346 | 44,35 | 44,35 |  0,00 | 1,073 | 207,96 | 207,96 |  0,00 | 1,339 | 203,88 | 203,88 |  0,00 | 11,916 | 144,41 | 144,41 | 45,135 |   NaN | NaN | 0,00 | 0,00 | NaN
   8 |  0,00 | 4,482 | 604,04 | 604,04 | 632,90 |  0,00 | 0,396 | 44,35 | 44,35 |  0,00 | 3,014 | 205,44 | 205,44 |  0,00 | 3,944 | 209,84 | 209,84 |  0,00 | 36,782 | 144,41 | 144,41 | 95,551 |   NaN | NaN | 0,00 | 0,00 | NaN
   9 |  0,00 | 1,130 | 605,77 | 605,77 | 631,14 |  0,00 | 0,336 | 44,35 | 44,35 |  0,00 | 0,791 | 209,30 | 209,30 |  0,00 | 1,053 | 207,71 | 207,71 |  0,00 | 7,489 | 144,41 | 144,41 | 35,601 |   NaN | NaN | 0,00 | 0,00 | NaN
  10 |  0,00 | 1,327 | 598,96 | 598,96 | 628,22 |  0,00 | 0,397 | 44,35 | 44,35 |  0,00 | 0,928 | 205,83 | 205,83 |  0,00 | 1,062 | 204,37 | 204,37 |  0,00 | 9,232 | 144,41 | 144,41 | 38,979 |   NaN | NaN | 0,00 | 0,00 | NaN
  11 |  0,00 | 14,877 | 596,75 | 596,75 | 622,83 |  0,00 | 0,336 | 44,35 | 44,35 |  0,00 | 1,932 | 201,00 | 201,00 |  0,00 | 14,398 | 206,99 | 206,99 |  0,00 | 145,819 | 144,41 | 144,41 | 427,534 |   NaN | NaN | 0,00 | 0,00 | NaN
  12 |  0,00 | 6,600 | 604,09 | 604,09 | 633,35 |  0,00 | 0,398 | 44,35 | 44,35 |  0,00 | 4,701 | 207,60 | 207,60 |  0,00 | 5,974 | 207,73 | 207,73 |  0,00 | 54,256 | 144,41 | 144,41 | 134,239 |   NaN | NaN | 0,00 | 0,00 | NaN
  13 |  0,00 | 4,105 | 599,94 | 599,94 | 626,43 |  0,00 | 0,363 | 44,35 | 44,35 |  0,00 | 2,924 | 204,44 | 204,44 |  0,00 | 3,266 | 206,74 | 206,74 |  0,00 | 34,154 | 144,41 | 144,41 | 87,116 |   NaN | NaN | 0,00 | 0,00 | NaN
  14 |  0,00 | 11,334 | 603,41 | 603,41 | 634,11 |  0,00 | 0,404 | 44,35 | 44,35 |  0,00 | 8,594 | 207,73 | 207,73 |  0,00 | 13,042 | 206,93 | 206,93 |  0,00 | 86,088 | 144,41 | 144,41 | 200,008 |   NaN | NaN | 0,00 | 0,00 | NaN
  15 |  0,00 | 1,482 | 599,40 | 599,40 | 629,30 |  0,00 | 0,398 | 44,35 | 44,35 |  0,00 | 1,102 | 203,01 | 203,01 |  0,00 | 1,191 | 207,63 | 207,63 |  0,00 | 10,404 | 144,41 | 144,41 | 44,044 |   NaN | NaN | 0,00 | 0,00 | NaN
  16 |  0,00 | 1,629 | 605,22 | 605,22 | 633,22 |  0,00 | 0,390 | 44,35 | 44,35 |  0,00 | 1,092 | 205,70 | 205,70 |  0,00 | 1,218 | 210,75 | 210,75 |  0,00 | 12,363 | 144,41 | 144,41 | 43,759 |   NaN | NaN | 0,00 | 0,00 | NaN
  17 |  0,00 | 1,386 | 602,92 | 602,92 | 633,10 |  0,00 | 0,403 | 44,35 | 44,35 |  0,00 | 0,931 | 206,00 | 206,00 |  0,00 | 1,060 | 208,16 | 208,16 |  0,00 | 9,963 | 144,41 | 144,41 | 39,279 |   NaN | NaN | 0,00 | 0,00 | NaN
  18 |  0,00 | 6,927 | 599,64 | 599,64 | 626,47 |  0,00 | 0,379 | 44,35 | 44,35 |  0,00 | 0,412 | 204,13 | 204,13 |  0,00 | 0,602 | 206,74 | 206,74 |  0,00 | 84,434 | 144,41 | 144,41 | 403,140 |   NaN | NaN | 0,00 | 0,00 | NaN
  19 |  0,00 | 15,405 | 597,65 | 597,65 | 624,26 |  0,00 | 0,370 | 44,35 | 44,35 |  0,00 | 6,547 | 202,37 | 202,37 |  0,00 | 19,491 | 206,52 | 206,52 |  0,00 | 126,746 | 144,41 | 144,41 | 328,595 |   NaN | NaN | 0,00 | 0,00 | NaN
  20 |  0,00 | 13,475 | 599,21 | 599,21 | 625,54 |  0,00 | 0,365 | 44,35 | 44,35 |  0,00 | 1,058 | 207,45 | 207,45 |  0,00 | 9,725 | 203,00 | 203,00 |  0,00 | 143,284 | 144,41 | 144,41 | 439,766 |   NaN | NaN | 0,00 | 0,00 | NaN
  21 |  0,00 | 1,159 | 595,57 | 595,57 | 621,42 |  0,00 | 0,370 | 44,35 | 44,35 |  0,00 | 0,806 | 204,31 | 204,31 |  0,00 | 1,001 | 202,50 | 202,50 |  0,00 | 7,713 | 144,41 | 144,41 | 35,366 |   NaN | NaN | 0,00 | 0,00 | NaN
  22 |  0,00 | 12,619 | 602,38 | 602,38 | 634,47 |  0,00 | 0,408 | 44,35 | 44,35 |  0,00 | 9,574 | 209,87 | 209,87 |  0,00 | 14,671 | 203,75 | 203,75 |  0,00 | 95,869 | 144,41 | 144,41 | 229,509 |   NaN | NaN | 0,00 | 0,00 | NaN
  23 |  0,00 | 17,325 | 604,44 | 604,44 | 632,39 |  0,00 | 0,390 | 44,35 | 44,35 |  0,00 | 4,463 | 207,44 | 207,44 |  0,00 | 22,848 | 208,24 | 208,24 |  0,00 | 148,608 | 144,41 | 144,41 | 397,570 |   NaN | NaN | 0,00 | 0,00 | NaN
  24 |  0,00 | 4,056 | 602,45 | 602,45 | 628,85 |  0,00 | 0,352 | 44,35 | 44,35 |  0,00 | 2,728 | 207,16 | 207,16 |  0,00 | 3,283 | 206,54 | 206,54 |  0,00 | 34,099 | 144,41 | 144,41 | 86,641 |   NaN | NaN | 0,00 | 0,00 | NaN
  25 |  0,00 | 1,068 | 605,50 | 605,50 | 637,04 |  0,00 | 0,410 | 44,35 | 44,35 |  0,00 | 0,798 | 204,29 | 204,29 |  0,00 | 0,932 | 212,45 | 212,45 |  0,00 | 6,491 | 144,41 | 144,41 | 34,496 |   NaN | NaN | 0,00 | 0,00 | NaN
  26 |  0,00 | 1,720 | 600,30 | 600,30 | 632,24 |  0,00 | 0,406 | 44,35 | 44,35 |  0,00 | 1,149 | 206,12 | 206,12 |  0,00 | 1,286 | 205,42 | 205,42 |  0,00 | 13,066 | 144,41 | 144,41 | 45,356 |   NaN | NaN | 0,00 | 0,00 | NaN
  27 |  0,00 | 6,118 | 598,07 | 598,07 | 624,02 |  0,00 | 0,333 | 44,35 | 44,35 |  0,00 | 0,355 | 204,56 | 204,56 |  0,00 | 0,579 | 204,75 | 204,75 |  0,00 | 74,376 | 144,41 | 144,41 | 379,593 |   NaN | NaN | 0,00 | 0,00 | NaN
  28 |  0,00 | 16,351 | 600,26 | 600,26 | 629,61 |  0,00 | 0,399 | 44,35 | 44,35 |  0,00 | 3,583 | 207,92 | 207,92 |  0,00 | 18,210 | 203,58 | 203,58 |  0,00 | 151,040 | 144,41 | 144,41 | 402,541 |   NaN | NaN | 0,00 | 0,00 | NaN
  29 |  0,00 | 16,297 | 602,57 | 602,57 | 629,34 |  0,00 | 0,378 | 44,35 | 44,35 |  0,00 | 3,262 | 208,43 | 208,43 |  0,00 | 19,668 | 205,38 | 205,38 |  0,00 | 147,459 | 144,41 | 144,41 | 418,117 |   NaN | NaN | 0,00 | 0,00 | NaN
  30 |  0,00 | 9,872 | 595,22 | 595,22 | 627,34 |  0,00 | 0,408 | 44,35 | 44,35 |  0,00 | 0,565 | 203,35 | 203,35 |  0,00 | 2,033 | 203,11 | 203,11 |  0,00 | 117,622 | 144,41 | 144,41 | 433,104 |   NaN | NaN | 0,00 | 0,00 | NaN
  31 |  0,00 | 17,149 | 600,00 | 600,00 | 626,69 |  0,00 | 0,375 | 44,35 | 44,35 |  0,00 | 4,481 | 206,02 | 206,02 |  0,00 | 21,289 | 205,23 | 205,23 |  0,00 | 150,534 | 144,41 | 144,41 | 400,679 |   NaN | NaN | 0,00 | 0,00 | NaN
  32 |  0,00 | 14,465 | 595,22 | 595,22 | 621,20 |  0,00 | 0,332 | 44,35 | 44,35 |  0,00 | 1,541 | 202,93 | 202,93 |  0,00 | 12,373 | 203,53 | 203,53 |  0,00 | 147,260 | 144,41 | 144,41 | 431,859 |   NaN | NaN | 0,00 | 0,00 | NaN
  33 |  0,00 | 12,205 | 597,12 | 597,12 | 626,22 |  0,00 | 0,397 | 44,35 | 44,35 |  0,00 | 0,606 | 203,04 | 203,04 |  0,00 | 5,720 | 205,33 | 205,33 |  0,00 | 138,028 | 144,41 | 144,41 | 442,486 |   NaN | NaN | 0,00 | 0,00 | NaN
  34 |  0,00 | 3,239 | 598,63 | 598,63 | 626,12 |  0,00 | 0,389 | 44,35 | 44,35 |  0,00 | 0,390 | 208,67 | 208,67 |  0,00 | 0,512 | 201,19 | 201,19 |  0,00 | 36,909 | 144,41 | 144,41 | 233,449 |   NaN | NaN | 0,00 | 0,00 | NaN
  35 |  0,00 | 2,327 | 603,58 | 603,58 | 629,63 |  0,00 | 0,338 | 44,35 | 44,35 |  0,00 | 0,344 | 207,47 | 207,47 |  0,00 | 0,556 | 207,36 | 207,36 |  0,00 | 25,585 | 144,41 | 144,41 | 129,013 |   NaN | NaN | 0,00 | 0,00 | NaN
  36 |  0,00 | 4,946 | 596,84 | 596,84 | 624,94 |  0,00 | 0,391 | 44,35 | 44,35 |  0,00 | 0,413 | 201,90 | 201,90 |  0,00 | 0,525 | 206,18 | 206,18 |  0,00 | 58,763 | 144,41 | 144,41 | 334,150 |   NaN | NaN | 0,00 | 0,00 | NaN
  37 |  0,00 | 15,002 | 602,83 | 602,83 | 629,32 |  0,00 | 0,373 | 44,35 | 44,35 |  0,00 | 1,592 | 209,09 | 209,09 |  0,00 | 15,020 | 204,98 | 204,98 |  0,00 | 147,815 | 144,41 | 144,41 | 432,980 |   NaN | NaN | 0,00 | 0,00 | NaN
  38 |  0,00 | 8,553 | 600,02 | 600,02 | 626,33 |  0,00 | 0,365 | 44,35 | 44,35 |  0,00 | 0,600 | 206,77 | 206,77 |  0,00 | 1,605 | 204,49 | 204,49 |  0,00 | 102,426 | 144,41 | 144,41 | 410,786 |   NaN | NaN | 0,00 | 0,00 | NaN
  39 |  0,00 | 12,571 | 596,08 | 596,08 | 627,98 |  0,00 | 0,408 | 44,35 | 44,35 |  0,00 | 0,761 | 204,18 | 204,18 |  0,00 | 9,065 | 203,14 | 203,14 |  0,00 | 133,382 | 144,41 | 144,41 | 429,749 |   NaN | NaN | 0,00 | 0,00 | NaN
  40 |  0,00 | 6,019 | 597,98 | 597,98 | 630,07 |  0,00 | 0,408 | 44,35 | 44,35 |  0,00 | 0,458 | 204,75 | 204,75 |  0,00 | 0,531 | 204,48 | 204,48 |  0,00 | 72,439 | 144,41 | 144,41 | 370,171 |   NaN | NaN | 0,00 | 0,00 | NaN
  41 |  0,00 | 16,828 | 606,00 | 606,00 | 634,08 |  0,00 | 0,391 | 44,35 | 44,35 |  0,00 | 3,409 | 207,82 | 207,82 |  0,00 | 20,945 | 209,43 | 209,43 |  0,00 | 150,138 | 144,41 | 144,41 | 410,197 |   NaN | NaN | 0,00 | 0,00 | NaN
  42 |  0,00 | 16,322 | 603,80 | 603,80 | 629,94 |  0,00 | 0,337 | 44,35 | 44,35 |  0,00 | 2,552 | 206,50 | 206,50 |  0,00 | 19,520 | 208,54 | 208,54 |  0,00 | 149,925 | 144,41 | 144,41 | 422,527 |   NaN | NaN | 0,00 | 0,00 | NaN
  43 |  0,00 | 12,934 | 599,58 | 599,58 | 630,28 |  0,00 | 0,415 | 44,35 | 44,35 |  0,00 | 1,108 | 205,14 | 205,14 |  0,00 | 9,650 | 205,68 | 205,68 |  0,00 | 135,788 | 144,41 | 144,41 | 433,472 |   NaN | NaN | 0,00 | 0,00 | NaN
  44 |  0,00 | 17,181 | 603,46 | 603,46 | 629,18 |  0,00 | 0,329 | 44,35 | 44,35 |  0,00 | 5,313 | 206,14 | 206,14 |  0,00 | 21,663 | 208,55 | 208,55 |  0,00 | 147,844 | 144,41 | 144,41 | 402,976 |   NaN | NaN | 0,00 | 0,00 | NaN
  45 |  0,00 | 15,894 | 602,52 | 602,52 | 635,44 |  0,00 | 0,412 | 44,35 | 44,35 |  0,00 | 2,576 | 209,91 | 209,91 |  0,00 | 15,959 | 203,85 | 203,85 |  0,00 | 154,110 | 144,41 | 144,41 | 425,865 |   NaN | NaN | 0,00 | 0,00 | NaN
  46 |  0,00 | 13,859 | 597,34 | 597,34 | 623,50 |  0,00 | 0,351 | 44,35 | 44,35 |  0,00 | 1,035 | 202,16 | 202,16 |  0,00 | 10,378 | 206,42 | 206,42 |  0,00 | 145,969 | 144,41 | 144,41 | 444,167 |   NaN | NaN | 0,00 | 0,00 | NaN
  47 |  0,00 | 16,737 | 596,67 | 596,67 | 622,98 |  0,00 | 0,349 | 44,35 | 44,35 |  0,00 | 4,771 | 205,19 | 205,19 |  0,00 | 19,825 | 202,72 | 202,72 |  0,00 | 148,475 | 144,41 | 144,41 | 393,537 |   NaN | NaN | 0,00 | 0,00 | NaN
  48 |  0,00 | 17,054 | 595,10 | 595,10 | 621,98 |  0,00 | 0,378 | 44,35 | 44,35 |  0,00 | 4,119 | 202,37 | 202,37 |  0,00 | 21,280 | 203,97 | 203,97 |  0,00 | 149,723 | 144,41 | 144,41 | 405,414 |   NaN | NaN | 0,00 | 0,00 | NaN
  49 |  0,00 | 17,205 | 596,86 | 596,86 | 625,02 |  0,00 | 0,391 | 44,35 | 44,35 |  0,00 | 5,434 | 203,71 | 203,71 |  0,00 | 22,483 | 204,39 | 204,39 |  0,00 | 145,081 | 144,41 | 144,41 | 388,447 |   NaN | NaN | 0,00 | 0,00 | NaN
  50 |  0,00 | 13,041 | 598,18 | 598,18 | 624,35 |  0,00 | 0,345 | 44,35 | 44,35 |  0,00 | 0,938 | 206,61 | 206,61 |  0,00 | 9,839 | 202,81 | 202,81 |  0,00 | 137,713 | 144,41 | 144,41 | 437,430 |   NaN | NaN | 0,00 | 0,00 | NaN
  51 |  0,00 | 17,119 | 598,78 | 598,78 | 624,96 |  0,00 | 0,343 | 44,35 | 44,35 |  0,00 | 3,221 | 204,84 | 204,84 |  0,00 | 22,074 | 205,18 | 205,18 |  0,00 | 151,407 | 144,41 | 144,41 | 413,612 |   NaN | NaN | 0,00 | 0,00 | NaN
  52 |  0,00 | 16,460 | 601,32 | 601,32 | 627,76 |  0,00 | 0,369 | 44,35 | 44,35 |  0,00 | 2,774 | 203,87 | 203,87 |  0,00 | 18,392 | 208,70 | 208,70 |  0,00 | 153,479 | 144,41 | 144,41 | 421,116 |   NaN | NaN | 0,00 | 0,00 | NaN
  53 |  0,00 | 14,394 | 602,55 | 602,55 | 628,74 |  0,00 | 0,357 | 44,35 | 44,35 |  0,00 | 1,638 | 205,92 | 205,92 |  0,00 | 12,293 | 207,87 | 207,87 |  0,00 | 146,760 | 144,41 | 144,41 | 435,170 |   NaN | NaN | 0,00 | 0,00 | NaN
  54 |  0,00 | 16,519 | 595,06 | 595,06 | 621,35 |  0,00 | 0,359 | 44,35 | 44,35 |  0,00 | 2,760 | 205,06 | 205,06 |  0,00 | 19,420 | 201,25 | 201,25 |  0,00 | 152,080 | 144,41 | 144,41 | 423,105 |   NaN | NaN | 0,00 | 0,00 | NaN
  55 |  0,00 | 9,044 | 600,23 | 600,23 | 626,43 |  0,00 | 0,344 | 44,35 | 44,35 |  0,00 | 0,472 | 204,20 | 204,20 |  0,00 | 0,994 | 207,27 | 207,27 |  0,00 | 110,893 | 144,41 | 144,41 | 431,530 |   NaN | NaN | 0,00 | 0,00 | NaN
  56 |  0,00 | 16,741 | 597,39 | 597,39 | 623,65 |  0,00 | 0,350 | 44,35 | 44,35 |  0,00 | 4,206 | 206,48 | 206,48 |  0,00 | 21,155 | 202,15 | 202,15 |  0,00 | 146,756 | 144,41 | 144,41 | 402,768 |   NaN | NaN | 0,00 | 0,00 | NaN
  57 |  0,00 | 17,128 | 599,23 | 599,23 | 625,51 |  0,00 | 0,347 | 44,35 | 44,35 |  0,00 | 4,348 | 204,12 | 204,12 |  0,00 | 21,150 | 206,35 | 206,35 |  0,00 | 150,768 | 144,41 | 144,41 | 400,196 |   NaN | NaN | 0,00 | 0,00 | NaN
  58 |  0,00 | 16,826 | 602,37 | 602,37 | 629,07 |  0,00 | 0,376 | 44,35 | 44,35 |  0,00 | 4,429 | 206,78 | 206,78 |  0,00 | 20,636 | 206,83 | 206,83 |  0,00 | 148,269 | 144,41 | 144,41 | 397,870 |   NaN | NaN | 0,00 | 0,00 | NaN
  59 |  0,00 | 3,743 | 600,52 | 600,52 | 629,33 |  0,00 | 0,395 | 44,35 | 44,35 |  0,00 | 0,431 | 205,13 | 205,13 |  0,00 | 0,532 | 206,63 | 206,63 |  0,00 | 43,300 | 144,41 | 144,41 | 269,907 |   NaN | NaN | 0,00 | 0,00 | NaN
  60 |  0,00 | 16,927 | 600,48 | 600,48 | 626,34 |  0,00 | 0,331 | 44,35 | 44,35 |  0,00 | 3,684 | 206,93 | 206,93 |  0,00 | 21,141 | 204,79 | 204,79 |  0,00 | 150,655 | 144,41 | 144,41 | 410,159 |   NaN | NaN | 0,00 | 0,00 | NaN
  61 |  0,00 | 14,050 | 602,74 | 602,74 | 628,94 |  0,00 | 0,352 | 44,35 | 44,35 |  0,00 | 1,529 | 208,15 | 208,15 |  0,00 | 12,443 | 205,83 | 205,83 |  0,00 | 142,537 | 144,41 | 144,41 | 432,593 |   NaN | NaN | 0,00 | 0,00 | NaN
  62 |  0,00 | 17,367 | 601,56 | 601,56 | 634,92 |  0,00 | 0,414 | 44,35 | 44,35 |  0,00 | 3,976 | 206,52 | 206,52 |  0,00 | 22,231 | 206,28 | 206,28 |  0,00 | 151,940 | 144,41 | 144,41 | 409,268 |   NaN | NaN | 0,00 | 0,00 | NaN
  63 |  0,00 | 10,178 | 604,90 | 604,90 | 631,36 |  0,00 | 0,369 | 44,35 | 44,35 |  0,00 | 0,485 | 209,07 | 209,07 |  0,00 | 2,883 | 207,08 | 207,08 |  0,00 | 120,890 | 144,41 | 144,41 | 440,790 |   NaN | NaN | 0,00 | 0,00 | NaN
  64 |  0,00 | 16,531 | 597,23 | 597,23 | 630,45 |  0,00 | 0,412 | 44,35 | 44,35 |  0,00 | 2,736 | 206,43 | 206,43 |  0,00 | 19,285 | 202,04 | 202,04 |  0,00 | 152,540 | 144,41 | 144,41 | 423,548 |   NaN | NaN | 0,00 | 0,00 | NaN

= = = = = = = = = = = = AVERAGE RESULTS system = = = = = = = = = = = =
meanPLR_system | 0,000000 
meanDelay_system | 10,246196 
meanLoad_system | 600,569108 
meanTHR_system | 600,569108 
meanGate_system | 628,531861 

meanPLR_EF_system | 0,000000 
meanPLR_AF_system | 0,000000 
meanPLR_BE_system | 0,000000 
meanPLR_FLA_system | 0,000000 
meanPLR_FLB_system | NaN 

meanTHR_EF_system | 44,352003 
meanTHR_AF_system | 206,071757 
meanTHR_BE_system | 205,737373 
meanTHR_FLA_system | 148,899597 
meanTHR_FLB_system | 0,000000 

meanLoad_EF_system | 44,352003 
meanLoad_AF_system | 206,071757 
meanLoad_BE_system | 205,737373 
meanLoad_FLA_system | 148,899597 
meanLoad_FLB_system | 0,000000 

meanDELAY_EF_system | 0,374126 
meanDELAY_AF_system | 2,504279 
meanDELAY_BE_system | 10,016466 
meanDELAY_FLA_system | 96,613946 
meanDELAY_FLB_system | NaN 
meanDELAY_CompleteFLA_system | 294,915181 
meanDELAY_CompleteFLB_system | NaN 

= = = = = = = = = = = = AVERAGE RESULTS = = = = = = = = = = = =
Packet Loss Ratio: 00,00 (%)
PROCESSED PACKAGES: 992305128 
DISCARTED PACKAGES: 0 
TOTAL PACKAGES: 992305128 
AVERAGE DELAY: 1596,63 (ms) 
AVERAGE THROUGHPUT: 600,57 (Mbps) 
GRANTED THROUGHPUT: 40226,04 (Mbps) By 64 ONUs
EFFECTIVE THROUGHPUT: 38436,42 (Mbps) By 64 ONUs
TOTAL LOAD: 38436,42 (Mbps) By 64 ONUs
ON Arrival THROUGHPUT: 0,00 (Mbps) By 64 ONUs
FINISHTIMEFL: 96,451571 
FINISHTIME: 99,451571 


fileName | IPACT_LBVARIBLETOKENSBYCYCLE_1_68_55_0 
