
ONU ID 	|  PLR(%) | Delay(ms) | Throughput(Mbps) | Granted Throughput(Mbps) | Total Load (Mbps) 

  ID |  PLR(%) |  D  | Thr |  Gates  |  Load  | PLR-EF | D-EF | ThrEF | LoadEF | PLR-AF | D-AF | ThrAF | LoadAF | PLR-BE | D-BE | ThrBE | LoadBE | PLR-FA | D-FA | ThrFA | LoadFA | DTFA |  PLR-FB | D-FB | ThrFB | LoadFB | DTFB | 
   1 |  5,68 | 283,741 | 754,85 | 800,29 | 759,41 |  0,00 | 1,408 | 44,35 | 44,35 |  0,00 | 16,823 | 365,17 | 365,17 | 12,76 | 1063,431 | 310,74 | 356,19 |  0,00 | 139,121 | 34,59 | 34,59 | 298,422 |   NaN | NaN | 0,00 | 0,00 | NaN
   2 |  6,04 | 278,678 | 754,14 | 802,64 | 758,75 |  0,00 | 1,420 | 44,35 | 44,35 |  0,00 | 17,814 | 365,32 | 365,32 | 13,53 | 1045,086 | 309,88 | 358,38 |  0,00 | 139,049 | 34,59 | 34,59 | 298,240 |   NaN | NaN | 0,00 | 0,00 | NaN
   3 |  5,16 | 273,344 | 754,12 | 795,12 | 758,68 |  0,00 | 1,356 | 44,35 | 44,35 |  0,00 | 17,193 | 357,79 | 357,79 | 11,44 | 1001,306 | 317,40 | 358,40 |  0,00 | 138,999 | 34,59 | 34,59 | 298,266 |   NaN | NaN | 0,00 | 0,00 | NaN
   4 |  6,16 | 287,086 | 754,61 | 804,16 | 759,15 |  0,00 | 1,362 | 44,35 | 44,35 |  0,00 | 16,350 | 364,14 | 364,14 | 13,72 | 1074,223 | 311,53 | 361,08 |  0,00 | 139,062 | 34,59 | 34,59 | 298,397 |   NaN | NaN | 0,00 | 0,00 | NaN
   5 |  5,38 | 275,006 | 753,66 | 796,47 | 758,21 |  0,00 | 1,387 | 44,35 | 44,35 |  0,00 | 17,100 | 359,59 | 359,59 | 11,96 | 1014,297 | 315,13 | 357,94 |  0,00 | 139,052 | 34,59 | 34,59 | 298,296 |   NaN | NaN | 0,00 | 0,00 | NaN
   6 |  5,95 | 281,554 | 754,55 | 802,31 | 759,12 |  0,00 | 1,336 | 44,35 | 44,35 |  0,00 | 17,659 | 362,97 | 362,97 | 13,25 | 1047,711 | 312,64 | 360,40 |  0,00 | 138,926 | 34,59 | 34,59 | 298,134 |   NaN | NaN | 0,00 | 0,00 | NaN
   7 |  5,68 | 284,392 | 754,08 | 799,51 | 758,64 |  0,00 | 1,354 | 44,35 | 44,35 |  0,00 | 18,069 | 361,32 | 361,32 | 12,65 | 1053,672 | 313,82 | 359,25 |  0,00 | 139,039 | 34,59 | 34,59 | 298,320 |   NaN | NaN | 0,00 | 0,00 | NaN
   8 |  5,79 | 283,845 | 755,05 | 801,46 | 759,61 |  0,00 | 1,404 | 44,35 | 44,35 |  0,00 | 17,247 | 360,17 | 360,17 | 12,81 | 1046,221 | 315,95 | 362,35 |  0,00 | 139,023 | 34,59 | 34,59 | 298,208 |   NaN | NaN | 0,00 | 0,00 | NaN
   9 |  5,98 | 283,163 | 754,90 | 802,90 | 759,45 |  0,00 | 1,344 | 44,35 | 44,35 |  0,00 | 16,721 | 361,70 | 361,70 | 13,25 | 1049,616 | 314,27 | 362,26 |  0,00 | 138,980 | 34,59 | 34,59 | 298,281 |   NaN | NaN | 0,00 | 0,00 | NaN
  10 |  5,32 | 274,397 | 754,79 | 797,21 | 759,34 |  0,00 | 1,405 | 44,35 | 44,35 |  0,00 | 16,717 | 359,64 | 359,64 | 11,83 | 1010,198 | 316,21 | 358,63 |  0,00 | 139,097 | 34,59 | 34,59 | 298,395 |   NaN | NaN | 0,00 | 0,00 | NaN
  11 |  5,44 | 284,015 | 753,73 | 797,13 | 758,28 |  0,00 | 1,345 | 44,35 | 44,35 |  0,00 | 18,151 | 357,02 | 357,02 | 12,02 | 1038,953 | 317,77 | 361,17 |  0,00 | 138,929 | 34,59 | 34,59 | 298,131 |   NaN | NaN | 0,00 | 0,00 | NaN
  12 |  5,74 | 279,049 | 755,19 | 801,15 | 759,75 |  0,00 | 1,407 | 44,35 | 44,35 |  0,00 | 18,118 | 360,41 | 360,41 | 12,70 | 1027,634 | 315,84 | 361,80 |  0,00 | 139,116 | 34,59 | 34,59 | 298,401 |   NaN | NaN | 0,00 | 0,00 | NaN
  13 |  4,82 | 272,884 | 753,27 | 791,40 | 757,84 |  0,00 | 1,372 | 44,35 | 44,35 |  0,00 | 18,747 | 358,32 | 358,32 | 10,77 | 1001,526 | 316,02 | 354,15 |  0,00 | 139,065 | 34,59 | 34,59 | 298,354 |   NaN | NaN | 0,00 | 0,00 | NaN
  14 |  6,06 | 280,595 | 753,04 | 801,62 | 757,62 |  0,00 | 1,413 | 44,35 | 44,35 |  0,00 | 18,468 | 361,41 | 361,41 | 13,45 | 1041,440 | 312,70 | 361,28 |  0,00 | 139,006 | 34,59 | 34,59 | 298,293 |   NaN | NaN | 0,00 | 0,00 | NaN
  15 |  5,34 | 279,271 | 753,55 | 796,05 | 758,13 |  0,00 | 1,407 | 44,35 | 44,35 |  0,00 | 19,022 | 354,56 | 354,56 | 11,72 | 1012,758 | 320,05 | 362,55 |  0,00 | 139,135 | 34,59 | 34,59 | 298,442 |   NaN | NaN | 0,00 | 0,00 | NaN
  16 |  6,80 | 295,946 | 754,02 | 809,05 | 758,59 |  0,00 | 1,398 | 44,35 | 44,35 |  0,00 | 17,588 | 361,89 | 361,89 | 14,94 | 1100,212 | 313,20 | 368,23 |  0,00 | 139,097 | 34,59 | 34,59 | 298,389 |   NaN | NaN | 0,00 | 0,00 | NaN
  17 |  5,96 | 284,903 | 753,42 | 801,16 | 758,01 |  0,00 | 1,411 | 44,35 | 44,35 |  0,00 | 17,091 | 362,65 | 362,65 | 13,27 | 1062,381 | 311,84 | 359,57 |  0,00 | 139,065 | 34,59 | 34,59 | 298,343 |   NaN | NaN | 0,00 | 0,00 | NaN
  18 |  5,28 | 279,303 | 754,12 | 796,15 | 758,69 |  0,00 | 1,388 | 44,35 | 44,35 |  0,00 | 15,290 | 358,41 | 358,41 | 11,71 | 1028,135 | 316,77 | 358,80 |  0,00 | 138,964 | 34,59 | 34,59 | 298,119 |   NaN | NaN | 0,00 | 0,00 | NaN
  19 |  4,48 | 270,911 | 754,17 | 789,56 | 758,72 |  0,00 | 1,379 | 44,35 | 44,35 |  0,00 | 17,772 | 353,88 | 353,88 |  9,92 | 979,767 | 321,35 | 356,75 |  0,00 | 139,021 | 34,59 | 34,59 | 298,222 |   NaN | NaN | 0,00 | 0,00 | NaN
  20 |  4,97 | 266,937 | 753,69 | 793,08 | 758,23 |  0,00 | 1,374 | 44,35 | 44,35 |  0,00 | 17,540 | 360,30 | 360,30 | 11,13 | 985,303 | 314,45 | 353,84 |  0,00 | 138,834 | 34,59 | 34,59 | 297,993 |   NaN | NaN | 0,00 | 0,00 | NaN
  21 |  4,29 | 258,453 | 753,71 | 787,51 | 758,27 |  0,00 | 1,379 | 44,35 | 44,35 |  0,00 | 17,937 | 355,72 | 355,72 |  9,58 | 939,292 | 319,05 | 352,86 |  0,00 | 139,108 | 34,59 | 34,59 | 298,399 |   NaN | NaN | 0,00 | 0,00 | NaN
  22 |  6,19 | 290,341 | 754,51 | 804,33 | 759,10 |  0,00 | 1,417 | 44,35 | 44,35 |  0,00 | 19,026 | 366,43 | 366,43 | 13,88 | 1091,441 | 309,14 | 358,96 |  0,00 | 139,104 | 34,59 | 34,59 | 298,349 |   NaN | NaN | 0,00 | 0,00 | NaN
  23 |  5,66 | 288,071 | 754,47 | 799,72 | 759,05 |  0,00 | 1,399 | 44,35 | 44,35 |  0,00 | 17,324 | 360,67 | 360,67 | 12,57 | 1065,441 | 314,86 | 360,12 |  0,00 | 139,040 | 34,59 | 34,59 | 298,247 |   NaN | NaN | 0,00 | 0,00 | NaN
  24 |  6,07 | 283,298 | 754,55 | 803,29 | 759,11 |  0,00 | 1,361 | 44,35 | 44,35 |  0,00 | 19,669 | 360,83 | 360,83 | 13,41 | 1044,632 | 314,79 | 363,52 |  0,00 | 138,971 | 34,59 | 34,59 | 298,194 |   NaN | NaN | 0,00 | 0,00 | NaN
  25 |  6,16 | 292,409 | 754,26 | 803,78 | 758,87 |  0,00 | 1,418 | 44,35 | 44,35 |  0,00 | 16,217 | 358,79 | 358,79 | 13,53 | 1077,393 | 316,53 | 366,05 |  0,00 | 139,175 | 34,59 | 34,59 | 298,470 |   NaN | NaN | 0,00 | 0,00 | NaN
  26 |  5,19 | 279,722 | 754,42 | 795,75 | 759,01 |  0,00 | 1,415 | 44,35 | 44,35 |  0,00 | 19,177 | 359,34 | 359,34 | 11,56 | 1027,257 | 316,14 | 357,47 |  0,00 | 139,016 | 34,59 | 34,59 | 298,319 |   NaN | NaN | 0,00 | 0,00 | NaN
  27 |  5,24 | 275,452 | 754,37 | 796,05 | 758,91 |  0,00 | 1,341 | 44,35 | 44,35 |  0,00 | 17,917 | 361,78 | 361,78 | 11,73 | 1020,459 | 313,65 | 355,33 |  0,00 | 138,882 | 34,59 | 34,59 | 298,060 |   NaN | NaN | 0,00 | 0,00 | NaN
  28 |  4,59 | 278,625 | 753,94 | 790,19 | 758,51 |  0,00 | 1,408 | 44,35 | 44,35 |  0,00 | 19,318 | 358,98 | 358,98 | 10,29 | 1023,116 | 316,03 | 352,27 |  0,00 | 139,060 | 34,59 | 34,59 | 298,292 |   NaN | NaN | 0,00 | 0,00 | NaN
  29 |  5,78 | 285,143 | 754,14 | 800,42 | 758,70 |  0,00 | 1,387 | 44,35 | 44,35 |  0,00 | 18,154 | 360,73 | 360,73 | 12,83 | 1054,036 | 314,47 | 360,75 |  0,00 | 138,854 | 34,59 | 34,59 | 298,063 |   NaN | NaN | 0,00 | 0,00 | NaN
  30 |  5,20 | 279,528 | 754,41 | 795,77 | 759,01 |  0,00 | 1,417 | 44,35 | 44,35 |  0,00 | 18,031 | 358,30 | 358,30 | 11,53 | 1024,808 | 317,18 | 358,53 |  0,00 | 138,962 | 34,59 | 34,59 | 298,087 |   NaN | NaN | 0,00 | 0,00 | NaN
  31 |  5,12 | 278,613 | 754,66 | 795,37 | 759,20 |  0,00 | 1,384 | 44,35 | 44,35 |  0,00 | 15,577 | 360,66 | 360,66 | 11,44 | 1030,900 | 315,06 | 355,78 |  0,00 | 139,013 | 34,59 | 34,59 | 298,207 |   NaN | NaN | 0,00 | 0,00 | NaN
  32 |  5,71 | 282,421 | 755,40 | 801,13 | 759,95 |  0,00 | 1,341 | 44,35 | 44,35 |  0,00 | 15,139 | 360,61 | 360,61 | 12,65 | 1044,047 | 315,85 | 361,58 |  0,00 | 138,916 | 34,59 | 34,59 | 298,127 |   NaN | NaN | 0,00 | 0,00 | NaN
  33 |  5,13 | 272,890 | 754,02 | 794,77 | 758,58 |  0,00 | 1,406 | 44,35 | 44,35 |  0,00 | 18,900 | 356,90 | 356,90 | 11,35 | 995,254 | 318,18 | 358,93 |  0,00 | 138,939 | 34,59 | 34,59 | 298,134 |   NaN | NaN | 0,00 | 0,00 | NaN
  34 |  5,29 | 281,193 | 754,44 | 796,59 | 758,99 |  0,00 | 1,397 | 44,35 | 44,35 |  0,00 | 16,790 | 359,41 | 359,41 | 11,77 | 1036,031 | 316,09 | 358,24 |  0,00 | 138,866 | 34,59 | 34,59 | 297,966 |   NaN | NaN | 0,00 | 0,00 | NaN
  35 |  6,10 | 289,742 | 753,86 | 802,87 | 758,40 |  0,00 | 1,346 | 44,35 | 44,35 |  0,00 | 16,489 | 362,36 | 362,36 | 13,56 | 1079,805 | 312,56 | 361,58 |  0,00 | 138,729 | 34,59 | 34,59 | 297,740 |   NaN | NaN | 0,00 | 0,00 | NaN
  36 |  5,26 | 273,682 | 754,18 | 796,04 | 758,73 |  0,00 | 1,400 | 44,35 | 44,35 |  0,00 | 16,224 | 356,06 | 356,06 | 11,59 | 998,483 | 319,18 | 361,05 |  0,00 | 139,005 | 34,59 | 34,59 | 298,200 |   NaN | NaN | 0,00 | 0,00 | NaN
  37 |  6,19 | 286,767 | 754,93 | 804,72 | 759,50 |  0,00 | 1,382 | 44,35 | 44,35 |  0,00 | 16,727 | 365,32 | 365,32 | 13,81 | 1075,814 | 310,68 | 360,47 |  0,00 | 138,792 | 34,59 | 34,59 | 298,009 |   NaN | NaN | 0,00 | 0,00 | NaN
  38 |  6,03 | 287,097 | 754,80 | 803,25 | 759,36 |  0,00 | 1,374 | 44,35 | 44,35 |  0,00 | 15,995 | 361,69 | 361,69 | 13,36 | 1065,927 | 314,17 | 362,62 |  0,00 | 138,906 | 34,59 | 34,59 | 298,034 |   NaN | NaN | 0,00 | 0,00 | NaN
  39 |  4,19 | 271,370 | 754,81 | 787,82 | 759,40 |  0,00 | 1,417 | 44,35 | 44,35 |  0,00 | 16,540 | 356,47 | 356,47 |  9,37 | 989,192 | 319,41 | 352,42 |  0,00 | 138,907 | 34,59 | 34,59 | 298,049 |   NaN | NaN | 0,00 | 0,00 | NaN
  40 |  4,66 | 273,202 | 753,40 | 790,19 | 757,97 |  0,00 | 1,417 | 44,35 | 44,35 |  0,00 | 15,594 | 359,40 | 359,40 | 10,46 | 1009,278 | 315,06 | 351,85 |  0,00 | 138,926 | 34,59 | 34,59 | 298,100 |   NaN | NaN | 0,00 | 0,00 | NaN
  41 |  6,07 | 283,432 | 752,77 | 801,39 | 757,33 |  0,00 | 1,400 | 44,35 | 44,35 |  0,00 | 16,952 | 356,61 | 356,61 | 13,29 | 1039,174 | 317,22 | 365,84 |  0,00 | 138,943 | 34,59 | 34,59 | 298,197 |   NaN | NaN | 0,00 | 0,00 | NaN
  42 |  6,07 | 285,955 | 755,17 | 803,93 | 759,72 |  0,00 | 1,346 | 44,35 | 44,35 |  0,00 | 17,670 | 362,01 | 362,01 | 13,43 | 1059,608 | 314,22 | 362,98 |  0,00 | 138,860 | 34,59 | 34,59 | 298,081 |   NaN | NaN | 0,00 | 0,00 | NaN
  43 |  6,84 | 294,234 | 754,03 | 809,36 | 758,61 |  0,00 | 1,424 | 44,35 | 44,35 |  0,00 | 17,133 | 365,28 | 365,28 | 15,15 | 1105,743 | 309,81 | 365,14 |  0,00 | 138,897 | 34,59 | 34,59 | 298,052 |   NaN | NaN | 0,00 | 0,00 | NaN
  44 |  5,93 | 291,867 | 754,75 | 802,30 | 759,30 |  0,00 | 1,337 | 44,35 | 44,35 |  0,00 | 17,533 | 359,88 | 359,88 | 13,08 | 1076,508 | 315,93 | 363,48 |  0,00 | 138,990 | 34,59 | 34,59 | 298,220 |   NaN | NaN | 0,00 | 0,00 | NaN
  45 |  5,27 | 277,343 | 754,70 | 796,69 | 759,26 |  0,00 | 1,421 | 44,35 | 44,35 |  0,00 | 17,543 | 363,32 | 363,32 | 11,85 | 1032,389 | 312,44 | 354,43 |  0,00 | 138,979 | 34,59 | 34,59 | 298,195 |   NaN | NaN | 0,00 | 0,00 | NaN
  46 |  5,62 | 283,543 | 754,33 | 799,27 | 758,89 |  0,00 | 1,360 | 44,35 | 44,35 |  0,00 | 18,019 | 358,57 | 358,57 | 12,42 | 1040,918 | 316,82 | 361,77 |  0,00 | 138,859 | 34,59 | 34,59 | 298,014 |   NaN | NaN | 0,00 | 0,00 | NaN
  47 |  5,31 | 281,874 | 754,14 | 796,43 | 758,68 |  0,00 | 1,358 | 44,35 | 44,35 |  0,00 | 17,405 | 360,65 | 360,65 | 11,85 | 1042,531 | 314,56 | 356,84 |  0,00 | 139,070 | 34,59 | 34,59 | 298,251 |   NaN | NaN | 0,00 | 0,00 | NaN
  48 |  5,31 | 285,287 | 753,59 | 795,82 | 758,14 |  0,00 | 1,387 | 44,35 | 44,35 |  0,00 | 17,025 | 358,57 | 358,57 | 11,79 | 1050,281 | 316,08 | 358,32 |  0,00 | 138,998 | 34,59 | 34,59 | 298,227 |   NaN | NaN | 0,00 | 0,00 | NaN
  49 |  5,19 | 275,574 | 754,38 | 795,68 | 758,94 |  0,00 | 1,400 | 44,35 | 44,35 |  0,00 | 16,260 | 360,54 | 360,54 | 11,59 | 1018,935 | 314,90 | 356,20 |  0,00 | 139,026 | 34,59 | 34,59 | 298,218 |   NaN | NaN | 0,00 | 0,00 | NaN
  50 |  5,84 | 286,069 | 754,07 | 800,87 | 758,61 |  0,00 | 1,354 | 44,35 | 44,35 |  0,00 | 17,919 | 363,21 | 363,21 | 13,05 | 1066,392 | 311,93 | 358,72 |  0,00 | 138,836 | 34,59 | 34,59 | 297,957 |   NaN | NaN | 0,00 | 0,00 | NaN
  51 |  5,63 | 282,268 | 754,40 | 799,45 | 758,94 |  0,00 | 1,352 | 44,35 | 44,35 |  0,00 | 17,005 | 359,48 | 359,48 | 12,48 | 1040,136 | 315,99 | 361,03 |  0,00 | 138,953 | 34,59 | 34,59 | 298,211 |   NaN | NaN | 0,00 | 0,00 | NaN
  52 |  5,43 | 276,015 | 753,46 | 796,73 | 758,02 |  0,00 | 1,379 | 44,35 | 44,35 |  0,00 | 17,690 | 354,95 | 354,95 | 11,92 | 1003,887 | 319,58 | 362,84 |  0,00 | 138,863 | 34,59 | 34,59 | 298,069 |   NaN | NaN | 0,00 | 0,00 | NaN
  53 |  5,69 | 283,468 | 754,36 | 799,84 | 758,91 |  0,00 | 1,366 | 44,35 | 44,35 |  0,00 | 18,079 | 361,90 | 361,90 | 12,67 | 1051,228 | 313,53 | 359,01 |  0,00 | 138,905 | 34,59 | 34,59 | 298,101 |   NaN | NaN | 0,00 | 0,00 | NaN
  54 |  4,80 | 275,311 | 754,69 | 792,70 | 759,23 |  0,00 | 1,368 | 44,35 | 44,35 |  0,00 | 17,494 | 359,56 | 359,56 | 10,73 | 1012,720 | 316,19 | 354,21 |  0,00 | 138,892 | 34,59 | 34,59 | 298,125 |   NaN | NaN | 0,00 | 0,00 | NaN
  55 |  5,06 | 277,377 | 755,11 | 795,38 | 759,66 |  0,00 | 1,353 | 44,35 | 44,35 |  0,00 | 16,897 | 356,63 | 356,63 | 11,19 | 1011,253 | 319,55 | 359,81 |  0,00 | 138,873 | 34,59 | 34,59 | 297,994 |   NaN | NaN | 0,00 | 0,00 | NaN
  56 |  5,00 | 277,042 | 754,71 | 794,46 | 759,26 |  0,00 | 1,359 | 44,35 | 44,35 |  0,00 | 17,635 | 357,15 | 357,15 | 11,09 | 1011,371 | 318,62 | 358,37 |  0,00 | 138,980 | 34,59 | 34,59 | 298,231 |   NaN | NaN | 0,00 | 0,00 | NaN
  57 |  5,47 | 274,742 | 754,43 | 798,10 | 758,98 |  0,00 | 1,356 | 44,35 | 44,35 |  0,00 | 19,899 | 358,17 | 358,17 | 12,10 | 1004,013 | 317,33 | 361,00 |  0,00 | 138,947 | 34,59 | 34,59 | 298,161 |   NaN | NaN | 0,00 | 0,00 | NaN
  58 |  5,55 | 288,948 | 753,93 | 798,26 | 758,48 |  0,00 | 1,385 | 44,35 | 44,35 |  0,00 | 17,171 | 359,49 | 359,49 | 12,32 | 1065,952 | 315,50 | 359,84 |  0,00 | 139,048 | 34,59 | 34,59 | 298,247 |   NaN | NaN | 0,00 | 0,00 | NaN
  59 |  6,15 | 292,381 | 754,87 | 804,30 | 759,42 |  0,00 | 1,404 | 44,35 | 44,35 |  0,00 | 16,093 | 359,47 | 359,47 | 13,51 | 1077,858 | 316,46 | 365,89 |  0,00 | 138,818 | 34,59 | 34,59 | 297,941 |   NaN | NaN | 0,00 | 0,00 | NaN
  60 |  5,64 | 284,517 | 753,88 | 798,96 | 758,43 |  0,00 | 1,339 | 44,35 | 44,35 |  0,00 | 18,860 | 359,92 | 359,92 | 12,52 | 1048,898 | 315,02 | 360,11 |  0,00 | 138,980 | 34,59 | 34,59 | 298,216 |   NaN | NaN | 0,00 | 0,00 | NaN
  61 |  6,07 | 288,535 | 754,46 | 803,25 | 759,02 |  0,00 | 1,361 | 44,35 | 44,35 |  0,00 | 18,487 | 361,78 | 361,78 | 13,46 | 1069,717 | 313,75 | 362,54 |  0,00 | 138,878 | 34,59 | 34,59 | 298,057 |   NaN | NaN | 0,00 | 0,00 | NaN
  62 |  6,00 | 286,656 | 754,10 | 802,23 | 758,70 |  0,00 | 1,423 | 44,35 | 44,35 |  0,00 | 16,727 | 362,39 | 362,39 | 13,33 | 1067,101 | 312,78 | 360,90 |  0,00 | 139,113 | 34,59 | 34,59 | 298,342 |   NaN | NaN | 0,00 | 0,00 | NaN
  63 |  5,71 | 287,218 | 754,01 | 799,68 | 758,57 |  0,00 | 1,378 | 44,35 | 44,35 |  0,00 | 14,246 | 362,28 | 362,28 | 12,74 | 1072,099 | 312,80 | 358,46 |  0,00 | 138,906 | 34,59 | 34,59 | 298,023 |   NaN | NaN | 0,00 | 0,00 | NaN
  64 |  4,87 | 269,958 | 754,69 | 793,30 | 759,27 |  0,00 | 1,421 | 44,35 | 44,35 |  0,00 | 18,457 | 358,53 | 358,53 | 10,85 | 988,002 | 317,23 | 355,83 |  0,00 | 138,962 | 34,59 | 34,59 | 298,177 |   NaN | NaN | 0,00 | 0,00 | NaN

= = = = = = = = = = = = AVERAGE RESULTS system = = = = = = = = = = = =
meanPLR_system | 5,540375 
meanDelay_system | 281,197752 
meanLoad_system | 798,536440 
meanTHR_system | 754,269462 
meanGate_system | 758,831420 

meanPLR_EF_system | 0,000000 
meanPLR_AF_system | 0,000000 
meanPLR_BE_system | 12,304984 
meanPLR_FLA_system | 0,000000 
meanPLR_FLB_system | NaN 

meanTHR_EF_system | 44,352003 
meanTHR_AF_system | 360,116115 
meanTHR_BE_system | 315,216272 
meanTHR_FLA_system | 35,160849 
meanTHR_FLB_system | 0,000000 

meanLoad_EF_system | 44,352003 
meanLoad_AF_system | 360,116115 
meanLoad_BE_system | 359,483249 
meanLoad_FLA_system | 35,160849 
meanLoad_FLB_system | 0,000000 

meanDELAY_EF_system | 1,382972 
meanDELAY_AF_system | 17,412824 
meanDELAY_BE_system | 1038,018581 
meanDELAY_FLA_system | 138,973872 
meanDELAY_FLB_system | NaN 
meanDELAY_CompleteFLA_system | 298,187487 
meanDELAY_CompleteFLB_system | NaN 

= = = = = = = = = = = = AVERAGE RESULTS = = = = = = = = = = = =
Packet Loss Ratio: 05,54 (%)
PROCESSED PACKAGES: 2206386988 
DISCARTED PACKAGES: 80951769 
TOTAL PACKAGES: 2287338757 
AVERAGE DELAY: 52916,12 (ms) 
AVERAGE THROUGHPUT: 754,27 (Mbps) 
GRANTED THROUGHPUT: 48565,21 (Mbps) By 64 ONUs
EFFECTIVE THROUGHPUT: 48273,25 (Mbps) By 64 ONUs
TOTAL LOAD: 51106,33 (Mbps) By 64 ONUs
ON Arrival THROUGHPUT: 0,00 (Mbps) By 64 ONUs
FINISHTIMEFL: 180,200428 
FINISHTIME: 183,200428 


fileName | IPACT_STRICTPRIORITY_4_30_96_0 
