
ONU ID 	|  PLR(%) | Delay(ms) | Throughput(Mbps) | Granted Throughput(Mbps) | Total Load (Mbps) 

  ID |  PLR(%) |  D  | Thr |  Gates  |  Load  | PLR-EF | D-EF | ThrEF | LoadEF | PLR-AF | D-AF | ThrAF | LoadAF | PLR-BE | D-BE | ThrBE | LoadBE | PLR-FA | D-FA | ThrFA | LoadFA | DTFA |  PLR-FB | D-FB | ThrFB | LoadFB | DTFB | 
   1 |  7,41 | 295,317 | 754,97 | 815,42 | 759,53 |  0,00 | 1,409 | 44,35 | 44,35 |  0,00 | 17,188 | 372,87 | 372,87 | 16,62 | 1134,740 | 303,16 | 363,61 |  0,00 | 139,166 | 34,58 | 34,58 | 302,369 |   NaN | NaN | 0,00 | 0,00 | NaN
   2 |  7,71 | 288,120 | 754,58 | 817,63 | 758,89 |  0,00 | 1,420 | 44,35 | 44,35 |  0,00 | 6,807 | 372,94 | 372,94 | 17,24 | 1107,886 | 302,71 | 365,76 |  0,00 | 342,080 | 34,58 | 34,58 | 1049,550 |   NaN | NaN | 0,00 | 0,00 | NaN
   3 |  6,75 | 283,562 | 755,14 | 809,77 | 759,43 |  0,00 | 1,357 | 44,35 | 44,35 |  0,00 | 5,824 | 365,04 | 365,04 | 14,93 | 1061,791 | 311,17 | 365,79 |  0,00 | 353,031 | 34,58 | 34,58 | 1081,034 |   NaN | NaN | 0,00 | 0,00 | NaN
   4 |  7,86 | 298,135 | 754,76 | 819,16 | 759,31 |  0,00 | 1,363 | 44,35 | 44,35 |  0,00 | 16,737 | 371,70 | 371,70 | 17,48 | 1142,708 | 304,13 | 368,53 |  0,00 | 139,126 | 34,58 | 34,58 | 298,424 |   NaN | NaN | 0,00 | 0,00 | NaN
   5 |  7,00 | 280,975 | 754,40 | 811,21 | 758,66 |  0,00 | 1,388 | 44,35 | 44,35 |  0,00 | 2,774 | 366,93 | 366,93 | 15,55 | 1050,033 | 308,53 | 365,35 |  0,00 | 577,495 | 34,58 | 34,58 | 1756,449 |   NaN | NaN | 0,00 | 0,00 | NaN
   6 |  7,64 | 288,506 | 755,13 | 817,60 | 759,38 |  0,00 | 1,336 | 44,35 | 44,35 |  0,00 | 4,974 | 370,73 | 370,73 | 16,98 | 1096,083 | 305,46 | 367,93 |  0,00 | 449,352 | 34,58 | 34,58 | 1372,233 |   NaN | NaN | 0,00 | 0,00 | NaN
   7 |  7,39 | 296,077 | 754,24 | 814,43 | 758,72 |  0,00 | 1,355 | 44,35 | 44,35 |  0,00 | 16,937 | 368,82 | 368,82 | 16,41 | 1124,086 | 306,49 | 366,67 |  0,00 | 156,310 | 34,58 | 34,58 | 385,086 |   NaN | NaN | 0,00 | 0,00 | NaN
   8 |  7,49 | 293,488 | 755,23 | 816,39 | 759,50 |  0,00 | 1,405 | 44,35 | 44,35 |  0,00 | 4,639 | 367,56 | 367,56 | 16,54 | 1106,033 | 308,73 | 369,90 |  0,00 | 417,706 | 34,58 | 34,58 | 1277,363 |   NaN | NaN | 0,00 | 0,00 | NaN
   9 |  7,71 | 295,927 | 755,03 | 818,11 | 759,44 |  0,00 | 1,345 | 44,35 | 44,35 |  0,00 | 12,536 | 369,32 | 369,32 | 17,05 | 1125,602 | 306,77 | 369,85 |  0,00 | 204,028 | 34,58 | 34,58 | 579,251 |   NaN | NaN | 0,00 | 0,00 | NaN
  10 |  7,02 | 287,959 | 755,15 | 812,20 | 759,69 |  0,00 | 1,406 | 44,35 | 44,35 |  0,00 | 17,127 | 367,18 | 367,18 | 15,58 | 1085,236 | 309,04 | 366,08 |  0,00 | 139,271 | 34,58 | 34,58 | 307,174 |   NaN | NaN | 0,00 | 0,00 | NaN
  11 |  7,14 | 287,393 | 754,15 | 812,17 | 758,43 |  0,00 | 1,345 | 44,35 | 44,35 |  0,00 | 2,089 | 364,48 | 364,48 | 15,73 | 1048,860 | 310,74 | 368,75 |  0,00 | 905,264 | 34,58 | 34,58 | 2739,770 |   NaN | NaN | 0,00 | 0,00 | NaN
  12 |  7,44 | 288,376 | 755,45 | 816,17 | 759,72 |  0,00 | 1,408 | 44,35 | 44,35 |  0,00 | 3,857 | 367,99 | 367,99 | 16,44 | 1086,071 | 308,52 | 369,24 |  0,00 | 449,191 | 34,58 | 34,58 | 1372,028 |   NaN | NaN | 0,00 | 0,00 | NaN
  13 |  6,42 | 283,124 | 754,46 | 806,18 | 758,76 |  0,00 | 1,372 | 44,35 | 44,35 |  0,00 | 6,481 | 365,82 | 365,82 | 14,31 | 1063,123 | 309,70 | 361,42 |  0,00 | 359,457 | 34,58 | 34,58 | 1095,666 |   NaN | NaN | 0,00 | 0,00 | NaN
  14 |  7,66 | 284,726 | 754,19 | 816,75 | 758,47 |  0,00 | 1,414 | 44,35 | 44,35 |  0,00 | 2,659 | 369,01 | 369,01 | 16,96 | 1074,164 | 306,25 | 368,81 |  0,00 | 549,929 | 34,58 | 34,58 | 1674,101 |   NaN | NaN | 0,00 | 0,00 | NaN
  15 |  7,03 | 291,502 | 753,86 | 810,83 | 758,35 |  0,00 | 1,408 | 44,35 | 44,35 |  0,00 | 17,830 | 361,89 | 361,89 | 15,40 | 1082,099 | 313,04 | 370,00 |  0,00 | 155,609 | 34,58 | 34,58 | 389,519 |   NaN | NaN | 0,00 | 0,00 | NaN
  16 |  8,48 | 303,037 | 754,41 | 824,31 | 758,76 |  0,00 | 1,399 | 44,35 | 44,35 |  0,00 | 9,594 | 369,55 | 369,55 | 18,60 | 1155,349 | 305,93 | 375,83 |  0,00 | 267,759 | 34,58 | 34,58 | 800,631 |   NaN | NaN | 0,00 | 0,00 | NaN
  17 |  7,66 | 294,748 | 753,81 | 816,34 | 758,19 |  0,00 | 1,412 | 44,35 | 44,35 |  0,00 | 10,843 | 370,18 | 370,18 | 17,03 | 1128,702 | 304,70 | 367,22 |  0,00 | 219,651 | 34,58 | 34,58 | 638,522 |   NaN | NaN | 0,00 | 0,00 | NaN
  18 |  6,97 | 281,436 | 754,36 | 810,88 | 758,62 |  0,00 | 1,388 | 44,35 | 44,35 |  0,00 | 2,525 | 365,77 | 365,77 | 15,44 | 1021,009 | 309,65 | 366,17 |  0,00 | 1043,543 | 34,58 | 34,58 | 3154,980 |   NaN | NaN | 0,00 | 0,00 | NaN
  19 |  6,18 | 277,903 | 754,59 | 804,31 | 758,86 |  0,00 | 1,380 | 44,35 | 44,35 |  0,00 | 2,089 | 361,18 | 361,18 | 13,65 | 1007,630 | 314,47 | 364,19 |  0,00 | 792,024 | 34,58 | 34,58 | 2400,290 |   NaN | NaN | 0,00 | 0,00 | NaN
  20 |  6,61 | 271,526 | 754,50 | 807,86 | 758,78 |  0,00 | 1,375 | 44,35 | 44,35 |  0,00 | 2,575 | 367,60 | 367,60 | 14,77 | 994,564 | 307,96 | 361,32 |  0,00 | 940,413 | 34,58 | 34,58 | 2845,653 |   NaN | NaN | 0,00 | 0,00 | NaN
  21 |  6,03 | 278,604 | 753,97 | 802,39 | 758,48 |  0,00 | 1,380 | 44,35 | 44,35 |  0,00 | 17,870 | 363,21 | 363,21 | 13,44 | 1037,789 | 311,82 | 360,24 |  0,00 | 143,847 | 34,58 | 34,58 | 346,075 |   NaN | NaN | 0,00 | 0,00 | NaN
  22 |  7,89 | 294,240 | 754,83 | 819,53 | 759,14 |  0,00 | 1,418 | 44,35 | 44,35 |  0,00 | 2,898 | 374,20 | 374,20 | 17,66 | 1124,023 | 301,70 | 366,39 |  0,00 | 617,322 | 34,58 | 34,58 | 1876,227 |   NaN | NaN | 0,00 | 0,00 | NaN
  23 |  7,35 | 288,813 | 754,80 | 814,71 | 759,09 |  0,00 | 1,400 | 44,35 | 44,35 |  0,00 | 2,307 | 368,20 | 368,20 | 16,30 | 1066,392 | 307,66 | 367,58 |  0,00 | 884,127 | 34,58 | 34,58 | 2676,354 |   NaN | NaN | 0,00 | 0,00 | NaN
  24 |  7,78 | 293,240 | 754,79 | 818,47 | 759,06 |  0,00 | 1,362 | 44,35 | 44,35 |  0,00 | 5,982 | 368,36 | 368,36 | 17,16 | 1108,425 | 307,50 | 371,17 |  0,00 | 401,574 | 34,58 | 34,58 | 1228,687 |   NaN | NaN | 0,00 | 0,00 | NaN
  25 |  7,87 | 301,791 | 754,49 | 818,90 | 758,94 |  0,00 | 1,419 | 44,35 | 44,35 |  0,00 | 12,899 | 366,34 | 366,34 | 17,24 | 1139,914 | 309,21 | 373,62 |  0,00 | 179,466 | 34,58 | 34,58 | 495,155 |   NaN | NaN | 0,00 | 0,00 | NaN
  26 |  6,90 | 290,966 | 754,80 | 810,70 | 759,29 |  0,00 | 1,416 | 44,35 | 44,35 |  0,00 | 17,689 | 366,85 | 366,85 | 15,32 | 1094,619 | 309,01 | 364,92 |  0,00 | 159,015 | 34,58 | 34,58 | 414,186 |   NaN | NaN | 0,00 | 0,00 | NaN
  27 |  6,93 | 277,401 | 754,87 | 811,08 | 759,14 |  0,00 | 1,342 | 44,35 | 44,35 |  0,00 | 1,976 | 369,29 | 369,29 | 15,49 | 1015,007 | 306,64 | 362,85 |  0,00 | 1067,673 | 34,58 | 34,58 | 3227,370 |   NaN | NaN | 0,00 | 0,00 | NaN
  28 |  6,29 | 282,249 | 754,42 | 805,06 | 758,69 |  0,00 | 1,408 | 44,35 | 44,35 |  0,00 | 2,194 | 366,52 | 366,52 | 14,08 | 1035,829 | 308,96 | 359,61 |  0,00 | 892,402 | 34,58 | 34,58 | 2701,337 |   NaN | NaN | 0,00 | 0,00 | NaN
  29 |  7,47 | 284,892 | 754,61 | 815,56 | 758,88 |  0,00 | 1,388 | 44,35 | 44,35 |  0,00 | 2,022 | 368,25 | 368,25 | 16,55 | 1048,527 | 307,43 | 368,38 |  0,00 | 940,156 | 34,58 | 34,58 | 2844,688 |   NaN | NaN | 0,00 | 0,00 | NaN
  30 |  6,90 | 282,845 | 754,74 | 810,65 | 759,04 |  0,00 | 1,418 | 44,35 | 44,35 |  0,00 | 2,111 | 365,76 | 365,76 | 15,28 | 1028,491 | 310,04 | 365,96 |  0,00 | 1001,413 | 34,58 | 34,58 | 3028,256 |   NaN | NaN | 0,00 | 0,00 | NaN
  31 |  6,82 | 284,430 | 755,09 | 810,32 | 759,36 |  0,00 | 1,385 | 44,35 | 44,35 |  0,00 | 2,123 | 368,15 | 368,15 | 15,21 | 1050,025 | 308,00 | 363,24 |  0,00 | 861,978 | 34,58 | 34,58 | 2610,107 |   NaN | NaN | 0,00 | 0,00 | NaN
  32 |  7,41 | 286,095 | 755,56 | 816,07 | 759,84 |  0,00 | 1,342 | 44,35 | 44,35 |  0,00 | 2,587 | 368,00 | 368,00 | 16,39 | 1047,736 | 308,63 | 369,13 |  0,00 | 975,155 | 34,58 | 34,58 | 2949,580 |   NaN | NaN | 0,00 | 0,00 | NaN
  33 |  6,80 | 276,766 | 754,61 | 809,63 | 758,89 |  0,00 | 1,407 | 44,35 | 44,35 |  0,00 | 2,485 | 364,29 | 364,29 | 15,02 | 1003,759 | 311,39 | 366,40 |  0,00 | 938,364 | 34,58 | 34,58 | 2839,085 |   NaN | NaN | 0,00 | 0,00 | NaN
  34 |  6,95 | 284,072 | 755,08 | 811,48 | 759,34 |  0,00 | 1,398 | 44,35 | 44,35 |  0,00 | 1,965 | 366,87 | 366,87 | 15,42 | 1032,641 | 309,27 | 365,67 |  0,00 | 1063,345 | 34,58 | 34,58 | 3214,297 |   NaN | NaN | 0,00 | 0,00 | NaN
  35 |  7,80 | 286,118 | 754,34 | 818,17 | 758,61 |  0,00 | 1,347 | 44,35 | 44,35 |  0,00 | 1,861 | 370,04 | 370,04 | 17,29 | 1047,902 | 305,36 | 369,19 |  0,00 | 1147,245 | 34,58 | 34,58 | 3465,735 |   NaN | NaN | 0,00 | 0,00 | NaN
  36 |  6,94 | 275,935 | 754,42 | 810,71 | 758,69 |  0,00 | 1,400 | 44,35 | 44,35 |  0,00 | 1,982 | 363,41 | 363,41 | 15,28 | 989,655 | 312,07 | 368,37 |  0,00 | 1092,215 | 34,58 | 34,58 | 3300,935 |   NaN | NaN | 0,00 | 0,00 | NaN
  37 |  7,90 | 288,462 | 755,23 | 819,97 | 759,49 |  0,00 | 1,383 | 44,35 | 44,35 |  0,00 | 2,147 | 373,10 | 373,10 | 17,60 | 1079,444 | 303,18 | 367,92 |  0,00 | 911,009 | 34,58 | 34,58 | 2757,100 |   NaN | NaN | 0,00 | 0,00 | NaN
  38 |  7,74 | 286,474 | 755,12 | 818,45 | 759,39 |  0,00 | 1,375 | 44,35 | 44,35 |  0,00 | 1,741 | 369,35 | 369,35 | 17,11 | 1054,725 | 306,83 | 370,17 |  0,00 | 991,425 | 34,58 | 34,58 | 2998,439 |   NaN | NaN | 0,00 | 0,00 | NaN
  39 |  5,91 | 276,376 | 754,99 | 802,43 | 759,30 |  0,00 | 1,418 | 44,35 | 44,35 |  0,00 | 1,774 | 363,87 | 363,87 | 13,19 | 998,392 | 312,18 | 359,62 |  0,00 | 978,795 | 34,58 | 34,58 | 2960,707 |   NaN | NaN | 0,00 | 0,00 | NaN
  40 |  6,37 | 277,920 | 753,95 | 805,26 | 758,24 |  0,00 | 1,418 | 44,35 | 44,35 |  0,00 | 1,907 | 367,12 | 367,12 | 14,29 | 1013,062 | 307,89 | 359,21 |  0,00 | 1047,074 | 34,58 | 34,58 | 3165,436 |   NaN | NaN | 0,00 | 0,00 | NaN
  41 |  7,73 | 284,322 | 753,31 | 816,40 | 757,59 |  0,00 | 1,401 | 44,35 | 44,35 |  0,00 | 1,930 | 364,20 | 364,20 | 16,90 | 1034,921 | 310,18 | 373,26 |  0,00 | 954,081 | 34,58 | 34,58 | 2886,311 |   NaN | NaN | 0,00 | 0,00 | NaN
  42 |  7,75 | 288,225 | 755,49 | 819,00 | 759,76 |  0,00 | 1,347 | 44,35 | 44,35 |  0,00 | 1,873 | 369,58 | 369,58 | 17,14 | 1064,543 | 306,97 | 370,48 |  0,00 | 933,355 | 34,58 | 34,58 | 2824,074 |   NaN | NaN | 0,00 | 0,00 | NaN
  43 |  8,51 | 293,703 | 754,54 | 824,69 | 758,83 |  0,00 | 1,425 | 44,35 | 44,35 |  0,00 | 2,225 | 372,98 | 372,98 | 18,82 | 1096,866 | 302,63 | 372,77 |  0,00 | 981,093 | 34,58 | 34,58 | 2967,289 |   NaN | NaN | 0,00 | 0,00 | NaN
  44 |  7,60 | 291,261 | 755,11 | 817,25 | 759,37 |  0,00 | 1,337 | 44,35 | 44,35 |  0,00 | 2,703 | 367,45 | 367,45 | 16,76 | 1070,365 | 308,72 | 370,86 |  0,00 | 909,875 | 34,58 | 34,58 | 2753,535 |   NaN | NaN | 0,00 | 0,00 | NaN
  45 |  6,97 | 279,058 | 755,03 | 811,57 | 759,33 |  0,00 | 1,422 | 44,35 | 44,35 |  0,00 | 1,981 | 370,94 | 370,94 | 15,63 | 1032,627 | 305,15 | 361,70 |  0,00 | 959,662 | 34,58 | 34,58 | 2903,198 |   NaN | NaN | 0,00 | 0,00 | NaN
  46 |  7,32 | 283,871 | 754,61 | 814,25 | 758,90 |  0,00 | 1,361 | 44,35 | 44,35 |  0,00 | 2,163 | 365,96 | 365,96 | 16,15 | 1032,336 | 309,72 | 369,36 |  0,00 | 1017,700 | 34,58 | 34,58 | 3077,436 |   NaN | NaN | 0,00 | 0,00 | NaN
  47 |  7,01 | 284,486 | 754,56 | 811,45 | 758,83 |  0,00 | 1,359 | 44,35 | 44,35 |  0,00 | 2,154 | 368,18 | 368,18 | 15,61 | 1048,797 | 307,45 | 364,33 |  0,00 | 912,406 | 34,58 | 34,58 | 2761,356 |   NaN | NaN | 0,00 | 0,00 | NaN
  48 |  6,99 | 284,928 | 754,21 | 810,85 | 758,48 |  0,00 | 1,388 | 44,35 | 44,35 |  0,00 | 1,576 | 366,14 | 366,14 | 15,49 | 1046,344 | 309,13 | 365,77 |  0,00 | 884,507 | 34,58 | 34,58 | 2677,627 |   NaN | NaN | 0,00 | 0,00 | NaN
  49 |  6,91 | 280,506 | 754,65 | 810,70 | 758,93 |  0,00 | 1,401 | 44,35 | 44,35 |  0,00 | 1,950 | 368,11 | 368,11 | 15,41 | 1035,416 | 307,61 | 363,65 |  0,00 | 869,108 | 34,58 | 34,58 | 2631,197 |   NaN | NaN | 0,00 | 0,00 | NaN
  50 |  7,52 | 285,902 | 754,36 | 815,72 | 758,62 |  0,00 | 1,355 | 44,35 | 44,35 |  0,00 | 1,895 | 370,66 | 370,66 | 16,76 | 1060,047 | 304,76 | 366,12 |  0,00 | 967,394 | 34,58 | 34,58 | 2926,278 |   NaN | NaN | 0,00 | 0,00 | NaN
  51 |  7,31 | 281,990 | 754,97 | 814,52 | 759,24 |  0,00 | 1,353 | 44,35 | 44,35 |  0,00 | 2,237 | 367,02 | 367,02 | 16,16 | 1032,948 | 309,02 | 368,56 |  0,00 | 927,391 | 34,58 | 34,58 | 2806,610 |   NaN | NaN | 0,00 | 0,00 | NaN
  52 |  7,09 | 280,323 | 754,20 | 811,73 | 758,47 |  0,00 | 1,379 | 44,35 | 44,35 |  0,00 | 2,516 | 362,50 | 362,50 | 15,54 | 1012,888 | 312,76 | 370,29 |  0,00 | 932,734 | 34,58 | 34,58 | 2822,232 |   NaN | NaN | 0,00 | 0,00 | NaN
  53 |  7,40 | 285,127 | 754,66 | 814,94 | 758,93 |  0,00 | 1,367 | 44,35 | 44,35 |  0,00 | 2,355 | 369,44 | 369,44 | 16,45 | 1049,652 | 306,28 | 366,56 |  0,00 | 999,142 | 34,58 | 34,58 | 3021,664 |   NaN | NaN | 0,00 | 0,00 | NaN
  54 |  6,49 | 280,028 | 755,34 | 807,72 | 759,61 |  0,00 | 1,369 | 44,35 | 44,35 |  0,00 | 2,008 | 367,07 | 367,07 | 14,48 | 1026,280 | 309,33 | 361,72 |  0,00 | 908,997 | 34,58 | 34,58 | 2751,125 |   NaN | NaN | 0,00 | 0,00 | NaN
  55 |  6,78 | 283,103 | 755,42 | 810,34 | 759,71 |  0,00 | 1,354 | 44,35 | 44,35 |  0,00 | 1,592 | 364,10 | 364,10 | 14,95 | 1021,399 | 312,39 | 367,30 |  0,00 | 1031,679 | 34,58 | 34,58 | 3118,998 |   NaN | NaN | 0,00 | 0,00 | NaN
  56 |  6,70 | 279,999 | 755,11 | 809,38 | 759,38 |  0,00 | 1,360 | 44,35 | 44,35 |  0,00 | 2,027 | 364,54 | 364,54 | 14,83 | 1019,148 | 311,64 | 365,90 |  0,00 | 892,672 | 34,58 | 34,58 | 2702,192 |   NaN | NaN | 0,00 | 0,00 | NaN
  57 |  7,17 | 279,044 | 754,97 | 813,27 | 759,25 |  0,00 | 1,357 | 44,35 | 44,35 |  0,00 | 1,954 | 365,74 | 365,74 | 15,82 | 1018,253 | 310,30 | 368,60 |  0,00 | 917,249 | 34,58 | 34,58 | 2775,587 |   NaN | NaN | 0,00 | 0,00 | NaN
  58 |  7,23 | 289,775 | 754,55 | 813,39 | 758,81 |  0,00 | 1,386 | 44,35 | 44,35 |  0,00 | 2,601 | 366,95 | 366,95 | 16,01 | 1064,603 | 308,66 | 367,51 |  0,00 | 907,622 | 34,58 | 34,58 | 2746,841 |   NaN | NaN | 0,00 | 0,00 | NaN
  59 |  7,82 | 289,350 | 755,24 | 819,34 | 759,52 |  0,00 | 1,405 | 44,35 | 44,35 |  0,00 | 1,639 | 366,93 | 366,93 | 17,16 | 1053,499 | 309,37 | 373,48 |  0,00 | 1053,613 | 34,58 | 34,58 | 3184,870 |   NaN | NaN | 0,00 | 0,00 | NaN
  60 |  7,33 | 286,136 | 754,33 | 814,02 | 758,59 |  0,00 | 1,340 | 44,35 | 44,35 |  0,00 | 2,421 | 367,35 | 367,35 | 16,23 | 1051,676 | 308,04 | 367,73 |  0,00 | 925,956 | 34,58 | 34,58 | 2802,212 |   NaN | NaN | 0,00 | 0,00 | NaN
  61 |  7,75 | 288,285 | 754,72 | 818,09 | 758,98 |  0,00 | 1,362 | 44,35 | 44,35 |  0,00 | 2,378 | 369,23 | 369,23 | 17,13 | 1061,546 | 306,55 | 369,93 |  0,00 | 991,351 | 34,58 | 34,58 | 2998,009 |   NaN | NaN | 0,00 | 0,00 | NaN
  62 |  7,63 | 285,562 | 754,87 | 817,24 | 759,19 |  0,00 | 1,424 | 44,35 | 44,35 |  0,00 | 1,779 | 369,83 | 369,83 | 16,92 | 1056,344 | 306,11 | 368,47 |  0,00 | 941,993 | 34,58 | 34,58 | 2850,082 |   NaN | NaN | 0,00 | 0,00 | NaN
  63 |  7,40 | 287,228 | 754,25 | 814,54 | 758,53 |  0,00 | 1,379 | 44,35 | 44,35 |  0,00 | 2,249 | 369,66 | 369,66 | 16,47 | 1061,520 | 305,65 | 365,94 |  0,00 | 969,341 | 34,58 | 34,58 | 2932,148 |   NaN | NaN | 0,00 | 0,00 | NaN
  64 |  6,54 | 275,496 | 755,24 | 808,10 | 759,53 |  0,00 | 1,422 | 44,35 | 44,35 |  0,00 | 2,282 | 366,01 | 366,01 | 14,56 | 1002,454 | 310,29 | 363,16 |  0,00 | 946,105 | 34,58 | 34,58 | 2862,466 |   NaN | NaN | 0,00 | 0,00 | NaN

= = = = = = = = = = = = AVERAGE RESULTS system = = = = = = = = = = = =
meanPLR_system | 7,227930 
meanDelay_system | 285,894323 
meanLoad_system | 813,527740 
meanTHR_system | 754,700888 
meanGate_system | 759,012375 

meanPLR_EF_system | 0,000000 
meanPLR_AF_system | 0,000000 
meanPLR_BE_system | 16,021979 
meanPLR_FLA_system | 0,000000 
meanPLR_FLB_system | NaN 

meanTHR_EF_system | 44,352003 
meanTHR_AF_system | 367,629314 
meanTHR_BE_system | 308,134751 
meanTHR_FLA_system | 35,160588 
meanTHR_FLB_system | 0,000000 

meanLoad_EF_system | 44,352003 
meanLoad_AF_system | 367,629314 
meanLoad_BE_system | 366,961603 
meanLoad_FLA_system | 35,160588 
meanLoad_FLB_system | 0,000000 

meanDELAY_EF_system | 1,383728 
meanDELAY_AF_system | 4,767086 
meanDELAY_BE_system | 1058,853108 
meanDELAY_FLA_system | 744,203621 
meanDELAY_FLB_system | NaN 
meanDELAY_CompleteFLA_system | 2240,674816 
meanDELAY_CompleteFLB_system | NaN 

= = = = = = = = = = = = AVERAGE RESULTS = = = = = = = = = = = =
Packet Loss Ratio: 07,23 (%)
PROCESSED PACKAGES: 2207386770 
DISCARTED PACKAGES: 107572030 
TOTAL PACKAGES: 2314958800 
AVERAGE DELAY: 53823,82 (ms) 
AVERAGE THROUGHPUT: 754,70 (Mbps) 
GRANTED THROUGHPUT: 48576,79 (Mbps) By 64 ONUs
EFFECTIVE THROUGHPUT: 48300,86 (Mbps) By 64 ONUs
TOTAL LOAD: 52065,78 (Mbps) By 64 ONUs
ON Arrival THROUGHPUT: 0,00 (Mbps) By 64 ONUs
FINISHTIMEFL: 180,201766 
FINISHTIME: 183,201766 


fileName | IPACT_LBVARIBLETOKENSBYCYCLE_4_30_98_0 
