
ONU ID 	|  PLR(%) | Delay(ms) | Throughput(Mbps) | Granted Throughput(Mbps) | Total Load (Mbps) 

  ID |  PLR(%) |  D  | Thr |  Gates  |  Load  | PLR-EF | D-EF | ThrEF | LoadEF | PLR-AF | D-AF | ThrAF | LoadAF | PLR-BE | D-BE | ThrBE | LoadBE | PLR-FA | D-FA | ThrFA | LoadFA | DTFA |  PLR-FB | D-FB | ThrFB | LoadFB | DTFB | 
   1 |  1,78 | 225,372 | 755,92 | 769,59 | 760,23 |  0,00 | 1,402 | 44,35 | 44,35 |  0,00 | 7,230 | 349,50 | 349,50 |  4,00 | 802,402 | 327,61 | 341,28 |  0,00 | 231,572 | 34,46 | 34,46 | 482,387 |   NaN | NaN | 0,00 | 0,00 | NaN
   2 |  2,20 | 207,492 | 755,12 | 772,10 | 759,47 |  0,00 | 1,414 | 44,35 | 44,35 |  0,00 | 1,862 | 349,67 | 349,67 |  4,94 | 704,214 | 326,64 | 343,62 |  0,00 | 947,027 | 34,46 | 34,46 | 1913,136 |   NaN | NaN | 0,00 | 0,00 | NaN
   3 |  1,85 | 199,116 | 750,61 | 764,73 | 754,94 |  0,00 | 1,351 | 44,35 | 44,35 |  0,00 | 1,808 | 342,50 | 342,50 |  4,11 | 668,107 | 329,30 | 343,42 |  0,00 | 902,316 | 34,46 | 34,46 | 1823,890 |   NaN | NaN | 0,00 | 0,00 | NaN
   4 |  2,28 | 230,329 | 755,99 | 773,62 | 760,44 |  0,00 | 1,356 | 44,35 | 44,35 |  0,00 | 14,982 | 348,59 | 348,59 |  5,09 | 814,549 | 328,59 | 346,21 |  0,00 | 150,314 | 34,46 | 34,46 | 319,764 |   NaN | NaN | 0,00 | 0,00 | NaN
   5 |  1,62 | 210,389 | 753,44 | 765,85 | 757,75 |  0,00 | 1,382 | 44,35 | 44,35 |  0,00 | 1,735 | 344,16 | 344,16 |  3,62 | 685,815 | 330,46 | 342,87 |  0,00 | 1307,414 | 34,46 | 34,46 | 2633,842 |   NaN | NaN | 0,00 | 0,00 | NaN
   6 |  2,07 | 223,515 | 756,27 | 772,27 | 760,58 |  0,00 | 1,330 | 44,35 | 44,35 |  0,00 | 1,906 | 348,07 | 348,07 |  4,63 | 751,345 | 329,39 | 345,38 |  0,00 | 1058,286 | 34,46 | 34,46 | 2135,658 |   NaN | NaN | 0,00 | 0,00 | NaN
   7 |  2,03 | 217,729 | 753,85 | 769,50 | 758,16 |  0,00 | 1,349 | 44,35 | 44,35 |  0,00 | 2,418 | 345,97 | 345,97 |  4,54 | 764,469 | 329,07 | 344,72 |  0,00 | 420,280 | 34,46 | 34,46 | 859,741 |   NaN | NaN | 0,00 | 0,00 | NaN
   8 |  2,07 | 209,720 | 754,91 | 770,84 | 759,25 |  0,00 | 1,399 | 44,35 | 44,35 |  0,00 | 1,838 | 344,71 | 344,71 |  4,59 | 700,389 | 331,39 | 347,32 |  0,00 | 978,687 | 34,46 | 34,46 | 1976,649 |   NaN | NaN | 0,00 | 0,00 | NaN
   9 |  2,19 | 219,673 | 755,65 | 772,55 | 759,97 |  0,00 | 1,339 | 44,35 | 44,35 |  0,00 | 1,890 | 346,36 | 346,36 |  4,87 | 756,798 | 330,47 | 347,38 |  0,00 | 655,069 | 34,46 | 34,46 | 1329,375 |   NaN | NaN | 0,00 | 0,00 | NaN
  10 |  1,57 | 213,966 | 755,89 | 767,92 | 760,24 |  0,00 | 1,400 | 44,35 | 44,35 |  0,00 | 9,476 | 345,11 | 345,11 |  3,50 | 749,566 | 331,97 | 343,99 |  0,00 | 207,848 | 34,46 | 34,46 | 434,974 |   NaN | NaN | 0,00 | 0,00 | NaN
  11 |  1,82 | 198,823 | 752,61 | 766,57 | 756,91 |  0,00 | 1,339 | 44,35 | 44,35 |  0,00 | 1,842 | 342,23 | 342,23 |  4,04 | 612,429 | 331,57 | 345,53 |  0,00 | 1828,810 | 34,46 | 34,46 | 3676,882 |   NaN | NaN | 0,00 | 0,00 | NaN
  12 |  2,03 | 189,179 | 754,90 | 770,50 | 759,23 |  0,00 | 1,401 | 44,35 | 44,35 |  0,00 | 1,862 | 345,30 | 345,30 |  4,51 | 619,967 | 330,78 | 346,39 |  0,00 | 1110,620 | 34,46 | 34,46 | 2240,306 |   NaN | NaN | 0,00 | 0,00 | NaN
  13 |  1,45 | 203,176 | 750,24 | 761,29 | 754,57 |  0,00 | 1,366 | 44,35 | 44,35 |  0,00 | 1,919 | 343,21 | 343,21 |  3,26 | 682,438 | 328,22 | 339,27 |  0,00 | 941,489 | 34,46 | 34,46 | 1902,200 |   NaN | NaN | 0,00 | 0,00 | NaN
  14 |  2,46 | 216,822 | 752,25 | 771,20 | 756,61 |  0,00 | 1,407 | 44,35 | 44,35 |  0,00 | 2,023 | 346,23 | 346,23 |  5,47 | 715,992 | 327,21 | 346,16 |  0,00 | 1287,791 | 34,46 | 34,46 | 2594,792 |   NaN | NaN | 0,00 | 0,00 | NaN
  15 |  1,47 | 217,056 | 754,17 | 765,44 | 758,50 |  0,00 | 1,401 | 44,35 | 44,35 |  0,00 | 2,479 | 339,55 | 339,55 |  3,25 | 745,895 | 335,80 | 347,07 |  0,00 | 436,941 | 34,46 | 34,46 | 893,027 |   NaN | NaN | 0,00 | 0,00 | NaN
  16 |  2,96 | 250,877 | 754,79 | 777,81 | 759,10 |  0,00 | 1,393 | 44,35 | 44,35 |  0,00 | 2,201 | 346,54 | 346,54 |  6,53 | 865,041 | 329,43 | 352,45 |  0,00 | 775,240 | 34,46 | 34,46 | 1569,521 |   NaN | NaN | 0,00 | 0,00 | NaN
  17 |  2,16 | 231,226 | 754,84 | 771,52 | 759,20 |  0,00 | 1,406 | 44,35 | 44,35 |  0,00 | 1,957 | 347,62 | 347,62 |  4,83 | 798,746 | 328,41 | 345,09 |  0,00 | 734,925 | 34,46 | 34,46 | 1489,113 |   NaN | NaN | 0,00 | 0,00 | NaN
  18 |  1,72 | 195,992 | 752,33 | 765,47 | 756,63 |  0,00 | 1,382 | 44,35 | 44,35 |  0,00 | 2,015 | 343,15 | 343,15 |  3,83 | 596,390 | 330,37 | 343,51 |  0,00 | 1967,415 | 34,46 | 34,46 | 3953,440 |   NaN | NaN | 0,00 | 0,00 | NaN
  19 |  0,88 | 162,615 | 753,70 | 760,38 | 758,02 |  0,00 | 1,373 | 44,35 | 44,35 |  0,00 | 1,798 | 339,47 | 339,47 |  1,95 | 490,756 | 335,42 | 342,10 |  0,00 | 1574,901 | 34,46 | 34,46 | 3168,831 |   NaN | NaN | 0,00 | 0,00 | NaN
  20 |  1,37 | 176,916 | 752,15 | 762,62 | 756,45 |  0,00 | 1,369 | 44,35 | 44,35 |  0,00 | 2,101 | 344,97 | 344,97 |  3,09 | 536,276 | 328,37 | 338,84 |  0,00 | 1861,796 | 34,46 | 34,46 | 3742,824 |   NaN | NaN | 0,00 | 0,00 | NaN
  21 |  0,97 | 182,689 | 750,98 | 758,33 | 755,29 |  0,00 | 1,373 | 44,35 | 44,35 |  0,00 | 3,547 | 341,06 | 341,06 |  2,17 | 635,466 | 331,11 | 338,46 |  0,00 | 324,336 | 34,46 | 34,46 | 667,888 |   NaN | NaN | 0,00 | 0,00 | NaN
  22 |  2,42 | 231,505 | 755,54 | 774,26 | 759,91 |  0,00 | 1,412 | 44,35 | 44,35 |  0,00 | 1,921 | 351,23 | 351,23 |  5,44 | 772,040 | 325,50 | 344,21 |  0,00 | 1360,007 | 34,46 | 34,46 | 2739,114 |   NaN | NaN | 0,00 | 0,00 | NaN
  23 |  1,88 | 197,926 | 755,43 | 769,88 | 759,77 |  0,00 | 1,394 | 44,35 | 44,35 |  0,00 | 1,984 | 345,67 | 345,67 |  4,18 | 617,732 | 330,95 | 345,40 |  0,00 | 1724,614 | 34,46 | 34,46 | 3468,329 |   NaN | NaN | 0,00 | 0,00 | NaN
  24 |  2,38 | 230,244 | 754,51 | 772,92 | 758,83 |  0,00 | 1,356 | 44,35 | 44,35 |  0,00 | 1,879 | 345,80 | 345,80 |  5,29 | 779,087 | 329,90 | 348,31 |  0,00 | 953,295 | 34,46 | 34,46 | 1925,680 |   NaN | NaN | 0,00 | 0,00 | NaN
  25 |  2,27 | 236,464 | 755,31 | 772,86 | 759,66 |  0,00 | 1,413 | 44,35 | 44,35 |  0,00 | 2,252 | 343,61 | 343,61 |  5,01 | 819,563 | 332,89 | 350,44 |  0,00 | 502,446 | 34,46 | 34,46 | 1024,044 |   NaN | NaN | 0,00 | 0,00 | NaN
  26 |  1,41 | 220,883 | 755,03 | 765,81 | 759,38 |  0,00 | 1,409 | 44,35 | 44,35 |  0,00 | 3,136 | 344,29 | 344,29 |  3,15 | 769,569 | 331,92 | 342,71 |  0,00 | 411,684 | 34,46 | 34,46 | 842,566 |   NaN | NaN | 0,00 | 0,00 | NaN
  27 |  1,66 | 176,662 | 753,81 | 766,52 | 758,12 |  0,00 | 1,336 | 44,35 | 44,35 |  0,00 | 1,705 | 346,89 | 346,89 |  3,73 | 529,939 | 328,11 | 340,81 |  0,00 | 1990,496 | 34,46 | 34,46 | 3999,860 |   NaN | NaN | 0,00 | 0,00 | NaN
  28 |  1,16 | 180,574 | 751,87 | 760,67 | 756,21 |  0,00 | 1,402 | 44,35 | 44,35 |  0,00 | 1,800 | 344,23 | 344,23 |  2,60 | 556,171 | 328,83 | 337,62 |  0,00 | 1733,673 | 34,46 | 34,46 | 3486,452 |   NaN | NaN | 0,00 | 0,00 | NaN
  29 |  2,17 | 209,550 | 753,52 | 770,25 | 757,83 |  0,00 | 1,382 | 44,35 | 44,35 |  0,00 | 1,749 | 345,49 | 345,49 |  4,83 | 658,180 | 329,22 | 345,94 |  0,00 | 1799,956 | 34,46 | 34,46 | 3619,138 |   NaN | NaN | 0,00 | 0,00 | NaN
  30 |  1,65 | 188,252 | 753,07 | 765,70 | 757,43 |  0,00 | 1,412 | 44,35 | 44,35 |  0,00 | 1,784 | 343,41 | 343,41 |  3,68 | 571,221 | 330,85 | 343,48 |  0,00 | 1912,814 | 34,46 | 34,46 | 3844,748 |   NaN | NaN | 0,00 | 0,00 | NaN
  31 |  1,44 | 197,691 | 754,54 | 765,59 | 758,86 |  0,00 | 1,379 | 44,35 | 44,35 |  0,00 | 1,944 | 345,30 | 345,30 |  3,24 | 616,992 | 330,42 | 341,48 |  0,00 | 1731,934 | 34,46 | 34,46 | 3482,783 |   NaN | NaN | 0,00 | 0,00 | NaN
  32 |  2,27 | 189,478 | 753,21 | 770,69 | 757,50 |  0,00 | 1,335 | 44,35 | 44,35 |  0,00 | 2,171 | 345,66 | 345,66 |  5,05 | 583,574 | 328,73 | 346,22 |  0,00 | 1833,612 | 34,46 | 34,46 | 3686,405 |   NaN | NaN | 0,00 | 0,00 | NaN
  33 |  1,57 | 186,487 | 752,54 | 764,52 | 756,85 |  0,00 | 1,401 | 44,35 | 44,35 |  0,00 | 2,142 | 341,88 | 341,88 |  3,48 | 564,309 | 331,85 | 343,83 |  0,00 | 1879,266 | 34,46 | 34,46 | 3777,780 |   NaN | NaN | 0,00 | 0,00 | NaN
  34 |  1,80 | 180,383 | 752,75 | 766,51 | 757,04 |  0,00 | 1,392 | 44,35 | 44,35 |  0,00 | 1,768 | 344,11 | 344,11 |  4,01 | 536,596 | 329,82 | 343,58 |  0,00 | 2051,559 | 34,46 | 34,46 | 4122,288 |   NaN | NaN | 0,00 | 0,00 | NaN
  35 |  2,29 | 220,768 | 754,25 | 771,92 | 758,56 |  0,00 | 1,341 | 44,35 | 44,35 |  0,00 | 1,726 | 347,01 | 347,01 |  5,11 | 683,180 | 328,43 | 346,10 |  0,00 | 2120,853 | 34,46 | 34,46 | 4260,749 |   NaN | NaN | 0,00 | 0,00 | NaN
  36 |  1,79 | 182,053 | 752,58 | 766,29 | 756,90 |  0,00 | 1,394 | 44,35 | 44,35 |  0,00 | 1,755 | 341,46 | 341,46 |  3,96 | 540,638 | 332,31 | 346,02 |  0,00 | 2015,361 | 34,46 | 34,46 | 4049,594 |   NaN | NaN | 0,00 | 0,00 | NaN
  37 |  2,45 | 212,561 | 755,86 | 774,83 | 760,16 |  0,00 | 1,377 | 44,35 | 44,35 |  0,00 | 1,861 | 350,45 | 350,45 |  5,49 | 673,886 | 326,59 | 345,57 |  0,00 | 1834,033 | 34,46 | 34,46 | 3687,365 |   NaN | NaN | 0,00 | 0,00 | NaN
  38 |  2,28 | 221,925 | 755,42 | 773,08 | 759,74 |  0,00 | 1,368 | 44,35 | 44,35 |  0,00 | 1,512 | 346,89 | 346,89 |  5,08 | 696,306 | 329,72 | 347,37 |  0,00 | 1928,799 | 34,46 | 34,46 | 3876,553 |   NaN | NaN | 0,00 | 0,00 | NaN
  39 |  0,81 | 151,637 | 752,23 | 758,38 | 756,59 |  0,00 | 1,412 | 44,35 | 44,35 |  0,00 | 1,560 | 341,65 | 341,65 |  1,82 | 439,724 | 331,77 | 337,92 |  0,00 | 1871,423 | 34,46 | 34,46 | 3761,965 |   NaN | NaN | 0,00 | 0,00 | NaN
  40 |  1,21 | 172,185 | 751,27 | 760,47 | 755,62 |  0,00 | 1,412 | 44,35 | 44,35 |  0,00 | 1,623 | 344,71 | 344,71 |  2,73 | 513,099 | 327,74 | 336,95 |  0,00 | 1986,096 | 34,46 | 34,46 | 3990,978 |   NaN | NaN | 0,00 | 0,00 | NaN
  41 |  2,57 | 210,183 | 751,25 | 771,08 | 755,59 |  0,00 | 1,395 | 44,35 | 44,35 |  0,00 | 1,754 | 342,15 | 342,15 |  5,66 | 658,546 | 330,29 | 350,12 |  0,00 | 1766,864 | 34,46 | 34,46 | 3552,971 |   NaN | NaN | 0,00 | 0,00 | NaN
  42 |  2,49 | 212,710 | 754,37 | 773,66 | 758,68 |  0,00 | 1,341 | 44,35 | 44,35 |  0,00 | 1,688 | 347,08 | 347,08 |  5,55 | 671,532 | 328,48 | 347,77 |  0,00 | 1800,985 | 34,46 | 34,46 | 3621,158 |   NaN | NaN | 0,00 | 0,00 | NaN
  43 |  3,18 | 224,094 | 754,29 | 779,09 | 758,64 |  0,00 | 1,419 | 44,35 | 44,35 |  0,00 | 1,758 | 350,22 | 350,22 |  7,08 | 715,766 | 325,26 | 350,05 |  0,00 | 1874,097 | 34,46 | 34,46 | 3767,354 |   NaN | NaN | 0,00 | 0,00 | NaN
  44 |  2,04 | 221,935 | 756,07 | 771,83 | 760,38 |  0,00 | 1,331 | 44,35 | 44,35 |  0,00 | 2,329 | 344,79 | 344,79 |  4,53 | 699,835 | 332,47 | 348,23 |  0,00 | 1756,456 | 34,46 | 34,46 | 3531,978 |   NaN | NaN | 0,00 | 0,00 | NaN
  45 |  1,69 | 186,789 | 753,80 | 766,72 | 758,16 |  0,00 | 1,415 | 44,35 | 44,35 |  0,00 | 1,681 | 348,21 | 348,21 |  3,80 | 580,328 | 326,78 | 339,70 |  0,00 | 1790,606 | 34,46 | 34,46 | 3600,335 |   NaN | NaN | 0,00 | 0,00 | NaN
  46 |  1,95 | 200,813 | 754,09 | 769,11 | 758,40 |  0,00 | 1,355 | 44,35 | 44,35 |  0,00 | 1,828 | 343,40 | 343,40 |  4,33 | 618,439 | 331,88 | 346,90 |  0,00 | 1856,580 | 34,46 | 34,46 | 3732,425 |   NaN | NaN | 0,00 | 0,00 | NaN
  47 |  1,79 | 193,736 | 753,00 | 766,76 | 757,32 |  0,00 | 1,352 | 44,35 | 44,35 |  0,00 | 1,877 | 345,45 | 345,45 |  4,02 | 605,630 | 328,74 | 342,50 |  0,00 | 1716,264 | 34,46 | 34,46 | 3451,499 |   NaN | NaN | 0,00 | 0,00 | NaN
  48 |  1,53 | 217,933 | 754,75 | 766,50 | 759,07 |  0,00 | 1,382 | 44,35 | 44,35 |  0,00 | 1,508 | 343,99 | 343,99 |  3,42 | 686,635 | 331,94 | 343,70 |  0,00 | 1753,190 | 34,46 | 34,46 | 3525,475 |   NaN | NaN | 0,00 | 0,00 | NaN
  49 |  1,69 | 184,954 | 753,06 | 766,04 | 757,39 |  0,00 | 1,394 | 44,35 | 44,35 |  0,00 | 1,717 | 345,43 | 345,43 |  3,80 | 573,753 | 328,81 | 341,79 |  0,00 | 1719,118 | 34,46 | 34,46 | 3457,185 |   NaN | NaN | 0,00 | 0,00 | NaN
  50 |  2,12 | 204,641 | 754,33 | 770,64 | 758,64 |  0,00 | 1,349 | 44,35 | 44,35 |  0,00 | 1,647 | 347,99 | 347,99 |  4,74 | 640,502 | 327,53 | 343,84 |  0,00 | 1865,515 | 34,46 | 34,46 | 3750,269 |   NaN | NaN | 0,00 | 0,00 | NaN
  51 |  1,92 | 194,476 | 754,52 | 769,28 | 758,83 |  0,00 | 1,347 | 44,35 | 44,35 |  0,00 | 2,057 | 344,70 | 344,70 |  4,27 | 602,110 | 331,00 | 345,76 |  0,00 | 1763,850 | 34,46 | 34,46 | 3546,757 |   NaN | NaN | 0,00 | 0,00 | NaN
  52 |  1,91 | 200,462 | 752,00 | 766,62 | 756,30 |  0,00 | 1,373 | 44,35 | 44,35 |  0,00 | 2,141 | 340,40 | 340,40 |  4,21 | 617,816 | 332,78 | 347,40 |  0,00 | 1783,132 | 34,46 | 34,46 | 3585,359 |   NaN | NaN | 0,00 | 0,00 | NaN
  53 |  2,05 | 195,637 | 753,76 | 769,50 | 758,07 |  0,00 | 1,360 | 44,35 | 44,35 |  0,00 | 2,014 | 346,66 | 346,66 |  4,58 | 606,868 | 328,29 | 344,03 |  0,00 | 1840,033 | 34,46 | 34,46 | 3699,330 |   NaN | NaN | 0,00 | 0,00 | NaN
  54 |  1,31 | 192,263 | 752,86 | 762,84 | 757,18 |  0,00 | 1,363 | 44,35 | 44,35 |  0,00 | 1,731 | 344,57 | 344,57 |  2,94 | 594,720 | 329,47 | 339,45 |  0,00 | 1794,524 | 34,46 | 34,46 | 3608,281 |   NaN | NaN | 0,00 | 0,00 | NaN
  55 |  1,59 | 176,965 | 753,97 | 766,14 | 758,28 |  0,00 | 1,348 | 44,35 | 44,35 |  0,00 | 1,479 | 342,02 | 342,02 |  3,53 | 526,530 | 333,13 | 345,31 |  0,00 | 1934,045 | 34,46 | 34,46 | 3886,990 |   NaN | NaN | 0,00 | 0,00 | NaN
  56 |  1,43 | 181,807 | 753,03 | 763,92 | 757,34 |  0,00 | 1,354 | 44,35 | 44,35 |  0,00 | 1,858 | 341,97 | 341,97 |  3,18 | 553,897 | 332,24 | 343,14 |  0,00 | 1761,645 | 34,46 | 34,46 | 3542,467 |   NaN | NaN | 0,00 | 0,00 | NaN
  57 |  1,99 | 201,331 | 753,34 | 768,63 | 757,67 |  0,00 | 1,351 | 44,35 | 44,35 |  0,00 | 1,642 | 343,65 | 343,65 |  4,41 | 628,901 | 330,88 | 346,16 |  0,00 | 1731,749 | 34,46 | 34,46 | 3482,412 |   NaN | NaN | 0,00 | 0,00 | NaN
  58 |  1,78 | 218,203 | 754,69 | 768,38 | 759,01 |  0,00 | 1,379 | 44,35 | 44,35 |  0,00 | 2,344 | 344,58 | 344,58 |  3,97 | 689,010 | 331,30 | 344,98 |  0,00 | 1735,738 | 34,46 | 34,46 | 3490,450 |   NaN | NaN | 0,00 | 0,00 | NaN
  59 |  2,44 | 220,872 | 755,03 | 773,92 | 759,35 |  0,00 | 1,398 | 44,35 | 44,35 |  0,00 | 1,513 | 344,77 | 344,77 |  5,39 | 682,665 | 331,45 | 350,34 |  0,00 | 2037,753 | 34,46 | 34,46 | 4094,644 |   NaN | NaN | 0,00 | 0,00 | NaN
  60 |  1,86 | 204,161 | 754,79 | 769,12 | 759,11 |  0,00 | 1,333 | 44,35 | 44,35 |  0,00 | 2,090 | 345,01 | 345,01 |  4,15 | 637,402 | 330,97 | 345,29 |  0,00 | 1767,091 | 34,46 | 34,46 | 3553,310 |   NaN | NaN | 0,00 | 0,00 | NaN
  61 |  2,19 | 209,350 | 755,45 | 772,35 | 759,77 |  0,00 | 1,356 | 44,35 | 44,35 |  0,00 | 1,880 | 346,34 | 346,34 |  4,87 | 653,760 | 330,30 | 347,19 |  0,00 | 1848,924 | 34,46 | 34,46 | 3717,097 |   NaN | NaN | 0,00 | 0,00 | NaN
  62 |  2,23 | 218,404 | 754,57 | 771,81 | 758,93 |  0,00 | 1,417 | 44,35 | 44,35 |  0,00 | 1,694 | 346,96 | 346,96 |  4,98 | 694,169 | 328,80 | 346,04 |  0,00 | 1753,493 | 34,46 | 34,46 | 3525,914 |   NaN | NaN | 0,00 | 0,00 | NaN
  63 |  1,99 | 198,438 | 753,79 | 769,06 | 758,10 |  0,00 | 1,373 | 44,35 | 44,35 |  0,00 | 1,939 | 346,83 | 346,83 |  4,45 | 613,541 | 328,15 | 343,42 |  0,00 | 1907,514 | 34,46 | 34,46 | 3834,173 |   NaN | NaN | 0,00 | 0,00 | NaN
  64 |  1,53 | 189,924 | 751,17 | 762,81 | 755,53 |  0,00 | 1,416 | 44,35 | 44,35 |  0,00 | 1,976 | 343,29 | 343,29 |  3,42 | 585,523 | 329,06 | 340,71 |  0,00 | 1795,716 | 34,46 | 34,46 | 3610,642 |   NaN | NaN | 0,00 | 0,00 | NaN

= = = = = = = = = = = = AVERAGE RESULTS system = = = = = = = = = = = =
meanPLR_system | 1,892113 
meanDelay_system | 203,593401 
meanLoad_system | 768,391438 
meanTHR_system | 753,833512 
meanGate_system | 758,160000 

meanPLR_EF_system | 0,000000 
meanPLR_AF_system | 0,000000 
meanPLR_BE_system | 4,217953 
meanPLR_FLA_system | 0,000000 
meanPLR_FLB_system | NaN 

meanTHR_EF_system | 44,352004 
meanTHR_AF_system | 345,065230 
meanTHR_BE_system | 329,955220 
meanTHR_FLA_system | 35,032679 
meanTHR_FLB_system | 0,000000 

meanLoad_EF_system | 44,352004 
meanLoad_AF_system | 345,065230 
meanLoad_BE_system | 344,513147 
meanLoad_FLA_system | 35,032679 
meanLoad_FLB_system | 0,000000 

meanDELAY_EF_system | 1,377480 
meanDELAY_AF_system | 2,332960 
meanDELAY_BE_system | 652,449000 
meanDELAY_FLA_system | 1479,685634 
meanDELAY_FLB_system | NaN 
meanDELAY_CompleteFLA_system | 2978,486005 
meanDELAY_CompleteFLB_system | NaN 

= = = = = = = = = = = = AVERAGE RESULTS = = = = = = = = = = = =
Packet Loss Ratio: 01,89 (%)
PROCESSED PACKAGES: 2213260564 
DISCARTED PACKAGES: 26716286 
TOTAL PACKAGES: 2239976850 
AVERAGE DELAY: 38296,63 (ms) 
AVERAGE THROUGHPUT: 753,83 (Mbps) 
GRANTED THROUGHPUT: 48522,24 (Mbps) By 64 ONUs
EFFECTIVE THROUGHPUT: 48245,34 (Mbps) By 64 ONUs
TOTAL LOAD: 49177,05 (Mbps) By 64 ONUs
ON Arrival THROUGHPUT: 0,00 (Mbps) By 64 ONUs
FINISHTIMEFL: 180,859706 
FINISHTIME: 183,859706 


fileName | IPACT_LEAKYBUCKET_4_30_92_0 
