
ONU ID 	|  PLR(%) | Delay(ms) | Throughput(Mbps) | Granted Throughput(Mbps) | Total Load (Mbps) 

  ID |  PLR(%) |  D  | Thr |  Gates  |  Load  | PLR-EF | D-EF | ThrEF | LoadEF | PLR-AF | D-AF | ThrAF | LoadAF | PLR-BE | D-BE | ThrBE | LoadBE | PLR-FA | D-FA | ThrFA | LoadFA | DTFA |  PLR-FB | D-FB | ThrFB | LoadFB | DTFB | 
   1 |  0,00 | 0,425 | 541,57 | 541,57 | 582,43 |  0,00 | 0,144 | 44,35 | 44,35 |  0,00 | 0,292 | 228,29 | 228,29 |  0,00 | 0,402 | 221,45 | 221,45 |  0,00 | 7,466 | 47,48 | 47,48 | 36,533 |   NaN | NaN | 0,00 | 0,00 | NaN
   2 |  0,00 | 1,751 | 543,15 | 543,15 | 588,96 |  0,00 | 0,155 | 44,35 | 44,35 |  0,00 | 0,163 | 226,52 | 226,52 |  0,00 | 0,224 | 224,80 | 224,80 |  0,00 | 61,582 | 47,48 | 47,48 | 144,332 |   NaN | NaN | 0,00 | 0,00 | NaN
   3 |  0,00 | 1,624 | 539,24 | 539,24 | 576,14 |  0,00 | 0,092 | 44,35 | 44,35 |  0,00 | 0,097 | 224,45 | 224,45 |  0,00 | 0,288 | 222,96 | 222,96 |  0,00 | 57,709 | 47,48 | 47,48 | 132,802 |   NaN | NaN | 0,00 | 0,00 | NaN
   4 |  0,00 | 0,392 | 545,31 | 545,31 | 582,08 |  0,00 | 0,097 | 44,35 | 44,35 |  0,00 | 0,244 | 228,76 | 228,76 |  0,00 | 0,422 | 224,72 | 224,72 |  0,00 | 7,372 | 47,48 | 47,48 | 35,632 |   NaN | NaN | 0,00 | 0,00 | NaN
   5 |  0,00 | 2,290 | 541,01 | 541,01 | 578,58 |  0,00 | 0,123 | 44,35 | 44,35 |  0,00 | 0,128 | 224,60 | 224,60 |  0,00 | 0,254 | 224,58 | 224,58 |  0,00 | 83,101 | 47,48 | 47,48 | 187,099 |   NaN | NaN | 0,00 | 0,00 | NaN
   6 |  0,00 | 1,861 | 544,61 | 544,61 | 580,72 |  0,00 | 0,074 | 44,35 | 44,35 |  0,00 | 0,082 | 227,46 | 227,46 |  0,00 | 0,315 | 225,32 | 225,32 |  0,00 | 67,535 | 47,48 | 47,48 | 156,619 |   NaN | NaN | 0,00 | 0,00 | NaN
   7 |  0,00 | 0,652 | 541,79 | 541,79 | 578,72 |  0,00 | 0,090 | 44,35 | 44,35 |  0,00 | 0,097 | 225,64 | 225,64 |  0,00 | 0,290 | 224,32 | 224,32 |  0,00 | 20,101 | 47,48 | 47,48 | 61,061 |   NaN | NaN | 0,00 | 0,00 | NaN
   8 |  0,00 | 1,747 | 542,53 | 542,53 | 582,74 |  0,00 | 0,140 | 44,35 | 44,35 |  0,00 | 0,146 | 224,05 | 224,05 |  0,00 | 0,231 | 226,65 | 226,65 |  0,00 | 61,792 | 47,48 | 47,48 | 146,982 |   NaN | NaN | 0,00 | 0,00 | NaN
   9 |  0,00 | 0,988 | 544,21 | 544,21 | 581,00 |  0,00 | 0,080 | 44,35 | 44,35 |  0,00 | 0,086 | 227,13 | 227,13 |  0,00 | 0,305 | 225,25 | 225,25 |  0,00 | 33,418 | 47,48 | 47,48 | 87,809 |   NaN | NaN | 0,00 | 0,00 | NaN
  10 |  0,00 | 0,446 | 540,54 | 540,54 | 580,76 |  0,00 | 0,141 | 44,35 | 44,35 |  0,00 | 0,284 | 224,76 | 224,76 |  0,00 | 0,403 | 223,95 | 223,95 |  0,00 | 8,365 | 47,48 | 47,48 | 37,105 |   NaN | NaN | 0,00 | 0,00 | NaN
  11 |  0,00 | 6,393 | 540,20 | 540,20 | 577,01 |  0,00 | 0,081 | 44,35 | 44,35 |  0,00 | 0,154 | 222,58 | 222,58 |  0,00 | 0,367 | 225,79 | 225,79 |  0,00 | 241,855 | 47,48 | 47,48 | 520,559 |   NaN | NaN | 0,00 | 0,00 | NaN
  12 |  0,00 | 1,914 | 540,81 | 540,81 | 581,71 |  0,00 | 0,143 | 44,35 | 44,35 |  0,00 | 0,147 | 224,13 | 224,13 |  0,00 | 0,231 | 224,85 | 224,85 |  0,00 | 68,113 | 47,48 | 47,48 | 158,135 |   NaN | NaN | 0,00 | 0,00 | NaN
  13 |  0,00 | 1,736 | 537,85 | 537,85 | 574,92 |  0,00 | 0,107 | 44,35 | 44,35 |  0,00 | 0,117 | 223,55 | 223,55 |  0,00 | 0,270 | 222,47 | 222,47 |  0,00 | 61,653 | 47,48 | 47,48 | 144,621 |   NaN | NaN | 0,00 | 0,00 | NaN
  14 |  0,00 | 2,269 | 543,38 | 543,38 | 586,21 |  0,00 | 0,149 | 44,35 | 44,35 |  0,00 | 0,154 | 225,27 | 225,27 |  0,00 | 0,227 | 226,28 | 226,28 |  0,00 | 81,973 | 47,48 | 47,48 | 184,404 |   NaN | NaN | 0,00 | 0,00 | NaN
  15 |  0,00 | 0,642 | 541,20 | 541,20 | 582,11 |  0,00 | 0,143 | 44,35 | 44,35 |  0,00 | 0,148 | 222,33 | 222,33 |  0,00 | 0,235 | 227,04 | 227,04 |  0,00 | 18,644 | 47,48 | 47,48 | 60,533 |   NaN | NaN | 0,00 | 0,00 | NaN
  16 |  0,00 | 1,244 | 547,37 | 547,37 | 586,12 |  0,00 | 0,134 | 44,35 | 44,35 |  0,00 | 0,140 | 225,98 | 225,98 |  0,00 | 0,240 | 229,56 | 229,56 |  0,00 | 42,508 | 47,48 | 47,48 | 106,482 |   NaN | NaN | 0,00 | 0,00 | NaN
  17 |  0,00 | 1,195 | 544,55 | 544,55 | 586,64 |  0,00 | 0,147 | 44,35 | 44,35 |  0,00 | 0,150 | 226,91 | 226,91 |  0,00 | 0,227 | 225,81 | 225,81 |  0,00 | 40,261 | 47,48 | 47,48 | 101,130 |   NaN | NaN | 0,00 | 0,00 | NaN
  18 |  0,00 | 4,188 | 539,42 | 539,42 | 576,98 |  0,00 | 0,123 | 44,35 | 44,35 |  0,00 | 0,140 | 222,93 | 222,93 |  0,00 | 0,252 | 224,67 | 224,67 |  0,00 | 156,466 | 47,48 | 47,48 | 384,940 |   NaN | NaN | 0,00 | 0,00 | NaN
  19 |  0,00 | 4,704 | 536,55 | 536,55 | 573,73 |  0,00 | 0,114 | 44,35 | 44,35 |  0,00 | 0,121 | 221,62 | 221,62 |  0,00 | 0,261 | 223,10 | 223,10 |  0,00 | 176,258 | 47,48 | 47,48 | 321,748 |   NaN | NaN | 0,00 | 0,00 | NaN
  20 |  0,00 | 5,998 | 539,05 | 539,05 | 576,09 |  0,00 | 0,110 | 44,35 | 44,35 |  0,00 | 0,129 | 225,68 | 225,68 |  0,00 | 0,317 | 221,54 | 221,54 |  0,00 | 226,424 | 47,48 | 47,48 | 511,919 |   NaN | NaN | 0,00 | 0,00 | NaN
  21 |  0,00 | 0,410 | 534,17 | 534,17 | 571,30 |  0,00 | 0,114 | 44,35 | 44,35 |  0,00 | 0,129 | 221,21 | 221,21 |  0,00 | 0,285 | 221,14 | 221,14 |  0,00 | 9,910 | 47,48 | 47,48 | 40,819 |   NaN | NaN | 0,00 | 0,00 | NaN
  22 |  0,00 | 2,384 | 545,64 | 545,64 | 590,20 |  0,00 | 0,153 | 44,35 | 44,35 |  0,00 | 0,159 | 230,07 | 230,07 |  0,00 | 0,222 | 223,74 | 223,74 |  0,00 | 86,583 | 47,48 | 47,48 | 194,845 |   NaN | NaN | 0,00 | 0,00 | NaN
  23 |  0,00 | 6,586 | 542,41 | 542,41 | 581,40 |  0,00 | 0,135 | 44,35 | 44,35 |  0,00 | 0,270 | 225,64 | 225,64 |  0,00 | 0,310 | 224,94 | 224,94 |  0,00 | 248,337 | 47,48 | 47,48 | 469,843 |   NaN | NaN | 0,00 | 0,00 | NaN
  24 |  0,00 | 1,718 | 542,03 | 542,03 | 579,00 |  0,00 | 0,097 | 44,35 | 44,35 |  0,00 | 0,100 | 224,42 | 224,42 |  0,00 | 0,292 | 225,78 | 225,78 |  0,00 | 61,368 | 47,48 | 47,48 | 144,314 |   NaN | NaN | 0,00 | 0,00 | NaN
  25 |  0,00 | 0,747 | 546,29 | 546,29 | 591,52 |  0,00 | 0,154 | 44,35 | 44,35 |  0,00 | 0,158 | 225,21 | 225,21 |  0,00 | 0,219 | 229,25 | 229,25 |  0,00 | 22,666 | 47,48 | 47,48 | 66,299 |   NaN | NaN | 0,00 | 0,00 | NaN
  26 |  0,00 | 0,651 | 540,25 | 540,25 | 583,85 |  0,00 | 0,151 | 44,35 | 44,35 |  0,00 | 0,153 | 225,24 | 225,24 |  0,00 | 0,221 | 223,19 | 223,19 |  0,00 | 18,944 | 47,48 | 47,48 | 57,077 |   NaN | NaN | 0,00 | 0,00 | NaN
  27 |  0,00 | 4,036 | 538,16 | 538,16 | 574,85 |  0,00 | 0,078 | 44,35 | 44,35 |  0,00 | 0,084 | 224,57 | 224,57 |  0,00 | 0,311 | 221,77 | 221,77 |  0,00 | 151,269 | 47,48 | 47,48 | 363,302 |   NaN | NaN | 0,00 | 0,00 | NaN
  28 |  0,00 | 6,709 | 537,33 | 537,33 | 578,41 |  0,00 | 0,143 | 44,35 | 44,35 |  0,00 | 0,324 | 224,07 | 224,07 |  0,00 | 0,409 | 221,44 | 221,44 |  0,00 | 250,294 | 47,48 | 47,48 | 477,734 |   NaN | NaN | 0,00 | 0,00 | NaN
  29 |  0,00 | 6,633 | 544,23 | 544,23 | 581,71 |  0,00 | 0,123 | 44,35 | 44,35 |  0,00 | 0,207 | 226,19 | 226,19 |  0,00 | 0,362 | 226,21 | 226,21 |  0,00 | 250,960 | 47,48 | 47,48 | 518,936 |   NaN | NaN | 0,00 | 0,00 | NaN
  30 |  0,00 | 5,095 | 538,70 | 538,70 | 583,53 |  0,00 | 0,153 | 44,35 | 44,35 |  0,00 | 0,167 | 222,74 | 222,74 |  0,00 | 0,225 | 224,13 | 224,13 |  0,00 | 190,898 | 47,48 | 47,48 | 464,727 |   NaN | NaN | 0,00 | 0,00 | NaN
  31 |  0,00 | 6,641 | 540,56 | 540,56 | 577,91 |  0,00 | 0,120 | 44,35 | 44,35 |  0,00 | 0,197 | 226,22 | 226,22 |  0,00 | 0,394 | 222,52 | 222,52 |  0,00 | 250,250 | 47,48 | 47,48 | 475,193 |   NaN | NaN | 0,00 | 0,00 | NaN
  32 |  0,00 | 6,317 | 543,63 | 543,63 | 580,24 |  0,00 | 0,077 | 44,35 | 44,35 |  0,00 | 0,121 | 225,78 | 225,78 |  0,00 | 0,404 | 226,02 | 226,02 |  0,00 | 239,794 | 47,48 | 47,48 | 520,173 |   NaN | NaN | 0,00 | 0,00 | NaN
  33 |  0,00 | 5,698 | 539,79 | 539,79 | 580,39 |  0,00 | 0,142 | 44,35 | 44,35 |  0,00 | 0,207 | 224,47 | 224,47 |  0,00 | 0,355 | 223,49 | 223,49 |  0,00 | 213,256 | 47,48 | 47,48 | 498,956 |   NaN | NaN | 0,00 | 0,00 | NaN
  34 |  0,00 | 3,874 | 539,05 | 539,05 | 577,64 |  0,00 | 0,133 | 44,35 | 44,35 |  0,00 | 0,139 | 224,36 | 224,36 |  0,00 | 0,245 | 222,87 | 222,87 |  0,00 | 144,139 | 47,48 | 47,48 | 323,699 |   NaN | NaN | 0,00 | 0,00 | NaN
  35 |  0,00 | 3,841 | 545,16 | 545,16 | 582,00 |  0,00 | 0,082 | 44,35 | 44,35 |  0,00 | 0,091 | 226,97 | 226,97 |  0,00 | 0,298 | 226,36 | 226,36 |  0,00 | 144,740 | 47,48 | 47,48 | 313,679 |   NaN | NaN | 0,00 | 0,00 | NaN
  36 |  0,00 | 3,925 | 540,64 | 540,64 | 579,81 |  0,00 | 0,135 | 44,35 | 44,35 |  0,00 | 0,146 | 222,14 | 222,14 |  0,00 | 0,240 | 226,67 | 226,67 |  0,00 | 146,279 | 47,48 | 47,48 | 340,598 |   NaN | NaN | 0,00 | 0,00 | NaN
  37 |  0,00 | 6,302 | 545,49 | 545,49 | 582,78 |  0,00 | 0,118 | 44,35 | 44,35 |  0,00 | 0,178 | 228,23 | 228,23 |  0,00 | 0,311 | 225,44 | 225,44 |  0,00 | 239,172 | 47,48 | 47,48 | 520,467 |   NaN | NaN | 0,00 | 0,00 | NaN
  38 |  0,00 | 4,670 | 544,46 | 544,46 | 581,50 |  0,00 | 0,110 | 44,35 | 44,35 |  0,00 | 0,116 | 227,14 | 227,14 |  0,00 | 0,270 | 225,49 | 225,49 |  0,00 | 176,375 | 47,48 | 47,48 | 439,385 |   NaN | NaN | 0,00 | 0,00 | NaN
  39 |  0,00 | 5,836 | 534,06 | 534,06 | 578,76 |  0,00 | 0,153 | 44,35 | 44,35 |  0,00 | 0,169 | 222,03 | 222,03 |  0,00 | 0,242 | 220,21 | 220,21 |  0,00 | 218,448 | 47,48 | 47,48 | 504,432 |   NaN | NaN | 0,00 | 0,00 | NaN
  40 |  0,00 | 4,180 | 536,37 | 536,37 | 581,01 |  0,00 | 0,153 | 44,35 | 44,35 |  0,00 | 0,169 | 224,11 | 224,11 |  0,00 | 0,231 | 220,43 | 220,43 |  0,00 | 155,038 | 47,48 | 47,48 | 373,651 |   NaN | NaN | 0,00 | 0,00 | NaN
  41 |  0,00 | 6,807 | 544,87 | 544,87 | 584,22 |  0,00 | 0,136 | 44,35 | 44,35 |  0,00 | 0,299 | 223,77 | 223,77 |  0,00 | 0,500 | 229,27 | 229,27 |  0,00 | 255,570 | 47,48 | 47,48 | 505,960 |   NaN | NaN | 0,00 | 0,00 | NaN
  42 |  0,00 | 6,579 | 546,39 | 546,39 | 583,28 |  0,00 | 0,082 | 44,35 | 44,35 |  0,00 | 0,155 | 227,14 | 227,14 |  0,00 | 0,371 | 227,42 | 227,42 |  0,00 | 250,635 | 47,48 | 47,48 | 518,691 |   NaN | NaN | 0,00 | 0,00 | NaN
  43 |  0,00 | 5,822 | 547,26 | 547,26 | 590,46 |  0,00 | 0,160 | 44,35 | 44,35 |  0,00 | 0,166 | 228,36 | 228,36 |  0,00 | 0,228 | 227,08 | 227,08 |  0,00 | 220,875 | 47,48 | 47,48 | 504,595 |   NaN | NaN | 0,00 | 0,00 | NaN
  44 |  0,00 | 6,728 | 544,76 | 544,76 | 581,00 |  0,00 | 0,075 | 44,35 | 44,35 |  0,00 | 0,142 | 225,42 | 225,42 |  0,00 | 0,522 | 227,51 | 227,51 |  0,00 | 254,883 | 47,48 | 47,48 | 497,373 |   NaN | NaN | 0,00 | 0,00 | NaN
  45 |  0,00 | 6,721 | 540,89 | 540,89 | 587,23 |  0,00 | 0,157 | 44,35 | 44,35 |  0,00 | 0,243 | 227,48 | 227,48 |  0,00 | 0,364 | 221,58 | 221,58 |  0,00 | 252,545 | 47,48 | 47,48 | 516,635 |   NaN | NaN | 0,00 | 0,00 | NaN
  46 |  0,00 | 5,942 | 541,43 | 541,43 | 578,40 |  0,00 | 0,096 | 44,35 | 44,35 |  0,00 | 0,125 | 223,40 | 223,40 |  0,00 | 0,313 | 226,20 | 226,20 |  0,00 | 225,108 | 47,48 | 47,48 | 511,454 |   NaN | NaN | 0,00 | 0,00 | NaN
  47 |  0,00 | 6,507 | 539,53 | 539,53 | 576,54 |  0,00 | 0,093 | 44,35 | 44,35 |  0,00 | 0,188 | 224,32 | 224,32 |  0,00 | 0,450 | 223,39 | 223,39 |  0,00 | 244,839 | 47,48 | 47,48 | 459,674 |   NaN | NaN | 0,00 | 0,00 | NaN
  48 |  0,00 | 6,781 | 540,02 | 540,02 | 577,63 |  0,00 | 0,123 | 44,35 | 44,35 |  0,00 | 0,251 | 224,14 | 224,14 |  0,00 | 0,382 | 224,05 | 224,05 |  0,00 | 255,075 | 47,48 | 47,48 | 497,882 |   NaN | NaN | 0,00 | 0,00 | NaN
  49 |  0,00 | 6,550 | 539,35 | 539,35 | 578,42 |  0,00 | 0,135 | 44,35 | 44,35 |  0,00 | 0,214 | 224,38 | 224,38 |  0,00 | 0,354 | 223,14 | 223,14 |  0,00 | 246,258 | 47,48 | 47,48 | 463,278 |   NaN | NaN | 0,00 | 0,00 | NaN
  50 |  0,00 | 5,717 | 541,88 | 541,88 | 578,82 |  0,00 | 0,090 | 44,35 | 44,35 |  0,00 | 0,108 | 225,79 | 225,79 |  0,00 | 0,309 | 224,26 | 224,26 |  0,00 | 216,744 | 47,48 | 47,48 | 502,784 |   NaN | NaN | 0,00 | 0,00 | NaN
  51 |  0,00 | 6,678 | 541,84 | 541,84 | 578,78 |  0,00 | 0,088 | 44,35 | 44,35 |  0,00 | 0,166 | 224,22 | 224,22 |  0,00 | 0,418 | 225,80 | 225,80 |  0,00 | 252,688 | 47,48 | 47,48 | 500,144 |   NaN | NaN | 0,00 | 0,00 | NaN
  52 |  0,00 | 6,741 | 542,71 | 542,71 | 579,92 |  0,00 | 0,114 | 44,35 | 44,35 |  0,00 | 0,187 | 222,37 | 222,37 |  0,00 | 0,470 | 228,52 | 228,52 |  0,00 | 254,115 | 47,48 | 47,48 | 511,154 |   NaN | NaN | 0,00 | 0,00 | NaN
  53 |  0,00 | 6,219 | 542,31 | 542,31 | 579,28 |  0,00 | 0,101 | 44,35 | 44,35 |  0,00 | 0,126 | 226,34 | 226,34 |  0,00 | 0,307 | 224,15 | 224,15 |  0,00 | 235,998 | 47,48 | 47,48 | 518,688 |   NaN | NaN | 0,00 | 0,00 | NaN
  54 |  0,00 | 6,704 | 537,69 | 537,69 | 574,69 |  0,00 | 0,104 | 44,35 | 44,35 |  0,00 | 0,208 | 224,60 | 224,60 |  0,00 | 0,384 | 221,26 | 221,26 |  0,00 | 252,203 | 47,48 | 47,48 | 514,554 |   NaN | NaN | 0,00 | 0,00 | NaN
  55 |  0,00 | 4,671 | 537,99 | 537,99 | 574,90 |  0,00 | 0,089 | 44,35 | 44,35 |  0,00 | 0,101 | 222,54 | 222,54 |  0,00 | 0,300 | 223,62 | 223,62 |  0,00 | 175,575 | 47,48 | 47,48 | 438,268 |   NaN | NaN | 0,00 | 0,00 | NaN
  56 |  0,00 | 6,782 | 537,62 | 537,62 | 574,56 |  0,00 | 0,095 | 44,35 | 44,35 |  0,00 | 0,170 | 223,12 | 223,12 |  0,00 | 0,521 | 222,67 | 222,67 |  0,00 | 254,554 | 47,48 | 47,48 | 498,882 |   NaN | NaN | 0,00 | 0,00 | NaN
  57 |  0,00 | 6,644 | 540,34 | 540,34 | 577,29 |  0,00 | 0,092 | 44,35 | 44,35 |  0,00 | 0,230 | 223,61 | 223,61 |  0,00 | 0,378 | 224,90 | 224,90 |  0,00 | 250,685 | 47,48 | 47,48 | 476,141 |   NaN | NaN | 0,00 | 0,00 | NaN
  58 |  0,00 | 6,654 | 543,69 | 543,69 | 581,10 |  0,00 | 0,121 | 44,35 | 44,35 |  0,00 | 0,216 | 226,90 | 226,90 |  0,00 | 0,365 | 224,96 | 224,96 |  0,00 | 251,583 | 47,48 | 47,48 | 480,957 |   NaN | NaN | 0,00 | 0,00 | NaN
  59 |  0,00 | 3,833 | 545,00 | 545,00 | 585,05 |  0,00 | 0,140 | 44,35 | 44,35 |  0,00 | 0,144 | 223,90 | 223,90 |  0,00 | 0,234 | 229,28 | 229,28 |  0,00 | 143,297 | 47,48 | 47,48 | 323,294 |   NaN | NaN | 0,00 | 0,00 | NaN
  60 |  0,00 | 6,724 | 540,93 | 540,93 | 577,42 |  0,00 | 0,076 | 44,35 | 44,35 |  0,00 | 0,114 | 225,11 | 225,11 |  0,00 | 0,369 | 223,99 | 223,99 |  0,00 | 255,363 | 47,48 | 47,48 | 506,969 |   NaN | NaN | 0,00 | 0,00 | NaN
  61 |  0,00 | 6,106 | 544,08 | 544,08 | 581,05 |  0,00 | 0,097 | 44,35 | 44,35 |  0,00 | 0,121 | 225,97 | 225,97 |  0,00 | 0,336 | 226,29 | 226,29 |  0,00 | 231,884 | 47,48 | 47,48 | 516,316 |   NaN | NaN | 0,00 | 0,00 | NaN
  62 |  0,00 | 6,768 | 543,75 | 543,75 | 590,90 |  0,00 | 0,159 | 44,35 | 44,35 |  0,00 | 0,270 | 225,15 | 225,15 |  0,00 | 0,352 | 226,77 | 226,77 |  0,00 | 254,869 | 47,48 | 47,48 | 497,983 |   NaN | NaN | 0,00 | 0,00 | NaN
  63 |  0,00 | 5,009 | 541,68 | 541,68 | 578,82 |  0,00 | 0,114 | 44,35 | 44,35 |  0,00 | 0,127 | 226,09 | 226,09 |  0,00 | 0,275 | 223,76 | 223,76 |  0,00 | 188,861 | 47,48 | 47,48 | 463,663 |   NaN | NaN | 0,00 | 0,00 | NaN
  64 |  0,00 | 6,731 | 537,28 | 537,28 | 584,06 |  0,00 | 0,157 | 44,35 | 44,35 |  0,00 | 0,224 | 222,65 | 222,65 |  0,00 | 0,335 | 222,80 | 222,80 |  0,00 | 252,399 | 47,48 | 47,48 | 515,463 |   NaN | NaN | 0,00 | 0,00 | NaN

= = = = = = = = = = = = AVERAGE RESULTS system = = = = = = = = = = = =
meanPLR_system | 0,000000 
meanDelay_system | 4,361398 
meanLoad_system | 541,501409 
meanTHR_system | 541,501409 
meanGate_system | 580,707191 

meanPLR_EF_system | 0,000000 
meanPLR_AF_system | 0,000000 
meanPLR_BE_system | 0,000000 
meanPLR_FLA_system | 0,000000 
meanPLR_FLB_system | NaN 

meanTHR_EF_system | 44,352002 
meanTHR_AF_system | 225,003893 
meanTHR_BE_system | 224,669777 
meanTHR_FLA_system | 48,382056 
meanTHR_FLB_system | 0,000000 

meanLoad_EF_system | 44,352002 
meanLoad_AF_system | 225,003893 
meanLoad_BE_system | 224,669777 
meanLoad_FLA_system | 48,382056 
meanLoad_FLB_system | 0,000000 

meanDELAY_EF_system | 0,118777 
meanDELAY_AF_system | 0,165587 
meanDELAY_BE_system | 0,319414 
meanDELAY_FLA_system | 162,779972 
meanDELAY_FLB_system | NaN 
meanDELAY_CompleteFLA_system | 349,521516 
meanDELAY_CompleteFLB_system | NaN 

= = = = = = = = = = = = AVERAGE RESULTS = = = = = = = = = = = =
Packet Loss Ratio: 00,00 (%)
PROCESSED PACKAGES: 1576077557 
DISCARTED PACKAGES: 0 
TOTAL PACKAGES: 1576077557 
AVERAGE DELAY: 670,54 (ms) 
AVERAGE THROUGHPUT: 541,50 (Mbps) 
GRANTED THROUGHPUT: 37165,26 (Mbps) By 64 ONUs
EFFECTIVE THROUGHPUT: 34656,09 (Mbps) By 64 ONUs
TOTAL LOAD: 34656,09 (Mbps) By 64 ONUs
ON Arrival THROUGHPUT: 0,00 (Mbps) By 64 ONUs
FINISHTIMEFL: 157,149171 
FINISHTIME: 160,149171 


fileName | IPACT_LBCONSTANTTOKENSBYCYCLE_3_36_60_0 
