
ONU ID 	|  PLR(%) | Delay(ms) | Throughput(Mbps) | Granted Throughput(Mbps) | Total Load (Mbps) 

  ID |  PLR(%) |  D  | Thr |  Gates  |  Load  | PLR-EF | D-EF | ThrEF | LoadEF | PLR-AF | D-AF | ThrAF | LoadAF | PLR-BE | D-BE | ThrBE | LoadBE | PLR-FA | D-FA | ThrFA | LoadFA | DTFA |  PLR-FB | D-FB | ThrFB | LoadFB | DTFB | 
   1 |  0,00 | 36,939 | 743,12 | 743,12 | 749,45 |  0,00 | 1,129 | 44,35 | 44,35 |  0,00 | 8,627 | 324,38 | 324,38 |  0,00 | 105,392 | 312,58 | 312,58 |  0,00 | 215,380 | 61,80 | 61,80 | 447,315 |   NaN | NaN | 0,00 | 0,00 | NaN
   2 |  0,00 | 40,014 | 744,91 | 744,91 | 751,79 |  0,00 | 1,141 | 44,35 | 44,35 |  0,00 | 1,629 | 319,37 | 319,37 |  0,00 | 86,744 | 319,39 | 319,39 |  0,00 | 556,457 | 61,80 | 61,80 | 1142,428 |   NaN | NaN | 0,00 | 0,00 | NaN
   3 |  0,00 | 44,033 | 744,21 | 744,21 | 750,36 |  0,00 | 1,078 | 44,35 | 44,35 |  0,00 | 2,136 | 319,49 | 319,49 |  0,00 | 103,617 | 318,57 | 318,57 |  0,00 | 534,069 | 61,80 | 61,80 | 1095,393 |   NaN | NaN | 0,00 | 0,00 | NaN
   4 |  0,00 | 40,551 | 751,46 | 751,46 | 757,56 |  0,00 | 1,083 | 44,35 | 44,35 |  0,00 | 15,924 | 326,17 | 326,17 |  0,00 | 115,014 | 319,14 | 319,14 |  0,00 | 167,743 | 61,80 | 61,80 | 352,395 |   NaN | NaN | 0,00 | 0,00 | NaN
   5 |  0,00 | 41,075 | 740,71 | 740,71 | 746,89 |  0,00 | 1,109 | 44,35 | 44,35 |  0,00 | 1,925 | 317,53 | 317,53 |  0,00 | 75,338 | 317,02 | 317,02 |  0,00 | 703,581 | 61,80 | 61,80 | 1457,049 |   NaN | NaN | 0,00 | 0,00 | NaN
   6 |  0,00 | 42,586 | 749,80 | 749,80 | 755,94 |  0,00 | 1,057 | 44,35 | 44,35 |  0,00 | 1,533 | 323,01 | 323,01 |  0,00 | 91,622 | 320,64 | 320,64 |  0,00 | 606,060 | 61,80 | 61,80 | 1247,592 |   NaN | NaN | 0,00 | 0,00 | NaN
   7 |  0,00 | 40,559 | 744,87 | 744,87 | 751,03 |  0,00 | 1,076 | 44,35 | 44,35 |  0,00 | 3,169 | 320,59 | 320,59 |  0,00 | 112,696 | 318,13 | 318,13 |  0,00 | 313,347 | 61,80 | 61,80 | 643,475 |   NaN | NaN | 0,00 | 0,00 | NaN
   8 |  0,00 | 43,590 | 747,57 | 747,57 | 753,87 |  0,00 | 1,126 | 44,35 | 44,35 |  0,00 | 2,036 | 318,21 | 318,21 |  0,00 | 97,183 | 323,21 | 323,21 |  0,00 | 571,717 | 61,80 | 61,80 | 1174,749 |   NaN | NaN | 0,00 | 0,00 | NaN
   9 |  0,00 | 46,769 | 747,92 | 747,92 | 754,05 |  0,00 | 1,066 | 44,35 | 44,35 |  0,00 | 2,082 | 323,47 | 323,47 |  0,00 | 125,970 | 318,29 | 318,29 |  0,00 | 421,698 | 61,80 | 61,80 | 863,432 |   NaN | NaN | 0,00 | 0,00 | NaN
  10 |  0,00 | 36,912 | 745,02 | 745,02 | 751,28 |  0,00 | 1,127 | 44,35 | 44,35 |  0,00 | 9,475 | 320,01 | 320,01 |  0,00 | 104,482 | 318,85 | 318,85 |  0,00 | 197,983 | 61,80 | 61,80 | 412,726 |   NaN | NaN | 0,00 | 0,00 | NaN
  11 |  0,00 | 36,676 | 738,99 | 738,99 | 745,15 |  0,00 | 1,066 | 44,35 | 44,35 |  0,00 | 1,471 | 312,84 | 312,84 |  0,00 | 42,816 | 319,99 | 319,99 |  0,00 | 860,108 | 61,80 | 61,80 | 1839,800 |   NaN | NaN | 0,00 | 0,00 | NaN
  12 |  0,00 | 48,533 | 744,22 | 744,22 | 750,59 |  0,00 | 1,128 | 44,35 | 44,35 |  0,00 | 2,346 | 319,76 | 319,76 |  0,00 | 110,774 | 318,30 | 318,30 |  0,00 | 623,749 | 61,80 | 61,80 | 1286,026 |   NaN | NaN | 0,00 | 0,00 | NaN
  13 |  0,00 | 40,904 | 734,55 | 734,55 | 740,72 |  0,00 | 1,093 | 44,35 | 44,35 |  0,00 | 1,646 | 314,58 | 314,58 |  0,00 | 90,776 | 313,82 | 313,82 |  0,00 | 552,268 | 61,80 | 61,80 | 1132,949 |   NaN | NaN | 0,00 | 0,00 | NaN
  14 |  0,00 | 42,876 | 746,93 | 746,93 | 753,47 |  0,00 | 1,134 | 44,35 | 44,35 |  0,00 | 1,392 | 319,99 | 319,99 |  0,00 | 82,971 | 320,78 | 320,78 |  0,00 | 697,450 | 61,80 | 61,80 | 1443,576 |   NaN | NaN | 0,00 | 0,00 | NaN
  15 |  0,00 | 36,980 | 740,94 | 740,94 | 747,27 |  0,00 | 1,128 | 44,35 | 44,35 |  0,00 | 2,817 | 315,42 | 315,42 |  0,00 | 99,327 | 319,37 | 319,37 |  0,00 | 309,868 | 61,80 | 61,80 | 636,686 |   NaN | NaN | 0,00 | 0,00 | NaN
  16 |  0,00 | 40,882 | 748,19 | 748,19 | 754,39 |  0,00 | 1,120 | 44,35 | 44,35 |  0,00 | 1,739 | 318,54 | 318,54 |  0,00 | 97,447 | 323,49 | 323,49 |  0,00 | 474,530 | 61,80 | 61,80 | 971,654 |   NaN | NaN | 0,00 | 0,00 | NaN
  17 |  0,00 | 46,278 | 746,91 | 746,91 | 753,40 |  0,00 | 1,133 | 44,35 | 44,35 |  0,00 | 1,759 | 319,94 | 319,94 |  0,00 | 119,215 | 320,81 | 320,81 |  0,00 | 461,247 | 61,80 | 61,80 | 944,257 |   NaN | NaN | 0,00 | 0,00 | NaN
  18 |  0,00 | 35,424 | 743,31 | 743,31 | 749,50 |  0,00 | 1,109 | 44,35 | 44,35 |  0,00 | 1,478 | 317,02 | 317,02 |  0,00 | 46,266 | 320,13 | 320,13 |  0,00 | 785,487 | 61,80 | 61,80 | 1792,494 |   NaN | NaN | 0,00 | 0,00 | NaN
  19 |  0,00 | 35,932 | 737,59 | 737,59 | 743,76 |  0,00 | 1,100 | 44,35 | 44,35 |  0,00 | 1,891 | 314,46 | 314,46 |  0,00 | 45,821 | 316,98 | 316,98 |  0,00 | 802,225 | 61,80 | 61,80 | 1671,965 |   NaN | NaN | 0,00 | 0,00 | NaN
  20 |  0,00 | 37,934 | 740,36 | 740,36 | 746,52 |  0,00 | 1,096 | 44,35 | 44,35 |  0,00 | 1,205 | 320,83 | 320,83 |  0,00 | 49,483 | 313,37 | 313,37 |  0,00 | 853,360 | 61,80 | 61,80 | 1841,984 |   NaN | NaN | 0,00 | 0,00 | NaN
  21 |  0,00 | 37,595 | 734,08 | 734,08 | 740,23 |  0,00 | 1,100 | 44,35 | 44,35 |  0,00 | 6,807 | 314,11 | 314,11 |  0,00 | 104,444 | 313,81 | 313,81 |  0,00 | 253,885 | 61,80 | 61,80 | 524,417 |   NaN | NaN | 0,00 | 0,00 | NaN
  22 |  0,00 | 39,690 | 751,56 | 751,56 | 758,33 |  0,00 | 1,139 | 44,35 | 44,35 |  0,00 | 1,501 | 327,13 | 327,13 |  0,00 | 69,620 | 318,27 | 318,27 |  0,00 | 723,016 | 61,80 | 61,80 | 1499,636 |   NaN | NaN | 0,00 | 0,00 | NaN
  23 |  0,00 | 42,004 | 746,63 | 746,63 | 752,88 |  0,00 | 1,121 | 44,35 | 44,35 |  0,00 | 1,455 | 322,18 | 322,18 |  0,00 | 64,122 | 318,29 | 318,29 |  0,00 | 854,461 | 61,80 | 61,80 | 1792,137 |   NaN | NaN | 0,00 | 0,00 | NaN
  24 |  0,00 | 39,305 | 743,81 | 743,81 | 749,97 |  0,00 | 1,083 | 44,35 | 44,35 |  0,00 | 1,664 | 318,35 | 318,35 |  0,00 | 84,645 | 319,31 | 319,31 |  0,00 | 551,166 | 61,80 | 61,80 | 1130,960 |   NaN | NaN | 0,00 | 0,00 | NaN
  25 |  0,00 | 44,919 | 752,24 | 752,24 | 759,03 |  0,00 | 1,140 | 44,35 | 44,35 |  0,00 | 3,364 | 319,12 | 319,12 |  0,00 | 123,264 | 326,96 | 326,96 |  0,00 | 341,600 | 61,80 | 61,80 | 700,940 |   NaN | NaN | 0,00 | 0,00 | NaN
  26 |  0,00 | 40,770 | 741,80 | 741,80 | 748,43 |  0,00 | 1,136 | 44,35 | 44,35 |  0,00 | 5,980 | 317,66 | 317,66 |  0,00 | 111,521 | 317,98 | 317,98 |  0,00 | 301,193 | 61,80 | 61,80 | 618,974 |   NaN | NaN | 0,00 | 0,00 | NaN
  27 |  0,00 | 31,960 | 741,67 | 741,67 | 747,83 |  0,00 | 1,063 | 44,35 | 44,35 |  0,00 | 1,435 | 319,76 | 319,76 |  0,00 | 36,312 | 315,75 | 315,75 |  0,00 | 762,844 | 61,80 | 61,80 | 1768,419 |   NaN | NaN | 0,00 | 0,00 | NaN
  28 |  0,00 | 41,361 | 737,95 | 737,95 | 744,36 |  0,00 | 1,129 | 44,35 | 44,35 |  0,00 | 2,126 | 318,99 | 318,99 |  0,00 | 60,785 | 312,80 | 312,80 |  0,00 | 856,299 | 61,80 | 61,80 | 1797,848 |   NaN | NaN | 0,00 | 0,00 | NaN
  29 |  0,00 | 41,021 | 748,70 | 748,70 | 754,87 |  0,00 | 1,108 | 44,35 | 44,35 |  0,00 | 1,544 | 321,36 | 321,36 |  0,00 | 59,283 | 321,19 | 321,19 |  0,00 | 862,640 | 61,80 | 61,80 | 1834,353 |   NaN | NaN | 0,00 | 0,00 | NaN
  30 |  0,00 | 35,541 | 739,95 | 739,95 | 746,77 |  0,00 | 1,139 | 44,35 | 44,35 |  0,00 | 1,523 | 316,93 | 316,93 |  0,00 | 42,308 | 316,86 | 316,86 |  0,00 | 827,889 | 61,80 | 61,80 | 1827,276 |   NaN | NaN | 0,00 | 0,00 | NaN
  31 |  0,00 | 38,999 | 742,07 | 742,07 | 748,23 |  0,00 | 1,106 | 44,35 | 44,35 |  0,00 | 1,549 | 317,92 | 317,92 |  0,00 | 52,506 | 317,99 | 317,99 |  0,00 | 853,718 | 61,80 | 61,80 | 1791,629 |   NaN | NaN | 0,00 | 0,00 | NaN
  32 |  0,00 | 40,165 | 743,32 | 743,32 | 749,49 |  0,00 | 1,062 | 44,35 | 44,35 |  0,00 | 1,914 | 318,42 | 318,42 |  0,00 | 56,103 | 318,75 | 318,75 |  0,00 | 857,928 | 61,80 | 61,80 | 1839,326 |   NaN | NaN | 0,00 | 0,00 | NaN
  33 |  0,00 | 38,975 | 738,79 | 738,79 | 745,14 |  0,00 | 1,128 | 44,35 | 44,35 |  0,00 | 1,418 | 315,43 | 315,43 |  0,00 | 53,370 | 317,20 | 317,20 |  0,00 | 842,915 | 61,80 | 61,80 | 1837,410 |   NaN | NaN | 0,00 | 0,00 | NaN
  34 |  0,00 | 26,623 | 737,29 | 737,29 | 743,50 |  0,00 | 1,119 | 44,35 | 44,35 |  0,00 | 1,389 | 317,90 | 317,90 |  0,00 | 23,697 | 313,24 | 313,24 |  0,00 | 691,356 | 61,80 | 61,80 | 1682,510 |   NaN | NaN | 0,00 | 0,00 | NaN
  35 |  0,00 | 25,266 | 747,67 | 747,67 | 753,84 |  0,00 | 1,068 | 44,35 | 44,35 |  0,00 | 1,095 | 319,85 | 319,85 |  0,00 | 26,385 | 321,67 | 321,67 |  0,00 | 622,093 | 61,80 | 61,80 | 1580,689 |   NaN | NaN | 0,00 | 0,00 | NaN
  36 |  0,00 | 33,017 | 739,55 | 739,55 | 745,83 |  0,00 | 1,121 | 44,35 | 44,35 |  0,00 | 1,526 | 313,29 | 313,29 |  0,00 | 41,813 | 320,10 | 320,10 |  0,00 | 738,507 | 61,80 | 61,80 | 1741,293 |   NaN | NaN | 0,00 | 0,00 | NaN
  37 |  0,00 | 39,126 | 749,21 | 749,21 | 755,39 |  0,00 | 1,104 | 44,35 | 44,35 |  0,00 | 1,808 | 324,02 | 324,02 |  0,00 | 52,552 | 319,04 | 319,04 |  0,00 | 862,005 | 61,80 | 61,80 | 1841,955 |   NaN | NaN | 0,00 | 0,00 | NaN
  38 |  0,00 | 34,623 | 743,77 | 743,77 | 749,94 |  0,00 | 1,096 | 44,35 | 44,35 |  0,00 | 1,690 | 319,88 | 319,88 |  0,00 | 40,883 | 317,73 | 317,73 |  0,00 | 810,686 | 61,80 | 61,80 | 1813,609 |   NaN | NaN | 0,00 | 0,00 | NaN
  39 |  0,00 | 36,775 | 734,67 | 734,67 | 741,52 |  0,00 | 1,139 | 44,35 | 44,35 |  0,00 | 1,867 | 315,00 | 315,00 |  0,00 | 44,274 | 313,51 | 313,51 |  0,00 | 848,229 | 61,80 | 61,80 | 1838,166 |   NaN | NaN | 0,00 | 0,00 | NaN
  40 |  0,00 | 30,418 | 734,48 | 734,48 | 741,32 |  0,00 | 1,139 | 44,35 | 44,35 |  0,00 | 1,660 | 315,36 | 315,36 |  0,00 | 29,281 | 312,96 | 312,96 |  0,00 | 768,130 | 61,80 | 61,80 | 1773,283 |   NaN | NaN | 0,00 | 0,00 | NaN
  41 |  0,00 | 43,220 | 746,93 | 746,93 | 753,21 |  0,00 | 1,122 | 44,35 | 44,35 |  0,00 | 1,884 | 317,03 | 317,03 |  0,00 | 66,212 | 323,74 | 323,74 |  0,00 | 863,344 | 61,80 | 61,80 | 1820,159 |   NaN | NaN | 0,00 | 0,00 | NaN
  42 |  0,00 | 40,083 | 748,60 | 748,60 | 754,75 |  0,00 | 1,068 | 44,35 | 44,35 |  0,00 | 1,701 | 321,30 | 321,30 |  0,00 | 55,493 | 321,15 | 321,15 |  0,00 | 865,266 | 61,80 | 61,80 | 1832,850 |   NaN | NaN | 0,00 | 0,00 | NaN
  43 |  0,00 | 41,544 | 749,04 | 749,04 | 755,81 |  0,00 | 1,146 | 44,35 | 44,35 |  0,00 | 1,676 | 321,43 | 321,43 |  0,00 | 62,372 | 321,46 | 321,46 |  0,00 | 849,355 | 61,80 | 61,80 | 1841,372 |   NaN | NaN | 0,00 | 0,00 | NaN
  44 |  0,00 | 38,281 | 749,48 | 749,48 | 755,64 |  0,00 | 1,058 | 44,35 | 44,35 |  0,00 | 1,431 | 319,23 | 319,23 |  0,00 | 49,152 | 324,09 | 324,09 |  0,00 | 862,008 | 61,80 | 61,80 | 1814,178 |   NaN | NaN | 0,00 | 0,00 | NaN
  45 |  0,00 | 40,799 | 745,36 | 745,36 | 752,32 |  0,00 | 1,142 | 44,35 | 44,35 |  0,00 | 1,614 | 323,76 | 323,76 |  0,00 | 58,895 | 315,44 | 315,44 |  0,00 | 863,383 | 61,80 | 61,80 | 1826,366 |   NaN | NaN | 0,00 | 0,00 | NaN
  46 |  0,00 | 40,461 | 743,13 | 743,13 | 749,31 |  0,00 | 1,082 | 44,35 | 44,35 |  0,00 | 1,325 | 315,68 | 315,68 |  0,00 | 58,006 | 321,29 | 321,29 |  0,00 | 850,829 | 61,80 | 61,80 | 1839,721 |   NaN | NaN | 0,00 | 0,00 | NaN
  47 |  0,00 | 38,405 | 739,55 | 739,55 | 745,73 |  0,00 | 1,079 | 44,35 | 44,35 |  0,00 | 1,493 | 319,12 | 319,12 |  0,00 | 50,607 | 314,28 | 314,28 |  0,00 | 854,664 | 61,80 | 61,80 | 1793,004 |   NaN | NaN | 0,00 | 0,00 | NaN
  48 |  0,00 | 36,852 | 738,46 | 738,46 | 744,67 |  0,00 | 1,109 | 44,35 | 44,35 |  0,00 | 1,635 | 316,22 | 316,22 |  0,00 | 43,439 | 316,08 | 316,08 |  0,00 | 862,590 | 61,80 | 61,80 | 1814,396 |   NaN | NaN | 0,00 | 0,00 | NaN
  49 |  0,00 | 40,923 | 737,93 | 737,93 | 744,21 |  0,00 | 1,121 | 44,35 | 44,35 |  0,00 | 2,059 | 317,31 | 317,31 |  0,00 | 59,342 | 314,46 | 314,46 |  0,00 | 852,420 | 61,80 | 61,80 | 1787,568 |   NaN | NaN | 0,00 | 0,00 | NaN
  50 |  0,00 | 36,988 | 741,68 | 741,68 | 747,84 |  0,00 | 1,076 | 44,35 | 44,35 |  0,00 | 1,423 | 318,98 | 318,98 |  0,00 | 46,180 | 316,55 | 316,55 |  0,00 | 846,412 | 61,80 | 61,80 | 1839,019 |   NaN | NaN | 0,00 | 0,00 | NaN
  51 |  0,00 | 36,142 | 744,60 | 744,60 | 750,76 |  0,00 | 1,074 | 44,35 | 44,35 |  0,00 | 1,337 | 318,53 | 318,53 |  0,00 | 41,236 | 319,91 | 319,91 |  0,00 | 863,687 | 61,80 | 61,80 | 1819,899 |   NaN | NaN | 0,00 | 0,00 | NaN
  52 |  0,00 | 38,242 | 742,39 | 742,39 | 748,55 |  0,00 | 1,100 | 44,35 | 44,35 |  0,00 | 1,396 | 314,31 | 314,31 |  0,00 | 48,276 | 321,92 | 321,92 |  0,00 | 864,107 | 61,80 | 61,80 | 1827,338 |   NaN | NaN | 0,00 | 0,00 | NaN
  53 |  0,00 | 39,840 | 743,85 | 743,85 | 750,00 |  0,00 | 1,087 | 44,35 | 44,35 |  0,00 | 1,995 | 318,87 | 318,87 |  0,00 | 54,672 | 318,82 | 318,82 |  0,00 | 859,457 | 61,80 | 61,80 | 1839,844 |   NaN | NaN | 0,00 | 0,00 | NaN
  54 |  0,00 | 38,359 | 738,20 | 738,20 | 744,37 |  0,00 | 1,090 | 44,35 | 44,35 |  0,00 | 1,965 | 318,27 | 318,27 |  0,00 | 48,736 | 313,77 | 313,77 |  0,00 | 865,367 | 61,80 | 61,80 | 1829,049 |   NaN | NaN | 0,00 | 0,00 | NaN
  55 |  0,00 | 37,126 | 742,30 | 742,30 | 748,46 |  0,00 | 1,075 | 44,35 | 44,35 |  0,00 | 1,487 | 317,33 | 317,33 |  0,00 | 49,264 | 318,81 | 318,81 |  0,00 | 818,224 | 61,80 | 61,80 | 1820,591 |   NaN | NaN | 0,00 | 0,00 | NaN
  56 |  0,00 | 36,544 | 736,95 | 736,95 | 743,12 |  0,00 | 1,081 | 44,35 | 44,35 |  0,00 | 1,738 | 316,21 | 316,21 |  0,00 | 42,190 | 314,58 | 314,58 |  0,00 | 863,340 | 61,80 | 61,80 | 1817,093 |   NaN | NaN | 0,00 | 0,00 | NaN
  57 |  0,00 | 38,771 | 742,05 | 742,05 | 748,24 |  0,00 | 1,078 | 44,35 | 44,35 |  0,00 | 2,376 | 317,18 | 317,18 |  0,00 | 50,435 | 318,72 | 318,72 |  0,00 | 857,002 | 61,80 | 61,80 | 1799,131 |   NaN | NaN | 0,00 | 0,00 | NaN
  58 |  0,00 | 38,526 | 744,88 | 744,88 | 751,05 |  0,00 | 1,106 | 44,35 | 44,35 |  0,00 | 1,651 | 321,81 | 321,81 |  0,00 | 50,852 | 316,91 | 316,91 |  0,00 | 856,738 | 61,80 | 61,80 | 1797,338 |   NaN | NaN | 0,00 | 0,00 | NaN
  59 |  0,00 | 28,894 | 746,77 | 746,77 | 753,08 |  0,00 | 1,126 | 44,35 | 44,35 |  0,00 | 1,489 | 317,29 | 317,29 |  0,00 | 30,835 | 323,32 | 323,32 |  0,00 | 701,874 | 61,80 | 61,80 | 1694,350 |   NaN | NaN | 0,00 | 0,00 | NaN
  60 |  0,00 | 40,750 | 744,98 | 744,98 | 751,14 |  0,00 | 1,060 | 44,35 | 44,35 |  0,00 | 1,531 | 319,89 | 319,89 |  0,00 | 58,297 | 318,93 | 318,93 |  0,00 | 863,024 | 61,80 | 61,80 | 1819,946 |   NaN | NaN | 0,00 | 0,00 | NaN
  61 |  0,00 | 38,558 | 746,94 | 746,94 | 753,09 |  0,00 | 1,083 | 44,35 | 44,35 |  0,00 | 1,534 | 319,80 | 319,80 |  0,00 | 50,540 | 320,98 | 320,98 |  0,00 | 858,536 | 61,80 | 61,80 | 1840,889 |   NaN | NaN | 0,00 | 0,00 | NaN
  62 |  0,00 | 39,113 | 744,72 | 744,72 | 751,83 |  0,00 | 1,144 | 44,35 | 44,35 |  0,00 | 2,097 | 317,30 | 317,30 |  0,00 | 51,344 | 321,26 | 321,26 |  0,00 | 861,316 | 61,80 | 61,80 | 1812,513 |   NaN | NaN | 0,00 | 0,00 | NaN
  63 |  0,00 | 37,932 | 744,37 | 744,37 | 750,55 |  0,00 | 1,100 | 44,35 | 44,35 |  0,00 | 1,812 | 321,32 | 321,32 |  0,00 | 51,653 | 316,90 | 316,90 |  0,00 | 825,689 | 61,80 | 61,80 | 1826,373 |   NaN | NaN | 0,00 | 0,00 | NaN
  64 |  0,00 | 38,781 | 737,03 | 737,03 | 744,07 |  0,00 | 1,143 | 44,35 | 44,35 |  0,00 | 1,661 | 316,43 | 316,43 |  0,00 | 50,542 | 314,44 | 314,44 |  0,00 | 863,117 | 61,80 | 61,80 | 1827,209 |   NaN | NaN | 0,00 | 0,00 | NaN

= = = = = = = = = = = = AVERAGE RESULTS system = = = = = = = = = = = =
meanPLR_system | 0,000000 
meanDelay_system | 38,730237 
meanLoad_system | 743,296659 
meanTHR_system | 743,296659 
meanGate_system | 749,619846 

meanPLR_EF_system | 0,000000 
meanPLR_AF_system | 0,000000 
meanPLR_BE_system | 0,000000 
meanPLR_FLA_system | 0,000000 
meanPLR_FLB_system | NaN 

meanTHR_EF_system | 44,352003 
meanTHR_AF_system | 318,795094 
meanTHR_BE_system | 318,345185 
meanTHR_FLA_system | 63,191273 
meanTHR_FLB_system | 0,000000 

meanLoad_EF_system | 44,352003 
meanLoad_AF_system | 318,795094 
meanLoad_BE_system | 318,345185 
meanLoad_FLA_system | 63,191273 
meanLoad_FLB_system | 0,000000 

meanDELAY_EF_system | 1,104451 
meanDELAY_AF_system | 2,342322 
meanDELAY_BE_system | 65,760821 
meanDELAY_FLA_system | 708,291221 
meanDELAY_FLB_system | NaN 
meanDELAY_CompleteFLA_system | 1518,952630 
meanDELAY_CompleteFLB_system | NaN 

= = = = = = = = = = = = AVERAGE RESULTS = = = = = = = = = = = =
Packet Loss Ratio: 00,00 (%)
PROCESSED PACKAGES: 1613194300 
DISCARTED PACKAGES: 0 
TOTAL PACKAGES: 1613194300 
AVERAGE DELAY: 7143,06 (ms) 
AVERAGE THROUGHPUT: 743,30 (Mbps) 
GRANTED THROUGHPUT: 47975,67 (Mbps) By 64 ONUs
EFFECTIVE THROUGHPUT: 47570,99 (Mbps) By 64 ONUs
TOTAL LOAD: 47570,99 (Mbps) By 64 ONUs
ON Arrival THROUGHPUT: 0,00 (Mbps) By 64 ONUs
FINISHTIMEFL: 133,689347 
FINISHTIME: 136,689347 


fileName | IPACT_LBCONSTANTTOKENSBYCYCLE_2_40_85_0 
