
ONU ID 	|  PLR(%) | Delay(ms) | Throughput(Mbps) | Granted Throughput(Mbps) | Total Load (Mbps) 

  ID |  PLR(%) |  D  | Thr |  Gates  |  Load  | PLR-EF | D-EF | ThrEF | LoadEF | PLR-AF | D-AF | ThrAF | LoadAF | PLR-BE | D-BE | ThrBE | LoadBE | PLR-FA | D-FA | ThrFA | LoadFA | DTFA |  PLR-FB | D-FB | ThrFB | LoadFB | DTFB | 
   1 | 11,54 | 293,575 | 755,02 | 853,51 | 759,29 |  0,00 | 1,408 | 44,35 | 44,35 |  0,00 | 38,458 | 350,71 | 350,71 | 28,92 | 1295,943 | 242,09 | 340,59 |  0,00 | 194,361 | 117,86 | 117,86 | 407,908 |   NaN | NaN | 0,00 | 0,00 | NaN
   2 | 11,54 | 280,425 | 754,26 | 852,62 | 758,58 |  0,00 | 1,420 | 44,35 | 44,35 |  0,00 | 5,641 | 343,62 | 343,62 | 28,36 | 1203,159 | 248,42 | 346,78 |  0,00 | 370,461 | 117,86 | 117,86 | 760,066 |   NaN | NaN | 0,00 | 0,00 | NaN
   3 | 11,88 | 284,916 | 755,61 | 857,47 | 759,89 |  0,00 | 1,356 | 44,35 | 44,35 |  0,00 | 5,999 | 348,94 | 348,94 | 29,41 | 1248,270 | 244,46 | 346,32 |  0,00 | 358,846 | 117,86 | 117,86 | 736,792 |   NaN | NaN | 0,00 | 0,00 | NaN
   4 | 11,97 | 292,520 | 754,59 | 857,23 | 758,85 |  0,00 | 1,362 | 44,35 | 44,35 |  0,00 | 45,388 | 351,06 | 351,06 | 29,84 | 1290,812 | 241,31 | 343,95 |  0,00 | 172,145 | 117,86 | 117,86 | 363,454 |   NaN | NaN | 0,00 | 0,00 | NaN
   5 | 11,25 | 274,575 | 755,44 | 851,20 | 759,72 |  0,00 | 1,387 | 44,35 | 44,35 |  0,00 | 5,187 | 345,45 | 345,45 | 27,88 | 1158,409 | 247,77 | 343,54 |  0,00 | 458,948 | 117,86 | 117,86 | 937,076 |   NaN | NaN | 0,00 | 0,00 | NaN
   6 | 11,98 | 285,291 | 755,36 | 858,15 | 759,63 |  0,00 | 1,336 | 44,35 | 44,35 |  0,00 | 5,406 | 349,37 | 349,37 | 29,66 | 1243,675 | 243,77 | 346,56 |  0,00 | 398,064 | 117,86 | 117,86 | 815,340 |   NaN | NaN | 0,00 | 0,00 | NaN
   7 | 11,41 | 288,833 | 754,66 | 851,84 | 758,92 |  0,00 | 1,354 | 44,35 | 44,35 |  0,00 | 23,462 | 345,73 | 345,73 | 28,26 | 1259,366 | 246,71 | 343,89 |  0,00 | 241,015 | 117,86 | 117,86 | 501,266 |   NaN | NaN | 0,00 | 0,00 | NaN
   8 | 12,08 | 285,568 | 753,27 | 856,76 | 757,55 |  0,00 | 1,405 | 44,35 | 44,35 |  0,00 | 5,896 | 345,64 | 345,64 | 29,66 | 1237,975 | 245,41 | 348,90 |  0,00 | 380,836 | 117,86 | 117,86 | 780,783 |   NaN | NaN | 0,00 | 0,00 | NaN
   9 | 11,64 | 284,939 | 755,87 | 855,48 | 760,16 |  0,00 | 1,344 | 44,35 | 44,35 |  0,00 | 10,697 | 349,27 | 349,27 | 28,95 | 1257,760 | 244,39 | 343,99 |  0,00 | 298,526 | 117,86 | 117,86 | 616,192 |   NaN | NaN | 0,00 | 0,00 | NaN
  10 | 11,44 | 291,643 | 755,77 | 853,38 | 760,05 |  0,00 | 1,405 | 44,35 | 44,35 |  0,00 | 34,650 | 347,30 | 347,30 | 28,39 | 1272,720 | 246,25 | 343,86 |  0,00 | 189,792 | 117,86 | 117,86 | 398,756 |   NaN | NaN | 0,00 | 0,00 | NaN
  11 | 10,67 | 268,543 | 753,88 | 843,88 | 758,16 |  0,00 | 1,345 | 44,35 | 44,35 |  0,00 | 2,380 | 338,18 | 338,18 | 26,20 | 1075,741 | 253,48 | 343,49 |  0,00 | 587,147 | 117,86 | 117,86 | 1193,391 |   NaN | NaN | 0,00 | 0,00 | NaN
  12 | 11,64 | 281,584 | 755,78 | 855,31 | 760,10 |  0,00 | 1,407 | 44,35 | 44,35 |  0,00 | 4,059 | 346,39 | 346,39 | 28,71 | 1208,297 | 247,17 | 346,71 |  0,00 | 410,544 | 117,86 | 117,86 | 840,345 |   NaN | NaN | 0,00 | 0,00 | NaN
  13 | 10,79 | 280,555 | 754,11 | 845,35 | 758,38 |  0,00 | 1,372 | 44,35 | 44,35 |  0,00 | 6,052 | 341,81 | 341,81 | 26,73 | 1195,198 | 250,08 | 341,32 |  0,00 | 370,832 | 117,86 | 117,86 | 760,779 |   NaN | NaN | 0,00 | 0,00 | NaN
  14 | 11,95 | 279,807 | 754,41 | 856,77 | 758,69 |  0,00 | 1,413 | 44,35 | 44,35 |  0,00 | 4,035 | 347,75 | 347,75 | 29,52 | 1200,069 | 244,44 | 346,80 |  0,00 | 454,358 | 117,86 | 117,86 | 927,910 |   NaN | NaN | 0,00 | 0,00 | NaN
  15 | 11,17 | 288,579 | 754,53 | 849,44 | 758,81 |  0,00 | 1,407 | 44,35 | 44,35 |  0,00 | 21,933 | 341,11 | 341,11 | 27,42 | 1236,591 | 251,20 | 346,12 |  0,00 | 245,537 | 117,86 | 117,86 | 510,172 |   NaN | NaN | 0,00 | 0,00 | NaN
  16 | 12,12 | 285,968 | 754,76 | 858,87 | 759,04 |  0,00 | 1,398 | 44,35 | 44,35 |  0,00 | 11,227 | 346,16 | 346,16 | 29,70 | 1243,048 | 246,38 | 350,49 |  0,00 | 327,930 | 117,86 | 117,86 | 674,960 |   NaN | NaN | 0,00 | 0,00 | NaN
  17 | 11,59 | 286,578 | 754,88 | 853,88 | 759,19 |  0,00 | 1,411 | 44,35 | 44,35 |  0,00 | 11,415 | 344,84 | 344,84 | 28,55 | 1240,944 | 247,82 | 346,82 |  0,00 | 317,850 | 117,86 | 117,86 | 654,940 |   NaN | NaN | 0,00 | 0,00 | NaN
  18 | 11,47 | 271,811 | 754,62 | 852,43 | 758,92 |  0,00 | 1,388 | 44,35 | 44,35 |  0,00 | 2,494 | 344,38 | 344,38 | 28,28 | 1106,402 | 248,02 | 345,83 |  0,00 | 621,906 | 117,86 | 117,86 | 1263,312 |   NaN | NaN | 0,00 | 0,00 | NaN
  19 | 10,76 | 272,981 | 755,13 | 846,20 | 759,40 |  0,00 | 1,379 | 44,35 | 44,35 |  0,00 | 2,715 | 340,00 | 340,00 | 26,48 | 1114,828 | 252,91 | 343,98 |  0,00 | 524,845 | 117,86 | 117,86 | 1068,855 |   NaN | NaN | 0,00 | 0,00 | NaN
  20 | 10,88 | 269,547 | 755,17 | 847,36 | 759,45 |  0,00 | 1,374 | 44,35 | 44,35 |  0,00 | 3,221 | 345,75 | 345,75 | 27,16 | 1105,867 | 247,20 | 339,40 |  0,00 | 595,355 | 117,86 | 117,86 | 1209,735 |   NaN | NaN | 0,00 | 0,00 | NaN
  21 | 10,40 | 286,336 | 755,46 | 843,16 | 759,72 |  0,00 | 1,379 | 44,35 | 44,35 |  0,00 | 26,864 | 341,72 | 341,72 | 25,85 | 1225,989 | 251,53 | 339,22 |  0,00 | 216,820 | 117,86 | 117,86 | 452,877 |   NaN | NaN | 0,00 | 0,00 | NaN
  22 | 12,35 | 282,185 | 753,84 | 860,01 | 758,16 |  0,00 | 1,418 | 44,35 | 44,35 |  0,00 | 4,637 | 355,21 | 355,21 | 30,99 | 1246,632 | 236,41 | 342,59 |  0,00 | 471,756 | 117,86 | 117,86 | 962,707 |   NaN | NaN | 0,00 | 0,00 | NaN
  23 | 11,83 | 276,034 | 754,52 | 855,76 | 758,81 |  0,00 | 1,400 | 44,35 | 44,35 |  0,00 | 3,072 | 348,11 | 348,11 | 29,31 | 1158,256 | 244,20 | 345,43 |  0,00 | 563,067 | 117,86 | 117,86 | 1145,290 |   NaN | NaN | 0,00 | 0,00 | NaN
  24 | 11,72 | 282,548 | 753,54 | 853,58 | 757,79 |  0,00 | 1,361 | 44,35 | 44,35 |  0,00 | 6,671 | 344,22 | 344,22 | 28,82 | 1217,051 | 247,11 | 347,14 |  0,00 | 370,804 | 117,86 | 117,86 | 760,725 |   NaN | NaN | 0,00 | 0,00 | NaN
  25 | 12,66 | 292,201 | 754,73 | 864,10 | 759,04 |  0,00 | 1,419 | 44,35 | 44,35 |  0,00 | 18,434 | 346,00 | 346,00 | 30,73 | 1277,761 | 246,51 | 355,88 |  0,00 | 260,495 | 117,86 | 117,86 | 540,112 |   NaN | NaN | 0,00 | 0,00 | NaN
  26 | 11,15 | 285,056 | 755,92 | 850,82 | 760,23 |  0,00 | 1,415 | 44,35 | 44,35 |  0,00 | 22,418 | 343,72 | 343,72 | 27,52 | 1229,497 | 249,98 | 344,89 |  0,00 | 236,817 | 117,86 | 117,86 | 492,699 |   NaN | NaN | 0,00 | 0,00 | NaN
  27 | 10,68 | 266,266 | 756,24 | 846,64 | 760,54 |  0,00 | 1,341 | 44,35 | 44,35 |  0,00 | 2,454 | 345,42 | 345,42 | 26,67 | 1078,736 | 248,60 | 339,00 |  0,00 | 627,053 | 117,86 | 117,86 | 1273,834 |   NaN | NaN | 0,00 | 0,00 | NaN
  28 | 10,77 | 274,330 | 754,44 | 845,45 | 758,73 |  0,00 | 1,408 | 44,35 | 44,35 |  0,00 | 2,951 | 344,48 | 344,48 | 26,87 | 1133,119 | 247,75 | 338,76 |  0,00 | 564,855 | 117,86 | 117,86 | 1148,839 |   NaN | NaN | 0,00 | 0,00 | NaN
  29 | 11,70 | 271,922 | 755,10 | 855,15 | 759,38 |  0,00 | 1,387 | 44,35 | 44,35 |  0,00 | 2,462 | 347,79 | 347,79 | 28,99 | 1130,994 | 245,09 | 345,14 |  0,00 | 580,706 | 117,86 | 117,86 | 1180,492 |   NaN | NaN | 0,00 | 0,00 | NaN
  30 | 10,77 | 271,042 | 755,13 | 846,29 | 759,44 |  0,00 | 1,418 | 44,35 | 44,35 |  0,00 | 2,285 | 341,04 | 341,04 | 26,58 | 1090,245 | 251,87 | 343,03 |  0,00 | 608,462 | 117,86 | 117,86 | 1236,219 |   NaN | NaN | 0,00 | 0,00 | NaN
  31 | 11,11 | 275,423 | 755,62 | 850,10 | 759,91 |  0,00 | 1,385 | 44,35 | 44,35 |  0,00 | 2,580 | 343,68 | 343,68 | 27,45 | 1131,400 | 249,72 | 344,20 |  0,00 | 563,147 | 117,86 | 117,86 | 1145,412 |   NaN | NaN | 0,00 | 0,00 | NaN
  32 | 10,90 | 272,708 | 755,69 | 848,10 | 759,98 |  0,00 | 1,341 | 44,35 | 44,35 |  0,00 | 3,774 | 341,24 | 341,24 | 26,81 | 1100,029 | 252,23 | 344,65 |  0,00 | 588,383 | 117,86 | 117,86 | 1195,850 |   NaN | NaN | 0,00 | 0,00 | NaN
  33 | 10,94 | 271,224 | 756,38 | 849,32 | 760,66 |  0,00 | 1,406 | 44,35 | 44,35 |  0,00 | 2,692 | 341,24 | 341,24 | 26,87 | 1089,202 | 252,92 | 345,86 |  0,00 | 599,741 | 117,86 | 117,86 | 1218,522 |   NaN | NaN | 0,00 | 0,00 | NaN
  34 | 10,23 | 267,133 | 755,41 | 841,47 | 759,69 |  0,00 | 1,398 | 44,35 | 44,35 |  0,00 | 2,073 | 342,47 | 342,47 | 25,55 | 1069,111 | 250,72 | 336,78 |  0,00 | 642,676 | 117,86 | 117,86 | 1305,153 |   NaN | NaN | 0,00 | 0,00 | NaN
  35 | 11,76 | 269,716 | 756,15 | 856,92 | 760,44 |  0,00 | 1,347 | 44,35 | 44,35 |  0,00 | 1,774 | 347,75 | 347,75 | 29,04 | 1098,330 | 246,19 | 346,96 |  0,00 | 657,211 | 117,86 | 117,86 | 1333,608 |   NaN | NaN | 0,00 | 0,00 | NaN
  36 | 10,71 | 269,969 | 755,57 | 846,24 | 759,89 |  0,00 | 1,400 | 44,35 | 44,35 |  0,00 | 2,230 | 338,95 | 338,95 | 26,28 | 1069,092 | 254,40 | 345,07 |  0,00 | 632,865 | 117,86 | 117,86 | 1285,328 |   NaN | NaN | 0,00 | 0,00 | NaN
  37 | 12,02 | 276,085 | 754,52 | 857,64 | 758,78 |  0,00 | 1,383 | 44,35 | 44,35 |  0,00 | 2,950 | 350,42 | 350,42 | 29,89 | 1162,544 | 241,89 | 345,00 |  0,00 | 588,408 | 117,86 | 117,86 | 1195,989 |   NaN | NaN | 0,00 | 0,00 | NaN
  38 | 11,26 | 269,756 | 755,69 | 851,57 | 759,97 |  0,00 | 1,374 | 44,35 | 44,35 |  0,00 | 3,137 | 346,18 | 346,18 | 27,94 | 1102,466 | 247,30 | 343,18 |  0,00 | 612,982 | 117,86 | 117,86 | 1245,119 |   NaN | NaN | 0,00 | 0,00 | NaN
  39 | 10,65 | 268,748 | 754,07 | 843,96 | 758,39 |  0,00 | 1,417 | 44,35 | 44,35 |  0,00 | 2,646 | 342,50 | 342,50 | 26,50 | 1091,499 | 249,35 | 339,25 |  0,00 | 598,241 | 117,86 | 117,86 | 1215,592 |   NaN | NaN | 0,00 | 0,00 | NaN
  40 | 10,58 | 270,462 | 755,19 | 844,58 | 759,50 |  0,00 | 1,417 | 44,35 | 44,35 |  0,00 | 2,403 | 341,13 | 341,13 | 26,19 | 1082,886 | 251,84 | 341,23 |  0,00 | 625,690 | 117,86 | 117,86 | 1271,008 |   NaN | NaN | 0,00 | 0,00 | NaN
  41 | 11,74 | 270,505 | 754,68 | 855,11 | 758,96 |  0,00 | 1,400 | 44,35 | 44,35 |  0,00 | 2,762 | 343,86 | 343,86 | 28,77 | 1109,471 | 248,61 | 349,03 |  0,00 | 572,540 | 117,86 | 117,86 | 1164,149 |   NaN | NaN | 0,00 | 0,00 | NaN
  42 | 11,70 | 274,467 | 754,41 | 854,36 | 758,69 |  0,00 | 1,346 | 44,35 | 44,35 |  0,00 | 3,074 | 345,22 | 345,22 | 28,81 | 1132,867 | 246,97 | 346,92 |  0,00 | 580,679 | 117,86 | 117,86 | 1180,453 |   NaN | NaN | 0,00 | 0,00 | NaN
  43 | 11,98 | 274,080 | 754,55 | 857,25 | 758,86 |  0,00 | 1,425 | 44,35 | 44,35 |  0,00 | 3,003 | 346,85 | 346,85 | 29,50 | 1133,231 | 245,48 | 348,19 |  0,00 | 598,154 | 117,86 | 117,86 | 1215,456 |   NaN | NaN | 0,00 | 0,00 | NaN
  44 | 12,11 | 277,192 | 754,72 | 858,69 | 758,99 |  0,00 | 1,337 | 44,35 | 44,35 |  0,00 | 2,418 | 344,87 | 344,87 | 29,57 | 1146,731 | 247,64 | 351,60 |  0,00 | 569,502 | 117,86 | 117,86 | 1158,032 |   NaN | NaN | 0,00 | 0,00 | NaN
  45 | 11,73 | 274,387 | 755,65 | 856,09 | 759,97 |  0,00 | 1,421 | 44,35 | 44,35 |  0,00 | 3,766 | 352,43 | 352,43 | 29,42 | 1161,238 | 241,00 | 341,44 |  0,00 | 579,103 | 117,86 | 117,86 | 1177,324 |   NaN | NaN | 0,00 | 0,00 | NaN
  46 | 11,00 | 267,083 | 754,81 | 848,08 | 759,11 |  0,00 | 1,360 | 44,35 | 44,35 |  0,00 | 2,806 | 339,67 | 339,67 | 26,94 | 1069,748 | 252,93 | 346,19 |  0,00 | 595,380 | 117,86 | 117,86 | 1209,908 |   NaN | NaN | 0,00 | 0,00 | NaN
  47 | 10,56 | 273,066 | 756,40 | 845,74 | 760,68 |  0,00 | 1,358 | 44,35 | 44,35 |  0,00 | 2,670 | 344,91 | 344,91 | 26,38 | 1123,793 | 249,28 | 338,61 |  0,00 | 560,098 | 117,86 | 117,86 | 1139,196 |   NaN | NaN | 0,00 | 0,00 | NaN
  48 | 10,71 | 273,566 | 755,54 | 846,14 | 759,85 |  0,00 | 1,388 | 44,35 | 44,35 |  0,00 | 2,623 | 341,41 | 341,41 | 26,45 | 1111,302 | 251,92 | 342,51 |  0,00 | 569,474 | 117,86 | 117,86 | 1158,025 |   NaN | NaN | 0,00 | 0,00 | NaN
  49 | 10,66 | 274,993 | 755,45 | 845,56 | 759,74 |  0,00 | 1,400 | 44,35 | 44,35 |  0,00 | 3,105 | 342,42 | 342,42 | 26,43 | 1124,601 | 250,82 | 340,92 |  0,00 | 560,016 | 117,86 | 117,86 | 1139,179 |   NaN | NaN | 0,00 | 0,00 | NaN
  50 | 11,12 | 268,615 | 754,82 | 849,29 | 759,12 |  0,00 | 1,354 | 44,35 | 44,35 |  0,00 | 2,749 | 345,65 | 345,65 | 27,67 | 1102,161 | 246,95 | 341,42 |  0,00 | 598,384 | 117,86 | 117,86 | 1215,906 |   NaN | NaN | 0,00 | 0,00 | NaN
  51 | 10,94 | 273,616 | 755,01 | 847,77 | 759,29 |  0,00 | 1,352 | 44,35 | 44,35 |  0,00 | 3,023 | 340,57 | 340,57 | 26,89 | 1108,008 | 252,22 | 344,98 |  0,00 | 573,343 | 117,86 | 117,86 | 1165,706 |   NaN | NaN | 0,00 | 0,00 | NaN
  52 | 11,14 | 272,109 | 755,43 | 850,13 | 759,73 |  0,00 | 1,379 | 44,35 | 44,35 |  0,00 | 3,152 | 340,50 | 340,50 | 27,26 | 1097,983 | 252,72 | 347,42 |  0,00 | 576,312 | 117,86 | 117,86 | 1171,761 |   NaN | NaN | 0,00 | 0,00 | NaN
  53 | 11,43 | 278,679 | 756,06 | 853,63 | 760,35 |  0,00 | 1,366 | 44,35 | 44,35 |  0,00 | 2,316 | 344,21 | 344,21 | 28,10 | 1140,657 | 249,63 | 347,20 |  0,00 | 590,264 | 117,86 | 117,86 | 1199,583 |   NaN | NaN | 0,00 | 0,00 | NaN
  54 | 10,55 | 272,541 | 756,15 | 845,33 | 760,44 |  0,00 | 1,368 | 44,35 | 44,35 |  0,00 | 3,076 | 345,02 | 345,02 | 26,38 | 1117,563 | 248,90 | 338,09 |  0,00 | 579,235 | 117,86 | 117,86 | 1177,544 |   NaN | NaN | 0,00 | 0,00 | NaN
  55 | 11,26 | 273,500 | 755,38 | 851,18 | 759,67 |  0,00 | 1,353 | 44,35 | 44,35 |  0,00 | 2,525 | 342,73 | 342,73 | 27,67 | 1106,805 | 250,43 | 346,23 |  0,00 | 612,814 | 117,86 | 117,86 | 1244,955 |   NaN | NaN | 0,00 | 0,00 | NaN
  56 | 10,62 | 272,097 | 754,38 | 843,99 | 758,67 |  0,00 | 1,359 | 44,35 | 44,35 |  0,00 | 2,917 | 342,63 | 342,63 | 26,42 | 1113,073 | 249,53 | 339,14 |  0,00 | 570,753 | 117,86 | 117,86 | 1160,535 |   NaN | NaN | 0,00 | 0,00 | NaN
  57 | 11,13 | 270,222 | 755,49 | 850,11 | 759,78 |  0,00 | 1,356 | 44,35 | 44,35 |  0,00 | 3,006 | 342,77 | 342,77 | 27,42 | 1103,023 | 250,50 | 345,12 |  0,00 | 563,130 | 117,86 | 117,86 | 1145,387 |   NaN | NaN | 0,00 | 0,00 | NaN
  58 | 11,28 | 274,724 | 755,33 | 851,41 | 759,62 |  0,00 | 1,385 | 44,35 | 44,35 |  0,00 | 3,111 | 346,19 | 346,19 | 28,01 | 1139,700 | 246,92 | 343,00 |  0,00 | 564,753 | 117,86 | 117,86 | 1148,650 |   NaN | NaN | 0,00 | 0,00 | NaN
  59 | 11,80 | 269,693 | 755,78 | 856,94 | 760,08 |  0,00 | 1,404 | 44,35 | 44,35 |  0,00 | 2,417 | 343,62 | 343,62 | 28,81 | 1085,192 | 249,95 | 351,10 |  0,00 | 639,356 | 117,86 | 117,86 | 1298,460 |   NaN | NaN | 0,00 | 0,00 | NaN
  60 | 11,42 | 273,503 | 754,76 | 852,04 | 759,03 |  0,00 | 1,339 | 44,35 | 44,35 |  0,00 | 2,824 | 345,92 | 345,92 | 28,29 | 1132,915 | 246,62 | 343,91 |  0,00 | 572,428 | 117,86 | 117,86 | 1163,892 |   NaN | NaN | 0,00 | 0,00 | NaN
  61 | 11,95 | 276,419 | 754,11 | 856,48 | 758,40 |  0,00 | 1,361 | 44,35 | 44,35 |  0,00 | 3,535 | 346,98 | 346,98 | 29,48 | 1147,868 | 244,91 | 347,28 |  0,00 | 592,442 | 117,86 | 117,86 | 1203,967 |   NaN | NaN | 0,00 | 0,00 | NaN
  62 | 11,65 | 274,852 | 754,53 | 854,02 | 758,86 |  0,00 | 1,423 | 44,35 | 44,35 |  0,00 | 3,041 | 344,05 | 344,05 | 28,61 | 1131,543 | 248,26 | 347,76 |  0,00 | 569,334 | 117,86 | 117,86 | 1157,713 |   NaN | NaN | 0,00 | 0,00 | NaN
  63 | 11,59 | 271,536 | 755,40 | 854,41 | 759,69 |  0,00 | 1,378 | 44,35 | 44,35 |  0,00 | 2,356 | 347,99 | 347,99 | 28,77 | 1122,194 | 245,19 | 344,21 |  0,00 | 608,447 | 117,86 | 117,86 | 1236,165 |   NaN | NaN | 0,00 | 0,00 | NaN
  64 | 10,40 | 269,503 | 754,48 | 842,07 | 758,79 |  0,00 | 1,422 | 44,35 | 44,35 |  0,00 | 2,835 | 341,18 | 341,18 | 25,86 | 1092,051 | 251,08 | 338,68 |  0,00 | 579,095 | 117,86 | 117,86 | 1177,192 |   NaN | NaN | 0,00 | 0,00 | NaN

= = = = = = = = = = = = AVERAGE RESULTS system = = = = = = = = = = = =
meanPLR_system | 11,319467 
meanDelay_system | 276,536442 
meanLoad_system | 851,465400 
meanTHR_system | 755,056201 
meanGate_system | 759,346781 

meanPLR_EF_system | 0,000000 
meanPLR_AF_system | 0,000000 
meanPLR_BE_system | 27,981818 
meanPLR_FLA_system | 0,000000 
meanPLR_FLB_system | NaN 

meanTHR_EF_system | 44,352004 
meanTHR_AF_system | 344,818078 
meanTHR_BE_system | 248,021439 
meanTHR_FLA_system | 120,839853 
meanTHR_FLB_system | 0,000000 

meanLoad_EF_system | 44,352004 
meanLoad_AF_system | 344,818078 
meanLoad_BE_system | 344,430637 
meanLoad_FLA_system | 120,839853 
meanLoad_FLB_system | 0,000000 

meanDELAY_EF_system | 1,383100 
meanDELAY_AF_system | 6,842751 
meanDELAY_BE_system | 1153,650451 
meanDELAY_FLA_system | 501,633056 
meanDELAY_FLB_system | NaN 
meanDELAY_CompleteFLA_system | 1022,446007 
meanDELAY_CompleteFLB_system | NaN 

= = = = = = = = = = = = AVERAGE RESULTS = = = = = = = = = = = =
Packet Loss Ratio: 11,32 (%)
PROCESSED PACKAGES: 1420607290 
DISCARTED PACKAGES: 117674294 
TOTAL PACKAGES: 1538281584 
AVERAGE DELAY: 50376,30 (ms) 
AVERAGE THROUGHPUT: 755,06 (Mbps) 
GRANTED THROUGHPUT: 48598,19 (Mbps) By 64 ONUs
EFFECTIVE THROUGHPUT: 48323,60 (Mbps) By 64 ONUs
TOTAL LOAD: 54493,79 (Mbps) By 64 ONUs
ON Arrival THROUGHPUT: 0,00 (Mbps) By 64 ONUs
FINISHTIMEFL: 118,848208 
FINISHTIME: 121,848208 


fileName | IPACT_LEAKYBUCKET_1_68_92_0 
