
ONU ID 	|  PLR(%) | Delay(ms) | Throughput(Mbps) | Granted Throughput(Mbps) | Total Load (Mbps) 

  ID |  PLR(%) |  D  | Thr |  Gates  |  Load  | PLR-EF | D-EF | ThrEF | LoadEF | PLR-AF | D-AF | ThrAF | LoadAF | PLR-BE | D-BE | ThrBE | LoadBE | PLR-FA | D-FA | ThrFA | LoadFA | DTFA |  PLR-FB | D-FB | ThrFB | LoadFB | DTFB | 
   1 |  1,57 | 222,839 | 754,76 | 766,82 | 759,08 |  0,00 | 1,401 | 44,35 | 44,35 |  0,00 | 35,582 | 305,18 | 305,18 |  4,08 | 830,666 | 283,72 | 295,79 |  0,00 | 166,619 | 121,50 | 121,50 | 353,436 |   NaN | NaN | 0,00 | 0,00 | NaN
   2 |  1,88 | 189,641 | 751,19 | 765,56 | 755,57 |  0,00 | 1,413 | 44,35 | 44,35 |  0,00 | 3,377 | 298,57 | 298,57 |  4,77 | 681,211 | 286,76 | 301,14 |  0,00 | 338,865 | 121,50 | 121,50 | 698,129 |   NaN | NaN | 0,00 | 0,00 | NaN
   3 |  2,26 | 217,681 | 752,14 | 769,54 | 756,45 |  0,00 | 1,350 | 44,35 | 44,35 |  0,00 | 3,505 | 303,02 | 303,02 |  5,79 | 806,745 | 283,26 | 300,66 |  0,00 | 327,544 | 121,50 | 121,50 | 675,357 |   NaN | NaN | 0,00 | 0,00 | NaN
   4 |  2,21 | 227,319 | 754,16 | 771,19 | 758,69 |  0,00 | 1,355 | 44,35 | 44,35 |  0,00 | 45,408 | 306,65 | 306,65 |  5,70 | 848,724 | 281,66 | 298,69 |  0,00 | 145,238 | 121,50 | 121,50 | 310,544 |   NaN | NaN | 0,00 | 0,00 | NaN
   5 |  1,36 | 188,817 | 753,44 | 763,81 | 757,77 |  0,00 | 1,381 | 44,35 | 44,35 |  0,00 | 2,870 | 300,38 | 300,38 |  3,48 | 659,441 | 287,21 | 297,58 |  0,00 | 424,852 | 121,50 | 121,50 | 870,686 |   NaN | NaN | 0,00 | 0,00 | NaN
   6 |  2,11 | 218,738 | 754,11 | 770,37 | 758,42 |  0,00 | 1,329 | 44,35 | 44,35 |  0,00 | 3,619 | 303,49 | 303,49 |  5,40 | 799,917 | 284,76 | 301,03 |  0,00 | 365,719 | 121,50 | 121,50 | 751,974 |   NaN | NaN | 0,00 | 0,00 | NaN
   7 |  1,56 | 205,327 | 753,53 | 765,45 | 757,85 |  0,00 | 1,348 | 44,35 | 44,35 |  0,00 | 24,802 | 300,24 | 300,24 |  3,98 | 750,143 | 287,43 | 299,36 |  0,00 | 212,287 | 121,50 | 121,50 | 444,794 |   NaN | NaN | 0,00 | 0,00 | NaN
   8 |  2,29 | 212,134 | 753,21 | 770,83 | 757,57 |  0,00 | 1,398 | 44,35 | 44,35 |  0,00 | 3,438 | 301,22 | 301,22 |  5,80 | 772,365 | 286,14 | 303,76 |  0,00 | 348,966 | 121,50 | 121,50 | 718,323 |   NaN | NaN | 0,00 | 0,00 | NaN
   9 |  1,87 | 193,279 | 753,99 | 768,38 | 758,30 |  0,00 | 1,337 | 44,35 | 44,35 |  0,00 | 8,517 | 302,95 | 302,95 |  4,80 | 711,843 | 285,19 | 299,57 |  0,00 | 268,544 | 121,50 | 121,50 | 557,380 |   NaN | NaN | 0,00 | 0,00 | NaN
  10 |  1,48 | 207,434 | 755,34 | 766,68 | 759,66 |  0,00 | 1,398 | 44,35 | 44,35 |  0,00 | 37,557 | 301,16 | 301,16 |  3,78 | 755,580 | 288,33 | 299,67 |  0,00 | 162,179 | 121,50 | 121,50 | 344,461 |   NaN | NaN | 0,00 | 0,00 | NaN
  11 |  1,32 | 170,749 | 749,56 | 759,62 | 753,89 |  0,00 | 1,338 | 44,35 | 44,35 |  0,00 | 1,756 | 294,91 | 294,91 |  3,37 | 554,691 | 288,79 | 298,86 |  0,00 | 549,556 | 121,50 | 121,50 | 1120,541 |   NaN | NaN | 0,00 | 0,00 | NaN
  12 |  1,89 | 192,948 | 754,01 | 768,55 | 758,37 |  0,00 | 1,400 | 44,35 | 44,35 |  0,00 | 2,246 | 300,73 | 300,73 |  4,82 | 686,986 | 287,42 | 301,96 |  0,00 | 377,762 | 121,50 | 121,50 | 776,174 |   NaN | NaN | 0,00 | 0,00 | NaN
  13 |  1,32 | 184,024 | 750,20 | 760,21 | 754,52 |  0,00 | 1,365 | 44,35 | 44,35 |  0,00 | 3,284 | 296,69 | 296,69 |  3,36 | 655,645 | 287,66 | 297,67 |  0,00 | 339,239 | 121,50 | 121,50 | 698,808 |   NaN | NaN | 0,00 | 0,00 | NaN
  14 |  2,74 | 207,185 | 749,24 | 770,37 | 753,61 |  0,00 | 1,406 | 44,35 | 44,35 |  0,00 | 2,250 | 302,73 | 302,73 |  7,00 | 749,050 | 280,65 | 301,78 |  0,00 | 420,495 | 121,50 | 121,50 | 861,692 |   NaN | NaN | 0,00 | 0,00 | NaN
  15 |  1,46 | 215,665 | 752,60 | 763,77 | 756,92 |  0,00 | 1,400 | 44,35 | 44,35 |  0,00 | 19,258 | 296,78 | 296,78 |  3,71 | 788,960 | 289,96 | 301,13 |  0,00 | 216,770 | 121,50 | 121,50 | 453,706 |   NaN | NaN | 0,00 | 0,00 | NaN
  16 |  2,30 | 242,310 | 754,75 | 772,56 | 759,08 |  0,00 | 1,392 | 44,35 | 44,35 |  0,00 | 5,968 | 300,92 | 300,92 |  5,82 | 898,794 | 287,98 | 305,78 |  0,00 | 297,320 | 121,50 | 121,50 | 614,885 |   NaN | NaN | 0,00 | 0,00 | NaN
  17 |  1,96 | 216,277 | 752,33 | 767,35 | 756,68 |  0,00 | 1,404 | 44,35 | 44,35 |  0,00 | 7,824 | 300,02 | 300,02 |  4,98 | 796,714 | 286,45 | 301,48 |  0,00 | 287,451 | 121,50 | 121,50 | 595,212 |   NaN | NaN | 0,00 | 0,00 | NaN
  18 |  1,74 | 192,281 | 752,37 | 765,72 | 756,73 |  0,00 | 1,381 | 44,35 | 44,35 |  0,00 | 1,578 | 299,54 | 299,54 |  4,44 | 639,182 | 286,98 | 300,33 |  0,00 | 582,627 | 121,50 | 121,50 | 1187,739 |   NaN | NaN | 0,00 | 0,00 | NaN
  19 |  1,00 | 168,006 | 753,75 | 761,33 | 758,08 |  0,00 | 1,372 | 44,35 | 44,35 |  0,00 | 2,053 | 296,11 | 296,11 |  2,53 | 553,488 | 291,79 | 299,37 |  0,00 | 489,092 | 121,50 | 121,50 | 999,257 |   NaN | NaN | 0,00 | 0,00 | NaN
  20 |  1,25 | 179,882 | 752,10 | 761,66 | 756,44 |  0,00 | 1,368 | 44,35 | 44,35 |  0,00 | 2,124 | 299,54 | 299,54 |  3,22 | 594,770 | 286,71 | 296,26 |  0,00 | 557,482 | 121,50 | 121,50 | 1136,471 |   NaN | NaN | 0,00 | 0,00 | NaN
  21 |  1,08 | 183,846 | 749,18 | 757,34 | 753,49 |  0,00 | 1,372 | 44,35 | 44,35 |  0,00 | 23,447 | 296,97 | 296,97 |  2,77 | 670,440 | 286,35 | 294,51 |  0,00 | 188,654 | 121,50 | 121,50 | 397,416 |   NaN | NaN | 0,00 | 0,00 | NaN
  22 |  2,27 | 223,427 | 755,06 | 772,60 | 759,45 |  0,00 | 1,411 | 44,35 | 44,35 |  0,00 | 2,266 | 308,18 | 308,18 |  5,88 | 815,241 | 281,02 | 298,56 |  0,00 | 437,434 | 121,50 | 121,50 | 895,816 |   NaN | NaN | 0,00 | 0,00 | NaN
  23 |  1,82 | 206,918 | 755,00 | 769,01 | 759,36 |  0,00 | 1,393 | 44,35 | 44,35 |  0,00 | 1,964 | 301,99 | 301,99 |  4,65 | 711,414 | 287,16 | 301,17 |  0,00 | 526,440 | 121,50 | 121,50 | 1073,836 |   NaN | NaN | 0,00 | 0,00 | NaN
  24 |  2,04 | 211,341 | 752,57 | 768,23 | 756,90 |  0,00 | 1,354 | 44,35 | 44,35 |  0,00 | 4,333 | 300,32 | 300,32 |  5,19 | 769,206 | 286,40 | 302,06 |  0,00 | 339,158 | 121,50 | 121,50 | 698,679 |   NaN | NaN | 0,00 | 0,00 | NaN
  25 |  2,76 | 241,905 | 755,16 | 776,64 | 759,52 |  0,00 | 1,412 | 44,35 | 44,35 |  0,00 | 13,351 | 300,59 | 300,59 |  6,92 | 902,426 | 288,72 | 310,19 |  0,00 | 231,367 | 121,50 | 121,50 | 482,930 |   NaN | NaN | 0,00 | 0,00 | NaN
  26 |  1,50 | 213,518 | 753,10 | 764,60 | 757,48 |  0,00 | 1,408 | 44,35 | 44,35 |  0,00 | 20,109 | 298,57 | 298,57 |  3,83 | 785,205 | 288,68 | 300,18 |  0,00 | 208,201 | 121,50 | 121,50 | 436,577 |   NaN | NaN | 0,00 | 0,00 | NaN
  27 |  1,05 | 170,971 | 752,51 | 760,49 | 756,84 |  0,00 | 1,335 | 44,35 | 44,35 |  0,00 | 1,536 | 300,31 | 300,31 |  2,71 | 553,662 | 286,34 | 294,33 |  0,00 | 587,579 | 121,50 | 121,50 | 1197,589 |   NaN | NaN | 0,00 | 0,00 | NaN
  28 |  1,15 | 188,992 | 753,00 | 761,75 | 757,36 |  0,00 | 1,401 | 44,35 | 44,35 |  0,00 | 1,965 | 300,56 | 300,56 |  2,96 | 638,804 | 286,59 | 295,34 |  0,00 | 528,114 | 121,50 | 121,50 | 1077,268 |   NaN | NaN | 0,00 | 0,00 | NaN
  29 |  1,99 | 199,732 | 753,50 | 768,82 | 757,85 |  0,00 | 1,380 | 44,35 | 44,35 |  0,00 | 1,912 | 302,18 | 302,18 |  5,09 | 682,152 | 285,46 | 300,78 |  0,00 | 543,452 | 121,50 | 121,50 | 1108,084 |   NaN | NaN | 0,00 | 0,00 | NaN
  30 |  0,90 | 175,898 | 752,50 | 759,32 | 756,89 |  0,00 | 1,411 | 44,35 | 44,35 |  0,00 | 1,757 | 295,58 | 295,58 |  2,29 | 567,782 | 291,06 | 297,88 |  0,00 | 569,955 | 121,50 | 121,50 | 1161,742 |   NaN | NaN | 0,00 | 0,00 | NaN
  31 |  1,59 | 191,826 | 751,51 | 763,68 | 755,83 |  0,00 | 1,378 | 44,35 | 44,35 |  0,00 | 2,060 | 298,92 | 298,92 |  4,07 | 649,198 | 286,74 | 298,91 |  0,00 | 526,439 | 121,50 | 121,50 | 1073,937 |   NaN | NaN | 0,00 | 0,00 | NaN
  32 |  1,33 | 161,811 | 751,28 | 761,40 | 755,61 |  0,00 | 1,334 | 44,35 | 44,35 |  0,00 | 2,134 | 296,54 | 296,54 |  3,38 | 518,909 | 288,89 | 299,01 |  0,00 | 550,817 | 121,50 | 121,50 | 1122,939 |   NaN | NaN | 0,00 | 0,00 | NaN
  33 |  1,44 | 188,919 | 751,94 | 762,95 | 756,28 |  0,00 | 1,399 | 44,35 | 44,35 |  0,00 | 1,739 | 296,49 | 296,49 |  3,66 | 624,040 | 289,59 | 300,60 |  0,00 | 561,847 | 121,50 | 121,50 | 1145,151 |   NaN | NaN | 0,00 | 0,00 | NaN
  34 |  0,99 | 165,876 | 750,09 | 757,58 | 754,43 |  0,00 | 1,391 | 44,35 | 44,35 |  0,00 | 1,490 | 298,18 | 298,18 |  2,55 | 528,671 | 286,06 | 293,55 |  0,00 | 602,566 | 121,50 | 121,50 | 1227,623 |   NaN | NaN | 0,00 | 0,00 | NaN
  35 |  2,12 | 205,085 | 753,73 | 770,07 | 758,08 |  0,00 | 1,340 | 44,35 | 44,35 |  0,00 | 1,375 | 302,84 | 302,84 |  5,42 | 688,574 | 285,04 | 301,38 |  0,00 | 617,032 | 121,50 | 121,50 | 1256,354 |   NaN | NaN | 0,00 | 0,00 | NaN
  36 |  1,34 | 169,566 | 750,52 | 760,68 | 754,88 |  0,00 | 1,393 | 44,35 | 44,35 |  0,00 | 1,547 | 294,29 | 294,29 |  3,38 | 537,885 | 290,37 | 300,54 |  0,00 | 593,230 | 121,50 | 121,50 | 1208,949 |   NaN | NaN | 0,00 | 0,00 | NaN
  37 |  2,26 | 205,031 | 754,38 | 771,85 | 758,73 |  0,00 | 1,376 | 44,35 | 44,35 |  0,00 | 1,942 | 304,94 | 304,94 |  5,80 | 706,935 | 283,59 | 301,06 |  0,00 | 550,803 | 121,50 | 121,50 | 1123,002 |   NaN | NaN | 0,00 | 0,00 | NaN
  38 |  1,48 | 201,157 | 753,43 | 764,72 | 757,76 |  0,00 | 1,367 | 44,35 | 44,35 |  0,00 | 2,059 | 301,25 | 301,25 |  3,79 | 678,357 | 286,32 | 297,62 |  0,00 | 574,275 | 121,50 | 121,50 | 1170,409 |   NaN | NaN | 0,00 | 0,00 | NaN
  39 |  1,10 | 165,268 | 750,67 | 759,06 | 755,09 |  0,00 | 1,411 | 44,35 | 44,35 |  0,00 | 1,835 | 297,66 | 297,66 |  2,84 | 533,920 | 287,16 | 295,54 |  0,00 | 560,119 | 121,50 | 121,50 | 1141,890 |   NaN | NaN | 0,00 | 0,00 | NaN
  40 |  1,21 | 187,635 | 749,98 | 759,17 | 754,37 |  0,00 | 1,411 | 44,35 | 44,35 |  0,00 | 1,683 | 296,92 | 296,92 |  3,10 | 617,354 | 287,21 | 296,39 |  0,00 | 586,271 | 121,50 | 121,50 | 1194,979 |   NaN | NaN | 0,00 | 0,00 | NaN
  41 |  2,58 | 196,911 | 750,10 | 769,98 | 754,45 |  0,00 | 1,394 | 44,35 | 44,35 |  0,00 | 1,848 | 299,79 | 299,79 |  6,53 | 672,246 | 284,46 | 304,34 |  0,00 | 535,538 | 121,50 | 121,50 | 1092,155 |   NaN | NaN | 0,00 | 0,00 | NaN
  42 |  2,02 | 203,497 | 752,94 | 768,46 | 757,26 |  0,00 | 1,339 | 44,35 | 44,35 |  0,00 | 2,000 | 300,32 | 300,32 |  5,13 | 693,657 | 286,76 | 302,29 |  0,00 | 543,322 | 121,50 | 121,50 | 1107,897 |   NaN | NaN | 0,00 | 0,00 | NaN
  43 |  2,34 | 190,725 | 751,87 | 769,88 | 756,24 |  0,00 | 1,418 | 44,35 | 44,35 |  0,00 | 1,898 | 301,22 | 301,22 |  5,95 | 642,033 | 284,79 | 302,80 |  0,00 | 560,103 | 121,50 | 121,50 | 1141,798 |   NaN | NaN | 0,00 | 0,00 | NaN
  44 |  2,27 | 212,556 | 755,08 | 772,63 | 759,40 |  0,00 | 1,330 | 44,35 | 44,35 |  0,00 | 1,789 | 300,49 | 300,49 |  5,73 | 729,601 | 288,74 | 306,29 |  0,00 | 532,535 | 121,50 | 121,50 | 1086,209 |   NaN | NaN | 0,00 | 0,00 | NaN
  45 |  2,06 | 202,532 | 753,18 | 769,05 | 757,57 |  0,00 | 1,414 | 44,35 | 44,35 |  0,00 | 2,463 | 306,71 | 306,71 |  5,35 | 704,386 | 280,61 | 296,48 |  0,00 | 541,902 | 121,50 | 121,50 | 1104,978 |   NaN | NaN | 0,00 | 0,00 | NaN
  46 |  1,59 | 182,626 | 750,57 | 762,67 | 754,90 |  0,00 | 1,353 | 44,35 | 44,35 |  0,00 | 1,948 | 295,63 | 295,63 |  4,02 | 600,010 | 289,08 | 301,18 |  0,00 | 557,462 | 121,50 | 121,50 | 1136,446 |   NaN | NaN | 0,00 | 0,00 | NaN
  47 |  1,15 | 164,476 | 750,50 | 759,27 | 754,85 |  0,00 | 1,351 | 44,35 | 44,35 |  0,00 | 1,652 | 299,45 | 299,45 |  2,98 | 542,721 | 285,20 | 293,97 |  0,00 | 523,496 | 121,50 | 121,50 | 1068,005 |   NaN | NaN | 0,00 | 0,00 | NaN
  48 |  1,16 | 203,409 | 750,92 | 759,76 | 755,26 |  0,00 | 1,381 | 44,35 | 44,35 |  0,00 | 1,735 | 296,66 | 296,66 |  2,98 | 690,504 | 288,41 | 297,25 |  0,00 | 532,556 | 121,50 | 121,50 | 1086,210 |   NaN | NaN | 0,00 | 0,00 | NaN
  49 |  1,07 | 165,415 | 750,98 | 759,06 | 755,32 |  0,00 | 1,393 | 44,35 | 44,35 |  0,00 | 2,043 | 296,48 | 296,48 |  2,73 | 539,864 | 288,65 | 296,73 |  0,00 | 523,370 | 121,50 | 121,50 | 1067,779 |   NaN | NaN | 0,00 | 0,00 | NaN
  50 |  1,24 | 183,917 | 753,46 | 762,96 | 757,78 |  0,00 | 1,347 | 44,35 | 44,35 |  0,00 | 1,899 | 300,61 | 300,61 |  3,20 | 610,740 | 286,99 | 296,49 |  0,00 | 560,475 | 121,50 | 121,50 | 1142,308 |   NaN | NaN | 0,00 | 0,00 | NaN
  51 |  1,14 | 184,031 | 752,59 | 761,26 | 756,93 |  0,00 | 1,345 | 44,35 | 44,35 |  0,00 | 1,978 | 296,04 | 296,04 |  2,89 | 608,053 | 290,69 | 299,36 |  0,00 | 536,362 | 121,50 | 121,50 | 1093,777 |   NaN | NaN | 0,00 | 0,00 | NaN
  52 |  1,39 | 188,680 | 753,05 | 763,63 | 757,39 |  0,00 | 1,372 | 44,35 | 44,35 |  0,00 | 1,907 | 296,41 | 296,41 |  3,51 | 626,020 | 290,79 | 301,37 |  0,00 | 539,209 | 121,50 | 121,50 | 1099,524 |   NaN | NaN | 0,00 | 0,00 | NaN
  53 |  1,95 | 199,425 | 751,34 | 766,30 | 755,67 |  0,00 | 1,359 | 44,35 | 44,35 |  0,00 | 1,692 | 298,45 | 298,45 |  4,95 | 673,622 | 287,03 | 301,99 |  0,00 | 552,611 | 121,50 | 121,50 | 1126,553 |   NaN | NaN | 0,00 | 0,00 | NaN
  54 |  0,91 | 177,449 | 751,54 | 758,43 | 755,87 |  0,00 | 1,362 | 44,35 | 44,35 |  0,00 | 2,133 | 299,46 | 299,46 |  2,35 | 588,883 | 286,23 | 293,12 |  0,00 | 541,963 | 121,50 | 121,50 | 1105,106 |   NaN | NaN | 0,00 | 0,00 | NaN
  55 |  1,33 | 185,507 | 754,44 | 764,62 | 758,79 |  0,00 | 1,347 | 44,35 | 44,35 |  0,00 | 1,764 | 297,87 | 297,87 |  3,38 | 607,259 | 290,72 | 300,90 |  0,00 | 573,956 | 121,50 | 121,50 | 1170,072 |   NaN | NaN | 0,00 | 0,00 | NaN
  56 |  1,13 | 172,326 | 750,53 | 759,14 | 754,86 |  0,00 | 1,352 | 44,35 | 44,35 |  0,00 | 2,115 | 298,49 | 298,49 |  2,92 | 569,567 | 286,18 | 294,79 |  0,00 | 533,752 | 121,50 | 121,50 | 1088,754 |   NaN | NaN | 0,00 | 0,00 | NaN
  57 |  1,84 | 178,595 | 748,57 | 762,64 | 752,91 |  0,00 | 1,350 | 44,35 | 44,35 |  0,00 | 1,809 | 297,34 | 297,34 |  4,70 | 597,433 | 285,37 | 299,44 |  0,00 | 526,462 | 121,50 | 121,50 | 1073,920 |   NaN | NaN | 0,00 | 0,00 | NaN
  58 |  1,42 | 202,275 | 754,01 | 764,86 | 758,35 |  0,00 | 1,378 | 44,35 | 44,35 |  0,00 | 2,045 | 300,70 | 300,70 |  3,64 | 691,122 | 287,45 | 298,30 |  0,00 | 528,040 | 121,50 | 121,50 | 1077,072 |   NaN | NaN | 0,00 | 0,00 | NaN
  59 |  2,08 | 193,621 | 753,94 | 769,97 | 758,31 |  0,00 | 1,397 | 44,35 | 44,35 |  0,00 | 1,627 | 298,55 | 298,55 |  5,25 | 635,876 | 289,54 | 305,56 |  0,00 | 599,368 | 121,50 | 121,50 | 1221,436 |   NaN | NaN | 0,00 | 0,00 | NaN
  60 |  1,64 | 188,757 | 752,28 | 764,80 | 756,60 |  0,00 | 1,332 | 44,35 | 44,35 |  0,00 | 1,933 | 300,25 | 300,25 |  4,19 | 636,862 | 286,18 | 298,70 |  0,00 | 535,483 | 121,50 | 121,50 | 1092,069 |   NaN | NaN | 0,00 | 0,00 | NaN
  61 |  1,92 | 193,874 | 754,67 | 769,46 | 758,99 |  0,00 | 1,354 | 44,35 | 44,35 |  0,00 | 2,172 | 302,03 | 302,03 |  4,91 | 653,373 | 286,78 | 301,57 |  0,00 | 554,733 | 121,50 | 121,50 | 1130,833 |   NaN | NaN | 0,00 | 0,00 | NaN
  62 |  1,96 | 204,854 | 751,77 | 766,78 | 756,17 |  0,00 | 1,416 | 44,35 | 44,35 |  0,00 | 2,035 | 299,74 | 299,74 |  4,99 | 702,085 | 286,17 | 301,19 |  0,00 | 532,511 | 121,50 | 121,50 | 1086,064 |   NaN | NaN | 0,00 | 0,00 | NaN
  63 |  1,83 | 195,119 | 753,62 | 767,65 | 757,95 |  0,00 | 1,371 | 44,35 | 44,35 |  0,00 | 1,657 | 302,77 | 302,77 |  4,69 | 658,510 | 285,00 | 299,03 |  0,00 | 569,840 | 121,50 | 121,50 | 1161,702 |   NaN | NaN | 0,00 | 0,00 | NaN
  64 |  1,26 | 176,940 | 748,73 | 758,30 | 753,14 |  0,00 | 1,415 | 44,35 | 44,35 |  0,00 | 1,754 | 296,84 | 296,84 |  3,24 | 585,994 | 286,03 | 295,60 |  0,00 | 541,790 | 121,50 | 121,50 | 1104,824 |   NaN | NaN | 0,00 | 0,00 | NaN

= = = = = = = = = = = = AVERAGE RESULTS system = = = = = = = = = = = =
meanPLR_system | 1,661002 
meanDelay_system | 194,668357 
meanLoad_system | 765,175787 
meanTHR_system | 752,445903 
meanGate_system | 756,794742 

meanPLR_EF_system | 0,000000 
meanPLR_AF_system | 0,000000 
meanPLR_BE_system | 4,240091 
meanPLR_FLA_system | 0,000000 
meanPLR_FLB_system | NaN 

meanTHR_EF_system | 44,352002 
meanTHR_AF_system | 299,787136 
meanTHR_BE_system | 286,804103 
meanTHR_FLA_system | 124,666796 
meanTHR_FLB_system | 0,000000 

meanLoad_EF_system | 44,352002 
meanLoad_AF_system | 299,787136 
meanLoad_BE_system | 299,533987 
meanLoad_FLA_system | 124,666796 
meanLoad_FLB_system | 0,000000 

meanDELAY_EF_system | 1,376324 
meanDELAY_AF_system | 5,522082 
meanDELAY_BE_system | 671,492427 
meanDELAY_FLA_system | 466,237471 
meanDELAY_FLB_system | NaN 
meanDELAY_CompleteFLA_system | 953,597408 
meanDELAY_CompleteFLB_system | NaN 

= = = = = = = = = = = = AVERAGE RESULTS = = = = = = = = = = = =
Packet Loss Ratio: 01,66 (%)
PROCESSED PACKAGES: 1372595215 
DISCARTED PACKAGES: 15084209 
TOTAL PACKAGES: 1387679424 
AVERAGE DELAY: 35324,67 (ms) 
AVERAGE THROUGHPUT: 752,45 (Mbps) 
GRANTED THROUGHPUT: 48434,86 (Mbps) By 64 ONUs
EFFECTIVE THROUGHPUT: 48156,54 (Mbps) By 64 ONUs
TOTAL LOAD: 48971,25 (Mbps) By 64 ONUs
ON Arrival THROUGHPUT: 0,00 (Mbps) By 64 ONUs
FINISHTIMEFL: 115,199880 
FINISHTIME: 118,199880 


fileName | IPACT_LBCONSTANTTOKENSBYCYCLE_1_68_80_0 
