
ONU ID 	|  PLR(%) | Delay(ms) | Throughput(Mbps) | Granted Throughput(Mbps) | Total Load (Mbps) 

  ID |  PLR(%) |  D  | Thr |  Gates  |  Load  | PLR-EF | D-EF | ThrEF | LoadEF | PLR-AF | D-AF | ThrAF | LoadAF | PLR-BE | D-BE | ThrBE | LoadBE | PLR-FA | D-FA | ThrFA | LoadFA | DTFA |  PLR-FB | D-FB | ThrFB | LoadFB | DTFB | 
   1 |  5,30 | 277,505 | 754,62 | 796,89 | 759,45 |  0,00 | 1,405 | 44,35 | 44,35 |  0,00 | 27,476 | 351,36 | 351,36 | 12,47 | 1057,868 | 296,67 | 338,94 |  0,00 | 139,902 | 62,24 | 62,24 | 313,494 |   NaN | NaN | 0,00 | 0,00 | NaN
   2 |  5,48 | 263,320 | 753,41 | 797,10 | 757,88 |  0,00 | 1,417 | 44,35 | 44,35 |  0,00 | 14,572 | 345,40 | 345,40 | 12,66 | 987,627 | 301,41 | 345,10 |  0,00 | 251,007 | 62,24 | 62,24 | 769,247 |   NaN | NaN | 0,00 | 0,00 | NaN
   3 |  5,42 | 264,448 | 754,69 | 797,95 | 759,11 |  0,00 | 1,354 | 44,35 | 44,35 |  0,00 | 13,742 | 346,27 | 346,27 | 12,54 | 994,070 | 301,82 | 345,09 |  0,00 | 238,735 | 62,24 | 62,24 | 732,033 |   NaN | NaN | 0,00 | 0,00 | NaN
   4 |  6,21 | 277,766 | 754,49 | 804,42 | 759,33 |  0,00 | 1,359 | 44,35 | 44,35 |  0,00 | 30,439 | 352,20 | 352,20 | 14,45 | 1058,647 | 295,69 | 345,62 |  0,00 | 139,217 | 62,24 | 62,24 | 302,882 |   NaN | NaN | 0,00 | 0,00 | NaN
   5 |  5,17 | 253,813 | 752,60 | 793,66 | 756,92 |  0,00 | 1,385 | 44,35 | 44,35 |  0,00 | 6,562 | 344,14 | 344,14 | 11,97 | 943,645 | 301,86 | 342,92 |  0,00 | 375,540 | 62,24 | 62,24 | 1152,004 |   NaN | NaN | 0,00 | 0,00 | NaN
   6 |  5,99 | 268,412 | 754,91 | 803,04 | 759,23 |  0,00 | 1,333 | 44,35 | 44,35 |  0,00 | 10,659 | 349,30 | 349,30 | 13,86 | 1015,735 | 299,02 | 347,14 |  0,00 | 300,841 | 62,24 | 62,24 | 927,455 |   NaN | NaN | 0,00 | 0,00 | NaN
   7 |  5,48 | 273,681 | 753,84 | 797,58 | 758,62 |  0,00 | 1,352 | 44,35 | 44,35 |  0,00 | 28,911 | 346,35 | 346,35 | 12,69 | 1025,500 | 300,90 | 344,64 |  0,00 | 144,427 | 62,24 | 62,24 | 363,865 |   NaN | NaN | 0,00 | 0,00 | NaN
   8 |  5,69 | 274,170 | 754,74 | 800,29 | 759,13 |  0,00 | 1,402 | 44,35 | 44,35 |  0,00 | 11,716 | 344,26 | 344,26 | 13,04 | 1023,331 | 303,88 | 349,43 |  0,00 | 276,972 | 62,24 | 62,24 | 855,572 |   NaN | NaN | 0,00 | 0,00 | NaN
   9 |  5,74 | 278,643 | 755,18 | 801,12 | 759,76 |  0,00 | 1,341 | 44,35 | 44,35 |  0,00 | 25,194 | 349,61 | 349,61 | 13,32 | 1053,457 | 298,97 | 344,92 |  0,00 | 176,406 | 62,24 | 62,24 | 501,602 |   NaN | NaN | 0,00 | 0,00 | NaN
  10 |  5,39 | 272,180 | 755,16 | 798,17 | 759,97 |  0,00 | 1,402 | 44,35 | 44,35 |  0,00 | 27,769 | 346,65 | 346,65 | 12,47 | 1018,930 | 301,91 | 344,92 |  0,00 | 139,954 | 62,24 | 62,24 | 309,377 |   NaN | NaN | 0,00 | 0,00 | NaN
  11 |  4,77 | 261,389 | 753,92 | 791,72 | 758,24 |  0,00 | 1,342 | 44,35 | 44,35 |  0,00 | 2,204 | 338,82 | 338,82 | 10,92 | 939,135 | 308,50 | 346,30 |  0,00 | 555,657 | 62,24 | 62,24 | 1692,646 |   NaN | NaN | 0,00 | 0,00 | NaN
  12 |  5,41 | 271,443 | 754,35 | 797,52 | 758,69 |  0,00 | 1,404 | 44,35 | 44,35 |  0,00 | 9,219 | 346,45 | 346,45 | 12,53 | 1018,442 | 301,30 | 344,47 |  0,00 | 325,922 | 62,24 | 62,24 | 1003,089 |   NaN | NaN | 0,00 | 0,00 | NaN
  13 |  4,19 | 252,227 | 754,93 | 787,91 | 759,35 |  0,00 | 1,369 | 44,35 | 44,35 |  0,00 | 11,405 | 340,88 | 340,88 |  9,69 | 930,191 | 307,44 | 340,43 |  0,00 | 254,774 | 62,24 | 62,24 | 783,483 |   NaN | NaN | 0,00 | 0,00 | NaN
  14 |  5,93 | 261,496 | 753,39 | 800,88 | 757,76 |  0,00 | 1,410 | 44,35 | 44,35 |  0,00 | 5,092 | 347,15 | 347,15 | 13,68 | 984,337 | 299,65 | 347,14 |  0,00 | 361,446 | 62,24 | 62,24 | 1109,806 |   NaN | NaN | 0,00 | 0,00 | NaN
  15 |  5,04 | 265,576 | 753,08 | 793,06 | 757,81 |  0,00 | 1,404 | 44,35 | 44,35 |  0,00 | 24,443 | 340,64 | 340,64 | 11,56 | 982,081 | 305,85 | 345,82 |  0,00 | 149,363 | 62,24 | 62,24 | 385,757 |   NaN | NaN | 0,00 | 0,00 | NaN
  16 |  5,99 | 276,720 | 753,63 | 801,67 | 758,18 |  0,00 | 1,396 | 44,35 | 44,35 |  0,00 | 19,392 | 345,09 | 345,09 | 13,73 | 1039,620 | 301,94 | 349,98 |  0,00 | 191,045 | 62,24 | 62,24 | 563,509 |   NaN | NaN | 0,00 | 0,00 | NaN
  17 |  5,90 | 277,954 | 752,57 | 799,78 | 757,09 |  0,00 | 1,408 | 44,35 | 44,35 |  0,00 | 15,722 | 346,19 | 346,19 | 13,60 | 1053,743 | 299,78 | 346,99 |  0,00 | 203,966 | 62,24 | 62,24 | 605,834 |   NaN | NaN | 0,00 | 0,00 | NaN
  18 |  5,42 | 265,592 | 754,51 | 797,73 | 758,85 |  0,00 | 1,385 | 44,35 | 44,35 |  0,00 | 2,152 | 344,11 | 344,11 | 12,46 | 965,167 | 303,80 | 347,03 |  0,00 | 605,437 | 62,24 | 62,24 | 1842,176 |   NaN | NaN | 0,00 | 0,00 | NaN
  19 |  4,45 | 252,467 | 754,76 | 789,87 | 759,08 |  0,00 | 1,376 | 44,35 | 44,35 |  0,00 | 4,335 | 340,25 | 340,25 | 10,24 | 915,632 | 307,91 | 343,02 |  0,00 | 457,472 | 62,24 | 62,24 | 1397,914 |   NaN | NaN | 0,00 | 0,00 | NaN
  20 |  4,74 | 256,983 | 755,40 | 792,95 | 759,72 |  0,00 | 1,372 | 44,35 | 44,35 |  0,00 | 1,846 | 347,35 | 347,35 | 11,08 | 945,657 | 301,45 | 339,01 |  0,00 | 554,264 | 62,24 | 62,24 | 1688,696 |   NaN | NaN | 0,00 | 0,00 | NaN
  21 |  4,25 | 257,672 | 752,36 | 785,79 | 757,17 |  0,00 | 1,376 | 44,35 | 44,35 |  0,00 | 29,816 | 340,19 | 340,19 |  9,86 | 946,469 | 305,58 | 339,01 |  0,00 | 140,108 | 62,24 | 62,24 | 316,441 |   NaN | NaN | 0,00 | 0,00 | NaN
  22 |  6,17 | 274,319 | 755,36 | 805,05 | 759,75 |  0,00 | 1,415 | 44,35 | 44,35 |  0,00 | 3,804 | 354,30 | 354,30 | 14,44 | 1052,242 | 294,47 | 344,16 |  0,00 | 402,327 | 62,24 | 62,24 | 1232,687 |   NaN | NaN | 0,00 | 0,00 | NaN
  23 |  5,76 | 273,085 | 754,21 | 800,31 | 758,57 |  0,00 | 1,397 | 44,35 | 44,35 |  0,00 | 2,402 | 348,85 | 348,85 | 13,37 | 1021,452 | 298,76 | 344,87 |  0,00 | 507,838 | 62,24 | 62,24 | 1549,564 |   NaN | NaN | 0,00 | 0,00 | NaN
  24 |  5,32 | 261,461 | 755,19 | 797,65 | 759,60 |  0,00 | 1,359 | 44,35 | 44,35 |  0,00 | 14,928 | 344,97 | 344,97 | 12,27 | 975,532 | 303,62 | 346,08 |  0,00 | 238,663 | 62,24 | 62,24 | 731,649 |   NaN | NaN | 0,00 | 0,00 | NaN
  25 |  6,38 | 281,911 | 754,27 | 805,67 | 759,02 |  0,00 | 1,416 | 44,35 | 44,35 |  0,00 | 25,995 | 344,93 | 344,93 | 14,51 | 1053,785 | 302,74 | 354,14 |  0,00 | 157,542 | 62,24 | 62,24 | 406,883 |   NaN | NaN | 0,00 | 0,00 | NaN
  26 |  5,10 | 267,935 | 754,31 | 794,83 | 759,10 |  0,00 | 1,412 | 44,35 | 44,35 |  0,00 | 33,035 | 344,19 | 344,19 | 11,78 | 990,052 | 303,52 | 344,04 |  0,00 | 145,395 | 62,24 | 62,24 | 347,102 |   NaN | NaN | 0,00 | 0,00 | NaN
  27 |  4,91 | 258,166 | 754,69 | 793,68 | 759,01 |  0,00 | 1,339 | 44,35 | 44,35 |  0,00 | 2,044 | 345,20 | 345,20 | 11,40 | 940,458 | 302,89 | 341,88 |  0,00 | 595,351 | 62,24 | 62,24 | 1811,921 |   NaN | NaN | 0,00 | 0,00 | NaN
  28 |  4,66 | 269,703 | 753,92 | 790,75 | 758,27 |  0,00 | 1,405 | 44,35 | 44,35 |  0,00 | 3,252 | 345,20 | 345,20 | 10,87 | 994,617 | 302,12 | 338,96 |  0,00 | 516,981 | 62,24 | 62,24 | 1576,355 |   NaN | NaN | 0,00 | 0,00 | NaN
  29 |  5,90 | 270,486 | 754,91 | 802,27 | 759,25 |  0,00 | 1,384 | 44,35 | 44,35 |  0,00 | 2,596 | 348,31 | 348,31 | 13,63 | 1004,090 | 300,00 | 347,37 |  0,00 | 536,547 | 62,24 | 62,24 | 1635,577 |   NaN | NaN | 0,00 | 0,00 | NaN
  30 |  4,75 | 257,567 | 754,88 | 792,50 | 759,25 |  0,00 | 1,415 | 44,35 | 44,35 |  0,00 | 2,232 | 342,84 | 342,84 | 10,97 | 934,059 | 305,44 | 343,07 |  0,00 | 560,793 | 62,24 | 62,24 | 1708,212 |   NaN | NaN | 0,00 | 0,00 | NaN
  31 |  4,96 | 255,871 | 755,14 | 794,57 | 759,49 |  0,00 | 1,382 | 44,35 | 44,35 |  0,00 | 2,385 | 343,77 | 343,77 | 11,46 | 935,446 | 304,77 | 344,20 |  0,00 | 506,739 | 62,24 | 62,24 | 1545,839 |   NaN | NaN | 0,00 | 0,00 | NaN
  32 |  5,07 | 265,192 | 755,20 | 795,52 | 759,53 |  0,00 | 1,338 | 44,35 | 44,35 |  0,00 | 3,190 | 344,33 | 344,33 | 11,70 | 967,107 | 304,27 | 344,59 |  0,00 | 554,937 | 62,24 | 62,24 | 1690,500 |   NaN | NaN | 0,00 | 0,00 | NaN
  33 |  4,56 | 247,535 | 755,66 | 791,78 | 760,01 |  0,00 | 1,403 | 44,35 | 44,35 |  0,00 | 2,755 | 341,22 | 341,22 | 10,50 | 891,097 | 307,84 | 343,97 |  0,00 | 532,910 | 62,24 | 62,24 | 1624,531 |   NaN | NaN | 0,00 | 0,00 | NaN
  34 |  4,38 | 251,667 | 755,28 | 789,90 | 759,59 |  0,00 | 1,395 | 44,35 | 44,35 |  0,00 | 2,090 | 344,27 | 344,27 | 10,21 | 908,318 | 304,41 | 339,03 |  0,00 | 620,167 | 62,24 | 62,24 | 1887,038 |   NaN | NaN | 0,00 | 0,00 | NaN
  35 |  5,73 | 264,747 | 754,80 | 800,69 | 759,11 |  0,00 | 1,344 | 44,35 | 44,35 |  0,00 | 1,696 | 346,61 | 346,61 | 13,21 | 967,376 | 301,59 | 347,48 |  0,00 | 627,001 | 62,24 | 62,24 | 1909,735 |   NaN | NaN | 0,00 | 0,00 | NaN
  36 |  4,54 | 254,568 | 755,48 | 791,40 | 759,81 |  0,00 | 1,397 | 44,35 | 44,35 |  0,00 | 2,481 | 339,52 | 339,52 | 10,40 | 904,669 | 309,36 | 345,28 |  0,00 | 619,129 | 62,24 | 62,24 | 1883,584 |   NaN | NaN | 0,00 | 0,00 | NaN
  37 |  5,94 | 271,519 | 755,01 | 802,70 | 759,33 |  0,00 | 1,380 | 44,35 | 44,35 |  0,00 | 2,637 | 350,79 | 350,79 | 13,81 | 1014,633 | 297,62 | 345,31 |  0,00 | 553,034 | 62,24 | 62,24 | 1684,935 |   NaN | NaN | 0,00 | 0,00 | NaN
  38 |  5,26 | 263,833 | 754,91 | 796,80 | 759,23 |  0,00 | 1,371 | 44,35 | 44,35 |  0,00 | 2,798 | 346,15 | 346,15 | 12,18 | 967,889 | 302,16 | 344,06 |  0,00 | 561,015 | 62,24 | 62,24 | 1709,225 |   NaN | NaN | 0,00 | 0,00 | NaN
  39 |  4,22 | 256,922 | 754,04 | 787,23 | 758,40 |  0,00 | 1,415 | 44,35 | 44,35 |  0,00 | 2,969 | 341,29 | 341,29 |  9,78 | 927,384 | 306,15 | 339,35 |  0,00 | 563,981 | 62,24 | 62,24 | 1718,053 |   NaN | NaN | 0,00 | 0,00 | NaN
  40 |  4,24 | 243,299 | 753,08 | 786,46 | 757,42 |  0,00 | 1,415 | 44,35 | 44,35 |  0,00 | 2,919 | 341,07 | 341,07 |  9,85 | 873,748 | 305,41 | 338,79 |  0,00 | 587,275 | 62,24 | 62,24 | 1787,768 |   NaN | NaN | 0,00 | 0,00 | NaN
  41 |  5,70 | 258,251 | 753,98 | 799,59 | 758,34 |  0,00 | 1,398 | 44,35 | 44,35 |  0,00 | 3,095 | 343,19 | 343,19 | 13,04 | 940,341 | 304,19 | 349,80 |  0,00 | 544,616 | 62,24 | 62,24 | 1659,475 |   NaN | NaN | 0,00 | 0,00 | NaN
  42 |  5,85 | 264,325 | 754,98 | 801,88 | 759,33 |  0,00 | 1,344 | 44,35 | 44,35 |  0,00 | 2,412 | 347,92 | 347,92 | 13,50 | 977,593 | 300,46 | 347,36 |  0,00 | 545,979 | 62,24 | 62,24 | 1663,712 |   NaN | NaN | 0,00 | 0,00 | NaN
  43 |  5,86 | 260,922 | 754,62 | 801,59 | 758,98 |  0,00 | 1,422 | 44,35 | 44,35 |  0,00 | 2,372 | 347,47 | 347,47 | 13,52 | 961,838 | 300,55 | 347,53 |  0,00 | 559,473 | 62,24 | 62,24 | 1704,504 |   NaN | NaN | 0,00 | 0,00 | NaN
  44 |  5,99 | 274,317 | 755,30 | 803,46 | 759,63 |  0,00 | 1,334 | 44,35 | 44,35 |  0,00 | 2,650 | 345,69 | 345,69 | 13,71 | 1011,947 | 303,01 | 351,17 |  0,00 | 514,841 | 62,24 | 62,24 | 1570,287 |   NaN | NaN | 0,00 | 0,00 | NaN
  45 |  5,53 | 262,098 | 754,38 | 798,53 | 758,74 |  0,00 | 1,418 | 44,35 | 44,35 |  0,00 | 2,695 | 350,44 | 350,44 | 12,93 | 979,790 | 297,34 | 341,49 |  0,00 | 529,505 | 62,24 | 62,24 | 1614,273 |   NaN | NaN | 0,00 | 0,00 | NaN
  46 |  5,14 | 259,330 | 754,79 | 795,71 | 759,10 |  0,00 | 1,358 | 44,35 | 44,35 |  0,00 | 2,461 | 341,09 | 341,09 | 11,76 | 933,694 | 307,10 | 348,03 |  0,00 | 576,778 | 62,24 | 62,24 | 1756,322 |   NaN | NaN | 0,00 | 0,00 | NaN
  47 |  4,62 | 259,996 | 755,04 | 791,58 | 759,38 |  0,00 | 1,355 | 44,35 | 44,35 |  0,00 | 3,223 | 345,10 | 345,10 | 10,75 | 954,068 | 303,34 | 339,89 |  0,00 | 514,503 | 62,24 | 62,24 | 1568,985 |   NaN | NaN | 0,00 | 0,00 | NaN
  48 |  4,82 | 259,941 | 753,15 | 791,31 | 757,48 |  0,00 | 1,385 | 44,35 | 44,35 |  0,00 | 2,901 | 342,40 | 342,40 | 11,15 | 948,308 | 304,16 | 342,32 |  0,00 | 529,962 | 62,24 | 62,24 | 1615,584 |   NaN | NaN | 0,00 | 0,00 | NaN
  49 |  4,55 | 260,487 | 754,64 | 790,57 | 758,98 |  0,00 | 1,397 | 44,35 | 44,35 |  0,00 | 3,615 | 343,35 | 343,35 | 10,55 | 950,898 | 304,69 | 340,62 |  0,00 | 516,317 | 62,24 | 62,24 | 1574,452 |   NaN | NaN | 0,00 | 0,00 | NaN
  50 |  5,14 | 255,288 | 754,48 | 795,36 | 758,81 |  0,00 | 1,352 | 44,35 | 44,35 |  0,00 | 2,410 | 345,59 | 345,59 | 11,91 | 933,473 | 302,29 | 343,18 |  0,00 | 567,596 | 62,24 | 62,24 | 1728,814 |   NaN | NaN | 0,00 | 0,00 | NaN
  51 |  5,27 | 256,636 | 754,35 | 796,35 | 758,68 |  0,00 | 1,350 | 44,35 | 44,35 |  0,00 | 2,761 | 344,36 | 344,36 | 12,16 | 939,831 | 303,39 | 345,40 |  0,00 | 517,886 | 62,24 | 62,24 | 1579,309 |   NaN | NaN | 0,00 | 0,00 | NaN
  52 |  5,06 | 264,999 | 755,24 | 795,46 | 759,58 |  0,00 | 1,376 | 44,35 | 44,35 |  0,00 | 1,955 | 340,08 | 340,08 | 11,53 | 956,303 | 308,57 | 348,79 |  0,00 | 534,324 | 62,24 | 62,24 | 1628,607 |   NaN | NaN | 0,00 | 0,00 | NaN
  53 |  5,24 | 267,790 | 754,55 | 796,27 | 758,89 |  0,00 | 1,363 | 44,35 | 44,35 |  0,00 | 2,843 | 345,12 | 345,12 | 12,11 | 980,485 | 302,84 | 344,56 |  0,00 | 566,177 | 62,24 | 62,24 | 1724,342 |   NaN | NaN | 0,00 | 0,00 | NaN
  54 |  4,45 | 253,122 | 755,28 | 790,49 | 759,63 |  0,00 | 1,366 | 44,35 | 44,35 |  0,00 | 3,242 | 343,90 | 343,90 | 10,36 | 919,336 | 304,79 | 340,00 |  0,00 | 548,247 | 62,24 | 62,24 | 1670,626 |   NaN | NaN | 0,00 | 0,00 | NaN
  55 |  5,10 | 261,939 | 754,55 | 795,11 | 758,86 |  0,00 | 1,351 | 44,35 | 44,35 |  0,00 | 2,192 | 342,88 | 342,88 | 11,74 | 948,828 | 305,08 | 345,64 |  0,00 | 590,455 | 62,24 | 62,24 | 1797,598 |   NaN | NaN | 0,00 | 0,00 | NaN
  56 |  4,31 | 253,459 | 755,42 | 789,45 | 759,76 |  0,00 | 1,356 | 44,35 | 44,35 |  0,00 | 2,742 | 342,47 | 342,47 | 10,00 | 917,613 | 306,35 | 340,39 |  0,00 | 538,461 | 62,24 | 62,24 | 1640,882 |   NaN | NaN | 0,00 | 0,00 | NaN
  57 |  5,10 | 241,411 | 754,57 | 795,16 | 758,90 |  0,00 | 1,354 | 44,35 | 44,35 |  0,00 | 3,538 | 343,26 | 343,26 | 11,76 | 874,920 | 304,72 | 345,31 |  0,00 | 532,473 | 62,24 | 62,24 | 1623,009 |   NaN | NaN | 0,00 | 0,00 | NaN
  58 |  5,27 | 268,081 | 754,77 | 796,77 | 759,13 |  0,00 | 1,382 | 44,35 | 44,35 |  0,00 | 2,872 | 347,71 | 347,71 | 12,26 | 994,193 | 300,46 | 342,46 |  0,00 | 523,863 | 62,24 | 62,24 | 1597,113 |   NaN | NaN | 0,00 | 0,00 | NaN
  59 |  5,66 | 262,942 | 754,89 | 800,16 | 759,21 |  0,00 | 1,401 | 44,35 | 44,35 |  0,00 | 2,493 | 343,58 | 343,58 | 12,93 | 949,096 | 304,72 | 349,99 |  0,00 | 632,438 | 62,24 | 62,24 | 1923,431 |   NaN | NaN | 0,00 | 0,00 | NaN
  60 |  5,46 | 266,827 | 753,90 | 797,48 | 758,23 |  0,00 | 1,336 | 44,35 | 44,35 |  0,00 | 2,252 | 345,95 | 345,95 | 12,63 | 984,158 | 301,36 | 344,94 |  0,00 | 542,910 | 62,24 | 62,24 | 1654,478 |   NaN | NaN | 0,00 | 0,00 | NaN
  61 |  5,67 | 266,952 | 755,67 | 801,13 | 760,01 |  0,00 | 1,359 | 44,35 | 44,35 |  0,00 | 2,832 | 346,65 | 346,65 | 13,07 | 980,435 | 302,43 | 347,88 |  0,00 | 558,499 | 62,24 | 62,24 | 1701,477 |   NaN | NaN | 0,00 | 0,00 | NaN
  62 |  5,65 | 262,700 | 753,30 | 798,43 | 757,68 |  0,00 | 1,420 | 44,35 | 44,35 |  0,00 | 3,568 | 344,28 | 344,28 | 12,98 | 966,745 | 302,43 | 347,55 |  0,00 | 501,408 | 62,24 | 62,24 | 1529,801 |   NaN | NaN | 0,00 | 0,00 | NaN
  63 |  5,56 | 264,647 | 752,47 | 796,74 | 756,80 |  0,00 | 1,375 | 44,35 | 44,35 |  0,00 | 2,439 | 348,03 | 348,03 | 12,94 | 980,320 | 297,84 | 342,12 |  0,00 | 587,426 | 62,24 | 62,24 | 1788,266 |   NaN | NaN | 0,00 | 0,00 | NaN
  64 |  4,18 | 245,984 | 755,97 | 788,98 | 760,34 |  0,00 | 1,419 | 44,35 | 44,35 |  0,00 | 2,413 | 342,70 | 342,70 |  9,72 | 887,579 | 306,67 | 339,69 |  0,00 | 546,246 | 62,24 | 62,24 | 1664,780 |   NaN | NaN | 0,00 | 0,00 | NaN

= = = = = = = = = = = = AVERAGE RESULTS system = = = = = = = = = = = =
meanPLR_system | 5,235067 
meanDelay_system | 263,213870 
meanLoad_system | 796,194999 
meanTHR_system | 754,486445 
meanGate_system | 758,898608 

meanPLR_EF_system | 0,000000 
meanPLR_AF_system | 0,000000 
meanPLR_BE_system | 12,096370 
meanPLR_FLA_system | 0,000000 
meanPLR_FLB_system | NaN 

meanTHR_EF_system | 44,352003 
meanTHR_AF_system | 345,057642 
meanTHR_BE_system | 302,832264 
meanTHR_FLA_system | 63,651481 
meanTHR_FLB_system | 0,000000 

meanLoad_EF_system | 44,352003 
meanLoad_AF_system | 345,057642 
meanLoad_BE_system | 344,540818 
meanLoad_FLA_system | 63,651481 
meanLoad_FLB_system | 0,000000 

meanDELAY_EF_system | 1,380394 
meanDELAY_AF_system | 7,888288 
meanDELAY_BE_system | 970,234846 
meanDELAY_FLA_system | 445,163499 
meanDELAY_FLB_system | NaN 
meanDELAY_CompleteFLA_system | 1344,346360 
meanDELAY_CompleteFLB_system | NaN 

= = = = = = = = = = = = AVERAGE RESULTS = = = = = = = = = = = =
Packet Loss Ratio: 05,24 (%)
PROCESSED PACKAGES: 1617050483 
DISCARTED PACKAGES: 56607485 
TOTAL PACKAGES: 1673657968 
AVERAGE DELAY: 49000,35 (ms) 
AVERAGE THROUGHPUT: 754,49 (Mbps) 
GRANTED THROUGHPUT: 48569,51 (Mbps) By 64 ONUs
EFFECTIVE THROUGHPUT: 48287,13 (Mbps) By 64 ONUs
TOTAL LOAD: 50956,48 (Mbps) By 64 ONUs
ON Arrival THROUGHPUT: 0,00 (Mbps) By 64 ONUs
FINISHTIMEFL: 132,722756 
FINISHTIME: 135,722756 


fileName | IPACT_LBVARIBLETOKENSBYCYCLE_2_40_92_0 
