
ONU ID 	|  PLR(%) | Delay(ms) | Throughput(Mbps) | Granted Throughput(Mbps) | Total Load (Mbps) 

  ID |  PLR(%) |  D  | Thr |  Gates  |  Load  | PLR-EF | D-EF | ThrEF | LoadEF | PLR-AF | D-AF | ThrAF | LoadAF | PLR-BE | D-BE | ThrBE | LoadBE | PLR-FA | D-FA | ThrFA | LoadFA | DTFA |  PLR-FB | D-FB | ThrFB | LoadFB | DTFB | 
   1 |  0,00 | 2,547 | 639,42 | 639,42 | 669,70 |  0,00 | 0,200 | 44,35 | 44,35 |  0,00 | 0,544 | 286,16 | 286,16 |  0,00 | 0,654 | 280,74 | 280,74 |  0,00 | 155,647 | 28,17 | 28,17 | 332,728 |   NaN | NaN | 0,00 | 0,00 | NaN
   2 |  0,00 | 14,929 | 636,84 | 636,84 | 670,75 |  0,00 | 0,212 | 44,35 | 44,35 |  0,00 | 0,243 | 284,58 | 284,58 |  0,00 | 0,317 | 279,74 | 279,74 |  0,00 | 1064,546 | 28,17 | 28,17 | 2149,581 |   NaN | NaN | 0,00 | 0,00 | NaN
   3 |  0,00 | 13,956 | 631,89 | 631,89 | 660,08 |  0,00 | 0,149 | 44,35 | 44,35 |  0,00 | 0,162 | 279,07 | 279,07 |  0,00 | 0,346 | 280,31 | 280,31 |  0,00 | 992,717 | 28,17 | 28,17 | 2005,716 |   NaN | NaN | 0,00 | 0,00 | NaN
   4 |  0,00 | 1,071 | 639,11 | 639,11 | 667,35 |  0,00 | 0,154 | 44,35 | 44,35 |  0,00 | 0,817 | 284,75 | 284,75 |  0,00 | 1,208 | 281,84 | 281,84 |  0,00 | 34,238 | 28,17 | 28,17 | 88,800 |   NaN | NaN | 0,00 | 0,00 | NaN
   5 |  0,00 | 20,962 | 631,45 | 631,45 | 659,88 |  0,00 | 0,180 | 44,35 | 44,35 |  0,00 | 0,191 | 280,14 | 280,14 |  0,00 | 0,311 | 278,79 | 278,79 |  0,00 | 1496,751 | 28,17 | 28,17 | 3013,788 |   NaN | NaN | 0,00 | 0,00 | NaN
   6 |  0,00 | 16,860 | 636,74 | 636,74 | 664,92 |  0,00 | 0,128 | 44,35 | 44,35 |  0,00 | 0,134 | 283,21 | 283,21 |  0,00 | 0,364 | 281,02 | 281,02 |  0,00 | 1208,283 | 28,17 | 28,17 | 2436,859 |   NaN | NaN | 0,00 | 0,00 | NaN
   7 |  0,00 | 5,752 | 634,96 | 634,96 | 663,17 |  0,00 | 0,147 | 44,35 | 44,35 |  0,00 | 0,157 | 280,67 | 280,67 |  0,00 | 0,348 | 281,77 | 281,77 |  0,00 | 401,859 | 28,17 | 28,17 | 823,945 |   NaN | NaN | 0,00 | 0,00 | NaN
   8 |  0,00 | 15,610 | 639,38 | 639,38 | 669,04 |  0,00 | 0,197 | 44,35 | 44,35 |  0,00 | 0,207 | 282,74 | 282,74 |  0,00 | 0,290 | 284,13 | 284,13 |  0,00 | 1118,258 | 28,17 | 28,17 | 2256,862 |   NaN | NaN | 0,00 | 0,00 | NaN
   9 |  0,00 | 9,748 | 636,60 | 636,60 | 664,83 |  0,00 | 0,136 | 44,35 | 44,35 |  0,00 | 0,144 | 281,87 | 281,87 |  0,00 | 0,359 | 282,21 | 282,21 |  0,00 | 692,492 | 28,17 | 28,17 | 1405,302 |   NaN | NaN | 0,00 | 0,00 | NaN
  10 |  0,00 | 2,155 | 635,35 | 635,35 | 665,12 |  0,00 | 0,197 | 44,35 | 44,35 |  0,00 | 0,520 | 282,56 | 282,56 |  0,00 | 0,749 | 280,27 | 280,27 |  0,00 | 125,478 | 28,17 | 28,17 | 270,576 |   NaN | NaN | 0,00 | 0,00 | NaN
  11 |  0,00 | 30,334 | 635,03 | 635,03 | 663,21 |  0,00 | 0,137 | 44,35 | 44,35 |  0,00 | 0,179 | 280,75 | 280,75 |  0,00 | 0,599 | 281,76 | 281,76 |  0,00 | 2176,274 | 28,17 | 28,17 | 4373,058 |   NaN | NaN | 0,00 | 0,00 | NaN
  12 |  0,00 | 17,795 | 635,82 | 635,82 | 665,97 |  0,00 | 0,199 | 44,35 | 44,35 |  0,00 | 0,209 | 280,89 | 280,89 |  0,00 | 0,285 | 282,41 | 282,41 |  0,00 | 1272,862 | 28,17 | 28,17 | 2566,022 |   NaN | NaN | 0,00 | 0,00 | NaN
  13 |  0,00 | 14,962 | 627,83 | 627,83 | 656,05 |  0,00 | 0,164 | 44,35 | 44,35 |  0,00 | 0,177 | 279,47 | 279,47 |  0,00 | 0,347 | 275,84 | 275,84 |  0,00 | 1060,416 | 28,17 | 28,17 | 2141,349 |   NaN | NaN | 0,00 | 0,00 | NaN
  14 |  0,00 | 20,887 | 638,68 | 638,68 | 670,26 |  0,00 | 0,205 | 44,35 | 44,35 |  0,00 | 0,212 | 282,49 | 282,49 |  0,00 | 0,283 | 283,67 | 283,67 |  0,00 | 1500,619 | 28,17 | 28,17 | 3021,332 |   NaN | NaN | 0,00 | 0,00 | NaN
  15 |  0,00 | 6,065 | 634,20 | 634,20 | 664,35 |  0,00 | 0,199 | 44,35 | 44,35 |  0,00 | 0,236 | 277,50 | 277,50 |  0,00 | 0,311 | 284,18 | 284,18 |  0,00 | 421,686 | 28,17 | 28,17 | 863,650 |   NaN | NaN | 0,00 | 0,00 | NaN
  16 |  0,00 | 11,910 | 641,55 | 641,55 | 670,46 |  0,00 | 0,191 | 44,35 | 44,35 |  0,00 | 0,199 | 283,36 | 283,36 |  0,00 | 0,294 | 285,68 | 285,68 |  0,00 | 851,347 | 28,17 | 28,17 | 1722,991 |   NaN | NaN | 0,00 | 0,00 | NaN
  17 |  0,00 | 11,219 | 636,35 | 636,35 | 667,44 |  0,00 | 0,203 | 44,35 | 44,35 |  0,00 | 0,211 | 283,06 | 283,06 |  0,00 | 0,280 | 280,77 | 280,77 |  0,00 | 796,892 | 28,17 | 28,17 | 1614,127 |   NaN | NaN | 0,00 | 0,00 | NaN
  18 |  0,00 | 32,832 | 632,92 | 632,92 | 661,27 |  0,00 | 0,180 | 44,35 | 44,35 |  0,00 | 0,202 | 280,73 | 280,73 |  0,00 | 0,322 | 279,67 | 279,67 |  0,00 | 2355,872 | 28,17 | 28,17 | 4731,756 |   NaN | NaN | 0,00 | 0,00 | NaN
  19 |  0,00 | 26,033 | 629,42 | 629,42 | 657,67 |  0,00 | 0,171 | 44,35 | 44,35 |  0,00 | 0,182 | 277,79 | 277,79 |  0,00 | 0,321 | 279,11 | 279,11 |  0,00 | 1859,267 | 28,17 | 28,17 | 3738,444 |   NaN | NaN | 0,00 | 0,00 | NaN
  20 |  0,00 | 31,046 | 628,98 | 628,98 | 657,20 |  0,00 | 0,167 | 44,35 | 44,35 |  0,00 | 0,270 | 281,05 | 281,05 |  0,00 | 0,582 | 275,41 | 275,41 |  0,00 | 2213,169 | 28,17 | 28,17 | 4447,014 |   NaN | NaN | 0,00 | 0,00 | NaN
  21 |  0,00 | 4,204 | 627,07 | 627,07 | 655,38 |  0,00 | 0,171 | 44,35 | 44,35 |  0,00 | 0,265 | 278,20 | 278,20 |  0,00 | 0,369 | 276,35 | 276,35 |  0,00 | 284,532 | 28,17 | 28,17 | 589,544 |   NaN | NaN | 0,00 | 0,00 | NaN
  22 |  0,00 | 22,118 | 638,73 | 638,73 | 671,75 |  0,00 | 0,210 | 44,35 | 44,35 |  0,00 | 0,219 | 286,23 | 286,23 |  0,00 | 0,280 | 279,97 | 279,97 |  0,00 | 1589,834 | 28,17 | 28,17 | 3199,985 |   NaN | NaN | 0,00 | 0,00 | NaN
  23 |  0,00 | 28,796 | 636,71 | 636,71 | 665,65 |  0,00 | 0,192 | 44,35 | 44,35 |  0,00 | 0,310 | 282,50 | 282,50 |  0,00 | 0,600 | 281,69 | 281,69 |  0,00 | 2063,593 | 28,17 | 28,17 | 4147,199 |   NaN | NaN | 0,00 | 0,00 | NaN
  24 |  0,00 | 15,014 | 639,79 | 639,79 | 668,01 |  0,00 | 0,153 | 44,35 | 44,35 |  0,00 | 0,170 | 282,83 | 282,83 |  0,00 | 0,346 | 284,44 | 284,44 |  0,00 | 1076,435 | 28,17 | 28,17 | 2173,309 |   NaN | NaN | 0,00 | 0,00 | NaN
  25 |  0,00 | 7,080 | 637,53 | 637,53 | 671,00 |  0,00 | 0,211 | 44,35 | 44,35 |  0,00 | 0,244 | 279,43 | 279,43 |  0,00 | 0,304 | 285,59 | 285,59 |  0,00 | 496,114 | 28,17 | 28,17 | 1012,521 |   NaN | NaN | 0,00 | 0,00 | NaN
  26 |  0,00 | 5,482 | 633,16 | 633,16 | 665,27 |  0,00 | 0,207 | 44,35 | 44,35 |  0,00 | 0,239 | 281,22 | 281,22 |  0,00 | 0,341 | 279,41 | 279,41 |  0,00 | 378,216 | 28,17 | 28,17 | 776,808 |   NaN | NaN | 0,00 | 0,00 | NaN
  27 |  0,00 | 33,207 | 632,56 | 632,56 | 660,78 |  0,00 | 0,134 | 44,35 | 44,35 |  0,00 | 0,147 | 282,31 | 282,31 |  0,00 | 0,366 | 277,73 | 277,73 |  0,00 | 2383,900 | 28,17 | 28,17 | 4788,124 |   NaN | NaN | 0,00 | 0,00 | NaN
  28 |  0,00 | 29,014 | 629,71 | 629,71 | 659,95 |  0,00 | 0,200 | 44,35 | 44,35 |  0,00 | 0,406 | 280,20 | 280,20 |  0,00 | 0,591 | 276,99 | 276,99 |  0,00 | 2064,298 | 28,17 | 28,17 | 4148,866 |   NaN | NaN | 0,00 | 0,00 | NaN
  29 |  0,00 | 29,965 | 635,40 | 635,40 | 663,79 |  0,00 | 0,179 | 44,35 | 44,35 |  0,00 | 0,317 | 280,09 | 280,09 |  0,00 | 0,570 | 282,80 | 282,80 |  0,00 | 2146,766 | 28,17 | 28,17 | 4314,105 |   NaN | NaN | 0,00 | 0,00 | NaN
  30 |  0,00 | 31,830 | 634,17 | 634,17 | 667,25 |  0,00 | 0,210 | 44,35 | 44,35 |  0,00 | 0,218 | 280,36 | 280,36 |  0,00 | 0,280 | 281,29 | 281,29 |  0,00 | 2285,443 | 28,17 | 28,17 | 4591,011 |   NaN | NaN | 0,00 | 0,00 | NaN
  31 |  0,00 | 28,818 | 633,45 | 633,45 | 661,76 |  0,00 | 0,177 | 44,35 | 44,35 |  0,00 | 0,260 | 281,62 | 281,62 |  0,00 | 0,638 | 279,31 | 279,31 |  0,00 | 2059,901 | 28,17 | 28,17 | 4140,007 |   NaN | NaN | 0,00 | 0,00 | NaN
  32 |  0,00 | 30,360 | 637,42 | 637,42 | 665,63 |  0,00 | 0,133 | 44,35 | 44,35 |  0,00 | 0,236 | 281,73 | 281,73 |  0,00 | 0,486 | 283,18 | 283,18 |  0,00 | 2184,018 | 28,17 | 28,17 | 4388,706 |   NaN | NaN | 0,00 | 0,00 | NaN
  33 |  0,00 | 31,400 | 632,40 | 632,40 | 662,29 |  0,00 | 0,198 | 44,35 | 44,35 |  0,00 | 0,288 | 279,40 | 279,40 |  0,00 | 0,425 | 280,48 | 280,48 |  0,00 | 2247,120 | 28,17 | 28,17 | 4514,858 |   NaN | NaN | 0,00 | 0,00 | NaN
  34 |  0,00 | 34,279 | 634,08 | 634,08 | 662,91 |  0,00 | 0,190 | 44,35 | 44,35 |  0,00 | 0,202 | 280,14 | 280,14 |  0,00 | 0,300 | 281,42 | 281,42 |  0,00 | 2463,059 | 28,17 | 28,17 | 4946,386 |   NaN | NaN | 0,00 | 0,00 | NaN
  35 |  0,00 | 35,266 | 637,31 | 637,31 | 665,50 |  0,00 | 0,139 | 44,35 | 44,35 |  0,00 | 0,142 | 282,39 | 282,39 |  0,00 | 0,353 | 282,40 | 282,40 |  0,00 | 2543,870 | 28,17 | 28,17 | 5107,973 |   NaN | NaN | 0,00 | 0,00 | NaN
  36 |  0,00 | 33,704 | 633,22 | 633,22 | 662,33 |  0,00 | 0,192 | 44,35 | 44,35 |  0,00 | 0,201 | 279,02 | 279,02 |  0,00 | 0,296 | 281,68 | 281,68 |  0,00 | 2419,628 | 28,17 | 28,17 | 4859,364 |   NaN | NaN | 0,00 | 0,00 | NaN
  37 |  0,00 | 30,435 | 638,74 | 638,74 | 667,05 |  0,00 | 0,175 | 44,35 | 44,35 |  0,00 | 0,250 | 284,74 | 284,74 |  0,00 | 0,505 | 281,48 | 281,48 |  0,00 | 2190,208 | 28,17 | 28,17 | 4400,964 |   NaN | NaN | 0,00 | 0,00 | NaN
  38 |  0,00 | 31,993 | 639,73 | 639,73 | 667,98 |  0,00 | 0,166 | 44,35 | 44,35 |  0,00 | 0,183 | 283,47 | 283,47 |  0,00 | 0,330 | 283,74 | 283,74 |  0,00 | 2310,011 | 28,17 | 28,17 | 4640,385 |   NaN | NaN | 0,00 | 0,00 | NaN
  39 |  0,00 | 31,350 | 629,11 | 629,11 | 662,10 |  0,00 | 0,209 | 44,35 | 44,35 |  0,00 | 0,243 | 279,92 | 279,92 |  0,00 | 0,351 | 276,67 | 276,67 |  0,00 | 2238,316 | 28,17 | 28,17 | 4497,246 |   NaN | NaN | 0,00 | 0,00 | NaN
  40 |  0,00 | 33,250 | 628,11 | 628,11 | 661,12 |  0,00 | 0,209 | 44,35 | 44,35 |  0,00 | 0,232 | 280,12 | 280,12 |  0,00 | 0,300 | 275,47 | 275,47 |  0,00 | 2374,391 | 28,17 | 28,17 | 4769,146 |   NaN | NaN | 0,00 | 0,00 | NaN
  41 |  0,00 | 29,342 | 638,94 | 638,94 | 668,10 |  0,00 | 0,192 | 44,35 | 44,35 |  0,00 | 0,319 | 280,99 | 280,99 |  0,00 | 0,578 | 285,43 | 285,43 |  0,00 | 2107,877 | 28,17 | 28,17 | 4236,054 |   NaN | NaN | 0,00 | 0,00 | NaN
  42 |  0,00 | 29,941 | 637,72 | 637,72 | 665,91 |  0,00 | 0,138 | 44,35 | 44,35 |  0,00 | 0,276 | 281,85 | 281,85 |  0,00 | 0,764 | 283,35 | 283,35 |  0,00 | 2147,812 | 28,17 | 28,17 | 4316,279 |   NaN | NaN | 0,00 | 0,00 | NaN
  43 |  0,00 | 30,960 | 640,41 | 640,41 | 672,99 |  0,00 | 0,217 | 44,35 | 44,35 |  0,00 | 0,262 | 284,61 | 284,61 |  0,00 | 0,319 | 283,29 | 283,29 |  0,00 | 2233,570 | 28,17 | 28,17 | 4487,735 |   NaN | NaN | 0,00 | 0,00 | NaN
  44 |  0,00 | 29,209 | 637,37 | 637,37 | 665,56 |  0,00 | 0,129 | 44,35 | 44,35 |  0,00 | 0,244 | 282,14 | 282,14 |  0,00 | 0,781 | 282,71 | 282,71 |  0,00 | 2094,960 | 28,17 | 28,17 | 4210,227 |   NaN | NaN | 0,00 | 0,00 | NaN
  45 |  0,00 | 29,886 | 636,34 | 636,34 | 670,70 |  0,00 | 0,213 | 44,35 | 44,35 |  0,00 | 0,321 | 284,16 | 284,16 |  0,00 | 0,810 | 279,66 | 279,66 |  0,00 | 2137,188 | 28,17 | 28,17 | 4294,838 |   NaN | NaN | 0,00 | 0,00 | NaN
  46 |  0,00 | 30,839 | 635,64 | 635,64 | 663,84 |  0,00 | 0,152 | 44,35 | 44,35 |  0,00 | 0,179 | 281,21 | 281,21 |  0,00 | 0,398 | 281,92 | 281,92 |  0,00 | 2217,235 | 28,17 | 28,17 | 4455,134 |   NaN | NaN | 0,00 | 0,00 | NaN
  47 |  0,00 | 28,517 | 635,54 | 635,54 | 663,73 |  0,00 | 0,150 | 44,35 | 44,35 |  0,00 | 0,309 | 283,85 | 283,85 |  0,00 | 0,657 | 279,17 | 279,17 |  0,00 | 2041,894 | 28,17 | 28,17 | 4104,028 |   NaN | NaN | 0,00 | 0,00 | NaN
  48 |  0,00 | 29,200 | 632,83 | 632,83 | 661,25 |  0,00 | 0,180 | 44,35 | 44,35 |  0,00 | 0,306 | 280,71 | 280,71 |  0,00 | 0,624 | 279,60 | 279,60 |  0,00 | 2085,704 | 28,17 | 28,17 | 4191,745 |   NaN | NaN | 0,00 | 0,00 | NaN
  49 |  0,00 | 28,481 | 634,40 | 634,40 | 663,46 |  0,00 | 0,192 | 44,35 | 44,35 |  0,00 | 0,376 | 282,35 | 282,35 |  0,00 | 0,473 | 279,53 | 279,53 |  0,00 | 2037,883 | 28,17 | 28,17 | 4095,915 |   NaN | NaN | 0,00 | 0,00 | NaN
  50 |  0,00 | 30,987 | 636,38 | 636,38 | 664,60 |  0,00 | 0,146 | 44,35 | 44,35 |  0,00 | 0,179 | 283,88 | 283,88 |  0,00 | 0,418 | 279,99 | 279,99 |  0,00 | 2229,749 | 28,17 | 28,17 | 4480,168 |   NaN | NaN | 0,00 | 0,00 | NaN
  51 |  0,00 | 29,333 | 636,68 | 636,68 | 664,85 |  0,00 | 0,144 | 44,35 | 44,35 |  0,00 | 0,203 | 280,84 | 280,84 |  0,00 | 0,628 | 283,32 | 283,32 |  0,00 | 2105,920 | 28,17 | 28,17 | 4232,156 |   NaN | NaN | 0,00 | 0,00 | NaN
  52 |  0,00 | 29,843 | 631,18 | 631,18 | 659,45 |  0,00 | 0,171 | 44,35 | 44,35 |  0,00 | 0,408 | 277,34 | 277,34 |  0,00 | 0,823 | 281,32 | 281,32 |  0,00 | 2123,570 | 28,17 | 28,17 | 4267,631 |   NaN | NaN | 0,00 | 0,00 | NaN
  53 |  0,00 | 30,561 | 636,85 | 636,85 | 665,06 |  0,00 | 0,158 | 44,35 | 44,35 |  0,00 | 0,264 | 282,70 | 282,70 |  0,00 | 0,703 | 281,63 | 281,63 |  0,00 | 2192,011 | 28,17 | 28,17 | 4404,557 |   NaN | NaN | 0,00 | 0,00 | NaN
  54 |  0,00 | 29,978 | 631,74 | 631,74 | 659,93 |  0,00 | 0,161 | 44,35 | 44,35 |  0,00 | 0,301 | 281,50 | 281,50 |  0,00 | 0,595 | 277,72 | 277,72 |  0,00 | 2140,716 | 28,17 | 28,17 | 4301,871 |   NaN | NaN | 0,00 | 0,00 | NaN
  55 |  0,00 | 32,042 | 634,29 | 634,29 | 662,51 |  0,00 | 0,146 | 44,35 | 44,35 |  0,00 | 0,155 | 280,31 | 280,31 |  0,00 | 0,347 | 281,46 | 281,46 |  0,00 | 2302,930 | 28,17 | 28,17 | 4626,322 |   NaN | NaN | 0,00 | 0,00 | NaN
  56 |  0,00 | 29,215 | 632,23 | 632,23 | 660,45 |  0,00 | 0,151 | 44,35 | 44,35 |  0,00 | 0,314 | 279,34 | 279,34 |  0,00 | 0,726 | 280,38 | 280,38 |  0,00 | 2084,328 | 28,17 | 28,17 | 4188,991 |   NaN | NaN | 0,00 | 0,00 | NaN
  57 |  0,00 | 28,701 | 635,89 | 635,89 | 664,08 |  0,00 | 0,148 | 44,35 | 44,35 |  0,00 | 0,310 | 281,17 | 281,17 |  0,00 | 0,554 | 282,21 | 282,21 |  0,00 | 2057,503 | 28,17 | 28,17 | 4135,236 |   NaN | NaN | 0,00 | 0,00 | NaN
  58 |  0,00 | 28,917 | 634,72 | 634,72 | 663,07 |  0,00 | 0,177 | 44,35 | 44,35 |  0,00 | 0,349 | 280,37 | 280,37 |  0,00 | 0,596 | 281,83 | 281,83 |  0,00 | 2068,661 | 28,17 | 28,17 | 4157,268 |   NaN | NaN | 0,00 | 0,00 | NaN
  59 |  0,00 | 33,893 | 639,16 | 639,16 | 668,69 |  0,00 | 0,196 | 44,35 | 44,35 |  0,00 | 0,206 | 281,92 | 281,92 |  0,00 | 0,291 | 284,72 | 284,72 |  0,00 | 2446,557 | 28,17 | 28,17 | 4913,506 |   NaN | NaN | 0,00 | 0,00 | NaN
  60 |  0,00 | 29,458 | 634,33 | 634,33 | 662,53 |  0,00 | 0,131 | 44,35 | 44,35 |  0,00 | 0,284 | 281,36 | 281,36 |  0,00 | 0,892 | 280,45 | 280,45 |  0,00 | 2104,277 | 28,17 | 28,17 | 4229,004 |   NaN | NaN | 0,00 | 0,00 | NaN
  61 |  0,00 | 30,662 | 637,44 | 637,44 | 665,66 |  0,00 | 0,153 | 44,35 | 44,35 |  0,00 | 0,252 | 281,88 | 281,88 |  0,00 | 0,605 | 283,04 | 283,04 |  0,00 | 2202,750 | 28,17 | 28,17 | 4426,013 |   NaN | NaN | 0,00 | 0,00 | NaN
  62 |  0,00 | 29,173 | 637,19 | 637,19 | 672,14 |  0,00 | 0,215 | 44,35 | 44,35 |  0,00 | 0,269 | 282,69 | 282,69 |  0,00 | 0,579 | 281,98 | 281,98 |  0,00 | 2092,459 | 28,17 | 28,17 | 4205,361 |   NaN | NaN | 0,00 | 0,00 | NaN
  63 |  0,00 | 31,756 | 636,95 | 636,95 | 665,23 |  0,00 | 0,170 | 44,35 | 44,35 |  0,00 | 0,192 | 282,71 | 282,71 |  0,00 | 0,334 | 281,72 | 281,72 |  0,00 | 2286,552 | 28,17 | 28,17 | 4593,192 |   NaN | NaN | 0,00 | 0,00 | NaN
  64 |  0,00 | 30,027 | 631,67 | 631,67 | 666,37 |  0,00 | 0,214 | 44,35 | 44,35 |  0,00 | 0,336 | 278,40 | 278,40 |  0,00 | 0,577 | 280,74 | 280,74 |  0,00 | 2142,227 | 28,17 | 28,17 | 4305,061 |   NaN | NaN | 0,00 | 0,00 | NaN

= = = = = = = = = = = = AVERAGE RESULTS system = = = = = = = = = = = =
meanPLR_system | 0,000000 
meanDelay_system | 24,299366 
meanLoad_system | 635,106393 
meanTHR_system | 635,106393 
meanGate_system | 664,630928 

meanPLR_EF_system | 0,000000 
meanPLR_AF_system | 0,000000 
meanPLR_BE_system | 0,000000 
meanPLR_FLA_system | 0,000000 
meanPLR_FLB_system | NaN 

meanTHR_EF_system | 44,352002 
meanTHR_AF_system | 281,516455 
meanTHR_BE_system | 281,071756 
meanTHR_FLA_system | 28,574477 
meanTHR_FLB_system | 0,000000 

meanLoad_EF_system | 44,352002 
meanLoad_AF_system | 281,516455 
meanLoad_BE_system | 281,071756 
meanLoad_FLA_system | 28,574477 
meanLoad_FLB_system | 0,000000 

meanDELAY_EF_system | 0,175246 
meanDELAY_AF_system | 0,259111 
meanDELAY_BE_system | 0,479259 
meanDELAY_FLA_system | 1738,791594 
meanDELAY_FLB_system | NaN 
meanDELAY_CompleteFLA_system | 3497,948403 
meanDELAY_CompleteFLB_system | NaN 

= = = = = = = = = = = = AVERAGE RESULTS = = = = = = = = = = = =
Packet Loss Ratio: 00,00 (%)
PROCESSED PACKAGES: 2282880194 
DISCARTED PACKAGES: 0 
TOTAL PACKAGES: 2282880194 
AVERAGE DELAY: 4127,75 (ms) 
AVERAGE THROUGHPUT: 635,11 (Mbps) 
GRANTED THROUGHPUT: 42536,38 (Mbps) By 64 ONUs
EFFECTIVE THROUGHPUT: 40646,81 (Mbps) By 64 ONUs
TOTAL LOAD: 40646,81 (Mbps) By 64 ONUs
ON Arrival THROUGHPUT: 0,00 (Mbps) By 64 ONUs
FINISHTIMEFL: 206,953920 
FINISHTIME: 209,953920 


fileName | IPACT_LEAKYBUCKET_5_28_75_0 
