
ONU ID 	|  PLR(%) | Delay(ms) | Throughput(Mbps) | Granted Throughput(Mbps) | Total Load (Mbps) 

  ID |  PLR(%) |  D  | Thr |  Gates  |  Load  | PLR-EF | D-EF | ThrEF | LoadEF | PLR-AF | D-AF | ThrAF | LoadAF | PLR-BE | D-BE | ThrBE | LoadBE | PLR-FA | D-FA | ThrFA | LoadFA | DTFA |  PLR-FB | D-FB | ThrFB | LoadFB | DTFB | 
   1 |  0,00 | 0,462 | 493,04 | 493,04 | 538,36 |  0,00 | 0,121 | 44,35 | 44,35 |  0,00 | 0,280 | 209,13 | 209,13 |  0,00 | 0,381 | 203,56 | 203,56 |  0,00 | 12,294 | 36,00 | 36,00 | 45,205 |   NaN | NaN | 0,00 | 0,00 | NaN
   2 |  0,00 | 16,752 | 494,57 | 494,57 | 544,77 |  0,00 | 0,133 | 44,35 | 44,35 |  0,00 | 0,140 | 208,97 | 208,97 |  0,00 | 0,195 | 205,25 | 205,25 |  0,00 | 815,026 | 36,00 | 36,00 | 1650,554 |   NaN | NaN | 0,00 | 0,00 | NaN
   3 |  0,00 | 15,863 | 491,17 | 491,17 | 531,20 |  0,00 | 0,070 | 44,35 | 44,35 |  0,00 | 0,077 | 205,78 | 205,78 |  0,00 | 0,269 | 205,04 | 205,04 |  0,00 | 770,198 | 36,00 | 36,00 | 1560,907 |   NaN | NaN | 0,00 | 0,00 | NaN
   4 |  0,00 | 0,403 | 496,22 | 496,22 | 536,45 |  0,00 | 0,075 | 44,35 | 44,35 |  0,00 | 0,209 | 209,28 | 209,28 |  0,00 | 0,415 | 206,58 | 206,58 |  0,00 | 11,076 | 36,00 | 36,00 | 41,677 |   NaN | NaN | 0,00 | 0,00 | NaN
   5 |  0,00 | 24,140 | 492,00 | 492,00 | 533,00 |  0,00 | 0,101 | 44,35 | 44,35 |  0,00 | 0,104 | 206,09 | 206,09 |  0,00 | 0,231 | 205,56 | 205,56 |  0,00 | 1175,278 | 36,00 | 36,00 | 2370,885 |   NaN | NaN | 0,00 | 0,00 | NaN
   6 |  0,00 | 18,979 | 494,66 | 494,66 | 533,54 |  0,00 | 0,053 | 44,35 | 44,35 |  0,00 | 0,061 | 207,44 | 207,44 |  0,00 | 0,298 | 206,86 | 206,86 |  0,00 | 926,294 | 36,00 | 36,00 | 1872,993 |   NaN | NaN | 0,00 | 0,00 | NaN
   7 |  0,00 | 5,987 | 493,85 | 493,85 | 533,88 |  0,00 | 0,068 | 44,35 | 44,35 |  0,00 | 0,075 | 207,41 | 207,41 |  0,00 | 0,270 | 206,08 | 206,08 |  0,00 | 288,119 | 36,00 | 36,00 | 596,760 |   NaN | NaN | 0,00 | 0,00 | NaN
   8 |  0,00 | 17,403 | 493,63 | 493,63 | 537,81 |  0,00 | 0,118 | 44,35 | 44,35 |  0,00 | 0,124 | 205,84 | 205,84 |  0,00 | 0,214 | 207,44 | 207,44 |  0,00 | 846,591 | 36,00 | 36,00 | 1713,594 |   NaN | NaN | 0,00 | 0,00 | NaN
   9 |  0,00 | 10,757 | 495,06 | 495,06 | 534,87 |  0,00 | 0,058 | 44,35 | 44,35 |  0,00 | 0,063 | 207,15 | 207,15 |  0,00 | 0,284 | 207,56 | 207,56 |  0,00 | 522,936 | 36,00 | 36,00 | 1066,295 |   NaN | NaN | 0,00 | 0,00 | NaN
  10 |  0,00 | 0,474 | 492,29 | 492,29 | 536,78 |  0,00 | 0,119 | 44,35 | 44,35 |  0,00 | 0,292 | 206,34 | 206,34 |  0,00 | 0,410 | 205,60 | 205,60 |  0,00 | 12,519 | 36,00 | 36,00 | 44,650 |   NaN | NaN | 0,00 | 0,00 | NaN
  11 |  0,00 | 34,822 | 491,34 | 491,34 | 531,24 |  0,00 | 0,059 | 44,35 | 44,35 |  0,00 | 0,074 | 204,11 | 204,11 |  0,00 | 0,287 | 206,87 | 206,87 |  0,00 | 1697,636 | 36,00 | 36,00 | 3415,486 |   NaN | NaN | 0,00 | 0,00 | NaN
  12 |  0,00 | 20,110 | 493,11 | 493,11 | 538,03 |  0,00 | 0,121 | 44,35 | 44,35 |  0,00 | 0,126 | 206,40 | 206,40 |  0,00 | 0,207 | 206,36 | 206,36 |  0,00 | 978,567 | 36,00 | 36,00 | 1977,470 |   NaN | NaN | 0,00 | 0,00 | NaN
  13 |  0,00 | 16,713 | 488,72 | 488,72 | 528,93 |  0,00 | 0,085 | 44,35 | 44,35 |  0,00 | 0,090 | 205,17 | 205,17 |  0,00 | 0,250 | 203,19 | 203,19 |  0,00 | 809,291 | 36,00 | 36,00 | 1639,018 |   NaN | NaN | 0,00 | 0,00 | NaN
  14 |  0,00 | 23,706 | 493,92 | 493,92 | 540,96 |  0,00 | 0,127 | 44,35 | 44,35 |  0,00 | 0,132 | 206,80 | 206,80 |  0,00 | 0,203 | 206,76 | 206,76 |  0,00 | 1155,647 | 36,00 | 36,00 | 2331,701 |   NaN | NaN | 0,00 | 0,00 | NaN
  15 |  0,00 | 6,371 | 491,17 | 491,17 | 536,11 |  0,00 | 0,121 | 44,35 | 44,35 |  0,00 | 0,123 | 203,08 | 203,08 |  0,00 | 0,210 | 207,73 | 207,73 |  0,00 | 304,783 | 36,00 | 36,00 | 630,028 |   NaN | NaN | 0,00 | 0,00 | NaN
  16 |  0,00 | 13,189 | 497,93 | 497,93 | 540,47 |  0,00 | 0,112 | 44,35 | 44,35 |  0,00 | 0,118 | 207,28 | 207,28 |  0,00 | 0,217 | 210,29 | 210,29 |  0,00 | 643,053 | 36,00 | 36,00 | 1306,492 |   NaN | NaN | 0,00 | 0,00 | NaN
  17 |  0,00 | 12,421 | 494,76 | 494,76 | 541,07 |  0,00 | 0,125 | 44,35 | 44,35 |  0,00 | 0,128 | 207,93 | 207,93 |  0,00 | 0,203 | 206,47 | 206,47 |  0,00 | 602,790 | 36,00 | 36,00 | 1225,879 |   NaN | NaN | 0,00 | 0,00 | NaN
  18 |  0,00 | 37,678 | 491,11 | 491,11 | 532,07 |  0,00 | 0,101 | 44,35 | 44,35 |  0,00 | 0,108 | 205,24 | 205,24 |  0,00 | 0,233 | 205,52 | 205,52 |  0,00 | 1835,866 | 36,00 | 36,00 | 3692,095 |   NaN | NaN | 0,00 | 0,00 | NaN
  19 |  0,00 | 29,750 | 487,31 | 487,31 | 527,77 |  0,00 | 0,092 | 44,35 | 44,35 |  0,00 | 0,098 | 202,91 | 202,91 |  0,00 | 0,243 | 204,05 | 204,05 |  0,00 | 1442,804 | 36,00 | 36,00 | 2905,984 |   NaN | NaN | 0,00 | 0,00 | NaN
  20 |  0,00 | 35,556 | 490,26 | 490,26 | 530,55 |  0,00 | 0,088 | 44,35 | 44,35 |  0,00 | 0,100 | 206,91 | 206,91 |  0,00 | 0,256 | 202,99 | 202,99 |  0,00 | 1730,686 | 36,00 | 36,00 | 3481,653 |   NaN | NaN | 0,00 | 0,00 | NaN
  21 |  0,00 | 4,077 | 485,84 | 485,84 | 526,23 |  0,00 | 0,092 | 44,35 | 44,35 |  0,00 | 0,098 | 203,51 | 203,51 |  0,00 | 0,243 | 201,98 | 201,98 |  0,00 | 192,193 | 36,00 | 36,00 | 404,739 |   NaN | NaN | 0,00 | 0,00 | NaN
  22 |  0,00 | 25,116 | 496,28 | 496,28 | 545,28 |  0,00 | 0,131 | 44,35 | 44,35 |  0,00 | 0,134 | 210,19 | 210,19 |  0,00 | 0,199 | 205,74 | 205,74 |  0,00 | 1227,880 | 36,00 | 36,00 | 2476,186 |   NaN | NaN | 0,00 | 0,00 | NaN
  23 |  0,00 | 32,663 | 493,29 | 493,29 | 536,09 |  0,00 | 0,113 | 44,35 | 44,35 |  0,00 | 0,147 | 206,54 | 206,54 |  0,00 | 0,227 | 206,40 | 206,40 |  0,00 | 1593,816 | 36,00 | 36,00 | 3207,558 |   NaN | NaN | 0,00 | 0,00 | NaN
  24 |  0,00 | 16,838 | 495,30 | 495,30 | 535,41 |  0,00 | 0,075 | 44,35 | 44,35 |  0,00 | 0,081 | 206,28 | 206,28 |  0,00 | 0,261 | 208,67 | 208,67 |  0,00 | 821,307 | 36,00 | 36,00 | 1663,013 |   NaN | NaN | 0,00 | 0,00 | NaN
  25 |  0,00 | 7,676 | 496,39 | 496,39 | 546,03 |  0,00 | 0,132 | 44,35 | 44,35 |  0,00 | 0,138 | 205,87 | 205,87 |  0,00 | 0,196 | 210,17 | 210,17 |  0,00 | 370,310 | 36,00 | 36,00 | 761,007 |   NaN | NaN | 0,00 | 0,00 | NaN
  26 |  0,00 | 5,863 | 491,06 | 491,06 | 538,98 |  0,00 | 0,129 | 44,35 | 44,35 |  0,00 | 0,137 | 205,85 | 205,85 |  0,00 | 0,203 | 204,86 | 204,86 |  0,00 | 279,598 | 36,00 | 36,00 | 579,565 |   NaN | NaN | 0,00 | 0,00 | NaN
  27 |  0,00 | 38,112 | 491,43 | 491,43 | 531,06 |  0,00 | 0,056 | 44,35 | 44,35 |  0,00 | 0,065 | 207,31 | 207,31 |  0,00 | 0,289 | 203,77 | 203,77 |  0,00 | 1859,041 | 36,00 | 36,00 | 3738,321 |   NaN | NaN | 0,00 | 0,00 | NaN
  28 |  0,00 | 33,020 | 488,77 | 488,77 | 533,90 |  0,00 | 0,121 | 44,35 | 44,35 |  0,00 | 0,153 | 206,25 | 206,25 |  0,00 | 0,262 | 202,17 | 202,17 |  0,00 | 1602,881 | 36,00 | 36,00 | 3225,889 |   NaN | NaN | 0,00 | 0,00 | NaN
  29 |  0,00 | 34,147 | 494,09 | 494,09 | 535,01 |  0,00 | 0,101 | 44,35 | 44,35 |  0,00 | 0,109 | 206,81 | 206,81 |  0,00 | 0,237 | 206,92 | 206,92 |  0,00 | 1668,555 | 36,00 | 36,00 | 3357,534 |   NaN | NaN | 0,00 | 0,00 | NaN
  30 |  0,00 | 36,577 | 491,22 | 491,22 | 540,35 |  0,00 | 0,131 | 44,35 | 44,35 |  0,00 | 0,138 | 205,07 | 205,07 |  0,00 | 0,200 | 205,80 | 205,80 |  0,00 | 1781,537 | 36,00 | 36,00 | 3583,281 |   NaN | NaN | 0,00 | 0,00 | NaN
  31 |  0,00 | 32,879 | 491,19 | 491,19 | 531,93 |  0,00 | 0,098 | 44,35 | 44,35 |  0,00 | 0,148 | 206,73 | 206,73 |  0,00 | 0,254 | 204,11 | 204,11 |  0,00 | 1601,105 | 36,00 | 36,00 | 3222,304 |   NaN | NaN | 0,00 | 0,00 | NaN
  32 |  0,00 | 34,813 | 494,27 | 494,27 | 533,85 |  0,00 | 0,056 | 44,35 | 44,35 |  0,00 | 0,076 | 206,55 | 206,55 |  0,00 | 0,305 | 207,37 | 207,37 |  0,00 | 1702,503 | 36,00 | 36,00 | 3425,251 |   NaN | NaN | 0,00 | 0,00 | NaN
  33 |  0,00 | 35,888 | 491,24 | 491,24 | 535,84 |  0,00 | 0,120 | 44,35 | 44,35 |  0,00 | 0,143 | 205,19 | 205,19 |  0,00 | 0,224 | 205,69 | 205,69 |  0,00 | 1748,147 | 36,00 | 36,00 | 3516,631 |   NaN | NaN | 0,00 | 0,00 | NaN
  34 |  0,00 | 39,400 | 491,17 | 491,17 | 533,52 |  0,00 | 0,111 | 44,35 | 44,35 |  0,00 | 0,117 | 206,18 | 206,18 |  0,00 | 0,222 | 204,63 | 204,63 |  0,00 | 1920,040 | 36,00 | 36,00 | 3860,374 |   NaN | NaN | 0,00 | 0,00 | NaN
  35 |  0,00 | 40,562 | 496,31 | 496,31 | 536,20 |  0,00 | 0,060 | 44,35 | 44,35 |  0,00 | 0,066 | 207,76 | 207,76 |  0,00 | 0,277 | 208,19 | 208,19 |  0,00 | 1989,304 | 36,00 | 36,00 | 3998,934 |   NaN | NaN | 0,00 | 0,00 | NaN
  36 |  0,00 | 38,630 | 491,90 | 491,90 | 534,86 |  0,00 | 0,113 | 44,35 | 44,35 |  0,00 | 0,125 | 203,91 | 203,91 |  0,00 | 0,218 | 207,63 | 207,63 |  0,00 | 1883,845 | 36,00 | 36,00 | 3788,068 |   NaN | NaN | 0,00 | 0,00 | NaN
  37 |  0,00 | 34,768 | 496,16 | 496,16 | 536,75 |  0,00 | 0,096 | 44,35 | 44,35 |  0,00 | 0,114 | 209,24 | 209,24 |  0,00 | 0,240 | 206,56 | 206,56 |  0,00 | 1702,916 | 36,00 | 36,00 | 3426,017 |   NaN | NaN | 0,00 | 0,00 | NaN
  38 |  0,00 | 36,718 | 495,33 | 495,33 | 535,57 |  0,00 | 0,088 | 44,35 | 44,35 |  0,00 | 0,091 | 207,48 | 207,48 |  0,00 | 0,245 | 207,50 | 207,50 |  0,00 | 1797,466 | 36,00 | 36,00 | 3615,271 |   NaN | NaN | 0,00 | 0,00 | NaN
  39 |  0,00 | 35,930 | 485,99 | 485,99 | 535,00 |  0,00 | 0,131 | 44,35 | 44,35 |  0,00 | 0,134 | 203,61 | 203,61 |  0,00 | 0,208 | 202,03 | 202,03 |  0,00 | 1740,193 | 36,00 | 36,00 | 3500,842 |   NaN | NaN | 0,00 | 0,00 | NaN
  40 |  0,00 | 38,175 | 488,64 | 488,64 | 537,62 |  0,00 | 0,131 | 44,35 | 44,35 |  0,00 | 0,136 | 206,29 | 206,29 |  0,00 | 0,205 | 201,99 | 201,99 |  0,00 | 1854,714 | 36,00 | 36,00 | 3729,534 |   NaN | NaN | 0,00 | 0,00 | NaN
  41 |  0,00 | 33,451 | 495,19 | 495,19 | 538,31 |  0,00 | 0,114 | 44,35 | 44,35 |  0,00 | 0,134 | 204,46 | 204,46 |  0,00 | 0,239 | 210,37 | 210,37 |  0,00 | 1635,749 | 36,00 | 36,00 | 3291,885 |   NaN | NaN | 0,00 | 0,00 | NaN
  42 |  0,00 | 34,059 | 496,58 | 496,58 | 536,49 |  0,00 | 0,060 | 44,35 | 44,35 |  0,00 | 0,071 | 207,95 | 207,95 |  0,00 | 0,282 | 208,27 | 208,27 |  0,00 | 1669,590 | 36,00 | 36,00 | 3359,612 |   NaN | NaN | 0,00 | 0,00 | NaN
  43 |  0,00 | 35,494 | 499,12 | 499,12 | 546,27 |  0,00 | 0,138 | 44,35 | 44,35 |  0,00 | 0,145 | 209,88 | 209,88 |  0,00 | 0,198 | 208,89 | 208,89 |  0,00 | 1742,932 | 36,00 | 36,00 | 3506,285 |   NaN | NaN | 0,00 | 0,00 | NaN
  44 |  0,00 | 33,246 | 494,58 | 494,58 | 533,59 |  0,00 | 0,054 | 44,35 | 44,35 |  0,00 | 0,120 | 205,81 | 205,81 |  0,00 | 0,335 | 208,42 | 208,42 |  0,00 | 1625,469 | 36,00 | 36,00 | 3271,512 |   NaN | NaN | 0,00 | 0,00 | NaN
  45 |  0,00 | 34,081 | 491,14 | 491,14 | 541,92 |  0,00 | 0,135 | 44,35 | 44,35 |  0,00 | 0,148 | 208,06 | 208,06 |  0,00 | 0,212 | 202,72 | 202,72 |  0,00 | 1659,269 | 36,00 | 36,00 | 3338,988 |   NaN | NaN | 0,00 | 0,00 | NaN
  46 |  0,00 | 35,367 | 492,07 | 492,07 | 532,12 |  0,00 | 0,074 | 44,35 | 44,35 |  0,00 | 0,085 | 204,75 | 204,75 |  0,00 | 0,270 | 206,97 | 206,97 |  0,00 | 1725,485 | 36,00 | 36,00 | 3471,217 |   NaN | NaN | 0,00 | 0,00 | NaN
  47 |  0,00 | 32,533 | 491,51 | 491,51 | 531,59 |  0,00 | 0,071 | 44,35 | 44,35 |  0,00 | 0,103 | 207,08 | 207,08 |  0,00 | 0,278 | 204,08 | 204,08 |  0,00 | 1585,354 | 36,00 | 36,00 | 3190,747 |   NaN | NaN | 0,00 | 0,00 | NaN
  48 |  0,00 | 33,318 | 490,90 | 490,90 | 531,88 |  0,00 | 0,101 | 44,35 | 44,35 |  0,00 | 0,113 | 205,11 | 205,11 |  0,00 | 0,259 | 205,43 | 205,43 |  0,00 | 1622,186 | 36,00 | 36,00 | 3264,947 |   NaN | NaN | 0,00 | 0,00 | NaN
  49 |  0,00 | 32,615 | 491,46 | 491,46 | 534,42 |  0,00 | 0,113 | 44,35 | 44,35 |  0,00 | 0,134 | 206,65 | 206,65 |  0,00 | 0,252 | 204,46 | 204,46 |  0,00 | 1588,163 | 36,00 | 36,00 | 3196,212 |   NaN | NaN | 0,00 | 0,00 | NaN
  50 |  0,00 | 35,456 | 494,36 | 494,36 | 534,42 |  0,00 | 0,068 | 44,35 | 44,35 |  0,00 | 0,075 | 208,19 | 208,19 |  0,00 | 0,271 | 205,81 | 205,81 |  0,00 | 1734,285 | 36,00 | 36,00 | 3489,035 |   NaN | NaN | 0,00 | 0,00 | NaN
  51 |  0,00 | 33,435 | 493,36 | 493,36 | 533,40 |  0,00 | 0,066 | 44,35 | 44,35 |  0,00 | 0,118 | 205,98 | 205,98 |  0,00 | 0,290 | 207,03 | 207,03 |  0,00 | 1632,744 | 36,00 | 36,00 | 3285,931 |   NaN | NaN | 0,00 | 0,00 | NaN
  52 |  0,00 | 33,858 | 492,88 | 492,88 | 533,31 |  0,00 | 0,092 | 44,35 | 44,35 |  0,00 | 0,122 | 203,79 | 203,79 |  0,00 | 0,271 | 208,74 | 208,74 |  0,00 | 1651,925 | 36,00 | 36,00 | 3324,160 |   NaN | NaN | 0,00 | 0,00 | NaN
  53 |  0,00 | 34,978 | 493,58 | 493,58 | 533,73 |  0,00 | 0,079 | 44,35 | 44,35 |  0,00 | 0,095 | 207,67 | 207,67 |  0,00 | 0,257 | 205,56 | 205,56 |  0,00 | 1708,901 | 36,00 | 36,00 | 3438,202 |   NaN | NaN | 0,00 | 0,00 | NaN
  54 |  0,00 | 34,189 | 489,61 | 489,61 | 529,77 |  0,00 | 0,082 | 44,35 | 44,35 |  0,00 | 0,099 | 206,41 | 206,41 |  0,00 | 0,267 | 202,85 | 202,85 |  0,00 | 1663,222 | 36,00 | 36,00 | 3346,917 |   NaN | NaN | 0,00 | 0,00 | NaN
  55 |  0,00 | 37,008 | 490,44 | 490,44 | 530,42 |  0,00 | 0,067 | 44,35 | 44,35 |  0,00 | 0,072 | 203,92 | 203,92 |  0,00 | 0,270 | 206,17 | 206,17 |  0,00 | 1802,717 | 36,00 | 36,00 | 3625,820 |   NaN | NaN | 0,00 | 0,00 | NaN
  56 |  0,00 | 33,501 | 490,26 | 490,26 | 530,35 |  0,00 | 0,073 | 44,35 | 44,35 |  0,00 | 0,097 | 204,72 | 204,72 |  0,00 | 0,291 | 205,18 | 205,18 |  0,00 | 1630,611 | 36,00 | 36,00 | 3281,715 |   NaN | NaN | 0,00 | 0,00 | NaN
  57 |  0,00 | 32,823 | 492,14 | 492,14 | 532,21 |  0,00 | 0,070 | 44,35 | 44,35 |  0,00 | 0,085 | 205,56 | 205,56 |  0,00 | 0,293 | 206,23 | 206,23 |  0,00 | 1600,922 | 36,00 | 36,00 | 3221,809 |   NaN | NaN | 0,00 | 0,00 | NaN
  58 |  0,00 | 32,900 | 493,12 | 493,12 | 533,88 |  0,00 | 0,099 | 44,35 | 44,35 |  0,00 | 0,162 | 206,44 | 206,44 |  0,00 | 0,281 | 206,33 | 206,33 |  0,00 | 1604,924 | 36,00 | 36,00 | 3230,084 |   NaN | NaN | 0,00 | 0,00 | NaN
  59 |  0,00 | 38,926 | 495,82 | 495,82 | 539,80 |  0,00 | 0,118 | 44,35 | 44,35 |  0,00 | 0,120 | 205,93 | 205,93 |  0,00 | 0,211 | 209,54 | 209,54 |  0,00 | 1906,229 | 36,00 | 36,00 | 3832,758 |   NaN | NaN | 0,00 | 0,00 | NaN
  60 |  0,00 | 33,528 | 492,51 | 492,51 | 531,84 |  0,00 | 0,055 | 44,35 | 44,35 |  0,00 | 0,098 | 205,92 | 205,92 |  0,00 | 0,317 | 206,24 | 206,24 |  0,00 | 1636,010 | 36,00 | 36,00 | 3292,548 |   NaN | NaN | 0,00 | 0,00 | NaN
  61 |  0,00 | 35,088 | 495,31 | 495,31 | 535,40 |  0,00 | 0,075 | 44,35 | 44,35 |  0,00 | 0,088 | 207,39 | 207,39 |  0,00 | 0,269 | 207,57 | 207,57 |  0,00 | 1717,751 | 36,00 | 36,00 | 3455,832 |   NaN | NaN | 0,00 | 0,00 | NaN
  62 |  0,00 | 33,189 | 495,32 | 495,32 | 546,82 |  0,00 | 0,137 | 44,35 | 44,35 |  0,00 | 0,171 | 207,64 | 207,64 |  0,00 | 0,204 | 207,32 | 207,32 |  0,00 | 1622,541 | 36,00 | 36,00 | 3265,577 |   NaN | NaN | 0,00 | 0,00 | NaN
  63 |  0,00 | 36,368 | 493,27 | 493,27 | 533,67 |  0,00 | 0,092 | 44,35 | 44,35 |  0,00 | 0,100 | 207,44 | 207,44 |  0,00 | 0,244 | 205,48 | 205,48 |  0,00 | 1776,244 | 36,00 | 36,00 | 3572,743 |   NaN | NaN | 0,00 | 0,00 | NaN
  64 |  0,00 | 34,222 | 490,25 | 490,25 | 541,46 |  0,00 | 0,135 | 44,35 | 44,35 |  0,00 | 0,156 | 205,37 | 205,37 |  0,00 | 0,214 | 204,53 | 204,53 |  0,00 | 1664,402 | 36,00 | 36,00 | 3349,264 |   NaN | NaN | 0,00 | 0,00 | NaN

= = = = = = = = = = = = AVERAGE RESULTS system = = = = = = = = = = = =
meanPLR_system | 0,000000 
meanDelay_system | 27,609628 
meanLoad_system | 492,762281 
meanTHR_system | 492,762281 
meanGate_system | 535,538420 

meanPLR_EF_system | 0,000000 
meanPLR_AF_system | 0,000000 
meanPLR_BE_system | 0,000000 
meanPLR_FLA_system | 0,000000 
meanPLR_FLB_system | NaN 

meanTHR_EF_system | 44,352001 
meanTHR_AF_system | 206,374879 
meanTHR_BE_system | 206,033422 
meanTHR_FLA_system | 36,626326 
meanTHR_FLB_system | 0,000000 

meanLoad_EF_system | 44,352001 
meanLoad_AF_system | 206,374879 
meanLoad_BE_system | 206,033422 
meanLoad_FLA_system | 36,626326 
meanLoad_FLB_system | 0,000000 

meanDELAY_EF_system | 0,096865 
meanDELAY_AF_system | 0,118467 
meanDELAY_BE_system | 0,254140 
meanDELAY_FLA_system | 1345,725402 
meanDELAY_FLB_system | NaN 
meanDELAY_CompleteFLA_system | 2711,772612 
meanDELAY_CompleteFLB_system | NaN 

= = = = = = = = = = = = AVERAGE RESULTS = = = = = = = = = = = =
Packet Loss Ratio: 00,00 (%)
PROCESSED PACKAGES: 1655293656 
DISCARTED PACKAGES: 0 
TOTAL PACKAGES: 1655293656 
AVERAGE DELAY: 4057,13 (ms) 
AVERAGE THROUGHPUT: 492,76 (Mbps) 
GRANTED THROUGHPUT: 34274,46 (Mbps) By 64 ONUs
EFFECTIVE THROUGHPUT: 31536,79 (Mbps) By 64 ONUs
TOTAL LOAD: 31536,79 (Mbps) By 64 ONUs
ON Arrival THROUGHPUT: 0,00 (Mbps) By 64 ONUs
FINISHTIMEFL: 172,990323 
FINISHTIME: 175,990323 


fileName | IPACT_LEAKYBUCKET_4_30_55_0 
