
ONU ID 	|  PLR(%) | Delay(ms) | Throughput(Mbps) | Granted Throughput(Mbps) | Total Load (Mbps) 

  ID |  PLR(%) |  D  | Thr |  Gates  |  Load  | PLR-EF | D-EF | ThrEF | LoadEF | PLR-AF | D-AF | ThrAF | LoadAF | PLR-BE | D-BE | ThrBE | LoadBE | PLR-FA | D-FA | ThrFA | LoadFA | DTFA |  PLR-FB | D-FB | ThrFB | LoadFB | DTFB | 
   1 |  4,92 | 275,079 | 755,31 | 794,43 | 759,64 |  0,00 | 1,405 | 44,35 | 44,35 |  0,00 | 10,828 | 350,73 | 350,73 | 11,55 | 1046,440 | 299,67 | 338,79 |  0,00 | 256,591 | 60,56 | 60,56 | 532,381 |   NaN | NaN | 0,00 | 0,00 | NaN
   2 |  5,27 | 249,410 | 753,19 | 795,09 | 757,58 |  0,00 | 1,417 | 44,35 | 44,35 |  0,00 | 2,073 | 345,63 | 345,63 | 12,16 | 903,989 | 302,65 | 344,55 |  0,00 | 633,829 | 60,56 | 60,56 | 1286,858 |   NaN | NaN | 0,00 | 0,00 | NaN
   3 |  5,14 | 251,480 | 753,00 | 793,77 | 757,33 |  0,00 | 1,354 | 44,35 | 44,35 |  0,00 | 2,841 | 344,86 | 344,86 | 11,85 | 912,255 | 303,22 | 344,00 |  0,00 | 607,057 | 60,56 | 60,56 | 1233,343 |   NaN | NaN | 0,00 | 0,00 | NaN
   4 |  6,06 | 274,182 | 754,32 | 802,97 | 758,77 |  0,00 | 1,359 | 44,35 | 44,35 |  0,00 | 17,640 | 352,15 | 352,15 | 14,06 | 1048,288 | 297,26 | 345,91 |  0,00 | 201,674 | 60,56 | 60,56 | 422,515 |   NaN | NaN | 0,00 | 0,00 | NaN
   5 |  4,83 | 245,474 | 755,47 | 793,83 | 759,81 |  0,00 | 1,385 | 44,35 | 44,35 |  0,00 | 2,627 | 345,17 | 345,17 | 11,16 | 862,230 | 305,38 | 343,74 |  0,00 | 819,136 | 60,56 | 60,56 | 1657,313 |   NaN | NaN | 0,00 | 0,00 | NaN
   6 |  5,78 | 258,186 | 753,13 | 799,35 | 757,44 |  0,00 | 1,333 | 44,35 | 44,35 |  0,00 | 2,244 | 348,35 | 348,35 | 13,36 | 940,142 | 299,86 | 346,09 |  0,00 | 694,512 | 60,56 | 60,56 | 1408,004 |   NaN | NaN | 0,00 | 0,00 | NaN
   7 |  5,17 | 267,623 | 754,94 | 796,12 | 759,26 |  0,00 | 1,352 | 44,35 | 44,35 |  0,00 | 6,382 | 347,09 | 347,09 | 11,97 | 1000,016 | 302,93 | 344,11 |  0,00 | 360,626 | 60,56 | 60,56 | 740,434 |   NaN | NaN | 0,00 | 0,00 | NaN
   8 |  5,50 | 257,129 | 753,93 | 797,78 | 758,29 |  0,00 | 1,402 | 44,35 | 44,35 |  0,00 | 2,622 | 343,70 | 343,70 | 12,56 | 923,941 | 305,32 | 349,17 |  0,00 | 652,410 | 60,56 | 60,56 | 1323,985 |   NaN | NaN | 0,00 | 0,00 | NaN
   9 |  5,60 | 265,650 | 754,06 | 798,81 | 758,39 |  0,00 | 1,342 | 44,35 | 44,35 |  0,00 | 4,056 | 349,50 | 349,50 | 13,00 | 992,064 | 299,65 | 344,40 |  0,00 | 479,000 | 60,56 | 60,56 | 977,223 |   NaN | NaN | 0,00 | 0,00 | NaN
  10 |  5,11 | 268,918 | 754,72 | 795,35 | 759,07 |  0,00 | 1,403 | 44,35 | 44,35 |  0,00 | 12,618 | 345,73 | 345,73 | 11,79 | 1006,737 | 304,08 | 344,71 |  0,00 | 236,070 | 60,56 | 60,56 | 491,359 |   NaN | NaN | 0,00 | 0,00 | NaN
  11 |  4,58 | 245,077 | 753,68 | 789,83 | 758,02 |  0,00 | 1,342 | 44,35 | 44,35 |  0,00 | 1,958 | 338,76 | 338,76 | 10,44 | 819,044 | 310,01 | 346,15 |  0,00 | 1091,986 | 60,56 | 60,56 | 2203,100 |   NaN | NaN | 0,00 | 0,00 | NaN
  12 |  5,10 | 257,068 | 754,00 | 794,52 | 758,35 |  0,00 | 1,405 | 44,35 | 44,35 |  0,00 | 3,213 | 345,08 | 345,08 | 11,76 | 920,277 | 304,00 | 344,52 |  0,00 | 717,482 | 60,56 | 60,56 | 1454,016 |   NaN | NaN | 0,00 | 0,00 | NaN
  13 |  3,97 | 240,260 | 754,47 | 785,70 | 758,80 |  0,00 | 1,369 | 44,35 | 44,35 |  0,00 | 2,167 | 341,34 | 341,34 |  9,20 | 854,147 | 308,22 | 339,45 |  0,00 | 628,124 | 60,56 | 60,56 | 1275,488 |   NaN | NaN | 0,00 | 0,00 | NaN
  14 |  5,70 | 254,905 | 752,64 | 798,17 | 757,00 |  0,00 | 1,410 | 44,35 | 44,35 |  0,00 | 1,804 | 346,76 | 346,76 | 13,14 | 911,046 | 300,97 | 346,50 |  0,00 | 810,905 | 60,56 | 60,56 | 1640,886 |   NaN | NaN | 0,00 | 0,00 | NaN
  15 |  4,92 | 264,331 | 753,03 | 791,99 | 757,37 |  0,00 | 1,404 | 44,35 | 44,35 |  0,00 | 4,924 | 341,61 | 341,61 | 11,28 | 975,892 | 306,50 | 345,46 |  0,00 | 357,005 | 60,56 | 60,56 | 733,120 |   NaN | NaN | 0,00 | 0,00 | NaN
  16 |  5,81 | 270,162 | 754,68 | 801,20 | 759,03 |  0,00 | 1,396 | 44,35 | 44,35 |  0,00 | 3,097 | 345,54 | 345,54 | 13,26 | 990,377 | 304,22 | 350,74 |  0,00 | 538,171 | 60,56 | 60,56 | 1095,530 |   NaN | NaN | 0,00 | 0,00 | NaN
  17 |  5,71 | 265,108 | 754,70 | 800,37 | 759,07 |  0,00 | 1,409 | 44,35 | 44,35 |  0,00 | 2,859 | 347,36 | 347,36 | 13,12 | 978,309 | 302,43 | 348,10 |  0,00 | 522,975 | 60,56 | 60,56 | 1065,168 |   NaN | NaN | 0,00 | 0,00 | NaN
  18 |  5,26 | 251,049 | 751,33 | 793,07 | 755,65 |  0,00 | 1,385 | 44,35 | 44,35 |  0,00 | 1,973 | 343,13 | 343,13 | 12,10 | 850,916 | 303,28 | 345,02 |  0,00 | 1163,534 | 60,56 | 60,56 | 2346,162 |   NaN | NaN | 0,00 | 0,00 | NaN
  19 |  4,21 | 244,614 | 754,98 | 788,14 | 759,32 |  0,00 | 1,376 | 44,35 | 44,35 |  0,00 | 2,413 | 339,54 | 339,54 |  9,65 | 830,801 | 310,52 | 343,68 |  0,00 | 953,821 | 60,56 | 60,56 | 1926,751 |   NaN | NaN | 0,00 | 0,00 | NaN
  20 |  4,56 | 237,140 | 754,34 | 790,36 | 758,67 |  0,00 | 1,372 | 44,35 | 44,35 |  0,00 | 1,578 | 346,86 | 346,86 | 10,64 | 807,612 | 302,57 | 338,58 |  0,00 | 1106,753 | 60,56 | 60,56 | 2232,696 |   NaN | NaN | 0,00 | 0,00 | NaN
  21 |  3,90 | 248,419 | 752,10 | 782,63 | 756,41 |  0,00 | 1,376 | 44,35 | 44,35 |  0,00 | 7,992 | 339,54 | 339,54 |  9,03 | 913,193 | 307,65 | 338,17 |  0,00 | 297,407 | 60,56 | 60,56 | 613,992 |   NaN | NaN | 0,00 | 0,00 | NaN
  22 |  6,04 | 264,302 | 754,72 | 803,25 | 759,12 |  0,00 | 1,415 | 44,35 | 44,35 |  0,00 | 2,033 | 354,23 | 354,23 | 14,10 | 963,417 | 295,58 | 344,10 |  0,00 | 845,520 | 60,56 | 60,56 | 1710,195 |   NaN | NaN | 0,00 | 0,00 | NaN
  23 |  5,45 | 260,030 | 753,93 | 797,34 | 758,29 |  0,00 | 1,397 | 44,35 | 44,35 |  0,00 | 1,854 | 348,41 | 348,41 | 12,62 | 910,037 | 300,60 | 344,02 |  0,00 | 1034,941 | 60,56 | 60,56 | 2089,015 |   NaN | NaN | 0,00 | 0,00 | NaN
  24 |  5,08 | 258,560 | 755,06 | 795,49 | 759,39 |  0,00 | 1,359 | 44,35 | 44,35 |  0,00 | 2,414 | 344,34 | 344,34 | 11,68 | 931,878 | 305,80 | 346,23 |  0,00 | 627,062 | 60,56 | 60,56 | 1273,377 |   NaN | NaN | 0,00 | 0,00 | NaN
  25 |  6,17 | 274,464 | 753,66 | 803,24 | 758,02 |  0,00 | 1,416 | 44,35 | 44,35 |  0,00 | 3,898 | 345,23 | 345,23 | 14,04 | 1022,978 | 303,51 | 353,09 |  0,00 | 391,346 | 60,56 | 60,56 | 801,837 |   NaN | NaN | 0,00 | 0,00 | NaN
  26 |  4,81 | 269,193 | 754,53 | 792,68 | 758,90 |  0,00 | 1,412 | 44,35 | 44,35 |  0,00 | 6,309 | 343,53 | 343,53 | 11,08 | 996,668 | 306,09 | 344,23 |  0,00 | 347,640 | 60,56 | 60,56 | 714,307 |   NaN | NaN | 0,00 | 0,00 | NaN
  27 |  4,83 | 236,935 | 754,00 | 792,27 | 758,31 |  0,00 | 1,339 | 44,35 | 44,35 |  0,00 | 1,883 | 345,36 | 345,36 | 11,19 | 795,829 | 303,72 | 342,00 |  0,00 | 1175,924 | 60,56 | 60,56 | 2371,050 |   NaN | NaN | 0,00 | 0,00 | NaN
  28 |  4,43 | 249,107 | 754,27 | 789,23 | 758,61 |  0,00 | 1,405 | 44,35 | 44,35 |  0,00 | 2,644 | 345,02 | 345,02 | 10,30 | 855,136 | 304,34 | 339,30 |  0,00 | 1040,129 | 60,56 | 60,56 | 2099,291 |   NaN | NaN | 0,00 | 0,00 | NaN
  29 |  5,74 | 251,576 | 753,59 | 799,52 | 757,92 |  0,00 | 1,385 | 44,35 | 44,35 |  0,00 | 1,939 | 346,96 | 346,96 | 13,21 | 868,331 | 301,71 | 347,64 |  0,00 | 1080,058 | 60,56 | 60,56 | 2179,270 |   NaN | NaN | 0,00 | 0,00 | NaN
  30 |  4,64 | 248,630 | 755,21 | 791,92 | 759,57 |  0,00 | 1,415 | 44,35 | 44,35 |  0,00 | 1,963 | 342,83 | 342,83 | 10,67 | 836,618 | 307,46 | 344,17 |  0,00 | 1131,280 | 60,56 | 60,56 | 2281,754 |   NaN | NaN | 0,00 | 0,00 | NaN
  31 |  4,81 | 243,679 | 755,18 | 793,29 | 759,52 |  0,00 | 1,382 | 44,35 | 44,35 |  0,00 | 1,881 | 344,39 | 344,39 | 11,08 | 831,955 | 305,87 | 343,99 |  0,00 | 1035,822 | 60,56 | 60,56 | 2090,729 |   NaN | NaN | 0,00 | 0,00 | NaN
  32 |  4,96 | 250,786 | 755,78 | 795,21 | 760,13 |  0,00 | 1,338 | 44,35 | 44,35 |  0,00 | 2,431 | 344,52 | 344,52 | 11,40 | 851,812 | 306,35 | 345,78 |  0,00 | 1094,819 | 60,56 | 60,56 | 2208,691 |   NaN | NaN | 0,00 | 0,00 | NaN
  33 |  4,51 | 236,444 | 753,92 | 789,51 | 758,26 |  0,00 | 1,404 | 44,35 | 44,35 |  0,00 | 1,846 | 341,26 | 341,26 | 10,37 | 789,347 | 307,74 | 343,34 |  0,00 | 1118,791 | 60,56 | 60,56 | 2256,720 |   NaN | NaN | 0,00 | 0,00 | NaN
  34 |  4,21 | 240,445 | 755,64 | 788,81 | 759,97 |  0,00 | 1,395 | 44,35 | 44,35 |  0,00 | 1,941 | 344,32 | 344,32 |  9,77 | 800,155 | 306,40 | 339,57 |  0,00 | 1208,289 | 60,56 | 60,56 | 2435,880 |   NaN | NaN | 0,00 | 0,00 | NaN
  35 |  5,63 | 252,144 | 755,92 | 801,01 | 760,26 |  0,00 | 1,344 | 44,35 | 44,35 |  0,00 | 1,463 | 347,65 | 347,65 | 12,94 | 851,212 | 303,35 | 348,45 |  0,00 | 1241,452 | 60,56 | 60,56 | 2502,615 |   NaN | NaN | 0,00 | 0,00 | NaN
  36 |  4,47 | 237,681 | 754,91 | 790,23 | 759,25 |  0,00 | 1,397 | 44,35 | 44,35 |  0,00 | 2,129 | 339,22 | 339,22 | 10,21 | 779,621 | 310,78 | 346,10 |  0,00 | 1188,788 | 60,56 | 60,56 | 2396,723 |   NaN | NaN | 0,00 | 0,00 | NaN
  37 |  5,70 | 253,758 | 755,21 | 800,89 | 759,55 |  0,00 | 1,380 | 44,35 | 44,35 |  0,00 | 2,229 | 350,74 | 350,74 | 13,23 | 883,030 | 299,56 | 345,24 |  0,00 | 1091,495 | 60,56 | 60,56 | 2202,143 |   NaN | NaN | 0,00 | 0,00 | NaN
  38 |  5,21 | 250,698 | 754,97 | 796,47 | 759,31 |  0,00 | 1,372 | 44,35 | 44,35 |  0,00 | 2,174 | 346,52 | 346,52 | 12,03 | 853,453 | 303,53 | 345,03 |  0,00 | 1145,009 | 60,56 | 60,56 | 2309,105 |   NaN | NaN | 0,00 | 0,00 | NaN
  39 |  3,96 | 237,824 | 753,05 | 784,14 | 757,41 |  0,00 | 1,415 | 44,35 | 44,35 |  0,00 | 2,378 | 339,85 | 339,85 |  9,16 | 792,933 | 308,29 | 339,38 |  0,00 | 1110,273 | 60,56 | 60,56 | 2239,784 |   NaN | NaN | 0,00 | 0,00 | NaN
  40 |  3,94 | 233,625 | 754,66 | 785,61 | 759,02 |  0,00 | 1,415 | 44,35 | 44,35 |  0,00 | 2,279 | 342,04 | 342,04 |  9,14 | 773,176 | 307,70 | 338,66 |  0,00 | 1172,408 | 60,56 | 60,56 | 2363,906 |   NaN | NaN | 0,00 | 0,00 | NaN
  41 |  5,51 | 249,385 | 753,51 | 797,49 | 757,86 |  0,00 | 1,398 | 44,35 | 44,35 |  0,00 | 2,340 | 342,90 | 342,90 | 12,58 | 849,825 | 305,70 | 349,67 |  0,00 | 1059,795 | 60,56 | 60,56 | 2138,672 |   NaN | NaN | 0,00 | 0,00 | NaN
  42 |  5,69 | 257,336 | 755,24 | 800,83 | 759,59 |  0,00 | 1,344 | 44,35 | 44,35 |  0,00 | 2,149 | 348,10 | 348,10 | 13,11 | 890,972 | 302,23 | 347,82 |  0,00 | 1073,863 | 60,56 | 60,56 | 2166,959 |   NaN | NaN | 0,00 | 0,00 | NaN
  43 |  5,66 | 246,520 | 754,85 | 800,16 | 759,19 |  0,00 | 1,422 | 44,35 | 44,35 |  0,00 | 2,162 | 347,42 | 347,42 | 13,03 | 843,142 | 302,51 | 347,82 |  0,00 | 1113,210 | 60,56 | 60,56 | 2245,666 |   NaN | NaN | 0,00 | 0,00 | NaN
  44 |  5,79 | 261,758 | 754,64 | 801,04 | 758,97 |  0,00 | 1,334 | 44,35 | 44,35 |  0,00 | 1,781 | 345,72 | 345,72 | 13,24 | 905,332 | 304,00 | 350,40 |  0,00 | 1053,412 | 60,56 | 60,56 | 2125,921 |   NaN | NaN | 0,00 | 0,00 | NaN
  45 |  5,26 | 248,400 | 753,65 | 795,53 | 758,02 |  0,00 | 1,418 | 44,35 | 44,35 |  0,00 | 2,096 | 349,67 | 349,67 | 12,28 | 864,491 | 299,07 | 340,95 |  0,00 | 1068,123 | 60,56 | 60,56 | 2155,468 |   NaN | NaN | 0,00 | 0,00 | NaN
  46 |  5,02 | 239,040 | 754,59 | 794,46 | 758,92 |  0,00 | 1,358 | 44,35 | 44,35 |  0,00 | 1,682 | 341,78 | 341,78 | 11,47 | 800,913 | 307,90 | 347,77 |  0,00 | 1107,688 | 60,56 | 60,56 | 2234,441 |   NaN | NaN | 0,00 | 0,00 | NaN
  47 |  4,64 | 250,512 | 755,35 | 792,10 | 759,72 |  0,00 | 1,355 | 44,35 | 44,35 |  0,00 | 1,911 | 345,63 | 345,63 | 10,76 | 861,523 | 304,81 | 341,55 |  0,00 | 1036,239 | 60,56 | 60,56 | 2091,640 |   NaN | NaN | 0,00 | 0,00 | NaN
  48 |  4,67 | 241,581 | 752,57 | 789,40 | 756,91 |  0,00 | 1,385 | 44,35 | 44,35 |  0,00 | 2,041 | 342,43 | 342,43 | 10,77 | 821,535 | 305,22 | 342,06 |  0,00 | 1052,990 | 60,56 | 60,56 | 2125,049 |   NaN | NaN | 0,00 | 0,00 | NaN
  49 |  4,43 | 252,762 | 754,56 | 789,53 | 758,93 |  0,00 | 1,397 | 44,35 | 44,35 |  0,00 | 2,480 | 343,41 | 343,41 | 10,25 | 865,513 | 306,23 | 341,20 |  0,00 | 1032,392 | 60,56 | 60,56 | 2083,953 |   NaN | NaN | 0,00 | 0,00 | NaN
  50 |  4,89 | 246,025 | 754,56 | 793,32 | 758,90 |  0,00 | 1,352 | 44,35 | 44,35 |  0,00 | 1,894 | 345,46 | 345,46 | 11,30 | 836,823 | 304,18 | 342,94 |  0,00 | 1114,774 | 60,56 | 60,56 | 2248,745 |   NaN | NaN | 0,00 | 0,00 | NaN
  51 |  5,26 | 247,118 | 754,53 | 796,45 | 758,86 |  0,00 | 1,350 | 44,35 | 44,35 |  0,00 | 1,680 | 345,12 | 345,12 | 12,10 | 845,976 | 304,50 | 346,42 |  0,00 | 1059,024 | 60,56 | 60,56 | 2137,193 |   NaN | NaN | 0,00 | 0,00 | NaN
  52 |  5,00 | 244,677 | 755,35 | 795,10 | 759,69 |  0,00 | 1,376 | 44,35 | 44,35 |  0,00 | 1,786 | 340,85 | 340,85 | 11,38 | 822,311 | 309,58 | 349,33 |  0,00 | 1068,621 | 60,56 | 60,56 | 2156,507 |   NaN | NaN | 0,00 | 0,00 | NaN
  53 |  5,13 | 254,392 | 754,53 | 795,32 | 758,85 |  0,00 | 1,363 | 44,35 | 44,35 |  0,00 | 2,435 | 345,64 | 345,64 | 11,83 | 871,696 | 303,97 | 344,76 |  0,00 | 1093,027 | 60,56 | 60,56 | 2205,233 |   NaN | NaN | 0,00 | 0,00 | NaN
  54 |  4,38 | 247,294 | 754,86 | 789,40 | 759,20 |  0,00 | 1,366 | 44,35 | 44,35 |  0,00 | 2,626 | 344,73 | 344,73 | 10,17 | 843,084 | 305,22 | 339,76 |  0,00 | 1069,052 | 60,56 | 60,56 | 2157,178 |   NaN | NaN | 0,00 | 0,00 | NaN
  55 |  4,83 | 247,349 | 754,22 | 792,48 | 758,54 |  0,00 | 1,351 | 44,35 | 44,35 |  0,00 | 1,954 | 342,67 | 342,67 | 11,09 | 832,374 | 306,64 | 344,90 |  0,00 | 1141,113 | 60,56 | 60,56 | 2301,362 |   NaN | NaN | 0,00 | 0,00 | NaN
  56 |  4,27 | 247,297 | 754,78 | 788,48 | 759,15 |  0,00 | 1,357 | 44,35 | 44,35 |  0,00 | 2,175 | 342,10 | 342,10 |  9,87 | 837,960 | 307,76 | 341,47 |  0,00 | 1055,668 | 60,56 | 60,56 | 2130,425 |   NaN | NaN | 0,00 | 0,00 | NaN
  57 |  4,93 | 235,283 | 752,35 | 791,35 | 756,67 |  0,00 | 1,354 | 44,35 | 44,35 |  0,00 | 2,941 | 341,98 | 341,98 | 11,32 | 796,642 | 305,45 | 344,46 |  0,00 | 1040,845 | 60,56 | 60,56 | 2100,677 |   NaN | NaN | 0,00 | 0,00 | NaN
  58 |  5,16 | 251,421 | 755,10 | 796,19 | 759,44 |  0,00 | 1,382 | 44,35 | 44,35 |  0,00 | 1,982 | 347,28 | 347,28 | 11,94 | 869,949 | 302,90 | 343,99 |  0,00 | 1038,548 | 60,56 | 60,56 | 2096,189 |   NaN | NaN | 0,00 | 0,00 | NaN
  59 |  5,48 | 253,053 | 755,46 | 799,25 | 759,79 |  0,00 | 1,402 | 44,35 | 44,35 |  0,00 | 1,929 | 343,77 | 343,77 | 12,49 | 848,252 | 306,77 | 350,57 |  0,00 | 1203,913 | 60,56 | 60,56 | 2426,865 |   NaN | NaN | 0,00 | 0,00 | NaN
  60 |  5,22 | 247,108 | 753,49 | 794,98 | 757,81 |  0,00 | 1,336 | 44,35 | 44,35 |  0,00 | 1,891 | 345,87 | 345,87 | 12,05 | 850,127 | 302,70 | 344,19 |  0,00 | 1059,798 | 60,56 | 60,56 | 2138,772 |   NaN | NaN | 0,00 | 0,00 | NaN
  61 |  5,53 | 251,197 | 754,33 | 798,45 | 758,68 |  0,00 | 1,359 | 44,35 | 44,35 |  0,00 | 2,187 | 346,85 | 346,85 | 12,73 | 863,050 | 302,56 | 346,68 |  0,00 | 1096,540 | 60,56 | 60,56 | 2212,182 |   NaN | NaN | 0,00 | 0,00 | NaN
  62 |  5,42 | 251,811 | 752,40 | 795,52 | 756,80 |  0,00 | 1,420 | 44,35 | 44,35 |  0,00 | 2,524 | 343,82 | 343,82 | 12,43 | 864,519 | 303,67 | 346,79 |  0,00 | 1052,488 | 60,56 | 60,56 | 2124,191 |   NaN | NaN | 0,00 | 0,00 | NaN
  63 |  5,23 | 251,090 | 753,96 | 795,53 | 758,28 |  0,00 | 1,376 | 44,35 | 44,35 |  0,00 | 2,321 | 347,53 | 347,53 | 12,12 | 860,710 | 301,52 | 343,09 |  0,00 | 1134,209 | 60,56 | 60,56 | 2287,577 |   NaN | NaN | 0,00 | 0,00 | NaN
  64 |  4,08 | 229,298 | 755,42 | 787,58 | 759,79 |  0,00 | 1,419 | 44,35 | 44,35 |  0,00 | 2,021 | 342,36 | 342,36 |  9,45 | 766,731 | 308,14 | 340,30 |  0,00 | 1069,850 | 60,56 | 60,56 | 2158,800 |   NaN | NaN | 0,00 | 0,00 | NaN

= = = = = = = = = = = = AVERAGE RESULTS system = = = = = = = = = = = =
meanPLR_system | 5,049410 
meanDelay_system | 251,450836 
meanLoad_system | 794,430323 
meanTHR_system | 754,289791 
meanGate_system | 758,635040 

meanPLR_EF_system | 0,000000 
meanPLR_AF_system | 0,000000 
meanPLR_BE_system | 11,641200 
meanPLR_FLA_system | 0,000000 
meanPLR_FLB_system | NaN 

meanTHR_EF_system | 44,352002 
meanTHR_AF_system | 344,967971 
meanTHR_BE_system | 304,406784 
meanTHR_FLA_system | 61,894177 
meanTHR_FLB_system | 0,000000 

meanLoad_EF_system | 44,352002 
meanLoad_AF_system | 344,967971 
meanLoad_BE_system | 344,547316 
meanLoad_FLA_system | 61,894177 
meanLoad_FLB_system | 0,000000 

meanDELAY_EF_system | 1,380573 
meanDELAY_AF_system | 3,040373 
meanDELAY_BE_system | 877,949260 
meanDELAY_FLA_system | 907,895224 
meanDELAY_FLB_system | NaN 
meanDELAY_CompleteFLA_system | 1834,943409 
meanDELAY_CompleteFLB_system | NaN 

= = = = = = = = = = = = AVERAGE RESULTS = = = = = = = = = = = =
Packet Loss Ratio: 05,05 (%)
PROCESSED PACKAGES: 1662775736 
DISCARTED PACKAGES: 55982446 
TOTAL PACKAGES: 1718758182 
AVERAGE DELAY: 46834,03 (ms) 
AVERAGE THROUGHPUT: 754,29 (Mbps) 
GRANTED THROUGHPUT: 48552,64 (Mbps) By 64 ONUs
EFFECTIVE THROUGHPUT: 48274,55 (Mbps) By 64 ONUs
TOTAL LOAD: 50843,54 (Mbps) By 64 ONUs
ON Arrival THROUGHPUT: 0,00 (Mbps) By 64 ONUs
FINISHTIMEFL: 136,491030 
FINISHTIME: 139,491030 


fileName | IPACT_LEAKYBUCKET_2_40_92_0 
