
ONU ID 	|  PLR(%) | Delay(ms) | Throughput(Mbps) | Granted Throughput(Mbps) | Total Load (Mbps) 

  ID |  PLR(%) |  D  | Thr |  Gates  |  Load  | PLR-EF | D-EF | ThrEF | LoadEF | PLR-AF | D-AF | ThrAF | LoadAF | PLR-BE | D-BE | ThrBE | LoadBE | PLR-FA | D-FA | ThrFA | LoadFA | DTFA |  PLR-FB | D-FB | ThrFB | LoadFB | DTFB | 
   1 | 12,24 | 297,909 | 752,56 | 857,47 | 757,81 |  0,00 | 1,408 | 44,35 | 44,35 |  0,00 | 52,751 | 350,80 | 350,80 | 30,86 | 1342,437 | 235,05 | 339,96 |  0,00 | 139,130 | 122,36 | 122,36 | 298,434 |   NaN | NaN | 0,00 | 0,00 | NaN
   2 | 12,06 | 289,572 | 753,29 | 856,56 | 758,66 |  0,00 | 1,420 | 44,35 | 44,35 |  0,00 | 53,430 | 343,48 | 343,48 | 29,82 | 1260,195 | 243,09 | 346,37 |  0,00 | 139,054 | 122,36 | 122,36 | 298,337 |   NaN | NaN | 0,00 | 0,00 | NaN
   3 | 12,53 | 294,688 | 753,48 | 861,39 | 758,73 |  0,00 | 1,356 | 44,35 | 44,35 |  0,00 | 57,750 | 348,74 | 348,74 | 31,19 | 1304,740 | 238,03 | 345,94 |  0,00 | 139,025 | 122,36 | 122,36 | 298,314 |   NaN | NaN | 0,00 | 0,00 | NaN
   4 | 12,69 | 293,797 | 752,92 | 862,36 | 758,24 |  0,00 | 1,362 | 44,35 | 44,35 |  0,00 | 58,251 | 352,63 | 352,63 | 31,91 | 1322,598 | 233,57 | 343,01 |  0,00 | 139,066 | 122,36 | 122,36 | 298,372 |   NaN | NaN | 0,00 | 0,00 | NaN
   5 | 11,66 | 293,532 | 754,26 | 853,86 | 759,58 |  0,00 | 1,387 | 44,35 | 44,35 |  0,00 | 58,824 | 345,04 | 345,04 | 29,11 | 1275,164 | 242,50 | 342,10 |  0,00 | 138,906 | 122,36 | 122,36 | 298,159 |   NaN | NaN | 0,00 | 0,00 | NaN
   6 | 12,44 | 294,653 | 754,83 | 862,06 | 760,11 |  0,00 | 1,336 | 44,35 | 44,35 |  0,00 | 53,280 | 348,72 | 348,72 | 30,93 | 1304,731 | 239,40 | 346,63 |  0,00 | 139,006 | 122,36 | 122,36 | 298,285 |   NaN | NaN | 0,00 | 0,00 | NaN
   7 | 11,99 | 296,929 | 754,02 | 856,76 | 759,30 |  0,00 | 1,354 | 44,35 | 44,35 |  0,00 | 52,804 | 345,45 | 345,45 | 29,82 | 1303,363 | 241,85 | 344,60 |  0,00 | 139,003 | 122,36 | 122,36 | 298,307 |   NaN | NaN | 0,00 | 0,00 | NaN
   8 | 12,70 | 299,202 | 752,42 | 861,86 | 757,77 |  0,00 | 1,404 | 44,35 | 44,35 |  0,00 | 52,118 | 345,63 | 345,63 | 31,31 | 1322,388 | 240,08 | 349,52 |  0,00 | 139,097 | 122,36 | 122,36 | 298,371 |   NaN | NaN | 0,00 | 0,00 | NaN
   9 | 12,16 | 296,347 | 755,02 | 859,53 | 760,33 |  0,00 | 1,344 | 44,35 | 44,35 |  0,00 | 57,727 | 348,66 | 348,66 | 30,36 | 1305,684 | 239,65 | 344,15 |  0,00 | 138,989 | 122,36 | 122,36 | 298,280 |   NaN | NaN | 0,00 | 0,00 | NaN
  10 | 11,92 | 295,217 | 754,99 | 857,13 | 760,30 |  0,00 | 1,405 | 44,35 | 44,35 |  0,00 | 58,957 | 346,51 | 346,51 | 29,70 | 1286,994 | 241,77 | 343,91 |  0,00 | 139,124 | 122,36 | 122,36 | 298,428 |   NaN | NaN | 0,00 | 0,00 | NaN
  11 | 11,28 | 292,120 | 753,25 | 849,07 | 758,50 |  0,00 | 1,344 | 44,35 | 44,35 |  0,00 | 53,561 | 338,76 | 338,76 | 27,89 | 1249,110 | 247,78 | 343,59 |  0,00 | 138,923 | 122,36 | 122,36 | 298,088 |   NaN | NaN | 0,00 | 0,00 | NaN
  12 | 12,30 | 299,316 | 754,68 | 860,49 | 760,03 |  0,00 | 1,407 | 44,35 | 44,35 |  0,00 | 55,035 | 346,23 | 346,23 | 30,44 | 1312,544 | 241,74 | 347,54 |  0,00 | 139,083 | 122,36 | 122,36 | 298,361 |   NaN | NaN | 0,00 | 0,00 | NaN
  13 | 11,33 | 294,676 | 753,65 | 849,93 | 758,92 |  0,00 | 1,371 | 44,35 | 44,35 |  0,00 | 57,628 | 340,74 | 340,74 | 28,11 | 1263,497 | 246,20 | 342,47 |  0,00 | 139,044 | 122,36 | 122,36 | 298,330 |   NaN | NaN | 0,00 | 0,00 | NaN
  14 | 12,58 | 296,104 | 753,72 | 862,20 | 759,02 |  0,00 | 1,413 | 44,35 | 44,35 |  0,00 | 56,421 | 348,38 | 348,38 | 31,25 | 1309,969 | 238,63 | 347,11 |  0,00 | 139,029 | 122,36 | 122,36 | 298,286 |   NaN | NaN | 0,00 | 0,00 | NaN
  15 | 11,89 | 297,262 | 752,79 | 854,34 | 758,06 |  0,00 | 1,407 | 44,35 | 44,35 |  0,00 | 58,345 | 341,16 | 341,16 | 29,31 | 1279,996 | 244,92 | 346,47 |  0,00 | 139,093 | 122,36 | 122,36 | 298,383 |   NaN | NaN | 0,00 | 0,00 | NaN
  16 | 12,75 | 299,187 | 754,34 | 864,53 | 759,67 |  0,00 | 1,398 | 44,35 | 44,35 |  0,00 | 56,079 | 346,52 | 346,52 | 31,37 | 1313,621 | 241,11 | 351,30 |  0,00 | 139,110 | 122,36 | 122,36 | 298,405 |   NaN | NaN | 0,00 | 0,00 | NaN
  17 | 12,27 | 296,573 | 753,78 | 859,18 | 759,12 |  0,00 | 1,411 | 44,35 | 44,35 |  0,00 | 52,582 | 345,45 | 345,45 | 30,37 | 1302,817 | 241,62 | 347,02 |  0,00 | 139,116 | 122,36 | 122,36 | 298,386 |   NaN | NaN | 0,00 | 0,00 | NaN
  18 | 12,03 | 295,121 | 754,04 | 857,19 | 759,35 |  0,00 | 1,388 | 44,35 | 44,35 |  0,00 | 53,172 | 344,88 | 344,88 | 29,85 | 1291,307 | 242,44 | 345,59 |  0,00 | 138,468 | 122,36 | 122,36 | 297,588 |   NaN | NaN | 0,00 | 0,00 | NaN
  19 | 11,30 | 293,877 | 754,79 | 850,96 | 760,10 |  0,00 | 1,379 | 44,35 | 44,35 |  0,00 | 59,743 | 340,13 | 340,13 | 27,95 | 1249,478 | 247,95 | 344,12 |  0,00 | 138,955 | 122,36 | 122,36 | 298,112 |   NaN | NaN | 0,00 | 0,00 | NaN
  20 | 11,48 | 291,642 | 754,25 | 852,07 | 759,57 |  0,00 | 1,374 | 44,35 | 44,35 |  0,00 | 55,780 | 344,88 | 344,88 | 28,73 | 1270,084 | 242,66 | 340,47 |  0,00 | 138,886 | 122,36 | 122,36 | 298,057 |   NaN | NaN | 0,00 | 0,00 | NaN
  21 | 11,12 | 288,304 | 751,92 | 846,02 | 757,23 |  0,00 | 1,379 | 44,35 | 44,35 |  0,00 | 55,485 | 340,80 | 340,80 | 27,80 | 1243,158 | 244,40 | 338,50 |  0,00 | 139,070 | 122,36 | 122,36 | 298,378 |   NaN | NaN | 0,00 | 0,00 | NaN
  22 | 12,66 | 298,129 | 754,55 | 863,90 | 759,85 |  0,00 | 1,417 | 44,35 | 44,35 |  0,00 | 60,763 | 353,80 | 353,80 | 31,84 | 1339,119 | 234,04 | 343,39 |  0,00 | 139,042 | 122,36 | 122,36 | 298,289 |   NaN | NaN | 0,00 | 0,00 | NaN
  23 | 12,49 | 293,747 | 753,00 | 860,45 | 758,32 |  0,00 | 1,399 | 44,35 | 44,35 |  0,00 | 59,086 | 347,01 | 347,01 | 30,99 | 1291,153 | 239,28 | 346,73 |  0,00 | 139,022 | 122,36 | 122,36 | 298,162 |   NaN | NaN | 0,00 | 0,00 | NaN
  24 | 12,24 | 298,664 | 754,06 | 859,25 | 759,40 |  0,00 | 1,361 | 44,35 | 44,35 |  0,00 | 54,130 | 345,61 | 345,61 | 30,32 | 1310,041 | 241,74 | 346,92 |  0,00 | 139,074 | 122,36 | 122,36 | 298,361 |   NaN | NaN | 0,00 | 0,00 | NaN
  25 | 13,34 | 299,071 | 753,23 | 869,18 | 758,59 |  0,00 | 1,418 | 44,35 | 44,35 |  0,00 | 57,141 | 345,62 | 345,62 | 32,49 | 1311,021 | 240,90 | 356,85 |  0,00 | 139,097 | 122,36 | 122,36 | 298,390 |   NaN | NaN | 0,00 | 0,00 | NaN
  26 | 11,87 | 291,685 | 754,31 | 855,94 | 759,64 |  0,00 | 1,415 | 44,35 | 44,35 |  0,00 | 57,436 | 343,84 | 343,84 | 29,42 | 1261,999 | 243,76 | 345,38 |  0,00 | 139,075 | 122,36 | 122,36 | 298,377 |   NaN | NaN | 0,00 | 0,00 | NaN
  27 | 11,25 | 295,397 | 754,60 | 850,22 | 759,90 |  0,00 | 1,341 | 44,35 | 44,35 |  0,00 | 57,705 | 344,97 | 344,97 | 28,24 | 1283,912 | 242,92 | 338,54 |  0,00 | 138,121 | 122,36 | 122,36 | 297,125 |   NaN | NaN | 0,00 | 0,00 | NaN
  28 | 11,57 | 294,741 | 752,60 | 851,04 | 757,91 |  0,00 | 1,408 | 44,35 | 44,35 |  0,00 | 53,700 | 344,63 | 344,63 | 28,98 | 1293,074 | 241,26 | 339,70 |  0,00 | 139,014 | 122,36 | 122,36 | 298,148 |   NaN | NaN | 0,00 | 0,00 | NaN
  29 | 12,16 | 294,395 | 755,26 | 859,82 | 760,56 |  0,00 | 1,387 | 44,35 | 44,35 |  0,00 | 59,950 | 347,63 | 347,63 | 30,27 | 1286,618 | 240,91 | 345,47 |  0,00 | 138,973 | 122,36 | 122,36 | 298,130 |   NaN | NaN | 0,00 | 0,00 | NaN
  30 | 11,07 | 298,225 | 754,75 | 848,70 | 760,08 |  0,00 | 1,417 | 44,35 | 44,35 |  0,00 | 58,537 | 339,53 | 339,53 | 27,44 | 1268,590 | 248,50 | 342,46 |  0,00 | 138,942 | 122,36 | 122,36 | 298,106 |   NaN | NaN | 0,00 | 0,00 | NaN
  31 | 11,86 | 295,988 | 753,11 | 854,41 | 758,40 |  0,00 | 1,384 | 44,35 | 44,35 |  0,00 | 56,815 | 344,00 | 344,00 | 29,47 | 1289,273 | 242,39 | 343,69 |  0,00 | 138,972 | 122,36 | 122,36 | 298,105 |   NaN | NaN | 0,00 | 0,00 | NaN
  32 | 11,48 | 293,815 | 753,67 | 851,38 | 758,91 |  0,00 | 1,341 | 44,35 | 44,35 |  0,00 | 56,169 | 341,15 | 341,15 | 28,44 | 1263,718 | 245,80 | 343,52 |  0,00 | 138,936 | 122,36 | 122,36 | 298,108 |   NaN | NaN | 0,00 | 0,00 | NaN
  33 | 11,50 | 292,567 | 755,50 | 853,71 | 760,81 |  0,00 | 1,406 | 44,35 | 44,35 |  0,00 | 53,579 | 340,76 | 340,76 | 28,37 | 1252,070 | 248,02 | 346,23 |  0,00 | 139,035 | 122,36 | 122,36 | 298,199 |   NaN | NaN | 0,00 | 0,00 | NaN
  34 | 10,90 | 293,913 | 754,40 | 846,68 | 759,69 |  0,00 | 1,397 | 44,35 | 44,35 |  0,00 | 58,795 | 342,75 | 342,75 | 27,36 | 1265,391 | 244,94 | 337,22 |  0,00 | 137,745 | 122,36 | 122,36 | 296,391 |   NaN | NaN | 0,00 | 0,00 | NaN
  35 | 12,21 | 292,280 | 755,69 | 860,79 | 761,00 |  0,00 | 1,346 | 44,35 | 44,35 |  0,00 | 53,344 | 347,46 | 347,46 | 30,32 | 1284,144 | 241,52 | 346,61 |  0,00 | 137,188 | 122,36 | 122,36 | 294,650 |   NaN | NaN | 0,00 | 0,00 | NaN
  36 | 11,36 | 294,777 | 754,74 | 851,45 | 760,07 |  0,00 | 1,400 | 44,35 | 44,35 |  0,00 | 53,389 | 338,75 | 338,75 | 27,95 | 1256,080 | 249,28 | 345,99 |  0,00 | 138,332 | 122,36 | 122,36 | 297,379 |   NaN | NaN | 0,00 | 0,00 | NaN
  37 | 12,65 | 297,592 | 754,92 | 864,23 | 760,22 |  0,00 | 1,382 | 44,35 | 44,35 |  0,00 | 54,953 | 351,21 | 351,21 | 31,56 | 1329,735 | 236,99 | 346,30 |  0,00 | 138,981 | 122,36 | 122,36 | 298,136 |   NaN | NaN | 0,00 | 0,00 | NaN
  38 | 11,72 | 291,295 | 755,31 | 855,63 | 760,62 |  0,00 | 1,374 | 44,35 | 44,35 |  0,00 | 60,548 | 346,91 | 346,91 | 29,33 | 1267,075 | 241,68 | 342,00 |  0,00 | 138,867 | 122,36 | 122,36 | 298,034 |   NaN | NaN | 0,00 | 0,00 | NaN
  39 | 11,28 | 297,038 | 752,74 | 848,41 | 758,06 |  0,00 | 1,417 | 44,35 | 44,35 |  0,00 | 59,558 | 341,89 | 341,89 | 28,15 | 1281,112 | 244,13 | 339,80 |  0,00 | 138,898 | 122,36 | 122,36 | 298,059 |   NaN | NaN | 0,00 | 0,00 | NaN
  40 | 11,38 | 292,045 | 753,40 | 850,11 | 758,74 |  0,00 | 1,417 | 44,35 | 44,35 |  0,00 | 53,735 | 342,09 | 342,09 | 28,33 | 1264,663 | 244,59 | 341,30 |  0,00 | 138,482 | 122,36 | 122,36 | 297,579 |   NaN | NaN | 0,00 | 0,00 | NaN
  41 | 12,60 | 298,188 | 752,56 | 861,08 | 757,84 |  0,00 | 1,400 | 44,35 | 44,35 |  0,00 | 59,403 | 344,62 | 344,62 | 31,03 | 1300,616 | 241,22 | 349,74 |  0,00 | 138,997 | 122,36 | 122,36 | 298,164 |   NaN | NaN | 0,00 | 0,00 | NaN
  42 | 12,35 | 297,826 | 752,46 | 858,50 | 757,76 |  0,00 | 1,346 | 44,35 | 44,35 |  0,00 | 57,468 | 344,74 | 344,74 | 30,55 | 1303,344 | 241,01 | 347,05 |  0,00 | 138,912 | 122,36 | 122,36 | 298,058 |   NaN | NaN | 0,00 | 0,00 | NaN
  43 | 12,43 | 298,285 | 753,85 | 860,83 | 759,17 |  0,00 | 1,424 | 44,35 | 44,35 |  0,00 | 54,095 | 345,77 | 345,77 | 30,71 | 1309,895 | 241,36 | 348,34 |  0,00 | 138,974 | 122,36 | 122,36 | 298,126 |   NaN | NaN | 0,00 | 0,00 | NaN
  44 | 12,71 | 297,422 | 753,91 | 863,69 | 759,12 |  0,00 | 1,337 | 44,35 | 44,35 |  0,00 | 59,274 | 346,05 | 346,05 | 31,28 | 1299,242 | 241,15 | 350,93 |  0,00 | 138,957 | 122,36 | 122,36 | 298,126 |   NaN | NaN | 0,00 | 0,00 | NaN
  45 | 12,46 | 297,987 | 753,74 | 861,03 | 759,09 |  0,00 | 1,421 | 44,35 | 44,35 |  0,00 | 55,540 | 352,90 | 352,90 | 31,42 | 1345,264 | 234,13 | 341,42 |  0,00 | 139,020 | 122,36 | 122,36 | 298,188 |   NaN | NaN | 0,00 | 0,00 | NaN
  46 | 11,69 | 290,676 | 752,63 | 852,22 | 757,93 |  0,00 | 1,360 | 44,35 | 44,35 |  0,00 | 52,289 | 339,49 | 339,49 | 28,78 | 1250,206 | 246,42 | 346,01 |  0,00 | 138,862 | 122,36 | 122,36 | 298,025 |   NaN | NaN | 0,00 | 0,00 | NaN
  47 | 11,01 | 294,826 | 755,12 | 848,50 | 760,42 |  0,00 | 1,358 | 44,35 | 44,35 |  0,00 | 55,834 | 344,23 | 344,23 | 27,66 | 1278,307 | 244,18 | 337,56 |  0,00 | 138,916 | 122,36 | 122,36 | 298,071 |   NaN | NaN | 0,00 | 0,00 | NaN
  48 | 11,37 | 288,011 | 752,44 | 848,96 | 757,74 |  0,00 | 1,387 | 44,35 | 44,35 |  0,00 | 54,241 | 340,71 | 340,71 | 28,26 | 1241,860 | 245,02 | 341,54 |  0,00 | 138,963 | 122,36 | 122,36 | 298,119 |   NaN | NaN | 0,00 | 0,00 | NaN
  49 | 11,08 | 294,742 | 754,24 | 848,20 | 759,56 |  0,00 | 1,400 | 44,35 | 44,35 |  0,00 | 54,817 | 340,51 | 340,51 | 27,55 | 1264,214 | 247,02 | 340,97 |  0,00 | 139,053 | 122,36 | 122,36 | 298,195 |   NaN | NaN | 0,00 | 0,00 | NaN
  50 | 11,77 | 296,817 | 754,04 | 854,65 | 759,27 |  0,00 | 1,354 | 44,35 | 44,35 |  0,00 | 57,358 | 346,33 | 346,33 | 29,45 | 1300,186 | 241,00 | 341,61 |  0,00 | 138,970 | 122,36 | 122,36 | 298,120 |   NaN | NaN | 0,00 | 0,00 | NaN
  51 | 11,47 | 295,333 | 753,39 | 851,04 | 758,69 |  0,00 | 1,352 | 44,35 | 44,35 |  0,00 | 59,658 | 340,71 | 340,71 | 28,42 | 1264,269 | 245,97 | 343,62 |  0,00 | 138,932 | 122,36 | 122,36 | 298,087 |   NaN | NaN | 0,00 | 0,00 | NaN
  52 | 11,78 | 297,540 | 753,59 | 854,23 | 758,87 |  0,00 | 1,378 | 44,35 | 44,35 |  0,00 | 54,633 | 340,62 | 340,62 | 29,01 | 1280,184 | 246,26 | 346,90 |  0,00 | 138,976 | 122,36 | 122,36 | 298,140 |   NaN | NaN | 0,00 | 0,00 | NaN
  53 | 12,09 | 301,394 | 753,58 | 857,21 | 758,87 |  0,00 | 1,366 | 44,35 | 44,35 |  0,00 | 53,139 | 343,43 | 343,43 | 29,86 | 1314,889 | 243,43 | 347,07 |  0,00 | 138,952 | 122,36 | 122,36 | 298,096 |   NaN | NaN | 0,00 | 0,00 | NaN
  54 | 11,11 | 295,468 | 754,29 | 848,53 | 759,57 |  0,00 | 1,368 | 44,35 | 44,35 |  0,00 | 60,840 | 344,73 | 344,73 | 27,96 | 1279,987 | 242,84 | 337,09 |  0,00 | 138,949 | 122,36 | 122,36 | 298,107 |   NaN | NaN | 0,00 | 0,00 | NaN
  55 | 11,69 | 297,482 | 755,28 | 855,28 | 760,58 |  0,00 | 1,353 | 44,35 | 44,35 |  0,00 | 53,862 | 342,84 | 342,84 | 28,92 | 1286,215 | 245,73 | 345,73 |  0,00 | 138,690 | 122,36 | 122,36 | 297,831 |   NaN | NaN | 0,00 | 0,00 | NaN
  56 | 11,31 | 291,622 | 752,46 | 848,37 | 757,69 |  0,00 | 1,359 | 44,35 | 44,35 |  0,00 | 54,474 | 342,66 | 342,66 | 28,29 | 1267,780 | 243,08 | 339,00 |  0,00 | 138,889 | 122,36 | 122,36 | 298,066 |   NaN | NaN | 0,00 | 0,00 | NaN
  57 | 11,52 | 291,991 | 754,80 | 853,13 | 760,05 |  0,00 | 1,356 | 44,35 | 44,35 |  0,00 | 56,147 | 342,36 | 342,36 | 28,58 | 1256,741 | 245,73 | 344,05 |  0,00 | 139,013 | 122,36 | 122,36 | 298,172 |   NaN | NaN | 0,00 | 0,00 | NaN
  58 | 11,93 | 295,393 | 753,51 | 855,59 | 758,76 |  0,00 | 1,385 | 44,35 | 44,35 |  0,00 | 53,555 | 345,70 | 345,70 | 29,75 | 1298,231 | 241,09 | 343,18 |  0,00 | 138,985 | 122,36 | 122,36 | 298,132 |   NaN | NaN | 0,00 | 0,00 | NaN
  59 | 12,26 | 295,469 | 755,82 | 861,41 | 761,14 |  0,00 | 1,404 | 44,35 | 44,35 |  0,00 | 54,079 | 343,49 | 343,49 | 30,06 | 1277,146 | 245,62 | 351,21 |  0,00 | 138,363 | 122,36 | 122,36 | 297,416 |   NaN | NaN | 0,00 | 0,00 | NaN
  60 | 11,85 | 294,966 | 754,29 | 855,72 | 759,59 |  0,00 | 1,339 | 44,35 | 44,35 |  0,00 | 59,130 | 345,44 | 345,44 | 29,52 | 1283,403 | 242,13 | 343,56 |  0,00 | 138,924 | 122,36 | 122,36 | 298,080 |   NaN | NaN | 0,00 | 0,00 | NaN
  61 | 12,45 | 299,127 | 753,83 | 861,05 | 759,15 |  0,00 | 1,361 | 44,35 | 44,35 |  0,00 | 54,966 | 347,86 | 347,86 | 30,95 | 1324,177 | 239,26 | 346,47 |  0,00 | 138,894 | 122,36 | 122,36 | 298,053 |   NaN | NaN | 0,00 | 0,00 | NaN
  62 | 12,19 | 293,836 | 753,32 | 857,92 | 758,65 |  0,00 | 1,423 | 44,35 | 44,35 |  0,00 | 57,170 | 344,57 | 344,57 | 30,18 | 1279,910 | 242,03 | 346,64 |  0,00 | 139,024 | 122,36 | 122,36 | 298,203 |   NaN | NaN | 0,00 | 0,00 | NaN
  63 | 12,16 | 294,856 | 754,71 | 859,20 | 760,02 |  0,00 | 1,378 | 44,35 | 44,35 |  0,00 | 55,301 | 348,73 | 348,73 | 30,40 | 1303,437 | 239,26 | 343,76 |  0,00 | 138,841 | 122,36 | 122,36 | 298,011 |   NaN | NaN | 0,00 | 0,00 | NaN
  64 | 11,12 | 293,161 | 754,66 | 849,11 | 760,00 |  0,00 | 1,421 | 44,35 | 44,35 |  0,00 | 56,996 | 342,23 | 342,23 | 27,77 | 1260,274 | 245,72 | 340,17 |  0,00 | 139,024 | 122,36 | 122,36 | 298,189 |   NaN | NaN | 0,00 | 0,00 | NaN

= = = = = = = = = = = = AVERAGE RESULTS system = = = = = = = = = = = =
meanPLR_system | 11,907623 
meanDelay_system | 295,215815 
meanLoad_system | 855,870084 
meanTHR_system | 753,927468 
meanGate_system | 759,228950 

meanPLR_EF_system | 0,000000 
meanPLR_AF_system | 0,000000 
meanPLR_BE_system | 29,590074 
meanPLR_FLA_system | 0,000000 
meanPLR_FLB_system | NaN 

meanTHR_EF_system | 44,352004 
meanTHR_AF_system | 344,749003 
meanTHR_BE_system | 242,464808 
meanTHR_FLA_system | 125,571277 
meanTHR_FLB_system | 0,000000 

meanLoad_EF_system | 44,352004 
meanLoad_AF_system | 344,749003 
meanLoad_BE_system | 344,407424 
meanLoad_FLA_system | 125,571277 
meanLoad_FLB_system | 0,000000 

meanDELAY_EF_system | 1,382869 
meanDELAY_AF_system | 56,145680 
meanDELAY_BE_system | 1287,225623 
meanDELAY_FLA_system | 138,891455 
meanDELAY_FLB_system | NaN 
meanDELAY_CompleteFLA_system | 298,049444 
meanDELAY_CompleteFLB_system | NaN 

= = = = = = = = = = = = AVERAGE RESULTS = = = = = = = = = = = =
Packet Loss Ratio: 11,91 (%)
PROCESSED PACKAGES: 1364581060 
DISCARTED PACKAGES: 119866404 
TOTAL PACKAGES: 1484447464 
AVERAGE DELAY: 53629,26 (ms) 
AVERAGE THROUGHPUT: 753,93 (Mbps) 
GRANTED THROUGHPUT: 48590,65 (Mbps) By 64 ONUs
EFFECTIVE THROUGHPUT: 48251,36 (Mbps) By 64 ONUs
TOTAL LOAD: 54775,69 (Mbps) By 64 ONUs
ON Arrival THROUGHPUT: 0,00 (Mbps) By 64 ONUs
FINISHTIMEFL: 114,370104 
FINISHTIME: 117,370104 


fileName | IPACT_STRICTPRIORITY_1_68_92_0 
