
ONU ID 	|  PLR(%) | Delay(ms) | Throughput(Mbps) | Granted Throughput(Mbps) | Total Load (Mbps) 

  ID |  PLR(%) |  D  | Thr |  Gates  |  Load  | PLR-EF | D-EF | ThrEF | LoadEF | PLR-AF | D-AF | ThrAF | LoadAF | PLR-BE | D-BE | ThrBE | LoadBE | PLR-FA | D-FA | ThrFA | LoadFA | DTFA |  PLR-FB | D-FB | ThrFB | LoadFB | DTFB | 
   1 |  8,81 | 293,440 | 754,64 | 827,50 | 759,45 |  0,00 | 1,407 | 44,35 | 44,35 |  0,00 | 28,887 | 366,35 | 366,35 | 20,58 | 1179,247 | 281,16 | 354,02 |  0,00 | 139,096 | 62,78 | 62,78 | 298,409 |   NaN | NaN | 0,00 | 0,00 | NaN
   2 |  8,96 | 287,205 | 754,12 | 828,36 | 759,00 |  0,00 | 1,418 | 44,35 | 44,35 |  0,00 | 31,762 | 360,59 | 360,59 | 20,59 | 1128,463 | 286,40 | 360,64 |  0,00 | 139,090 | 62,78 | 62,78 | 298,398 |   NaN | NaN | 0,00 | 0,00 | NaN
   3 |  8,92 | 290,139 | 754,61 | 828,48 | 759,44 |  0,00 | 1,355 | 44,35 | 44,35 |  0,00 | 28,476 | 361,32 | 361,32 | 20,52 | 1145,874 | 286,16 | 360,03 |  0,00 | 139,083 | 62,78 | 62,78 | 298,384 |   NaN | NaN | 0,00 | 0,00 | NaN
   4 |  9,59 | 300,090 | 755,08 | 835,16 | 759,91 |  0,00 | 1,360 | 44,35 | 44,35 |  0,00 | 32,003 | 367,20 | 367,20 | 22,19 | 1205,271 | 280,74 | 360,82 |  0,00 | 139,078 | 62,78 | 62,78 | 298,372 |   NaN | NaN | 0,00 | 0,00 | NaN
   5 |  8,61 | 283,892 | 754,02 | 825,06 | 758,85 |  0,00 | 1,386 | 44,35 | 44,35 |  0,00 | 35,065 | 360,03 | 360,03 | 19,85 | 1108,312 | 286,86 | 357,89 |  0,00 | 139,043 | 62,78 | 62,78 | 298,313 |   NaN | NaN | 0,00 | 0,00 | NaN
   6 |  9,37 | 293,486 | 755,57 | 833,71 | 760,36 |  0,00 | 1,335 | 44,35 | 44,35 |  0,00 | 32,166 | 364,28 | 364,28 | 21,57 | 1163,857 | 284,16 | 362,30 |  0,00 | 138,993 | 62,78 | 62,78 | 298,281 |   NaN | NaN | 0,00 | 0,00 | NaN
   7 |  8,93 | 294,990 | 754,97 | 829,01 | 759,79 |  0,00 | 1,353 | 44,35 | 44,35 |  0,00 | 31,663 | 362,08 | 362,08 | 20,58 | 1163,927 | 285,76 | 359,79 |  0,00 | 139,057 | 62,78 | 62,78 | 298,337 |   NaN | NaN | 0,00 | 0,00 | NaN
   8 |  9,23 | 293,760 | 754,89 | 831,67 | 759,72 |  0,00 | 1,403 | 44,35 | 44,35 |  0,00 | 32,953 | 359,37 | 359,37 | 21,03 | 1146,783 | 288,40 | 365,18 |  0,00 | 139,098 | 62,78 | 62,78 | 298,376 |   NaN | NaN | 0,00 | 0,00 | NaN
   9 |  9,19 | 297,030 | 754,86 | 831,23 | 759,69 |  0,00 | 1,343 | 44,35 | 44,35 |  0,00 | 32,199 | 364,40 | 364,40 | 21,23 | 1181,238 | 283,33 | 359,70 |  0,00 | 139,063 | 62,78 | 62,78 | 298,343 |   NaN | NaN | 0,00 | 0,00 | NaN
  10 |  8,83 | 288,532 | 755,43 | 828,61 | 760,26 |  0,00 | 1,404 | 44,35 | 44,35 |  0,00 | 27,726 | 361,20 | 361,20 | 20,31 | 1137,624 | 287,10 | 360,27 |  0,00 | 139,074 | 62,78 | 62,78 | 298,351 |   NaN | NaN | 0,00 | 0,00 | NaN
  11 |  8,32 | 291,793 | 754,09 | 822,52 | 758,89 |  0,00 | 1,344 | 44,35 | 44,35 |  0,00 | 29,541 | 353,59 | 353,59 | 18,92 | 1123,787 | 293,37 | 361,80 |  0,00 | 138,878 | 62,78 | 62,78 | 298,112 |   NaN | NaN | 0,00 | 0,00 | NaN
  12 |  8,90 | 291,242 | 754,90 | 828,67 | 759,74 |  0,00 | 1,406 | 44,35 | 44,35 |  0,00 | 29,357 | 361,63 | 361,63 | 20,50 | 1150,203 | 286,13 | 359,90 |  0,00 | 139,060 | 62,78 | 62,78 | 298,360 |   NaN | NaN | 0,00 | 0,00 | NaN
  13 |  7,71 | 283,265 | 754,37 | 817,42 | 759,21 |  0,00 | 1,370 | 44,35 | 44,35 |  0,00 | 29,363 | 355,53 | 355,53 | 17,77 | 1095,904 | 291,72 | 354,76 |  0,00 | 139,000 | 62,78 | 62,78 | 298,298 |   NaN | NaN | 0,00 | 0,00 | NaN
  14 |  9,23 | 290,712 | 754,46 | 831,20 | 759,30 |  0,00 | 1,412 | 44,35 | 44,35 |  0,00 | 26,095 | 361,86 | 361,86 | 21,19 | 1153,935 | 285,46 | 362,21 |  0,00 | 139,099 | 62,78 | 62,78 | 298,379 |   NaN | NaN | 0,00 | 0,00 | NaN
  15 |  8,48 | 289,121 | 753,69 | 823,48 | 758,54 |  0,00 | 1,406 | 44,35 | 44,35 |  0,00 | 28,376 | 355,61 | 355,61 | 19,35 | 1122,637 | 290,95 | 360,74 |  0,00 | 139,035 | 62,78 | 62,78 | 298,327 |   NaN | NaN | 0,00 | 0,00 | NaN
  16 |  9,42 | 299,710 | 754,35 | 832,80 | 759,18 |  0,00 | 1,397 | 44,35 | 44,35 |  0,00 | 28,868 | 360,37 | 360,37 | 21,48 | 1182,132 | 286,85 | 365,30 |  0,00 | 139,115 | 62,78 | 62,78 | 298,409 |   NaN | NaN | 0,00 | 0,00 | NaN
  17 |  9,33 | 296,692 | 753,60 | 831,11 | 758,45 |  0,00 | 1,410 | 44,35 | 44,35 |  0,00 | 30,989 | 361,37 | 361,37 | 21,38 | 1172,680 | 285,10 | 362,61 |  0,00 | 139,121 | 62,78 | 62,78 | 298,420 |   NaN | NaN | 0,00 | 0,00 | NaN
  18 |  8,91 | 301,878 | 754,33 | 828,09 | 759,14 |  0,00 | 1,387 | 44,35 | 44,35 |  0,00 | 30,249 | 358,86 | 358,86 | 20,37 | 1183,187 | 288,34 | 362,10 |  0,00 | 138,804 | 62,78 | 62,78 | 297,928 |   NaN | NaN | 0,00 | 0,00 | NaN
  19 |  7,98 | 288,030 | 755,02 | 820,47 | 759,85 |  0,00 | 1,377 | 44,35 | 44,35 |  0,00 | 31,499 | 355,12 | 355,12 | 18,27 | 1109,304 | 292,77 | 358,22 |  0,00 | 139,114 | 62,78 | 62,78 | 298,398 |   NaN | NaN | 0,00 | 0,00 | NaN
  20 |  8,26 | 286,129 | 755,76 | 823,80 | 760,57 |  0,00 | 1,373 | 44,35 | 44,35 |  0,00 | 28,285 | 362,82 | 362,82 | 19,23 | 1131,971 | 285,80 | 353,85 |  0,00 | 138,883 | 62,78 | 62,78 | 298,064 |   NaN | NaN | 0,00 | 0,00 | NaN
  21 |  7,73 | 283,465 | 754,14 | 817,32 | 758,97 |  0,00 | 1,378 | 44,35 | 44,35 |  0,00 | 31,441 | 355,83 | 355,83 | 17,83 | 1095,668 | 291,18 | 354,36 |  0,00 | 139,088 | 62,78 | 62,78 | 298,385 |   NaN | NaN | 0,00 | 0,00 | NaN
  22 |  9,66 | 296,400 | 754,73 | 835,41 | 759,58 |  0,00 | 1,416 | 44,35 | 44,35 |  0,00 | 28,204 | 369,82 | 369,82 | 22,51 | 1206,899 | 277,77 | 358,46 |  0,00 | 139,106 | 62,78 | 62,78 | 298,393 |   NaN | NaN | 0,00 | 0,00 | NaN
  23 |  9,26 | 299,100 | 754,69 | 831,69 | 759,51 |  0,00 | 1,398 | 44,35 | 44,35 |  0,00 | 26,299 | 364,28 | 364,28 | 21,37 | 1197,437 | 283,28 | 360,28 |  0,00 | 139,002 | 62,78 | 62,78 | 298,305 |   NaN | NaN | 0,00 | 0,00 | NaN
  24 |  8,80 | 291,027 | 754,94 | 827,75 | 759,73 |  0,00 | 1,360 | 44,35 | 44,35 |  0,00 | 34,686 | 359,48 | 359,48 | 20,16 | 1133,707 | 288,33 | 361,14 |  0,00 | 139,058 | 62,78 | 62,78 | 298,351 |   NaN | NaN | 0,00 | 0,00 | NaN
  25 |  9,76 | 300,295 | 754,40 | 836,01 | 759,27 |  0,00 | 1,417 | 44,35 | 44,35 |  0,00 | 28,410 | 359,61 | 359,61 | 22,10 | 1181,916 | 287,66 | 369,27 |  0,00 | 139,121 | 62,78 | 62,78 | 298,417 |   NaN | NaN | 0,00 | 0,00 | NaN
  26 |  8,52 | 292,665 | 755,09 | 825,39 | 759,91 |  0,00 | 1,414 | 44,35 | 44,35 |  0,00 | 31,520 | 358,84 | 358,84 | 19,56 | 1141,471 | 289,12 | 359,42 |  0,00 | 139,058 | 62,78 | 62,78 | 298,361 |   NaN | NaN | 0,00 | 0,00 | NaN
  27 |  8,40 | 291,945 | 754,85 | 824,08 | 759,65 |  0,00 | 1,340 | 44,35 | 44,35 |  0,00 | 28,503 | 361,06 | 361,06 | 19,45 | 1151,566 | 286,65 | 355,88 |  0,00 | 138,874 | 62,78 | 62,78 | 298,006 |   NaN | NaN | 0,00 | 0,00 | NaN
  28 |  8,17 | 295,275 | 754,39 | 821,50 | 759,23 |  0,00 | 1,406 | 44,35 | 44,35 |  0,00 | 32,980 | 360,16 | 360,16 | 18,95 | 1157,736 | 287,09 | 354,20 |  0,00 | 139,056 | 62,78 | 62,78 | 298,314 |   NaN | NaN | 0,00 | 0,00 | NaN
  29 |  9,32 | 297,164 | 755,27 | 832,93 | 760,06 |  0,00 | 1,386 | 44,35 | 44,35 |  0,00 | 33,516 | 363,53 | 363,53 | 21,44 | 1175,176 | 284,61 | 362,27 |  0,00 | 138,991 | 62,78 | 62,78 | 298,221 |   NaN | NaN | 0,00 | 0,00 | NaN
  30 |  8,29 | 295,428 | 754,04 | 822,19 | 758,89 |  0,00 | 1,416 | 44,35 | 44,35 |  0,00 | 29,452 | 357,43 | 357,43 | 19,06 | 1153,012 | 289,47 | 357,62 |  0,00 | 138,953 | 62,78 | 62,78 | 298,156 |   NaN | NaN | 0,00 | 0,00 | NaN
  31 |  8,43 | 291,680 | 755,12 | 824,67 | 759,92 |  0,00 | 1,383 | 44,35 | 44,35 |  0,00 | 31,348 | 358,78 | 358,78 | 19,39 | 1137,079 | 289,21 | 358,76 |  0,00 | 139,008 | 62,78 | 62,78 | 298,301 |   NaN | NaN | 0,00 | 0,00 | NaN
  32 |  8,61 | 299,767 | 755,76 | 826,96 | 760,59 |  0,00 | 1,339 | 44,35 | 44,35 |  0,00 | 30,718 | 360,01 | 360,01 | 19,79 | 1174,435 | 288,62 | 359,82 |  0,00 | 138,937 | 62,78 | 62,78 | 298,156 |   NaN | NaN | 0,00 | 0,00 | NaN
  33 |  8,10 | 291,400 | 755,63 | 822,23 | 760,43 |  0,00 | 1,405 | 44,35 | 44,35 |  0,00 | 30,887 | 356,45 | 356,45 | 18,57 | 1126,422 | 292,04 | 358,64 |  0,00 | 138,953 | 62,78 | 62,78 | 298,170 |   NaN | NaN | 0,00 | 0,00 | NaN
  34 |  7,92 | 293,669 | 755,22 | 820,18 | 760,00 |  0,00 | 1,396 | 44,35 | 44,35 |  0,00 | 29,838 | 359,56 | 359,56 | 18,38 | 1150,528 | 288,52 | 353,49 |  0,00 | 138,765 | 62,78 | 62,78 | 297,829 |   NaN | NaN | 0,00 | 0,00 | NaN
  35 |  9,19 | 298,180 | 755,17 | 831,64 | 759,98 |  0,00 | 1,345 | 44,35 | 44,35 |  0,00 | 30,373 | 362,29 | 362,29 | 21,11 | 1178,964 | 285,75 | 362,22 |  0,00 | 137,153 | 62,78 | 62,78 | 295,575 |   NaN | NaN | 0,00 | 0,00 | NaN
  36 |  8,10 | 289,211 | 755,36 | 821,97 | 760,19 |  0,00 | 1,398 | 44,35 | 44,35 |  0,00 | 31,199 | 354,28 | 354,28 | 18,47 | 1110,297 | 293,95 | 360,56 |  0,00 | 138,844 | 62,78 | 62,78 | 297,907 |   NaN | NaN | 0,00 | 0,00 | NaN
  37 |  9,45 | 299,440 | 755,50 | 834,31 | 760,32 |  0,00 | 1,381 | 44,35 | 44,35 |  0,00 | 31,883 | 366,22 | 366,22 | 21,83 | 1197,104 | 282,15 | 360,96 |  0,00 | 138,948 | 62,78 | 62,78 | 298,176 |   NaN | NaN | 0,00 | 0,00 | NaN
  38 |  8,66 | 294,124 | 754,95 | 826,55 | 759,78 |  0,00 | 1,373 | 44,35 | 44,35 |  0,00 | 30,887 | 360,84 | 360,84 | 19,97 | 1156,679 | 286,98 | 358,58 |  0,00 | 138,852 | 62,78 | 62,78 | 297,995 |   NaN | NaN | 0,00 | 0,00 | NaN
  39 |  7,76 | 294,296 | 753,67 | 817,11 | 758,54 |  0,00 | 1,416 | 44,35 | 44,35 |  0,00 | 32,841 | 355,83 | 355,83 | 17,91 | 1139,108 | 290,71 | 354,15 |  0,00 | 138,927 | 62,78 | 62,78 | 298,136 |   NaN | NaN | 0,00 | 0,00 | NaN
  40 |  7,73 | 287,806 | 753,70 | 816,86 | 758,51 |  0,00 | 1,416 | 44,35 | 44,35 |  0,00 | 35,269 | 355,96 | 355,96 | 17,85 | 1110,119 | 290,61 | 353,76 |  0,00 | 138,809 | 62,78 | 62,78 | 297,927 |   NaN | NaN | 0,00 | 0,00 | NaN
  41 |  9,20 | 292,280 | 753,97 | 830,33 | 758,79 |  0,00 | 1,399 | 44,35 | 44,35 |  0,00 | 29,112 | 357,85 | 357,85 | 20,90 | 1142,708 | 288,98 | 365,35 |  0,00 | 139,012 | 62,78 | 62,78 | 298,264 |   NaN | NaN | 0,00 | 0,00 | NaN
  42 |  9,32 | 298,638 | 754,58 | 832,09 | 759,41 |  0,00 | 1,345 | 44,35 | 44,35 |  0,00 | 31,067 | 362,33 | 362,33 | 21,37 | 1181,940 | 285,12 | 362,63 |  0,00 | 139,005 | 62,78 | 62,78 | 298,286 |   NaN | NaN | 0,00 | 0,00 | NaN
  43 |  9,38 | 296,592 | 753,89 | 831,89 | 758,71 |  0,00 | 1,423 | 44,35 | 44,35 |  0,00 | 32,939 | 362,23 | 362,23 | 21,52 | 1172,611 | 284,52 | 362,53 |  0,00 | 138,908 | 62,78 | 62,78 | 298,085 |   NaN | NaN | 0,00 | 0,00 | NaN
  44 |  9,46 | 297,828 | 754,65 | 833,47 | 759,44 |  0,00 | 1,335 | 44,35 | 44,35 |  0,00 | 25,859 | 359,92 | 359,92 | 21,51 | 1175,558 | 287,59 | 366,42 |  0,00 | 139,020 | 62,78 | 62,78 | 298,304 |   NaN | NaN | 0,00 | 0,00 | NaN
  45 |  9,00 | 297,868 | 754,51 | 829,09 | 759,38 |  0,00 | 1,420 | 44,35 | 44,35 |  0,00 | 28,287 | 365,95 | 365,95 | 20,95 | 1197,437 | 281,42 | 356,00 |  0,00 | 139,067 | 62,78 | 62,78 | 298,358 |   NaN | NaN | 0,00 | 0,00 | NaN
  46 |  8,64 | 294,079 | 754,05 | 825,33 | 758,88 |  0,00 | 1,359 | 44,35 | 44,35 |  0,00 | 29,217 | 355,33 | 355,33 | 19,64 | 1139,488 | 291,59 | 362,86 |  0,00 | 138,969 | 62,78 | 62,78 | 298,188 |   NaN | NaN | 0,00 | 0,00 | NaN
  47 |  8,13 | 294,370 | 754,73 | 821,54 | 759,56 |  0,00 | 1,357 | 44,35 | 44,35 |  0,00 | 33,353 | 360,22 | 360,22 | 18,86 | 1152,894 | 287,37 | 354,18 |  0,00 | 139,035 | 62,78 | 62,78 | 298,325 |   NaN | NaN | 0,00 | 0,00 | NaN
  48 |  8,15 | 287,948 | 754,05 | 820,99 | 758,88 |  0,00 | 1,386 | 44,35 | 44,35 |  0,00 | 36,736 | 356,44 | 356,44 | 18,73 | 1109,761 | 290,47 | 357,42 |  0,00 | 139,101 | 62,78 | 62,78 | 298,398 |   NaN | NaN | 0,00 | 0,00 | NaN
  49 |  8,11 | 287,760 | 754,21 | 820,77 | 759,03 |  0,00 | 1,399 | 44,35 | 44,35 |  0,00 | 32,469 | 357,98 | 357,98 | 18,71 | 1119,580 | 289,10 | 355,66 |  0,00 | 139,026 | 62,78 | 62,78 | 298,316 |   NaN | NaN | 0,00 | 0,00 | NaN
  50 |  8,63 | 294,337 | 755,20 | 826,50 | 760,04 |  0,00 | 1,353 | 44,35 | 44,35 |  0,00 | 32,509 | 361,35 | 361,35 | 19,92 | 1156,733 | 286,72 | 358,03 |  0,00 | 138,859 | 62,78 | 62,78 | 298,064 |   NaN | NaN | 0,00 | 0,00 | NaN
  51 |  8,76 | 287,912 | 755,04 | 827,55 | 759,88 |  0,00 | 1,351 | 44,35 | 44,35 |  0,00 | 30,026 | 359,76 | 359,76 | 20,11 | 1127,427 | 288,14 | 360,65 |  0,00 | 138,885 | 62,78 | 62,78 | 298,110 |   NaN | NaN | 0,00 | 0,00 | NaN
  52 |  8,56 | 298,646 | 754,34 | 824,94 | 759,17 |  0,00 | 1,377 | 44,35 | 44,35 |  0,00 | 31,196 | 354,43 | 354,43 | 19,43 | 1151,594 | 292,78 | 363,38 |  0,00 | 139,045 | 62,78 | 62,78 | 298,326 |   NaN | NaN | 0,00 | 0,00 | NaN
  53 |  8,71 | 297,166 | 754,75 | 826,79 | 759,54 |  0,00 | 1,365 | 44,35 | 44,35 |  0,00 | 29,231 | 359,45 | 359,45 | 20,00 | 1166,124 | 288,17 | 360,21 |  0,00 | 139,018 | 62,78 | 62,78 | 298,249 |   NaN | NaN | 0,00 | 0,00 | NaN
  54 |  7,91 | 286,751 | 755,34 | 820,23 | 760,17 |  0,00 | 1,367 | 44,35 | 44,35 |  0,00 | 32,235 | 358,64 | 358,64 | 18,31 | 1115,103 | 289,57 | 354,46 |  0,00 | 138,929 | 62,78 | 62,78 | 298,147 |   NaN | NaN | 0,00 | 0,00 | NaN
  55 |  8,59 | 296,571 | 754,45 | 825,36 | 759,26 |  0,00 | 1,352 | 44,35 | 44,35 |  0,00 | 31,218 | 358,38 | 358,38 | 19,71 | 1158,134 | 288,94 | 359,85 |  0,00 | 138,829 | 62,78 | 62,78 | 297,971 |   NaN | NaN | 0,00 | 0,00 | NaN
  56 |  7,85 | 286,187 | 754,67 | 818,99 | 759,50 |  0,00 | 1,358 | 44,35 | 44,35 |  0,00 | 28,336 | 356,81 | 356,81 | 18,12 | 1112,518 | 290,73 | 355,05 |  0,00 | 138,939 | 62,78 | 62,78 | 298,228 |   NaN | NaN | 0,00 | 0,00 | NaN
  57 |  8,56 | 285,727 | 754,42 | 825,05 | 759,26 |  0,00 | 1,355 | 44,35 | 44,35 |  0,00 | 30,935 | 357,80 | 357,80 | 19,61 | 1112,007 | 289,48 | 360,12 |  0,00 | 138,994 | 62,78 | 62,78 | 298,280 |   NaN | NaN | 0,00 | 0,00 | NaN
  58 |  8,74 | 297,107 | 754,50 | 826,78 | 759,31 |  0,00 | 1,383 | 44,35 | 44,35 |  0,00 | 30,263 | 362,21 | 362,21 | 20,22 | 1176,085 | 285,15 | 357,43 |  0,00 | 139,125 | 62,78 | 62,78 | 298,421 |   NaN | NaN | 0,00 | 0,00 | NaN
  59 |  9,20 | 294,127 | 754,33 | 830,75 | 759,13 |  0,00 | 1,403 | 44,35 | 44,35 |  0,00 | 32,273 | 358,28 | 358,28 | 20,92 | 1146,622 | 288,91 | 365,33 |  0,00 | 138,856 | 62,78 | 62,78 | 297,938 |   NaN | NaN | 0,00 | 0,00 | NaN
  60 |  9,00 | 298,230 | 754,53 | 829,13 | 759,35 |  0,00 | 1,338 | 44,35 | 44,35 |  0,00 | 28,747 | 361,95 | 361,95 | 20,72 | 1181,751 | 285,44 | 360,05 |  0,00 | 138,979 | 62,78 | 62,78 | 298,228 |   NaN | NaN | 0,00 | 0,00 | NaN
  61 |  9,19 | 297,251 | 755,17 | 831,58 | 760,00 |  0,00 | 1,360 | 44,35 | 44,35 |  0,00 | 34,667 | 361,44 | 361,44 | 21,05 | 1166,441 | 286,59 | 363,00 |  0,00 | 138,932 | 62,78 | 62,78 | 298,125 |   NaN | NaN | 0,00 | 0,00 | NaN
  62 |  9,08 | 292,561 | 753,58 | 828,88 | 758,46 |  0,00 | 1,422 | 44,35 | 44,35 |  0,00 | 34,867 | 358,97 | 358,97 | 20,76 | 1141,686 | 287,48 | 362,78 |  0,00 | 139,064 | 62,78 | 62,78 | 298,346 |   NaN | NaN | 0,00 | 0,00 | NaN
  63 |  9,06 | 295,136 | 754,11 | 829,23 | 758,94 |  0,00 | 1,377 | 44,35 | 44,35 |  0,00 | 32,332 | 363,93 | 363,93 | 20,97 | 1173,454 | 283,04 | 358,17 |  0,00 | 138,944 | 62,78 | 62,78 | 298,142 |   NaN | NaN | 0,00 | 0,00 | NaN
  64 |  7,68 | 285,516 | 755,56 | 818,43 | 760,39 |  0,00 | 1,420 | 44,35 | 44,35 |  0,00 | 30,173 | 356,84 | 356,84 | 17,74 | 1105,153 | 291,58 | 354,45 |  0,00 | 138,993 | 62,78 | 62,78 | 298,231 |   NaN | NaN | 0,00 | 0,00 | NaN

= = = = = = = = = = = = AVERAGE RESULTS system = = = = = = = = = = = =
meanPLR_system | 8,714773 
meanDelay_system | 293,188445 
meanLoad_system | 826,731321 
meanTHR_system | 754,656127 
meanGate_system | 759,482295 

meanPLR_EF_system | 0,000000 
meanPLR_AF_system | 0,000000 
meanPLR_BE_system | 20,036769 
meanPLR_FLA_system | 0,000000 
meanPLR_FLB_system | NaN 

meanTHR_EF_system | 44,352005 
meanTHR_AF_system | 360,036442 
meanTHR_BE_system | 287,487168 
meanTHR_FLA_system | 64,212070 
meanTHR_FLB_system | 0,000000 

meanLoad_EF_system | 44,352005 
meanLoad_AF_system | 360,036442 
meanLoad_BE_system | 359,562362 
meanLoad_FLA_system | 64,212070 
meanLoad_FLB_system | 0,000000 

meanDELAY_EF_system | 1,381723 
meanDELAY_AF_system | 30,840974 
meanDELAY_BE_system | 1150,694870 
meanDELAY_FLA_system | 138,965853 
meanDELAY_FLB_system | NaN 
meanDELAY_CompleteFLA_system | 298,197950 
meanDELAY_CompleteFLB_system | NaN 

= = = = = = = = = = = = AVERAGE RESULTS = = = = = = = = = = = =
Packet Loss Ratio: 08,72 (%)
PROCESSED PACKAGES: 1603359611 
DISCARTED PACKAGES: 96967449 
TOTAL PACKAGES: 1700327060 
AVERAGE DELAY: 54584,47 (ms) 
AVERAGE THROUGHPUT: 754,66 (Mbps) 
GRANTED THROUGHPUT: 48606,87 (Mbps) By 64 ONUs
EFFECTIVE THROUGHPUT: 48297,99 (Mbps) By 64 ONUs
TOTAL LOAD: 52910,80 (Mbps) By 64 ONUs
ON Arrival THROUGHPUT: 0,00 (Mbps) By 64 ONUs
FINISHTIMEFL: 131,564051 
FINISHTIME: 134,564051 


fileName | IPACT_STRICTPRIORITY_2_40_96_0 
