
ONU ID 	|  PLR(%) | Delay(ms) | Throughput(Mbps) | Granted Throughput(Mbps) | Total Load (Mbps) 

  ID |  PLR(%) |  D  | Thr |  Gates  |  Load  | PLR-EF | D-EF | ThrEF | LoadEF | PLR-AF | D-AF | ThrAF | LoadAF | PLR-BE | D-BE | ThrBE | LoadBE | PLR-FA | D-FA | ThrFA | LoadFA | DTFA |  PLR-FB | D-FB | ThrFB | LoadFB | DTFB | 
   1 |  0,00 | 0,339 | 493,23 | 493,23 | 536,21 |  0,00 | 0,139 | 44,35 | 44,35 |  0,00 | 0,242 | 209,14 | 209,14 |  0,00 | 0,333 | 203,58 | 203,58 |  0,00 | 6,709 | 36,15 | 36,15 | 34,424 |   NaN | NaN | 0,00 | 0,00 | NaN
   2 |  0,00 | 0,474 | 495,10 | 495,10 | 543,22 |  0,00 | 0,151 | 44,35 | 44,35 |  0,00 | 0,327 | 208,94 | 208,94 |  0,00 | 0,393 | 205,66 | 205,66 |  0,00 | 11,424 | 36,15 | 36,15 | 44,168 |   NaN | NaN | 0,00 | 0,00 | NaN
   3 |  0,00 | 0,318 | 491,10 | 491,10 | 529,30 |  0,00 | 0,087 | 44,35 | 44,35 |  0,00 | 0,197 | 205,66 | 205,66 |  0,00 | 0,394 | 204,93 | 204,93 |  0,00 | 6,873 | 36,15 | 36,15 | 34,843 |   NaN | NaN | 0,00 | 0,00 | NaN
   4 |  0,00 | 0,312 | 496,24 | 496,24 | 534,38 |  0,00 | 0,093 | 44,35 | 44,35 |  0,00 | 0,208 | 209,25 | 209,25 |  0,00 | 0,389 | 206,48 | 206,48 |  0,00 | 6,386 | 36,15 | 36,15 | 33,762 |   NaN | NaN | 0,00 | 0,00 | NaN
   5 |  0,00 | 0,330 | 492,08 | 492,08 | 531,15 |  0,00 | 0,118 | 44,35 | 44,35 |  0,00 | 0,226 | 206,14 | 206,14 |  0,00 | 0,364 | 205,44 | 205,44 |  0,00 | 6,661 | 36,15 | 36,15 | 34,389 |   NaN | NaN | 0,00 | 0,00 | NaN
   6 |  0,00 | 0,338 | 495,06 | 495,06 | 532,17 |  0,00 | 0,070 | 44,35 | 44,35 |  0,00 | 0,184 | 207,65 | 207,65 |  0,00 | 0,425 | 206,91 | 206,91 |  0,00 | 8,096 | 36,15 | 36,15 | 37,194 |   NaN | NaN | 0,00 | 0,00 | NaN
   7 |  0,00 | 0,322 | 493,93 | 493,93 | 532,15 |  0,00 | 0,085 | 44,35 | 44,35 |  0,00 | 0,196 | 207,20 | 207,20 |  0,00 | 0,400 | 206,23 | 206,23 |  0,00 | 7,048 | 36,15 | 36,15 | 35,549 |   NaN | NaN | 0,00 | 0,00 | NaN
   8 |  0,00 | 0,341 | 493,79 | 493,79 | 535,94 |  0,00 | 0,135 | 44,35 | 44,35 |  0,00 | 0,241 | 205,83 | 205,83 |  0,00 | 0,334 | 207,46 | 207,46 |  0,00 | 6,896 | 36,15 | 36,15 | 35,162 |   NaN | NaN | 0,00 | 0,00 | NaN
   9 |  0,00 | 0,313 | 495,06 | 495,06 | 532,95 |  0,00 | 0,076 | 44,35 | 44,35 |  0,00 | 0,174 | 206,92 | 206,92 |  0,00 | 0,414 | 207,64 | 207,64 |  0,00 | 6,963 | 36,15 | 36,15 | 34,908 |   NaN | NaN | 0,00 | 0,00 | NaN
  10 |  0,00 | 0,345 | 492,47 | 492,47 | 534,72 |  0,00 | 0,136 | 44,35 | 44,35 |  0,00 | 0,257 | 206,45 | 206,45 |  0,00 | 0,353 | 205,52 | 205,52 |  0,00 | 6,704 | 36,15 | 36,15 | 34,398 |   NaN | NaN | 0,00 | 0,00 | NaN
  11 |  0,00 | 0,822 | 491,39 | 491,39 | 529,70 |  0,00 | 0,076 | 44,35 | 44,35 |  0,00 | 0,501 | 204,10 | 204,10 |  0,00 | 0,791 | 206,79 | 206,79 |  0,00 | 24,183 | 36,15 | 36,15 | 66,925 |   NaN | NaN | 0,00 | 0,00 | NaN
  12 |  0,00 | 0,331 | 493,10 | 493,10 | 535,93 |  0,00 | 0,138 | 44,35 | 44,35 |  0,00 | 0,238 | 206,24 | 206,24 |  0,00 | 0,339 | 206,36 | 206,36 |  0,00 | 6,335 | 36,15 | 36,15 | 33,664 |   NaN | NaN | 0,00 | 0,00 | NaN
  13 |  0,00 | 0,458 | 489,11 | 489,11 | 527,81 |  0,00 | 0,103 | 44,35 | 44,35 |  0,00 | 0,301 | 205,32 | 205,32 |  0,00 | 0,463 | 203,28 | 203,28 |  0,00 | 11,425 | 36,15 | 36,15 | 43,779 |   NaN | NaN | 0,00 | 0,00 | NaN
  14 |  0,00 | 0,347 | 494,26 | 494,26 | 539,14 |  0,00 | 0,144 | 44,35 | 44,35 |  0,00 | 0,260 | 206,87 | 206,87 |  0,00 | 0,337 | 206,89 | 206,89 |  0,00 | 6,746 | 36,15 | 36,15 | 34,371 |   NaN | NaN | 0,00 | 0,00 | NaN
  15 |  0,00 | 0,339 | 491,06 | 491,06 | 533,93 |  0,00 | 0,138 | 44,35 | 44,35 |  0,00 | 0,241 | 202,95 | 202,95 |  0,00 | 0,323 | 207,60 | 207,60 |  0,00 | 6,828 | 36,15 | 36,15 | 34,833 |   NaN | NaN | 0,00 | 0,00 | NaN
  16 |  0,00 | 0,327 | 498,12 | 498,12 | 538,68 |  0,00 | 0,129 | 44,35 | 44,35 |  0,00 | 0,222 | 207,18 | 207,18 |  0,00 | 0,346 | 210,44 | 210,44 |  0,00 | 6,469 | 36,15 | 36,15 | 33,890 |   NaN | NaN | 0,00 | 0,00 | NaN
  17 |  0,00 | 0,332 | 495,21 | 495,21 | 539,34 |  0,00 | 0,142 | 44,35 | 44,35 |  0,00 | 0,239 | 208,09 | 208,09 |  0,00 | 0,315 | 206,62 | 206,62 |  0,00 | 6,501 | 36,15 | 36,15 | 34,005 |   NaN | NaN | 0,00 | 0,00 | NaN
  18 |  0,00 | 0,380 | 491,32 | 491,32 | 530,54 |  0,00 | 0,119 | 44,35 | 44,35 |  0,00 | 0,241 | 205,33 | 205,33 |  0,00 | 0,382 | 205,49 | 205,49 |  0,00 | 8,691 | 36,15 | 36,15 | 37,238 |   NaN | NaN | 0,00 | 0,00 | NaN
  19 |  0,00 | 0,313 | 487,60 | 487,60 | 526,13 |  0,00 | 0,110 | 44,35 | 44,35 |  0,00 | 0,197 | 202,75 | 202,75 |  0,00 | 0,359 | 204,35 | 204,35 |  0,00 | 6,362 | 36,15 | 36,15 | 33,718 |   NaN | NaN | 0,00 | 0,00 | NaN
  20 |  0,00 | 0,786 | 490,38 | 490,38 | 529,08 |  0,00 | 0,105 | 44,35 | 44,35 |  0,00 | 0,516 | 206,83 | 206,83 |  0,00 | 0,742 | 203,04 | 203,04 |  0,00 | 22,052 | 36,15 | 36,15 | 66,293 |   NaN | NaN | 0,00 | 0,00 | NaN
  21 |  0,00 | 0,316 | 486,23 | 486,23 | 524,67 |  0,00 | 0,110 | 44,35 | 44,35 |  0,00 | 0,211 | 203,50 | 203,50 |  0,00 | 0,359 | 202,22 | 202,22 |  0,00 | 6,421 | 36,15 | 36,15 | 33,840 |   NaN | NaN | 0,00 | 0,00 | NaN
  22 |  0,00 | 0,338 | 496,18 | 496,18 | 542,89 |  0,00 | 0,149 | 44,35 | 44,35 |  0,00 | 0,243 | 210,25 | 210,25 |  0,00 | 0,327 | 205,42 | 205,42 |  0,00 | 6,461 | 36,15 | 36,15 | 33,944 |   NaN | NaN | 0,00 | 0,00 | NaN
  23 |  0,00 | 1,377 | 492,88 | 492,88 | 533,85 |  0,00 | 0,130 | 44,35 | 44,35 |  0,00 | 1,039 | 206,20 | 206,20 |  0,00 | 1,183 | 206,18 | 206,18 |  0,00 | 39,885 | 36,15 | 36,15 | 94,177 |   NaN | NaN | 0,00 | 0,00 | NaN
  24 |  0,00 | 0,428 | 495,62 | 495,62 | 534,08 |  0,00 | 0,092 | 44,35 | 44,35 |  0,00 | 0,246 | 206,47 | 206,47 |  0,00 | 0,463 | 208,64 | 208,64 |  0,00 | 10,836 | 36,15 | 36,15 | 42,786 |   NaN | NaN | 0,00 | 0,00 | NaN
  25 |  0,00 | 0,336 | 496,19 | 496,19 | 543,46 |  0,00 | 0,150 | 44,35 | 44,35 |  0,00 | 0,247 | 205,76 | 205,76 |  0,00 | 0,315 | 209,93 | 209,93 |  0,00 | 6,424 | 36,15 | 36,15 | 33,891 |   NaN | NaN | 0,00 | 0,00 | NaN
  26 |  0,00 | 0,368 | 491,24 | 491,24 | 536,96 |  0,00 | 0,146 | 44,35 | 44,35 |  0,00 | 0,258 | 205,90 | 205,90 |  0,00 | 0,349 | 204,83 | 204,83 |  0,00 | 7,594 | 36,15 | 36,15 | 35,457 |   NaN | NaN | 0,00 | 0,00 | NaN
  27 |  0,00 | 0,365 | 491,44 | 491,44 | 529,37 |  0,00 | 0,073 | 44,35 | 44,35 |  0,00 | 0,207 | 207,28 | 207,28 |  0,00 | 0,459 | 203,65 | 203,65 |  0,00 | 8,737 | 36,15 | 36,15 | 39,376 |   NaN | NaN | 0,00 | 0,00 | NaN
  28 |  0,00 | 1,418 | 488,95 | 488,95 | 532,09 |  0,00 | 0,139 | 44,35 | 44,35 |  0,00 | 1,079 | 206,42 | 206,42 |  0,00 | 1,227 | 202,03 | 202,03 |  0,00 | 40,732 | 36,15 | 36,15 | 99,152 |   NaN | NaN | 0,00 | 0,00 | NaN
  29 |  0,00 | 0,863 | 494,52 | 494,52 | 533,75 |  0,00 | 0,118 | 44,35 | 44,35 |  0,00 | 0,609 | 206,94 | 206,94 |  0,00 | 0,810 | 207,07 | 207,07 |  0,00 | 23,758 | 36,15 | 36,15 | 71,439 |   NaN | NaN | 0,00 | 0,00 | NaN
  30 |  0,00 | 0,432 | 491,43 | 491,43 | 538,47 |  0,00 | 0,149 | 44,35 | 44,35 |  0,00 | 0,306 | 205,18 | 205,18 |  0,00 | 0,379 | 205,74 | 205,74 |  0,00 | 9,802 | 36,15 | 36,15 | 40,183 |   NaN | NaN | 0,00 | 0,00 | NaN
  31 |  0,00 | 1,510 | 491,04 | 491,04 | 529,99 |  0,00 | 0,115 | 44,35 | 44,35 |  0,00 | 1,140 | 206,73 | 206,73 |  0,00 | 1,465 | 203,81 | 203,81 |  0,00 | 42,648 | 36,15 | 36,15 | 100,078 |   NaN | NaN | 0,00 | 0,00 | NaN
  32 |  0,00 | 0,847 | 494,40 | 494,40 | 532,42 |  0,00 | 0,073 | 44,35 | 44,35 |  0,00 | 0,517 | 206,41 | 206,41 |  0,00 | 0,831 | 207,48 | 207,48 |  0,00 | 24,914 | 36,15 | 36,15 | 68,147 |   NaN | NaN | 0,00 | 0,00 | NaN
  33 |  0,00 | 0,549 | 491,41 | 491,41 | 534,17 |  0,00 | 0,137 | 44,35 | 44,35 |  0,00 | 0,413 | 205,23 | 205,23 |  0,00 | 0,541 | 205,68 | 205,68 |  0,00 | 12,911 | 36,15 | 36,15 | 51,887 |   NaN | NaN | 0,00 | 0,00 | NaN
  34 |  0,00 | 0,344 | 491,52 | 491,52 | 531,96 |  0,00 | 0,128 | 44,35 | 44,35 |  0,00 | 0,250 | 206,33 | 206,33 |  0,00 | 0,355 | 204,69 | 204,69 |  0,00 | 6,915 | 36,15 | 36,15 | 35,372 |   NaN | NaN | 0,00 | 0,00 | NaN
  35 |  0,00 | 0,313 | 496,45 | 496,45 | 534,43 |  0,00 | 0,078 | 44,35 | 44,35 |  0,00 | 0,195 | 207,76 | 207,76 |  0,00 | 0,404 | 208,19 | 208,19 |  0,00 | 6,781 | 36,15 | 36,15 | 34,548 |   NaN | NaN | 0,00 | 0,00 | NaN
  36 |  0,00 | 0,343 | 491,67 | 491,67 | 532,65 |  0,00 | 0,131 | 44,35 | 44,35 |  0,00 | 0,245 | 203,61 | 203,61 |  0,00 | 0,346 | 207,56 | 207,56 |  0,00 | 6,913 | 36,15 | 36,15 | 35,007 |   NaN | NaN | 0,00 | 0,00 | NaN
  37 |  0,00 | 0,838 | 496,19 | 496,19 | 535,15 |  0,00 | 0,113 | 44,35 | 44,35 |  0,00 | 0,514 | 209,14 | 209,14 |  0,00 | 0,721 | 206,54 | 206,54 |  0,00 | 24,691 | 36,15 | 36,15 | 67,480 |   NaN | NaN | 0,00 | 0,00 | NaN
  38 |  0,00 | 0,395 | 495,20 | 495,20 | 533,86 |  0,00 | 0,105 | 44,35 | 44,35 |  0,00 | 0,237 | 207,51 | 207,51 |  0,00 | 0,404 | 207,18 | 207,18 |  0,00 | 9,656 | 36,15 | 36,15 | 40,659 |   NaN | NaN | 0,00 | 0,00 | NaN
  39 |  0,00 | 0,699 | 486,02 | 486,02 | 533,06 |  0,00 | 0,148 | 44,35 | 44,35 |  0,00 | 0,484 | 203,64 | 203,64 |  0,00 | 0,629 | 201,87 | 201,87 |  0,00 | 18,176 | 36,15 | 36,15 | 60,855 |   NaN | NaN | 0,00 | 0,00 | NaN
  40 |  0,00 | 0,420 | 488,76 | 488,76 | 535,75 |  0,00 | 0,148 | 44,35 | 44,35 |  0,00 | 0,285 | 206,03 | 206,03 |  0,00 | 0,357 | 202,22 | 202,22 |  0,00 | 9,691 | 36,15 | 36,15 | 40,126 |   NaN | NaN | 0,00 | 0,00 | NaN
  41 |  0,00 | 1,260 | 495,26 | 495,26 | 536,56 |  0,00 | 0,131 | 44,35 | 44,35 |  0,00 | 1,037 | 204,53 | 204,53 |  0,00 | 1,215 | 210,23 | 210,23 |  0,00 | 33,793 | 36,15 | 36,15 | 91,400 |   NaN | NaN | 0,00 | 0,00 | NaN
  42 |  0,00 | 0,826 | 496,79 | 496,79 | 535,09 |  0,00 | 0,077 | 44,35 | 44,35 |  0,00 | 0,505 | 207,93 | 207,93 |  0,00 | 0,845 | 208,36 | 208,36 |  0,00 | 23,766 | 36,15 | 36,15 | 71,024 |   NaN | NaN | 0,00 | 0,00 | NaN
  43 |  0,00 | 0,689 | 498,89 | 498,89 | 544,15 |  0,00 | 0,156 | 44,35 | 44,35 |  0,00 | 0,471 | 209,74 | 209,74 |  0,00 | 0,661 | 208,64 | 208,64 |  0,00 | 17,408 | 36,15 | 36,15 | 58,974 |   NaN | NaN | 0,00 | 0,00 | NaN
  44 |  0,00 | 1,350 | 494,91 | 494,91 | 532,23 |  0,00 | 0,071 | 44,35 | 44,35 |  0,00 | 1,062 | 205,78 | 205,78 |  0,00 | 1,442 | 208,63 | 208,63 |  0,00 | 37,058 | 36,15 | 36,15 | 99,055 |   NaN | NaN | 0,00 | 0,00 | NaN
  45 |  0,00 | 0,989 | 492,04 | 492,04 | 540,71 |  0,00 | 0,152 | 44,35 | 44,35 |  0,00 | 0,741 | 208,37 | 208,37 |  0,00 | 0,946 | 203,16 | 203,16 |  0,00 | 26,139 | 36,15 | 36,15 | 76,742 |   NaN | NaN | 0,00 | 0,00 | NaN
  46 |  0,00 | 0,810 | 492,24 | 492,24 | 530,74 |  0,00 | 0,091 | 44,35 | 44,35 |  0,00 | 0,503 | 204,72 | 204,72 |  0,00 | 0,800 | 207,02 | 207,02 |  0,00 | 23,080 | 36,15 | 36,15 | 68,456 |   NaN | NaN | 0,00 | 0,00 | NaN
  47 |  0,00 | 1,254 | 491,73 | 491,73 | 530,08 |  0,00 | 0,089 | 44,35 | 44,35 |  0,00 | 0,794 | 207,08 | 207,08 |  0,00 | 1,143 | 204,15 | 204,15 |  0,00 | 38,038 | 36,15 | 36,15 | 87,646 |   NaN | NaN | 0,00 | 0,00 | NaN
  48 |  0,00 | 1,356 | 490,89 | 490,89 | 530,10 |  0,00 | 0,118 | 44,35 | 44,35 |  0,00 | 1,032 | 205,01 | 205,01 |  0,00 | 1,417 | 205,37 | 205,37 |  0,00 | 36,677 | 36,15 | 36,15 | 97,285 |   NaN | NaN | 0,00 | 0,00 | NaN
  49 |  0,00 | 1,298 | 491,33 | 491,33 | 532,42 |  0,00 | 0,131 | 44,35 | 44,35 |  0,00 | 0,861 | 206,51 | 206,51 |  0,00 | 1,027 | 204,32 | 204,32 |  0,00 | 39,575 | 36,15 | 36,15 | 90,913 |   NaN | NaN | 0,00 | 0,00 | NaN
  50 |  0,00 | 0,748 | 494,34 | 494,34 | 532,86 |  0,00 | 0,085 | 44,35 | 44,35 |  0,00 | 0,477 | 208,04 | 208,04 |  0,00 | 0,768 | 205,79 | 205,79 |  0,00 | 20,900 | 36,15 | 36,15 | 65,454 |   NaN | NaN | 0,00 | 0,00 | NaN
  51 |  0,00 | 1,268 | 493,17 | 493,17 | 531,48 |  0,00 | 0,083 | 44,35 | 44,35 |  0,00 | 0,954 | 205,79 | 205,79 |  0,00 | 1,339 | 206,87 | 206,87 |  0,00 | 35,007 | 36,15 | 36,15 | 93,660 |   NaN | NaN | 0,00 | 0,00 | NaN
  52 |  0,00 | 1,040 | 493,05 | 493,05 | 531,83 |  0,00 | 0,110 | 44,35 | 44,35 |  0,00 | 0,784 | 203,77 | 203,77 |  0,00 | 1,046 | 208,78 | 208,78 |  0,00 | 28,161 | 36,15 | 36,15 | 81,099 |   NaN | NaN | 0,00 | 0,00 | NaN
  53 |  0,00 | 0,873 | 493,74 | 493,74 | 532,24 |  0,00 | 0,097 | 44,35 | 44,35 |  0,00 | 0,580 | 207,49 | 207,49 |  0,00 | 0,822 | 205,74 | 205,74 |  0,00 | 25,000 | 36,15 | 36,15 | 70,461 |   NaN | NaN | 0,00 | 0,00 | NaN
  54 |  0,00 | 0,928 | 489,52 | 489,52 | 528,07 |  0,00 | 0,099 | 44,35 | 44,35 |  0,00 | 0,660 | 206,18 | 206,18 |  0,00 | 0,950 | 202,84 | 202,84 |  0,00 | 25,368 | 36,15 | 36,15 | 74,714 |   NaN | NaN | 0,00 | 0,00 | NaN
  55 |  0,00 | 0,390 | 490,79 | 490,79 | 529,26 |  0,00 | 0,084 | 44,35 | 44,35 |  0,00 | 0,231 | 204,19 | 204,19 |  0,00 | 0,452 | 206,09 | 206,09 |  0,00 | 9,441 | 36,15 | 36,15 | 40,170 |   NaN | NaN | 0,00 | 0,00 | NaN
  56 |  0,00 | 1,295 | 490,09 | 490,09 | 528,49 |  0,00 | 0,090 | 44,35 | 44,35 |  0,00 | 0,941 | 204,68 | 204,68 |  0,00 | 1,390 | 204,91 | 204,91 |  0,00 | 35,750 | 36,15 | 36,15 | 95,751 |   NaN | NaN | 0,00 | 0,00 | NaN
  57 |  0,00 | 1,501 | 492,58 | 492,58 | 530,90 |  0,00 | 0,087 | 44,35 | 44,35 |  0,00 | 1,107 | 205,67 | 205,67 |  0,00 | 1,477 | 206,41 | 206,41 |  0,00 | 43,169 | 36,15 | 36,15 | 100,663 |   NaN | NaN | 0,00 | 0,00 | NaN
  58 |  0,00 | 1,444 | 493,35 | 493,35 | 532,37 |  0,00 | 0,116 | 44,35 | 44,35 |  0,00 | 1,102 | 206,51 | 206,51 |  0,00 | 1,355 | 206,34 | 206,34 |  0,00 | 41,021 | 36,15 | 36,15 | 99,842 |   NaN | NaN | 0,00 | 0,00 | NaN
  59 |  0,00 | 0,363 | 496,24 | 496,24 | 538,25 |  0,00 | 0,135 | 44,35 | 44,35 |  0,00 | 0,241 | 206,01 | 206,01 |  0,00 | 0,350 | 209,73 | 209,73 |  0,00 | 7,829 | 36,15 | 36,15 | 36,152 |   NaN | NaN | 0,00 | 0,00 | NaN
  60 |  0,00 | 1,262 | 492,74 | 492,74 | 530,33 |  0,00 | 0,072 | 44,35 | 44,35 |  0,00 | 0,937 | 206,07 | 206,07 |  0,00 | 1,389 | 206,17 | 206,17 |  0,00 | 34,663 | 36,15 | 36,15 | 92,874 |   NaN | NaN | 0,00 | 0,00 | NaN
  61 |  0,00 | 0,841 | 495,50 | 495,50 | 534,00 |  0,00 | 0,092 | 44,35 | 44,35 |  0,00 | 0,559 | 207,55 | 207,55 |  0,00 | 0,789 | 207,45 | 207,45 |  0,00 | 24,174 | 36,15 | 36,15 | 69,963 |   NaN | NaN | 0,00 | 0,00 | NaN
  62 |  0,00 | 1,419 | 495,46 | 495,46 | 544,68 |  0,00 | 0,154 | 44,35 | 44,35 |  0,00 | 1,089 | 207,93 | 207,93 |  0,00 | 1,545 | 207,03 | 207,03 |  0,00 | 36,892 | 36,15 | 36,15 | 99,150 |   NaN | NaN | 0,00 | 0,00 | NaN
  63 |  0,00 | 0,438 | 493,47 | 493,47 | 532,27 |  0,00 | 0,109 | 44,35 | 44,35 |  0,00 | 0,283 | 207,41 | 207,41 |  0,00 | 0,435 | 205,56 | 205,56 |  0,00 | 10,781 | 36,15 | 36,15 | 42,724 |   NaN | NaN | 0,00 | 0,00 | NaN
  64 |  0,00 | 0,947 | 490,25 | 490,25 | 539,26 |  0,00 | 0,153 | 44,35 | 44,35 |  0,00 | 0,678 | 205,20 | 205,20 |  0,00 | 0,919 | 204,55 | 204,55 |  0,00 | 25,005 | 36,15 | 36,15 | 74,193 |   NaN | NaN | 0,00 | 0,00 | NaN

= = = = = = = = = = = = AVERAGE RESULTS system = = = = = = = = = = = =
meanPLR_system | 0,000000 
meanDelay_system | 0,702444 
meanLoad_system | 492,895367 
meanTHR_system | 492,895367 
meanGate_system | 533,810525 

meanPLR_EF_system | 0,000000 
meanPLR_AF_system | 0,000000 
meanPLR_BE_system | 0,000000 
meanPLR_FLA_system | 0,000000 
meanPLR_FLB_system | NaN 

meanTHR_EF_system | 44,352001 
meanTHR_AF_system | 206,364296 
meanTHR_BE_system | 206,027490 
meanTHR_FLA_system | 36,781171 
meanTHR_FLB_system | 0,000000 

meanLoad_EF_system | 44,352001 
meanLoad_AF_system | 206,364296 
meanLoad_BE_system | 206,027490 
meanLoad_FLA_system | 36,781171 
meanLoad_FLB_system | 0,000000 

meanDELAY_EF_system | 0,114221 
meanDELAY_AF_system | 0,493154 
meanDELAY_BE_system | 0,697561 
meanDELAY_FLA_system | 18,468575 
meanDELAY_FLB_system | NaN 
meanDELAY_CompleteFLA_system | 58,035679 
meanDELAY_CompleteFLB_system | NaN 

= = = = = = = = = = = = AVERAGE RESULTS = = = = = = = = = = = =
Packet Loss Ratio: 00,00 (%)
PROCESSED PACKAGES: 1648554221 
DISCARTED PACKAGES: 0 
TOTAL PACKAGES: 1648554221 
AVERAGE DELAY: 103,22 (ms) 
AVERAGE THROUGHPUT: 492,90 (Mbps) 
GRANTED THROUGHPUT: 34163,87 (Mbps) By 64 ONUs
EFFECTIVE THROUGHPUT: 31545,30 (Mbps) By 64 ONUs
TOTAL LOAD: 31545,30 (Mbps) By 64 ONUs
ON Arrival THROUGHPUT: 0,00 (Mbps) By 64 ONUs
FINISHTIMEFL: 172,262053 
FINISHTIME: 175,262053 


fileName | IPACT_STRICTPRIORITY_4_30_55_0 
