
ONU ID 	|  PLR(%) | Delay(ms) | Throughput(Mbps) | Granted Throughput(Mbps) | Total Load (Mbps) 

  ID |  PLR(%) |  D  | Thr |  Gates  |  Load  | PLR-EF | D-EF | ThrEF | LoadEF | PLR-AF | D-AF | ThrAF | LoadAF | PLR-BE | D-BE | ThrBE | LoadBE | PLR-FA | D-FA | ThrFA | LoadFA | DTFA |  PLR-FB | D-FB | ThrFB | LoadFB | DTFB | 
   1 |  0,00 | 10,447 | 670,19 | 670,19 | 692,75 |  0,00 | 0,394 | 44,35 | 44,35 |  0,00 | 3,163 | 286,41 | 286,41 |  0,00 | 15,687 | 276,34 | 276,34 |  0,00 | 180,968 | 63,09 | 63,09 | 379,076 |   NaN | NaN | 0,00 | 0,00 | NaN
   2 |  0,00 | 17,386 | 671,10 | 671,10 | 696,46 |  0,00 | 0,406 | 44,35 | 44,35 |  0,00 | 0,427 | 281,96 | 281,96 |  0,00 | 1,122 | 281,70 | 281,70 |  0,00 | 552,811 | 63,09 | 63,09 | 1125,891 |   NaN | NaN | 0,00 | 0,00 | NaN
   3 |  0,00 | 16,679 | 671,13 | 671,13 | 692,22 |  0,00 | 0,342 | 44,35 | 44,35 |  0,00 | 0,376 | 282,02 | 282,02 |  0,00 | 1,702 | 281,67 | 281,67 |  0,00 | 526,139 | 63,09 | 63,09 | 1072,496 |   NaN | NaN | 0,00 | 0,00 | NaN
   4 |  0,00 | 8,541 | 676,16 | 676,16 | 697,29 |  0,00 | 0,348 | 44,35 | 44,35 |  0,00 | 4,883 | 287,40 | 287,40 |  0,00 | 11,780 | 281,32 | 281,32 |  0,00 | 136,141 | 63,09 | 63,09 | 282,928 |   NaN | NaN | 0,00 | 0,00 | NaN
   5 |  0,00 | 23,264 | 668,90 | 668,90 | 690,14 |  0,00 | 0,374 | 44,35 | 44,35 |  0,00 | 0,791 | 281,41 | 281,41 |  0,00 | 1,349 | 280,05 | 280,05 |  0,00 | 740,303 | 63,09 | 63,09 | 1500,703 |   NaN | NaN | 0,00 | 0,00 | NaN
   6 |  0,00 | 19,359 | 674,81 | 674,81 | 695,91 |  0,00 | 0,322 | 44,35 | 44,35 |  0,00 | 0,437 | 284,50 | 284,50 |  0,00 | 1,817 | 282,87 | 282,87 |  0,00 | 615,061 | 63,09 | 63,09 | 1249,812 |   NaN | NaN | 0,00 | 0,00 | NaN
   7 |  0,00 | 10,941 | 671,38 | 671,38 | 692,49 |  0,00 | 0,340 | 44,35 | 44,35 |  0,00 | 0,729 | 282,79 | 282,79 |  0,00 | 8,182 | 281,15 | 281,15 |  0,00 | 280,076 | 63,09 | 63,09 | 579,904 |   NaN | NaN | 0,00 | 0,00 | NaN
   8 |  0,00 | 17,894 | 673,26 | 673,26 | 695,47 |  0,00 | 0,391 | 44,35 | 44,35 |  0,00 | 0,415 | 280,72 | 280,72 |  0,00 | 1,052 | 285,09 | 285,09 |  0,00 | 571,551 | 63,09 | 63,09 | 1163,171 |   NaN | NaN | 0,00 | 0,00 | NaN
   9 |  0,00 | 13,173 | 673,04 | 673,04 | 694,15 |  0,00 | 0,330 | 44,35 | 44,35 |  0,00 | 0,362 | 285,09 | 285,09 |  0,00 | 3,320 | 280,51 | 280,51 |  0,00 | 398,273 | 63,09 | 63,09 | 816,481 |   NaN | NaN | 0,00 | 0,00 | NaN
  10 |  0,00 | 9,555 | 671,08 | 671,08 | 693,34 |  0,00 | 0,391 | 44,35 | 44,35 |  0,00 | 3,437 | 282,15 | 282,15 |  0,00 | 13,187 | 281,49 | 281,49 |  0,00 | 168,630 | 63,09 | 63,09 | 349,830 |   NaN | NaN | 0,00 | 0,00 | NaN
  11 |  0,00 | 31,617 | 666,17 | 666,17 | 687,26 |  0,00 | 0,331 | 44,35 | 44,35 |  0,00 | 0,589 | 276,26 | 276,26 |  0,00 | 1,514 | 282,47 | 282,47 |  0,00 | 1012,915 | 63,09 | 63,09 | 2046,895 |   NaN | NaN | 0,00 | 0,00 | NaN
  12 |  0,00 | 19,995 | 670,95 | 670,95 | 693,54 |  0,00 | 0,393 | 44,35 | 44,35 |  0,00 | 0,622 | 282,20 | 282,20 |  0,00 | 0,993 | 281,30 | 281,30 |  0,00 | 638,230 | 63,09 | 63,09 | 1296,259 |   NaN | NaN | 0,00 | 0,00 | NaN
  13 |  0,00 | 17,415 | 661,86 | 661,86 | 682,95 |  0,00 | 0,358 | 44,35 | 44,35 |  0,00 | 0,416 | 277,20 | 277,20 |  0,00 | 1,380 | 277,21 | 277,21 |  0,00 | 547,869 | 63,09 | 63,09 | 1115,625 |   NaN | NaN | 0,00 | 0,00 | NaN
  14 |  0,00 | 22,899 | 672,89 | 672,89 | 696,46 |  0,00 | 0,399 | 44,35 | 44,35 |  0,00 | 0,587 | 282,74 | 282,74 |  0,00 | 1,360 | 282,71 | 282,71 |  0,00 | 732,183 | 63,09 | 63,09 | 1484,593 |   NaN | NaN | 0,00 | 0,00 | NaN
  15 |  0,00 | 10,897 | 667,24 | 667,24 | 689,74 |  0,00 | 0,393 | 44,35 | 44,35 |  0,00 | 0,564 | 277,61 | 277,61 |  0,00 | 8,360 | 282,19 | 282,19 |  0,00 | 276,234 | 63,09 | 63,09 | 572,298 |   NaN | NaN | 0,00 | 0,00 | NaN
  16 |  0,00 | 14,505 | 674,92 | 674,92 | 696,57 |  0,00 | 0,384 | 44,35 | 44,35 |  0,00 | 0,396 | 282,08 | 282,08 |  0,00 | 1,450 | 285,40 | 285,40 |  0,00 | 457,342 | 63,09 | 63,09 | 934,716 |   NaN | NaN | 0,00 | 0,00 | NaN
  17 |  0,00 | 14,517 | 673,41 | 673,41 | 696,67 |  0,00 | 0,397 | 44,35 | 44,35 |  0,00 | 0,429 | 282,72 | 282,72 |  0,00 | 3,170 | 283,25 | 283,25 |  0,00 | 442,200 | 63,09 | 63,09 | 904,432 |   NaN | NaN | 0,00 | 0,00 | NaN
  18 |  0,00 | 33,535 | 670,60 | 670,60 | 691,81 |  0,00 | 0,374 | 44,35 | 44,35 |  0,00 | 0,491 | 280,39 | 280,39 |  0,00 | 1,107 | 282,77 | 282,77 |  0,00 | 1083,803 | 63,09 | 63,09 | 2188,466 |   NaN | NaN | 0,00 | 0,00 | NaN
  19 |  0,00 | 27,573 | 664,66 | 664,66 | 685,79 |  0,00 | 0,365 | 44,35 | 44,35 |  0,00 | 0,895 | 277,45 | 277,45 |  0,00 | 1,634 | 279,76 | 279,76 |  0,00 | 875,325 | 63,09 | 63,09 | 1770,966 |   NaN | NaN | 0,00 | 0,00 | NaN
  20 |  0,00 | 31,860 | 666,99 | 666,99 | 688,14 |  0,00 | 0,361 | 44,35 | 44,35 |  0,00 | 0,431 | 283,27 | 283,27 |  0,00 | 0,941 | 276,28 | 276,28 |  0,00 | 1027,500 | 63,09 | 63,09 | 2075,986 |   NaN | NaN | 0,00 | 0,00 | NaN
  21 |  0,00 | 10,399 | 662,06 | 662,06 | 683,24 |  0,00 | 0,365 | 44,35 | 44,35 |  0,00 | 2,411 | 277,81 | 277,81 |  0,00 | 11,530 | 276,81 | 276,81 |  0,00 | 218,511 | 63,09 | 63,09 | 455,988 |   NaN | NaN | 0,00 | 0,00 | NaN
  22 |  0,00 | 23,998 | 676,10 | 676,10 | 700,81 |  0,00 | 0,404 | 44,35 | 44,35 |  0,00 | 0,627 | 288,84 | 288,84 |  0,00 | 1,772 | 279,82 | 279,82 |  0,00 | 766,890 | 63,09 | 63,09 | 1554,112 |   NaN | NaN | 0,00 | 0,00 | NaN
  23 |  0,00 | 29,930 | 673,72 | 673,72 | 695,40 |  0,00 | 0,386 | 44,35 | 44,35 |  0,00 | 0,635 | 284,68 | 284,68 |  0,00 | 2,296 | 281,60 | 281,60 |  0,00 | 956,406 | 63,09 | 63,09 | 1933,495 |   NaN | NaN | 0,00 | 0,00 | NaN
  24 |  0,00 | 17,372 | 670,34 | 670,34 | 691,45 |  0,00 | 0,347 | 44,35 | 44,35 |  0,00 | 0,373 | 280,98 | 280,98 |  0,00 | 1,968 | 281,92 | 281,92 |  0,00 | 546,164 | 63,09 | 63,09 | 1112,555 |   NaN | NaN | 0,00 | 0,00 | NaN
  25 |  0,00 | 10,960 | 676,94 | 676,94 | 701,89 |  0,00 | 0,405 | 44,35 | 44,35 |  0,00 | 0,462 | 281,28 | 281,28 |  0,00 | 4,847 | 288,22 | 288,22 |  0,00 | 310,760 | 63,09 | 63,09 | 641,377 |   NaN | NaN | 0,00 | 0,00 | NaN
  26 |  0,00 | 10,603 | 668,37 | 668,37 | 692,41 |  0,00 | 0,401 | 44,35 | 44,35 |  0,00 | 1,194 | 280,28 | 280,28 |  0,00 | 7,674 | 280,65 | 280,65 |  0,00 | 267,583 | 63,09 | 63,09 | 554,744 |   NaN | NaN | 0,00 | 0,00 | NaN
  27 |  0,00 | 34,004 | 666,99 | 666,99 | 688,08 |  0,00 | 0,328 | 44,35 | 44,35 |  0,00 | 0,483 | 281,64 | 281,64 |  0,00 | 1,126 | 277,90 | 277,90 |  0,00 | 1096,254 | 63,09 | 63,09 | 2213,316 |   NaN | NaN | 0,00 | 0,00 | NaN
  28 |  0,00 | 30,313 | 665,86 | 665,86 | 688,53 |  0,00 | 0,394 | 44,35 | 44,35 |  0,00 | 1,053 | 281,50 | 281,50 |  0,00 | 1,937 | 276,92 | 276,92 |  0,00 | 961,675 | 63,09 | 63,09 | 1944,021 |   NaN | NaN | 0,00 | 0,00 | NaN
  29 |  0,00 | 31,065 | 674,17 | 674,17 | 695,37 |  0,00 | 0,373 | 44,35 | 44,35 |  0,00 | 0,695 | 283,79 | 283,79 |  0,00 | 1,443 | 282,94 | 282,94 |  0,00 | 1001,234 | 63,09 | 63,09 | 2023,436 |   NaN | NaN | 0,00 | 0,00 | NaN
  30 |  0,00 | 32,821 | 666,55 | 666,55 | 691,31 |  0,00 | 0,404 | 44,35 | 44,35 |  0,00 | 0,617 | 279,27 | 279,27 |  0,00 | 1,444 | 279,84 | 279,84 |  0,00 | 1051,950 | 63,09 | 63,09 | 2124,785 |   NaN | NaN | 0,00 | 0,00 | NaN
  31 |  0,00 | 29,931 | 668,00 | 668,00 | 689,18 |  0,00 | 0,371 | 44,35 | 44,35 |  0,00 | 0,730 | 279,98 | 279,98 |  0,00 | 1,555 | 280,58 | 280,58 |  0,00 | 957,362 | 63,09 | 63,09 | 1935,365 |   NaN | NaN | 0,00 | 0,00 | NaN
  32 |  0,00 | 31,838 | 669,60 | 669,60 | 690,69 |  0,00 | 0,327 | 44,35 | 44,35 |  0,00 | 0,894 | 280,78 | 280,78 |  0,00 | 2,078 | 281,38 | 281,38 |  0,00 | 1016,192 | 63,09 | 63,09 | 2053,234 |   NaN | NaN | 0,00 | 0,00 | NaN
  33 |  0,00 | 32,602 | 665,69 | 665,69 | 688,05 |  0,00 | 0,392 | 44,35 | 44,35 |  0,00 | 0,614 | 277,86 | 277,86 |  0,00 | 1,938 | 280,39 | 280,39 |  0,00 | 1040,145 | 63,09 | 63,09 | 2101,078 |   NaN | NaN | 0,00 | 0,00 | NaN
  34 |  0,00 | 34,952 | 664,54 | 664,54 | 686,09 |  0,00 | 0,384 | 44,35 | 44,35 |  0,00 | 0,423 | 280,79 | 280,79 |  0,00 | 0,741 | 276,31 | 276,31 |  0,00 | 1127,744 | 63,09 | 63,09 | 2276,443 |   NaN | NaN | 0,00 | 0,00 | NaN
  35 |  0,00 | 35,640 | 673,98 | 673,98 | 695,07 |  0,00 | 0,333 | 44,35 | 44,35 |  0,00 | 0,346 | 283,18 | 283,18 |  0,00 | 0,615 | 283,36 | 283,36 |  0,00 | 1162,557 | 63,09 | 63,09 | 2345,898 |   NaN | NaN | 0,00 | 0,00 | NaN
  36 |  0,00 | 34,340 | 665,66 | 665,66 | 687,44 |  0,00 | 0,386 | 44,35 | 44,35 |  0,00 | 0,477 | 276,56 | 276,56 |  0,00 | 0,705 | 281,66 | 281,66 |  0,00 | 1108,560 | 63,09 | 63,09 | 2238,045 |   NaN | NaN | 0,00 | 0,00 | NaN
  37 |  0,00 | 31,549 | 675,35 | 675,35 | 696,52 |  0,00 | 0,369 | 44,35 | 44,35 |  0,00 | 0,901 | 285,98 | 285,98 |  0,00 | 1,890 | 281,93 | 281,93 |  0,00 | 1012,790 | 63,09 | 63,09 | 2046,439 |   NaN | NaN | 0,00 | 0,00 | NaN
  38 |  0,00 | 33,080 | 669,66 | 669,66 | 690,78 |  0,00 | 0,360 | 44,35 | 44,35 |  0,00 | 0,689 | 282,16 | 282,16 |  0,00 | 1,195 | 280,05 | 280,05 |  0,00 | 1065,554 | 63,09 | 63,09 | 2151,940 |   NaN | NaN | 0,00 | 0,00 | NaN
  39 |  0,00 | 32,453 | 662,93 | 662,93 | 687,59 |  0,00 | 0,403 | 44,35 | 44,35 |  0,00 | 0,791 | 278,47 | 278,47 |  0,00 | 1,940 | 277,02 | 277,02 |  0,00 | 1030,987 | 63,09 | 63,09 | 2082,940 |   NaN | NaN | 0,00 | 0,00 | NaN
  40 |  0,00 | 34,048 | 661,98 | 661,98 | 686,68 |  0,00 | 0,404 | 44,35 | 44,35 |  0,00 | 0,531 | 278,38 | 278,38 |  0,00 | 0,949 | 276,16 | 276,16 |  0,00 | 1092,607 | 63,09 | 63,09 | 2206,065 |   NaN | NaN | 0,00 | 0,00 | NaN
  41 |  0,00 | 30,934 | 672,60 | 672,60 | 694,43 |  0,00 | 0,386 | 44,35 | 44,35 |  0,00 | 0,940 | 279,59 | 279,59 |  0,00 | 2,835 | 285,57 | 285,57 |  0,00 | 981,258 | 63,09 | 63,09 | 1983,159 |   NaN | NaN | 0,00 | 0,00 | NaN
  42 |  0,00 | 31,039 | 674,10 | 674,10 | 695,17 |  0,00 | 0,332 | 44,35 | 44,35 |  0,00 | 0,838 | 283,39 | 283,39 |  0,00 | 1,942 | 283,26 | 283,26 |  0,00 | 995,423 | 63,09 | 63,09 | 2011,481 |   NaN | NaN | 0,00 | 0,00 | NaN
  43 |  0,00 | 32,027 | 673,51 | 673,51 | 697,82 |  0,00 | 0,411 | 44,35 | 44,35 |  0,00 | 0,684 | 282,93 | 282,93 |  0,00 | 1,212 | 283,14 | 283,14 |  0,00 | 1033,858 | 63,09 | 63,09 | 2088,637 |   NaN | NaN | 0,00 | 0,00 | NaN
  44 |  0,00 | 30,290 | 674,86 | 674,86 | 695,92 |  0,00 | 0,323 | 44,35 | 44,35 |  0,00 | 0,618 | 281,65 | 281,65 |  0,00 | 1,751 | 285,76 | 285,76 |  0,00 | 974,968 | 63,09 | 63,09 | 1970,435 |   NaN | NaN | 0,00 | 0,00 | NaN
  45 |  0,00 | 30,903 | 671,66 | 671,66 | 697,28 |  0,00 | 0,407 | 44,35 | 44,35 |  0,00 | 0,781 | 286,42 | 286,42 |  0,00 | 1,790 | 277,80 | 277,80 |  0,00 | 989,581 | 63,09 | 63,09 | 1999,813 |   NaN | NaN | 0,00 | 0,00 | NaN
  46 |  0,00 | 32,066 | 669,08 | 669,08 | 690,18 |  0,00 | 0,346 | 44,35 | 44,35 |  0,00 | 0,532 | 277,77 | 277,77 |  0,00 | 1,723 | 283,87 | 283,87 |  0,00 | 1028,767 | 63,09 | 63,09 | 2078,576 |   NaN | NaN | 0,00 | 0,00 | NaN
  47 |  0,00 | 30,023 | 665,50 | 665,50 | 686,55 |  0,00 | 0,344 | 44,35 | 44,35 |  0,00 | 0,670 | 281,30 | 281,30 |  0,00 | 1,726 | 276,76 | 276,76 |  0,00 | 957,756 | 63,09 | 63,09 | 1936,143 |   NaN | NaN | 0,00 | 0,00 | NaN
  48 |  0,00 | 30,489 | 664,90 | 664,90 | 686,13 |  0,00 | 0,374 | 44,35 | 44,35 |  0,00 | 0,796 | 278,29 | 278,29 |  0,00 | 1,290 | 279,17 | 279,17 |  0,00 | 974,548 | 63,09 | 63,09 | 1969,657 |   NaN | NaN | 0,00 | 0,00 | NaN
  49 |  0,00 | 30,175 | 664,46 | 664,46 | 686,21 |  0,00 | 0,386 | 44,35 | 44,35 |  0,00 | 1,105 | 279,91 | 279,91 |  0,00 | 2,155 | 277,10 | 277,10 |  0,00 | 953,892 | 63,09 | 63,09 | 1928,470 |   NaN | NaN | 0,00 | 0,00 | NaN
  50 |  0,00 | 32,282 | 668,90 | 668,90 | 689,99 |  0,00 | 0,340 | 44,35 | 44,35 |  0,00 | 0,556 | 282,09 | 282,09 |  0,00 | 1,774 | 279,37 | 279,37 |  0,00 | 1035,547 | 63,09 | 63,09 | 2091,975 |   NaN | NaN | 0,00 | 0,00 | NaN
  51 |  0,00 | 30,493 | 670,36 | 670,36 | 691,46 |  0,00 | 0,338 | 44,35 | 44,35 |  0,00 | 0,545 | 281,21 | 281,21 |  0,00 | 1,487 | 281,71 | 281,71 |  0,00 | 980,412 | 63,09 | 63,09 | 1981,492 |   NaN | NaN | 0,00 | 0,00 | NaN
  52 |  0,00 | 31,052 | 668,48 | 668,48 | 689,61 |  0,00 | 0,365 | 44,35 | 44,35 |  0,00 | 0,608 | 277,02 | 277,02 |  0,00 | 2,196 | 284,02 | 284,02 |  0,00 | 990,064 | 63,09 | 63,09 | 2000,794 |   NaN | NaN | 0,00 | 0,00 | NaN
  53 |  0,00 | 31,977 | 669,17 | 669,17 | 690,29 |  0,00 | 0,352 | 44,35 | 44,35 |  0,00 | 1,028 | 280,47 | 280,47 |  0,00 | 2,618 | 281,26 | 281,26 |  0,00 | 1014,296 | 63,09 | 63,09 | 2049,446 |   NaN | NaN | 0,00 | 0,00 | NaN
  54 |  0,00 | 31,370 | 664,92 | 664,92 | 686,04 |  0,00 | 0,355 | 44,35 | 44,35 |  0,00 | 0,978 | 280,32 | 280,32 |  0,00 | 2,692 | 277,15 | 277,15 |  0,00 | 990,299 | 63,09 | 63,09 | 2001,423 |   NaN | NaN | 0,00 | 0,00 | NaN
  55 |  0,00 | 32,887 | 668,62 | 668,62 | 689,68 |  0,00 | 0,340 | 44,35 | 44,35 |  0,00 | 0,491 | 279,91 | 279,91 |  0,00 | 1,045 | 281,26 | 281,26 |  0,00 | 1061,442 | 63,09 | 63,09 | 2143,564 |   NaN | NaN | 0,00 | 0,00 | NaN
  56 |  0,00 | 30,859 | 663,86 | 663,86 | 684,91 |  0,00 | 0,345 | 44,35 | 44,35 |  0,00 | 0,844 | 279,20 | 279,20 |  0,00 | 2,295 | 277,22 | 277,22 |  0,00 | 977,226 | 63,09 | 63,09 | 1975,005 |   NaN | NaN | 0,00 | 0,00 | NaN
  57 |  0,00 | 30,328 | 668,66 | 668,66 | 689,77 |  0,00 | 0,342 | 44,35 | 44,35 |  0,00 | 1,214 | 280,03 | 280,03 |  0,00 | 2,119 | 281,20 | 281,20 |  0,00 | 962,417 | 63,09 | 63,09 | 1945,399 |   NaN | NaN | 0,00 | 0,00 | NaN
  58 |  0,00 | 30,004 | 670,02 | 670,02 | 691,20 |  0,00 | 0,371 | 44,35 | 44,35 |  0,00 | 0,743 | 283,11 | 283,11 |  0,00 | 1,702 | 279,47 | 279,47 |  0,00 | 960,129 | 63,09 | 63,09 | 1940,695 |   NaN | NaN | 0,00 | 0,00 | NaN
  59 |  0,00 | 34,681 | 673,42 | 673,42 | 695,48 |  0,00 | 0,390 | 44,35 | 44,35 |  0,00 | 0,506 | 280,37 | 280,37 |  0,00 | 1,114 | 285,60 | 285,60 |  0,00 | 1123,903 | 63,09 | 63,09 | 2268,614 |   NaN | NaN | 0,00 | 0,00 | NaN
  60 |  0,00 | 30,659 | 671,00 | 671,00 | 692,12 |  0,00 | 0,325 | 44,35 | 44,35 |  0,00 | 0,690 | 282,74 | 282,74 |  0,00 | 2,009 | 280,82 | 280,82 |  0,00 | 981,077 | 63,09 | 63,09 | 1983,008 |   NaN | NaN | 0,00 | 0,00 | NaN
  61 |  0,00 | 31,611 | 673,21 | 673,21 | 694,30 |  0,00 | 0,347 | 44,35 | 44,35 |  0,00 | 0,635 | 282,31 | 282,31 |  0,00 | 1,652 | 283,46 | 283,46 |  0,00 | 1017,321 | 63,09 | 63,09 | 2055,770 |   NaN | NaN | 0,00 | 0,00 | NaN
  62 |  0,00 | 30,504 | 671,65 | 671,65 | 697,81 |  0,00 | 0,409 | 44,35 | 44,35 |  0,00 | 1,121 | 280,52 | 280,52 |  0,00 | 1,713 | 283,68 | 283,68 |  0,00 | 974,061 | 63,09 | 63,09 | 1968,680 |   NaN | NaN | 0,00 | 0,00 | NaN
  63 |  0,00 | 33,110 | 671,28 | 671,28 | 692,44 |  0,00 | 0,364 | 44,35 | 44,35 |  0,00 | 0,788 | 284,07 | 284,07 |  0,00 | 2,663 | 279,77 | 279,77 |  0,00 | 1054,941 | 63,09 | 63,09 | 2130,811 |   NaN | NaN | 0,00 | 0,00 | NaN
  64 |  0,00 | 31,122 | 663,05 | 663,05 | 689,00 |  0,00 | 0,408 | 44,35 | 44,35 |  0,00 | 0,804 | 278,59 | 278,59 |  0,00 | 1,526 | 277,01 | 277,01 |  0,00 | 991,067 | 63,09 | 63,09 | 2003,068 |   NaN | NaN | 0,00 | 0,00 | NaN

= = = = = = = = = = = = AVERAGE RESULTS system = = = = = = = = = = = =
meanPLR_system | 0,000000 
meanDelay_system | 26,325588 
meanLoad_system | 669,633205 
meanTHR_system | 669,633205 
meanGate_system | 691,711753 

meanPLR_EF_system | 0,000000 
meanPLR_AF_system | 0,000000 
meanPLR_BE_system | 0,000000 
meanPLR_FLA_system | 0,000000 
meanPLR_FLB_system | NaN 

meanTHR_EF_system | 44,352005 
meanTHR_AF_system | 281,309865 
meanTHR_BE_system | 280,881997 
meanTHR_FLA_system | 64,535177 
meanTHR_FLB_system | 0,000000 

meanLoad_EF_system | 44,352005 
meanLoad_AF_system | 281,309865 
meanLoad_BE_system | 280,881997 
meanLoad_FLA_system | 64,535177 
meanLoad_FLB_system | 0,000000 

meanDELAY_EF_system | 0,369241 
meanDELAY_AF_system | 0,842211 
meanDELAY_BE_system | 2,746584 
meanDELAY_FLA_system | 829,058328 
meanDELAY_FLB_system | NaN 
meanDELAY_CompleteFLA_system | 1678,311231 
meanDELAY_CompleteFLB_system | NaN 

= = = = = = = = = = = = AVERAGE RESULTS = = = = = = = = = = = =
Packet Loss Ratio: 00,00 (%)
PROCESSED PACKAGES: 1480380932 
DISCARTED PACKAGES: 0 
TOTAL PACKAGES: 1480380932 
AVERAGE DELAY: 4546,27 (ms) 
AVERAGE THROUGHPUT: 669,63 (Mbps) 
GRANTED THROUGHPUT: 44269,55 (Mbps) By 64 ONUs
EFFECTIVE THROUGHPUT: 42856,53 (Mbps) By 64 ONUs
TOTAL LOAD: 42856,53 (Mbps) By 64 ONUs
ON Arrival THROUGHPUT: 0,00 (Mbps) By 64 ONUs
FINISHTIMEFL: 130,905351 
FINISHTIME: 133,905351 


fileName | IPACT_LEAKYBUCKET_2_40_75_0 
