
ONU ID 	|  PLR(%) | Delay(ms) | Throughput(Mbps) | Granted Throughput(Mbps) | Total Load (Mbps) 

  ID |  PLR(%) |  D  | Thr |  Gates  |  Load  | PLR-EF | D-EF | ThrEF | LoadEF | PLR-AF | D-AF | ThrAF | LoadAF | PLR-BE | D-BE | ThrBE | LoadBE | PLR-FA | D-FA | ThrFA | LoadFA | DTFA |  PLR-FB | D-FB | ThrFB | LoadFB | DTFB | 
   1 | 16,15 | 302,125 | 755,98 | 901,63 | 760,23 |  0,00 | 1,408 | 44,35 | 44,35 |  0,00 | 42,970 | 373,87 | 373,87 | 40,16 | 1483,083 | 217,03 | 362,68 |  0,00 | 172,469 | 120,74 | 120,74 | 365,155 |   NaN | NaN | 0,00 | 0,00 | NaN
   2 | 16,00 | 293,371 | 755,77 | 899,68 | 760,08 |  0,00 | 1,420 | 44,35 | 44,35 |  0,00 | 11,239 | 365,68 | 365,68 | 39,01 | 1388,610 | 225,01 | 368,92 |  0,00 | 345,048 | 120,74 | 120,74 | 710,249 |   NaN | NaN | 0,00 | 0,00 | NaN
   3 | 16,47 | 296,421 | 756,27 | 905,39 | 760,52 |  0,00 | 1,356 | 44,35 | 44,35 |  0,00 | 15,973 | 371,89 | 371,89 | 40,48 | 1437,492 | 219,29 | 368,41 |  0,00 | 333,674 | 120,74 | 120,74 | 687,513 |   NaN | NaN | 0,00 | 0,00 | NaN
   4 | 16,64 | 302,205 | 754,93 | 905,59 | 759,20 |  0,00 | 1,362 | 44,35 | 44,35 |  0,00 | 54,500 | 375,31 | 375,31 | 41,25 | 1485,952 | 214,53 | 365,19 |  0,00 | 150,739 | 120,74 | 120,74 | 321,580 |   NaN | NaN | 0,00 | 0,00 | NaN
   5 | 15,78 | 287,782 | 755,80 | 897,46 | 760,08 |  0,00 | 1,388 | 44,35 | 44,35 |  0,00 | 9,542 | 367,77 | 367,77 | 38,85 | 1351,044 | 222,94 | 364,60 |  0,00 | 431,896 | 120,74 | 120,74 | 883,926 |   NaN | NaN | 0,00 | 0,00 | NaN
   6 | 16,57 | 292,099 | 756,40 | 906,59 | 760,67 |  0,00 | 1,336 | 44,35 | 44,35 |  0,00 | 11,201 | 372,44 | 372,44 | 40,70 | 1414,475 | 218,87 | 369,06 |  0,00 | 372,186 | 120,74 | 120,74 | 764,487 |   NaN | NaN | 0,00 | 0,00 | NaN
   7 | 16,01 | 298,020 | 755,91 | 900,05 | 760,17 |  0,00 | 1,355 | 44,35 | 44,35 |  0,00 | 37,198 | 367,35 | 367,35 | 39,21 | 1416,658 | 223,47 | 367,61 |  0,00 | 218,198 | 120,74 | 120,74 | 456,536 |   NaN | NaN | 0,00 | 0,00 | NaN
   8 | 16,67 | 294,813 | 755,75 | 906,92 | 760,04 |  0,00 | 1,405 | 44,35 | 44,35 |  0,00 | 12,020 | 369,34 | 369,34 | 40,59 | 1415,339 | 221,32 | 372,50 |  0,00 | 355,304 | 120,74 | 120,74 | 730,765 |   NaN | NaN | 0,00 | 0,00 | NaN
   9 | 16,29 | 297,486 | 756,01 | 903,16 | 760,28 |  0,00 | 1,344 | 44,35 | 44,35 |  0,00 | 24,106 | 371,14 | 371,14 | 40,10 | 1442,817 | 219,78 | 366,93 |  0,00 | 274,573 | 120,74 | 120,74 | 569,281 |   NaN | NaN | 0,00 | 0,00 | NaN
  10 | 16,09 | 301,397 | 756,06 | 900,99 | 760,33 |  0,00 | 1,405 | 44,35 | 44,35 |  0,00 | 51,317 | 369,40 | 369,40 | 39,54 | 1436,864 | 221,58 | 366,51 |  0,00 | 168,026 | 120,74 | 120,74 | 356,244 |   NaN | NaN | 0,00 | 0,00 | NaN
  11 | 15,33 | 278,356 | 755,66 | 892,44 | 759,94 |  0,00 | 1,345 | 44,35 | 44,35 |  0,00 | 3,796 | 361,20 | 361,20 | 37,36 | 1239,842 | 229,36 | 366,14 |  0,00 | 557,457 | 120,74 | 120,74 | 1135,041 |   NaN | NaN | 0,00 | 0,00 | NaN
  12 | 16,36 | 291,125 | 756,13 | 903,99 | 760,41 |  0,00 | 1,407 | 44,35 | 44,35 |  0,00 | 6,718 | 369,22 | 369,22 | 40,00 | 1393,844 | 221,82 | 369,68 |  0,00 | 384,369 | 120,74 | 120,74 | 788,860 |   NaN | NaN | 0,00 | 0,00 | NaN
  13 | 15,46 | 293,896 | 755,14 | 893,26 | 759,41 |  0,00 | 1,372 | 44,35 | 44,35 |  0,00 | 11,182 | 363,74 | 363,74 | 37,90 | 1383,107 | 226,31 | 364,43 |  0,00 | 345,492 | 120,74 | 120,74 | 711,091 |   NaN | NaN | 0,00 | 0,00 | NaN
  14 | 16,60 | 285,567 | 755,49 | 905,84 | 759,77 |  0,00 | 1,413 | 44,35 | 44,35 |  0,00 | 4,977 | 370,87 | 370,87 | 40,65 | 1369,296 | 219,53 | 369,88 |  0,00 | 427,352 | 120,74 | 120,74 | 874,787 |   NaN | NaN | 0,00 | 0,00 | NaN
  15 | 15,89 | 298,558 | 753,81 | 896,26 | 758,06 |  0,00 | 1,407 | 44,35 | 44,35 |  0,00 | 32,907 | 363,23 | 363,23 | 38,72 | 1410,090 | 225,49 | 367,95 |  0,00 | 222,604 | 120,74 | 120,74 | 465,430 |   NaN | NaN | 0,00 | 0,00 | NaN
  16 | 16,84 | 294,818 | 754,53 | 907,28 | 758,78 |  0,00 | 1,398 | 44,35 | 44,35 |  0,00 | 19,814 | 368,08 | 368,08 | 40,83 | 1415,340 | 221,36 | 374,11 |  0,00 | 303,433 | 120,74 | 120,74 | 626,993 |   NaN | NaN | 0,00 | 0,00 | NaN
  17 | 16,32 | 296,717 | 754,55 | 901,70 | 758,84 |  0,00 | 1,411 | 44,35 | 44,35 |  0,00 | 20,157 | 367,42 | 367,42 | 39,86 | 1423,553 | 222,05 | 369,20 |  0,00 | 293,593 | 120,74 | 120,74 | 607,262 |   NaN | NaN | 0,00 | 0,00 | NaN
  18 | 16,11 | 282,557 | 755,56 | 900,68 | 759,85 |  0,00 | 1,388 | 44,35 | 44,35 |  0,00 | 4,069 | 367,16 | 367,16 | 39,39 | 1285,177 | 223,31 | 368,44 |  0,00 | 591,744 | 120,74 | 120,74 | 1203,854 |   NaN | NaN | 0,00 | 0,00 | NaN
  19 | 15,47 | 283,171 | 755,25 | 893,49 | 759,53 |  0,00 | 1,379 | 44,35 | 44,35 |  0,00 | 5,033 | 362,45 | 362,45 | 37,78 | 1287,969 | 227,71 | 365,95 |  0,00 | 496,475 | 120,74 | 120,74 | 1013,005 |   NaN | NaN | 0,00 | 0,00 | NaN
  20 | 15,53 | 280,421 | 755,99 | 894,98 | 760,25 |  0,00 | 1,375 | 44,35 | 44,35 |  0,00 | 4,484 | 367,17 | 367,17 | 38,32 | 1279,158 | 223,73 | 362,72 |  0,00 | 565,563 | 120,74 | 120,74 | 1151,299 |   NaN | NaN | 0,00 | 0,00 | NaN
  21 | 15,09 | 298,561 | 755,20 | 889,43 | 759,46 |  0,00 | 1,379 | 44,35 | 44,35 |  0,00 | 40,334 | 363,85 | 363,85 | 37,24 | 1403,306 | 226,26 | 360,50 |  0,00 | 194,550 | 120,74 | 120,74 | 409,213 |   NaN | NaN | 0,00 | 0,00 | NaN
  22 | 16,86 | 290,140 | 755,68 | 908,95 | 759,97 |  0,00 | 1,418 | 44,35 | 44,35 |  0,00 | 8,342 | 378,23 | 378,23 | 41,92 | 1428,165 | 212,36 | 365,64 |  0,00 | 444,464 | 120,74 | 120,74 | 909,041 |   NaN | NaN | 0,00 | 0,00 | NaN
  23 | 16,41 | 284,173 | 755,24 | 903,56 | 759,55 |  0,00 | 1,400 | 44,35 | 44,35 |  0,00 | 4,563 | 369,59 | 369,59 | 40,21 | 1324,794 | 220,56 | 368,88 |  0,00 | 533,910 | 120,74 | 120,74 | 1087,912 |   NaN | NaN | 0,00 | 0,00 | NaN
  24 | 16,32 | 289,924 | 755,61 | 902,94 | 759,87 |  0,00 | 1,361 | 44,35 | 44,35 |  0,00 | 7,307 | 368,16 | 368,16 | 39,85 | 1394,499 | 222,36 | 369,69 |  0,00 | 345,445 | 120,74 | 120,74 | 711,015 |   NaN | NaN | 0,00 | 0,00 | NaN
  25 | 17,33 | 298,286 | 754,35 | 912,49 | 758,64 |  0,00 | 1,419 | 44,35 | 44,35 |  0,00 | 26,856 | 368,33 | 368,33 | 41,72 | 1443,220 | 220,93 | 379,07 |  0,00 | 237,350 | 120,74 | 120,74 | 494,788 |   NaN | NaN | 0,00 | 0,00 | NaN
  26 | 15,89 | 299,042 | 755,68 | 898,39 | 759,98 |  0,00 | 1,415 | 44,35 | 44,35 |  0,00 | 37,537 | 365,39 | 365,39 | 38,79 | 1411,329 | 225,20 | 367,92 |  0,00 | 214,090 | 120,74 | 120,74 | 448,265 |   NaN | NaN | 0,00 | 0,00 | NaN
  27 | 15,42 | 278,798 | 755,10 | 892,76 | 759,36 |  0,00 | 1,342 | 44,35 | 44,35 |  0,00 | 4,053 | 367,39 | 367,39 | 38,21 | 1267,556 | 222,62 | 360,29 |  0,00 | 596,947 | 120,74 | 120,74 | 1214,401 |   NaN | NaN | 0,00 | 0,00 | NaN
  28 | 15,55 | 284,375 | 754,49 | 893,43 | 758,77 |  0,00 | 1,408 | 44,35 | 44,35 |  0,00 | 5,360 | 367,20 | 367,20 | 38,47 | 1313,234 | 222,20 | 361,14 |  0,00 | 535,651 | 120,74 | 120,74 | 1091,371 |   NaN | NaN | 0,00 | 0,00 | NaN
  29 | 16,34 | 282,905 | 755,65 | 903,27 | 759,93 |  0,00 | 1,387 | 44,35 | 44,35 |  0,00 | 3,880 | 369,96 | 369,96 | 40,09 | 1314,110 | 220,60 | 368,22 |  0,00 | 551,209 | 120,74 | 120,74 | 1122,494 |   NaN | NaN | 0,00 | 0,00 | NaN
  30 | 15,27 | 280,902 | 756,02 | 892,31 | 760,31 |  0,00 | 1,418 | 44,35 | 44,35 |  0,00 | 3,494 | 361,89 | 361,89 | 37,31 | 1249,762 | 229,04 | 365,33 |  0,00 | 578,495 | 120,74 | 120,74 | 1177,044 |   NaN | NaN | 0,00 | 0,00 | NaN
  31 | 15,89 | 285,056 | 754,73 | 897,28 | 759,01 |  0,00 | 1,385 | 44,35 | 44,35 |  0,00 | 4,376 | 366,00 | 366,00 | 38,93 | 1310,125 | 223,65 | 366,19 |  0,00 | 533,943 | 120,74 | 120,74 | 1087,999 |   NaN | NaN | 0,00 | 0,00 | NaN
  32 | 15,56 | 283,469 | 756,13 | 895,46 | 760,42 |  0,00 | 1,341 | 44,35 | 44,35 |  0,00 | 5,380 | 363,39 | 363,39 | 37,97 | 1273,243 | 227,66 | 366,99 |  0,00 | 558,687 | 120,74 | 120,74 | 1137,478 |   NaN | NaN | 0,00 | 0,00 | NaN
  33 | 15,61 | 278,477 | 756,63 | 896,56 | 760,91 |  0,00 | 1,406 | 44,35 | 44,35 |  0,00 | 3,974 | 363,22 | 363,22 | 38,00 | 1243,737 | 228,32 | 368,25 |  0,00 | 569,852 | 120,74 | 120,74 | 1159,778 |   NaN | NaN | 0,00 | 0,00 | NaN
  34 | 14,97 | 278,186 | 756,53 | 889,69 | 760,81 |  0,00 | 1,398 | 44,35 | 44,35 |  0,00 | 2,962 | 365,35 | 365,35 | 37,06 | 1244,487 | 226,10 | 359,26 |  0,00 | 612,279 | 120,74 | 120,74 | 1245,242 |   NaN | NaN | 0,00 | 0,00 | NaN
  35 | 16,31 | 278,435 | 757,55 | 905,19 | 761,84 |  0,00 | 1,347 | 44,35 | 44,35 |  0,00 | 2,659 | 370,37 | 370,37 | 39,93 | 1265,023 | 222,09 | 369,73 |  0,00 | 626,126 | 120,74 | 120,74 | 1272,540 |   NaN | NaN | 0,00 | 0,00 | NaN
  36 | 15,46 | 279,306 | 754,79 | 892,85 | 759,08 |  0,00 | 1,400 | 44,35 | 44,35 |  0,00 | 2,985 | 359,73 | 359,73 | 37,51 | 1228,974 | 229,97 | 368,03 |  0,00 | 602,541 | 120,74 | 120,74 | 1225,471 |   NaN | NaN | 0,00 | 0,00 | NaN
  37 | 16,75 | 285,338 | 755,15 | 907,05 | 759,43 |  0,00 | 1,383 | 44,35 | 44,35 |  0,00 | 4,922 | 373,48 | 373,48 | 41,22 | 1346,441 | 216,58 | 368,49 |  0,00 | 558,756 | 120,74 | 120,74 | 1137,558 |   NaN | NaN | 0,00 | 0,00 | NaN
  38 | 15,84 | 284,185 | 756,57 | 898,95 | 760,84 |  0,00 | 1,374 | 44,35 | 44,35 |  0,00 | 5,234 | 368,64 | 368,64 | 38,99 | 1297,627 | 222,84 | 365,22 |  0,00 | 582,894 | 120,74 | 120,74 | 1185,860 |   NaN | NaN | 0,00 | 0,00 | NaN
  39 | 15,28 | 280,708 | 755,72 | 892,02 | 760,05 |  0,00 | 1,417 | 44,35 | 44,35 |  0,00 | 3,950 | 365,13 | 365,13 | 37,67 | 1269,573 | 225,51 | 361,81 |  0,00 | 568,386 | 120,74 | 120,74 | 1156,909 |   NaN | NaN | 0,00 | 0,00 | NaN
  40 | 15,41 | 277,158 | 754,50 | 891,92 | 758,80 |  0,00 | 1,418 | 44,35 | 44,35 |  0,00 | 3,688 | 364,00 | 364,00 | 37,87 | 1243,116 | 225,41 | 362,83 |  0,00 | 595,556 | 120,74 | 120,74 | 1211,482 |   NaN | NaN | 0,00 | 0,00 | NaN
  41 | 16,48 | 286,469 | 754,89 | 903,89 | 759,17 |  0,00 | 1,400 | 44,35 | 44,35 |  0,00 | 5,506 | 366,79 | 366,79 | 40,05 | 1316,557 | 223,01 | 372,02 |  0,00 | 543,155 | 120,74 | 120,74 | 1106,461 |   NaN | NaN | 0,00 | 0,00 | NaN
  42 | 16,32 | 285,461 | 756,07 | 903,48 | 760,35 |  0,00 | 1,346 | 44,35 | 44,35 |  0,00 | 5,044 | 367,91 | 367,91 | 39,79 | 1311,436 | 223,07 | 370,48 |  0,00 | 551,241 | 120,74 | 120,74 | 1122,432 |   NaN | NaN | 0,00 | 0,00 | NaN
  43 | 16,52 | 283,561 | 755,75 | 905,25 | 760,05 |  0,00 | 1,425 | 44,35 | 44,35 |  0,00 | 3,605 | 369,21 | 369,21 | 40,30 | 1307,831 | 221,45 | 370,95 |  0,00 | 568,306 | 120,74 | 120,74 | 1156,721 |   NaN | NaN | 0,00 | 0,00 | NaN
  44 | 16,73 | 286,108 | 755,95 | 907,87 | 760,22 |  0,00 | 1,337 | 44,35 | 44,35 |  0,00 | 4,662 | 367,89 | 367,89 | 40,52 | 1318,814 | 222,97 | 374,89 |  0,00 | 540,200 | 120,74 | 120,74 | 1100,463 |   NaN | NaN | 0,00 | 0,00 | NaN
  45 | 16,50 | 278,664 | 754,52 | 903,63 | 758,82 |  0,00 | 1,421 | 44,35 | 44,35 |  0,00 | 5,233 | 375,21 | 375,21 | 41,04 | 1326,984 | 214,22 | 363,34 |  0,00 | 549,650 | 120,74 | 120,74 | 1119,300 |   NaN | NaN | 0,00 | 0,00 | NaN
  46 | 15,66 | 277,369 | 755,81 | 896,14 | 760,09 |  0,00 | 1,360 | 44,35 | 44,35 |  0,00 | 3,864 | 361,76 | 361,76 | 38,00 | 1235,396 | 228,96 | 369,29 |  0,00 | 565,551 | 120,74 | 120,74 | 1151,320 |   NaN | NaN | 0,00 | 0,00 | NaN
  47 | 15,22 | 283,483 | 756,24 | 891,99 | 760,51 |  0,00 | 1,358 | 44,35 | 44,35 |  0,00 | 4,411 | 366,72 | 366,72 | 37,69 | 1301,196 | 224,43 | 360,18 |  0,00 | 530,949 | 120,74 | 120,74 | 1082,029 |   NaN | NaN | 0,00 | 0,00 | NaN
  48 | 15,34 | 282,181 | 755,45 | 892,37 | 759,73 |  0,00 | 1,388 | 44,35 | 44,35 |  0,00 | 3,935 | 363,88 | 363,88 | 37,68 | 1279,399 | 226,48 | 363,40 |  0,00 | 540,155 | 120,74 | 120,74 | 1100,437 |   NaN | NaN | 0,00 | 0,00 | NaN
  49 | 15,28 | 283,451 | 755,01 | 891,14 | 759,31 |  0,00 | 1,400 | 44,35 | 44,35 |  0,00 | 4,224 | 363,07 | 363,07 | 37,50 | 1285,422 | 226,86 | 362,98 |  0,00 | 530,899 | 120,74 | 120,74 | 1081,884 |   NaN | NaN | 0,00 | 0,00 | NaN
  50 | 15,83 | 281,540 | 755,00 | 896,94 | 759,26 |  0,00 | 1,354 | 44,35 | 44,35 |  0,00 | 4,470 | 368,19 | 368,19 | 39,03 | 1294,004 | 221,72 | 363,66 |  0,00 | 568,539 | 120,74 | 120,74 | 1157,115 |   NaN | NaN | 0,00 | 0,00 | NaN
  51 | 15,56 | 285,429 | 755,71 | 894,93 | 759,99 |  0,00 | 1,352 | 44,35 | 44,35 |  0,00 | 5,076 | 362,87 | 362,87 | 37,94 | 1286,379 | 227,75 | 366,97 |  0,00 | 543,940 | 120,74 | 120,74 | 1107,974 |   NaN | NaN | 0,00 | 0,00 | NaN
  52 | 15,82 | 281,819 | 755,59 | 897,60 | 759,89 |  0,00 | 1,379 | 44,35 | 44,35 |  0,00 | 4,335 | 362,58 | 362,58 | 38,39 | 1267,403 | 227,92 | 369,93 |  0,00 | 546,818 | 120,74 | 120,74 | 1113,760 |   NaN | NaN | 0,00 | 0,00 | NaN
  53 | 16,11 | 282,247 | 755,49 | 900,53 | 759,76 |  0,00 | 1,366 | 44,35 | 44,35 |  0,00 | 4,002 | 365,59 | 365,59 | 39,22 | 1283,954 | 224,82 | 369,86 |  0,00 | 560,528 | 120,74 | 120,74 | 1141,225 |   NaN | NaN | 0,00 | 0,00 | NaN
  54 | 15,13 | 282,708 | 755,69 | 890,42 | 759,95 |  0,00 | 1,368 | 44,35 | 44,35 |  0,00 | 5,210 | 366,47 | 366,47 | 37,54 | 1291,353 | 224,13 | 358,86 |  0,00 | 549,710 | 120,74 | 120,74 | 1119,523 |   NaN | NaN | 0,00 | 0,00 | NaN
  55 | 15,84 | 284,488 | 756,33 | 898,67 | 760,61 |  0,00 | 1,354 | 44,35 | 44,35 |  0,00 | 3,672 | 364,77 | 364,77 | 38,59 | 1281,192 | 226,48 | 368,82 |  0,00 | 582,786 | 120,74 | 120,74 | 1185,777 |   NaN | NaN | 0,00 | 0,00 | NaN
  56 | 15,31 | 282,764 | 755,24 | 891,77 | 759,52 |  0,00 | 1,359 | 44,35 | 44,35 |  0,00 | 4,415 | 365,91 | 365,91 | 37,85 | 1293,742 | 224,24 | 360,77 |  0,00 | 541,482 | 120,74 | 120,74 | 1102,955 |   NaN | NaN | 0,00 | 0,00 | NaN
  57 | 15,73 | 282,409 | 756,32 | 897,52 | 760,60 |  0,00 | 1,356 | 44,35 | 44,35 |  0,00 | 4,118 | 364,91 | 364,91 | 38,42 | 1284,217 | 226,33 | 367,52 |  0,00 | 533,923 | 120,74 | 120,74 | 1087,998 |   NaN | NaN | 0,00 | 0,00 | NaN
  58 | 15,94 | 287,166 | 755,75 | 899,06 | 760,03 |  0,00 | 1,385 | 44,35 | 44,35 |  0,00 | 4,721 | 367,96 | 367,96 | 39,15 | 1327,260 | 222,70 | 366,01 |  0,00 | 535,532 | 120,74 | 120,74 | 1091,119 |   NaN | NaN | 0,00 | 0,00 | NaN
  59 | 16,45 | 280,430 | 756,70 | 905,70 | 760,99 |  0,00 | 1,404 | 44,35 | 44,35 |  0,00 | 3,350 | 365,80 | 365,80 | 39,75 | 1256,791 | 225,81 | 374,82 |  0,00 | 608,959 | 120,74 | 120,74 | 1238,360 |   NaN | NaN | 0,00 | 0,00 | NaN
  60 | 15,99 | 284,181 | 755,48 | 899,28 | 759,76 |  0,00 | 1,339 | 44,35 | 44,35 |  0,00 | 5,056 | 367,94 | 367,94 | 39,26 | 1310,427 | 222,45 | 366,24 |  0,00 | 543,052 | 120,74 | 120,74 | 1106,167 |   NaN | NaN | 0,00 | 0,00 | NaN
  61 | 16,55 | 285,256 | 755,37 | 905,17 | 759,64 |  0,00 | 1,361 | 44,35 | 44,35 |  0,00 | 5,054 | 370,26 | 370,26 | 40,51 | 1324,169 | 220,02 | 369,82 |  0,00 | 562,673 | 120,74 | 120,74 | 1145,538 |   NaN | NaN | 0,00 | 0,00 | NaN
  62 | 16,23 | 286,440 | 755,57 | 901,98 | 759,89 |  0,00 | 1,423 | 44,35 | 44,35 |  0,00 | 4,808 | 367,05 | 367,05 | 39,59 | 1317,517 | 223,43 | 369,84 |  0,00 | 540,041 | 120,74 | 120,74 | 1100,128 |   NaN | NaN | 0,00 | 0,00 | NaN
  63 | 16,28 | 283,396 | 755,06 | 901,84 | 759,33 |  0,00 | 1,378 | 44,35 | 44,35 |  0,00 | 3,863 | 370,35 | 370,35 | 40,06 | 1313,894 | 219,62 | 366,41 |  0,00 | 578,533 | 120,74 | 120,74 | 1177,165 |   NaN | NaN | 0,00 | 0,00 | NaN
  64 | 15,22 | 277,134 | 754,70 | 890,24 | 759,01 |  0,00 | 1,422 | 44,35 | 44,35 |  0,00 | 4,223 | 363,61 | 363,61 | 37,49 | 1252,023 | 226,00 | 361,54 |  0,00 | 549,640 | 120,74 | 120,74 | 1119,268 |   NaN | NaN | 0,00 | 0,00 | NaN

= = = = = = = = = = = = AVERAGE RESULTS system = = = = = = = = = = = =
meanPLR_system | 15,971356 
meanDelay_system | 286,601252 
meanLoad_system | 899,207786 
meanTHR_system | 755,562127 
meanGate_system | 759,843965 

meanPLR_EF_system | 0,000000 
meanPLR_AF_system | 0,000000 
meanPLR_BE_system | 39,140610 
meanPLR_FLA_system | 0,000000 
meanPLR_FLB_system | NaN 

meanTHR_EF_system | 44,352002 
meanTHR_AF_system | 367,199063 
meanTHR_BE_system | 223,275522 
meanTHR_FLA_system | 123,859334 
meanTHR_FLB_system | 0,000000 

meanLoad_EF_system | 44,352002 
meanLoad_AF_system | 367,199063 
meanLoad_BE_system | 366,921180 
meanLoad_FLA_system | 123,859334 
meanLoad_FLB_system | 0,000000 

meanDELAY_EF_system | 1,383249 
meanDELAY_AF_system | 10,498715 
meanDELAY_BE_system | 1329,678018 
meanDELAY_FLA_system | 473,712324 
meanDELAY_FLB_system | NaN 
meanDELAY_CompleteFLA_system | 967,567799 
meanDELAY_CompleteFLB_system | NaN 

= = = = = = = = = = = = AVERAGE RESULTS = = = = = = = = = = = =
Packet Loss Ratio: 15,97 (%)
PROCESSED PACKAGES: 1386001013 
DISCARTED PACKAGES: 171170495 
TOTAL PACKAGES: 1557171508 
AVERAGE DELAY: 52178,70 (ms) 
AVERAGE THROUGHPUT: 755,56 (Mbps) 
GRANTED THROUGHPUT: 48630,01 (Mbps) By 64 ONUs
EFFECTIVE THROUGHPUT: 48355,98 (Mbps) By 64 ONUs
TOTAL LOAD: 57549,30 (Mbps) By 64 ONUs
ON Arrival THROUGHPUT: 0,00 (Mbps) By 64 ONUs
FINISHTIMEFL: 115,950890 
FINISHTIME: 118,950890 


fileName | IPACT_LBCONSTANTTOKENSBYCYCLE_1_68_98_0 
