
ONU ID 	|  PLR(%) | Delay(ms) | Throughput(Mbps) | Granted Throughput(Mbps) | Total Load (Mbps) 

  ID |  PLR(%) |  D  | Thr |  Gates  |  Load  | PLR-EF | D-EF | ThrEF | LoadEF | PLR-AF | D-AF | ThrAF | LoadAF | PLR-BE | D-BE | ThrBE | LoadBE | PLR-FA | D-FA | ThrFA | LoadFA | DTFA |  PLR-FB | D-FB | ThrFB | LoadFB | DTFB | 
   1 |  5,04 | 280,061 | 754,71 | 794,77 | 759,07 |  0,00 | 1,489 | 44,35 | 44,35 |  0,00 | 1,417 | 364,46 | 364,46 | 11,14 | 1034,303 | 319,65 | 359,71 |  0,00 | 333,270 | 26,26 | 26,26 | 649,416 |   NaN | NaN | 0,00 | 0,00 | NaN
   2 |  4,82 | 264,707 | 753,47 | 791,65 | 757,84 |  0,00 | 1,612 | 44,35 | 44,35 |  0,00 | 1,442 | 362,64 | 362,64 | 10,65 | 974,692 | 320,22 | 358,40 |  0,00 | 310,530 | 26,26 | 26,26 | 608,881 |   NaN | NaN | 0,00 | 0,00 | NaN
   3 |  4,33 | 264,543 | 753,24 | 787,32 | 757,60 |  0,00 | 1,372 | 44,35 | 44,35 |  0,00 | 1,365 | 356,67 | 356,67 |  9,46 | 957,664 | 325,97 | 360,04 |  0,00 | 299,412 | 26,26 | 26,26 | 601,957 |   NaN | NaN | 0,00 | 0,00 | NaN
   4 |  5,25 | 280,901 | 754,58 | 796,39 | 758,98 |  0,00 | 1,463 | 44,35 | 44,35 |  0,00 | 1,374 | 364,54 | 364,54 | 11,57 | 1037,659 | 319,44 | 361,24 |  0,00 | 345,864 | 26,26 | 26,26 | 698,153 |   NaN | NaN | 0,00 | 0,00 | NaN
   5 |  4,06 | 263,945 | 753,75 | 785,66 | 758,10 |  0,00 | 1,496 | 44,35 | 44,35 |  0,00 | 1,398 | 358,01 | 358,01 |  8,94 | 958,049 | 325,14 | 357,04 |  0,00 | 298,027 | 26,26 | 26,26 | 593,955 |   NaN | NaN | 0,00 | 0,00 | NaN
   6 |  4,76 | 273,798 | 754,33 | 792,00 | 758,71 |  0,00 | 1,411 | 44,35 | 44,35 |  0,00 | 1,345 | 361,30 | 361,30 | 10,46 | 1002,661 | 322,43 | 360,09 |  0,00 | 317,912 | 26,26 | 26,26 | 637,778 |   NaN | NaN | 0,00 | 0,00 | NaN
   7 |  4,69 | 269,503 | 754,47 | 791,61 | 758,85 |  0,00 | 1,389 | 44,35 | 44,35 |  0,00 | 1,363 | 359,33 | 359,33 | 10,27 | 981,033 | 324,53 | 361,67 |  0,00 | 305,108 | 26,26 | 26,26 | 616,750 |   NaN | NaN | 0,00 | 0,00 | NaN
   8 |  5,19 | 279,402 | 754,97 | 796,31 | 759,37 |  0,00 | 1,433 | 44,35 | 44,35 |  0,00 | 1,414 | 361,72 | 361,72 | 11,36 | 1023,385 | 322,64 | 363,98 |  0,00 | 313,972 | 26,26 | 26,26 | 627,627 |   NaN | NaN | 0,00 | 0,00 | NaN
   9 |  4,67 | 268,999 | 754,27 | 791,25 | 758,61 |  0,00 | 1,529 | 44,35 | 44,35 |  0,00 | 1,354 | 358,88 | 358,88 | 10,22 | 977,374 | 324,78 | 361,76 |  0,00 | 314,477 | 26,26 | 26,26 | 643,433 |   NaN | NaN | 0,00 | 0,00 | NaN
  10 |  4,64 | 276,063 | 754,96 | 791,73 | 759,32 |  0,00 | 1,461 | 44,35 | 44,35 |  0,00 | 1,414 | 362,39 | 362,39 | 10,25 | 1014,146 | 321,96 | 358,73 |  0,00 | 292,377 | 26,26 | 26,26 | 591,570 |   NaN | NaN | 0,00 | 0,00 | NaN
  11 |  4,62 | 276,949 | 753,68 | 790,17 | 758,02 |  0,00 | 1,419 | 44,35 | 44,35 |  0,00 | 1,354 | 358,75 | 358,75 | 10,11 | 1009,192 | 324,32 | 360,81 |  0,00 | 286,652 | 26,26 | 26,26 | 597,102 |   NaN | NaN | 0,00 | 0,00 | NaN
  12 |  4,56 | 269,641 | 754,51 | 790,56 | 758,89 |  0,00 | 1,445 | 44,35 | 44,35 |  0,00 | 1,416 | 358,55 | 358,55 |  9,97 | 979,513 | 325,35 | 361,40 |  0,00 | 292,909 | 26,26 | 26,26 | 599,503 |   NaN | NaN | 0,00 | 0,00 | NaN
  13 |  3,81 | 260,470 | 753,96 | 783,80 | 758,34 |  0,00 | 1,421 | 44,35 | 44,35 |  0,00 | 1,382 | 358,36 | 358,36 |  8,41 | 945,737 | 324,99 | 354,83 |  0,00 | 308,577 | 26,26 | 26,26 | 629,180 |   NaN | NaN | 0,00 | 0,00 | NaN
  14 |  5,39 | 275,844 | 752,83 | 795,70 | 757,22 |  0,00 | 1,448 | 44,35 | 44,35 |  0,00 | 1,422 | 362,00 | 362,00 | 11,81 | 1016,421 | 320,23 | 363,10 |  0,00 | 302,670 | 26,26 | 26,26 | 627,126 |   NaN | NaN | 0,00 | 0,00 | NaN
  15 |  4,65 | 281,921 | 753,50 | 790,23 | 757,88 |  0,00 | 1,550 | 44,35 | 44,35 |  0,00 | 1,419 | 356,03 | 356,03 | 10,10 | 1017,818 | 326,86 | 363,59 |  0,00 | 321,744 | 26,26 | 26,26 | 628,482 |   NaN | NaN | 0,00 | 0,00 | NaN
  16 |  5,65 | 286,336 | 753,63 | 798,72 | 757,98 |  0,00 | 1,550 | 44,35 | 44,35 |  0,00 | 1,415 | 363,16 | 363,16 | 12,35 | 1057,523 | 319,86 | 364,94 |  0,00 | 301,102 | 26,26 | 26,26 | 604,154 |   NaN | NaN | 0,00 | 0,00 | NaN
  17 |  4,61 | 276,840 | 754,08 | 790,50 | 758,46 |  0,00 | 1,445 | 44,35 | 44,35 |  0,00 | 1,421 | 360,87 | 360,87 | 10,15 | 1014,008 | 322,61 | 359,03 |  0,00 | 292,300 | 26,26 | 26,26 | 594,631 |   NaN | NaN | 0,00 | 0,00 | NaN
  18 |  4,35 | 278,214 | 753,88 | 788,17 | 758,25 |  0,00 | 1,458 | 44,35 | 44,35 |  0,00 | 1,398 | 359,48 | 359,48 |  9,58 | 1014,139 | 323,80 | 358,09 |  0,00 | 320,504 | 26,26 | 26,26 | 645,665 |   NaN | NaN | 0,00 | 0,00 | NaN
  19 |  3,63 | 271,985 | 754,86 | 783,33 | 759,22 |  0,00 | 1,424 | 44,35 | 44,35 |  0,00 | 1,388 | 355,17 | 355,17 |  7,96 | 977,071 | 329,08 | 357,55 |  0,00 | 299,831 | 26,26 | 26,26 | 605,631 |   NaN | NaN | 0,00 | 0,00 | NaN
  20 |  3,71 | 251,274 | 753,88 | 782,93 | 758,24 |  0,00 | 1,400 | 44,35 | 44,35 |  0,00 | 1,383 | 359,20 | 359,20 |  8,23 | 914,429 | 324,07 | 353,12 |  0,00 | 302,514 | 26,26 | 26,26 | 612,976 |   NaN | NaN | 0,00 | 0,00 | NaN
  21 |  3,53 | 255,777 | 753,86 | 781,41 | 758,26 |  0,00 | 1,401 | 44,35 | 44,35 |  0,00 | 1,388 | 357,66 | 357,66 |  7,80 | 926,860 | 325,59 | 353,14 |  0,00 | 302,107 | 26,26 | 26,26 | 615,968 |   NaN | NaN | 0,00 | 0,00 | NaN
  22 |  4,98 | 284,228 | 754,48 | 794,00 | 758,89 |  0,00 | 1,502 | 44,35 | 44,35 |  0,00 | 1,435 | 364,69 | 364,69 | 11,02 | 1052,318 | 319,18 | 358,70 |  0,00 | 310,868 | 26,26 | 26,26 | 639,315 |   NaN | NaN | 0,00 | 0,00 | NaN
  23 |  4,80 | 276,864 | 754,15 | 792,21 | 758,53 |  0,00 | 1,599 | 44,35 | 44,35 |  0,00 | 1,412 | 361,75 | 361,75 | 10,58 | 1015,136 | 321,79 | 359,85 |  0,00 | 326,016 | 26,26 | 26,26 | 640,412 |   NaN | NaN | 0,00 | 0,00 | NaN
  24 |  5,37 | 284,725 | 754,41 | 797,24 | 758,78 |  0,00 | 1,399 | 44,35 | 44,35 |  0,00 | 1,370 | 363,68 | 363,68 | 11,80 | 1051,584 | 320,12 | 362,95 |  0,00 | 300,324 | 26,26 | 26,26 | 605,599 |   NaN | NaN | 0,00 | 0,00 | NaN
  25 |  4,96 | 284,651 | 754,68 | 794,03 | 759,07 |  0,00 | 1,443 | 44,35 | 44,35 |  0,00 | 1,428 | 357,41 | 357,41 | 10,75 | 1029,414 | 326,67 | 366,02 |  0,00 | 324,592 | 26,26 | 26,26 | 649,861 |   NaN | NaN | 0,00 | 0,00 | NaN
  26 |  4,31 | 274,623 | 754,75 | 788,74 | 759,14 |  0,00 | 1,457 | 44,35 | 44,35 |  0,00 | 1,423 | 360,42 | 360,42 |  9,50 | 1002,521 | 323,72 | 357,71 |  0,00 | 302,896 | 26,26 | 26,26 | 602,621 |   NaN | NaN | 0,00 | 0,00 | NaN
  27 |  4,44 | 273,786 | 754,10 | 789,17 | 758,47 |  0,00 | 1,464 | 44,35 | 44,35 |  0,00 | 1,355 | 361,22 | 361,22 |  9,81 | 1003,057 | 322,27 | 357,34 |  0,00 | 309,718 | 26,26 | 26,26 | 630,413 |   NaN | NaN | 0,00 | 0,00 | NaN
  28 |  3,88 | 265,128 | 754,51 | 784,93 | 758,91 |  0,00 | 1,444 | 44,35 | 44,35 |  0,00 | 1,417 | 359,28 | 359,28 |  8,57 | 963,762 | 324,63 | 355,05 |  0,00 | 323,339 | 26,26 | 26,26 | 646,427 |   NaN | NaN | 0,00 | 0,00 | NaN
  29 |  4,71 | 274,246 | 754,05 | 791,34 | 758,44 |  0,00 | 1,574 | 44,35 | 44,35 |  0,00 | 1,403 | 358,47 | 358,47 | 10,29 | 995,432 | 324,97 | 362,26 |  0,00 | 322,749 | 26,26 | 26,26 | 658,790 |   NaN | NaN | 0,00 | 0,00 | NaN
  30 |  4,55 | 272,712 | 753,73 | 789,67 | 758,12 |  0,00 | 1,455 | 44,35 | 44,35 |  0,00 | 1,427 | 358,39 | 358,39 |  9,96 | 991,331 | 324,73 | 360,67 |  0,00 | 311,314 | 26,26 | 26,26 | 614,293 |   NaN | NaN | 0,00 | 0,00 | NaN
  31 |  4,29 | 264,955 | 754,09 | 787,89 | 758,46 |  0,00 | 1,418 | 44,35 | 44,35 |  0,00 | 1,393 | 358,94 | 358,94 |  9,43 | 964,573 | 324,55 | 358,34 |  0,00 | 286,181 | 26,26 | 26,26 | 584,090 |   NaN | NaN | 0,00 | 0,00 | NaN
  32 |  4,76 | 274,011 | 754,50 | 792,17 | 758,87 |  0,00 | 1,739 | 44,35 | 44,35 |  0,00 | 1,392 | 360,18 | 360,18 | 10,42 | 998,751 | 323,72 | 361,39 |  0,00 | 322,866 | 26,26 | 26,26 | 661,442 |   NaN | NaN | 0,00 | 0,00 | NaN
  33 |  4,13 | 266,809 | 754,88 | 787,42 | 759,25 |  0,00 | 1,650 | 44,35 | 44,35 |  0,00 | 1,422 | 357,64 | 357,64 |  9,06 | 965,080 | 326,63 | 359,17 |  0,00 | 293,664 | 26,26 | 26,26 | 593,723 |   NaN | NaN | 0,00 | 0,00 | NaN
  34 |  4,59 | 272,578 | 754,90 | 791,21 | 759,27 |  0,00 | 1,432 | 44,35 | 44,35 |  0,00 | 1,406 | 360,22 | 360,22 | 10,08 | 993,702 | 324,07 | 360,38 |  0,00 | 315,982 | 26,26 | 26,26 | 635,696 |   NaN | NaN | 0,00 | 0,00 | NaN
  35 |  5,09 | 281,729 | 754,87 | 795,38 | 759,24 |  0,00 | 1,366 | 44,35 | 44,35 |  0,00 | 1,355 | 362,11 | 362,11 | 11,17 | 1035,286 | 322,15 | 362,67 |  0,00 | 274,398 | 26,26 | 26,26 | 592,704 |   NaN | NaN | 0,00 | 0,00 | NaN
  36 |  4,27 | 270,150 | 754,61 | 788,23 | 758,99 |  0,00 | 1,417 | 44,35 | 44,35 |  0,00 | 1,409 | 357,78 | 357,78 |  9,34 | 979,091 | 326,23 | 359,85 |  0,00 | 287,959 | 26,26 | 26,26 | 589,719 |   NaN | NaN | 0,00 | 0,00 | NaN
  37 |  5,10 | 285,140 | 754,76 | 795,31 | 759,12 |  0,00 | 1,439 | 44,35 | 44,35 |  0,00 | 1,395 | 364,15 | 364,15 | 11,25 | 1054,055 | 320,01 | 360,55 |  0,00 | 296,917 | 26,26 | 26,26 | 615,245 |   NaN | NaN | 0,00 | 0,00 | NaN
  38 |  5,27 | 289,205 | 754,30 | 796,23 | 758,67 |  0,00 | 1,435 | 44,35 | 44,35 |  0,00 | 1,385 | 363,42 | 363,42 | 11,58 | 1068,267 | 320,27 | 362,20 |  0,00 | 296,879 | 26,26 | 26,26 | 604,282 |   NaN | NaN | 0,00 | 0,00 | NaN
  39 |  3,90 | 262,590 | 754,86 | 785,46 | 759,26 |  0,00 | 1,575 | 44,35 | 44,35 |  0,00 | 1,450 | 359,32 | 359,32 |  8,61 | 954,745 | 324,94 | 355,54 |  0,00 | 293,305 | 26,26 | 26,26 | 597,317 |   NaN | NaN | 0,00 | 0,00 | NaN
  40 |  3,48 | 250,609 | 753,89 | 781,07 | 758,28 |  0,00 | 1,478 | 44,35 | 44,35 |  0,00 | 1,427 | 358,26 | 358,26 |  7,72 | 908,771 | 325,02 | 352,21 |  0,00 | 310,915 | 26,26 | 26,26 | 624,551 |   NaN | NaN | 0,00 | 0,00 | NaN
  41 |  5,23 | 275,086 | 754,56 | 796,22 | 758,95 |  0,00 | 1,452 | 44,35 | 44,35 |  0,00 | 1,412 | 360,53 | 360,53 | 11,41 | 1005,251 | 323,42 | 365,09 |  0,00 | 300,601 | 26,26 | 26,26 | 607,539 |   NaN | NaN | 0,00 | 0,00 | NaN
  42 |  4,80 | 276,364 | 754,74 | 792,80 | 759,10 |  0,00 | 1,583 | 44,35 | 44,35 |  0,00 | 1,376 | 360,34 | 360,34 | 10,52 | 1009,167 | 323,79 | 361,85 |  0,00 | 290,848 | 26,26 | 26,26 | 598,461 |   NaN | NaN | 0,00 | 0,00 | NaN
  43 |  5,28 | 275,759 | 754,33 | 796,40 | 758,71 |  0,00 | 1,489 | 44,35 | 44,35 |  0,00 | 1,435 | 363,95 | 363,95 | 11,63 | 1018,162 | 319,77 | 361,84 |  0,00 | 312,701 | 26,26 | 26,26 | 619,643 |   NaN | NaN | 0,00 | 0,00 | NaN
  44 |  4,96 | 283,629 | 754,58 | 794,00 | 758,95 |  0,00 | 1,359 | 44,35 | 44,35 |  0,00 | 1,345 | 361,63 | 361,63 | 10,89 | 1040,456 | 322,34 | 361,76 |  0,00 | 306,349 | 26,26 | 26,26 | 608,468 |   NaN | NaN | 0,00 | 0,00 | NaN
  45 |  4,74 | 277,177 | 754,35 | 791,86 | 758,74 |  0,00 | 1,536 | 44,35 | 44,35 |  0,00 | 1,429 | 363,93 | 363,93 | 10,50 | 1024,054 | 319,81 | 357,32 |  0,00 | 297,200 | 26,26 | 26,26 | 601,703 |   NaN | NaN | 0,00 | 0,00 | NaN
  46 |  4,66 | 274,791 | 753,94 | 790,82 | 758,29 |  0,00 | 1,566 | 44,35 | 44,35 |  0,00 | 1,375 | 359,79 | 359,79 | 10,23 | 1003,632 | 323,55 | 360,42 |  0,00 | 280,895 | 26,26 | 26,26 | 584,580 |   NaN | NaN | 0,00 | 0,00 | NaN
  47 |  4,65 | 270,256 | 754,52 | 791,30 | 758,88 |  0,00 | 1,386 | 44,35 | 44,35 |  0,00 | 1,367 | 362,51 | 362,51 | 10,27 | 993,891 | 321,40 | 358,18 |  0,00 | 291,685 | 26,26 | 26,26 | 613,339 |   NaN | NaN | 0,00 | 0,00 | NaN
  48 |  4,42 | 278,612 | 753,16 | 787,99 | 757,52 |  0,00 | 1,462 | 44,35 | 44,35 |  0,00 | 1,404 | 359,51 | 359,51 |  9,73 | 1018,329 | 323,05 | 357,88 |  0,00 | 298,999 | 26,26 | 26,26 | 646,087 |   NaN | NaN | 0,00 | 0,00 | NaN
  49 |  4,35 | 266,809 | 753,31 | 787,56 | 757,67 |  0,00 | 1,634 | 44,35 | 44,35 |  0,00 | 1,410 | 358,84 | 358,84 |  9,57 | 972,110 | 323,86 | 358,11 |  0,00 | 294,166 | 26,26 | 26,26 | 600,920 |   NaN | NaN | 0,00 | 0,00 | NaN
  50 |  4,91 | 277,924 | 754,62 | 793,57 | 759,00 |  0,00 | 1,430 | 44,35 | 44,35 |  0,00 | 1,364 | 363,93 | 363,93 | 10,85 | 1025,653 | 320,08 | 359,03 |  0,00 | 316,482 | 26,26 | 26,26 | 632,948 |   NaN | NaN | 0,00 | 0,00 | NaN
  51 |  4,82 | 271,717 | 754,45 | 792,66 | 758,80 |  0,00 | 1,420 | 44,35 | 44,35 |  0,00 | 1,362 | 358,83 | 358,83 | 10,52 | 987,808 | 325,01 | 363,22 |  0,00 | 298,495 | 26,26 | 26,26 | 602,578 |   NaN | NaN | 0,00 | 0,00 | NaN
  52 |  4,08 | 267,437 | 754,39 | 786,52 | 758,77 |  0,00 | 1,497 | 44,35 | 44,35 |  0,00 | 1,393 | 355,97 | 355,97 |  8,93 | 963,041 | 327,81 | 359,94 |  0,00 | 316,184 | 26,26 | 26,26 | 641,608 |   NaN | NaN | 0,00 | 0,00 | NaN
  53 |  4,98 | 287,818 | 754,11 | 793,66 | 758,46 |  0,00 | 1,401 | 44,35 | 44,35 |  0,00 | 1,375 | 362,46 | 362,46 | 10,97 | 1059,765 | 321,04 | 360,60 |  0,00 | 300,068 | 26,26 | 26,26 | 609,184 |   NaN | NaN | 0,00 | 0,00 | NaN
  54 |  4,14 | 273,789 | 754,74 | 787,35 | 759,09 |  0,00 | 1,674 | 44,35 | 44,35 |  0,00 | 1,391 | 359,78 | 359,78 |  9,14 | 997,070 | 324,35 | 356,96 |  0,00 | 305,620 | 26,26 | 26,26 | 620,638 |   NaN | NaN | 0,00 | 0,00 | NaN
  55 |  4,60 | 272,579 | 754,08 | 790,43 | 758,45 |  0,00 | 1,396 | 44,35 | 44,35 |  0,00 | 1,365 | 360,66 | 360,66 | 10,12 | 997,636 | 322,81 | 359,16 |  0,00 | 300,647 | 26,26 | 26,26 | 618,935 |   NaN | NaN | 0,00 | 0,00 | NaN
  56 |  4,28 | 275,592 | 754,36 | 788,08 | 758,73 |  0,00 | 1,525 | 44,35 | 44,35 |  0,00 | 1,372 | 357,94 | 357,94 |  9,38 | 999,550 | 325,81 | 359,53 |  0,00 | 292,592 | 26,26 | 26,26 | 592,638 |   NaN | NaN | 0,00 | 0,00 | NaN
  57 |  4,64 | 264,373 | 753,93 | 790,62 | 758,31 |  0,00 | 1,436 | 44,35 | 44,35 |  0,00 | 1,365 | 359,56 | 359,56 | 10,18 | 962,030 | 323,75 | 360,45 |  0,00 | 341,658 | 26,26 | 26,26 | 654,385 |   NaN | NaN | 0,00 | 0,00 | NaN
  58 |  4,78 | 276,853 | 754,98 | 792,88 | 759,35 |  0,00 | 1,408 | 44,35 | 44,35 |  0,00 | 1,394 | 360,52 | 360,52 | 10,48 | 1011,487 | 323,85 | 361,75 |  0,00 | 280,556 | 26,26 | 26,26 | 582,286 |   NaN | NaN | 0,00 | 0,00 | NaN
  59 |  5,17 | 276,092 | 753,97 | 795,07 | 758,35 |  0,00 | 1,472 | 44,35 | 44,35 |  0,00 | 1,413 | 360,46 | 360,46 | 11,29 | 1010,132 | 322,90 | 364,00 |  0,00 | 296,517 | 26,26 | 26,26 | 633,518 |   NaN | NaN | 0,00 | 0,00 | NaN
  60 |  4,59 | 278,539 | 753,85 | 790,11 | 758,21 |  0,00 | 1,378 | 44,35 | 44,35 |  0,00 | 1,348 | 359,75 | 359,75 | 10,08 | 1015,998 | 323,50 | 359,76 |  0,00 | 325,641 | 26,26 | 26,26 | 642,836 |   NaN | NaN | 0,00 | 0,00 | NaN
  61 |  4,99 | 282,006 | 753,99 | 793,58 | 758,36 |  0,00 | 1,595 | 44,35 | 44,35 |  0,00 | 1,388 | 361,26 | 361,26 | 10,95 | 1034,108 | 322,12 | 361,71 |  0,00 | 306,248 | 26,26 | 26,26 | 617,498 |   NaN | NaN | 0,00 | 0,00 | NaN
  62 |  5,09 | 282,131 | 753,51 | 793,96 | 757,92 |  0,00 | 1,472 | 44,35 | 44,35 |  0,00 | 1,436 | 361,69 | 361,69 | 11,18 | 1036,771 | 321,21 | 361,66 |  0,00 | 311,178 | 26,26 | 26,26 | 627,628 |   NaN | NaN | 0,00 | 0,00 | NaN
  63 |  4,90 | 278,367 | 754,87 | 793,79 | 759,25 |  0,00 | 1,396 | 44,35 | 44,35 |  0,00 | 1,387 | 361,90 | 361,90 | 10,77 | 1020,608 | 322,37 | 361,28 |  0,00 | 306,997 | 26,26 | 26,26 | 627,967 |   NaN | NaN | 0,00 | 0,00 | NaN
  64 |  4,07 | 255,494 | 754,24 | 786,26 | 758,63 |  0,00 | 1,460 | 44,35 | 44,35 |  0,00 | 1,431 | 356,71 | 356,71 |  8,92 | 922,641 | 326,92 | 358,94 |  0,00 | 288,374 | 26,26 | 26,26 | 590,684 |   NaN | NaN | 0,00 | 0,00 | NaN

= = = = = = = = = = = = AVERAGE RESULTS system = = = = = = = = = = = =
meanPLR_system | 4,624566 
meanDelay_system | 273,673470 
meanLoad_system | 790,834272 
meanTHR_system | 754,242765 
meanGate_system | 758,616475 

meanPLR_EF_system | 0,000000 
meanPLR_AF_system | 0,000000 
meanPLR_BE_system | 10,159787 
meanPLR_FLA_system | 0,000000 
meanPLR_FLB_system | NaN 

meanTHR_EF_system | 44,352001 
meanTHR_AF_system | 360,296331 
meanTHR_BE_system | 323,339276 
meanTHR_FLA_system | 26,609580 
meanTHR_FLB_system | 0,000000 

meanLoad_EF_system | 44,352001 
meanLoad_AF_system | 360,296331 
meanLoad_BE_system | 359,930782 
meanLoad_FLA_system | 26,609580 
meanLoad_FLB_system | 0,000000 

meanDELAY_EF_system | 1,473958 
meanDELAY_AF_system | 1,395565 
meanDELAY_BE_system | 999,842247 
meanDELAY_FLA_system | 305,210089 
meanDELAY_FLB_system | NaN 
meanDELAY_CompleteFLA_system | 618,632923 
meanDELAY_CompleteFLB_system | NaN 

= = = = = = = = = = = = AVERAGE RESULTS = = = = = = = = = = = =
Packet Loss Ratio: 04,63 (%)
PROCESSED PACKAGES: 2721369753 
DISCARTED PACKAGES: 82208454 
TOTAL PACKAGES: 2803578207 
AVERAGE DELAY: 51665,92 (ms) 
AVERAGE THROUGHPUT: 754,24 (Mbps) 
GRANTED THROUGHPUT: 48551,45 (Mbps) By 64 ONUs
EFFECTIVE THROUGHPUT: 48271,54 (Mbps) By 64 ONUs
TOTAL LOAD: 50613,39 (Mbps) By 64 ONUs
ON Arrival THROUGHPUT: 0,00 (Mbps) By 64 ONUs
FINISHTIMEFL: 222,235750 
FINISHTIME: 225,235750 


fileName | IPACT_STRICTPRIORITYFIRSTAF_5_28_96_0 
