
ONU ID 	|  PLR(%) | Delay(ms) | Throughput(Mbps) | Granted Throughput(Mbps) | Total Load (Mbps) 

  ID |  PLR(%) |  D  | Thr |  Gates  |  Load  | PLR-EF | D-EF | ThrEF | LoadEF | PLR-AF | D-AF | ThrAF | LoadAF | PLR-BE | D-BE | ThrBE | LoadBE | PLR-FA | D-FA | ThrFA | LoadFA | DTFA |  PLR-FB | D-FB | ThrFB | LoadFB | DTFB | 
   1 | 15,14 | 303,006 | 753,15 | 887,51 | 758,46 |  0,00 | 1,408 | 44,35 | 44,35 |  0,00 | 55,618 | 366,05 | 366,05 | 37,87 | 1449,928 | 220,41 | 354,77 |  0,00 | 139,161 | 122,34 | 122,34 | 300,205 |   NaN | NaN | 0,00 | 0,00 | NaN
   2 | 14,92 | 294,772 | 754,44 | 886,76 | 759,34 |  0,00 | 1,420 | 44,35 | 44,35 |  0,00 | 47,732 | 358,58 | 358,58 | 36,60 | 1363,829 | 229,17 | 361,48 |  0,00 | 160,432 | 122,34 | 122,34 | 473,040 |   NaN | NaN | 0,00 | 0,00 | NaN
   3 | 15,39 | 298,902 | 754,43 | 891,62 | 759,32 |  0,00 | 1,356 | 44,35 | 44,35 |  0,00 | 52,585 | 363,95 | 363,95 | 38,01 | 1408,283 | 223,79 | 360,98 |  0,00 | 160,560 | 122,34 | 122,34 | 459,561 |   NaN | NaN | 0,00 | 0,00 | NaN
   4 | 15,58 | 299,329 | 753,60 | 892,66 | 758,89 |  0,00 | 1,362 | 44,35 | 44,35 |  0,00 | 61,356 | 368,02 | 368,02 | 38,85 | 1431,631 | 218,89 | 357,95 |  0,00 | 139,101 | 122,34 | 122,34 | 298,413 |   NaN | NaN | 0,00 | 0,00 | NaN
   5 | 14,49 | 295,898 | 755,61 | 883,69 | 760,02 |  0,00 | 1,388 | 44,35 | 44,35 |  0,00 | 40,792 | 360,10 | 360,10 | 35,89 | 1371,261 | 228,82 | 356,90 |  0,00 | 200,772 | 122,34 | 122,34 | 626,724 |   NaN | NaN | 0,00 | 0,00 | NaN
   6 | 15,33 | 297,770 | 755,62 | 892,45 | 760,26 |  0,00 | 1,336 | 44,35 | 44,35 |  0,00 | 43,004 | 363,95 | 363,95 | 37,82 | 1407,508 | 224,98 | 361,81 |  0,00 | 175,798 | 122,34 | 122,34 | 537,371 |   NaN | NaN | 0,00 | 0,00 | NaN
   7 | 14,94 | 302,083 | 754,34 | 886,79 | 759,61 |  0,00 | 1,354 | 44,35 | 44,35 |  0,00 | 55,106 | 360,56 | 360,56 | 36,84 | 1406,223 | 227,08 | 359,53 |  0,00 | 139,690 | 122,34 | 122,34 | 322,131 |   NaN | NaN | 0,00 | 0,00 | NaN
   8 | 15,54 | 302,033 | 753,43 | 892,06 | 758,18 |  0,00 | 1,405 | 44,35 | 44,35 |  0,00 | 43,729 | 360,69 | 360,69 | 38,01 | 1420,024 | 226,05 | 364,67 |  0,00 | 171,314 | 122,34 | 122,34 | 508,705 |   NaN | NaN | 0,00 | 0,00 | NaN
   9 | 15,10 | 300,731 | 755,44 | 889,77 | 760,54 |  0,00 | 1,344 | 44,35 | 44,35 |  0,00 | 57,528 | 363,95 | 363,95 | 37,41 | 1408,578 | 224,80 | 359,13 |  0,00 | 147,177 | 122,34 | 122,34 | 394,463 |   NaN | NaN | 0,00 | 0,00 | NaN
  10 | 14,85 | 300,995 | 755,38 | 887,17 | 760,69 |  0,00 | 1,405 | 44,35 | 44,35 |  0,00 | 61,696 | 361,46 | 361,46 | 36,71 | 1390,843 | 227,23 | 359,02 |  0,00 | 139,147 | 122,34 | 122,34 | 298,734 |   NaN | NaN | 0,00 | 0,00 | NaN
  11 | 14,05 | 290,670 | 755,33 | 878,78 | 759,58 |  0,00 | 1,345 | 44,35 | 44,35 |  0,00 | 15,634 | 353,42 | 353,42 | 34,42 | 1323,617 | 235,21 | 358,66 |  0,00 | 287,603 | 122,34 | 122,34 | 889,714 |   NaN | NaN | 0,00 | 0,00 | NaN
  12 | 15,16 | 302,465 | 755,73 | 890,77 | 760,41 |  0,00 | 1,407 | 44,35 | 44,35 |  0,00 | 44,707 | 361,35 | 361,35 | 37,23 | 1412,816 | 227,68 | 362,72 |  0,00 | 176,341 | 122,34 | 122,34 | 539,713 |   NaN | NaN | 0,00 | 0,00 | NaN
  13 | 14,21 | 299,078 | 754,57 | 879,59 | 759,47 |  0,00 | 1,372 | 44,35 | 44,35 |  0,00 | 52,264 | 355,49 | 355,49 | 34,98 | 1359,891 | 232,39 | 357,41 |  0,00 | 161,218 | 122,34 | 122,34 | 461,918 |   NaN | NaN | 0,00 | 0,00 | NaN
  14 | 15,39 | 298,026 | 754,93 | 892,28 | 759,37 |  0,00 | 1,413 | 44,35 | 44,35 |  0,00 | 37,338 | 363,33 | 363,33 | 37,91 | 1408,688 | 224,90 | 362,25 |  0,00 | 206,789 | 122,34 | 122,34 | 644,665 |   NaN | NaN | 0,00 | 0,00 | NaN
  15 | 14,81 | 303,247 | 753,28 | 884,23 | 758,56 |  0,00 | 1,407 | 44,35 | 44,35 |  0,00 | 61,075 | 356,05 | 356,05 | 36,23 | 1381,524 | 230,54 | 361,49 |  0,00 | 139,765 | 122,34 | 122,34 | 321,855 |   NaN | NaN | 0,00 | 0,00 | NaN
  16 | 15,66 | 304,787 | 754,72 | 894,83 | 759,82 |  0,00 | 1,398 | 44,35 | 44,35 |  0,00 | 56,502 | 361,59 | 361,59 | 38,22 | 1420,192 | 226,44 | 366,55 |  0,00 | 147,540 | 122,34 | 122,34 | 389,634 |   NaN | NaN | 0,00 | 0,00 | NaN
  17 | 15,14 | 301,778 | 754,58 | 889,24 | 759,69 |  0,00 | 1,411 | 44,35 | 44,35 |  0,00 | 51,575 | 360,57 | 360,57 | 37,20 | 1406,915 | 227,31 | 361,97 |  0,00 | 147,794 | 122,34 | 122,34 | 390,692 |   NaN | NaN | 0,00 | 0,00 | NaN
  18 | 14,86 | 291,814 | 755,30 | 887,10 | 759,57 |  0,00 | 1,388 | 44,35 | 44,35 |  0,00 | 12,356 | 359,81 | 359,81 | 36,55 | 1362,394 | 228,79 | 360,59 |  0,00 | 318,392 | 122,34 | 122,34 | 982,918 |   NaN | NaN | 0,00 | 0,00 | NaN
  19 | 14,15 | 294,000 | 756,01 | 880,66 | 760,27 |  0,00 | 1,379 | 44,35 | 44,35 |  0,00 | 28,800 | 354,89 | 354,89 | 34,71 | 1336,031 | 234,43 | 359,07 |  0,00 | 248,331 | 122,34 | 122,34 | 772,225 |   NaN | NaN | 0,00 | 0,00 | NaN
  20 | 14,30 | 290,086 | 755,60 | 881,70 | 759,87 |  0,00 | 1,374 | 44,35 | 44,35 |  0,00 | 16,540 | 359,93 | 359,93 | 35,51 | 1352,885 | 228,98 | 355,08 |  0,00 | 293,906 | 122,34 | 122,34 | 908,926 |   NaN | NaN | 0,00 | 0,00 | NaN
  21 | 14,04 | 294,700 | 752,66 | 875,63 | 757,95 |  0,00 | 1,379 | 44,35 | 44,35 |  0,00 | 57,735 | 355,69 | 355,69 | 34,81 | 1345,165 | 230,28 | 353,25 |  0,00 | 139,295 | 122,34 | 122,34 | 306,551 |   NaN | NaN | 0,00 | 0,00 | NaN
  22 | 15,49 | 298,897 | 755,56 | 894,08 | 759,95 |  0,00 | 1,417 | 44,35 | 44,35 |  0,00 | 40,215 | 369,14 | 369,14 | 38,67 | 1438,804 | 219,73 | 358,25 |  0,00 | 213,783 | 122,34 | 122,34 | 667,346 |   NaN | NaN | 0,00 | 0,00 | NaN
  23 | 15,22 | 291,999 | 754,83 | 890,39 | 759,09 |  0,00 | 1,399 | 44,35 | 44,35 |  0,00 | 22,146 | 362,00 | 362,00 | 37,48 | 1374,069 | 226,13 | 361,69 |  0,00 | 279,242 | 122,34 | 122,34 | 864,774 |   NaN | NaN | 0,00 | 0,00 | NaN
  24 | 15,09 | 302,461 | 755,18 | 889,38 | 759,96 |  0,00 | 1,361 | 44,35 | 44,35 |  0,00 | 48,172 | 360,65 | 360,65 | 37,07 | 1408,699 | 227,83 | 362,04 |  0,00 | 164,787 | 122,34 | 122,34 | 488,759 |   NaN | NaN | 0,00 | 0,00 | NaN
  25 | 16,22 | 303,542 | 753,63 | 899,52 | 758,94 |  0,00 | 1,418 | 44,35 | 44,35 |  0,00 | 59,699 | 360,39 | 360,39 | 39,17 | 1408,930 | 226,55 | 372,44 |  0,00 | 140,054 | 122,34 | 122,34 | 324,841 |   NaN | NaN | 0,00 | 0,00 | NaN
  26 | 14,78 | 297,790 | 754,76 | 885,67 | 760,08 |  0,00 | 1,415 | 44,35 | 44,35 |  0,00 | 59,707 | 358,62 | 358,62 | 36,33 | 1364,134 | 229,45 | 360,36 |  0,00 | 139,317 | 122,34 | 122,34 | 309,241 |   NaN | NaN | 0,00 | 0,00 | NaN
  27 | 14,08 | 292,695 | 756,07 | 879,94 | 760,33 |  0,00 | 1,341 | 44,35 | 44,35 |  0,00 | 14,552 | 360,04 | 360,04 | 35,07 | 1359,204 | 229,34 | 353,21 |  0,00 | 321,992 | 122,34 | 122,34 | 994,121 |   NaN | NaN | 0,00 | 0,00 | NaN
  28 | 14,35 | 293,444 | 754,26 | 880,65 | 758,54 |  0,00 | 1,408 | 44,35 | 44,35 |  0,00 | 18,814 | 359,59 | 359,59 | 35,67 | 1374,362 | 227,98 | 354,36 |  0,00 | 281,621 | 122,34 | 122,34 | 871,995 |   NaN | NaN | 0,00 | 0,00 | NaN
  29 | 15,02 | 293,557 | 756,31 | 889,97 | 760,58 |  0,00 | 1,387 | 44,35 | 44,35 |  0,00 | 20,310 | 362,85 | 362,85 | 37,08 | 1379,855 | 226,77 | 360,43 |  0,00 | 288,502 | 122,34 | 122,34 | 892,579 |   NaN | NaN | 0,00 | 0,00 | NaN
  30 | 13,94 | 294,672 | 756,05 | 878,48 | 760,34 |  0,00 | 1,418 | 44,35 | 44,35 |  0,00 | 16,470 | 354,37 | 354,37 | 34,25 | 1336,239 | 234,98 | 357,41 |  0,00 | 315,449 | 122,34 | 122,34 | 973,324 |   NaN | NaN | 0,00 | 0,00 | NaN
  31 | 14,66 | 294,888 | 754,46 | 884,08 | 758,71 |  0,00 | 1,385 | 44,35 | 44,35 |  0,00 | 21,004 | 358,94 | 358,94 | 36,16 | 1375,130 | 228,82 | 358,44 |  0,00 | 272,938 | 122,34 | 122,34 | 845,791 |   NaN | NaN | 0,00 | 0,00 | NaN
  32 | 14,27 | 292,870 | 755,48 | 881,20 | 759,74 |  0,00 | 1,341 | 44,35 | 44,35 |  0,00 | 17,296 | 356,04 | 356,04 | 35,07 | 1344,571 | 232,75 | 358,46 |  0,00 | 292,559 | 122,34 | 122,34 | 904,599 |   NaN | NaN | 0,00 | 0,00 | NaN
  33 | 14,37 | 291,608 | 756,68 | 883,62 | 760,95 |  0,00 | 1,406 | 44,35 | 44,35 |  0,00 | 15,410 | 355,64 | 355,64 | 35,14 | 1332,185 | 234,34 | 361,28 |  0,00 | 295,217 | 122,34 | 122,34 | 912,797 |   NaN | NaN | 0,00 | 0,00 | NaN
  34 | 13,71 | 292,732 | 756,19 | 876,37 | 760,46 |  0,00 | 1,397 | 44,35 | 44,35 |  0,00 | 13,281 | 357,73 | 357,73 | 34,15 | 1347,068 | 231,77 | 351,95 |  0,00 | 325,085 | 122,34 | 122,34 | 1003,976 |   NaN | NaN | 0,00 | 0,00 | NaN
  35 | 15,01 | 287,851 | 757,24 | 890,98 | 761,51 |  0,00 | 1,346 | 44,35 | 44,35 |  0,00 | 10,413 | 362,63 | 362,63 | 36,98 | 1348,387 | 227,92 | 361,66 |  0,00 | 332,568 | 122,34 | 122,34 | 1026,612 |   NaN | NaN | 0,00 | 0,00 | NaN
  36 | 14,20 | 291,903 | 756,11 | 881,22 | 760,42 |  0,00 | 1,400 | 44,35 | 44,35 |  0,00 | 11,453 | 353,40 | 353,40 | 34,64 | 1323,527 | 236,02 | 361,12 |  0,00 | 319,436 | 122,34 | 122,34 | 986,253 |   NaN | NaN | 0,00 | 0,00 | NaN
  37 | 15,49 | 294,613 | 756,01 | 894,61 | 760,29 |  0,00 | 1,383 | 44,35 | 44,35 |  0,00 | 16,849 | 366,56 | 366,56 | 38,36 | 1413,662 | 222,75 | 361,35 |  0,00 | 295,486 | 122,34 | 122,34 | 913,330 |   NaN | NaN | 0,00 | 0,00 | NaN
  38 | 14,56 | 289,439 | 756,38 | 885,32 | 760,64 |  0,00 | 1,374 | 44,35 | 44,35 |  0,00 | 18,523 | 361,73 | 361,73 | 36,13 | 1348,098 | 227,96 | 356,89 |  0,00 | 313,341 | 122,34 | 122,34 | 967,091 |   NaN | NaN | 0,00 | 0,00 | NaN
  39 | 14,05 | 295,307 | 754,53 | 877,87 | 758,84 |  0,00 | 1,417 | 44,35 | 44,35 |  0,00 | 18,873 | 356,63 | 356,63 | 34,79 | 1359,403 | 231,20 | 354,54 |  0,00 | 299,595 | 122,34 | 122,34 | 925,653 |   NaN | NaN | 0,00 | 0,00 | NaN
  40 | 14,18 | 290,004 | 755,02 | 879,73 | 759,31 |  0,00 | 1,417 | 44,35 | 44,35 |  0,00 | 14,407 | 357,03 | 357,03 | 35,03 | 1336,437 | 231,29 | 356,00 |  0,00 | 313,585 | 122,34 | 122,34 | 968,540 |   NaN | NaN | 0,00 | 0,00 | NaN
  41 | 15,38 | 294,982 | 754,12 | 891,20 | 758,39 |  0,00 | 1,400 | 44,35 | 44,35 |  0,00 | 20,432 | 359,39 | 359,39 | 37,55 | 1378,354 | 228,03 | 365,11 |  0,00 | 283,069 | 122,34 | 122,34 | 876,298 |   NaN | NaN | 0,00 | 0,00 | NaN
  42 | 15,12 | 295,406 | 754,14 | 888,51 | 758,39 |  0,00 | 1,346 | 44,35 | 44,35 |  0,00 | 19,863 | 359,65 | 359,65 | 37,10 | 1383,242 | 227,80 | 362,17 |  0,00 | 282,666 | 122,34 | 122,34 | 874,755 |   NaN | NaN | 0,00 | 0,00 | NaN
  43 | 15,23 | 296,002 | 755,35 | 891,03 | 759,63 |  0,00 | 1,424 | 44,35 | 44,35 |  0,00 | 15,145 | 360,82 | 360,82 | 37,32 | 1392,195 | 227,83 | 363,51 |  0,00 | 291,168 | 122,34 | 122,34 | 900,513 |   NaN | NaN | 0,00 | 0,00 | NaN
  44 | 15,52 | 294,635 | 755,32 | 894,12 | 759,57 |  0,00 | 1,337 | 44,35 | 44,35 |  0,00 | 22,461 | 361,10 | 361,10 | 37,89 | 1379,545 | 227,53 | 366,33 |  0,00 | 277,808 | 122,34 | 122,34 | 860,364 |   NaN | NaN | 0,00 | 0,00 | NaN
  45 | 15,28 | 295,846 | 755,13 | 891,36 | 759,43 |  0,00 | 1,421 | 44,35 | 44,35 |  0,00 | 20,276 | 368,40 | 368,40 | 38,24 | 1434,209 | 220,04 | 356,26 |  0,00 | 280,604 | 122,34 | 122,34 | 868,705 |   NaN | NaN | 0,00 | 0,00 | NaN
  46 | 14,48 | 289,980 | 754,35 | 882,03 | 758,62 |  0,00 | 1,360 | 44,35 | 44,35 |  0,00 | 13,359 | 354,36 | 354,36 | 35,37 | 1330,828 | 233,30 | 360,97 |  0,00 | 295,941 | 122,34 | 122,34 | 914,963 |   NaN | NaN | 0,00 | 0,00 | NaN
  47 | 13,84 | 294,196 | 756,52 | 878,01 | 760,78 |  0,00 | 1,358 | 44,35 | 44,35 |  0,00 | 18,648 | 359,10 | 359,10 | 34,49 | 1364,533 | 230,73 | 352,22 |  0,00 | 282,761 | 122,34 | 122,34 | 875,255 |   NaN | NaN | 0,00 | 0,00 | NaN
  48 | 14,15 | 289,411 | 754,12 | 878,43 | 758,37 |  0,00 | 1,388 | 44,35 | 44,35 |  0,00 | 19,335 | 355,46 | 355,46 | 34,89 | 1333,232 | 231,97 | 356,28 |  0,00 | 270,156 | 122,34 | 122,34 | 837,609 |   NaN | NaN | 0,00 | 0,00 | NaN
  49 | 13,89 | 293,979 | 755,70 | 877,56 | 759,98 |  0,00 | 1,400 | 44,35 | 44,35 |  0,00 | 18,407 | 355,24 | 355,24 | 34,27 | 1346,473 | 233,76 | 355,62 |  0,00 | 278,953 | 122,34 | 122,34 | 863,992 |   NaN | NaN | 0,00 | 0,00 | NaN
  50 | 14,61 | 294,029 | 755,26 | 884,49 | 759,53 |  0,00 | 1,354 | 44,35 | 44,35 |  0,00 | 17,953 | 361,36 | 361,36 | 36,25 | 1380,387 | 227,22 | 356,44 |  0,00 | 295,127 | 122,34 | 122,34 | 912,358 |   NaN | NaN | 0,00 | 0,00 | NaN
  51 | 14,28 | 294,083 | 755,05 | 880,83 | 759,31 |  0,00 | 1,352 | 44,35 | 44,35 |  0,00 | 20,221 | 355,46 | 355,46 | 35,07 | 1345,510 | 232,89 | 358,68 |  0,00 | 289,524 | 122,34 | 122,34 | 895,539 |   NaN | NaN | 0,00 | 0,00 | NaN
  52 | 14,62 | 296,113 | 754,99 | 884,23 | 759,26 |  0,00 | 1,379 | 44,35 | 44,35 |  0,00 | 19,267 | 355,32 | 355,32 | 35,68 | 1359,341 | 232,98 | 362,21 |  0,00 | 278,856 | 122,34 | 122,34 | 863,666 |   NaN | NaN | 0,00 | 0,00 | NaN
  53 | 14,89 | 298,956 | 754,98 | 887,01 | 759,22 |  0,00 | 1,366 | 44,35 | 44,35 |  0,00 | 15,912 | 358,28 | 358,28 | 36,47 | 1393,292 | 230,00 | 362,04 |  0,00 | 287,064 | 122,34 | 122,34 | 888,380 |   NaN | NaN | 0,00 | 0,00 | NaN
  54 | 13,91 | 293,501 | 755,84 | 877,96 | 760,10 |  0,00 | 1,368 | 44,35 | 44,35 |  0,00 | 23,533 | 359,55 | 359,55 | 34,72 | 1358,646 | 229,60 | 351,72 |  0,00 | 284,563 | 122,34 | 122,34 | 880,970 |   NaN | NaN | 0,00 | 0,00 | NaN
  55 | 14,54 | 295,234 | 756,39 | 885,10 | 760,66 |  0,00 | 1,353 | 44,35 | 44,35 |  0,00 | 14,151 | 357,67 | 357,67 | 35,68 | 1363,488 | 232,03 | 360,73 |  0,00 | 302,410 | 122,34 | 122,34 | 934,682 |   NaN | NaN | 0,00 | 0,00 | NaN
  56 | 14,11 | 291,180 | 754,14 | 878,05 | 758,41 |  0,00 | 1,359 | 44,35 | 44,35 |  0,00 | 17,138 | 357,65 | 357,65 | 35,03 | 1353,713 | 229,80 | 353,71 |  0,00 | 283,508 | 122,34 | 122,34 | 877,399 |   NaN | NaN | 0,00 | 0,00 | NaN
  57 | 14,35 | 292,828 | 756,07 | 882,70 | 760,33 |  0,00 | 1,356 | 44,35 | 44,35 |  0,00 | 20,353 | 357,12 | 357,12 | 35,28 | 1348,655 | 232,26 | 358,88 |  0,00 | 272,145 | 122,34 | 122,34 | 843,408 |   NaN | NaN | 0,00 | 0,00 | NaN
  58 | 14,70 | 294,661 | 755,21 | 885,36 | 759,47 |  0,00 | 1,385 | 44,35 | 44,35 |  0,00 | 19,213 | 360,76 | 360,76 | 36,37 | 1386,104 | 227,75 | 357,90 |  0,00 | 267,081 | 122,34 | 122,34 | 828,265 |   NaN | NaN | 0,00 | 0,00 | NaN
  59 | 15,15 | 292,609 | 756,80 | 891,92 | 761,07 |  0,00 | 1,404 | 44,35 | 44,35 |  0,00 | 12,345 | 358,69 | 358,69 | 36,87 | 1351,939 | 231,41 | 366,54 |  0,00 | 320,996 | 122,34 | 122,34 | 990,948 |   NaN | NaN | 0,00 | 0,00 | NaN
  60 | 14,71 | 293,556 | 755,42 | 885,70 | 759,68 |  0,00 | 1,339 | 44,35 | 44,35 |  0,00 | 20,788 | 360,55 | 360,55 | 36,35 | 1370,782 | 228,17 | 358,46 |  0,00 | 285,437 | 122,34 | 122,34 | 883,461 |   NaN | NaN | 0,00 | 0,00 | NaN
  61 | 15,26 | 296,134 | 755,46 | 891,47 | 759,73 |  0,00 | 1,361 | 44,35 | 44,35 |  0,00 | 16,831 | 363,21 | 363,21 | 37,62 | 1403,809 | 225,56 | 361,57 |  0,00 | 292,038 | 122,34 | 122,34 | 903,374 |   NaN | NaN | 0,00 | 0,00 | NaN
  62 | 15,01 | 293,141 | 754,81 | 888,13 | 759,11 |  0,00 | 1,423 | 44,35 | 44,35 |  0,00 | 20,104 | 359,61 | 359,61 | 36,85 | 1366,768 | 228,51 | 361,83 |  0,00 | 286,120 | 122,34 | 122,34 | 885,508 |   NaN | NaN | 0,00 | 0,00 | NaN
  63 | 15,04 | 291,887 | 755,79 | 889,63 | 760,07 |  0,00 | 1,378 | 44,35 | 44,35 |  0,00 | 14,760 | 364,09 | 364,09 | 37,30 | 1383,750 | 225,00 | 358,85 |  0,00 | 310,569 | 122,34 | 122,34 | 958,889 |   NaN | NaN | 0,00 | 0,00 | NaN
  64 | 13,97 | 291,550 | 756,09 | 878,87 | 760,39 |  0,00 | 1,421 | 44,35 | 44,35 |  0,00 | 19,049 | 357,13 | 357,13 | 34,58 | 1339,105 | 232,26 | 355,04 |  0,00 | 290,822 | 122,34 | 122,34 | 899,518 |   NaN | NaN | 0,00 | 0,00 | NaN

= = = = = = = = = = = = AVERAGE RESULTS system = = = = = = = = = = = =
meanPLR_system | 14,746539 
meanDelay_system | 295,474034 
meanLoad_system | 885,813431 
meanTHR_system | 755,155820 
meanGate_system | 759,656940 

meanPLR_EF_system | 0,000000 
meanPLR_AF_system | 0,000000 
meanPLR_BE_system | 36,347481 
meanPLR_FLA_system | 0,000000 
meanPLR_FLB_system | NaN 

meanTHR_EF_system | 44,352004 
meanTHR_AF_system | 359,740567 
meanTHR_BE_system | 228,721243 
meanTHR_FLA_system | 125,550585 
meanTHR_FLB_system | 0,000000 

meanLoad_EF_system | 44,352004 
meanLoad_AF_system | 359,740567 
meanLoad_BE_system | 359,378853 
meanLoad_FLA_system | 125,550585 
meanLoad_FLB_system | 0,000000 

meanDELAY_EF_system | 1,383078 
meanDELAY_AF_system | 28,918848 
meanDELAY_BE_system | 1374,826413 
meanDELAY_FLA_system | 248,969805 
meanDELAY_FLB_system | NaN 
meanDELAY_CompleteFLA_system | 749,821841 
meanDELAY_CompleteFLB_system | NaN 

= = = = = = = = = = = = AVERAGE RESULTS = = = = = = = = = = = =
Packet Loss Ratio: 14,75 (%)
PROCESSED PACKAGES: 1366380123 
DISCARTED PACKAGES: 153650137 
TOTAL PACKAGES: 1520030260 
AVERAGE DELAY: 53738,01 (ms) 
AVERAGE THROUGHPUT: 755,16 (Mbps) 
GRANTED THROUGHPUT: 48618,04 (Mbps) By 64 ONUs
EFFECTIVE THROUGHPUT: 48329,97 (Mbps) By 64 ONUs
TOTAL LOAD: 56692,06 (Mbps) By 64 ONUs
ON Arrival THROUGHPUT: 0,00 (Mbps) By 64 ONUs
FINISHTIMEFL: 114,388953 
FINISHTIME: 117,388953 


fileName | IPACT_LBVARIBLETOKENSBYCYCLE_1_68_96_0 
