
ONU ID 	|  PLR(%) | Delay(ms) | Throughput(Mbps) | Granted Throughput(Mbps) | Total Load (Mbps) 

  ID |  PLR(%) |  D  | Thr |  Gates  |  Load  | PLR-EF | D-EF | ThrEF | LoadEF | PLR-AF | D-AF | ThrAF | LoadAF | PLR-BE | D-BE | ThrBE | LoadBE | PLR-FA | D-FA | ThrFA | LoadFA | DTFA |  PLR-FB | D-FB | ThrFB | LoadFB | DTFB | 
   1 |  0,00 | 1,499 | 675,59 | 675,59 | 697,23 |  0,00 | 0,498 | 44,35 | 44,35 |  0,00 | 0,497 | 286,65 | 286,65 |  0,00 | 1,499 | 277,05 | 277,05 |  0,00 | 23,603 | 67,54 | 67,54 | 69,704 |   NaN | NaN | 0,00 | 0,00 | NaN
   2 |  0,00 | 3,099 | 675,93 | 675,93 | 700,15 |  0,00 | 0,510 | 44,35 | 44,35 |  0,00 | 0,504 | 280,62 | 280,62 |  0,00 | 3,780 | 283,42 | 283,42 |  0,00 | 54,455 | 67,54 | 67,54 | 123,776 |   NaN | NaN | 0,00 | 0,00 | NaN
   3 |  0,00 | 2,714 | 677,47 | 677,47 | 697,63 |  0,00 | 0,447 | 44,35 | 44,35 |  0,00 | 0,437 | 283,61 | 283,61 |  0,00 | 3,281 | 281,97 | 281,97 |  0,00 | 48,181 | 67,54 | 67,54 | 108,245 |   NaN | NaN | 0,00 | 0,00 | NaN
   4 |  0,00 | 1,369 | 677,88 | 677,88 | 698,02 |  0,00 | 0,452 | 44,35 | 44,35 |  0,00 | 0,466 | 286,30 | 286,30 |  0,00 | 1,447 | 279,70 | 279,70 |  0,00 | 20,898 | 67,54 | 67,54 | 61,583 |   NaN | NaN | 0,00 | 0,00 | NaN
   5 |  0,00 | 9,710 | 672,34 | 672,34 | 692,81 |  0,00 | 0,477 | 44,35 | 44,35 |  0,00 | 0,480 | 281,08 | 281,08 |  0,00 | 18,032 | 279,37 | 279,37 |  0,00 | 147,189 | 67,54 | 67,54 | 278,627 |   NaN | NaN | 0,00 | 0,00 | NaN
   6 |  0,00 | 4,076 | 679,43 | 679,43 | 699,50 |  0,00 | 0,426 | 44,35 | 44,35 |  0,00 | 0,435 | 284,90 | 284,90 |  0,00 | 6,074 | 282,64 | 282,64 |  0,00 | 68,632 | 67,54 | 67,54 | 145,039 |   NaN | NaN | 0,00 | 0,00 | NaN
   7 |  0,00 | 1,730 | 674,70 | 674,70 | 694,84 |  0,00 | 0,445 | 44,35 | 44,35 |  0,00 | 0,455 | 282,18 | 282,18 |  0,00 | 1,947 | 280,63 | 280,63 |  0,00 | 28,161 | 67,54 | 67,54 | 78,104 |   NaN | NaN | 0,00 | 0,00 | NaN
   8 |  0,00 | 3,023 | 677,90 | 677,90 | 699,12 |  0,00 | 0,494 | 44,35 | 44,35 |  0,00 | 0,487 | 281,43 | 281,43 |  0,00 | 3,856 | 284,58 | 284,58 |  0,00 | 51,913 | 67,54 | 67,54 | 120,304 |   NaN | NaN | 0,00 | 0,00 | NaN
   9 |  0,00 | 1,341 | 676,71 | 676,71 | 696,85 |  0,00 | 0,434 | 44,35 | 44,35 |  0,00 | 0,423 | 284,56 | 284,56 |  0,00 | 1,499 | 280,26 | 280,26 |  0,00 | 20,163 | 67,54 | 67,54 | 60,546 |   NaN | NaN | 0,00 | 0,00 | NaN
  10 |  0,00 | 1,622 | 675,00 | 675,00 | 696,29 |  0,00 | 0,495 | 44,35 | 44,35 |  0,00 | 0,510 | 282,09 | 282,09 |  0,00 | 1,740 | 281,02 | 281,02 |  0,00 | 25,310 | 67,54 | 67,54 | 70,528 |   NaN | NaN | 0,00 | 0,00 | NaN
  11 |  0,00 | 17,174 | 668,13 | 668,13 | 688,37 |  0,00 | 0,435 | 44,35 | 44,35 |  0,00 | 0,445 | 275,62 | 275,62 |  0,00 | 45,393 | 280,62 | 280,62 |  0,00 | 160,342 | 67,54 | 67,54 | 360,701 |   NaN | NaN | 0,00 | 0,00 | NaN
  12 |  0,00 | 4,880 | 676,66 | 676,66 | 698,30 |  0,00 | 0,497 | 44,35 | 44,35 |  0,00 | 0,496 | 282,53 | 282,53 |  0,00 | 7,265 | 282,25 | 282,25 |  0,00 | 82,332 | 67,54 | 67,54 | 165,321 |   NaN | NaN | 0,00 | 0,00 | NaN
  13 |  0,00 | 3,004 | 668,48 | 668,48 | 688,67 |  0,00 | 0,462 | 44,35 | 44,35 |  0,00 | 0,463 | 278,33 | 278,33 |  0,00 | 3,801 | 278,26 | 278,26 |  0,00 | 52,321 | 67,54 | 67,54 | 119,890 |   NaN | NaN | 0,00 | 0,00 | NaN
  14 |  0,00 | 9,299 | 677,07 | 677,07 | 699,66 |  0,00 | 0,503 | 44,35 | 44,35 |  0,00 | 0,502 | 283,45 | 283,45 |  0,00 | 17,039 | 281,74 | 281,74 |  0,00 | 141,842 | 67,54 | 67,54 | 268,092 |   NaN | NaN | 0,00 | 0,00 | NaN
  15 |  0,00 | 1,626 | 673,10 | 673,10 | 694,66 |  0,00 | 0,497 | 44,35 | 44,35 |  0,00 | 0,499 | 278,14 | 278,14 |  0,00 | 1,707 | 283,07 | 283,07 |  0,00 | 25,617 | 67,54 | 67,54 | 74,173 |   NaN | NaN | 0,00 | 0,00 | NaN
  16 |  0,00 | 1,534 | 679,57 | 679,57 | 700,26 |  0,00 | 0,488 | 44,35 | 44,35 |  0,00 | 0,489 | 281,84 | 281,84 |  0,00 | 1,478 | 285,84 | 285,84 |  0,00 | 24,904 | 67,54 | 67,54 | 69,832 |   NaN | NaN | 0,00 | 0,00 | NaN
  17 |  0,00 | 1,534 | 676,95 | 676,95 | 699,23 |  0,00 | 0,501 | 44,35 | 44,35 |  0,00 | 0,503 | 281,32 | 281,32 |  0,00 | 1,491 | 283,75 | 283,75 |  0,00 | 24,509 | 67,54 | 67,54 | 68,275 |   NaN | NaN | 0,00 | 0,00 | NaN
  18 |  0,00 | 5,380 | 673,99 | 673,99 | 694,36 |  0,00 | 0,478 | 44,35 | 44,35 |  0,00 | 0,475 | 280,70 | 280,70 |  0,00 | 11,604 | 281,40 | 281,40 |  0,00 | 63,905 | 67,54 | 67,54 | 173,072 |   NaN | NaN | 0,00 | 0,00 | NaN
  19 |  0,00 | 14,237 | 669,47 | 669,47 | 689,79 |  0,00 | 0,468 | 44,35 | 44,35 |  0,00 | 0,456 | 277,05 | 277,05 |  0,00 | 32,227 | 280,53 | 280,53 |  0,00 | 173,689 | 67,54 | 67,54 | 357,545 |   NaN | NaN | 0,00 | 0,00 | NaN
  20 |  0,00 | 16,836 | 671,12 | 671,12 | 691,38 |  0,00 | 0,464 | 44,35 | 44,35 |  0,00 | 0,466 | 282,49 | 282,49 |  0,00 | 45,965 | 276,74 | 276,74 |  0,00 | 151,305 | 67,54 | 67,54 | 351,507 |   NaN | NaN | 0,00 | 0,00 | NaN
  21 |  0,00 | 1,567 | 667,38 | 667,38 | 687,65 |  0,00 | 0,469 | 44,35 | 44,35 |  0,00 | 0,462 | 277,94 | 277,94 |  0,00 | 1,570 | 277,55 | 277,55 |  0,00 | 25,585 | 67,54 | 67,54 | 69,956 |   NaN | NaN | 0,00 | 0,00 | NaN
  22 |  0,00 | 10,976 | 680,74 | 680,74 | 704,35 |  0,00 | 0,507 | 44,35 | 44,35 |  0,00 | 0,513 | 289,07 | 289,07 |  0,00 | 22,014 | 279,77 | 279,77 |  0,00 | 156,578 | 67,54 | 67,54 | 304,633 |   NaN | NaN | 0,00 | 0,00 | NaN
  23 |  0,00 | 17,248 | 678,68 | 678,68 | 699,53 |  0,00 | 0,489 | 44,35 | 44,35 |  0,00 | 0,487 | 284,64 | 284,64 |  0,00 | 43,007 | 282,15 | 282,15 |  0,00 | 183,489 | 67,54 | 67,54 | 383,499 |   NaN | NaN | 0,00 | 0,00 | NaN
  24 |  0,00 | 2,881 | 675,47 | 675,47 | 695,62 |  0,00 | 0,451 | 44,35 | 44,35 |  0,00 | 0,450 | 280,52 | 280,52 |  0,00 | 3,599 | 283,06 | 283,06 |  0,00 | 50,424 | 67,54 | 67,54 | 117,270 |   NaN | NaN | 0,00 | 0,00 | NaN
  25 |  0,00 | 1,397 | 684,02 | 684,02 | 707,91 |  0,00 | 0,509 | 44,35 | 44,35 |  0,00 | 0,511 | 282,52 | 282,52 |  0,00 | 1,439 | 289,61 | 289,61 |  0,00 | 20,551 | 67,54 | 67,54 | 63,654 |   NaN | NaN | 0,00 | 0,00 | NaN
  26 |  0,00 | 1,737 | 673,02 | 673,02 | 696,05 |  0,00 | 0,505 | 44,35 | 44,35 |  0,00 | 0,496 | 280,53 | 280,53 |  0,00 | 1,785 | 280,60 | 280,60 |  0,00 | 28,406 | 67,54 | 67,54 | 77,906 |   NaN | NaN | 0,00 | 0,00 | NaN
  27 |  0,00 | 4,009 | 670,27 | 670,27 | 690,37 |  0,00 | 0,431 | 44,35 | 44,35 |  0,00 | 0,428 | 281,70 | 281,70 |  0,00 | 7,871 | 276,69 | 276,69 |  0,00 | 52,702 | 67,54 | 67,54 | 142,571 |   NaN | NaN | 0,00 | 0,00 | NaN
  28 |  0,00 | 17,677 | 669,19 | 669,19 | 690,88 |  0,00 | 0,497 | 44,35 | 44,35 |  0,00 | 0,491 | 280,75 | 280,75 |  0,00 | 44,795 | 276,55 | 276,55 |  0,00 | 184,832 | 67,54 | 67,54 | 381,356 |   NaN | NaN | 0,00 | 0,00 | NaN
  29 |  0,00 | 17,114 | 677,73 | 677,73 | 698,14 |  0,00 | 0,477 | 44,35 | 44,35 |  0,00 | 0,479 | 284,22 | 284,22 |  0,00 | 44,366 | 281,63 | 281,63 |  0,00 | 169,044 | 67,54 | 67,54 | 366,290 |   NaN | NaN | 0,00 | 0,00 | NaN
  30 |  0,00 | 11,343 | 670,55 | 670,55 | 694,20 |  0,00 | 0,507 | 44,35 | 44,35 |  0,00 | 0,505 | 279,66 | 279,66 |  0,00 | 29,288 | 279,00 | 279,00 |  0,00 | 108,674 | 67,54 | 67,54 | 283,917 |   NaN | NaN | 0,00 | 0,00 | NaN
  31 |  0,00 | 18,971 | 672,56 | 672,56 | 692,97 |  0,00 | 0,474 | 44,35 | 44,35 |  0,00 | 0,485 | 280,16 | 280,16 |  0,00 | 48,708 | 280,51 | 280,51 |  0,00 | 190,978 | 67,54 | 67,54 | 396,450 |   NaN | NaN | 0,00 | 0,00 | NaN
  32 |  0,00 | 16,767 | 672,33 | 672,33 | 692,56 |  0,00 | 0,431 | 44,35 | 44,35 |  0,00 | 0,437 | 279,02 | 279,02 |  0,00 | 44,302 | 281,43 | 281,43 |  0,00 | 157,609 | 67,54 | 67,54 | 355,711 |   NaN | NaN | 0,00 | 0,00 | NaN
  33 |  0,00 | 14,686 | 671,30 | 671,30 | 692,79 |  0,00 | 0,496 | 44,35 | 44,35 |  0,00 | 0,497 | 278,07 | 278,07 |  0,00 | 39,738 | 281,34 | 281,34 |  0,00 | 127,895 | 67,54 | 67,54 | 313,962 |   NaN | NaN | 0,00 | 0,00 | NaN
  34 |  0,00 | 1,683 | 666,61 | 666,61 | 687,25 |  0,00 | 0,487 | 44,35 | 44,35 |  0,00 | 0,483 | 280,08 | 280,08 |  0,00 | 1,847 | 274,65 | 274,65 |  0,00 | 26,639 | 67,54 | 67,54 | 81,785 |   NaN | NaN | 0,00 | 0,00 | NaN
  35 |  0,00 | 1,199 | 677,71 | 677,71 | 697,80 |  0,00 | 0,437 | 44,35 | 44,35 |  0,00 | 0,449 | 283,17 | 283,17 |  0,00 | 1,242 | 282,65 | 282,65 |  0,00 | 17,514 | 67,54 | 67,54 | 56,992 |   NaN | NaN | 0,00 | 0,00 | NaN
  36 |  0,00 | 2,726 | 669,11 | 669,11 | 690,01 |  0,00 | 0,490 | 44,35 | 44,35 |  0,00 | 0,498 | 276,08 | 276,08 |  0,00 | 3,935 | 281,14 | 281,14 |  0,00 | 41,883 | 67,54 | 67,54 | 115,810 |   NaN | NaN | 0,00 | 0,00 | NaN
  37 |  0,00 | 16,623 | 680,02 | 680,02 | 700,39 |  0,00 | 0,472 | 44,35 | 44,35 |  0,00 | 0,460 | 286,37 | 286,37 |  0,00 | 43,300 | 281,76 | 281,76 |  0,00 | 163,309 | 67,54 | 67,54 | 355,658 |   NaN | NaN | 0,00 | 0,00 | NaN
  38 |  0,00 | 7,386 | 672,69 | 672,69 | 692,91 |  0,00 | 0,464 | 44,35 | 44,35 |  0,00 | 0,456 | 281,53 | 281,53 |  0,00 | 16,512 | 279,27 | 279,27 |  0,00 | 88,142 | 67,54 | 67,54 | 232,293 |   NaN | NaN | 0,00 | 0,00 | NaN
  39 |  0,00 | 16,258 | 667,81 | 667,81 | 691,38 |  0,00 | 0,507 | 44,35 | 44,35 |  0,00 | 0,504 | 278,53 | 278,53 |  0,00 | 44,409 | 277,39 | 277,39 |  0,00 | 142,502 | 67,54 | 67,54 | 339,586 |   NaN | NaN | 0,00 | 0,00 | NaN
  40 |  0,00 | 4,193 | 668,44 | 668,44 | 692,05 |  0,00 | 0,507 | 44,35 | 44,35 |  0,00 | 0,511 | 279,28 | 279,28 |  0,00 | 7,824 | 277,27 | 277,27 |  0,00 | 56,642 | 67,54 | 67,54 | 153,290 |   NaN | NaN | 0,00 | 0,00 | NaN
  41 |  0,00 | 18,354 | 676,31 | 676,31 | 697,26 |  0,00 | 0,490 | 44,35 | 44,35 |  0,00 | 0,483 | 279,64 | 279,64 |  0,00 | 47,494 | 284,78 | 284,78 |  0,00 | 177,790 | 67,54 | 67,54 | 373,812 |   NaN | NaN | 0,00 | 0,00 | NaN
  42 |  0,00 | 18,144 | 679,29 | 679,29 | 699,49 |  0,00 | 0,436 | 44,35 | 44,35 |  0,00 | 0,432 | 283,18 | 283,18 |  0,00 | 47,919 | 284,22 | 284,22 |  0,00 | 171,074 | 67,54 | 67,54 | 371,338 |   NaN | NaN | 0,00 | 0,00 | NaN
  43 |  0,00 | 14,087 | 678,59 | 678,59 | 701,89 |  0,00 | 0,514 | 44,35 | 44,35 |  0,00 | 0,512 | 283,19 | 283,19 |  0,00 | 36,762 | 283,51 | 283,51 |  0,00 | 132,938 | 67,54 | 67,54 | 321,957 |   NaN | NaN | 0,00 | 0,00 | NaN
  44 |  0,00 | 18,833 | 679,39 | 679,39 | 699,55 |  0,00 | 0,427 | 44,35 | 44,35 |  0,00 | 0,431 | 281,78 | 281,78 |  0,00 | 48,778 | 285,72 | 285,72 |  0,00 | 183,776 | 67,54 | 67,54 | 387,046 |   NaN | NaN | 0,00 | 0,00 | NaN
  45 |  0,00 | 17,984 | 677,59 | 677,59 | 702,07 |  0,00 | 0,511 | 44,35 | 44,35 |  0,00 | 0,514 | 287,56 | 287,56 |  0,00 | 47,073 | 278,14 | 278,14 |  0,00 | 178,306 | 67,54 | 67,54 | 382,029 |   NaN | NaN | 0,00 | 0,00 | NaN
  46 |  0,00 | 15,084 | 670,96 | 670,96 | 691,16 |  0,00 | 0,450 | 44,35 | 44,35 |  0,00 | 0,447 | 276,74 | 276,74 |  0,00 | 39,439 | 282,34 | 282,34 |  0,00 | 142,193 | 67,54 | 67,54 | 332,505 |   NaN | NaN | 0,00 | 0,00 | NaN
  47 |  0,00 | 18,392 | 669,40 | 669,40 | 689,61 |  0,00 | 0,448 | 44,35 | 44,35 |  0,00 | 0,451 | 281,32 | 281,32 |  0,00 | 46,942 | 276,20 | 276,20 |  0,00 | 191,610 | 67,54 | 67,54 | 393,867 |   NaN | NaN | 0,00 | 0,00 | NaN
  48 |  0,00 | 18,842 | 669,21 | 669,21 | 689,67 |  0,00 | 0,477 | 44,35 | 44,35 |  0,00 | 0,482 | 277,84 | 277,84 |  0,00 | 48,842 | 279,48 | 279,48 |  0,00 | 185,682 | 67,54 | 67,54 | 387,471 |   NaN | NaN | 0,00 | 0,00 | NaN
  49 |  0,00 | 17,127 | 668,86 | 668,86 | 689,72 |  0,00 | 0,489 | 44,35 | 44,35 |  0,00 | 0,478 | 279,32 | 279,32 |  0,00 | 43,151 | 277,65 | 277,65 |  0,00 | 179,359 | 67,54 | 67,54 | 374,357 |   NaN | NaN | 0,00 | 0,00 | NaN
  50 |  0,00 | 14,575 | 672,40 | 672,40 | 692,61 |  0,00 | 0,444 | 44,35 | 44,35 |  0,00 | 0,445 | 281,82 | 281,82 |  0,00 | 38,473 | 278,69 | 278,69 |  0,00 | 138,751 | 67,54 | 67,54 | 331,131 |   NaN | NaN | 0,00 | 0,00 | NaN
  51 |  0,00 | 16,367 | 671,81 | 671,81 | 691,99 |  0,00 | 0,442 | 44,35 | 44,35 |  0,00 | 0,426 | 278,32 | 278,32 |  0,00 | 40,816 | 281,60 | 281,60 |  0,00 | 172,190 | 67,54 | 67,54 | 361,371 |   NaN | NaN | 0,00 | 0,00 | NaN
  52 |  0,00 | 18,031 | 673,11 | 673,11 | 693,48 |  0,00 | 0,468 | 44,35 | 44,35 |  0,00 | 0,474 | 277,54 | 277,54 |  0,00 | 45,661 | 283,68 | 283,68 |  0,00 | 182,265 | 67,54 | 67,54 | 385,603 |   NaN | NaN | 0,00 | 0,00 | NaN
  53 |  0,00 | 17,015 | 675,10 | 675,10 | 695,36 |  0,00 | 0,456 | 44,35 | 44,35 |  0,00 | 0,458 | 281,16 | 281,16 |  0,00 | 45,019 | 282,05 | 282,05 |  0,00 | 159,643 | 67,54 | 67,54 | 359,564 |   NaN | NaN | 0,00 | 0,00 | NaN
  54 |  0,00 | 18,111 | 668,17 | 668,17 | 688,47 |  0,00 | 0,458 | 44,35 | 44,35 |  0,00 | 0,473 | 280,49 | 280,49 |  0,00 | 47,182 | 275,79 | 275,79 |  0,00 | 180,922 | 67,54 | 67,54 | 389,291 |   NaN | NaN | 0,00 | 0,00 | NaN
  55 |  0,00 | 9,620 | 674,41 | 674,41 | 694,55 |  0,00 | 0,443 | 44,35 | 44,35 |  0,00 | 0,441 | 280,30 | 280,30 |  0,00 | 24,774 | 282,22 | 282,22 |  0,00 | 91,254 | 67,54 | 67,54 | 245,183 |   NaN | NaN | 0,00 | 0,00 | NaN
  56 |  0,00 | 17,878 | 668,31 | 668,31 | 688,53 |  0,00 | 0,449 | 44,35 | 44,35 |  0,00 | 0,454 | 279,36 | 279,36 |  0,00 | 45,845 | 277,06 | 277,06 |  0,00 | 182,705 | 67,54 | 67,54 | 387,737 |   NaN | NaN | 0,00 | 0,00 | NaN
  57 |  0,00 | 18,300 | 672,62 | 672,62 | 692,90 |  0,00 | 0,446 | 44,35 | 44,35 |  0,00 | 0,453 | 279,32 | 279,32 |  0,00 | 46,833 | 281,42 | 281,42 |  0,00 | 184,649 | 67,54 | 67,54 | 386,652 |   NaN | NaN | 0,00 | 0,00 | NaN
  58 |  0,00 | 16,741 | 673,77 | 673,77 | 694,13 |  0,00 | 0,475 | 44,35 | 44,35 |  0,00 | 0,464 | 282,00 | 282,00 |  0,00 | 41,393 | 279,88 | 279,88 |  0,00 | 181,302 | 67,54 | 67,54 | 378,256 |   NaN | NaN | 0,00 | 0,00 | NaN
  59 |  0,00 | 2,185 | 677,90 | 677,90 | 699,06 |  0,00 | 0,494 | 44,35 | 44,35 |  0,00 | 0,489 | 280,35 | 280,35 |  0,00 | 3,050 | 285,66 | 285,66 |  0,00 | 32,364 | 67,54 | 67,54 | 95,137 |   NaN | NaN | 0,00 | 0,00 | NaN
  60 |  0,00 | 17,402 | 675,31 | 675,31 | 695,48 |  0,00 | 0,429 | 44,35 | 44,35 |  0,00 | 0,423 | 282,01 | 282,01 |  0,00 | 44,014 | 281,41 | 281,41 |  0,00 | 180,893 | 67,54 | 67,54 | 385,297 |   NaN | NaN | 0,00 | 0,00 | NaN
  61 |  0,00 | 17,013 | 679,01 | 679,01 | 699,26 |  0,00 | 0,451 | 44,35 | 44,35 |  0,00 | 0,449 | 283,90 | 283,90 |  0,00 | 45,579 | 283,22 | 283,22 |  0,00 | 155,429 | 67,54 | 67,54 | 353,227 |   NaN | NaN | 0,00 | 0,00 | NaN
  62 |  0,00 | 18,921 | 675,72 | 675,72 | 700,67 |  0,00 | 0,513 | 44,35 | 44,35 |  0,00 | 0,510 | 280,43 | 280,43 |  0,00 | 49,195 | 283,41 | 283,41 |  0,00 | 182,588 | 67,54 | 67,54 | 385,533 |   NaN | NaN | 0,00 | 0,00 | NaN
  63 |  0,00 | 11,128 | 677,35 | 677,35 | 697,64 |  0,00 | 0,468 | 44,35 | 44,35 |  0,00 | 0,457 | 284,58 | 284,58 |  0,00 | 29,584 | 280,88 | 280,88 |  0,00 | 101,155 | 67,54 | 67,54 | 261,334 |   NaN | NaN | 0,00 | 0,00 | NaN
  64 |  0,00 | 19,380 | 666,77 | 666,77 | 691,55 |  0,00 | 0,511 | 44,35 | 44,35 |  0,00 | 0,522 | 278,64 | 278,64 |  0,00 | 52,075 | 276,24 | 276,24 |  0,00 | 179,512 | 67,54 | 67,54 | 387,314 |   NaN | NaN | 0,00 | 0,00 | NaN

= = = = = = = = = = = = AVERAGE RESULTS system = = = = = = = = = = = =
meanPLR_system | 0,000000 
meanDelay_system | 10,650728 
meanLoad_system | 673,976310 
meanTHR_system | 673,976310 
meanGate_system | 695,125451 

meanPLR_EF_system | 0,000000 
meanPLR_AF_system | 0,000000 
meanPLR_BE_system | 0,000000 
meanPLR_FLA_system | 0,000000 
meanPLR_FLB_system | NaN 

meanTHR_EF_system | 44,352005 
meanTHR_AF_system | 281,242580 
meanTHR_BE_system | 280,845708 
meanTHR_FLA_system | 69,195530 
meanTHR_FLB_system | 0,000000 

meanLoad_EF_system | 44,352005 
meanLoad_AF_system | 281,242580 
meanLoad_BE_system | 280,845708 
meanLoad_FLA_system | 69,195530 
meanLoad_FLB_system | 0,000000 

meanDELAY_EF_system | 0,472918 
meanDELAY_AF_system | 0,472859 
meanDELAY_BE_system | 26,071328 
meanDELAY_FLA_system | 112,984637 
meanDELAY_FLB_system | NaN 
meanDELAY_CompleteFLA_system | 252,101054 
meanDELAY_CompleteFLB_system | NaN 

= = = = = = = = = = = = AVERAGE RESULTS = = = = = = = = = = = =
Packet Loss Ratio: 00,00 (%)
PROCESSED PACKAGES: 1385743452 
DISCARTED PACKAGES: 0 
TOTAL PACKAGES: 1385743452 
AVERAGE DELAY: 1842,71 (ms) 
AVERAGE THROUGHPUT: 673,98 (Mbps) 
GRANTED THROUGHPUT: 44488,03 (Mbps) By 64 ONUs
EFFECTIVE THROUGHPUT: 43134,48 (Mbps) By 64 ONUs
TOTAL LOAD: 43134,48 (Mbps) By 64 ONUs
ON Arrival THROUGHPUT: 0,00 (Mbps) By 64 ONUs
FINISHTIMEFL: 122,088811 
FINISHTIME: 125,088811 


fileName | IPACT_STRICTPRIORITYFIRSTAF_2_40_75_0 
