
ONU ID 	|  PLR(%) | Delay(ms) | Throughput(Mbps) | Granted Throughput(Mbps) | Total Load (Mbps) 

  ID |  PLR(%) |  D  | Thr |  Gates  |  Load  | PLR-EF | D-EF | ThrEF | LoadEF | PLR-AF | D-AF | ThrAF | LoadAF | PLR-BE | D-BE | ThrBE | LoadBE | PLR-FA | D-FA | ThrFA | LoadFA | DTFA |  PLR-FB | D-FB | ThrFB | LoadFB | DTFB | 
   1 |  0,00 | 0,775 | 643,11 | 643,11 | 671,85 |  0,00 | 0,248 | 44,35 | 44,35 |  0,00 | 0,565 | 285,11 | 285,11 |  0,00 | 0,743 | 277,63 | 277,63 |  0,00 | 18,276 | 36,02 | 36,02 | 58,722 |   NaN | NaN | 0,00 | 0,00 | NaN
   2 |  0,00 | 1,341 | 645,44 | 645,44 | 677,40 |  0,00 | 0,260 | 44,35 | 44,35 |  0,00 | 0,341 | 284,98 | 284,98 |  0,00 | 0,397 | 280,09 | 280,09 |  0,00 | 58,611 | 36,02 | 36,02 | 173,229 |   NaN | NaN | 0,00 | 0,00 | NaN
   3 |  0,00 | 1,071 | 640,49 | 640,49 | 667,15 |  0,00 | 0,196 | 44,35 | 44,35 |  0,00 | 0,341 | 280,57 | 280,57 |  0,00 | 0,592 | 279,55 | 279,55 |  0,00 | 41,914 | 36,02 | 36,02 | 126,221 |   NaN | NaN | 0,00 | 0,00 | NaN
   4 |  0,00 | 0,697 | 647,30 | 647,30 | 674,11 |  0,00 | 0,202 | 44,35 | 44,35 |  0,00 | 0,464 | 285,29 | 285,29 |  0,00 | 0,712 | 281,63 | 281,63 |  0,00 | 17,056 | 36,02 | 36,02 | 54,989 |   NaN | NaN | 0,00 | 0,00 | NaN
   5 |  0,00 | 1,592 | 641,74 | 641,74 | 668,53 |  0,00 | 0,227 | 44,35 | 44,35 |  0,00 | 0,233 | 280,95 | 280,95 |  0,00 | 0,362 | 280,42 | 280,42 |  0,00 | 75,632 | 36,02 | 36,02 | 232,424 |   NaN | NaN | 0,00 | 0,00 | NaN
   6 |  0,00 | 1,256 | 645,54 | 645,54 | 672,06 |  0,00 | 0,176 | 44,35 | 44,35 |  0,00 | 0,202 | 282,93 | 282,93 |  0,00 | 0,445 | 282,23 | 282,23 |  0,00 | 57,313 | 36,02 | 36,02 | 192,102 |   NaN | NaN | 0,00 | 0,00 | NaN
   7 |  0,00 | 0,914 | 644,33 | 644,33 | 671,05 |  0,00 | 0,194 | 44,35 | 44,35 |  0,00 | 0,637 | 282,88 | 282,88 |  0,00 | 0,927 | 281,08 | 281,08 |  0,00 | 23,808 | 36,02 | 36,02 | 73,806 |   NaN | NaN | 0,00 | 0,00 | NaN
   8 |  0,00 | 1,280 | 644,07 | 644,07 | 672,08 |  0,00 | 0,244 | 44,35 | 44,35 |  0,00 | 0,267 | 280,72 | 280,72 |  0,00 | 0,361 | 282,98 | 282,98 |  0,00 | 57,071 | 36,02 | 36,02 | 193,628 |   NaN | NaN | 0,00 | 0,00 | NaN
   9 |  0,00 | 0,738 | 645,93 | 645,93 | 672,67 |  0,00 | 0,184 | 44,35 | 44,35 |  0,00 | 0,337 | 282,50 | 282,50 |  0,00 | 0,570 | 283,05 | 283,05 |  0,00 | 23,795 | 36,02 | 36,02 | 80,108 |   NaN | NaN | 0,00 | 0,00 | NaN
  10 |  0,00 | 0,799 | 641,92 | 641,92 | 670,16 |  0,00 | 0,245 | 44,35 | 44,35 |  0,00 | 0,583 | 281,32 | 281,32 |  0,00 | 0,736 | 280,22 | 280,22 |  0,00 | 19,522 | 36,02 | 36,02 | 59,276 |   NaN | NaN | 0,00 | 0,00 | NaN
  11 |  0,00 | 6,786 | 640,66 | 640,66 | 667,28 |  0,00 | 0,184 | 44,35 | 44,35 |  0,00 | 0,311 | 278,26 | 278,26 |  0,00 | 0,630 | 282,03 | 282,03 |  0,00 | 366,093 | 36,02 | 36,02 | 955,750 |   NaN | NaN | 0,00 | 0,00 | NaN
  12 |  0,00 | 1,275 | 643,08 | 643,08 | 671,47 |  0,00 | 0,247 | 44,35 | 44,35 |  0,00 | 0,255 | 281,35 | 281,35 |  0,00 | 0,328 | 281,36 | 281,36 |  0,00 | 57,346 | 36,02 | 36,02 | 190,648 |   NaN | NaN | 0,00 | 0,00 | NaN
  13 |  0,00 | 1,314 | 637,29 | 637,29 | 663,90 |  0,00 | 0,211 | 44,35 | 44,35 |  0,00 | 0,290 | 279,81 | 279,81 |  0,00 | 0,501 | 277,11 | 277,11 |  0,00 | 57,209 | 36,02 | 36,02 | 170,527 |   NaN | NaN | 0,00 | 0,00 | NaN
  14 |  0,00 | 1,616 | 644,29 | 644,29 | 674,05 |  0,00 | 0,253 | 44,35 | 44,35 |  0,00 | 0,265 | 282,02 | 282,02 |  0,00 | 0,328 | 281,90 | 281,90 |  0,00 | 76,509 | 36,02 | 36,02 | 233,102 |   NaN | NaN | 0,00 | 0,00 | NaN
  15 |  0,00 | 0,838 | 640,56 | 640,56 | 669,19 |  0,00 | 0,247 | 44,35 | 44,35 |  0,00 | 0,590 | 276,96 | 276,96 |  0,00 | 0,759 | 283,24 | 283,24 |  0,00 | 21,203 | 36,02 | 36,02 | 70,033 |   NaN | NaN | 0,00 | 0,00 | NaN
  16 |  0,00 | 0,862 | 649,99 | 649,99 | 677,32 |  0,00 | 0,238 | 44,35 | 44,35 |  0,00 | 0,307 | 282,61 | 282,61 |  0,00 | 0,413 | 287,00 | 287,00 |  0,00 | 32,298 | 36,02 | 36,02 | 111,466 |   NaN | NaN | 0,00 | 0,00 | NaN
  17 |  0,00 | 0,863 | 645,39 | 645,39 | 674,74 |  0,00 | 0,251 | 44,35 | 44,35 |  0,00 | 0,364 | 283,52 | 283,52 |  0,00 | 0,471 | 281,50 | 281,50 |  0,00 | 30,181 | 36,02 | 36,02 | 100,806 |   NaN | NaN | 0,00 | 0,00 | NaN
  18 |  0,00 | 4,572 | 640,19 | 640,19 | 666,96 |  0,00 | 0,228 | 44,35 | 44,35 |  0,00 | 0,271 | 279,83 | 279,83 |  0,00 | 0,419 | 279,99 | 279,99 |  0,00 | 243,023 | 36,02 | 36,02 | 987,479 |   NaN | NaN | 0,00 | 0,00 | NaN
  19 |  0,00 | 4,472 | 635,45 | 635,45 | 662,10 |  0,00 | 0,219 | 44,35 | 44,35 |  0,00 | 0,290 | 276,81 | 276,81 |  0,00 | 0,471 | 278,26 | 278,26 |  0,00 | 235,544 | 36,02 | 36,02 | 549,110 |   NaN | NaN | 0,00 | 0,00 | NaN
  20 |  0,00 | 6,326 | 639,00 | 639,00 | 665,62 |  0,00 | 0,214 | 44,35 | 44,35 |  0,00 | 0,274 | 281,95 | 281,95 |  0,00 | 0,466 | 276,68 | 276,68 |  0,00 | 341,727 | 36,02 | 36,02 | 979,515 |   NaN | NaN | 0,00 | 0,00 | NaN
  21 |  0,00 | 0,724 | 633,35 | 633,35 | 660,27 |  0,00 | 0,219 | 44,35 | 44,35 |  0,00 | 0,509 | 277,45 | 277,45 |  0,00 | 0,725 | 275,54 | 275,54 |  0,00 | 17,156 | 36,02 | 36,02 | 55,457 |   NaN | NaN | 0,00 | 0,00 | NaN
  22 |  0,00 | 1,644 | 647,43 | 647,43 | 678,55 |  0,00 | 0,257 | 44,35 | 44,35 |  0,00 | 0,265 | 286,57 | 286,57 |  0,00 | 0,332 | 280,49 | 280,49 |  0,00 | 78,180 | 36,02 | 36,02 | 244,562 |   NaN | NaN | 0,00 | 0,00 | NaN
  23 |  0,00 | 6,489 | 643,33 | 643,33 | 670,70 |  0,00 | 0,239 | 44,35 | 44,35 |  0,00 | 0,450 | 281,57 | 281,57 |  0,00 | 0,590 | 281,38 | 281,38 |  0,00 | 347,167 | 36,02 | 36,02 | 791,975 |   NaN | NaN | 0,00 | 0,00 | NaN
  24 |  0,00 | 1,303 | 646,09 | 646,09 | 672,68 |  0,00 | 0,201 | 44,35 | 44,35 |  0,00 | 0,257 | 281,22 | 281,22 |  0,00 | 0,469 | 284,50 | 284,50 |  0,00 | 58,163 | 36,02 | 36,02 | 175,260 |   NaN | NaN | 0,00 | 0,00 | NaN
  25 |  0,00 | 0,733 | 647,69 | 647,69 | 679,37 |  0,00 | 0,258 | 44,35 | 44,35 |  0,00 | 0,501 | 280,83 | 280,83 |  0,00 | 0,577 | 286,49 | 286,49 |  0,00 | 18,989 | 36,02 | 36,02 | 63,742 |   NaN | NaN | 0,00 | 0,00 | NaN
  26 |  0,00 | 0,920 | 640,26 | 640,26 | 670,74 |  0,00 | 0,255 | 44,35 | 44,35 |  0,00 | 0,625 | 280,73 | 280,73 |  0,00 | 0,794 | 279,16 | 279,16 |  0,00 | 24,656 | 36,02 | 36,02 | 71,454 |   NaN | NaN | 0,00 | 0,00 | NaN
  27 |  0,00 | 4,201 | 640,79 | 640,79 | 667,37 |  0,00 | 0,181 | 44,35 | 44,35 |  0,00 | 0,212 | 282,54 | 282,54 |  0,00 | 0,430 | 277,88 | 277,88 |  0,00 | 224,049 | 36,02 | 36,02 | 949,609 |   NaN | NaN | 0,00 | 0,00 | NaN
  28 |  0,00 | 6,773 | 637,29 | 637,29 | 665,80 |  0,00 | 0,247 | 44,35 | 44,35 |  0,00 | 0,420 | 281,21 | 281,21 |  0,00 | 0,980 | 275,71 | 275,71 |  0,00 | 355,986 | 36,02 | 36,02 | 813,382 |   NaN | NaN | 0,00 | 0,00 | NaN
  29 |  0,00 | 7,012 | 644,52 | 644,52 | 671,29 |  0,00 | 0,227 | 44,35 | 44,35 |  0,00 | 0,351 | 281,92 | 281,92 |  0,00 | 0,591 | 282,23 | 282,23 |  0,00 | 379,127 | 36,02 | 36,02 | 924,948 |   NaN | NaN | 0,00 | 0,00 | NaN
  30 |  0,00 | 5,157 | 640,63 | 640,63 | 671,81 |  0,00 | 0,257 | 44,35 | 44,35 |  0,00 | 0,285 | 279,56 | 279,56 |  0,00 | 0,348 | 280,70 | 280,70 |  0,00 | 276,325 | 36,02 | 36,02 | 974,803 |   NaN | NaN | 0,00 | 0,00 | NaN
  31 |  0,00 | 6,573 | 640,70 | 640,70 | 667,41 |  0,00 | 0,224 | 44,35 | 44,35 |  0,00 | 0,500 | 281,98 | 281,98 |  0,00 | 0,675 | 278,35 | 278,35 |  0,00 | 349,588 | 36,02 | 36,02 | 803,354 |   NaN | NaN | 0,00 | 0,00 | NaN
  32 |  0,00 | 6,619 | 644,81 | 644,81 | 671,41 |  0,00 | 0,180 | 44,35 | 44,35 |  0,00 | 0,346 | 281,69 | 281,69 |  0,00 | 0,892 | 282,75 | 282,75 |  0,00 | 353,666 | 36,02 | 36,02 | 944,591 |   NaN | NaN | 0,00 | 0,00 | NaN
  33 |  0,00 | 6,292 | 640,75 | 640,75 | 668,97 |  0,00 | 0,246 | 44,35 | 44,35 |  0,00 | 0,413 | 279,73 | 279,73 |  0,00 | 0,671 | 280,65 | 280,65 |  0,00 | 334,400 | 36,02 | 36,02 | 1001,316 |   NaN | NaN | 0,00 | 0,00 | NaN
  34 |  0,00 | 3,319 | 640,57 | 640,57 | 667,73 |  0,00 | 0,237 | 44,35 | 44,35 |  0,00 | 0,253 | 281,07 | 281,07 |  0,00 | 0,362 | 279,12 | 279,12 |  0,00 | 172,928 | 36,02 | 36,02 | 755,404 |   NaN | NaN | 0,00 | 0,00 | NaN
  35 |  0,00 | 2,843 | 647,57 | 647,57 | 674,15 |  0,00 | 0,186 | 44,35 | 44,35 |  0,00 | 0,199 | 283,23 | 283,23 |  0,00 | 0,399 | 283,98 | 283,98 |  0,00 | 148,462 | 36,02 | 36,02 | 572,334 |   NaN | NaN | 0,00 | 0,00 | NaN
  36 |  0,00 | 3,806 | 641,44 | 641,44 | 668,81 |  0,00 | 0,239 | 44,35 | 44,35 |  0,00 | 0,286 | 278,02 | 278,02 |  0,00 | 0,376 | 283,04 | 283,04 |  0,00 | 199,926 | 36,02 | 36,02 | 886,755 |   NaN | NaN | 0,00 | 0,00 | NaN
  37 |  0,00 | 6,552 | 647,37 | 647,37 | 674,06 |  0,00 | 0,222 | 44,35 | 44,35 |  0,00 | 0,365 | 285,32 | 285,32 |  0,00 | 0,521 | 281,67 | 281,67 |  0,00 | 354,819 | 36,02 | 36,02 | 945,421 |   NaN | NaN | 0,00 | 0,00 | NaN
  38 |  0,00 | 5,299 | 646,19 | 646,19 | 672,78 |  0,00 | 0,214 | 44,35 | 44,35 |  0,00 | 0,224 | 282,92 | 282,92 |  0,00 | 0,378 | 282,90 | 282,90 |  0,00 | 287,415 | 36,02 | 36,02 | 1020,257 |   NaN | NaN | 0,00 | 0,00 | NaN
  39 |  0,00 | 6,292 | 633,61 | 633,61 | 664,78 |  0,00 | 0,257 | 44,35 | 44,35 |  0,00 | 0,267 | 277,57 | 277,57 |  0,00 | 0,389 | 275,67 | 275,67 |  0,00 | 338,145 | 36,02 | 36,02 | 993,724 |   NaN | NaN | 0,00 | 0,00 | NaN
  40 |  0,00 | 4,192 | 637,10 | 637,10 | 668,19 |  0,00 | 0,257 | 44,35 | 44,35 |  0,00 | 0,280 | 281,37 | 281,37 |  0,00 | 0,377 | 275,36 | 275,36 |  0,00 | 220,571 | 36,02 | 36,02 | 952,829 |   NaN | NaN | 0,00 | 0,00 | NaN
  41 |  0,00 | 6,880 | 645,96 | 645,96 | 673,50 |  0,00 | 0,240 | 44,35 | 44,35 |  0,00 | 0,386 | 278,60 | 278,60 |  0,00 | 0,610 | 286,99 | 286,99 |  0,00 | 370,876 | 36,02 | 36,02 | 867,330 |   NaN | NaN | 0,00 | 0,00 | NaN
  42 |  0,00 | 6,858 | 647,98 | 647,98 | 674,60 |  0,00 | 0,186 | 44,35 | 44,35 |  0,00 | 0,284 | 283,53 | 283,53 |  0,00 | 0,687 | 284,08 | 284,08 |  0,00 | 372,090 | 36,02 | 36,02 | 917,405 |   NaN | NaN | 0,00 | 0,00 | NaN
  43 |  0,00 | 6,161 | 651,30 | 651,30 | 682,04 |  0,00 | 0,264 | 44,35 | 44,35 |  0,00 | 0,292 | 286,15 | 286,15 |  0,00 | 0,391 | 284,78 | 284,78 |  0,00 | 335,579 | 36,02 | 36,02 | 991,329 |   NaN | NaN | 0,00 | 0,00 | NaN
  44 |  0,00 | 7,145 | 645,32 | 645,32 | 671,89 |  0,00 | 0,176 | 44,35 | 44,35 |  0,00 | 0,550 | 280,73 | 280,73 |  0,00 | 1,014 | 284,22 | 284,22 |  0,00 | 379,052 | 36,02 | 36,02 | 866,261 |   NaN | NaN | 0,00 | 0,00 | NaN
  45 |  0,00 | 7,267 | 640,70 | 640,70 | 673,13 |  0,00 | 0,261 | 44,35 | 44,35 |  0,00 | 0,380 | 283,78 | 283,78 |  0,00 | 0,616 | 276,55 | 276,55 |  0,00 | 390,615 | 36,02 | 36,02 | 926,497 |   NaN | NaN | 0,00 | 0,00 | NaN
  46 |  0,00 | 6,442 | 642,04 | 642,04 | 668,65 |  0,00 | 0,200 | 44,35 | 44,35 |  0,00 | 0,249 | 279,27 | 279,27 |  0,00 | 0,459 | 282,40 | 282,40 |  0,00 | 349,976 | 36,02 | 36,02 | 978,800 |   NaN | NaN | 0,00 | 0,00 | NaN
  47 |  0,00 | 6,453 | 640,76 | 640,76 | 667,32 |  0,00 | 0,198 | 44,35 | 44,35 |  0,00 | 0,413 | 282,37 | 282,37 |  0,00 | 0,707 | 278,02 | 278,02 |  0,00 | 344,332 | 36,02 | 36,02 | 784,217 |   NaN | NaN | 0,00 | 0,00 | NaN
  48 |  0,00 | 6,881 | 640,11 | 640,11 | 666,87 |  0,00 | 0,227 | 44,35 | 44,35 |  0,00 | 0,279 | 279,61 | 279,61 |  0,00 | 0,549 | 280,13 | 280,13 |  0,00 | 371,836 | 36,02 | 36,02 | 855,189 |   NaN | NaN | 0,00 | 0,00 | NaN
  49 |  0,00 | 6,666 | 640,84 | 640,84 | 668,22 |  0,00 | 0,240 | 44,35 | 44,35 |  0,00 | 0,407 | 281,79 | 281,79 |  0,00 | 0,719 | 278,68 | 278,68 |  0,00 | 355,220 | 36,02 | 36,02 | 800,256 |   NaN | NaN | 0,00 | 0,00 | NaN
  50 |  0,00 | 6,236 | 644,68 | 644,68 | 671,28 |  0,00 | 0,194 | 44,35 | 44,35 |  0,00 | 0,224 | 283,73 | 283,73 |  0,00 | 0,414 | 280,58 | 280,58 |  0,00 | 340,433 | 36,02 | 36,02 | 984,962 |   NaN | NaN | 0,00 | 0,00 | NaN
  51 |  0,00 | 6,870 | 643,50 | 643,50 | 670,09 |  0,00 | 0,192 | 44,35 | 44,35 |  0,00 | 0,563 | 280,76 | 280,76 |  0,00 | 0,762 | 282,37 | 282,37 |  0,00 | 365,960 | 36,02 | 36,02 | 859,142 |   NaN | NaN | 0,00 | 0,00 | NaN
  52 |  0,00 | 7,064 | 642,86 | 642,86 | 669,54 |  0,00 | 0,218 | 44,35 | 44,35 |  0,00 | 0,490 | 277,96 | 277,96 |  0,00 | 0,976 | 284,53 | 284,53 |  0,00 | 373,937 | 36,02 | 36,02 | 894,088 |   NaN | NaN | 0,00 | 0,00 | NaN
  53 |  0,00 | 6,520 | 643,81 | 643,81 | 670,41 |  0,00 | 0,206 | 44,35 | 44,35 |  0,00 | 0,293 | 283,15 | 283,15 |  0,00 | 0,428 | 280,29 | 280,29 |  0,00 | 354,718 | 36,02 | 36,02 | 959,069 |   NaN | NaN | 0,00 | 0,00 | NaN
  54 |  0,00 | 6,833 | 638,77 | 638,77 | 665,40 |  0,00 | 0,208 | 44,35 | 44,35 |  0,00 | 0,334 | 281,59 | 281,59 |  0,00 | 0,659 | 276,82 | 276,82 |  0,00 | 366,742 | 36,02 | 36,02 | 900,720 |   NaN | NaN | 0,00 | 0,00 | NaN
  55 |  0,00 | 4,876 | 639,49 | 639,49 | 666,07 |  0,00 | 0,193 | 44,35 | 44,35 |  0,00 | 0,211 | 278,07 | 278,07 |  0,00 | 0,410 | 281,05 | 281,05 |  0,00 | 261,908 | 36,02 | 36,02 | 979,221 |   NaN | NaN | 0,00 | 0,00 | NaN
  56 |  0,00 | 7,088 | 639,35 | 639,35 | 665,94 |  0,00 | 0,199 | 44,35 | 44,35 |  0,00 | 0,407 | 279,19 | 279,19 |  0,00 | 0,767 | 279,80 | 279,80 |  0,00 | 378,925 | 36,02 | 36,02 | 872,181 |   NaN | NaN | 0,00 | 0,00 | NaN
  57 |  0,00 | 6,438 | 642,08 | 642,08 | 668,67 |  0,00 | 0,196 | 44,35 | 44,35 |  0,00 | 0,296 | 280,35 | 280,35 |  0,00 | 0,706 | 281,36 | 281,36 |  0,00 | 345,590 | 36,02 | 36,02 | 796,837 |   NaN | NaN | 0,00 | 0,00 | NaN
  58 |  0,00 | 6,806 | 643,29 | 643,29 | 670,05 |  0,00 | 0,225 | 44,35 | 44,35 |  0,00 | 0,642 | 281,48 | 281,48 |  0,00 | 0,974 | 281,43 | 281,43 |  0,00 | 357,109 | 36,02 | 36,02 | 816,478 |   NaN | NaN | 0,00 | 0,00 | NaN
  59 |  0,00 | 3,444 | 646,82 | 646,82 | 674,70 |  0,00 | 0,244 | 44,35 | 44,35 |  0,00 | 0,248 | 280,75 | 280,75 |  0,00 | 0,343 | 285,70 | 285,70 |  0,00 | 181,199 | 36,02 | 36,02 | 809,582 |   NaN | NaN | 0,00 | 0,00 | NaN
  60 |  0,00 | 6,864 | 642,38 | 642,38 | 668,98 |  0,00 | 0,179 | 44,35 | 44,35 |  0,00 | 0,546 | 280,86 | 280,86 |  0,00 | 0,847 | 281,16 | 281,16 |  0,00 | 364,617 | 36,02 | 36,02 | 860,965 |   NaN | NaN | 0,00 | 0,00 | NaN
  61 |  0,00 | 6,399 | 646,44 | 646,44 | 673,03 |  0,00 | 0,201 | 44,35 | 44,35 |  0,00 | 0,283 | 283,00 | 283,00 |  0,00 | 0,525 | 283,07 | 283,07 |  0,00 | 347,408 | 36,02 | 36,02 | 963,350 |   NaN | NaN | 0,00 | 0,00 | NaN
  62 |  0,00 | 6,366 | 646,24 | 646,24 | 679,25 |  0,00 | 0,263 | 44,35 | 44,35 |  0,00 | 0,408 | 283,25 | 283,25 |  0,00 | 0,497 | 282,62 | 282,62 |  0,00 | 342,452 | 36,02 | 36,02 | 813,457 |   NaN | NaN | 0,00 | 0,00 | NaN
  63 |  0,00 | 5,554 | 643,47 | 643,47 | 670,15 |  0,00 | 0,218 | 44,35 | 44,35 |  0,00 | 0,257 | 282,99 | 282,99 |  0,00 | 0,400 | 280,11 | 280,11 |  0,00 | 300,303 | 36,02 | 36,02 | 1006,090 |   NaN | NaN | 0,00 | 0,00 | NaN
  64 |  0,00 | 7,029 | 639,40 | 639,40 | 672,12 |  0,00 | 0,261 | 44,35 | 44,35 |  0,00 | 0,529 | 280,19 | 280,19 |  0,00 | 1,018 | 278,83 | 278,83 |  0,00 | 368,563 | 36,02 | 36,02 | 903,627 |   NaN | NaN | 0,00 | 0,00 | NaN

= = = = = = = = = = = = AVERAGE RESULTS system = = = = = = = = = = = =
meanPLR_system | 0,000000 
meanDelay_system | 4,394901 
meanLoad_system | 642,731955 
meanTHR_system | 642,731955 
meanGate_system | 670,601585 

meanPLR_EF_system | 0,000000 
meanPLR_AF_system | 0,000000 
meanPLR_BE_system | 0,000000 
meanPLR_FLA_system | 0,000000 
meanPLR_FLB_system | NaN 

meanTHR_EF_system | 44,352004 
meanTHR_AF_system | 281,406626 
meanTHR_BE_system | 280,953810 
meanTHR_FLA_system | 36,644476 
meanTHR_FLB_system | 0,000000 

meanLoad_EF_system | 44,352004 
meanLoad_AF_system | 281,406626 
meanLoad_BE_system | 280,953810 
meanLoad_FLA_system | 36,644476 
meanLoad_FLB_system | 0,000000 

meanDELAY_EF_system | 0,222781 
meanDELAY_AF_system | 0,361981 
meanDELAY_BE_system | 0,577917 
meanDELAY_FLA_system | 229,895122 
meanDELAY_FLB_system | NaN 
meanDELAY_CompleteFLA_system | 639,705706 
meanDELAY_CompleteFLB_system | NaN 

= = = = = = = = = = = = AVERAGE RESULTS = = = = = = = = = = = =
Packet Loss Ratio: 00,00 (%)
PROCESSED PACKAGES: 1919615831 
DISCARTED PACKAGES: 0 
TOTAL PACKAGES: 1919615831 
AVERAGE DELAY: 749,19 (ms) 
AVERAGE THROUGHPUT: 642,73 (Mbps) 
GRANTED THROUGHPUT: 42918,50 (Mbps) By 64 ONUs
EFFECTIVE THROUGHPUT: 41134,85 (Mbps) By 64 ONUs
TOTAL LOAD: 41134,85 (Mbps) By 64 ONUs
ON Arrival THROUGHPUT: 0,00 (Mbps) By 64 ONUs
FINISHTIMEFL: 172,904643 
FINISHTIME: 175,904643 


fileName | IPACT_LBVARIBLETOKENSBYCYCLE_4_30_75_0 
