
ONU ID 	|  PLR(%) | Delay(ms) | Throughput(Mbps) | Granted Throughput(Mbps) | Total Load (Mbps) 

  ID |  PLR(%) |  D  | Thr |  Gates  |  Load  | PLR-EF | D-EF | ThrEF | LoadEF | PLR-AF | D-AF | ThrAF | LoadAF | PLR-BE | D-BE | ThrBE | LoadBE | PLR-FA | D-FA | ThrFA | LoadFA | DTFA |  PLR-FB | D-FB | ThrFB | LoadFB | DTFB | 
   1 |  0,00 | 0,937 | 677,41 | 677,41 | 699,36 |  0,00 | 0,305 | 44,35 | 44,35 |  0,00 | 0,685 | 305,04 | 305,04 |  0,00 | 0,886 | 299,53 | 299,53 |  0,00 | 28,083 | 28,50 | 28,50 | 80,822 |   NaN | NaN | 0,00 | 0,00 | NaN
   2 |  0,00 | 3,319 | 675,74 | 675,74 | 700,23 |  0,00 | 0,317 | 44,35 | 44,35 |  0,00 | 0,378 | 303,92 | 303,92 |  0,00 | 0,505 | 298,97 | 298,97 |  0,00 | 218,179 | 28,50 | 28,50 | 456,221 |   NaN | NaN | 0,00 | 0,00 | NaN
   3 |  0,00 | 3,064 | 669,87 | 669,87 | 690,47 |  0,00 | 0,253 | 44,35 | 44,35 |  0,00 | 0,273 | 297,75 | 297,75 |  0,00 | 0,458 | 299,28 | 299,28 |  0,00 | 203,308 | 28,50 | 28,50 | 415,908 |   NaN | NaN | 0,00 | 0,00 | NaN
   4 |  0,00 | 0,827 | 676,38 | 676,38 | 697,09 |  0,00 | 0,259 | 44,35 | 44,35 |  0,00 | 0,614 | 303,26 | 303,26 |  0,00 | 0,889 | 300,27 | 300,27 |  0,00 | 22,800 | 28,50 | 28,50 | 66,666 |   NaN | NaN | 0,00 | 0,00 | NaN
   5 |  0,00 | 5,683 | 669,46 | 669,46 | 690,17 |  0,00 | 0,284 | 44,35 | 44,35 |  0,00 | 0,301 | 299,39 | 299,39 |  0,00 | 0,425 | 297,23 | 297,23 |  0,00 | 395,676 | 28,50 | 28,50 | 724,421 |   NaN | NaN | 0,00 | 0,00 | NaN
   6 |  0,00 | 3,308 | 675,05 | 675,05 | 695,65 |  0,00 | 0,233 | 44,35 | 44,35 |  0,00 | 0,245 | 302,28 | 302,28 |  0,00 | 0,471 | 299,92 | 299,92 |  0,00 | 223,355 | 28,50 | 28,50 | 476,619 |   NaN | NaN | 0,00 | 0,00 | NaN
   7 |  0,00 | 1,391 | 673,26 | 673,26 | 693,85 |  0,00 | 0,251 | 44,35 | 44,35 |  0,00 | 0,272 | 299,85 | 299,85 |  0,00 | 0,467 | 300,57 | 300,57 |  0,00 | 79,941 | 28,50 | 28,50 | 180,752 |   NaN | NaN | 0,00 | 0,00 | NaN
   8 |  0,00 | 3,259 | 678,22 | 678,22 | 699,70 |  0,00 | 0,301 | 44,35 | 44,35 |  0,00 | 0,320 | 302,03 | 302,03 |  0,00 | 0,402 | 303,34 | 303,34 |  0,00 | 217,929 | 28,50 | 28,50 | 464,512 |   NaN | NaN | 0,00 | 0,00 | NaN
   9 |  0,00 | 1,939 | 674,78 | 674,78 | 695,35 |  0,00 | 0,241 | 44,35 | 44,35 |  0,00 | 0,253 | 300,63 | 300,63 |  0,00 | 0,469 | 301,30 | 301,30 |  0,00 | 121,393 | 28,50 | 28,50 | 254,933 |   NaN | NaN | 0,00 | 0,00 | NaN
  10 |  0,00 | 1,025 | 672,92 | 672,92 | 694,45 |  0,00 | 0,302 | 44,35 | 44,35 |  0,00 | 0,791 | 301,36 | 301,36 |  0,00 | 0,999 | 298,72 | 298,72 |  0,00 | 30,333 | 28,50 | 28,50 | 78,781 |   NaN | NaN | 0,00 | 0,00 | NaN
  11 |  0,00 | 10,704 | 672,21 | 672,21 | 692,84 |  0,00 | 0,242 | 44,35 | 44,35 |  0,00 | 0,310 | 299,12 | 299,12 |  0,00 | 1,063 | 300,23 | 300,23 |  0,00 | 756,733 | 28,50 | 28,50 | 1551,029 |   NaN | NaN | 0,00 | 0,00 | NaN
  12 |  0,00 | 3,506 | 673,97 | 673,97 | 695,72 |  0,00 | 0,304 | 44,35 | 44,35 |  0,00 | 0,316 | 300,04 | 300,04 |  0,00 | 0,395 | 301,08 | 301,08 |  0,00 | 235,599 | 28,50 | 28,50 | 491,816 |   NaN | NaN | 0,00 | 0,00 | NaN
  13 |  0,00 | 3,298 | 665,24 | 665,24 | 685,85 |  0,00 | 0,269 | 44,35 | 44,35 |  0,00 | 0,295 | 298,31 | 298,31 |  0,00 | 0,493 | 294,09 | 294,09 |  0,00 | 218,132 | 28,50 | 28,50 | 452,866 |   NaN | NaN | 0,00 | 0,00 | NaN
  14 |  0,00 | 5,539 | 676,92 | 676,92 | 699,72 |  0,00 | 0,310 | 44,35 | 44,35 |  0,00 | 0,318 | 301,26 | 301,26 |  0,00 | 0,394 | 302,82 | 302,82 |  0,00 | 387,021 | 28,50 | 28,50 | 705,755 |   NaN | NaN | 0,00 | 0,00 | NaN
  15 |  0,00 | 1,444 | 672,08 | 672,08 | 693,84 |  0,00 | 0,304 | 44,35 | 44,35 |  0,00 | 0,369 | 296,21 | 296,21 |  0,00 | 0,449 | 303,03 | 303,03 |  0,00 | 80,499 | 28,50 | 28,50 | 186,875 |   NaN | NaN | 0,00 | 0,00 | NaN
  16 |  0,00 | 2,362 | 680,50 | 680,50 | 701,48 |  0,00 | 0,295 | 44,35 | 44,35 |  0,00 | 0,312 | 302,08 | 302,08 |  0,00 | 0,405 | 305,57 | 305,57 |  0,00 | 151,805 | 28,50 | 28,50 | 322,827 |   NaN | NaN | 0,00 | 0,00 | NaN
  17 |  0,00 | 2,196 | 674,34 | 674,34 | 696,76 |  0,00 | 0,308 | 44,35 | 44,35 |  0,00 | 0,317 | 301,91 | 301,91 |  0,00 | 0,403 | 299,58 | 299,58 |  0,00 | 138,237 | 28,50 | 28,50 | 299,304 |   NaN | NaN | 0,00 | 0,00 | NaN
  18 |  0,00 | 8,672 | 670,42 | 670,42 | 691,11 |  0,00 | 0,285 | 44,35 | 44,35 |  0,00 | 0,321 | 299,55 | 299,55 |  0,00 | 0,454 | 298,02 | 298,02 |  0,00 | 615,886 | 28,50 | 28,50 | 1442,796 |   NaN | NaN | 0,00 | 0,00 | NaN
  19 |  0,00 | 9,257 | 666,25 | 666,25 | 686,90 |  0,00 | 0,276 | 44,35 | 44,35 |  0,00 | 0,420 | 295,90 | 295,90 |  0,00 | 0,643 | 297,51 | 297,51 |  0,00 | 651,195 | 28,50 | 28,50 | 1189,506 |   NaN | NaN | 0,00 | 0,00 | NaN
  20 |  0,00 | 10,673 | 666,06 | 666,06 | 686,67 |  0,00 | 0,271 | 44,35 | 44,35 |  0,00 | 0,481 | 299,35 | 299,35 |  0,00 | 1,416 | 293,86 | 293,86 |  0,00 | 739,271 | 28,50 | 28,50 | 1548,903 |   NaN | NaN | 0,00 | 0,00 | NaN
  21 |  0,00 | 0,987 | 665,21 | 665,21 | 685,84 |  0,00 | 0,276 | 44,35 | 44,35 |  0,00 | 0,312 | 297,45 | 297,45 |  0,00 | 0,472 | 294,91 | 294,91 |  0,00 | 48,060 | 28,50 | 28,50 | 116,715 |   NaN | NaN | 0,00 | 0,00 | NaN
  22 |  0,00 | 6,500 | 676,56 | 676,56 | 700,42 |  0,00 | 0,314 | 44,35 | 44,35 |  0,00 | 0,327 | 305,32 | 305,32 |  0,00 | 0,392 | 298,39 | 298,39 |  0,00 | 457,976 | 28,50 | 28,50 | 821,651 |   NaN | NaN | 0,00 | 0,00 | NaN
  23 |  0,00 | 10,865 | 674,06 | 674,06 | 695,08 |  0,00 | 0,296 | 44,35 | 44,35 |  0,00 | 0,475 | 300,95 | 300,95 |  0,00 | 1,168 | 300,27 | 300,27 |  0,00 | 762,707 | 28,50 | 28,50 | 1467,328 |   NaN | NaN | 0,00 | 0,00 | NaN
  24 |  0,00 | 3,279 | 678,02 | 678,02 | 698,63 |  0,00 | 0,258 | 44,35 | 44,35 |  0,00 | 0,293 | 301,72 | 301,72 |  0,00 | 0,474 | 303,46 | 303,46 |  0,00 | 219,851 | 28,50 | 28,50 | 459,557 |   NaN | NaN | 0,00 | 0,00 | NaN
  25 |  0,00 | 1,415 | 675,09 | 675,09 | 699,31 |  0,00 | 0,315 | 44,35 | 44,35 |  0,00 | 0,345 | 297,37 | 297,37 |  0,00 | 0,401 | 304,87 | 304,87 |  0,00 | 79,602 | 28,50 | 28,50 | 185,192 |   NaN | NaN | 0,00 | 0,00 | NaN
  26 |  0,00 | 1,398 | 671,32 | 671,32 | 694,56 |  0,00 | 0,312 | 44,35 | 44,35 |  0,00 | 0,356 | 300,17 | 300,17 |  0,00 | 0,410 | 298,31 | 298,31 |  0,00 | 77,839 | 28,50 | 28,50 | 171,161 |   NaN | NaN | 0,00 | 0,00 | NaN
  27 |  0,00 | 8,345 | 670,02 | 670,02 | 690,60 |  0,00 | 0,238 | 44,35 | 44,35 |  0,00 | 0,263 | 300,97 | 300,97 |  0,00 | 0,542 | 296,20 | 296,20 |  0,00 | 592,499 | 28,50 | 28,50 | 1413,349 |   NaN | NaN | 0,00 | 0,00 | NaN
  28 |  0,00 | 10,899 | 667,20 | 667,20 | 689,08 |  0,00 | 0,305 | 44,35 | 44,35 |  0,00 | 0,582 | 299,26 | 299,26 |  0,00 | 0,956 | 295,10 | 295,10 |  0,00 | 762,328 | 28,50 | 28,50 | 1468,996 |   NaN | NaN | 0,00 | 0,00 | NaN
  29 |  0,00 | 10,886 | 673,42 | 673,42 | 694,13 |  0,00 | 0,284 | 44,35 | 44,35 |  0,00 | 0,500 | 298,63 | 298,63 |  0,00 | 0,965 | 301,95 | 301,95 |  0,00 | 767,695 | 28,50 | 28,50 | 1542,324 |   NaN | NaN | 0,00 | 0,00 | NaN
  30 |  0,00 | 9,638 | 671,31 | 671,31 | 695,20 |  0,00 | 0,314 | 44,35 | 44,35 |  0,00 | 0,331 | 298,75 | 298,75 |  0,00 | 0,405 | 299,71 | 299,71 |  0,00 | 687,415 | 28,50 | 28,50 | 1519,530 |   NaN | NaN | 0,00 | 0,00 | NaN
  31 |  0,00 | 10,836 | 670,78 | 670,78 | 691,45 |  0,00 | 0,281 | 44,35 | 44,35 |  0,00 | 0,409 | 300,45 | 300,45 |  0,00 | 1,131 | 297,48 | 297,48 |  0,00 | 760,982 | 28,50 | 28,50 | 1462,987 |   NaN | NaN | 0,00 | 0,00 | NaN
  32 |  0,00 | 10,620 | 675,08 | 675,08 | 695,70 |  0,00 | 0,238 | 44,35 | 44,35 |  0,00 | 0,407 | 300,59 | 300,59 |  0,00 | 0,786 | 301,64 | 301,64 |  0,00 | 756,121 | 28,50 | 28,50 | 1553,690 |   NaN | NaN | 0,00 | 0,00 | NaN
  33 |  0,00 | 10,247 | 669,71 | 669,71 | 691,32 |  0,00 | 0,303 | 44,35 | 44,35 |  0,00 | 0,449 | 298,13 | 298,13 |  0,00 | 0,783 | 298,74 | 298,74 |  0,00 | 722,024 | 28,50 | 28,50 | 1543,087 |   NaN | NaN | 0,00 | 0,00 | NaN
  34 |  0,00 | 7,310 | 672,26 | 672,26 | 693,17 |  0,00 | 0,294 | 44,35 | 44,35 |  0,00 | 0,311 | 299,06 | 299,06 |  0,00 | 0,414 | 300,36 | 300,36 |  0,00 | 516,714 | 28,50 | 28,50 | 1273,430 |   NaN | NaN | 0,00 | 0,00 | NaN
  35 |  0,00 | 6,490 | 675,21 | 675,21 | 695,83 |  0,00 | 0,243 | 44,35 | 44,35 |  0,00 | 0,250 | 301,82 | 301,82 |  0,00 | 0,462 | 300,55 | 300,55 |  0,00 | 459,244 | 28,50 | 28,50 | 1105,123 |   NaN | NaN | 0,00 | 0,00 | NaN
  36 |  0,00 | 7,910 | 670,34 | 670,34 | 691,45 |  0,00 | 0,296 | 44,35 | 44,35 |  0,00 | 0,313 | 297,69 | 297,69 |  0,00 | 0,423 | 299,80 | 299,80 |  0,00 | 559,869 | 28,50 | 28,50 | 1364,201 |   NaN | NaN | 0,00 | 0,00 | NaN
  37 |  0,00 | 10,641 | 677,20 | 677,20 | 697,85 |  0,00 | 0,279 | 44,35 | 44,35 |  0,00 | 0,398 | 303,91 | 303,91 |  0,00 | 1,023 | 300,44 | 300,44 |  0,00 | 753,243 | 28,50 | 28,50 | 1554,032 |   NaN | NaN | 0,00 | 0,00 | NaN
  38 |  0,00 | 9,245 | 677,89 | 677,89 | 698,47 |  0,00 | 0,271 | 44,35 | 44,35 |  0,00 | 0,301 | 302,37 | 302,37 |  0,00 | 0,453 | 302,68 | 302,68 |  0,00 | 663,389 | 28,50 | 28,50 | 1496,153 |   NaN | NaN | 0,00 | 0,00 | NaN
  39 |  0,00 | 10,311 | 666,33 | 666,33 | 690,14 |  0,00 | 0,314 | 44,35 | 44,35 |  0,00 | 0,406 | 298,26 | 298,26 |  0,00 | 0,686 | 295,23 | 295,23 |  0,00 | 726,915 | 28,50 | 28,50 | 1546,990 |   NaN | NaN | 0,00 | 0,00 | NaN
  40 |  0,00 | 8,534 | 665,80 | 665,80 | 689,61 |  0,00 | 0,314 | 44,35 | 44,35 |  0,00 | 0,355 | 298,89 | 298,89 |  0,00 | 0,437 | 294,07 | 294,07 |  0,00 | 601,890 | 28,50 | 28,50 | 1426,716 |   NaN | NaN | 0,00 | 0,00 | NaN
  41 |  0,00 | 10,869 | 678,02 | 678,02 | 699,16 |  0,00 | 0,297 | 44,35 | 44,35 |  0,00 | 0,484 | 300,52 | 300,52 |  0,00 | 0,898 | 304,65 | 304,65 |  0,00 | 770,745 | 28,50 | 28,50 | 1513,282 |   NaN | NaN | 0,00 | 0,00 | NaN
  42 |  0,00 | 10,892 | 676,04 | 676,04 | 696,64 |  0,00 | 0,243 | 44,35 | 44,35 |  0,00 | 0,474 | 301,12 | 301,12 |  0,00 | 1,138 | 302,07 | 302,07 |  0,00 | 768,439 | 28,50 | 28,50 | 1543,395 |   NaN | NaN | 0,00 | 0,00 | NaN
  43 |  0,00 | 10,205 | 678,90 | 678,90 | 702,60 |  0,00 | 0,321 | 44,35 | 44,35 |  0,00 | 0,445 | 303,68 | 303,68 |  0,00 | 0,570 | 302,37 | 302,37 |  0,00 | 728,559 | 28,50 | 28,50 | 1547,183 |   NaN | NaN | 0,00 | 0,00 | NaN
  44 |  0,00 | 10,951 | 674,93 | 674,93 | 695,55 |  0,00 | 0,233 | 44,35 | 44,35 |  0,00 | 0,413 | 300,58 | 300,58 |  0,00 | 1,311 | 301,50 | 301,50 |  0,00 | 770,153 | 28,50 | 28,50 | 1503,127 |   NaN | NaN | 0,00 | 0,00 | NaN
  45 |  0,00 | 11,043 | 674,04 | 674,04 | 698,88 |  0,00 | 0,318 | 44,35 | 44,35 |  0,00 | 0,480 | 302,99 | 302,99 |  0,00 | 1,543 | 298,20 | 298,20 |  0,00 | 767,820 | 28,50 | 28,50 | 1536,601 |   NaN | NaN | 0,00 | 0,00 | NaN
  46 |  0,00 | 10,352 | 672,78 | 672,78 | 693,37 |  0,00 | 0,257 | 44,35 | 44,35 |  0,00 | 0,302 | 299,62 | 299,62 |  0,00 | 0,636 | 300,31 | 300,31 |  0,00 | 739,166 | 28,50 | 28,50 | 1549,535 |   NaN | NaN | 0,00 | 0,00 | NaN
  47 |  0,00 | 10,735 | 672,67 | 672,67 | 693,25 |  0,00 | 0,255 | 44,35 | 44,35 |  0,00 | 0,516 | 302,01 | 302,01 |  0,00 | 1,096 | 297,81 | 297,81 |  0,00 | 754,181 | 28,50 | 28,50 | 1439,775 |   NaN | NaN | 0,00 | 0,00 | NaN
  48 |  0,00 | 10,906 | 670,65 | 670,65 | 691,37 |  0,00 | 0,284 | 44,35 | 44,35 |  0,00 | 0,461 | 298,96 | 298,96 |  0,00 | 1,079 | 298,85 | 298,85 |  0,00 | 765,911 | 28,50 | 28,50 | 1491,241 |   NaN | NaN | 0,00 | 0,00 | NaN
  49 |  0,00 | 10,644 | 671,84 | 671,84 | 692,91 |  0,00 | 0,297 | 44,35 | 44,35 |  0,00 | 0,571 | 301,09 | 301,09 |  0,00 | 0,799 | 297,90 | 297,90 |  0,00 | 750,246 | 28,50 | 28,50 | 1432,229 |   NaN | NaN | 0,00 | 0,00 | NaN
  50 |  0,00 | 10,301 | 674,72 | 674,72 | 695,31 |  0,00 | 0,251 | 44,35 | 44,35 |  0,00 | 0,340 | 303,08 | 303,08 |  0,00 | 1,098 | 298,79 | 298,79 |  0,00 | 726,921 | 28,50 | 28,50 | 1541,432 |   NaN | NaN | 0,00 | 0,00 | NaN
  51 |  0,00 | 10,854 | 674,15 | 674,15 | 694,74 |  0,00 | 0,249 | 44,35 | 44,35 |  0,00 | 0,331 | 299,17 | 299,17 |  0,00 | 0,947 | 302,13 | 302,13 |  0,00 | 770,658 | 28,50 | 28,50 | 1513,165 |   NaN | NaN | 0,00 | 0,00 | NaN
  52 |  0,00 | 11,122 | 669,64 | 669,64 | 690,25 |  0,00 | 0,275 | 44,35 | 44,35 |  0,00 | 0,641 | 296,28 | 296,28 |  0,00 | 1,496 | 300,52 | 300,52 |  0,00 | 769,552 | 28,50 | 28,50 | 1527,566 |   NaN | NaN | 0,00 | 0,00 | NaN
  53 |  0,00 | 10,645 | 674,55 | 674,55 | 695,16 |  0,00 | 0,263 | 44,35 | 44,35 |  0,00 | 0,445 | 301,14 | 301,14 |  0,00 | 1,131 | 300,56 | 300,56 |  0,00 | 749,131 | 28,50 | 28,50 | 1549,553 |   NaN | NaN | 0,00 | 0,00 | NaN
  54 |  0,00 | 10,886 | 669,94 | 669,94 | 690,56 |  0,00 | 0,265 | 44,35 | 44,35 |  0,00 | 0,463 | 300,36 | 300,36 |  0,00 | 0,899 | 296,73 | 296,73 |  0,00 | 768,129 | 28,50 | 28,50 | 1537,570 |   NaN | NaN | 0,00 | 0,00 | NaN
  55 |  0,00 | 9,360 | 671,57 | 671,57 | 692,17 |  0,00 | 0,250 | 44,35 | 44,35 |  0,00 | 0,276 | 298,68 | 298,68 |  0,00 | 0,474 | 300,04 | 300,04 |  0,00 | 668,912 | 28,50 | 28,50 | 1499,537 |   NaN | NaN | 0,00 | 0,00 | NaN
  56 |  0,00 | 10,839 | 670,46 | 670,46 | 691,07 |  0,00 | 0,256 | 44,35 | 44,35 |  0,00 | 0,470 | 297,98 | 297,98 |  0,00 | 1,079 | 299,62 | 299,62 |  0,00 | 761,639 | 28,50 | 28,50 | 1486,056 |   NaN | NaN | 0,00 | 0,00 | NaN
  57 |  0,00 | 10,724 | 673,04 | 673,04 | 693,64 |  0,00 | 0,253 | 44,35 | 44,35 |  0,00 | 0,476 | 299,73 | 299,73 |  0,00 | 0,781 | 300,47 | 300,47 |  0,00 | 760,659 | 28,50 | 28,50 | 1460,317 |   NaN | NaN | 0,00 | 0,00 | NaN
  58 |  0,00 | 10,876 | 672,72 | 672,72 | 693,39 |  0,00 | 0,282 | 44,35 | 44,35 |  0,00 | 0,535 | 299,32 | 299,32 |  0,00 | 1,021 | 300,55 | 300,55 |  0,00 | 764,783 | 28,50 | 28,50 | 1473,324 |   NaN | NaN | 0,00 | 0,00 | NaN
  59 |  0,00 | 7,498 | 677,22 | 677,22 | 698,63 |  0,00 | 0,301 | 44,35 | 44,35 |  0,00 | 0,316 | 300,75 | 300,75 |  0,00 | 0,404 | 303,62 | 303,62 |  0,00 | 532,838 | 28,50 | 28,50 | 1308,573 |   NaN | NaN | 0,00 | 0,00 | NaN
  60 |  0,00 | 11,076 | 672,47 | 672,47 | 693,05 |  0,00 | 0,236 | 44,35 | 44,35 |  0,00 | 0,448 | 300,25 | 300,25 |  0,00 | 1,680 | 299,36 | 299,36 |  0,00 | 769,696 | 28,50 | 28,50 | 1509,464 |   NaN | NaN | 0,00 | 0,00 | NaN
  61 |  0,00 | 10,633 | 675,39 | 675,39 | 696,00 |  0,00 | 0,258 | 44,35 | 44,35 |  0,00 | 0,423 | 300,66 | 300,66 |  0,00 | 1,322 | 301,88 | 301,88 |  0,00 | 745,536 | 28,50 | 28,50 | 1552,241 |   NaN | NaN | 0,00 | 0,00 | NaN
  62 |  0,00 | 10,845 | 675,34 | 675,34 | 700,70 |  0,00 | 0,320 | 44,35 | 44,35 |  0,00 | 0,392 | 301,55 | 301,55 |  0,00 | 0,861 | 300,94 | 300,94 |  0,00 | 769,051 | 28,50 | 28,50 | 1498,394 |   NaN | NaN | 0,00 | 0,00 | NaN
  63 |  0,00 | 9,634 | 674,74 | 674,74 | 695,37 |  0,00 | 0,275 | 44,35 | 44,35 |  0,00 | 0,320 | 301,62 | 301,62 |  0,00 | 0,488 | 300,26 | 300,26 |  0,00 | 689,288 | 28,50 | 28,50 | 1519,943 |   NaN | NaN | 0,00 | 0,00 | NaN
  64 |  0,00 | 10,928 | 668,71 | 668,71 | 693,82 |  0,00 | 0,318 | 44,35 | 44,35 |  0,00 | 0,488 | 297,00 | 297,00 |  0,00 | 0,894 | 298,86 | 298,86 |  0,00 | 768,120 | 28,50 | 28,50 | 1539,657 |   NaN | NaN | 0,00 | 0,00 | NaN

= = = = = = = = = = = = AVERAGE RESULTS system = = = = = = = = = = = =
meanPLR_system | 0,000000 
meanDelay_system | 7,680914 
meanLoad_system | 672,943707 
meanTHR_system | 672,943707 
meanGate_system | 694,416097 

meanPLR_EF_system | 0,000000 
meanPLR_AF_system | 0,000000 
meanPLR_BE_system | 0,000000 
meanPLR_FLA_system | 0,000000 
meanPLR_FLB_system | NaN 

meanTHR_EF_system | 44,352003 
meanTHR_AF_system | 300,299043 
meanTHR_BE_system | 299,797416 
meanTHR_FLA_system | 28,913209 
meanTHR_FLB_system | 0,000000 

meanLoad_EF_system | 44,352003 
meanLoad_AF_system | 300,299043 
meanLoad_BE_system | 299,797416 
meanLoad_FLA_system | 28,913209 
meanLoad_FLB_system | 0,000000 

meanDELAY_EF_system | 0,279812 
meanDELAY_AF_system | 0,398179 
meanDELAY_BE_system | 0,758036 
meanDELAY_FLA_system | 536,279169 
meanDELAY_FLB_system | NaN 
meanDELAY_CompleteFLA_system | 1108,698124 
meanDELAY_CompleteFLB_system | NaN 

= = = = = = = = = = = = AVERAGE RESULTS = = = = = = = = = = = =
Packet Loss Ratio: 00,00 (%)
PROCESSED PACKAGES: 2335107806 
DISCARTED PACKAGES: 0 
TOTAL PACKAGES: 2335107806 
AVERAGE DELAY: 1350,06 (ms) 
AVERAGE THROUGHPUT: 672,94 (Mbps) 
GRANTED THROUGHPUT: 44442,63 (Mbps) By 64 ONUs
EFFECTIVE THROUGHPUT: 43068,40 (Mbps) By 64 ONUs
TOTAL LOAD: 43068,40 (Mbps) By 64 ONUs
ON Arrival THROUGHPUT: 0,00 (Mbps) By 64 ONUs
FINISHTIMEFL: 204,529356 
FINISHTIME: 207,529356 


fileName | IPACT_LBCONSTANTTOKENSBYCYCLE_5_28_80_0 
