
ONU ID 	|  PLR(%) | Delay(ms) | Throughput(Mbps) | Granted Throughput(Mbps) | Total Load (Mbps) 

  ID |  PLR(%) |  D  | Thr |  Gates  |  Load  | PLR-EF | D-EF | ThrEF | LoadEF | PLR-AF | D-AF | ThrAF | LoadAF | PLR-BE | D-BE | ThrBE | LoadBE | PLR-FA | D-FA | ThrFA | LoadFA | DTFA |  PLR-FB | D-FB | ThrFB | LoadFB | DTFB | 
   1 | 10,02 | 290,044 | 754,68 | 838,68 | 758,96 |  0,00 | 1,408 | 44,35 | 44,35 |  0,00 | 37,346 | 343,16 | 343,16 | 25,21 | 1245,188 | 249,25 | 333,24 |  0,00 | 193,915 | 117,92 | 117,92 | 407,026 |   NaN | NaN | 0,00 | 0,00 | NaN
   2 |  9,99 | 275,280 | 754,02 | 837,69 | 758,36 |  0,00 | 1,420 | 44,35 | 44,35 |  0,00 | 5,196 | 336,16 | 336,16 | 24,66 | 1147,167 | 255,58 | 339,25 |  0,00 | 370,007 | 117,92 | 117,92 | 759,038 |   NaN | NaN | 0,00 | 0,00 | NaN
   3 | 10,33 | 279,149 | 755,40 | 842,42 | 759,69 |  0,00 | 1,356 | 44,35 | 44,35 |  0,00 | 5,358 | 341,37 | 341,37 | 25,69 | 1186,726 | 251,76 | 338,77 |  0,00 | 358,397 | 117,92 | 117,92 | 735,901 |   NaN | NaN | 0,00 | 0,00 | NaN
   4 | 10,42 | 289,285 | 754,38 | 842,13 | 758,63 |  0,00 | 1,362 | 44,35 | 44,35 |  0,00 | 44,320 | 343,52 | 343,52 | 26,09 | 1240,226 | 248,58 | 336,33 |  0,00 | 171,678 | 117,92 | 117,92 | 362,570 |   NaN | NaN | 0,00 | 0,00 | NaN
   5 |  9,66 | 269,460 | 755,31 | 836,03 | 759,59 |  0,00 | 1,387 | 44,35 | 44,35 |  0,00 | 4,640 | 337,75 | 337,75 | 24,02 | 1101,771 | 255,29 | 336,01 |  0,00 | 458,475 | 117,92 | 117,92 | 936,190 |   NaN | NaN | 0,00 | 0,00 | NaN
   6 | 10,46 | 281,685 | 755,17 | 843,41 | 759,44 |  0,00 | 1,336 | 44,35 | 44,35 |  0,00 | 4,763 | 341,90 | 341,90 | 26,01 | 1192,588 | 250,99 | 339,23 |  0,00 | 397,604 | 117,92 | 117,92 | 814,386 |   NaN | NaN | 0,00 | 0,00 | NaN
   7 |  9,87 | 285,222 | 754,09 | 836,71 | 758,36 |  0,00 | 1,354 | 44,35 | 44,35 |  0,00 | 21,979 | 338,17 | 338,17 | 24,57 | 1210,504 | 253,64 | 336,26 |  0,00 | 240,564 | 117,92 | 117,92 | 500,334 |   NaN | NaN | 0,00 | 0,00 | NaN
   8 | 10,57 | 281,195 | 752,80 | 841,79 | 757,10 |  0,00 | 1,404 | 44,35 | 44,35 |  0,00 | 5,103 | 338,10 | 338,10 | 26,07 | 1184,762 | 252,42 | 341,41 |  0,00 | 380,375 | 117,92 | 117,92 | 779,902 |   NaN | NaN | 0,00 | 0,00 | NaN
   9 | 10,07 | 280,804 | 755,79 | 840,45 | 760,07 |  0,00 | 1,344 | 44,35 | 44,35 |  0,00 | 9,624 | 341,76 | 341,76 | 25,17 | 1203,294 | 251,75 | 336,42 |  0,00 | 298,082 | 117,92 | 117,92 | 615,295 |   NaN | NaN | 0,00 | 0,00 | NaN
  10 |  9,88 | 287,311 | 755,40 | 838,19 | 759,66 |  0,00 | 1,405 | 44,35 | 44,35 |  0,00 | 34,321 | 339,55 | 339,55 | 24,61 | 1217,754 | 253,57 | 336,36 |  0,00 | 189,338 | 117,92 | 117,92 | 397,803 |   NaN | NaN | 0,00 | 0,00 | NaN
  11 |  9,14 | 263,527 | 753,37 | 829,15 | 757,65 |  0,00 | 1,345 | 44,35 | 44,35 |  0,00 | 2,174 | 330,89 | 330,89 | 22,55 | 1025,521 | 260,21 | 335,99 |  0,00 | 586,673 | 117,92 | 117,92 | 1192,426 |   NaN | NaN | 0,00 | 0,00 | NaN
  12 | 10,12 | 276,338 | 755,37 | 840,39 | 759,68 |  0,00 | 1,407 | 44,35 | 44,35 |  0,00 | 3,621 | 339,02 | 339,02 | 25,07 | 1151,826 | 254,07 | 339,09 |  0,00 | 410,087 | 117,92 | 117,92 | 839,312 |   NaN | NaN | 0,00 | 0,00 | NaN
  13 |  9,24 | 275,576 | 753,80 | 830,51 | 758,10 |  0,00 | 1,372 | 44,35 | 44,35 |  0,00 | 5,227 | 334,46 | 334,46 | 22,98 | 1141,076 | 257,06 | 333,78 |  0,00 | 370,382 | 117,92 | 117,92 | 759,908 |   NaN | NaN | 0,00 | 0,00 | NaN
  14 | 10,41 | 274,383 | 754,14 | 841,78 | 758,43 |  0,00 | 1,413 | 44,35 | 44,35 |  0,00 | 3,479 | 340,20 | 340,20 | 25,83 | 1142,088 | 251,66 | 339,30 |  0,00 | 453,891 | 117,92 | 117,92 | 926,964 |   NaN | NaN | 0,00 | 0,00 | NaN
  15 |  9,66 | 283,681 | 754,10 | 834,69 | 758,38 |  0,00 | 1,407 | 44,35 | 44,35 |  0,00 | 20,449 | 333,82 | 333,82 | 23,80 | 1184,403 | 258,00 | 338,59 |  0,00 | 245,087 | 117,92 | 117,92 | 509,335 |   NaN | NaN | 0,00 | 0,00 | NaN
  16 | 10,59 | 281,918 | 754,42 | 843,79 | 758,71 |  0,00 | 1,398 | 44,35 | 44,35 |  0,00 | 10,399 | 338,76 | 338,76 | 26,07 | 1191,156 | 253,38 | 342,75 |  0,00 | 327,476 | 117,92 | 117,92 | 674,136 |   NaN | NaN | 0,00 | 0,00 | NaN
  17 | 10,06 | 282,431 | 754,52 | 838,88 | 758,83 |  0,00 | 1,411 | 44,35 | 44,35 |  0,00 | 10,601 | 337,52 | 337,52 | 24,88 | 1189,490 | 254,72 | 339,08 |  0,00 | 317,399 | 117,92 | 117,92 | 653,944 |   NaN | NaN | 0,00 | 0,00 | NaN
  18 |  9,90 | 266,512 | 754,42 | 837,32 | 758,71 |  0,00 | 1,388 | 44,35 | 44,35 |  0,00 | 2,225 | 336,79 | 336,79 | 24,51 | 1050,723 | 255,35 | 338,25 |  0,00 | 621,371 | 117,92 | 117,92 | 1262,291 |   NaN | NaN | 0,00 | 0,00 | NaN
  19 |  9,21 | 268,142 | 754,86 | 831,41 | 759,14 |  0,00 | 1,379 | 44,35 | 44,35 |  0,00 | 2,492 | 332,64 | 332,64 | 22,75 | 1063,324 | 259,94 | 336,49 |  0,00 | 524,371 | 117,92 | 117,92 | 1067,979 |   NaN | NaN | 0,00 | 0,00 | NaN
  20 |  9,31 | 263,664 | 754,95 | 832,46 | 759,25 |  0,00 | 1,374 | 44,35 | 44,35 |  0,00 | 2,925 | 338,23 | 338,23 | 23,35 | 1047,814 | 254,45 | 331,96 |  0,00 | 594,874 | 117,92 | 117,92 | 1208,833 |   NaN | NaN | 0,00 | 0,00 | NaN
  21 |  8,83 | 281,728 | 755,30 | 828,44 | 759,58 |  0,00 | 1,379 | 44,35 | 44,35 |  0,00 | 25,807 | 334,23 | 334,23 | 22,03 | 1173,951 | 258,80 | 331,93 |  0,00 | 216,359 | 117,92 | 117,92 | 451,892 |   NaN | NaN | 0,00 | 0,00 | NaN
  22 | 10,79 | 278,895 | 753,63 | 844,79 | 757,97 |  0,00 | 1,417 | 44,35 | 44,35 |  0,00 | 4,003 | 347,48 | 347,48 | 27,21 | 1193,838 | 243,88 | 335,03 |  0,00 | 471,291 | 117,92 | 117,92 | 961,776 |   NaN | NaN | 0,00 | 0,00 | NaN
  23 | 10,27 | 272,323 | 754,43 | 840,74 | 758,74 |  0,00 | 1,399 | 44,35 | 44,35 |  0,00 | 2,790 | 340,66 | 340,66 | 25,55 | 1107,620 | 251,49 | 337,80 |  0,00 | 562,591 | 117,92 | 117,92 | 1144,279 |   NaN | NaN | 0,00 | 0,00 | NaN
  24 | 10,17 | 279,355 | 753,35 | 838,64 | 757,63 |  0,00 | 1,361 | 44,35 | 44,35 |  0,00 | 6,099 | 336,73 | 336,73 | 25,11 | 1169,006 | 254,34 | 339,64 |  0,00 | 370,359 | 117,92 | 117,92 | 759,901 |   NaN | NaN | 0,00 | 0,00 | NaN
  25 | 11,14 | 287,950 | 754,35 | 848,94 | 758,66 |  0,00 | 1,419 | 44,35 | 44,35 |  0,00 | 16,980 | 338,39 | 338,39 | 27,16 | 1225,165 | 253,68 | 348,27 |  0,00 | 260,045 | 117,92 | 117,92 | 539,196 |   NaN | NaN | 0,00 | 0,00 | NaN
  26 |  9,61 | 280,550 | 755,63 | 835,98 | 759,94 |  0,00 | 1,415 | 44,35 | 44,35 |  0,00 | 21,361 | 336,15 | 336,15 | 23,80 | 1177,095 | 257,20 | 337,55 |  0,00 | 236,354 | 117,92 | 117,92 | 491,829 |   NaN | NaN | 0,00 | 0,00 | NaN
  27 |  9,11 | 261,526 | 756,05 | 831,81 | 760,35 |  0,00 | 1,341 | 44,35 | 44,35 |  0,00 | 2,221 | 337,90 | 337,90 | 22,84 | 1026,893 | 255,87 | 331,63 |  0,00 | 626,503 | 117,92 | 117,92 | 1272,721 |   NaN | NaN | 0,00 | 0,00 | NaN
  28 |  9,23 | 268,515 | 753,97 | 830,63 | 758,27 |  0,00 | 1,408 | 44,35 | 44,35 |  0,00 | 2,683 | 337,00 | 337,00 | 23,13 | 1075,827 | 254,69 | 331,35 |  0,00 | 564,378 | 117,92 | 117,92 | 1147,834 |   NaN | NaN | 0,00 | 0,00 | NaN
  29 | 10,13 | 266,753 | 754,96 | 840,08 | 759,26 |  0,00 | 1,387 | 44,35 | 44,35 |  0,00 | 2,299 | 340,25 | 340,25 | 25,22 | 1074,715 | 252,43 | 337,55 |  0,00 | 580,234 | 117,92 | 117,92 | 1179,575 |   NaN | NaN | 0,00 | 0,00 | NaN
  30 |  9,22 | 266,866 | 754,96 | 831,60 | 759,26 |  0,00 | 1,417 | 44,35 | 44,35 |  0,00 | 2,155 | 333,73 | 333,73 | 22,84 | 1041,923 | 258,96 | 335,60 |  0,00 | 607,963 | 117,92 | 117,92 | 1235,155 |   NaN | NaN | 0,00 | 0,00 | NaN
  31 |  9,52 | 270,706 | 755,64 | 835,13 | 759,93 |  0,00 | 1,384 | 44,35 | 44,35 |  0,00 | 2,453 | 336,28 | 336,28 | 23,62 | 1077,996 | 257,09 | 336,58 |  0,00 | 562,679 | 117,92 | 117,92 | 1144,504 |   NaN | NaN | 0,00 | 0,00 | NaN
  32 |  9,33 | 267,157 | 755,32 | 833,07 | 759,61 |  0,00 | 1,341 | 44,35 | 44,35 |  0,00 | 3,379 | 333,75 | 333,75 | 23,07 | 1045,436 | 259,29 | 337,04 |  0,00 | 587,912 | 117,92 | 117,92 | 1194,870 |   NaN | NaN | 0,00 | 0,00 | NaN
  33 |  9,41 | 264,958 | 755,94 | 834,42 | 760,24 |  0,00 | 1,406 | 44,35 | 44,35 |  0,00 | 2,465 | 333,89 | 333,89 | 23,20 | 1032,666 | 259,78 | 338,26 |  0,00 | 599,269 | 117,92 | 117,92 | 1217,566 |   NaN | NaN | 0,00 | 0,00 | NaN
  34 |  8,73 | 261,951 | 754,84 | 827,04 | 759,15 |  0,00 | 1,397 | 44,35 | 44,35 |  0,00 | 1,872 | 335,16 | 335,16 | 21,90 | 1018,275 | 257,40 | 329,60 |  0,00 | 642,101 | 117,92 | 117,92 | 1303,875 |   NaN | NaN | 0,00 | 0,00 | NaN
  35 | 10,23 | 265,665 | 755,78 | 841,88 | 760,07 |  0,00 | 1,347 | 44,35 | 44,35 |  0,00 | 1,627 | 340,18 | 340,18 | 25,37 | 1049,187 | 253,32 | 339,42 |  0,00 | 656,746 | 117,92 | 117,92 | 1332,693 |   NaN | NaN | 0,00 | 0,00 | NaN
  36 |  9,13 | 264,556 | 755,40 | 831,32 | 759,72 |  0,00 | 1,400 | 44,35 | 44,35 |  0,00 | 2,056 | 331,56 | 331,56 | 22,50 | 1015,963 | 261,56 | 337,48 |  0,00 | 632,319 | 117,92 | 117,92 | 1284,309 |   NaN | NaN | 0,00 | 0,00 | NaN
  37 | 10,48 | 272,089 | 754,29 | 842,56 | 758,57 |  0,00 | 1,382 | 44,35 | 44,35 |  0,00 | 2,659 | 342,92 | 342,92 | 26,16 | 1110,833 | 249,09 | 337,36 |  0,00 | 587,927 | 117,92 | 117,92 | 1194,966 |   NaN | NaN | 0,00 | 0,00 | NaN
  38 |  9,70 | 264,798 | 755,36 | 836,46 | 759,66 |  0,00 | 1,374 | 44,35 | 44,35 |  0,00 | 2,796 | 338,42 | 338,42 | 24,15 | 1048,751 | 254,66 | 335,76 |  0,00 | 612,498 | 117,92 | 117,92 | 1244,123 |   NaN | NaN | 0,00 | 0,00 | NaN
  39 |  9,07 | 263,377 | 753,70 | 828,87 | 758,04 |  0,00 | 1,417 | 44,35 | 44,35 |  0,00 | 2,374 | 334,93 | 334,93 | 22,66 | 1036,813 | 256,49 | 331,66 |  0,00 | 597,743 | 117,92 | 117,92 | 1214,737 |   NaN | NaN | 0,00 | 0,00 | NaN
  40 |  9,03 | 265,486 | 754,94 | 829,92 | 759,26 |  0,00 | 1,417 | 44,35 | 44,35 |  0,00 | 2,188 | 333,84 | 333,84 | 22,46 | 1031,751 | 258,82 | 333,80 |  0,00 | 625,156 | 117,92 | 117,92 | 1270,005 |   NaN | NaN | 0,00 | 0,00 | NaN
  41 | 10,23 | 265,495 | 754,24 | 840,17 | 758,54 |  0,00 | 1,400 | 44,35 | 44,35 |  0,00 | 2,556 | 336,43 | 336,43 | 25,17 | 1057,044 | 255,53 | 341,46 |  0,00 | 572,064 | 117,92 | 117,92 | 1163,221 |   NaN | NaN | 0,00 | 0,00 | NaN
  42 | 10,19 | 270,086 | 754,06 | 839,62 | 758,35 |  0,00 | 1,346 | 44,35 | 44,35 |  0,00 | 2,783 | 337,73 | 337,73 | 25,19 | 1082,167 | 254,05 | 339,61 |  0,00 | 580,213 | 117,92 | 117,92 | 1179,529 |   NaN | NaN | 0,00 | 0,00 | NaN
  43 | 10,42 | 270,219 | 754,59 | 842,33 | 758,90 |  0,00 | 1,424 | 44,35 | 44,35 |  0,00 | 2,668 | 339,33 | 339,33 | 25,75 | 1083,068 | 252,98 | 340,72 |  0,00 | 597,670 | 117,92 | 117,92 | 1214,527 |   NaN | NaN | 0,00 | 0,00 | NaN
  44 | 10,58 | 273,040 | 754,45 | 843,75 | 758,72 |  0,00 | 1,337 | 44,35 | 44,35 |  0,00 | 2,195 | 337,52 | 337,52 | 25,96 | 1096,421 | 254,65 | 343,95 |  0,00 | 569,030 | 117,92 | 117,92 | 1157,104 |   NaN | NaN | 0,00 | 0,00 | NaN
  45 | 10,19 | 270,559 | 755,50 | 841,23 | 759,82 |  0,00 | 1,421 | 44,35 | 44,35 |  0,00 | 3,437 | 344,86 | 344,86 | 25,66 | 1109,626 | 248,36 | 334,09 |  0,00 | 578,633 | 117,92 | 117,92 | 1176,310 |   NaN | NaN | 0,00 | 0,00 | NaN
  46 |  9,46 | 261,880 | 754,50 | 833,36 | 758,79 |  0,00 | 1,360 | 44,35 | 44,35 |  0,00 | 2,547 | 332,45 | 332,45 | 23,29 | 1018,548 | 259,77 | 338,63 |  0,00 | 594,888 | 117,92 | 117,92 | 1208,899 |   NaN | NaN | 0,00 | 0,00 | NaN
  47 |  9,00 | 267,451 | 756,03 | 830,80 | 760,33 |  0,00 | 1,358 | 44,35 | 44,35 |  0,00 | 2,361 | 337,49 | 337,49 | 22,59 | 1067,987 | 256,27 | 331,03 |  0,00 | 559,619 | 117,92 | 117,92 | 1138,277 |   NaN | NaN | 0,00 | 0,00 | NaN
  48 |  9,11 | 267,663 | 755,41 | 831,17 | 759,72 |  0,00 | 1,387 | 44,35 | 44,35 |  0,00 | 2,359 | 333,88 | 333,88 | 22,61 | 1054,329 | 259,26 | 335,02 |  0,00 | 568,992 | 117,92 | 117,92 | 1157,056 |   NaN | NaN | 0,00 | 0,00 | NaN
  49 |  9,05 | 269,696 | 755,47 | 830,63 | 759,78 |  0,00 | 1,400 | 44,35 | 44,35 |  0,00 | 2,860 | 334,95 | 334,95 | 22,54 | 1068,925 | 258,24 | 333,40 |  0,00 | 559,545 | 117,92 | 117,92 | 1138,168 |   NaN | NaN | 0,00 | 0,00 | NaN
  50 |  9,54 | 263,091 | 754,61 | 834,18 | 758,91 |  0,00 | 1,354 | 44,35 | 44,35 |  0,00 | 2,510 | 338,02 | 338,02 | 23,83 | 1045,438 | 254,31 | 333,89 |  0,00 | 597,907 | 117,92 | 117,92 | 1214,980 |   NaN | NaN | 0,00 | 0,00 | NaN
  51 |  9,41 | 267,892 | 754,90 | 833,27 | 759,18 |  0,00 | 1,352 | 44,35 | 44,35 |  0,00 | 2,730 | 333,31 | 333,31 | 23,21 | 1052,952 | 259,31 | 337,68 |  0,00 | 572,865 | 117,92 | 117,92 | 1164,768 |   NaN | NaN | 0,00 | 0,00 | NaN
  52 |  9,58 | 267,930 | 754,94 | 834,97 | 759,23 |  0,00 | 1,379 | 44,35 | 44,35 |  0,00 | 2,849 | 332,95 | 332,95 | 23,56 | 1049,952 | 259,71 | 339,74 |  0,00 | 575,845 | 117,92 | 117,92 | 1170,698 |   NaN | NaN | 0,00 | 0,00 | NaN
  53 |  9,84 | 274,855 | 756,01 | 838,54 | 760,31 |  0,00 | 1,366 | 44,35 | 44,35 |  0,00 | 2,158 | 336,60 | 336,60 | 24,30 | 1090,804 | 257,13 | 339,66 |  0,00 | 589,781 | 117,92 | 117,92 | 1198,590 |   NaN | NaN | 0,00 | 0,00 | NaN
  54 |  8,95 | 267,301 | 756,15 | 830,51 | 760,43 |  0,00 | 1,368 | 44,35 | 44,35 |  0,00 | 2,797 | 337,48 | 337,48 | 22,48 | 1061,840 | 256,39 | 330,75 |  0,00 | 578,766 | 117,92 | 117,92 | 1176,600 |   NaN | NaN | 0,00 | 0,00 | NaN
  55 |  9,70 | 269,339 | 755,10 | 836,23 | 759,38 |  0,00 | 1,353 | 44,35 | 44,35 |  0,00 | 2,290 | 335,26 | 335,26 | 23,95 | 1057,348 | 257,57 | 338,69 |  0,00 | 612,299 | 117,92 | 117,92 | 1243,989 |   NaN | NaN | 0,00 | 0,00 | NaN
  56 |  9,07 | 266,805 | 754,14 | 829,34 | 758,42 |  0,00 | 1,359 | 44,35 | 44,35 |  0,00 | 2,720 | 335,10 | 335,10 | 22,65 | 1058,609 | 256,76 | 331,97 |  0,00 | 570,277 | 117,92 | 117,92 | 1159,652 |   NaN | NaN | 0,00 | 0,00 | NaN
  57 |  9,56 | 263,985 | 755,10 | 834,94 | 759,39 |  0,00 | 1,356 | 44,35 | 44,35 |  0,00 | 2,684 | 335,35 | 335,35 | 23,67 | 1044,968 | 257,47 | 337,31 |  0,00 | 562,661 | 117,92 | 117,92 | 1144,326 |   NaN | NaN | 0,00 | 0,00 | NaN
  58 |  9,74 | 269,604 | 754,88 | 836,32 | 759,18 |  0,00 | 1,385 | 44,35 | 44,35 |  0,00 | 2,804 | 338,64 | 338,64 | 24,28 | 1084,589 | 253,96 | 335,40 |  0,00 | 564,279 | 117,92 | 117,92 | 1147,621 |   NaN | NaN | 0,00 | 0,00 | NaN
  59 | 10,29 | 264,993 | 755,25 | 841,86 | 759,55 |  0,00 | 1,404 | 44,35 | 44,35 |  0,00 | 2,189 | 336,27 | 336,27 | 25,23 | 1034,835 | 256,70 | 343,32 |  0,00 | 638,807 | 117,92 | 117,92 | 1297,306 |   NaN | NaN | 0,00 | 0,00 | NaN
  60 |  9,87 | 268,432 | 754,71 | 837,38 | 759,00 |  0,00 | 1,339 | 44,35 | 44,35 |  0,00 | 2,609 | 338,64 | 338,64 | 24,57 | 1078,129 | 253,79 | 336,46 |  0,00 | 571,958 | 117,92 | 117,92 | 1162,936 |   NaN | NaN | 0,00 | 0,00 | NaN
  61 | 10,42 | 273,039 | 753,86 | 841,50 | 758,16 |  0,00 | 1,361 | 44,35 | 44,35 |  0,00 | 3,220 | 339,78 | 339,78 | 25,82 | 1100,545 | 251,80 | 339,45 |  0,00 | 591,967 | 117,92 | 117,92 | 1203,048 |   NaN | NaN | 0,00 | 0,00 | NaN
  62 | 10,10 | 269,841 | 754,43 | 839,22 | 758,76 |  0,00 | 1,423 | 44,35 | 44,35 |  0,00 | 2,757 | 336,65 | 336,65 | 24,92 | 1077,572 | 255,50 | 340,29 |  0,00 | 568,862 | 117,92 | 117,92 | 1156,714 |   NaN | NaN | 0,00 | 0,00 | NaN
  63 | 10,04 | 266,988 | 755,18 | 839,49 | 759,47 |  0,00 | 1,378 | 44,35 | 44,35 |  0,00 | 2,088 | 340,35 | 340,35 | 25,03 | 1069,282 | 252,55 | 336,86 |  0,00 | 607,945 | 117,92 | 117,92 | 1235,120 |   NaN | NaN | 0,00 | 0,00 | NaN
  64 |  8,87 | 264,131 | 754,04 | 827,43 | 758,36 |  0,00 | 1,421 | 44,35 | 44,35 |  0,00 | 2,527 | 333,70 | 333,70 | 22,14 | 1039,081 | 258,07 | 331,46 |  0,00 | 578,616 | 117,92 | 117,92 | 1176,290 |   NaN | NaN | 0,00 | 0,00 | NaN

= = = = = = = = = = = = AVERAGE RESULTS system = = = = = = = = = = = =
meanPLR_system | 9,769227 
meanDelay_system | 271,798852 
meanLoad_system | 836,537925 
meanTHR_system | 754,786854 
meanGate_system | 759,083188 

meanPLR_EF_system | 0,000000 
meanPLR_AF_system | 0,000000 
meanPLR_BE_system | 24,254819 
meanPLR_FLA_system | 0,000000 
meanPLR_FLB_system | NaN 

meanTHR_EF_system | 44,352003 
meanTHR_AF_system | 337,343542 
meanTHR_BE_system | 255,166415 
meanTHR_FLA_system | 120,903147 
meanTHR_FLB_system | 0,000000 

meanLoad_EF_system | 44,352003 
meanLoad_AF_system | 337,343542 
meanLoad_BE_system | 336,917486 
meanLoad_FLA_system | 120,903147 
meanLoad_FLB_system | 0,000000 

meanDELAY_EF_system | 1,382940 
meanDELAY_AF_system | 6,393884 
meanDELAY_BE_system | 1100,549408 
meanDELAY_FLA_system | 501,155583 
meanDELAY_FLB_system | NaN 
meanDELAY_CompleteFLA_system | 1021,486101 
meanDELAY_CompleteFLB_system | NaN 

= = = = = = = = = = = = AVERAGE RESULTS = = = = = = = = = = = =
Packet Loss Ratio: 09,77 (%)
PROCESSED PACKAGES: 1419431143 
DISCARTED PACKAGES: 99757677 
TOTAL PACKAGES: 1519188820 
AVERAGE DELAY: 49497,48 (ms) 
AVERAGE THROUGHPUT: 754,79 (Mbps) 
GRANTED THROUGHPUT: 48581,32 (Mbps) By 64 ONUs
EFFECTIVE THROUGHPUT: 48306,36 (Mbps) By 64 ONUs
TOTAL LOAD: 53538,43 (Mbps) By 64 ONUs
ON Arrival THROUGHPUT: 0,00 (Mbps) By 64 ONUs
FINISHTIMEFL: 118,785990 
FINISHTIME: 121,785990 


fileName | IPACT_LEAKYBUCKET_1_68_90_0 
