
ONU ID 	|  PLR(%) | Delay(ms) | Throughput(Mbps) | Granted Throughput(Mbps) | Total Load (Mbps) 

  ID |  PLR(%) |  D  | Thr |  Gates  |  Load  | PLR-EF | D-EF | ThrEF | LoadEF | PLR-AF | D-AF | ThrAF | LoadAF | PLR-BE | D-BE | ThrBE | LoadBE | PLR-FA | D-FA | ThrFA | LoadFA | DTFA |  PLR-FB | D-FB | ThrFB | LoadFB | DTFB | 
   1 |  0,00 | 2,348 | 526,29 | 526,29 | 570,39 |  0,00 | 0,123 | 44,35 | 44,35 |  0,00 | 0,173 | 228,95 | 228,95 |  0,00 | 0,249 | 224,76 | 224,76 |  0,00 | 141,970 | 28,23 | 28,23 | 304,253 |   NaN | NaN | 0,00 | 0,00 | NaN
   2 |  0,00 | 16,439 | 524,29 | 524,29 | 573,49 |  0,00 | 0,135 | 44,35 | 44,35 |  0,00 | 0,145 | 227,62 | 227,62 |  0,00 | 0,204 | 224,09 | 224,09 |  0,00 | 1055,499 | 28,23 | 28,23 | 2131,322 |   NaN | NaN | 0,00 | 0,00 | NaN
   3 |  0,00 | 15,367 | 519,80 | 519,80 | 559,48 |  0,00 | 0,071 | 44,35 | 44,35 |  0,00 | 0,076 | 223,07 | 223,07 |  0,00 | 0,265 | 224,14 | 224,14 |  0,00 | 983,919 | 28,23 | 28,23 | 1988,148 |   NaN | NaN | 0,00 | 0,00 | NaN
   4 |  0,00 | 0,367 | 525,48 | 525,48 | 565,31 |  0,00 | 0,077 | 44,35 | 44,35 |  0,00 | 0,201 | 227,73 | 227,73 |  0,00 | 0,398 | 225,16 | 225,16 |  0,00 | 12,172 | 28,23 | 28,23 | 44,544 |   NaN | NaN | 0,00 | 0,00 | NaN
   5 |  0,00 | 23,206 | 519,57 | 519,57 | 559,92 |  0,00 | 0,103 | 44,35 | 44,35 |  0,00 | 0,108 | 224,19 | 224,19 |  0,00 | 0,230 | 222,79 | 222,79 |  0,00 | 1488,027 | 28,23 | 28,23 | 2996,308 |   NaN | NaN | 0,00 | 0,00 | NaN
   6 |  0,00 | 18,629 | 523,77 | 523,77 | 562,48 |  0,00 | 0,054 | 44,35 | 44,35 |  0,00 | 0,058 | 226,41 | 226,41 |  0,00 | 0,292 | 224,77 | 224,77 |  0,00 | 1199,638 | 28,23 | 28,23 | 2419,625 |   NaN | NaN | 0,00 | 0,00 | NaN
   7 |  0,00 | 6,191 | 522,71 | 522,71 | 562,41 |  0,00 | 0,070 | 44,35 | 44,35 |  0,00 | 0,075 | 224,66 | 224,66 |  0,00 | 0,268 | 225,46 | 225,46 |  0,00 | 393,102 | 28,23 | 28,23 | 806,580 |   NaN | NaN | 0,00 | 0,00 | NaN
   8 |  0,00 | 17,227 | 526,15 | 526,15 | 569,27 |  0,00 | 0,120 | 44,35 | 44,35 |  0,00 | 0,125 | 226,22 | 226,22 |  0,00 | 0,210 | 227,35 | 227,35 |  0,00 | 1109,568 | 28,23 | 28,23 | 2239,404 |   NaN | NaN | 0,00 | 0,00 | NaN
   9 |  0,00 | 10,670 | 523,77 | 523,77 | 563,25 |  0,00 | 0,060 | 44,35 | 44,35 |  0,00 | 0,065 | 225,39 | 225,39 |  0,00 | 0,282 | 225,79 | 225,79 |  0,00 | 683,891 | 28,23 | 28,23 | 1388,086 |   NaN | NaN | 0,00 | 0,00 | NaN
  10 |  0,00 | 0,588 | 522,66 | 522,66 | 566,08 |  0,00 | 0,120 | 44,35 | 44,35 |  0,00 | 0,252 | 225,97 | 225,97 |  0,00 | 0,359 | 224,10 | 224,10 |  0,00 | 24,827 | 28,23 | 28,23 | 69,804 |   NaN | NaN | 0,00 | 0,00 | NaN
  11 |  0,00 | 33,610 | 522,34 | 522,34 | 561,83 |  0,00 | 0,060 | 44,35 | 44,35 |  0,00 | 0,068 | 224,31 | 224,31 |  0,00 | 0,298 | 225,44 | 225,44 |  0,00 | 2166,308 | 28,23 | 28,23 | 4352,740 |   NaN | NaN | 0,00 | 0,00 | NaN
  12 |  0,00 | 19,667 | 523,29 | 523,29 | 567,20 |  0,00 | 0,122 | 44,35 | 44,35 |  0,00 | 0,127 | 224,82 | 224,82 |  0,00 | 0,207 | 225,89 | 225,89 |  0,00 | 1264,186 | 28,23 | 28,23 | 2548,657 |   NaN | NaN | 0,00 | 0,00 | NaN
  13 |  0,00 | 16,473 | 516,94 | 516,94 | 556,75 |  0,00 | 0,087 | 44,35 | 44,35 |  0,00 | 0,092 | 223,65 | 223,65 |  0,00 | 0,252 | 220,70 | 220,70 |  0,00 | 1051,418 | 28,23 | 28,23 | 2123,353 |   NaN | NaN | 0,00 | 0,00 | NaN
  14 |  0,00 | 23,136 | 525,56 | 525,56 | 571,57 |  0,00 | 0,128 | 44,35 | 44,35 |  0,00 | 0,131 | 225,99 | 225,99 |  0,00 | 0,203 | 226,97 | 226,97 |  0,00 | 1491,911 | 28,23 | 28,23 | 3004,206 |   NaN | NaN | 0,00 | 0,00 | NaN
  15 |  0,00 | 6,526 | 522,13 | 522,13 | 566,06 |  0,00 | 0,122 | 44,35 | 44,35 |  0,00 | 0,134 | 222,36 | 222,36 |  0,00 | 0,213 | 227,18 | 227,18 |  0,00 | 412,669 | 28,23 | 28,23 | 845,896 |   NaN | NaN | 0,00 | 0,00 | NaN
  16 |  0,00 | 13,089 | 527,80 | 527,80 | 569,45 |  0,00 | 0,113 | 44,35 | 44,35 |  0,00 | 0,117 | 226,51 | 226,51 |  0,00 | 0,215 | 228,70 | 228,70 |  0,00 | 842,579 | 28,23 | 28,23 | 1705,431 |   NaN | NaN | 0,00 | 0,00 | NaN
  17 |  0,00 | 12,313 | 523,79 | 523,79 | 569,02 |  0,00 | 0,126 | 44,35 | 44,35 |  0,00 | 0,129 | 226,59 | 226,59 |  0,00 | 0,203 | 224,61 | 224,61 |  0,00 | 788,265 | 28,23 | 28,23 | 1596,910 |   NaN | NaN | 0,00 | 0,00 | NaN
  18 |  0,00 | 36,472 | 520,92 | 520,92 | 561,23 |  0,00 | 0,103 | 44,35 | 44,35 |  0,00 | 0,110 | 224,71 | 224,71 |  0,00 | 0,231 | 223,63 | 223,63 |  0,00 | 2346,847 | 28,23 | 28,23 | 4713,846 |   NaN | NaN | 0,00 | 0,00 | NaN
  19 |  0,00 | 28,860 | 518,10 | 518,10 | 558,04 |  0,00 | 0,094 | 44,35 | 44,35 |  0,00 | 0,098 | 222,28 | 222,28 |  0,00 | 0,239 | 223,24 | 223,24 |  0,00 | 1850,277 | 28,23 | 28,23 | 3720,928 |   NaN | NaN | 0,00 | 0,00 | NaN
  20 |  0,00 | 34,362 | 518,01 | 518,01 | 557,80 |  0,00 | 0,089 | 44,35 | 44,35 |  0,00 | 0,111 | 224,84 | 224,84 |  0,00 | 0,261 | 220,59 | 220,59 |  0,00 | 2204,006 | 28,23 | 28,23 | 4428,256 |   NaN | NaN | 0,00 | 0,00 | NaN
  21 |  0,00 | 4,404 | 516,29 | 516,29 | 556,20 |  0,00 | 0,094 | 44,35 | 44,35 |  0,00 | 0,108 | 222,65 | 222,65 |  0,00 | 0,250 | 221,05 | 221,05 |  0,00 | 274,603 | 28,23 | 28,23 | 569,742 |   NaN | NaN | 0,00 | 0,00 | NaN
  22 |  0,00 | 24,513 | 525,36 | 525,36 | 573,29 |  0,00 | 0,133 | 44,35 | 44,35 |  0,00 | 0,136 | 228,79 | 228,79 |  0,00 | 0,198 | 223,98 | 223,98 |  0,00 | 1581,065 | 28,23 | 28,23 | 3182,477 |   NaN | NaN | 0,00 | 0,00 | NaN
  23 |  0,00 | 31,834 | 523,76 | 523,76 | 565,60 |  0,00 | 0,115 | 44,35 | 44,35 |  0,00 | 0,125 | 225,92 | 225,92 |  0,00 | 0,237 | 225,25 | 225,25 |  0,00 | 2052,642 | 28,23 | 28,23 | 4125,198 |   NaN | NaN | 0,00 | 0,00 | NaN
  24 |  0,00 | 16,553 | 526,48 | 526,48 | 566,12 |  0,00 | 0,076 | 44,35 | 44,35 |  0,00 | 0,083 | 226,24 | 226,24 |  0,00 | 0,261 | 227,65 | 227,65 |  0,00 | 1067,419 | 28,23 | 28,23 | 2155,212 |   NaN | NaN | 0,00 | 0,00 | NaN
  25 |  0,00 | 7,667 | 524,35 | 524,35 | 572,94 |  0,00 | 0,134 | 44,35 | 44,35 |  0,00 | 0,144 | 223,28 | 223,28 |  0,00 | 0,201 | 228,49 | 228,49 |  0,00 | 487,192 | 28,23 | 28,23 | 994,776 |   NaN | NaN | 0,00 | 0,00 | NaN
  26 |  0,00 | 5,845 | 520,91 | 520,91 | 567,71 |  0,00 | 0,130 | 44,35 | 44,35 |  0,00 | 0,140 | 224,94 | 224,94 |  0,00 | 0,204 | 223,38 | 223,38 |  0,00 | 367,989 | 28,23 | 28,23 | 756,474 |   NaN | NaN | 0,00 | 0,00 | NaN
  27 |  0,00 | 36,893 | 520,79 | 520,79 | 560,14 |  0,00 | 0,057 | 44,35 | 44,35 |  0,00 | 0,062 | 225,87 | 225,87 |  0,00 | 0,286 | 222,33 | 222,33 |  0,00 | 2375,139 | 28,23 | 28,23 | 4770,661 |   NaN | NaN | 0,00 | 0,00 | NaN
  28 |  0,00 | 32,042 | 518,42 | 518,42 | 562,52 |  0,00 | 0,123 | 44,35 | 44,35 |  0,00 | 0,155 | 224,25 | 224,25 |  0,00 | 0,251 | 221,59 | 221,59 |  0,00 | 2053,755 | 28,23 | 28,23 | 4127,687 |   NaN | NaN | 0,00 | 0,00 | NaN
  29 |  0,00 | 33,146 | 522,95 | 522,95 | 563,23 |  0,00 | 0,102 | 44,35 | 44,35 |  0,00 | 0,119 | 224,07 | 224,07 |  0,00 | 0,242 | 226,30 | 226,30 |  0,00 | 2136,311 | 28,23 | 28,23 | 4292,993 |   NaN | NaN | 0,00 | 0,00 | NaN
  30 |  0,00 | 35,368 | 521,67 | 521,67 | 569,77 |  0,00 | 0,133 | 44,35 | 44,35 |  0,00 | 0,136 | 224,15 | 224,15 |  0,00 | 0,197 | 224,93 | 224,93 |  0,00 | 2276,426 | 28,23 | 28,23 | 4573,033 |   NaN | NaN | 0,00 | 0,00 | NaN
  31 |  0,00 | 31,859 | 521,24 | 521,24 | 561,31 |  0,00 | 0,100 | 44,35 | 44,35 |  0,00 | 0,112 | 225,36 | 225,36 |  0,00 | 0,262 | 223,29 | 223,29 |  0,00 | 2049,314 | 28,23 | 28,23 | 4118,713 |   NaN | NaN | 0,00 | 0,00 | NaN
  32 |  0,00 | 33,663 | 524,40 | 524,40 | 563,71 |  0,00 | 0,057 | 44,35 | 44,35 |  0,00 | 0,074 | 225,56 | 225,56 |  0,00 | 0,300 | 226,25 | 226,25 |  0,00 | 2174,207 | 28,23 | 28,23 | 4368,575 |   NaN | NaN | 0,00 | 0,00 | NaN
  33 |  0,00 | 34,819 | 520,33 | 520,33 | 563,94 |  0,00 | 0,121 | 44,35 | 44,35 |  0,00 | 0,143 | 223,60 | 223,60 |  0,00 | 0,226 | 224,15 | 224,15 |  0,00 | 2237,724 | 28,23 | 28,23 | 4495,655 |   NaN | NaN | 0,00 | 0,00 | NaN
  34 |  0,00 | 38,099 | 521,83 | 521,83 | 563,27 |  0,00 | 0,113 | 44,35 | 44,35 |  0,00 | 0,118 | 224,12 | 224,12 |  0,00 | 0,218 | 225,12 | 225,12 |  0,00 | 2454,327 | 28,23 | 28,23 | 4928,814 |   NaN | NaN | 0,00 | 0,00 | NaN
  35 |  0,00 | 39,229 | 524,25 | 524,25 | 563,84 |  0,00 | 0,062 | 44,35 | 44,35 |  0,00 | 0,065 | 225,92 | 225,92 |  0,00 | 0,277 | 225,75 | 225,75 |  0,00 | 2535,315 | 28,23 | 28,23 | 5090,846 |   NaN | NaN | 0,00 | 0,00 | NaN
  36 |  0,00 | 37,465 | 520,92 | 520,92 | 562,96 |  0,00 | 0,115 | 44,35 | 44,35 |  0,00 | 0,119 | 223,05 | 223,05 |  0,00 | 0,216 | 225,28 | 225,28 |  0,00 | 2410,892 | 28,23 | 28,23 | 4842,019 |   NaN | NaN | 0,00 | 0,00 | NaN
  37 |  0,00 | 33,727 | 525,78 | 525,78 | 565,82 |  0,00 | 0,098 | 44,35 | 44,35 |  0,00 | 0,112 | 227,90 | 227,90 |  0,00 | 0,254 | 225,29 | 225,29 |  0,00 | 2180,359 | 28,23 | 28,23 | 4380,784 |   NaN | NaN | 0,00 | 0,00 | NaN
  38 |  0,00 | 35,567 | 526,10 | 526,10 | 565,89 |  0,00 | 0,089 | 44,35 | 44,35 |  0,00 | 0,094 | 226,64 | 226,64 |  0,00 | 0,245 | 226,87 | 226,87 |  0,00 | 2301,097 | 28,23 | 28,23 | 4622,420 |   NaN | NaN | 0,00 | 0,00 | NaN
  39 |  0,00 | 34,781 | 517,73 | 517,73 | 565,70 |  0,00 | 0,132 | 44,35 | 44,35 |  0,00 | 0,143 | 223,87 | 223,87 |  0,00 | 0,213 | 221,27 | 221,27 |  0,00 | 2229,269 | 28,23 | 28,23 | 4479,099 |   NaN | NaN | 0,00 | 0,00 | NaN
  40 |  0,00 | 36,918 | 517,20 | 517,20 | 565,15 |  0,00 | 0,132 | 44,35 | 44,35 |  0,00 | 0,140 | 224,13 | 224,13 |  0,00 | 0,203 | 220,48 | 220,48 |  0,00 | 2365,480 | 28,23 | 28,23 | 4751,106 |   NaN | NaN | 0,00 | 0,00 | NaN
  41 |  0,00 | 32,453 | 525,94 | 525,94 | 568,11 |  0,00 | 0,115 | 44,35 | 44,35 |  0,00 | 0,135 | 224,96 | 224,96 |  0,00 | 0,231 | 228,40 | 228,40 |  0,00 | 2097,326 | 28,23 | 28,23 | 4214,916 |   NaN | NaN | 0,00 | 0,00 | NaN
  42 |  0,00 | 33,083 | 524,65 | 524,65 | 564,27 |  0,00 | 0,061 | 44,35 | 44,35 |  0,00 | 0,078 | 225,52 | 225,52 |  0,00 | 0,301 | 226,54 | 226,54 |  0,00 | 2137,350 | 28,23 | 28,23 | 4295,008 |   NaN | NaN | 0,00 | 0,00 | NaN
  43 |  0,00 | 34,381 | 526,98 | 526,98 | 573,42 |  0,00 | 0,140 | 44,35 | 44,35 |  0,00 | 0,153 | 227,63 | 227,63 |  0,00 | 0,200 | 226,76 | 226,76 |  0,00 | 2224,522 | 28,23 | 28,23 | 4469,514 |   NaN | NaN | 0,00 | 0,00 | NaN
  44 |  0,00 | 32,275 | 524,63 | 524,63 | 563,48 |  0,00 | 0,054 | 44,35 | 44,35 |  0,00 | 0,074 | 225,78 | 225,78 |  0,00 | 0,333 | 226,27 | 226,27 |  0,00 | 2084,364 | 28,23 | 28,23 | 4189,035 |   NaN | NaN | 0,00 | 0,00 | NaN
  45 |  0,00 | 33,001 | 523,44 | 523,44 | 573,21 |  0,00 | 0,136 | 44,35 | 44,35 |  0,00 | 0,150 | 227,20 | 227,20 |  0,00 | 0,223 | 223,65 | 223,65 |  0,00 | 2126,660 | 28,23 | 28,23 | 4273,822 |   NaN | NaN | 0,00 | 0,00 | NaN
  46 |  0,00 | 34,241 | 522,89 | 522,89 | 562,57 |  0,00 | 0,075 | 44,35 | 44,35 |  0,00 | 0,085 | 225,00 | 225,00 |  0,00 | 0,269 | 225,30 | 225,30 |  0,00 | 2207,962 | 28,23 | 28,23 | 4436,128 |   NaN | NaN | 0,00 | 0,00 | NaN
  47 |  0,00 | 31,515 | 522,88 | 522,88 | 562,53 |  0,00 | 0,073 | 44,35 | 44,35 |  0,00 | 0,094 | 226,96 | 226,96 |  0,00 | 0,301 | 223,34 | 223,34 |  0,00 | 2031,168 | 28,23 | 28,23 | 4082,306 |   NaN | NaN | 0,00 | 0,00 | NaN
  48 |  0,00 | 32,275 | 520,81 | 520,81 | 561,14 |  0,00 | 0,103 | 44,35 | 44,35 |  0,00 | 0,124 | 224,50 | 224,50 |  0,00 | 0,258 | 223,73 | 223,73 |  0,00 | 2075,104 | 28,23 | 28,23 | 4170,497 |   NaN | NaN | 0,00 | 0,00 | NaN
  49 |  0,00 | 31,496 | 522,06 | 522,06 | 564,04 |  0,00 | 0,115 | 44,35 | 44,35 |  0,00 | 0,138 | 225,83 | 225,83 |  0,00 | 0,231 | 223,65 | 223,65 |  0,00 | 2027,158 | 28,23 | 28,23 | 4074,322 |   NaN | NaN | 0,00 | 0,00 | NaN
  50 |  0,00 | 34,408 | 523,75 | 523,75 | 563,42 |  0,00 | 0,069 | 44,35 | 44,35 |  0,00 | 0,080 | 227,24 | 227,24 |  0,00 | 0,281 | 223,93 | 223,93 |  0,00 | 2220,711 | 28,23 | 28,23 | 4461,823 |   NaN | NaN | 0,00 | 0,00 | NaN
  51 |  0,00 | 32,466 | 523,88 | 523,88 | 563,53 |  0,00 | 0,067 | 44,35 | 44,35 |  0,00 | 0,080 | 224,50 | 224,50 |  0,00 | 0,299 | 226,79 | 226,79 |  0,00 | 2095,362 | 28,23 | 28,23 | 4210,906 |   NaN | NaN | 0,00 | 0,00 | NaN
  52 |  0,00 | 32,895 | 519,79 | 519,79 | 559,70 |  0,00 | 0,094 | 44,35 | 44,35 |  0,00 | 0,116 | 221,87 | 221,87 |  0,00 | 0,265 | 225,33 | 225,33 |  0,00 | 2113,078 | 28,23 | 28,23 | 4246,421 |   NaN | NaN | 0,00 | 0,00 | NaN
  53 |  0,00 | 33,808 | 524,00 | 524,00 | 563,71 |  0,00 | 0,081 | 44,35 | 44,35 |  0,00 | 0,096 | 226,01 | 226,01 |  0,00 | 0,268 | 225,41 | 225,41 |  0,00 | 2182,050 | 28,23 | 28,23 | 4384,206 |   NaN | NaN | 0,00 | 0,00 | NaN
  54 |  0,00 | 33,144 | 520,11 | 520,11 | 559,82 |  0,00 | 0,084 | 44,35 | 44,35 |  0,00 | 0,105 | 225,27 | 225,27 |  0,00 | 0,273 | 222,25 | 222,25 |  0,00 | 2130,182 | 28,23 | 28,23 | 4280,838 |   NaN | NaN | 0,00 | 0,00 | NaN
  55 |  0,00 | 35,606 | 521,80 | 521,80 | 561,46 |  0,00 | 0,069 | 44,35 | 44,35 |  0,00 | 0,073 | 224,09 | 224,09 |  0,00 | 0,268 | 225,12 | 225,12 |  0,00 | 2294,227 | 28,23 | 28,23 | 4608,705 |   NaN | NaN | 0,00 | 0,00 | NaN
  56 |  0,00 | 32,254 | 520,40 | 520,40 | 560,10 |  0,00 | 0,074 | 44,35 | 44,35 |  0,00 | 0,104 | 223,36 | 223,36 |  0,00 | 0,295 | 224,45 | 224,45 |  0,00 | 2073,738 | 28,23 | 28,23 | 4167,761 |   NaN | NaN | 0,00 | 0,00 | NaN
  57 |  0,00 | 31,744 | 523,35 | 523,35 | 563,02 |  0,00 | 0,071 | 44,35 | 44,35 |  0,00 | 0,097 | 225,05 | 225,05 |  0,00 | 0,300 | 225,71 | 225,71 |  0,00 | 2046,920 | 28,23 | 28,23 | 4113,934 |   NaN | NaN | 0,00 | 0,00 | NaN
  58 |  0,00 | 31,946 | 522,55 | 522,55 | 562,71 |  0,00 | 0,100 | 44,35 | 44,35 |  0,00 | 0,115 | 224,55 | 224,55 |  0,00 | 0,249 | 225,41 | 225,41 |  0,00 | 2057,784 | 28,23 | 28,23 | 4135,639 |   NaN | NaN | 0,00 | 0,00 | NaN
  59 |  0,00 | 37,691 | 525,92 | 525,92 | 568,90 |  0,00 | 0,119 | 44,35 | 44,35 |  0,00 | 0,123 | 225,55 | 225,55 |  0,00 | 0,211 | 227,78 | 227,78 |  0,00 | 2437,867 | 28,23 | 28,23 | 4895,923 |   NaN | NaN | 0,00 | 0,00 | NaN
  60 |  0,00 | 32,508 | 521,91 | 521,91 | 561,04 |  0,00 | 0,056 | 44,35 | 44,35 |  0,00 | 0,087 | 225,08 | 225,08 |  0,00 | 0,312 | 224,24 | 224,24 |  0,00 | 2093,732 | 28,23 | 28,23 | 4207,690 |   NaN | NaN | 0,00 | 0,00 | NaN
  61 |  0,00 | 33,964 | 524,46 | 524,46 | 564,15 |  0,00 | 0,076 | 44,35 | 44,35 |  0,00 | 0,096 | 225,61 | 225,61 |  0,00 | 0,275 | 226,26 | 226,26 |  0,00 | 2193,159 | 28,23 | 28,23 | 4406,623 |   NaN | NaN | 0,00 | 0,00 | NaN
  62 |  0,00 | 32,274 | 524,51 | 524,51 | 575,04 |  0,00 | 0,138 | 44,35 | 44,35 |  0,00 | 0,148 | 226,21 | 226,21 |  0,00 | 0,219 | 225,71 | 225,71 |  0,00 | 2081,858 | 28,23 | 28,23 | 4183,954 |   NaN | NaN | 0,00 | 0,00 | NaN
  63 |  0,00 | 35,280 | 524,04 | 524,04 | 563,95 |  0,00 | 0,093 | 44,35 | 44,35 |  0,00 | 0,101 | 226,15 | 226,15 |  0,00 | 0,243 | 225,31 | 225,31 |  0,00 | 2277,529 | 28,23 | 28,23 | 4575,205 |   NaN | NaN | 0,00 | 0,00 | NaN
  64 |  0,00 | 33,199 | 519,89 | 519,89 | 570,13 |  0,00 | 0,137 | 44,35 | 44,35 |  0,00 | 0,154 | 222,62 | 222,62 |  0,00 | 0,212 | 224,68 | 224,68 |  0,00 | 2131,725 | 28,23 | 28,23 | 4283,862 |   NaN | NaN | 0,00 | 0,00 | NaN

= = = = = = = = = = = = AVERAGE RESULTS system = = = = = = = = = = = =
meanPLR_system | 0,000000 
meanDelay_system | 26,841262 
meanLoad_system | 522,636785 
meanTHR_system | 522,636785 
meanGate_system | 564,743119 

meanPLR_EF_system | 0,000000 
meanPLR_AF_system | 0,000000 
meanPLR_BE_system | 0,000000 
meanPLR_FLA_system | 0,000000 
meanPLR_FLB_system | NaN 

meanTHR_EF_system | 44,352004 
meanTHR_AF_system | 225,205199 
meanTHR_BE_system | 224,844889 
meanTHR_FLA_system | 28,644993 
meanTHR_FLB_system | 0,000000 

meanLoad_EF_system | 44,352004 
meanLoad_AF_system | 225,205199 
meanLoad_BE_system | 224,844889 
meanLoad_FLA_system | 28,644993 
meanLoad_FLB_system | 0,000000 

meanDELAY_EF_system | 0,098353 
meanDELAY_AF_system | 0,114429 
meanDELAY_BE_system | 0,252092 
meanDELAY_FLA_system | 1727,549067 
meanDELAY_FLB_system | NaN 
meanDELAY_CompleteFLA_system | 3475,368992 
meanDELAY_CompleteFLB_system | NaN 

= = = = = = = = = = = = AVERAGE RESULTS = = = = = = = = = = = =
Packet Loss Ratio: 00,00 (%)
PROCESSED PACKAGES: 2040519063 
DISCARTED PACKAGES: 0 
TOTAL PACKAGES: 2040519063 
AVERAGE DELAY: 4085,47 (ms) 
AVERAGE THROUGHPUT: 522,64 (Mbps) 
GRANTED THROUGHPUT: 36143,56 (Mbps) By 64 ONUs
EFFECTIVE THROUGHPUT: 33448,75 (Mbps) By 64 ONUs
TOTAL LOAD: 33448,75 (Mbps) By 64 ONUs
ON Arrival THROUGHPUT: 0,00 (Mbps) By 64 ONUs
FINISHTIMEFL: 206,444453 
FINISHTIME: 209,444453 


fileName | IPACT_LEAKYBUCKET_5_28_60_0 
