
ONU ID 	|  PLR(%) | Delay(ms) | Throughput(Mbps) | Granted Throughput(Mbps) | Total Load (Mbps) 

  ID |  PLR(%) |  D  | Thr |  Gates  |  Load  | PLR-EF | D-EF | ThrEF | LoadEF | PLR-AF | D-AF | ThrAF | LoadAF | PLR-BE | D-BE | ThrBE | LoadBE | PLR-FA | D-FA | ThrFA | LoadFA | DTFA |  PLR-FB | D-FB | ThrFB | LoadFB | DTFB | 
   1 |  3,86 | 268,048 | 754,92 | 785,25 | 759,51 |  0,00 | 1,407 | 44,35 | 44,35 |  0,00 | 16,496 | 357,56 | 357,56 |  8,70 | 979,880 | 318,42 | 348,75 |  0,00 | 139,056 | 34,59 | 34,59 | 298,363 |   NaN | NaN | 0,00 | 0,00 | NaN
   2 |  4,22 | 259,038 | 754,15 | 787,35 | 758,75 |  0,00 | 1,419 | 44,35 | 44,35 |  0,00 | 17,398 | 357,62 | 357,62 |  9,46 | 946,652 | 317,59 | 350,79 |  0,00 | 138,926 | 34,59 | 34,59 | 298,149 |   NaN | NaN | 0,00 | 0,00 | NaN
   3 |  3,52 | 249,876 | 752,58 | 780,05 | 757,16 |  0,00 | 1,355 | 44,35 | 44,35 |  0,00 | 16,867 | 350,23 | 350,23 |  7,83 | 895,709 | 323,42 | 350,89 |  0,00 | 138,956 | 34,59 | 34,59 | 298,177 |   NaN | NaN | 0,00 | 0,00 | NaN
   4 |  4,37 | 271,328 | 754,52 | 789,02 | 759,09 |  0,00 | 1,361 | 44,35 | 44,35 |  0,00 | 16,018 | 356,62 | 356,62 |  9,76 | 990,793 | 318,96 | 353,47 |  0,00 | 139,037 | 34,59 | 34,59 | 298,339 |   NaN | NaN | 0,00 | 0,00 | NaN
   5 |  3,60 | 256,695 | 753,23 | 781,34 | 757,80 |  0,00 | 1,386 | 44,35 | 44,35 |  0,00 | 16,665 | 351,99 | 351,99 |  8,02 | 924,411 | 322,30 | 350,42 |  0,00 | 139,113 | 34,59 | 34,59 | 298,330 |   NaN | NaN | 0,00 | 0,00 | NaN
   6 |  4,18 | 265,670 | 754,42 | 787,34 | 758,98 |  0,00 | 1,335 | 44,35 | 44,35 |  0,00 | 17,282 | 355,55 | 355,55 |  9,33 | 965,078 | 319,94 | 352,85 |  0,00 | 138,968 | 34,59 | 34,59 | 298,160 |   NaN | NaN | 0,00 | 0,00 | NaN
   7 |  3,96 | 268,346 | 753,42 | 784,52 | 757,98 |  0,00 | 1,353 | 44,35 | 44,35 |  0,00 | 17,658 | 353,77 | 353,77 |  8,84 | 971,808 | 320,72 | 351,82 |  0,00 | 139,049 | 34,59 | 34,59 | 298,313 |   NaN | NaN | 0,00 | 0,00 | NaN
   8 |  4,01 | 264,356 | 754,91 | 786,45 | 759,50 |  0,00 | 1,403 | 44,35 | 44,35 |  0,00 | 16,872 | 352,68 | 352,68 |  8,89 | 951,234 | 323,29 | 354,83 |  0,00 | 139,049 | 34,59 | 34,59 | 298,260 |   NaN | NaN | 0,00 | 0,00 | NaN
   9 |  4,16 | 262,486 | 754,99 | 787,75 | 759,56 |  0,00 | 1,343 | 44,35 | 44,35 |  0,00 | 16,351 | 354,09 | 354,09 |  9,24 | 948,814 | 321,96 | 354,72 |  0,00 | 139,013 | 34,59 | 34,59 | 298,257 |   NaN | NaN | 0,00 | 0,00 | NaN
  10 |  3,56 | 255,724 | 754,50 | 782,35 | 759,09 |  0,00 | 1,404 | 44,35 | 44,35 |  0,00 | 16,359 | 352,24 | 352,24 |  7,93 | 919,467 | 323,32 | 351,17 |  0,00 | 139,219 | 34,59 | 34,59 | 298,525 |   NaN | NaN | 0,00 | 0,00 | NaN
  11 |  3,65 | 261,049 | 753,63 | 782,15 | 758,19 |  0,00 | 1,344 | 44,35 | 44,35 |  0,00 | 17,653 | 349,54 | 349,54 |  8,06 | 932,108 | 325,16 | 353,68 |  0,00 | 138,623 | 34,59 | 34,59 | 297,673 |   NaN | NaN | 0,00 | 0,00 | NaN
  12 |  3,91 | 256,175 | 755,40 | 786,12 | 759,99 |  0,00 | 1,406 | 44,35 | 44,35 |  0,00 | 17,634 | 352,91 | 352,91 |  8,67 | 919,817 | 323,55 | 354,26 |  0,00 | 138,981 | 34,59 | 34,59 | 298,194 |   NaN | NaN | 0,00 | 0,00 | NaN
  13 |  3,15 | 252,070 | 752,03 | 776,46 | 756,61 |  0,00 | 1,370 | 44,35 | 44,35 |  0,00 | 18,342 | 350,81 | 350,81 |  7,04 | 904,870 | 322,29 | 346,71 |  0,00 | 139,022 | 34,59 | 34,59 | 298,294 |   NaN | NaN | 0,00 | 0,00 | NaN
  14 |  4,37 | 265,443 | 752,25 | 786,64 | 756,86 |  0,00 | 1,412 | 44,35 | 44,35 |  0,00 | 18,007 | 353,96 | 353,96 |  9,72 | 963,359 | 319,36 | 353,74 |  0,00 | 139,022 | 34,59 | 34,59 | 298,241 |   NaN | NaN | 0,00 | 0,00 | NaN
  15 |  3,55 | 261,053 | 753,42 | 781,19 | 758,00 |  0,00 | 1,406 | 44,35 | 44,35 |  0,00 | 18,522 | 347,15 | 347,15 |  7,82 | 924,875 | 327,34 | 355,10 |  0,00 | 139,155 | 34,59 | 34,59 | 298,406 |   NaN | NaN | 0,00 | 0,00 | NaN
  16 |  5,04 | 282,720 | 753,95 | 794,01 | 758,52 |  0,00 | 1,397 | 44,35 | 44,35 |  0,00 | 17,181 | 354,54 | 354,54 | 11,11 | 1026,683 | 320,48 | 360,53 |  0,00 | 139,066 | 34,59 | 34,59 | 298,299 |   NaN | NaN | 0,00 | 0,00 | NaN
  17 |  4,18 | 269,480 | 753,41 | 786,27 | 758,00 |  0,00 | 1,410 | 44,35 | 44,35 |  0,00 | 16,708 | 355,17 | 355,17 |  9,33 | 980,900 | 319,31 | 352,16 |  0,00 | 138,949 | 34,59 | 34,59 | 298,185 |   NaN | NaN | 0,00 | 0,00 | NaN
  18 |  3,50 | 256,333 | 753,85 | 781,20 | 758,41 |  0,00 | 1,387 | 44,35 | 44,35 |  0,00 | 14,769 | 350,94 | 350,94 |  7,78 | 921,268 | 323,98 | 351,32 |  0,00 | 138,661 | 34,59 | 34,59 | 297,477 |   NaN | NaN | 0,00 | 0,00 | NaN
  19 |  2,67 | 244,623 | 754,02 | 774,75 | 758,58 |  0,00 | 1,378 | 44,35 | 44,35 |  0,00 | 17,428 | 346,58 | 346,58 |  5,93 | 863,223 | 328,51 | 349,23 |  0,00 | 138,978 | 34,59 | 34,59 | 298,156 |   NaN | NaN | 0,00 | 0,00 | NaN
  20 |  3,22 | 242,385 | 753,00 | 778,08 | 757,56 |  0,00 | 1,373 | 44,35 | 44,35 |  0,00 | 16,993 | 352,70 | 352,70 |  7,24 | 873,448 | 321,36 | 346,43 |  0,00 | 138,606 | 34,59 | 34,59 | 297,530 |   NaN | NaN | 0,00 | 0,00 | NaN
  21 |  2,61 | 231,525 | 752,75 | 772,92 | 757,31 |  0,00 | 1,378 | 44,35 | 44,35 |  0,00 | 17,500 | 348,46 | 348,46 |  5,84 | 822,406 | 325,35 | 345,52 |  0,00 | 139,132 | 34,59 | 34,59 | 298,428 |   NaN | NaN | 0,00 | 0,00 | NaN
  22 |  4,42 | 273,745 | 754,42 | 789,27 | 759,02 |  0,00 | 1,416 | 44,35 | 44,35 |  0,00 | 18,528 | 358,85 | 358,85 |  9,92 | 1004,062 | 316,63 | 351,48 |  0,00 | 139,038 | 34,59 | 34,59 | 298,245 |   NaN | NaN | 0,00 | 0,00 | NaN
  23 |  3,87 | 268,528 | 754,34 | 784,69 | 758,92 |  0,00 | 1,398 | 44,35 | 44,35 |  0,00 | 16,925 | 353,12 | 353,12 |  8,61 | 969,425 | 322,28 | 352,63 |  0,00 | 138,971 | 34,59 | 34,59 | 298,088 |   NaN | NaN | 0,00 | 0,00 | NaN
  24 |  4,35 | 268,295 | 754,02 | 788,34 | 758,59 |  0,00 | 1,360 | 44,35 | 44,35 |  0,00 | 19,208 | 353,42 | 353,42 |  9,64 | 967,277 | 321,66 | 355,98 |  0,00 | 138,987 | 34,59 | 34,59 | 298,202 |   NaN | NaN | 0,00 | 0,00 | NaN
  25 |  4,34 | 276,927 | 754,35 | 788,61 | 758,95 |  0,00 | 1,417 | 44,35 | 44,35 |  0,00 | 15,871 | 351,38 | 351,38 |  9,56 | 996,029 | 324,04 | 358,30 |  0,00 | 139,011 | 34,59 | 34,59 | 298,263 |   NaN | NaN | 0,00 | 0,00 | NaN
  26 |  3,41 | 263,960 | 754,18 | 780,82 | 758,78 |  0,00 | 1,414 | 44,35 | 44,35 |  0,00 | 18,700 | 351,86 | 351,86 |  7,61 | 946,886 | 323,39 | 350,02 |  0,00 | 139,148 | 34,59 | 34,59 | 298,438 |   NaN | NaN | 0,00 | 0,00 | NaN
  27 |  3,44 | 251,056 | 754,33 | 781,24 | 758,88 |  0,00 | 1,340 | 44,35 | 44,35 |  0,00 | 17,507 | 354,22 | 354,22 |  7,73 | 906,907 | 321,18 | 348,08 |  0,00 | 138,645 | 34,59 | 34,59 | 297,505 |   NaN | NaN | 0,00 | 0,00 | NaN
  28 |  2,82 | 253,323 | 753,51 | 775,36 | 758,09 |  0,00 | 1,407 | 44,35 | 44,35 |  0,00 | 18,798 | 351,51 | 351,51 |  6,33 | 908,074 | 323,06 | 344,91 |  0,00 | 138,998 | 34,59 | 34,59 | 298,133 |   NaN | NaN | 0,00 | 0,00 | NaN
  29 |  4,09 | 269,938 | 753,38 | 785,53 | 757,94 |  0,00 | 1,386 | 44,35 | 44,35 |  0,00 | 17,755 | 353,27 | 353,27 |  9,10 | 975,921 | 321,17 | 353,32 |  0,00 | 138,762 | 34,59 | 34,59 | 297,934 |   NaN | NaN | 0,00 | 0,00 | NaN
  30 |  3,44 | 255,274 | 753,92 | 780,77 | 758,51 |  0,00 | 1,416 | 44,35 | 44,35 |  0,00 | 17,560 | 350,73 | 350,73 |  7,65 | 913,759 | 324,25 | 351,10 |  0,00 | 138,601 | 34,59 | 34,59 | 297,425 |   NaN | NaN | 0,00 | 0,00 | NaN
  31 |  3,38 | 255,072 | 754,20 | 780,61 | 758,76 |  0,00 | 1,383 | 44,35 | 44,35 |  0,00 | 15,247 | 353,12 | 353,12 |  7,58 | 921,637 | 322,14 | 348,55 |  0,00 | 138,928 | 34,59 | 34,59 | 298,033 |   NaN | NaN | 0,00 | 0,00 | NaN
  32 |  3,88 | 249,185 | 755,49 | 785,97 | 760,05 |  0,00 | 1,340 | 44,35 | 44,35 |  0,00 | 14,771 | 353,09 | 353,09 |  8,61 | 897,284 | 323,46 | 353,93 |  0,00 | 138,591 | 34,59 | 34,59 | 297,599 |   NaN | NaN | 0,00 | 0,00 | NaN
  33 |  3,38 | 251,712 | 753,34 | 779,70 | 757,91 |  0,00 | 1,405 | 44,35 | 44,35 |  0,00 | 18,392 | 349,38 | 349,38 |  7,50 | 896,890 | 325,03 | 351,38 |  0,00 | 138,591 | 34,59 | 34,59 | 297,609 |   NaN | NaN | 0,00 | 0,00 | NaN
  34 |  3,51 | 255,652 | 754,34 | 781,77 | 758,89 |  0,00 | 1,396 | 44,35 | 44,35 |  0,00 | 16,353 | 351,98 | 351,98 |  7,82 | 919,038 | 323,42 | 350,85 |  0,00 | 138,624 | 34,59 | 34,59 | 297,485 |   NaN | NaN | 0,00 | 0,00 | NaN
  35 |  4,33 | 275,033 | 753,77 | 787,86 | 758,32 |  0,00 | 1,345 | 44,35 | 44,35 |  0,00 | 16,113 | 354,80 | 354,80 |  9,63 | 1000,704 | 320,03 | 354,12 |  0,00 | 138,518 | 34,59 | 34,59 | 297,317 |   NaN | NaN | 0,00 | 0,00 | NaN
  36 |  3,43 | 247,784 | 754,20 | 781,01 | 758,76 |  0,00 | 1,399 | 44,35 | 44,35 |  0,00 | 15,894 | 348,64 | 348,64 |  7,58 | 881,562 | 326,63 | 353,43 |  0,00 | 138,732 | 34,59 | 34,59 | 297,625 |   NaN | NaN | 0,00 | 0,00 | NaN
  37 |  4,40 | 268,879 | 754,88 | 789,61 | 759,43 |  0,00 | 1,381 | 44,35 | 44,35 |  0,00 | 16,255 | 357,76 | 357,76 |  9,84 | 983,982 | 318,18 | 352,91 |  0,00 | 138,588 | 34,59 | 34,59 | 297,590 |   NaN | NaN | 0,00 | 0,00 | NaN
  38 |  4,23 | 271,738 | 754,80 | 788,10 | 759,37 |  0,00 | 1,373 | 44,35 | 44,35 |  0,00 | 15,624 | 354,19 | 354,19 |  9,38 | 984,693 | 321,68 | 354,97 |  0,00 | 138,582 | 34,59 | 34,59 | 297,371 |   NaN | NaN | 0,00 | 0,00 | NaN
  39 |  2,35 | 239,671 | 754,88 | 773,03 | 759,47 |  0,00 | 1,416 | 44,35 | 44,35 |  0,00 | 16,053 | 349,04 | 349,04 |  5,26 | 851,507 | 326,90 | 345,05 |  0,00 | 138,651 | 34,59 | 34,59 | 297,565 |   NaN | NaN | 0,00 | 0,00 | NaN
  40 |  2,91 | 239,087 | 753,03 | 775,59 | 757,60 |  0,00 | 1,416 | 44,35 | 44,35 |  0,00 | 15,195 | 351,94 | 351,94 |  6,54 | 861,382 | 322,15 | 344,71 |  0,00 | 138,795 | 34,59 | 34,59 | 297,657 |   NaN | NaN | 0,00 | 0,00 | NaN
  41 |  4,33 | 262,616 | 752,32 | 786,34 | 756,89 |  0,00 | 1,399 | 44,35 | 44,35 |  0,00 | 16,590 | 349,30 | 349,30 |  9,50 | 940,626 | 324,09 | 358,10 |  0,00 | 138,948 | 34,59 | 34,59 | 298,107 |   NaN | NaN | 0,00 | 0,00 | NaN
  42 |  4,35 | 267,869 | 754,50 | 788,83 | 759,07 |  0,00 | 1,345 | 44,35 | 44,35 |  0,00 | 17,228 | 354,51 | 354,51 |  9,66 | 970,198 | 321,06 | 355,39 |  0,00 | 138,713 | 34,59 | 34,59 | 297,849 |   NaN | NaN | 0,00 | 0,00 | NaN
  43 |  5,09 | 276,371 | 753,82 | 794,29 | 758,40 |  0,00 | 1,423 | 44,35 | 44,35 |  0,00 | 16,690 | 357,68 | 357,68 | 11,31 | 1013,820 | 317,20 | 357,67 |  0,00 | 138,665 | 34,59 | 34,59 | 297,544 |   NaN | NaN | 0,00 | 0,00 | NaN
  44 |  4,13 | 276,529 | 754,69 | 787,23 | 759,25 |  0,00 | 1,335 | 44,35 | 44,35 |  0,00 | 17,137 | 352,46 | 352,46 |  9,14 | 995,968 | 323,29 | 355,83 |  0,00 | 138,800 | 34,59 | 34,59 | 297,963 |   NaN | NaN | 0,00 | 0,00 | NaN
  45 |  3,42 | 255,325 | 754,76 | 781,52 | 759,35 |  0,00 | 1,420 | 44,35 | 44,35 |  0,00 | 17,141 | 355,72 | 355,72 |  7,71 | 926,161 | 320,10 | 346,86 |  0,00 | 138,831 | 34,59 | 34,59 | 297,973 |   NaN | NaN | 0,00 | 0,00 | NaN
  46 |  3,81 | 259,267 | 754,44 | 784,29 | 759,01 |  0,00 | 1,359 | 44,35 | 44,35 |  0,00 | 17,457 | 350,97 | 350,97 |  8,42 | 928,219 | 324,54 | 354,39 |  0,00 | 138,557 | 34,59 | 34,59 | 297,467 |   NaN | NaN | 0,00 | 0,00 | NaN
  47 |  3,55 | 252,937 | 753,75 | 781,52 | 758,31 |  0,00 | 1,357 | 44,35 | 44,35 |  0,00 | 16,949 | 353,17 | 353,17 |  7,95 | 912,727 | 321,64 | 349,41 |  0,00 | 138,826 | 34,59 | 34,59 | 297,941 |   NaN | NaN | 0,00 | 0,00 | NaN
  48 |  3,54 | 271,397 | 753,33 | 781,00 | 757,90 |  0,00 | 1,386 | 44,35 | 44,35 |  0,00 | 16,643 | 351,18 | 351,18 |  7,89 | 976,571 | 323,21 | 350,88 |  0,00 | 138,865 | 34,59 | 34,59 | 298,012 |   NaN | NaN | 0,00 | 0,00 | NaN
  49 |  3,38 | 247,782 | 754,25 | 780,64 | 758,83 |  0,00 | 1,399 | 44,35 | 44,35 |  0,00 | 15,913 | 353,01 | 353,01 |  7,57 | 893,074 | 322,30 | 348,69 |  0,00 | 138,970 | 34,59 | 34,59 | 298,088 |   NaN | NaN | 0,00 | 0,00 | NaN
  50 |  4,03 | 266,408 | 754,01 | 785,70 | 758,57 |  0,00 | 1,353 | 44,35 | 44,35 |  0,00 | 17,445 | 355,62 | 355,62 |  9,03 | 968,656 | 319,45 | 351,14 |  0,00 | 138,669 | 34,59 | 34,59 | 297,613 |   NaN | NaN | 0,00 | 0,00 | NaN
  51 |  3,89 | 265,306 | 753,88 | 784,38 | 758,45 |  0,00 | 1,351 | 44,35 | 44,35 |  0,00 | 16,616 | 351,97 | 351,97 |  8,63 | 955,268 | 322,97 | 353,47 |  0,00 | 138,818 | 34,59 | 34,59 | 297,928 |   NaN | NaN | 0,00 | 0,00 | NaN
  52 |  3,71 | 253,249 | 752,72 | 781,68 | 757,28 |  0,00 | 1,377 | 44,35 | 44,35 |  0,00 | 17,225 | 347,61 | 347,61 |  8,16 | 900,264 | 326,17 | 355,14 |  0,00 | 138,859 | 34,59 | 34,59 | 298,016 |   NaN | NaN | 0,00 | 0,00 | NaN
  53 |  3,91 | 262,753 | 754,26 | 784,91 | 758,83 |  0,00 | 1,365 | 44,35 | 44,35 |  0,00 | 17,621 | 354,34 | 354,34 |  8,72 | 950,830 | 320,98 | 351,63 |  0,00 | 138,592 | 34,59 | 34,59 | 297,600 |   NaN | NaN | 0,00 | 0,00 | NaN
  54 |  3,03 | 250,406 | 754,34 | 777,91 | 758,91 |  0,00 | 1,367 | 44,35 | 44,35 |  0,00 | 17,107 | 352,11 | 352,11 |  6,80 | 898,958 | 323,29 | 346,86 |  0,00 | 138,791 | 34,59 | 34,59 | 297,925 |   NaN | NaN | 0,00 | 0,00 | NaN
  55 |  3,28 | 246,022 | 755,19 | 780,80 | 759,75 |  0,00 | 1,352 | 44,35 | 44,35 |  0,00 | 16,505 | 349,44 | 349,44 |  7,27 | 874,930 | 326,81 | 352,42 |  0,00 | 138,610 | 34,59 | 34,59 | 297,395 |   NaN | NaN | 0,00 | 0,00 | NaN
  56 |  3,19 | 251,980 | 754,58 | 779,44 | 759,14 |  0,00 | 1,358 | 44,35 | 44,35 |  0,00 | 17,249 | 349,56 | 349,56 |  7,08 | 897,388 | 326,08 | 350,95 |  0,00 | 138,897 | 34,59 | 34,59 | 298,056 |   NaN | NaN | 0,00 | 0,00 | NaN
  57 |  3,75 | 256,800 | 753,79 | 783,14 | 758,36 |  0,00 | 1,355 | 44,35 | 44,35 |  0,00 | 19,364 | 350,75 | 350,75 |  8,30 | 917,389 | 324,11 | 353,46 |  0,00 | 138,979 | 34,59 | 34,59 | 298,102 |   NaN | NaN | 0,00 | 0,00 | NaN
  58 |  3,77 | 271,191 | 753,75 | 783,28 | 758,31 |  0,00 | 1,384 | 44,35 | 44,35 |  0,00 | 16,761 | 351,99 | 351,99 |  8,38 | 976,906 | 322,82 | 352,35 |  0,00 | 138,974 | 34,59 | 34,59 | 298,115 |   NaN | NaN | 0,00 | 0,00 | NaN
  59 |  4,32 | 272,208 | 754,96 | 789,02 | 759,52 |  0,00 | 1,403 | 44,35 | 44,35 |  0,00 | 15,752 | 351,84 | 351,84 |  9,51 | 978,931 | 324,18 | 358,24 |  0,00 | 138,530 | 34,59 | 34,59 | 297,425 |   NaN | NaN | 0,00 | 0,00 | NaN
  60 |  3,85 | 262,523 | 753,80 | 784,00 | 758,36 |  0,00 | 1,338 | 44,35 | 44,35 |  0,00 | 18,370 | 352,34 | 352,34 |  8,56 | 944,325 | 322,52 | 352,72 |  0,00 | 138,873 | 34,59 | 34,59 | 298,014 |   NaN | NaN | 0,00 | 0,00 | NaN
  61 |  4,23 | 271,284 | 754,66 | 787,99 | 759,21 |  0,00 | 1,360 | 44,35 | 44,35 |  0,00 | 18,045 | 354,28 | 354,28 |  9,40 | 980,783 | 321,44 | 354,78 |  0,00 | 138,552 | 34,59 | 34,59 | 297,545 |   NaN | NaN | 0,00 | 0,00 | NaN
  62 |  4,24 | 271,571 | 753,65 | 786,99 | 758,26 |  0,00 | 1,422 | 44,35 | 44,35 |  0,00 | 16,311 | 354,74 | 354,74 |  9,44 | 987,295 | 319,96 | 353,31 |  0,00 | 138,904 | 34,59 | 34,59 | 298,060 |   NaN | NaN | 0,00 | 0,00 | NaN
  63 |  3,87 | 258,572 | 754,20 | 784,60 | 758,76 |  0,00 | 1,377 | 44,35 | 44,35 |  0,00 | 13,883 | 354,59 | 354,59 |  8,66 | 940,213 | 320,67 | 351,07 |  0,00 | 138,654 | 34,59 | 34,59 | 297,498 |   NaN | NaN | 0,00 | 0,00 | NaN
  64 |  3,18 | 243,982 | 753,62 | 778,40 | 758,23 |  0,00 | 1,420 | 44,35 | 44,35 |  0,00 | 17,990 | 351,02 | 351,02 |  7,11 | 872,685 | 323,67 | 348,45 |  0,00 | 138,836 | 34,59 | 34,59 | 297,964 |   NaN | NaN | 0,00 | 0,00 | NaN

= = = = = = = = = = = = AVERAGE RESULTS system = = = = = = = = = = = =
meanPLR_system | 3,767661 
meanDelay_system | 260,212994 
meanLoad_system | 783,545669 
meanTHR_system | 754,000146 
meanGate_system | 758,572568 

meanPLR_EF_system | 0,000000 
meanPLR_AF_system | 0,000000 
meanPLR_BE_system | 8,384705 
meanPLR_FLA_system | 0,000000 
meanPLR_FLB_system | NaN 

meanTHR_EF_system | 44,352003 
meanTHR_AF_system | 352,618801 
meanTHR_BE_system | 322,443995 
meanTHR_FLA_system | 35,161134 
meanTHR_FLB_system | 0,000000 

meanLoad_EF_system | 44,352003 
meanLoad_AF_system | 352,618801 
meanLoad_BE_system | 351,989518 
meanLoad_FLA_system | 35,161134 
meanLoad_FLB_system | 0,000000 

meanDELAY_EF_system | 1,381849 
meanDELAY_AF_system | 16,991315 
meanDELAY_BE_system | 937,750093 
meanDELAY_FLA_system | 138,844620 
meanDELAY_FLB_system | NaN 
meanDELAY_CompleteFLA_system | 297,938140 
meanDELAY_CompleteFLB_system | NaN 

= = = = = = = = = = = = AVERAGE RESULTS = = = = = = = = = = = =
Packet Loss Ratio: 03,77 (%)
PROCESSED PACKAGES: 2205685747 
DISCARTED PACKAGES: 54031828 
TOTAL PACKAGES: 2259717575 
AVERAGE DELAY: 48952,18 (ms) 
AVERAGE THROUGHPUT: 754,00 (Mbps) 
GRANTED THROUGHPUT: 48548,64 (Mbps) By 64 ONUs
EFFECTIVE THROUGHPUT: 48256,01 (Mbps) By 64 ONUs
TOTAL LOAD: 50146,92 (Mbps) By 64 ONUs
ON Arrival THROUGHPUT: 0,00 (Mbps) By 64 ONUs
FINISHTIMEFL: 180,198966 
FINISHTIME: 183,198966 


fileName | IPACT_STRICTPRIORITY_4_30_94_0 
