
ONU ID 	|  PLR(%) | Delay(ms) | Throughput(Mbps) | Granted Throughput(Mbps) | Total Load (Mbps) 

  ID |  PLR(%) |  D  | Thr |  Gates  |  Load  | PLR-EF | D-EF | ThrEF | LoadEF | PLR-AF | D-AF | ThrAF | LoadAF | PLR-BE | D-BE | ThrBE | LoadBE | PLR-FA | D-FA | ThrFA | LoadFA | DTFA |  PLR-FB | D-FB | ThrFB | LoadFB | DTFB | 
   1 |  0,00 | 7,890 | 728,27 | 728,27 | 738,17 |  0,00 | 0,885 | 44,35 | 44,35 |  0,00 | 5,226 | 322,95 | 322,95 |  0,00 | 16,631 | 314,69 | 314,69 |  0,00 | 74,759 | 46,27 | 46,27 | 166,323 |   NaN | NaN | 0,00 | 0,00 | NaN
   2 |  0,00 | 22,332 | 730,85 | 730,85 | 741,58 |  0,00 | 0,897 | 44,35 | 44,35 |  0,00 | 12,424 | 321,66 | 321,66 |  0,00 | 58,670 | 318,57 | 318,57 |  0,00 | 120,868 | 46,27 | 46,27 | 259,938 |   NaN | NaN | 0,00 | 0,00 | NaN
   3 |  0,00 | 21,439 | 725,73 | 725,73 | 735,08 |  0,00 | 0,833 | 44,35 | 44,35 |  0,00 | 14,225 | 319,34 | 319,34 |  0,00 | 54,016 | 315,76 | 315,76 |  0,00 | 119,632 | 46,27 | 46,27 | 256,932 |   NaN | NaN | 0,00 | 0,00 | NaN
   4 |  0,00 | 6,108 | 732,34 | 732,34 | 741,83 |  0,00 | 0,839 | 44,35 | 44,35 |  0,00 | 4,012 | 323,60 | 323,60 |  0,00 | 11,813 | 318,11 | 318,11 |  0,00 | 68,045 | 46,27 | 46,27 | 153,504 |   NaN | NaN | 0,00 | 0,00 | NaN
   5 |  0,00 | 29,518 | 726,50 | 726,50 | 735,75 |  0,00 | 0,864 | 44,35 | 44,35 |  0,00 | 14,275 | 318,26 | 318,26 |  0,00 | 82,866 | 317,62 | 317,62 |  0,00 | 125,601 | 46,27 | 46,27 | 270,580 |   NaN | NaN | 0,00 | 0,00 | NaN
   6 |  0,00 | 24,293 | 731,90 | 731,90 | 741,16 |  0,00 | 0,813 | 44,35 | 44,35 |  0,00 | 14,667 | 321,95 | 321,95 |  0,00 | 63,589 | 319,33 | 319,33 |  0,00 | 121,743 | 46,27 | 46,27 | 263,601 |   NaN | NaN | 0,00 | 0,00 | NaN
   7 |  0,00 | 10,828 | 727,87 | 727,87 | 737,32 |  0,00 | 0,831 | 44,35 | 44,35 |  0,00 | 8,371 | 319,75 | 319,75 |  0,00 | 22,959 | 317,49 | 317,49 |  0,00 | 91,245 | 46,27 | 46,27 | 200,043 |   NaN | NaN | 0,00 | 0,00 | NaN
   8 |  0,00 | 23,536 | 728,43 | 728,43 | 738,01 |  0,00 | 0,881 | 44,35 | 44,35 |  0,00 | 13,462 | 317,06 | 317,06 |  0,00 | 61,653 | 320,74 | 320,74 |  0,00 | 121,117 | 46,27 | 46,27 | 261,768 |   NaN | NaN | 0,00 | 0,00 | NaN
   9 |  0,00 | 15,251 | 730,97 | 730,97 | 740,47 |  0,00 | 0,821 | 44,35 | 44,35 |  0,00 | 10,484 | 321,58 | 321,58 |  0,00 | 35,580 | 318,77 | 318,77 |  0,00 | 110,122 | 46,27 | 46,27 | 236,842 |   NaN | NaN | 0,00 | 0,00 | NaN
  10 |  0,00 | 7,380 | 727,81 | 727,81 | 737,62 |  0,00 | 0,882 | 44,35 | 44,35 |  0,00 | 5,043 | 319,07 | 319,07 |  0,00 | 15,071 | 318,11 | 318,11 |  0,00 | 71,592 | 46,27 | 46,27 | 160,469 |   NaN | NaN | 0,00 | 0,00 | NaN
  11 |  0,00 | 31,568 | 725,55 | 725,55 | 734,88 |  0,00 | 0,822 | 44,35 | 44,35 |  0,00 | 16,348 | 315,93 | 315,93 |  0,00 | 88,653 | 319,00 | 319,00 |  0,00 | 117,196 | 46,27 | 46,27 | 261,592 |   NaN | NaN | 0,00 | 0,00 | NaN
  12 |  0,00 | 25,841 | 727,32 | 727,32 | 736,98 |  0,00 | 0,884 | 44,35 | 44,35 |  0,00 | 15,234 | 318,05 | 318,05 |  0,00 | 68,489 | 318,64 | 318,64 |  0,00 | 122,519 | 46,27 | 46,27 | 264,508 |   NaN | NaN | 0,00 | 0,00 | NaN
  13 |  0,00 | 22,018 | 722,60 | 722,60 | 731,90 |  0,00 | 0,849 | 44,35 | 44,35 |  0,00 | 13,113 | 316,93 | 316,93 |  0,00 | 57,138 | 315,04 | 315,04 |  0,00 | 121,023 | 46,27 | 46,27 | 260,502 |   NaN | NaN | 0,00 | 0,00 | NaN
  14 |  0,00 | 28,821 | 730,07 | 730,07 | 740,08 |  0,00 | 0,890 | 44,35 | 44,35 |  0,00 | 15,167 | 319,36 | 319,36 |  0,00 | 79,074 | 320,08 | 320,08 |  0,00 | 125,153 | 46,27 | 46,27 | 269,778 |   NaN | NaN | 0,00 | 0,00 | NaN
  15 |  0,00 | 11,479 | 726,03 | 726,03 | 735,90 |  0,00 | 0,884 | 44,35 | 44,35 |  0,00 | 7,692 | 314,48 | 314,48 |  0,00 | 25,742 | 320,92 | 320,92 |  0,00 | 91,201 | 46,27 | 46,27 | 200,451 |   NaN | NaN | 0,00 | 0,00 | NaN
  16 |  0,00 | 17,533 | 736,44 | 736,44 | 746,00 |  0,00 | 0,875 | 44,35 | 44,35 |  0,00 | 11,940 | 320,00 | 320,00 |  0,00 | 41,544 | 325,82 | 325,82 |  0,00 | 113,960 | 46,27 | 46,27 | 246,953 |   NaN | NaN | 0,00 | 0,00 | NaN
  17 |  0,00 | 17,070 | 730,61 | 730,61 | 740,69 |  0,00 | 0,888 | 44,35 | 44,35 |  0,00 | 12,175 | 320,67 | 320,67 |  0,00 | 40,154 | 319,32 | 319,32 |  0,00 | 113,139 | 46,27 | 46,27 | 245,195 |   NaN | NaN | 0,00 | 0,00 | NaN
  18 |  0,00 | 17,425 | 724,98 | 724,98 | 734,46 |  0,00 | 0,865 | 44,35 | 44,35 |  0,00 | 7,352 | 315,66 | 315,66 |  0,00 | 48,871 | 318,70 | 318,70 |  0,00 | 79,097 | 46,27 | 46,27 | 188,155 |   NaN | NaN | 0,00 | 0,00 | NaN
  19 |  0,00 | 31,082 | 721,02 | 721,02 | 730,25 |  0,00 | 0,856 | 44,35 | 44,35 |  0,00 | 15,899 | 314,43 | 314,43 |  0,00 | 86,941 | 315,97 | 315,97 |  0,00 | 127,417 | 46,27 | 46,27 | 274,437 |   NaN | NaN | 0,00 | 0,00 | NaN
  20 |  0,00 | 29,036 | 724,32 | 724,32 | 733,71 |  0,00 | 0,851 | 44,35 | 44,35 |  0,00 | 13,083 | 319,77 | 319,77 |  0,00 | 84,120 | 313,93 | 313,93 |  0,00 | 111,347 | 46,27 | 46,27 | 251,756 |   NaN | NaN | 0,00 | 0,00 | NaN
  21 |  0,00 | 9,048 | 718,13 | 718,13 | 727,60 |  0,00 | 0,856 | 44,35 | 44,35 |  0,00 | 6,596 | 314,49 | 314,49 |  0,00 | 18,861 | 313,01 | 313,01 |  0,00 | 83,611 | 46,27 | 46,27 | 182,621 |   NaN | NaN | 0,00 | 0,00 | NaN
  22 |  0,00 | 29,787 | 734,45 | 734,45 | 744,82 |  0,00 | 0,894 | 44,35 | 44,35 |  0,00 | 15,430 | 326,39 | 326,39 |  0,00 | 83,011 | 317,44 | 317,44 |  0,00 | 126,074 | 46,27 | 46,27 | 271,749 |   NaN | NaN | 0,00 | 0,00 | NaN
  23 |  0,00 | 31,378 | 728,99 | 728,99 | 738,35 |  0,00 | 0,876 | 44,35 | 44,35 |  0,00 | 17,235 | 319,46 | 319,46 |  0,00 | 86,441 | 318,90 | 318,90 |  0,00 | 126,819 | 46,27 | 46,27 | 274,522 |   NaN | NaN | 0,00 | 0,00 | NaN
  24 |  0,00 | 23,455 | 728,81 | 728,81 | 738,14 |  0,00 | 0,838 | 44,35 | 44,35 |  0,00 | 12,770 | 318,28 | 318,28 |  0,00 | 62,269 | 319,90 | 319,90 |  0,00 | 120,898 | 46,27 | 46,27 | 260,069 |   NaN | NaN | 0,00 | 0,00 | NaN
  25 |  0,00 | 12,331 | 734,60 | 734,60 | 745,36 |  0,00 | 0,895 | 44,35 | 44,35 |  0,00 | 8,025 | 318,40 | 318,40 |  0,00 | 27,897 | 325,57 | 325,57 |  0,00 | 96,701 | 46,27 | 46,27 | 210,465 |   NaN | NaN | 0,00 | 0,00 | NaN
  26 |  0,00 | 9,559 | 726,51 | 726,51 | 736,95 |  0,00 | 0,892 | 44,35 | 44,35 |  0,00 | 7,448 | 319,32 | 319,32 |  0,00 | 19,188 | 316,57 | 316,57 |  0,00 | 90,865 | 46,27 | 46,27 | 198,295 |   NaN | NaN | 0,00 | 0,00 | NaN
  27 |  0,00 | 14,960 | 723,93 | 723,93 | 733,39 |  0,00 | 0,818 | 44,35 | 44,35 |  0,00 | 5,853 | 319,07 | 319,07 |  0,00 | 42,323 | 314,24 | 314,24 |  0,00 | 73,674 | 46,27 | 46,27 | 176,143 |   NaN | NaN | 0,00 | 0,00 | NaN
  28 |  0,00 | 32,803 | 722,49 | 722,49 | 732,16 |  0,00 | 0,885 | 44,35 | 44,35 |  0,00 | 15,124 | 318,14 | 318,14 |  0,00 | 94,657 | 313,73 | 313,73 |  0,00 | 126,885 | 46,27 | 46,27 | 274,627 |   NaN | NaN | 0,00 | 0,00 | NaN
  29 |  0,00 | 34,881 | 732,10 | 732,10 | 741,38 |  0,00 | 0,864 | 44,35 | 44,35 |  0,00 | 15,597 | 320,51 | 320,51 |  0,00 | 100,997 | 320,97 | 320,97 |  0,00 | 121,014 | 46,27 | 46,27 | 267,047 |   NaN | NaN | 0,00 | 0,00 | NaN
  30 |  0,00 | 24,824 | 723,82 | 723,82 | 734,47 |  0,00 | 0,894 | 44,35 | 44,35 |  0,00 | 12,847 | 315,72 | 315,72 |  0,00 | 69,127 | 317,48 | 317,48 |  0,00 | 97,418 | 46,27 | 46,27 | 226,527 |   NaN | NaN | 0,00 | 0,00 | NaN
  31 |  0,00 | 32,427 | 726,50 | 726,50 | 735,75 |  0,00 | 0,861 | 44,35 | 44,35 |  0,00 | 15,136 | 320,39 | 320,39 |  0,00 | 93,074 | 315,49 | 315,49 |  0,00 | 126,951 | 46,27 | 46,27 | 274,627 |   NaN | NaN | 0,00 | 0,00 | NaN
  32 |  0,00 | 32,049 | 730,34 | 730,34 | 739,67 |  0,00 | 0,818 | 44,35 | 44,35 |  0,00 | 14,828 | 319,54 | 319,54 |  0,00 | 91,963 | 320,17 | 320,17 |  0,00 | 116,308 | 46,27 | 46,27 | 260,155 |   NaN | NaN | 0,00 | 0,00 | NaN
  33 |  0,00 | 31,994 | 725,61 | 725,61 | 735,33 |  0,00 | 0,883 | 44,35 | 44,35 |  0,00 | 13,188 | 317,10 | 317,10 |  0,00 | 94,401 | 317,88 | 317,88 |  0,00 | 105,902 | 46,27 | 46,27 | 242,737 |   NaN | NaN | 0,00 | 0,00 | NaN
  34 |  0,00 | 7,196 | 724,47 | 724,47 | 734,03 |  0,00 | 0,875 | 44,35 | 44,35 |  0,00 | 3,695 | 318,10 | 318,10 |  0,00 | 17,510 | 315,75 | 315,75 |  0,00 | 49,737 | 46,27 | 46,27 | 128,436 |   NaN | NaN | 0,00 | 0,00 | NaN
  35 |  0,00 | 3,612 | 733,98 | 733,98 | 743,40 |  0,00 | 0,824 | 44,35 | 44,35 |  0,00 | 1,989 | 321,99 | 321,99 |  0,00 | 7,142 | 321,37 | 321,37 |  0,00 | 35,989 | 46,27 | 46,27 | 93,542 |   NaN | NaN | 0,00 | 0,00 | NaN
  36 |  0,00 | 11,284 | 725,57 | 725,57 | 735,25 |  0,00 | 0,877 | 44,35 | 44,35 |  0,00 | 5,899 | 314,83 | 314,83 |  0,00 | 28,879 | 320,12 | 320,12 |  0,00 | 64,684 | 46,27 | 46,27 | 158,846 |   NaN | NaN | 0,00 | 0,00 | NaN
  37 |  0,00 | 29,581 | 733,22 | 733,22 | 742,53 |  0,00 | 0,859 | 44,35 | 44,35 |  0,00 | 14,131 | 322,93 | 322,93 |  0,00 | 83,876 | 319,66 | 319,66 |  0,00 | 116,137 | 46,27 | 46,27 | 259,881 |   NaN | NaN | 0,00 | 0,00 | NaN
  38 |  0,00 | 23,369 | 731,07 | 731,07 | 740,53 |  0,00 | 0,851 | 44,35 | 44,35 |  0,00 | 9,938 | 321,46 | 321,46 |  0,00 | 67,353 | 318,98 | 318,98 |  0,00 | 90,185 | 46,27 | 46,27 | 212,305 |   NaN | NaN | 0,00 | 0,00 | NaN
  39 |  0,00 | 29,072 | 718,46 | 718,46 | 729,00 |  0,00 | 0,894 | 44,35 | 44,35 |  0,00 | 13,849 | 314,99 | 314,99 |  0,00 | 83,596 | 312,85 | 312,85 |  0,00 | 108,237 | 46,27 | 46,27 | 246,526 |   NaN | NaN | 0,00 | 0,00 | NaN
  40 |  0,00 | 15,903 | 720,91 | 720,91 | 731,54 |  0,00 | 0,894 | 44,35 | 44,35 |  0,00 | 7,555 | 317,56 | 317,56 |  0,00 | 43,757 | 312,72 | 312,72 |  0,00 | 77,331 | 46,27 | 46,27 | 183,573 |   NaN | NaN | 0,00 | 0,00 | NaN
  41 |  0,00 | 30,797 | 732,43 | 732,43 | 741,84 |  0,00 | 0,877 | 44,35 | 44,35 |  0,00 | 15,422 | 316,47 | 316,47 |  0,00 | 85,048 | 325,33 | 325,33 |  0,00 | 124,745 | 46,27 | 46,27 | 271,899 |   NaN | NaN | 0,00 | 0,00 | NaN
  42 |  0,00 | 34,914 | 734,19 | 734,19 | 743,46 |  0,00 | 0,823 | 44,35 | 44,35 |  0,00 | 16,093 | 321,21 | 321,21 |  0,00 | 100,449 | 322,36 | 322,36 |  0,00 | 120,834 | 46,27 | 46,27 | 266,781 |   NaN | NaN | 0,00 | 0,00 | NaN
  43 |  0,00 | 32,152 | 736,17 | 736,17 | 746,66 |  0,00 | 0,901 | 44,35 | 44,35 |  0,00 | 13,893 | 323,83 | 323,83 |  0,00 | 93,663 | 321,72 | 321,72 |  0,00 | 109,199 | 46,27 | 46,27 | 247,773 |   NaN | NaN | 0,00 | 0,00 | NaN
  44 |  0,00 | 31,145 | 730,97 | 730,97 | 740,19 |  0,00 | 0,813 | 44,35 | 44,35 |  0,00 | 14,122 | 318,18 | 318,18 |  0,00 | 88,236 | 322,17 | 322,17 |  0,00 | 125,578 | 46,27 | 46,27 | 272,882 |   NaN | NaN | 0,00 | 0,00 | NaN
  45 |  0,00 | 30,311 | 725,32 | 725,32 | 736,08 |  0,00 | 0,898 | 44,35 | 44,35 |  0,00 | 15,891 | 321,61 | 321,61 |  0,00 | 85,296 | 313,09 | 313,09 |  0,00 | 122,260 | 46,27 | 46,27 | 268,753 |   NaN | NaN | 0,00 | 0,00 | NaN
  46 |  0,00 | 29,721 | 727,22 | 727,22 | 736,59 |  0,00 | 0,837 | 44,35 | 44,35 |  0,00 | 12,414 | 316,12 | 316,12 |  0,00 | 86,036 | 320,47 | 320,47 |  0,00 | 110,575 | 46,27 | 46,27 | 250,855 |   NaN | NaN | 0,00 | 0,00 | NaN
  47 |  0,00 | 32,869 | 724,61 | 724,61 | 733,84 |  0,00 | 0,835 | 44,35 | 44,35 |  0,00 | 15,489 | 317,33 | 317,33 |  0,00 | 94,020 | 316,65 | 316,65 |  0,00 | 126,956 | 46,27 | 46,27 | 274,597 |   NaN | NaN | 0,00 | 0,00 | NaN
  48 |  0,00 | 31,477 | 724,45 | 724,45 | 733,71 |  0,00 | 0,864 | 44,35 | 44,35 |  0,00 | 14,543 | 317,36 | 317,36 |  0,00 | 89,925 | 316,46 | 316,46 |  0,00 | 125,669 | 46,27 | 46,27 | 272,980 |   NaN | NaN | 0,00 | 0,00 | NaN
  49 |  0,00 | 33,807 | 724,76 | 724,76 | 734,14 |  0,00 | 0,877 | 44,35 | 44,35 |  0,00 | 18,298 | 317,86 | 317,86 |  0,00 | 94,668 | 316,27 | 316,27 |  0,00 | 127,119 | 46,27 | 46,27 | 274,785 |   NaN | NaN | 0,00 | 0,00 | NaN
  50 |  0,00 | 27,519 | 729,39 | 729,39 | 738,80 |  0,00 | 0,831 | 44,35 | 44,35 |  0,00 | 12,811 | 321,04 | 321,04 |  0,00 | 78,571 | 317,72 | 317,72 |  0,00 | 107,425 | 46,27 | 46,27 | 245,273 |   NaN | NaN | 0,00 | 0,00 | NaN
  51 |  0,00 | 33,366 | 728,63 | 728,63 | 737,85 |  0,00 | 0,829 | 44,35 | 44,35 |  0,00 | 15,308 | 318,16 | 318,16 |  0,00 | 95,587 | 319,84 | 319,84 |  0,00 | 124,817 | 46,27 | 46,27 | 272,043 |   NaN | NaN | 0,00 | 0,00 | NaN
  52 |  0,00 | 30,215 | 728,96 | 728,96 | 738,22 |  0,00 | 0,855 | 44,35 | 44,35 |  0,00 | 15,296 | 315,76 | 315,76 |  0,00 | 83,615 | 322,57 | 322,57 |  0,00 | 123,406 | 46,27 | 46,27 | 270,171 |   NaN | NaN | 0,00 | 0,00 | NaN
  53 |  0,00 | 30,360 | 729,14 | 729,14 | 738,49 |  0,00 | 0,843 | 44,35 | 44,35 |  0,00 | 14,945 | 321,17 | 321,17 |  0,00 | 86,321 | 317,35 | 317,35 |  0,00 | 114,798 | 46,27 | 46,27 | 257,821 |   NaN | NaN | 0,00 | 0,00 | NaN
  54 |  0,00 | 31,476 | 722,35 | 722,35 | 731,59 |  0,00 | 0,845 | 44,35 | 44,35 |  0,00 | 14,612 | 317,79 | 317,79 |  0,00 | 90,649 | 313,93 | 313,93 |  0,00 | 122,268 | 46,27 | 46,27 | 268,653 |   NaN | NaN | 0,00 | 0,00 | NaN
  55 |  0,00 | 20,745 | 723,07 | 723,07 | 732,50 |  0,00 | 0,830 | 44,35 | 44,35 |  0,00 | 9,572 | 315,11 | 315,11 |  0,00 | 58,111 | 317,33 | 317,33 |  0,00 | 90,189 | 46,27 | 46,27 | 212,608 |   NaN | NaN | 0,00 | 0,00 | NaN
  56 |  0,00 | 33,847 | 722,23 | 722,23 | 731,46 |  0,00 | 0,836 | 44,35 | 44,35 |  0,00 | 16,244 | 316,26 | 316,26 |  0,00 | 97,170 | 315,34 | 315,34 |  0,00 | 125,393 | 46,27 | 46,27 | 272,661 |   NaN | NaN | 0,00 | 0,00 | NaN
  57 |  0,00 | 29,117 | 726,18 | 726,18 | 735,42 |  0,00 | 0,833 | 44,35 | 44,35 |  0,00 | 15,410 | 317,34 | 317,34 |  0,00 | 80,083 | 318,21 | 318,21 |  0,00 | 126,785 | 46,27 | 46,27 | 274,383 |   NaN | NaN | 0,00 | 0,00 | NaN
  58 |  0,00 | 30,476 | 729,02 | 729,02 | 738,26 |  0,00 | 0,862 | 44,35 | 44,35 |  0,00 | 16,812 | 320,18 | 320,18 |  0,00 | 83,752 | 318,22 | 318,22 |  0,00 | 126,629 | 46,27 | 46,27 | 274,122 |   NaN | NaN | 0,00 | 0,00 | NaN
  59 |  0,00 | 7,768 | 732,54 | 732,54 | 742,29 |  0,00 | 0,881 | 44,35 | 44,35 |  0,00 | 3,764 | 317,42 | 317,42 |  0,00 | 18,972 | 324,49 | 324,49 |  0,00 | 52,912 | 46,27 | 46,27 | 135,353 |   NaN | NaN | 0,00 | 0,00 | NaN
  60 |  0,00 | 30,420 | 727,04 | 727,04 | 736,29 |  0,00 | 0,816 | 44,35 | 44,35 |  0,00 | 14,935 | 318,63 | 318,63 |  0,00 | 85,666 | 317,79 | 317,79 |  0,00 | 124,620 | 46,27 | 46,27 | 271,718 |   NaN | NaN | 0,00 | 0,00 | NaN
  61 |  0,00 | 31,591 | 731,80 | 731,80 | 741,17 |  0,00 | 0,838 | 44,35 | 44,35 |  0,00 | 14,314 | 320,48 | 320,48 |  0,00 | 90,968 | 320,70 | 320,70 |  0,00 | 113,190 | 46,27 | 46,27 | 255,243 |   NaN | NaN | 0,00 | 0,00 | NaN
  62 |  0,00 | 31,826 | 731,23 | 731,23 | 742,16 |  0,00 | 0,900 | 44,35 | 44,35 |  0,00 | 17,130 | 319,66 | 319,66 |  0,00 | 87,891 | 320,95 | 320,95 |  0,00 | 125,657 | 46,27 | 46,27 | 272,862 |   NaN | NaN | 0,00 | 0,00 | NaN
  63 |  0,00 | 25,631 | 728,96 | 728,96 | 738,40 |  0,00 | 0,855 | 44,35 | 44,35 |  0,00 | 11,417 | 320,66 | 320,66 |  0,00 | 73,889 | 317,68 | 317,68 |  0,00 | 95,866 | 46,27 | 46,27 | 223,840 |   NaN | NaN | 0,00 | 0,00 | NaN
  64 |  0,00 | 28,679 | 722,91 | 722,91 | 733,81 |  0,00 | 0,898 | 44,35 | 44,35 |  0,00 | 13,266 | 316,42 | 316,42 |  0,00 | 81,215 | 315,86 | 315,86 |  0,00 | 122,282 | 46,27 | 46,27 | 268,919 |   NaN | NaN | 0,00 | 0,00 | NaN

= = = = = = = = = = = = AVERAGE RESULTS system = = = = = = = = = = = =
meanPLR_system | 0,000000 
meanDelay_system | 24,221724 
meanLoad_system | 727,768256 
meanTHR_system | 727,768256 
meanGate_system | 737,417360 

meanPLR_EF_system | 0,000000 
meanPLR_AF_system | 0,000000 
meanPLR_BE_system | 0,000000 
meanPLR_FLA_system | 0,000000 
meanPLR_FLB_system | NaN 

meanTHR_EF_system | 44,352004 
meanTHR_AF_system | 318,831176 
meanTHR_BE_system | 318,311363 
meanTHR_FLA_system | 47,134304 
meanTHR_FLB_system | 0,000000 

meanLoad_EF_system | 44,352004 
meanLoad_AF_system | 318,831176 
meanLoad_BE_system | 318,311363 
meanLoad_FLA_system | 47,134304 
meanLoad_FLB_system | 0,000000 

meanDELAY_EF_system | 0,859956 
meanDELAY_AF_system | 12,333246 
meanDELAY_BE_system | 66,714032 
meanDELAY_FLA_system | 107,677640 
meanDELAY_FLB_system | NaN 
meanDELAY_CompleteFLA_system | 238,640574 
meanDELAY_CompleteFLB_system | NaN 

= = = = = = = = = = = = AVERAGE RESULTS = = = = = = = = = = = =
Packet Loss Ratio: 00,00 (%)
PROCESSED PACKAGES: 1925558940 
DISCARTED PACKAGES: 0 
TOTAL PACKAGES: 1925558940 
AVERAGE DELAY: 4435,08 (ms) 
AVERAGE THROUGHPUT: 727,77 (Mbps) 
GRANTED THROUGHPUT: 47194,71 (Mbps) By 64 ONUs
EFFECTIVE THROUGHPUT: 46577,17 (Mbps) By 64 ONUs
TOTAL LOAD: 46577,17 (Mbps) By 64 ONUs
ON Arrival THROUGHPUT: 0,00 (Mbps) By 64 ONUs
FINISHTIMEFL: 161,309266 
FINISHTIME: 164,309266 


fileName | IPACT_STRICTPRIORITY_3_36_85_0 
