
ONU ID 	|  PLR(%) | Delay(ms) | Throughput(Mbps) | Granted Throughput(Mbps) | Total Load (Mbps) 

  ID |  PLR(%) |  D  | Thr |  Gates  |  Load  | PLR-EF | D-EF | ThrEF | LoadEF | PLR-AF | D-AF | ThrAF | LoadAF | PLR-BE | D-BE | ThrBE | LoadBE | PLR-FA | D-FA | ThrFA | LoadFA | DTFA |  PLR-FB | D-FB | ThrFB | LoadFB | DTFB | 
   1 |  0,00 | 38,406 | 745,86 | 745,86 | 751,75 |  0,00 | 1,178 | 44,35 | 44,35 |  0,00 | 20,468 | 324,84 | 324,84 |  0,00 | 107,498 | 313,33 | 313,33 |  0,00 | 126,438 | 63,33 | 63,33 | 272,199 |   NaN | NaN | 0,00 | 0,00 | NaN
   2 |  0,00 | 53,160 | 746,64 | 746,64 | 753,10 |  0,00 | 1,190 | 44,35 | 44,35 |  0,00 | 24,277 | 319,53 | 319,53 |  0,00 | 155,898 | 319,43 | 319,43 |  0,00 | 131,186 | 63,33 | 63,33 | 282,399 |   NaN | NaN | 0,00 | 0,00 | NaN
   3 |  0,00 | 52,332 | 746,71 | 746,71 | 752,57 |  0,00 | 1,126 | 44,35 | 44,35 |  0,00 | 23,990 | 319,57 | 319,57 |  0,00 | 153,259 | 319,46 | 319,46 |  0,00 | 131,101 | 63,33 | 63,33 | 282,247 |   NaN | NaN | 0,00 | 0,00 | NaN
   4 |  0,00 | 34,612 | 752,04 | 752,04 | 757,77 |  0,00 | 1,132 | 44,35 | 44,35 |  0,00 | 19,110 | 325,56 | 325,56 |  0,00 | 93,855 | 318,80 | 318,80 |  0,00 | 125,218 | 63,33 | 63,33 | 269,298 |   NaN | NaN | 0,00 | 0,00 | NaN
   5 |  0,00 | 60,426 | 743,62 | 743,62 | 749,44 |  0,00 | 1,157 | 44,35 | 44,35 |  0,00 | 24,955 | 318,56 | 318,56 |  0,00 | 182,801 | 317,38 | 317,38 |  0,00 | 130,536 | 63,33 | 63,33 | 281,365 |   NaN | NaN | 0,00 | 0,00 | NaN
   6 |  0,00 | 57,460 | 750,32 | 750,32 | 756,16 |  0,00 | 1,106 | 44,35 | 44,35 |  0,00 | 24,086 | 322,17 | 322,17 |  0,00 | 172,012 | 320,47 | 320,47 |  0,00 | 130,820 | 63,33 | 63,33 | 282,190 |   NaN | NaN | 0,00 | 0,00 | NaN
   7 |  0,00 | 43,171 | 746,83 | 746,83 | 752,56 |  0,00 | 1,124 | 44,35 | 44,35 |  0,00 | 21,952 | 320,69 | 320,69 |  0,00 | 122,167 | 318,44 | 318,44 |  0,00 | 127,987 | 63,33 | 63,33 | 275,596 |   NaN | NaN | 0,00 | 0,00 | NaN
   8 |  0,00 | 55,980 | 749,14 | 749,14 | 755,16 |  0,00 | 1,174 | 44,35 | 44,35 |  0,00 | 23,943 | 318,26 | 318,26 |  0,00 | 165,220 | 323,19 | 323,19 |  0,00 | 131,457 | 63,33 | 63,33 | 282,753 |   NaN | NaN | 0,00 | 0,00 | NaN
   9 |  0,00 | 48,492 | 748,61 | 748,61 | 754,38 |  0,00 | 1,114 | 44,35 | 44,35 |  0,00 | 22,806 | 322,80 | 322,80 |  0,00 | 141,093 | 318,12 | 318,12 |  0,00 | 129,616 | 63,33 | 63,33 | 278,426 |   NaN | NaN | 0,00 | 0,00 | NaN
  10 |  0,00 | 36,834 | 746,53 | 746,53 | 752,40 |  0,00 | 1,175 | 44,35 | 44,35 |  0,00 | 18,686 | 319,86 | 319,86 |  0,00 | 102,023 | 318,98 | 318,98 |  0,00 | 125,906 | 63,33 | 63,33 | 270,889 |   NaN | NaN | 0,00 | 0,00 | NaN
  11 |  0,00 | 51,109 | 740,42 | 740,42 | 746,16 |  0,00 | 1,115 | 44,35 | 44,35 |  0,00 | 19,873 | 313,20 | 313,20 |  0,00 | 153,296 | 319,53 | 319,53 |  0,00 | 120,613 | 63,33 | 63,33 | 267,512 |   NaN | NaN | 0,00 | 0,00 | NaN
  12 |  0,00 | 54,019 | 746,38 | 746,38 | 752,38 |  0,00 | 1,177 | 44,35 | 44,35 |  0,00 | 25,148 | 319,80 | 319,80 |  0,00 | 158,453 | 318,90 | 318,90 |  0,00 | 130,856 | 63,33 | 63,33 | 282,163 |   NaN | NaN | 0,00 | 0,00 | NaN
  13 |  0,00 | 50,697 | 736,49 | 736,49 | 742,39 |  0,00 | 1,142 | 44,35 | 44,35 |  0,00 | 23,822 | 314,48 | 314,48 |  0,00 | 148,455 | 314,33 | 314,33 |  0,00 | 131,320 | 63,33 | 63,33 | 282,409 |   NaN | NaN | 0,00 | 0,00 | NaN
  14 |  0,00 | 56,309 | 748,61 | 748,61 | 754,73 |  0,00 | 1,183 | 44,35 | 44,35 |  0,00 | 23,220 | 320,67 | 320,67 |  0,00 | 168,480 | 320,25 | 320,25 |  0,00 | 130,665 | 63,33 | 63,33 | 281,520 |   NaN | NaN | 0,00 | 0,00 | NaN
  15 |  0,00 | 42,166 | 742,17 | 742,17 | 748,07 |  0,00 | 1,177 | 44,35 | 44,35 |  0,00 | 19,969 | 314,71 | 314,71 |  0,00 | 119,654 | 319,78 | 319,78 |  0,00 | 127,950 | 63,33 | 63,33 | 275,239 |   NaN | NaN | 0,00 | 0,00 | NaN
  16 |  0,00 | 46,148 | 750,77 | 750,77 | 756,64 |  0,00 | 1,168 | 44,35 | 44,35 |  0,00 | 21,193 | 319,70 | 319,70 |  0,00 | 132,189 | 323,39 | 323,39 |  0,00 | 130,558 | 63,33 | 63,33 | 280,479 |   NaN | NaN | 0,00 | 0,00 | NaN
  17 |  0,00 | 52,650 | 749,80 | 749,80 | 755,88 |  0,00 | 1,181 | 44,35 | 44,35 |  0,00 | 22,853 | 320,54 | 320,54 |  0,00 | 154,946 | 321,57 | 321,57 |  0,00 | 130,327 | 63,33 | 63,33 | 279,854 |   NaN | NaN | 0,00 | 0,00 | NaN
  18 |  0,00 | 34,216 | 745,99 | 745,99 | 751,93 |  0,00 | 1,158 | 44,35 | 44,35 |  0,00 | 13,776 | 317,66 | 317,66 |  0,00 | 100,557 | 320,64 | 320,64 |  0,00 | 90,830 | 63,33 | 63,33 | 216,695 |   NaN | NaN | 0,00 | 0,00 | NaN
  19 |  0,00 | 55,263 | 739,17 | 739,17 | 744,96 |  0,00 | 1,149 | 44,35 | 44,35 |  0,00 | 23,126 | 314,61 | 314,61 |  0,00 | 165,398 | 316,88 | 316,88 |  0,00 | 129,512 | 63,33 | 63,33 | 279,446 |   NaN | NaN | 0,00 | 0,00 | NaN
  20 |  0,00 | 44,262 | 741,58 | 741,58 | 747,35 |  0,00 | 1,144 | 44,35 | 44,35 |  0,00 | 20,876 | 321,09 | 321,09 |  0,00 | 129,977 | 312,80 | 312,80 |  0,00 | 116,709 | 63,33 | 63,33 | 262,075 |   NaN | NaN | 0,00 | 0,00 | NaN
  21 |  0,00 | 39,182 | 736,76 | 736,76 | 742,52 |  0,00 | 1,149 | 44,35 | 44,35 |  0,00 | 22,348 | 315,18 | 315,18 |  0,00 | 107,779 | 313,89 | 313,89 |  0,00 | 127,055 | 63,33 | 63,33 | 273,674 |   NaN | NaN | 0,00 | 0,00 | NaN
  22 |  0,00 | 62,126 | 752,14 | 752,14 | 758,44 |  0,00 | 1,187 | 44,35 | 44,35 |  0,00 | 24,044 | 327,11 | 327,11 |  0,00 | 190,999 | 317,34 | 317,34 |  0,00 | 130,538 | 63,33 | 63,33 | 281,375 |   NaN | NaN | 0,00 | 0,00 | NaN
  23 |  0,00 | 56,245 | 749,51 | 749,51 | 755,28 |  0,00 | 1,169 | 44,35 | 44,35 |  0,00 | 20,470 | 322,52 | 322,52 |  0,00 | 171,824 | 319,30 | 319,30 |  0,00 | 128,207 | 63,33 | 63,33 | 277,495 |   NaN | NaN | 0,00 | 0,00 | NaN
  24 |  0,00 | 54,348 | 745,90 | 745,90 | 751,77 |  0,00 | 1,131 | 44,35 | 44,35 |  0,00 | 23,491 | 318,31 | 318,31 |  0,00 | 160,901 | 319,90 | 319,90 |  0,00 | 131,262 | 63,33 | 63,33 | 282,355 |   NaN | NaN | 0,00 | 0,00 | NaN
  25 |  0,00 | 47,891 | 752,97 | 752,97 | 759,25 |  0,00 | 1,188 | 44,35 | 44,35 |  0,00 | 22,765 | 318,69 | 318,69 |  0,00 | 136,280 | 326,60 | 326,60 |  0,00 | 128,261 | 63,33 | 63,33 | 276,293 |   NaN | NaN | 0,00 | 0,00 | NaN
  26 |  0,00 | 40,453 | 743,42 | 743,42 | 749,61 |  0,00 | 1,185 | 44,35 | 44,35 |  0,00 | 23,707 | 317,57 | 317,57 |  0,00 | 110,177 | 318,16 | 318,16 |  0,00 | 127,813 | 63,33 | 63,33 | 275,317 |   NaN | NaN | 0,00 | 0,00 | NaN
  27 |  0,00 | 30,333 | 742,25 | 742,25 | 748,21 |  0,00 | 1,111 | 44,35 | 44,35 |  0,00 | 12,212 | 319,56 | 319,56 |  0,00 | 89,833 | 315,00 | 315,00 |  0,00 | 83,550 | 63,33 | 63,33 | 202,198 |   NaN | NaN | 0,00 | 0,00 | NaN
  28 |  0,00 | 50,392 | 739,60 | 739,60 | 745,50 |  0,00 | 1,178 | 44,35 | 44,35 |  0,00 | 21,876 | 318,57 | 318,57 |  0,00 | 150,247 | 313,34 | 313,34 |  0,00 | 127,936 | 63,33 | 63,33 | 277,163 |   NaN | NaN | 0,00 | 0,00 | NaN
  29 |  0,00 | 57,081 | 750,38 | 750,38 | 756,11 |  0,00 | 1,157 | 44,35 | 44,35 |  0,00 | 21,770 | 322,24 | 322,24 |  0,00 | 173,699 | 320,46 | 320,46 |  0,00 | 122,988 | 63,33 | 63,33 | 270,540 |   NaN | NaN | 0,00 | 0,00 | NaN
  30 |  0,00 | 46,535 | 740,87 | 740,87 | 747,23 |  0,00 | 1,187 | 44,35 | 44,35 |  0,00 | 17,804 | 316,55 | 316,55 |  0,00 | 141,006 | 316,64 | 316,64 |  0,00 | 107,245 | 63,33 | 63,33 | 247,330 |   NaN | NaN | 0,00 | 0,00 | NaN
  31 |  0,00 | 55,806 | 743,04 | 743,04 | 748,74 |  0,00 | 1,154 | 44,35 | 44,35 |  0,00 | 21,172 | 317,43 | 317,43 |  0,00 | 169,408 | 317,93 | 317,93 |  0,00 | 128,042 | 63,33 | 63,33 | 277,272 |   NaN | NaN | 0,00 | 0,00 | NaN
  32 |  0,00 | 52,441 | 744,65 | 744,65 | 750,39 |  0,00 | 1,110 | 44,35 | 44,35 |  0,00 | 19,906 | 318,33 | 318,33 |  0,00 | 159,080 | 318,63 | 318,63 |  0,00 | 119,716 | 63,33 | 63,33 | 266,379 |   NaN | NaN | 0,00 | 0,00 | NaN
  33 |  0,00 | 50,985 | 740,34 | 740,34 | 746,30 |  0,00 | 1,176 | 44,35 | 44,35 |  0,00 | 18,023 | 315,01 | 315,01 |  0,00 | 156,145 | 317,64 | 317,64 |  0,00 | 113,360 | 63,33 | 63,33 | 257,119 |   NaN | NaN | 0,00 | 0,00 | NaN
  34 |  0,00 | 18,831 | 738,83 | 738,83 | 744,85 |  0,00 | 1,167 | 44,35 | 44,35 |  0,00 | 7,995 | 318,25 | 318,25 |  0,00 | 53,555 | 312,89 | 312,89 |  0,00 | 63,153 | 63,33 | 63,33 | 159,098 |   NaN | NaN | 0,00 | 0,00 | NaN
  35 |  0,00 | 11,758 | 749,55 | 749,55 | 755,52 |  0,00 | 1,117 | 44,35 | 44,35 |  0,00 | 4,502 | 320,80 | 320,80 |  0,00 | 32,045 | 321,07 | 321,07 |  0,00 | 46,929 | 63,33 | 63,33 | 117,153 |   NaN | NaN | 0,00 | 0,00 | NaN
  36 |  0,00 | 26,196 | 739,42 | 739,42 | 745,46 |  0,00 | 1,170 | 44,35 | 44,35 |  0,00 | 10,368 | 313,00 | 313,00 |  0,00 | 76,123 | 318,73 | 318,73 |  0,00 | 75,604 | 63,33 | 63,33 | 185,391 |   NaN | NaN | 0,00 | 0,00 | NaN
  37 |  0,00 | 56,098 | 751,09 | 751,09 | 756,83 |  0,00 | 1,152 | 44,35 | 44,35 |  0,00 | 22,291 | 323,94 | 323,94 |  0,00 | 170,325 | 319,47 | 319,47 |  0,00 | 121,024 | 63,33 | 63,33 | 268,004 |   NaN | NaN | 0,00 | 0,00 | NaN
  38 |  0,00 | 39,742 | 743,92 | 743,92 | 749,81 |  0,00 | 1,144 | 44,35 | 44,35 |  0,00 | 16,066 | 319,28 | 319,28 |  0,00 | 118,505 | 316,95 | 316,95 |  0,00 | 100,831 | 63,33 | 63,33 | 235,900 |   NaN | NaN | 0,00 | 0,00 | NaN
  39 |  0,00 | 42,436 | 736,99 | 736,99 | 743,29 |  0,00 | 1,187 | 44,35 | 44,35 |  0,00 | 20,180 | 315,36 | 315,36 |  0,00 | 123,216 | 313,94 | 313,94 |  0,00 | 115,402 | 63,33 | 63,33 | 259,929 |   NaN | NaN | 0,00 | 0,00 | NaN
  40 |  0,00 | 34,037 | 736,33 | 736,33 | 742,82 |  0,00 | 1,187 | 44,35 | 44,35 |  0,00 | 13,027 | 315,48 | 315,48 |  0,00 | 102,527 | 313,16 | 313,16 |  0,00 | 85,909 | 63,33 | 63,33 | 206,498 |   NaN | NaN | 0,00 | 0,00 | NaN
  41 |  0,00 | 56,591 | 747,69 | 747,69 | 753,48 |  0,00 | 1,170 | 44,35 | 44,35 |  0,00 | 22,404 | 316,78 | 316,78 |  0,00 | 169,334 | 323,22 | 323,22 |  0,00 | 126,481 | 63,33 | 63,33 | 275,203 |   NaN | NaN | 0,00 | 0,00 | NaN
  42 |  0,00 | 53,326 | 749,32 | 749,32 | 755,01 |  0,00 | 1,116 | 44,35 | 44,35 |  0,00 | 22,114 | 320,80 | 320,80 |  0,00 | 159,132 | 320,83 | 320,83 |  0,00 | 124,544 | 63,33 | 63,33 | 272,760 |   NaN | NaN | 0,00 | 0,00 | NaN
  43 |  0,00 | 50,472 | 750,62 | 750,62 | 756,89 |  0,00 | 1,194 | 44,35 | 44,35 |  0,00 | 20,562 | 321,31 | 321,31 |  0,00 | 151,023 | 321,62 | 321,62 |  0,00 | 114,213 | 63,33 | 63,33 | 258,336 |   NaN | NaN | 0,00 | 0,00 | NaN
  44 |  0,00 | 58,192 | 751,05 | 751,05 | 756,76 |  0,00 | 1,106 | 44,35 | 44,35 |  0,00 | 24,429 | 319,38 | 319,38 |  0,00 | 173,181 | 323,98 | 323,98 |  0,00 | 127,188 | 63,33 | 63,33 | 276,209 |   NaN | NaN | 0,00 | 0,00 | NaN
  45 |  0,00 | 50,444 | 747,74 | 747,74 | 754,08 |  0,00 | 1,191 | 44,35 | 44,35 |  0,00 | 22,535 | 325,16 | 325,16 |  0,00 | 150,167 | 314,89 | 314,89 |  0,00 | 125,391 | 63,33 | 63,33 | 273,786 |   NaN | NaN | 0,00 | 0,00 | NaN
  46 |  0,00 | 49,445 | 743,80 | 743,80 | 749,58 |  0,00 | 1,130 | 44,35 | 44,35 |  0,00 | 18,511 | 314,65 | 314,65 |  0,00 | 148,463 | 321,46 | 321,46 |  0,00 | 116,807 | 63,33 | 63,33 | 262,132 |   NaN | NaN | 0,00 | 0,00 | NaN
  47 |  0,00 | 55,108 | 740,08 | 740,08 | 745,78 |  0,00 | 1,128 | 44,35 | 44,35 |  0,00 | 21,886 | 318,39 | 318,39 |  0,00 | 167,729 | 314,01 | 314,01 |  0,00 | 127,826 | 63,33 | 63,33 | 276,977 |   NaN | NaN | 0,00 | 0,00 | NaN
  48 |  0,00 | 52,800 | 739,50 | 739,50 | 745,21 |  0,00 | 1,157 | 44,35 | 44,35 |  0,00 | 20,213 | 315,59 | 315,59 |  0,00 | 159,737 | 316,23 | 316,23 |  0,00 | 127,385 | 63,33 | 63,33 | 276,471 |   NaN | NaN | 0,00 | 0,00 | NaN
  49 |  0,00 | 52,934 | 739,12 | 739,12 | 744,93 |  0,00 | 1,170 | 44,35 | 44,35 |  0,00 | 22,871 | 317,12 | 317,12 |  0,00 | 158,286 | 314,32 | 314,32 |  0,00 | 128,223 | 63,33 | 63,33 | 277,491 |   NaN | NaN | 0,00 | 0,00 | NaN
  50 |  0,00 | 53,613 | 744,28 | 744,28 | 750,10 |  0,00 | 1,124 | 44,35 | 44,35 |  0,00 | 20,560 | 319,48 | 319,48 |  0,00 | 163,982 | 317,11 | 317,11 |  0,00 | 113,891 | 63,33 | 63,33 | 258,012 |   NaN | NaN | 0,00 | 0,00 | NaN
  51 |  0,00 | 50,736 | 744,88 | 744,88 | 750,59 |  0,00 | 1,122 | 44,35 | 44,35 |  0,00 | 21,315 | 318,16 | 318,16 |  0,00 | 150,486 | 319,03 | 319,03 |  0,00 | 126,400 | 63,33 | 63,33 | 275,119 |   NaN | NaN | 0,00 | 0,00 | NaN
  52 |  0,00 | 46,662 | 743,59 | 743,59 | 749,29 |  0,00 | 1,148 | 44,35 | 44,35 |  0,00 | 17,277 | 314,21 | 314,21 |  0,00 | 138,502 | 321,69 | 321,69 |  0,00 | 125,057 | 63,33 | 63,33 | 273,321 |   NaN | NaN | 0,00 | 0,00 | NaN
  53 |  0,00 | 48,012 | 744,23 | 744,23 | 749,97 |  0,00 | 1,136 | 44,35 | 44,35 |  0,00 | 20,825 | 318,11 | 318,11 |  0,00 | 141,766 | 318,44 | 318,44 |  0,00 | 120,300 | 63,33 | 63,33 | 267,110 |   NaN | NaN | 0,00 | 0,00 | NaN
  54 |  0,00 | 53,570 | 739,21 | 739,21 | 744,93 |  0,00 | 1,138 | 44,35 | 44,35 |  0,00 | 22,007 | 317,98 | 317,98 |  0,00 | 162,243 | 313,55 | 313,55 |  0,00 | 124,953 | 63,33 | 63,33 | 273,324 |   NaN | NaN | 0,00 | 0,00 | NaN
  55 |  0,00 | 42,401 | 744,08 | 744,08 | 749,97 |  0,00 | 1,123 | 44,35 | 44,35 |  0,00 | 17,850 | 317,70 | 317,70 |  0,00 | 125,829 | 318,69 | 318,69 |  0,00 | 102,665 | 63,33 | 63,33 | 239,273 |   NaN | NaN | 0,00 | 0,00 | NaN
  56 |  0,00 | 54,270 | 738,09 | 738,09 | 743,81 |  0,00 | 1,129 | 44,35 | 44,35 |  0,00 | 23,448 | 316,55 | 316,55 |  0,00 | 162,966 | 313,85 | 313,85 |  0,00 | 127,048 | 63,33 | 63,33 | 275,979 |   NaN | NaN | 0,00 | 0,00 | NaN
  57 |  0,00 | 55,421 | 743,42 | 743,42 | 749,11 |  0,00 | 1,126 | 44,35 | 44,35 |  0,00 | 21,986 | 317,01 | 317,01 |  0,00 | 166,938 | 318,72 | 318,72 |  0,00 | 128,078 | 63,33 | 63,33 | 277,249 |   NaN | NaN | 0,00 | 0,00 | NaN
  58 |  0,00 | 58,130 | 745,38 | 745,38 | 751,10 |  0,00 | 1,155 | 44,35 | 44,35 |  0,00 | 22,355 | 320,68 | 320,68 |  0,00 | 177,549 | 317,02 | 317,02 |  0,00 | 128,196 | 63,33 | 63,33 | 277,530 |   NaN | NaN | 0,00 | 0,00 | NaN
  59 |  0,00 | 22,912 | 749,16 | 749,16 | 755,26 |  0,00 | 1,174 | 44,35 | 44,35 |  0,00 | 7,740 | 317,89 | 317,89 |  0,00 | 67,064 | 323,59 | 323,59 |  0,00 | 67,443 | 63,33 | 63,33 | 167,600 |   NaN | NaN | 0,00 | 0,00 | NaN
  60 |  0,00 | 51,768 | 746,02 | 746,02 | 751,71 |  0,00 | 1,109 | 44,35 | 44,35 |  0,00 | 24,287 | 320,17 | 320,17 |  0,00 | 151,894 | 318,17 | 318,17 |  0,00 | 126,223 | 63,33 | 63,33 | 274,831 |   NaN | NaN | 0,00 | 0,00 | NaN
  61 |  0,00 | 53,396 | 748,48 | 748,48 | 754,24 |  0,00 | 1,131 | 44,35 | 44,35 |  0,00 | 20,717 | 319,96 | 319,96 |  0,00 | 161,214 | 320,83 | 320,83 |  0,00 | 119,545 | 63,33 | 63,33 | 265,965 |   NaN | NaN | 0,00 | 0,00 | NaN
  62 |  0,00 | 58,955 | 747,56 | 747,56 | 753,96 |  0,00 | 1,193 | 44,35 | 44,35 |  0,00 | 22,392 | 317,92 | 317,92 |  0,00 | 178,439 | 321,96 | 321,96 |  0,00 | 127,298 | 63,33 | 63,33 | 276,282 |   NaN | NaN | 0,00 | 0,00 | NaN
  63 |  0,00 | 48,814 | 746,90 | 746,90 | 752,75 |  0,00 | 1,148 | 44,35 | 44,35 |  0,00 | 20,082 | 322,19 | 322,19 |  0,00 | 147,823 | 317,02 | 317,02 |  0,00 | 105,780 | 63,33 | 63,33 | 245,194 |   NaN | NaN | 0,00 | 0,00 | NaN
  64 |  0,00 | 47,558 | 736,79 | 736,79 | 743,21 |  0,00 | 1,191 | 44,35 | 44,35 |  0,00 | 23,147 | 315,55 | 315,55 |  0,00 | 138,457 | 313,55 | 313,55 |  0,00 | 124,835 | 63,33 | 63,33 | 273,002 |   NaN | NaN | 0,00 | 0,00 | NaN

= = = = = = = = = = = = AVERAGE RESULTS system = = = = = = = = = = = =
meanPLR_system | 0,000000 
meanDelay_system | 47,908652 
meanLoad_system | 744,791006 
meanTHR_system | 744,791006 
meanGate_system | 750,710713 

meanPLR_EF_system | 0,000000 
meanPLR_AF_system | 0,000000 
meanPLR_BE_system | 0,000000 
meanPLR_FLA_system | 0,000000 
meanPLR_FLB_system | NaN 

meanTHR_EF_system | 44,352004 
meanTHR_AF_system | 318,815616 
meanTHR_BE_system | 318,288396 
meanTHR_FLA_system | 64,792240 
meanTHR_FLB_system | 0,000000 

meanLoad_EF_system | 44,352004 
meanLoad_AF_system | 318,815616 
meanLoad_BE_system | 318,288396 
meanLoad_FLA_system | 64,792240 
meanLoad_FLB_system | 0,000000 

meanDELAY_EF_system | 1,152827 
meanDELAY_AF_system | 20,369698 
meanDELAY_BE_system | 142,079809 
meanDELAY_FLA_system | 118,753047 
meanDELAY_FLB_system | NaN 
meanDELAY_CompleteFLA_system | 261,724958 
meanDELAY_CompleteFLB_system | NaN 

= = = = = = = = = = = = AVERAGE RESULTS = = = = = = = = = = = =
Packet Loss Ratio: 00,00 (%)
PROCESSED PACKAGES: 1575245781 
DISCARTED PACKAGES: 0 
TOTAL PACKAGES: 1575245781 
AVERAGE DELAY: 8841,60 (ms) 
AVERAGE THROUGHPUT: 744,79 (Mbps) 
GRANTED THROUGHPUT: 48045,49 (Mbps) By 64 ONUs
EFFECTIVE THROUGHPUT: 47666,62 (Mbps) By 64 ONUs
TOTAL LOAD: 47666,62 (Mbps) By 64 ONUs
ON Arrival THROUGHPUT: 0,00 (Mbps) By 64 ONUs
FINISHTIMEFL: 130,385985 
FINISHTIME: 133,385985 


fileName | IPACT_STRICTPRIORITY_2_40_85_0 
