
ONU ID 	|  PLR(%) | Delay(ms) | Throughput(Mbps) | Granted Throughput(Mbps) | Total Load (Mbps) 

  ID |  PLR(%) |  D  | Thr |  Gates  |  Load  | PLR-EF | D-EF | ThrEF | LoadEF | PLR-AF | D-AF | ThrAF | LoadAF | PLR-BE | D-BE | ThrBE | LoadBE | PLR-FA | D-FA | ThrFA | LoadFA | DTFA |  PLR-FB | D-FB | ThrFB | LoadFB | DTFB | 
   1 |  1,47 | 202,492 | 755,80 | 767,06 | 760,12 |  0,00 | 1,397 | 44,35 | 44,35 |  0,00 | 4,934 | 350,35 | 350,35 |  3,26 | 710,164 | 333,74 | 344,99 |  0,00 | 282,829 | 27,36 | 27,36 | 585,696 |   NaN | NaN | 0,00 | 0,00 | NaN
   2 |  1,36 | 179,584 | 752,98 | 763,37 | 757,36 |  0,00 | 1,409 | 44,35 | 44,35 |  0,00 | 2,086 | 348,19 | 348,19 |  3,02 | 592,555 | 333,08 | 343,46 |  0,00 | 1149,562 | 27,36 | 27,36 | 2320,679 |   NaN | NaN | 0,00 | 0,00 | NaN
   3 |  0,84 | 174,493 | 751,87 | 758,21 | 756,19 |  0,00 | 1,346 | 44,35 | 44,35 |  0,00 | 1,837 | 342,55 | 342,55 |  1,84 | 569,387 | 337,61 | 343,95 |  0,00 | 1079,958 | 27,36 | 27,36 | 2181,449 |   NaN | NaN | 0,00 | 0,00 | NaN
   4 |  1,31 | 195,870 | 756,96 | 767,04 | 761,34 |  0,00 | 1,351 | 44,35 | 44,35 |  0,00 | 10,209 | 349,37 | 349,37 |  2,91 | 681,976 | 335,88 | 345,96 |  0,00 | 173,856 | 27,36 | 27,36 | 367,952 |   NaN | NaN | 0,00 | 0,00 | NaN
   5 |  0,60 | 156,732 | 752,04 | 756,59 | 756,35 |  0,00 | 1,377 | 44,35 | 44,35 |  0,00 | 1,887 | 343,37 | 343,37 |  1,33 | 486,080 | 336,96 | 341,51 |  0,00 | 1570,845 | 27,36 | 27,36 | 3163,986 |   NaN | NaN | 0,00 | 0,00 | NaN
   6 |  0,95 | 192,178 | 755,60 | 762,85 | 759,91 |  0,00 | 1,325 | 44,35 | 44,35 |  0,00 | 1,818 | 346,34 | 346,34 |  2,10 | 625,384 | 337,54 | 344,79 |  0,00 | 1290,124 | 27,36 | 27,36 | 2602,118 |   NaN | NaN | 0,00 | 0,00 | NaN
   7 |  0,94 | 179,348 | 755,13 | 762,33 | 759,46 |  0,00 | 1,344 | 44,35 | 44,35 |  0,00 | 2,196 | 344,61 | 344,61 |  2,08 | 610,537 | 338,81 | 346,01 |  0,00 | 504,319 | 27,36 | 27,36 | 1029,081 |   NaN | NaN | 0,00 | 0,00 | NaN
   8 |  1,60 | 190,259 | 754,91 | 767,18 | 759,25 |  0,00 | 1,394 | 44,35 | 44,35 |  0,00 | 2,134 | 346,97 | 346,97 |  3,52 | 623,897 | 336,23 | 348,50 |  0,00 | 1202,338 | 27,36 | 27,36 | 2426,516 |   NaN | NaN | 0,00 | 0,00 | NaN
   9 |  1,25 | 182,959 | 752,90 | 762,43 | 757,23 |  0,00 | 1,334 | 44,35 | 44,35 |  0,00 | 2,166 | 344,64 | 344,64 |  2,75 | 614,060 | 336,55 | 346,07 |  0,00 | 787,742 | 27,36 | 27,36 | 1596,599 |   NaN | NaN | 0,00 | 0,00 | NaN
  10 |  0,91 | 181,515 | 754,93 | 761,86 | 759,26 |  0,00 | 1,395 | 44,35 | 44,35 |  0,00 | 5,303 | 346,96 | 346,96 |  2,02 | 629,930 | 336,26 | 343,18 |  0,00 | 259,159 | 27,36 | 27,36 | 538,339 |   NaN | NaN | 0,00 | 0,00 | NaN
  11 |  1,09 | 160,751 | 753,64 | 761,98 | 757,96 |  0,00 | 1,334 | 44,35 | 44,35 |  0,00 | 1,504 | 344,41 | 344,41 |  2,41 | 472,440 | 337,53 | 345,86 |  0,00 | 2228,520 | 27,36 | 27,36 | 4481,557 |   NaN | NaN | 0,00 | 0,00 | NaN
  12 |  1,24 | 165,518 | 753,10 | 762,54 | 757,44 |  0,00 | 1,396 | 44,35 | 44,35 |  0,00 | 1,787 | 344,35 | 344,35 |  2,73 | 527,215 | 337,03 | 346,48 |  0,00 | 1352,839 | 27,36 | 27,36 | 2727,717 |   NaN | NaN | 0,00 | 0,00 | NaN
  13 |  0,57 | 145,182 | 748,97 | 753,30 | 753,29 |  0,00 | 1,361 | 44,35 | 44,35 |  0,00 | 1,745 | 342,53 | 342,53 |  1,28 | 465,231 | 334,73 | 339,06 |  0,00 | 1145,603 | 27,36 | 27,36 | 2312,816 |   NaN | NaN | 0,00 | 0,00 | NaN
  14 |  1,75 | 192,344 | 753,29 | 766,74 | 757,64 |  0,00 | 1,402 | 44,35 | 44,35 |  0,00 | 1,571 | 347,32 | 347,32 |  3,87 | 618,409 | 334,26 | 347,71 |  0,00 | 1574,573 | 27,36 | 27,36 | 3171,608 |   NaN | NaN | 0,00 | 0,00 | NaN
  15 |  0,76 | 172,749 | 755,27 | 761,09 | 759,61 |  0,00 | 1,396 | 44,35 | 44,35 |  0,00 | 2,987 | 340,59 | 340,59 |  1,67 | 578,490 | 342,97 | 348,78 |  0,00 | 523,737 | 27,36 | 27,36 | 1067,880 |   NaN | NaN | 0,00 | 0,00 | NaN
  16 |  1,60 | 223,873 | 757,92 | 770,23 | 762,25 |  0,00 | 1,388 | 44,35 | 44,35 |  0,00 | 2,032 | 347,91 | 347,91 |  3,51 | 752,697 | 338,30 | 350,61 |  0,00 | 942,372 | 27,36 | 27,36 | 1906,094 |   NaN | NaN | 0,00 | 0,00 | NaN
  17 |  1,16 | 181,573 | 754,19 | 763,01 | 758,54 |  0,00 | 1,401 | 44,35 | 44,35 |  0,00 | 1,663 | 346,80 | 346,80 |  2,56 | 607,576 | 335,68 | 344,50 |  0,00 | 889,422 | 27,36 | 27,36 | 1800,109 |   NaN | NaN | 0,00 | 0,00 | NaN
  18 |  0,88 | 170,442 | 752,81 | 759,49 | 757,12 |  0,00 | 1,377 | 44,35 | 44,35 |  0,00 | 1,611 | 344,76 | 344,76 |  1,95 | 500,551 | 336,34 | 343,02 |  0,00 | 2402,925 | 27,36 | 27,36 | 4831,756 |   NaN | NaN | 0,00 | 0,00 | NaN
  19 |  0,50 | 136,656 | 751,18 | 754,93 | 755,50 |  0,00 | 1,368 | 44,35 | 44,35 |  0,00 | 1,950 | 339,80 | 339,80 |  1,09 | 395,889 | 339,67 | 343,42 |  0,00 | 1923,019 | 27,36 | 27,36 | 3869,165 |   NaN | NaN | 0,00 | 0,00 | NaN
  20 |  0,43 | 136,641 | 750,76 | 754,02 | 755,06 |  0,00 | 1,364 | 44,35 | 44,35 |  0,00 | 1,966 | 344,13 | 344,13 |  0,96 | 386,491 | 334,91 | 338,17 |  0,00 | 2264,737 | 27,36 | 27,36 | 4554,616 |   NaN | NaN | 0,00 | 0,00 | NaN
  21 |  0,50 | 141,666 | 748,65 | 752,41 | 752,96 |  0,00 | 1,368 | 44,35 | 44,35 |  0,00 | 2,692 | 342,07 | 342,07 |  1,11 | 484,024 | 334,86 | 338,63 |  0,00 | 391,023 | 27,36 | 27,36 | 802,246 |   NaN | NaN | 0,00 | 0,00 | NaN
  22 |  1,18 | 205,432 | 756,40 | 765,41 | 760,75 |  0,00 | 1,407 | 44,35 | 44,35 |  0,00 | 1,728 | 350,17 | 350,17 |  2,62 | 662,931 | 334,52 | 343,53 |  0,00 | 1661,426 | 27,36 | 27,36 | 3345,397 |   NaN | NaN | 0,00 | 0,00 | NaN
  23 |  1,20 | 176,057 | 755,14 | 764,30 | 759,48 |  0,00 | 1,389 | 44,35 | 44,35 |  0,00 | 1,752 | 346,30 | 346,30 |  2,65 | 532,778 | 337,13 | 346,29 |  0,00 | 2118,653 | 27,36 | 27,36 | 4261,169 |   NaN | NaN | 0,00 | 0,00 | NaN
  24 |  1,55 | 194,305 | 756,85 | 768,73 | 761,17 |  0,00 | 1,351 | 44,35 | 44,35 |  0,00 | 1,769 | 348,34 | 348,34 |  3,41 | 640,492 | 336,80 | 348,68 |  0,00 | 1161,118 | 27,36 | 27,36 | 2343,949 |   NaN | NaN | 0,00 | 0,00 | NaN
  25 |  1,19 | 180,177 | 755,87 | 764,97 | 760,25 |  0,00 | 1,408 | 44,35 | 44,35 |  0,00 | 1,855 | 342,59 | 342,59 |  2,59 | 605,083 | 341,57 | 350,67 |  0,00 | 600,380 | 27,36 | 27,36 | 1221,283 |   NaN | NaN | 0,00 | 0,00 | NaN
  26 |  0,41 | 154,060 | 756,19 | 759,33 | 760,54 |  0,00 | 1,404 | 44,35 | 44,35 |  0,00 | 2,224 | 344,77 | 344,77 |  0,91 | 520,756 | 339,71 | 342,85 |  0,00 | 482,070 | 27,36 | 27,36 | 984,323 |   NaN | NaN | 0,00 | 0,00 | NaN
  27 |  0,88 | 153,716 | 751,84 | 758,49 | 756,17 |  0,00 | 1,331 | 44,35 | 44,35 |  0,00 | 1,508 | 345,50 | 345,50 |  1,95 | 441,698 | 334,63 | 341,28 |  0,00 | 2430,173 | 27,36 | 27,36 | 4886,516 |   NaN | NaN | 0,00 | 0,00 | NaN
  28 |  0,73 | 143,999 | 750,38 | 755,88 | 754,72 |  0,00 | 1,397 | 44,35 | 44,35 |  0,00 | 1,828 | 343,73 | 343,73 |  1,61 | 419,074 | 334,94 | 340,43 |  0,00 | 2119,041 | 27,36 | 27,36 | 4262,106 |   NaN | NaN | 0,00 | 0,00 | NaN
  29 |  1,25 | 168,869 | 752,41 | 761,96 | 756,72 |  0,00 | 1,377 | 44,35 | 44,35 |  0,00 | 1,722 | 343,82 | 343,82 |  2,76 | 502,675 | 336,88 | 346,43 |  0,00 | 2199,815 | 27,36 | 27,36 | 4423,931 |   NaN | NaN | 0,00 | 0,00 | NaN
  30 |  1,04 | 152,285 | 751,92 | 759,81 | 756,29 |  0,00 | 1,407 | 44,35 | 44,35 |  0,00 | 1,568 | 343,14 | 343,14 |  2,29 | 437,436 | 337,07 | 344,96 |  0,00 | 2334,864 | 27,36 | 27,36 | 4695,362 |   NaN | NaN | 0,00 | 0,00 | NaN
  31 |  0,64 | 171,328 | 755,25 | 760,11 | 759,57 |  0,00 | 1,374 | 44,35 | 44,35 |  0,00 | 1,595 | 344,97 | 344,97 |  1,42 | 514,123 | 338,57 | 343,44 |  0,00 | 2115,138 | 27,36 | 27,36 | 4254,176 |   NaN | NaN | 0,00 | 0,00 | NaN
  32 |  1,51 | 180,286 | 752,95 | 764,46 | 757,26 |  0,00 | 1,330 | 44,35 | 44,35 |  0,00 | 1,856 | 345,32 | 345,32 |  3,31 | 543,510 | 335,92 | 347,43 |  0,00 | 2236,101 | 27,36 | 27,36 | 4497,019 |   NaN | NaN | 0,00 | 0,00 | NaN
  33 |  0,64 | 155,441 | 753,88 | 758,73 | 758,22 |  0,00 | 1,396 | 44,35 | 44,35 |  0,00 | 1,818 | 342,55 | 342,55 |  1,41 | 447,546 | 339,63 | 344,47 |  0,00 | 2297,522 | 27,36 | 27,36 | 4620,175 |   NaN | NaN | 0,00 | 0,00 | NaN
  34 |  1,13 | 162,211 | 753,23 | 761,85 | 757,56 |  0,00 | 1,387 | 44,35 | 44,35 |  0,00 | 1,538 | 344,53 | 344,53 |  2,49 | 466,170 | 336,99 | 345,61 |  0,00 | 2505,599 | 27,36 | 27,36 | 5038,322 |   NaN | NaN | 0,00 | 0,00 | NaN
  35 |  1,16 | 178,174 | 756,44 | 765,29 | 760,76 |  0,00 | 1,336 | 44,35 | 44,35 |  0,00 | 1,372 | 347,10 | 347,10 |  2,55 | 520,571 | 337,63 | 346,48 |  0,00 | 2584,304 | 27,36 | 27,36 | 5194,760 |   NaN | NaN | 0,00 | 0,00 | NaN
  36 |  1,06 | 165,720 | 750,95 | 759,03 | 755,28 |  0,00 | 1,389 | 44,35 | 44,35 |  0,00 | 1,479 | 342,31 | 342,31 |  2,34 | 479,519 | 336,93 | 345,01 |  0,00 | 2464,167 | 27,36 | 27,36 | 4955,322 |   NaN | NaN | 0,00 | 0,00 | NaN
  37 |  1,38 | 186,195 | 755,89 | 766,46 | 760,19 |  0,00 | 1,372 | 44,35 | 44,35 |  0,00 | 1,738 | 349,13 | 349,13 |  3,06 | 567,545 | 335,04 | 345,61 |  0,00 | 2242,092 | 27,36 | 27,36 | 4508,952 |   NaN | NaN | 0,00 | 0,00 | NaN
  38 |  1,50 | 193,678 | 756,59 | 768,14 | 760,91 |  0,00 | 1,363 | 44,35 | 44,35 |  0,00 | 1,626 | 348,46 | 348,46 |  3,32 | 587,282 | 336,42 | 347,97 |  0,00 | 2358,836 | 27,36 | 27,36 | 4743,358 |   NaN | NaN | 0,00 | 0,00 | NaN
  39 |  0,82 | 144,251 | 749,16 | 755,31 | 753,55 |  0,00 | 1,407 | 44,35 | 44,35 |  0,00 | 1,878 | 343,82 | 343,82 |  1,81 | 413,534 | 333,63 | 339,78 |  0,00 | 2289,097 | 27,36 | 27,36 | 4603,542 |   NaN | NaN | 0,00 | 0,00 | NaN
  40 |  0,45 | 142,403 | 748,36 | 751,73 | 752,74 |  0,00 | 1,407 | 44,35 | 44,35 |  0,00 | 1,693 | 342,68 | 342,68 |  1,00 | 400,659 | 333,97 | 337,34 |  0,00 | 2420,481 | 27,36 | 27,36 | 4867,283 |   NaN | NaN | 0,00 | 0,00 | NaN
  41 |  1,75 | 186,058 | 752,52 | 765,90 | 756,85 |  0,00 | 1,390 | 44,35 | 44,35 |  0,00 | 1,682 | 344,86 | 344,86 |  3,83 | 567,059 | 335,95 | 349,33 |  0,00 | 2161,656 | 27,36 | 27,36 | 4347,444 |   NaN | NaN | 0,00 | 0,00 | NaN
  42 |  1,38 | 178,760 | 753,38 | 763,91 | 757,69 |  0,00 | 1,336 | 44,35 | 44,35 |  0,00 | 1,781 | 345,08 | 345,08 |  3,04 | 538,699 | 336,59 | 347,13 |  0,00 | 2200,718 | 27,36 | 27,36 | 4425,722 |   NaN | NaN | 0,00 | 0,00 | NaN
  43 |  1,99 | 187,138 | 753,02 | 768,29 | 757,38 |  0,00 | 1,414 | 44,35 | 44,35 |  0,00 | 1,897 | 349,48 | 349,48 |  4,40 | 572,585 | 331,83 | 347,10 |  0,00 | 2285,114 | 27,36 | 27,36 | 4595,264 |   NaN | NaN | 0,00 | 0,00 | NaN
  44 |  0,95 | 179,624 | 756,37 | 763,64 | 760,69 |  0,00 | 1,326 | 44,35 | 44,35 |  0,00 | 1,608 | 345,23 | 345,23 |  2,10 | 541,245 | 339,44 | 346,70 |  0,00 | 2149,249 | 27,36 | 27,36 | 4322,375 |   NaN | NaN | 0,00 | 0,00 | NaN
  45 |  1,37 | 172,282 | 752,25 | 762,71 | 756,64 |  0,00 | 1,410 | 44,35 | 44,35 |  0,00 | 1,751 | 348,18 | 348,18 |  3,05 | 522,047 | 332,35 | 342,81 |  0,00 | 2190,407 | 27,36 | 27,36 | 4405,064 |   NaN | NaN | 0,00 | 0,00 | NaN
  46 |  1,23 | 170,986 | 753,25 | 762,59 | 757,56 |  0,00 | 1,350 | 44,35 | 44,35 |  0,00 | 1,532 | 344,45 | 344,45 |  2,70 | 507,581 | 337,09 | 346,43 |  0,00 | 2268,738 | 27,36 | 27,36 | 4562,386 |   NaN | NaN | 0,00 | 0,00 | NaN
  47 |  1,32 | 177,176 | 752,18 | 762,24 | 756,50 |  0,00 | 1,347 | 44,35 | 44,35 |  0,00 | 1,814 | 348,00 | 348,00 |  2,94 | 543,430 | 332,47 | 342,52 |  0,00 | 2097,422 | 27,36 | 27,36 | 4218,814 |   NaN | NaN | 0,00 | 0,00 | NaN
  48 |  0,76 | 159,044 | 753,66 | 759,46 | 757,98 |  0,00 | 1,377 | 44,35 | 44,35 |  0,00 | 1,697 | 344,34 | 344,34 |  1,69 | 469,956 | 337,61 | 343,41 |  0,00 | 2140,036 | 27,36 | 27,36 | 4304,063 |   NaN | NaN | 0,00 | 0,00 | NaN
  49 |  1,09 | 166,756 | 751,32 | 759,59 | 755,65 |  0,00 | 1,389 | 44,35 | 44,35 |  0,00 | 1,885 | 345,04 | 345,04 |  2,41 | 502,500 | 334,57 | 342,84 |  0,00 | 2093,470 | 27,36 | 27,36 | 4210,927 |   NaN | NaN | 0,00 | 0,00 | NaN
  50 |  1,13 | 180,311 | 755,84 | 764,46 | 760,16 |  0,00 | 1,344 | 44,35 | 44,35 |  0,00 | 1,851 | 348,62 | 348,62 |  2,50 | 543,854 | 335,51 | 344,12 |  0,00 | 2281,199 | 27,36 | 27,36 | 4587,482 |   NaN | NaN | 0,00 | 0,00 | NaN
  51 |  1,14 | 169,243 | 755,21 | 763,92 | 759,52 |  0,00 | 1,342 | 44,35 | 44,35 |  0,00 | 1,476 | 344,91 | 344,91 |  2,51 | 504,693 | 338,59 | 347,31 |  0,00 | 2159,585 | 27,36 | 27,36 | 4343,392 |   NaN | NaN | 0,00 | 0,00 | NaN
  52 |  0,72 | 160,218 | 751,38 | 756,83 | 755,69 |  0,00 | 1,368 | 44,35 | 44,35 |  0,00 | 2,013 | 340,34 | 340,34 |  1,58 | 468,551 | 339,33 | 344,78 |  0,00 | 2176,977 | 27,36 | 27,36 | 4378,211 |   NaN | NaN | 0,00 | 0,00 | NaN
  53 |  1,24 | 179,119 | 755,37 | 764,85 | 759,69 |  0,00 | 1,355 | 44,35 | 44,35 |  0,00 | 1,757 | 347,24 | 347,24 |  2,74 | 539,567 | 336,41 | 345,89 |  0,00 | 2243,669 | 27,36 | 27,36 | 4512,134 |   NaN | NaN | 0,00 | 0,00 | NaN
  54 |  0,67 | 160,086 | 754,00 | 759,06 | 758,31 |  0,00 | 1,358 | 44,35 | 44,35 |  0,00 | 1,663 | 345,67 | 345,67 |  1,48 | 472,838 | 336,61 | 341,68 |  0,00 | 2193,543 | 27,36 | 27,36 | 4411,719 |   NaN | NaN | 0,00 | 0,00 | NaN
  55 |  1,21 | 171,215 | 752,03 | 761,22 | 756,34 |  0,00 | 1,343 | 44,35 | 44,35 |  0,00 | 1,529 | 344,79 | 344,79 |  2,67 | 506,544 | 335,52 | 344,72 |  0,00 | 2352,287 | 27,36 | 27,36 | 4730,191 |   NaN | NaN | 0,00 | 0,00 | NaN
  56 |  0,76 | 164,014 | 752,46 | 758,21 | 756,78 |  0,00 | 1,349 | 44,35 | 44,35 |  0,00 | 1,672 | 342,05 | 342,05 |  1,67 | 485,492 | 338,70 | 344,45 |  0,00 | 2138,837 | 27,36 | 27,36 | 4301,566 |   NaN | NaN | 0,00 | 0,00 | NaN
  57 |  1,21 | 176,853 | 753,90 | 763,17 | 758,22 |  0,00 | 1,346 | 44,35 | 44,35 |  0,00 | 1,670 | 344,74 | 344,74 |  2,67 | 534,842 | 337,45 | 346,73 |  0,00 | 2112,564 | 27,36 | 27,36 | 4249,102 |   NaN | NaN | 0,00 | 0,00 | NaN
  58 |  0,63 | 169,205 | 756,69 | 761,50 | 761,02 |  0,00 | 1,374 | 44,35 | 44,35 |  0,00 | 1,757 | 343,75 | 343,75 |  1,39 | 502,817 | 341,23 | 346,03 |  0,00 | 2123,370 | 27,36 | 27,36 | 4270,824 |   NaN | NaN | 0,00 | 0,00 | NaN
  59 |  1,43 | 180,166 | 755,49 | 766,44 | 759,82 |  0,00 | 1,394 | 44,35 | 44,35 |  0,00 | 1,498 | 345,78 | 345,78 |  3,14 | 530,508 | 337,99 | 348,95 |  0,00 | 2489,423 | 27,36 | 27,36 | 5006,168 |   NaN | NaN | 0,00 | 0,00 | NaN
  60 |  0,96 | 170,399 | 753,86 | 761,13 | 758,18 |  0,00 | 1,328 | 44,35 | 44,35 |  0,00 | 1,691 | 344,96 | 344,96 |  2,11 | 510,248 | 337,19 | 344,46 |  0,00 | 2158,431 | 27,36 | 27,36 | 4340,862 |   NaN | NaN | 0,00 | 0,00 | NaN
  61 |  1,10 | 170,999 | 756,49 | 764,93 | 760,81 |  0,00 | 1,351 | 44,35 | 44,35 |  0,00 | 1,762 | 345,45 | 345,45 |  2,43 | 506,368 | 339,33 | 347,77 |  0,00 | 2254,649 | 27,36 | 27,36 | 4534,038 |   NaN | NaN | 0,00 | 0,00 | NaN
  62 |  1,13 | 179,569 | 755,87 | 764,47 | 760,25 |  0,00 | 1,412 | 44,35 | 44,35 |  0,00 | 1,528 | 347,05 | 347,05 |  2,49 | 544,514 | 337,11 | 345,71 |  0,00 | 2146,732 | 27,36 | 27,36 | 4317,504 |   NaN | NaN | 0,00 | 0,00 | NaN
  63 |  1,30 | 170,034 | 752,99 | 762,92 | 757,30 |  0,00 | 1,368 | 44,35 | 44,35 |  0,00 | 1,589 | 345,98 | 345,98 |  2,88 | 503,641 | 335,29 | 345,23 |  0,00 | 2335,762 | 27,36 | 27,36 | 4697,350 |   NaN | NaN | 0,00 | 0,00 | NaN
  64 |  0,76 | 163,269 | 751,31 | 757,03 | 755,69 |  0,00 | 1,411 | 44,35 | 44,35 |  0,00 | 1,660 | 340,77 | 340,77 |  1,66 | 479,629 | 338,82 | 344,54 |  0,00 | 2194,969 | 27,36 | 27,36 | 4414,377 |   NaN | NaN | 0,00 | 0,00 | NaN

= = = = = = = = = = = = AVERAGE RESULTS system = = = = = = = = = = = =
meanPLR_system | 1,072453 
meanDelay_system | 172,092752 
meanLoad_system | 761,829506 
meanTHR_system | 753,646649 
meanGate_system | 757,978873 

meanPLR_EF_system | 0,000000 
meanPLR_AF_system | 0,000000 
meanPLR_BE_system | 2,368169 
meanPLR_FLA_system | 0,000000 
meanPLR_FLB_system | NaN 

meanTHR_EF_system | 44,352003 
meanTHR_AF_system | 345,218859 
meanTHR_BE_system | 336,717028 
meanTHR_FLA_system | 27,743821 
meanTHR_FLB_system | 0,000000 

meanLoad_EF_system | 44,352003 
meanLoad_AF_system | 345,218859 
meanLoad_BE_system | 344,899886 
meanLoad_FLA_system | 27,743821 
meanLoad_FLB_system | 0,000000 

meanDELAY_EF_system | 1,372531 
meanDELAY_AF_system | 2,021673 
meanDELAY_BE_system | 531,805758 
meanDELAY_FLA_system | 1804,831025 
meanDELAY_FLB_system | NaN 
meanDELAY_CompleteFLA_system | 3633,310989 
meanDELAY_CompleteFLB_system | NaN 

= = = = = = = = = = = = AVERAGE RESULTS = = = = = = = = = = = =
Packet Loss Ratio: 01,07 (%)
PROCESSED PACKAGES: 2608711346 
DISCARTED PACKAGES: 17635635 
TOTAL PACKAGES: 2626346981 
AVERAGE DELAY: 32457,20 (ms) 
AVERAGE THROUGHPUT: 753,65 (Mbps) 
GRANTED THROUGHPUT: 48510,65 (Mbps) By 64 ONUs
EFFECTIVE THROUGHPUT: 48233,39 (Mbps) By 64 ONUs
TOTAL LOAD: 48757,09 (Mbps) By 64 ONUs
ON Arrival THROUGHPUT: 0,00 (Mbps) By 64 ONUs
FINISHTIMEFL: 213,150163 
FINISHTIME: 216,150163 


fileName | IPACT_LBCONSTANTTOKENSBYCYCLE_5_28_92_0 
