
ONU ID 	|  PLR(%) | Delay(ms) | Throughput(Mbps) | Granted Throughput(Mbps) | Total Load (Mbps) 

  ID |  PLR(%) |  D  | Thr |  Gates  |  Load  | PLR-EF | D-EF | ThrEF | LoadEF | PLR-AF | D-AF | ThrAF | LoadAF | PLR-BE | D-BE | ThrBE | LoadBE | PLR-FA | D-FA | ThrFA | LoadFA | DTFA |  PLR-FB | D-FB | ThrFB | LoadFB | DTFB | 
   1 |  0,00 | 0,343 | 563,92 | 563,92 | 604,92 |  0,00 | 0,137 | 44,35 | 44,35 |  0,00 | 0,234 | 247,87 | 247,87 |  0,00 | 0,324 | 243,10 | 243,10 |  0,00 | 9,254 | 28,60 | 28,60 | 39,415 |   NaN | NaN | 0,00 | 0,00 | NaN
   2 |  0,00 | 1,757 | 562,43 | 562,43 | 608,18 |  0,00 | 0,149 | 44,35 | 44,35 |  0,00 | 0,162 | 246,73 | 246,73 |  0,00 | 0,223 | 242,74 | 242,74 |  0,00 | 105,626 | 28,60 | 28,60 | 232,768 |   NaN | NaN | 0,00 | 0,00 | NaN
   3 |  0,00 | 1,606 | 557,40 | 557,40 | 594,73 |  0,00 | 0,085 | 44,35 | 44,35 |  0,00 | 0,090 | 241,56 | 241,56 |  0,00 | 0,278 | 242,89 | 242,89 |  0,00 | 97,502 | 28,60 | 28,60 | 211,274 |   NaN | NaN | 0,00 | 0,00 | NaN
   4 |  0,00 | 0,321 | 563,64 | 563,64 | 601,05 |  0,00 | 0,091 | 44,35 | 44,35 |  0,00 | 0,189 | 246,77 | 246,77 |  0,00 | 0,390 | 243,91 | 243,91 |  0,00 | 9,026 | 28,60 | 28,60 | 39,094 |   NaN | NaN | 0,00 | 0,00 | NaN
   5 |  0,00 | 2,300 | 558,25 | 558,25 | 596,03 |  0,00 | 0,116 | 44,35 | 44,35 |  0,00 | 0,122 | 243,60 | 243,60 |  0,00 | 0,243 | 241,69 | 241,69 |  0,00 | 142,573 | 28,60 | 28,60 | 305,895 |   NaN | NaN | 0,00 | 0,00 | NaN
   6 |  0,00 | 1,868 | 562,10 | 562,10 | 598,82 |  0,00 | 0,067 | 44,35 | 44,35 |  0,00 | 0,071 | 245,50 | 245,50 |  0,00 | 0,302 | 243,64 | 243,64 |  0,00 | 115,923 | 28,60 | 28,60 | 253,231 |   NaN | NaN | 0,00 | 0,00 | NaN
   7 |  0,00 | 0,681 | 560,70 | 560,70 | 597,99 |  0,00 | 0,083 | 44,35 | 44,35 |  0,00 | 0,088 | 243,68 | 243,68 |  0,00 | 0,282 | 244,07 | 244,07 |  0,00 | 36,442 | 28,60 | 28,60 | 93,580 |   NaN | NaN | 0,00 | 0,00 | NaN
   8 |  0,00 | 1,765 | 564,80 | 564,80 | 604,87 |  0,00 | 0,134 | 44,35 | 44,35 |  0,00 | 0,139 | 245,36 | 245,36 |  0,00 | 0,223 | 246,49 | 246,49 |  0,00 | 107,267 | 28,60 | 28,60 | 239,488 |   NaN | NaN | 0,00 | 0,00 | NaN
   9 |  0,00 | 1,035 | 562,23 | 562,23 | 599,44 |  0,00 | 0,073 | 44,35 | 44,35 |  0,00 | 0,079 | 244,29 | 244,29 |  0,00 | 0,294 | 244,98 | 244,98 |  0,00 | 60,328 | 28,60 | 28,60 | 141,826 |   NaN | NaN | 0,00 | 0,00 | NaN
  10 |  0,00 | 0,340 | 560,63 | 560,63 | 600,89 |  0,00 | 0,134 | 44,35 | 44,35 |  0,00 | 0,234 | 245,00 | 245,00 |  0,00 | 0,335 | 242,68 | 242,68 |  0,00 | 8,969 | 28,60 | 28,60 | 38,885 |   NaN | NaN | 0,00 | 0,00 | NaN
  11 |  0,00 | 5,234 | 559,95 | 559,95 | 597,19 |  0,00 | 0,074 | 44,35 | 44,35 |  0,00 | 0,088 | 243,25 | 243,25 |  0,00 | 0,338 | 243,74 | 243,74 |  0,00 | 337,814 | 28,60 | 28,60 | 717,859 |   NaN | NaN | 0,00 | 0,00 | NaN
  12 |  0,00 | 1,950 | 561,38 | 561,38 | 602,13 |  0,00 | 0,136 | 44,35 | 44,35 |  0,00 | 0,141 | 243,96 | 243,96 |  0,00 | 0,220 | 244,47 | 244,47 |  0,00 | 119,151 | 28,60 | 28,60 | 260,866 |   NaN | NaN | 0,00 | 0,00 | NaN
  13 |  0,00 | 1,743 | 554,33 | 554,33 | 591,72 |  0,00 | 0,101 | 44,35 | 44,35 |  0,00 | 0,106 | 242,32 | 242,32 |  0,00 | 0,267 | 239,06 | 239,06 |  0,00 | 105,680 | 28,60 | 28,60 | 232,478 |   NaN | NaN | 0,00 | 0,00 | NaN
  14 |  0,00 | 2,311 | 563,55 | 563,55 | 606,26 |  0,00 | 0,142 | 44,35 | 44,35 |  0,00 | 0,144 | 244,57 | 244,57 |  0,00 | 0,216 | 246,04 | 246,04 |  0,00 | 143,248 | 28,60 | 28,60 | 306,590 |   NaN | NaN | 0,00 | 0,00 | NaN
  15 |  0,00 | 0,689 | 560,17 | 560,17 | 601,01 |  0,00 | 0,136 | 44,35 | 44,35 |  0,00 | 0,153 | 240,83 | 240,83 |  0,00 | 0,228 | 246,39 | 246,39 |  0,00 | 35,056 | 28,60 | 28,60 | 94,378 |   NaN | NaN | 0,00 | 0,00 | NaN
  16 |  0,00 | 1,300 | 566,78 | 566,78 | 605,57 |  0,00 | 0,127 | 44,35 | 44,35 |  0,00 | 0,131 | 245,59 | 245,59 |  0,00 | 0,228 | 248,23 | 248,23 |  0,00 | 76,740 | 28,60 | 28,60 | 175,121 |   NaN | NaN | 0,00 | 0,00 | NaN
  17 |  0,00 | 1,236 | 561,59 | 561,59 | 603,61 |  0,00 | 0,140 | 44,35 | 44,35 |  0,00 | 0,143 | 245,51 | 245,51 |  0,00 | 0,216 | 243,12 | 243,12 |  0,00 | 71,663 | 28,60 | 28,60 | 163,651 |   NaN | NaN | 0,00 | 0,00 | NaN
  18 |  0,00 | 4,067 | 558,29 | 558,29 | 596,05 |  0,00 | 0,117 | 44,35 | 44,35 |  0,00 | 0,126 | 243,18 | 243,18 |  0,00 | 0,246 | 242,16 | 242,16 |  0,00 | 259,435 | 28,60 | 28,60 | 585,012 |   NaN | NaN | 0,00 | 0,00 | NaN
  19 |  0,00 | 3,716 | 555,32 | 555,32 | 592,82 |  0,00 | 0,108 | 44,35 | 44,35 |  0,00 | 0,112 | 240,51 | 240,51 |  0,00 | 0,252 | 241,86 | 241,86 |  0,00 | 235,905 | 28,60 | 28,60 | 447,981 |   NaN | NaN | 0,00 | 0,00 | NaN
  20 |  0,00 | 5,054 | 555,16 | 555,16 | 592,56 |  0,00 | 0,103 | 44,35 | 44,35 |  0,00 | 0,138 | 243,42 | 243,42 |  0,00 | 0,289 | 238,79 | 238,79 |  0,00 | 323,382 | 28,60 | 28,60 | 711,061 |   NaN | NaN | 0,00 | 0,00 | NaN
  21 |  0,00 | 0,467 | 553,73 | 553,73 | 591,19 |  0,00 | 0,108 | 44,35 | 44,35 |  0,00 | 0,124 | 241,37 | 241,37 |  0,00 | 0,264 | 239,41 | 239,41 |  0,00 | 21,066 | 28,60 | 28,60 | 63,335 |   NaN | NaN | 0,00 | 0,00 | NaN
  22 |  0,00 | 2,427 | 563,54 | 563,54 | 608,15 |  0,00 | 0,147 | 44,35 | 44,35 |  0,00 | 0,150 | 247,89 | 247,89 |  0,00 | 0,212 | 242,70 | 242,70 |  0,00 | 150,865 | 28,60 | 28,60 | 323,925 |   NaN | NaN | 0,00 | 0,00 | NaN
  23 |  0,00 | 5,405 | 561,85 | 561,85 | 600,78 |  0,00 | 0,129 | 44,35 | 44,35 |  0,00 | 0,155 | 244,82 | 244,82 |  0,00 | 0,289 | 244,07 | 244,07 |  0,00 | 347,703 | 28,60 | 28,60 | 664,774 |   NaN | NaN | 0,00 | 0,00 | NaN
  24 |  0,00 | 1,744 | 564,44 | 564,44 | 601,79 |  0,00 | 0,090 | 44,35 | 44,35 |  0,00 | 0,099 | 245,07 | 245,07 |  0,00 | 0,276 | 246,42 | 246,42 |  0,00 | 107,129 | 28,60 | 28,60 | 235,323 |   NaN | NaN | 0,00 | 0,00 | NaN
  25 |  0,00 | 0,788 | 562,35 | 562,35 | 607,58 |  0,00 | 0,148 | 44,35 | 44,35 |  0,00 | 0,156 | 241,61 | 241,61 |  0,00 | 0,215 | 247,79 | 247,79 |  0,00 | 41,476 | 28,60 | 28,60 | 104,135 |   NaN | NaN | 0,00 | 0,00 | NaN
  26 |  0,00 | 0,689 | 559,00 | 559,00 | 602,56 |  0,00 | 0,144 | 44,35 | 44,35 |  0,00 | 0,154 | 243,72 | 243,72 |  0,00 | 0,222 | 242,33 | 242,33 |  0,00 | 34,823 | 28,60 | 28,60 | 88,273 |   NaN | NaN | 0,00 | 0,00 | NaN
  27 |  0,00 | 3,944 | 558,28 | 558,28 | 595,42 |  0,00 | 0,071 | 44,35 | 44,35 |  0,00 | 0,077 | 244,69 | 244,69 |  0,00 | 0,299 | 240,64 | 240,64 |  0,00 | 252,810 | 28,60 | 28,60 | 564,342 |   NaN | NaN | 0,00 | 0,00 | NaN
  28 |  0,00 | 5,444 | 555,74 | 555,74 | 596,71 |  0,00 | 0,137 | 44,35 | 44,35 |  0,00 | 0,208 | 243,17 | 243,17 |  0,00 | 0,322 | 239,61 | 239,61 |  0,00 | 346,582 | 28,60 | 28,60 | 665,774 |   NaN | NaN | 0,00 | 0,00 | NaN
  29 |  0,00 | 5,394 | 560,99 | 560,99 | 598,69 |  0,00 | 0,116 | 44,35 | 44,35 |  0,00 | 0,151 | 242,68 | 242,68 |  0,00 | 0,281 | 245,36 | 245,36 |  0,00 | 347,268 | 28,60 | 28,60 | 716,603 |   NaN | NaN | 0,00 | 0,00 | NaN
  30 |  0,00 | 4,461 | 559,16 | 559,16 | 603,90 |  0,00 | 0,147 | 44,35 | 44,35 |  0,00 | 0,151 | 242,80 | 242,80 |  0,00 | 0,210 | 243,41 | 243,41 |  0,00 | 284,969 | 28,60 | 28,60 | 660,000 |   NaN | NaN | 0,00 | 0,00 | NaN
  31 |  0,00 | 5,400 | 558,66 | 558,66 | 596,28 |  0,00 | 0,113 | 44,35 | 44,35 |  0,00 | 0,139 | 244,01 | 244,01 |  0,00 | 0,313 | 241,70 | 241,70 |  0,00 | 346,645 | 28,60 | 28,60 | 662,075 |   NaN | NaN | 0,00 | 0,00 | NaN
  32 |  0,00 | 5,182 | 562,10 | 562,10 | 599,20 |  0,00 | 0,070 | 44,35 | 44,35 |  0,00 | 0,100 | 244,02 | 244,02 |  0,00 | 0,326 | 245,13 | 245,13 |  0,00 | 335,168 | 28,60 | 28,60 | 717,788 |   NaN | NaN | 0,00 | 0,00 | NaN
  33 |  0,00 | 4,832 | 557,95 | 557,95 | 598,45 |  0,00 | 0,135 | 44,35 | 44,35 |  0,00 | 0,170 | 242,26 | 242,26 |  0,00 | 0,255 | 242,74 | 242,74 |  0,00 | 308,517 | 28,60 | 28,60 | 697,021 |   NaN | NaN | 0,00 | 0,00 | NaN
  34 |  0,00 | 3,888 | 559,84 | 559,84 | 598,47 |  0,00 | 0,127 | 44,35 | 44,35 |  0,00 | 0,132 | 242,80 | 242,80 |  0,00 | 0,232 | 244,09 | 244,09 |  0,00 | 247,752 | 28,60 | 28,60 | 531,739 |   NaN | NaN | 0,00 | 0,00 | NaN
  35 |  0,00 | 3,878 | 562,52 | 562,52 | 599,78 |  0,00 | 0,076 | 44,35 | 44,35 |  0,00 | 0,078 | 245,11 | 245,11 |  0,00 | 0,290 | 244,46 | 244,46 |  0,00 | 249,414 | 28,60 | 28,60 | 526,561 |   NaN | NaN | 0,00 | 0,00 | NaN
  36 |  0,00 | 3,904 | 558,69 | 558,69 | 597,74 |  0,00 | 0,129 | 44,35 | 44,35 |  0,00 | 0,133 | 242,12 | 242,12 |  0,00 | 0,229 | 243,62 | 243,62 |  0,00 | 248,501 | 28,60 | 28,60 | 544,683 |   NaN | NaN | 0,00 | 0,00 | NaN
  37 |  0,00 | 5,188 | 564,17 | 564,17 | 601,74 |  0,00 | 0,111 | 44,35 | 44,35 |  0,00 | 0,135 | 246,95 | 246,95 |  0,00 | 0,284 | 244,26 | 244,26 |  0,00 | 335,054 | 28,60 | 28,60 | 720,561 |   NaN | NaN | 0,00 | 0,00 | NaN
  38 |  0,00 | 4,262 | 564,27 | 564,27 | 601,67 |  0,00 | 0,103 | 44,35 | 44,35 |  0,00 | 0,110 | 245,26 | 245,26 |  0,00 | 0,259 | 246,06 | 246,06 |  0,00 | 274,467 | 28,60 | 28,60 | 635,955 |   NaN | NaN | 0,00 | 0,00 | NaN
  39 |  0,00 | 4,909 | 554,58 | 554,58 | 599,22 |  0,00 | 0,146 | 44,35 | 44,35 |  0,00 | 0,160 | 242,19 | 242,19 |  0,00 | 0,234 | 239,43 | 239,43 |  0,00 | 312,752 | 28,60 | 28,60 | 703,361 |   NaN | NaN | 0,00 | 0,00 | NaN
  40 |  0,00 | 4,035 | 554,78 | 554,78 | 599,41 |  0,00 | 0,146 | 44,35 | 44,35 |  0,00 | 0,156 | 242,99 | 242,99 |  0,00 | 0,219 | 238,85 | 238,85 |  0,00 | 255,422 | 28,60 | 28,60 | 572,422 |   NaN | NaN | 0,00 | 0,00 | NaN
  41 |  0,00 | 5,480 | 564,28 | 564,28 | 603,51 |  0,00 | 0,129 | 44,35 | 44,35 |  0,00 | 0,170 | 243,83 | 243,83 |  0,00 | 0,273 | 247,50 | 247,50 |  0,00 | 353,513 | 28,60 | 28,60 | 701,534 |   NaN | NaN | 0,00 | 0,00 | NaN
  42 |  0,00 | 5,379 | 562,92 | 562,92 | 600,21 |  0,00 | 0,075 | 44,35 | 44,35 |  0,00 | 0,109 | 244,68 | 244,68 |  0,00 | 0,358 | 245,28 | 245,28 |  0,00 | 347,737 | 28,60 | 28,60 | 717,935 |   NaN | NaN | 0,00 | 0,00 | NaN
  43 |  0,00 | 4,875 | 565,85 | 565,85 | 609,31 |  0,00 | 0,154 | 44,35 | 44,35 |  0,00 | 0,172 | 246,97 | 246,97 |  0,00 | 0,220 | 245,93 | 245,93 |  0,00 | 313,713 | 28,60 | 28,60 | 702,299 |   NaN | NaN | 0,00 | 0,00 | NaN
  44 |  0,00 | 5,481 | 562,43 | 562,43 | 599,28 |  0,00 | 0,067 | 44,35 | 44,35 |  0,00 | 0,107 | 244,20 | 244,20 |  0,00 | 0,404 | 245,28 | 245,28 |  0,00 | 353,912 | 28,60 | 28,60 | 694,081 |   NaN | NaN | 0,00 | 0,00 | NaN
  45 |  0,00 | 5,458 | 561,09 | 561,09 | 607,43 |  0,00 | 0,150 | 44,35 | 44,35 |  0,00 | 0,179 | 246,22 | 246,22 |  0,00 | 0,289 | 241,91 | 241,91 |  0,00 | 349,823 | 28,60 | 28,60 | 714,958 |   NaN | NaN | 0,00 | 0,00 | NaN
  46 |  0,00 | 5,024 | 560,48 | 560,48 | 597,82 |  0,00 | 0,089 | 44,35 | 44,35 |  0,00 | 0,103 | 243,31 | 243,31 |  0,00 | 0,289 | 244,22 | 244,22 |  0,00 | 324,069 | 28,60 | 28,60 | 714,011 |   NaN | NaN | 0,00 | 0,00 | NaN
  47 |  0,00 | 5,288 | 560,27 | 560,27 | 597,60 |  0,00 | 0,087 | 44,35 | 44,35 |  0,00 | 0,134 | 245,48 | 245,48 |  0,00 | 0,361 | 241,84 | 241,84 |  0,00 | 339,961 | 28,60 | 28,60 | 643,013 |   NaN | NaN | 0,00 | 0,00 | NaN
  48 |  0,00 | 5,464 | 558,45 | 558,45 | 596,20 |  0,00 | 0,116 | 44,35 | 44,35 |  0,00 | 0,161 | 242,73 | 242,73 |  0,00 | 0,316 | 242,77 | 242,77 |  0,00 | 350,362 | 28,60 | 28,60 | 685,258 |   NaN | NaN | 0,00 | 0,00 | NaN
  49 |  0,00 | 5,268 | 559,49 | 559,49 | 598,53 |  0,00 | 0,129 | 44,35 | 44,35 |  0,00 | 0,181 | 244,81 | 244,81 |  0,00 | 0,268 | 241,73 | 241,73 |  0,00 | 337,706 | 28,60 | 28,60 | 638,186 |   NaN | NaN | 0,00 | 0,00 | NaN
  50 |  0,00 | 4,829 | 561,83 | 561,83 | 599,11 |  0,00 | 0,083 | 44,35 | 44,35 |  0,00 | 0,098 | 246,30 | 246,30 |  0,00 | 0,301 | 242,57 | 242,57 |  0,00 | 311,714 | 28,60 | 28,60 | 697,668 |   NaN | NaN | 0,00 | 0,00 | NaN
  51 |  0,00 | 5,493 | 561,27 | 561,27 | 598,62 |  0,00 | 0,081 | 44,35 | 44,35 |  0,00 | 0,105 | 242,90 | 242,90 |  0,00 | 0,353 | 245,41 | 245,41 |  0,00 | 354,724 | 28,60 | 28,60 | 701,617 |   NaN | NaN | 0,00 | 0,00 | NaN
  52 |  0,00 | 5,505 | 557,50 | 557,50 | 595,00 |  0,00 | 0,108 | 44,35 | 44,35 |  0,00 | 0,158 | 240,56 | 240,56 |  0,00 | 0,318 | 243,98 | 243,98 |  0,00 | 352,995 | 28,60 | 28,60 | 710,631 |   NaN | NaN | 0,00 | 0,00 | NaN
  53 |  0,00 | 5,171 | 561,55 | 561,55 | 598,89 |  0,00 | 0,095 | 44,35 | 44,35 |  0,00 | 0,123 | 244,68 | 244,68 |  0,00 | 0,306 | 243,92 | 243,92 |  0,00 | 333,419 | 28,60 | 28,60 | 717,986 |   NaN | NaN | 0,00 | 0,00 | NaN
  54 |  0,00 | 5,457 | 557,59 | 557,59 | 594,90 |  0,00 | 0,097 | 44,35 | 44,35 |  0,00 | 0,142 | 243,91 | 243,91 |  0,00 | 0,319 | 240,73 | 240,73 |  0,00 | 350,520 | 28,60 | 28,60 | 717,515 |   NaN | NaN | 0,00 | 0,00 | NaN
  55 |  0,00 | 4,305 | 559,78 | 559,78 | 597,08 |  0,00 | 0,082 | 44,35 | 44,35 |  0,00 | 0,087 | 242,91 | 242,91 |  0,00 | 0,281 | 243,91 | 243,91 |  0,00 | 276,818 | 28,60 | 28,60 | 637,964 |   NaN | NaN | 0,00 | 0,00 | NaN
  56 |  0,00 | 5,413 | 558,17 | 558,17 | 595,50 |  0,00 | 0,088 | 44,35 | 44,35 |  0,00 | 0,154 | 241,84 | 241,84 |  0,00 | 0,360 | 243,38 | 243,38 |  0,00 | 347,240 | 28,60 | 28,60 | 684,011 |   NaN | NaN | 0,00 | 0,00 | NaN
  57 |  0,00 | 5,373 | 561,00 | 561,00 | 598,35 |  0,00 | 0,085 | 44,35 | 44,35 |  0,00 | 0,136 | 243,70 | 243,70 |  0,00 | 0,346 | 244,35 | 244,35 |  0,00 | 346,114 | 28,60 | 28,60 | 659,934 |   NaN | NaN | 0,00 | 0,00 | NaN
  58 |  0,00 | 5,434 | 560,48 | 560,48 | 598,13 |  0,00 | 0,114 | 44,35 | 44,35 |  0,00 | 0,153 | 243,28 | 243,28 |  0,00 | 0,295 | 244,25 | 244,25 |  0,00 | 349,572 | 28,60 | 28,60 | 670,190 |   NaN | NaN | 0,00 | 0,00 | NaN
  59 |  0,00 | 3,890 | 564,40 | 564,40 | 604,37 |  0,00 | 0,133 | 44,35 | 44,35 |  0,00 | 0,138 | 244,51 | 244,51 |  0,00 | 0,225 | 246,94 | 246,94 |  0,00 | 248,767 | 28,60 | 28,60 | 538,149 |   NaN | NaN | 0,00 | 0,00 | NaN
  60 |  0,00 | 5,481 | 560,32 | 560,32 | 597,27 |  0,00 | 0,069 | 44,35 | 44,35 |  0,00 | 0,126 | 244,16 | 244,16 |  0,00 | 0,377 | 243,21 | 243,21 |  0,00 | 353,264 | 28,60 | 28,60 | 698,941 |   NaN | NaN | 0,00 | 0,00 | NaN
  61 |  0,00 | 5,083 | 562,05 | 562,05 | 599,38 |  0,00 | 0,090 | 44,35 | 44,35 |  0,00 | 0,122 | 244,10 | 244,10 |  0,00 | 0,304 | 244,99 | 244,99 |  0,00 | 327,920 | 28,60 | 28,60 | 713,730 |   NaN | NaN | 0,00 | 0,00 | NaN
  62 |  0,00 | 5,502 | 562,68 | 562,68 | 609,83 |  0,00 | 0,152 | 44,35 | 44,35 |  0,00 | 0,172 | 245,18 | 245,18 |  0,00 | 0,285 | 244,55 | 244,55 |  0,00 | 353,437 | 28,60 | 28,60 | 691,428 |   NaN | NaN | 0,00 | 0,00 | NaN
  63 |  0,00 | 4,428 | 562,02 | 562,02 | 599,46 |  0,00 | 0,107 | 44,35 | 44,35 |  0,00 | 0,117 | 245,11 | 245,11 |  0,00 | 0,258 | 243,96 | 243,96 |  0,00 | 284,630 | 28,60 | 28,60 | 658,403 |   NaN | NaN | 0,00 | 0,00 | NaN
  64 |  0,00 | 5,490 | 557,02 | 557,02 | 603,79 |  0,00 | 0,151 | 44,35 | 44,35 |  0,00 | 0,188 | 241,30 | 241,30 |  0,00 | 0,267 | 242,77 | 242,77 |  0,00 | 350,738 | 28,60 | 28,60 | 718,816 |   NaN | NaN | 0,00 | 0,00 | NaN

= = = = = = = = = = = = AVERAGE RESULTS system = = = = = = = = = = = =
meanPLR_system | 0,000000 
meanDelay_system | 3,751977 
meanLoad_system | 560,503023 
meanTHR_system | 560,503023 
meanGate_system | 599,908539 

meanPLR_EF_system | 0,000000 
meanPLR_AF_system | 0,000000 
meanPLR_BE_system | 0,000000 
meanPLR_FLA_system | 0,000000 
meanPLR_FLB_system | NaN 

meanTHR_EF_system | 44,352002 
meanTHR_AF_system | 243,995054 
meanTHR_BE_system | 243,555149 
meanTHR_FLA_system | 29,021908 
meanTHR_FLB_system | 0,000000 

meanLoad_EF_system | 44,352002 
meanLoad_AF_system | 243,995054 
meanLoad_BE_system | 243,555149 
meanLoad_FLA_system | 29,021908 
meanLoad_FLB_system | 0,000000 

meanDELAY_EF_system | 0,112121 
meanDELAY_AF_system | 0,136981 
meanDELAY_BE_system | 0,281188 
meanDELAY_FLA_system | 238,469317 
meanDELAY_FLB_system | NaN 
meanDELAY_CompleteFLA_system | 501,833756 
meanDELAY_CompleteFLB_system | NaN 

= = = = = = = = = = = = AVERAGE RESULTS = = = = = = = = = = = =
Packet Loss Ratio: 00,00 (%)
PROCESSED PACKAGES: 2092733070 
DISCARTED PACKAGES: 0 
TOTAL PACKAGES: 2092733070 
AVERAGE DELAY: 593,25 (ms) 
AVERAGE THROUGHPUT: 560,50 (Mbps) 
GRANTED THROUGHPUT: 38394,15 (Mbps) By 64 ONUs
EFFECTIVE THROUGHPUT: 35872,19 (Mbps) By 64 ONUs
TOTAL LOAD: 35872,19 (Mbps) By 64 ONUs
ON Arrival THROUGHPUT: 0,00 (Mbps) By 64 ONUs
FINISHTIMEFL: 203,763311 
FINISHTIME: 206,763311 


fileName | IPACT_LBCONSTANTTOKENSBYCYCLE_5_28_65_0 
