
ONU ID 	|  PLR(%) | Delay(ms) | Throughput(Mbps) | Granted Throughput(Mbps) | Total Load (Mbps) 

  ID |  PLR(%) |  D  | Thr |  Gates  |  Load  | PLR-EF | D-EF | ThrEF | LoadEF | PLR-AF | D-AF | ThrAF | LoadAF | PLR-BE | D-BE | ThrBE | LoadBE | PLR-FA | D-FA | ThrFA | LoadFA | DTFA |  PLR-FB | D-FB | ThrFB | LoadFB | DTFB | 
   1 |  8,35 | 293,457 | 755,06 | 823,83 | 759,36 |  0,00 | 1,407 | 44,35 | 44,35 |  0,00 | 13,267 | 365,66 | 365,66 | 19,48 | 1176,491 | 284,19 | 352,97 |  0,00 | 245,473 | 60,85 | 60,85 | 511,069 |   NaN | NaN | 0,00 | 0,00 | NaN
   2 |  8,67 | 275,832 | 754,41 | 826,00 | 758,75 |  0,00 | 1,419 | 44,35 | 44,35 |  0,00 | 2,565 | 361,12 | 361,12 | 19,90 | 1059,958 | 288,08 | 359,68 |  0,00 | 615,250 | 60,85 | 60,85 | 1250,511 |   NaN | NaN | 0,00 | 0,00 | NaN
   3 |  8,55 | 276,416 | 753,67 | 824,13 | 757,97 |  0,00 | 1,355 | 44,35 | 44,35 |  0,00 | 3,351 | 359,54 | 359,54 | 19,61 | 1060,347 | 288,93 | 359,38 |  0,00 | 589,020 | 60,85 | 60,85 | 1198,027 |   NaN | NaN | 0,00 | 0,00 | NaN
   4 |  9,44 | 294,117 | 755,16 | 833,92 | 759,60 |  0,00 | 1,361 | 44,35 | 44,35 |  0,00 | 20,738 | 367,76 | 367,76 | 21,82 | 1183,903 | 282,20 | 360,96 |  0,00 | 193,062 | 60,85 | 60,85 | 406,194 |   NaN | NaN | 0,00 | 0,00 | NaN
   5 |  8,21 | 269,559 | 755,00 | 822,51 | 759,31 |  0,00 | 1,386 | 44,35 | 44,35 |  0,00 | 2,915 | 359,31 | 359,31 | 18,86 | 1005,151 | 290,49 | 357,99 |  0,00 | 796,788 | 60,85 | 60,85 | 1613,629 |   NaN | NaN | 0,00 | 0,00 | NaN
   6 |  9,15 | 277,655 | 754,15 | 830,07 | 758,46 |  0,00 | 1,335 | 44,35 | 44,35 |  0,00 | 2,380 | 363,79 | 363,79 | 21,02 | 1071,563 | 285,16 | 361,07 |  0,00 | 674,607 | 60,85 | 60,85 | 1369,358 |   NaN | NaN | 0,00 | 0,00 | NaN
   7 |  8,63 | 289,378 | 755,01 | 826,32 | 759,31 |  0,00 | 1,353 | 44,35 | 44,35 |  0,00 | 7,176 | 362,25 | 362,25 | 19,87 | 1142,404 | 287,56 | 358,87 |  0,00 | 347,475 | 60,85 | 60,85 | 715,017 |   NaN | NaN | 0,00 | 0,00 | NaN
   8 |  8,92 | 282,255 | 753,62 | 827,41 | 757,94 |  0,00 | 1,403 | 44,35 | 44,35 |  0,00 | 2,987 | 358,66 | 358,66 | 20,30 | 1076,338 | 289,76 | 363,54 |  0,00 | 633,442 | 60,85 | 60,85 | 1287,031 |   NaN | NaN | 0,00 | 0,00 | NaN
   9 |  9,05 | 282,403 | 754,33 | 829,35 | 758,63 |  0,00 | 1,343 | 44,35 | 44,35 |  0,00 | 4,893 | 364,76 | 364,76 | 20,87 | 1115,060 | 284,37 | 359,38 |  0,00 | 463,428 | 60,85 | 60,85 | 947,074 |   NaN | NaN | 0,00 | 0,00 | NaN
  10 |  8,55 | 288,265 | 755,86 | 826,50 | 760,22 |  0,00 | 1,404 | 44,35 | 44,35 |  0,00 | 13,254 | 360,89 | 360,89 | 19,60 | 1136,185 | 289,77 | 360,41 |  0,00 | 225,719 | 60,85 | 60,85 | 471,587 |   NaN | NaN | 0,00 | 0,00 | NaN
  11 |  8,04 | 266,568 | 754,11 | 820,02 | 758,43 |  0,00 | 1,344 | 44,35 | 44,35 |  0,00 | 2,109 | 353,20 | 353,20 | 18,23 | 947,086 | 295,71 | 361,61 |  0,00 | 1064,413 | 60,85 | 60,85 | 2148,853 |   NaN | NaN | 0,00 | 0,00 | NaN
  12 |  8,51 | 279,457 | 754,74 | 824,96 | 759,07 |  0,00 | 1,406 | 44,35 | 44,35 |  0,00 | 3,668 | 360,47 | 360,47 | 19,55 | 1061,241 | 289,06 | 359,29 |  0,00 | 697,198 | 60,85 | 60,85 | 1414,466 |   NaN | NaN | 0,00 | 0,00 | NaN
  13 |  7,47 | 271,367 | 754,57 | 815,50 | 758,86 |  0,00 | 1,371 | 44,35 | 44,35 |  0,00 | 2,361 | 355,79 | 355,79 | 17,19 | 1023,555 | 293,58 | 354,51 |  0,00 | 609,568 | 60,85 | 60,85 | 1239,327 |   NaN | NaN | 0,00 | 0,00 | NaN
  14 |  8,98 | 277,008 | 754,12 | 828,52 | 758,44 |  0,00 | 1,412 | 44,35 | 44,35 |  0,00 | 1,943 | 361,53 | 361,53 | 20,57 | 1048,180 | 287,39 | 361,79 |  0,00 | 788,719 | 60,85 | 60,85 | 1597,592 |   NaN | NaN | 0,00 | 0,00 | NaN
  15 |  8,32 | 288,256 | 753,99 | 822,39 | 758,31 |  0,00 | 1,406 | 44,35 | 44,35 |  0,00 | 7,111 | 356,56 | 356,56 | 18,97 | 1118,839 | 292,23 | 360,62 |  0,00 | 343,920 | 60,85 | 60,85 | 708,003 |   NaN | NaN | 0,00 | 0,00 | NaN
  16 |  9,21 | 289,720 | 755,27 | 831,88 | 759,57 |  0,00 | 1,397 | 44,35 | 44,35 |  0,00 | 3,360 | 360,73 | 360,73 | 20,94 | 1122,407 | 289,33 | 365,95 |  0,00 | 521,499 | 60,85 | 60,85 | 1063,135 |   NaN | NaN | 0,00 | 0,00 | NaN
  17 |  9,07 | 287,087 | 754,95 | 830,30 | 759,28 |  0,00 | 1,410 | 44,35 | 44,35 |  0,00 | 3,325 | 362,53 | 362,53 | 20,78 | 1120,518 | 287,22 | 362,57 |  0,00 | 506,628 | 60,85 | 60,85 | 1033,330 |   NaN | NaN | 0,00 | 0,00 | NaN
  18 |  8,67 | 274,289 | 752,02 | 823,42 | 756,32 |  0,00 | 1,387 | 44,35 | 44,35 |  0,00 | 2,141 | 357,78 | 357,78 | 19,81 | 990,413 | 289,03 | 360,43 |  0,00 | 1134,307 | 60,85 | 60,85 | 2288,813 |   NaN | NaN | 0,00 | 0,00 | NaN
  19 |  7,64 | 269,835 | 755,57 | 818,06 | 759,90 |  0,00 | 1,378 | 44,35 | 44,35 |  0,00 | 2,540 | 354,49 | 354,49 | 17,44 | 975,143 | 295,88 | 358,37 |  0,00 | 928,824 | 60,85 | 60,85 | 1877,765 |   NaN | NaN | 0,00 | 0,00 | NaN
  20 |  7,98 | 264,983 | 754,88 | 820,32 | 759,17 |  0,00 | 1,373 | 44,35 | 44,35 |  0,00 | 1,707 | 361,94 | 361,94 | 18,53 | 966,044 | 287,73 | 353,18 |  0,00 | 1078,738 | 60,85 | 60,85 | 2177,662 |   NaN | NaN | 0,00 | 0,00 | NaN
  21 |  7,28 | 277,830 | 753,73 | 812,94 | 758,04 |  0,00 | 1,378 | 44,35 | 44,35 |  0,00 | 10,185 | 354,49 | 354,49 | 16,76 | 1072,964 | 294,04 | 353,25 |  0,00 | 285,439 | 60,85 | 60,85 | 590,998 |   NaN | NaN | 0,00 | 0,00 | NaN
  22 |  9,43 | 282,374 | 755,02 | 833,65 | 759,37 |  0,00 | 1,416 | 44,35 | 44,35 |  0,00 | 2,299 | 369,40 | 369,40 | 21,90 | 1093,418 | 280,41 | 359,04 |  0,00 | 822,686 | 60,85 | 60,85 | 1665,429 |   NaN | NaN | 0,00 | 0,00 | NaN
  23 |  8,92 | 276,450 | 754,48 | 828,39 | 758,81 |  0,00 | 1,398 | 44,35 | 44,35 |  0,00 | 1,946 | 363,64 | 363,64 | 20,56 | 1027,892 | 285,64 | 359,54 |  0,00 | 1008,282 | 60,85 | 60,85 | 2036,779 |   NaN | NaN | 0,00 | 0,00 | NaN
  24 |  8,57 | 284,180 | 754,98 | 825,77 | 759,28 |  0,00 | 1,360 | 44,35 | 44,35 |  0,00 | 2,899 | 359,33 | 359,33 | 19,60 | 1086,012 | 290,45 | 361,24 |  0,00 | 608,635 | 60,85 | 60,85 | 1237,445 |   NaN | NaN | 0,00 | 0,00 | NaN
  25 |  9,55 | 292,481 | 753,66 | 833,26 | 758,01 |  0,00 | 1,417 | 44,35 | 44,35 |  0,00 | 5,343 | 359,81 | 359,81 | 21,62 | 1148,532 | 288,64 | 368,24 |  0,00 | 377,522 | 60,85 | 60,85 | 775,280 |   NaN | NaN | 0,00 | 0,00 | NaN
  26 |  8,19 | 288,288 | 755,18 | 822,59 | 759,52 |  0,00 | 1,414 | 44,35 | 44,35 |  0,00 | 7,094 | 358,39 | 358,39 | 18,78 | 1123,866 | 291,58 | 358,99 |  0,00 | 334,750 | 60,85 | 60,85 | 689,665 |   NaN | NaN | 0,00 | 0,00 | NaN
  27 |  8,24 | 263,299 | 753,93 | 821,65 | 758,22 |  0,00 | 1,340 | 44,35 | 44,35 |  0,00 | 2,030 | 360,44 | 360,44 | 19,02 | 948,339 | 288,29 | 356,01 |  0,00 | 1146,565 | 60,85 | 60,85 | 2313,223 |   NaN | NaN | 0,00 | 0,00 | NaN
  28 |  7,87 | 270,572 | 754,34 | 818,77 | 758,65 |  0,00 | 1,407 | 44,35 | 44,35 |  0,00 | 2,899 | 360,12 | 360,12 | 18,23 | 990,004 | 289,01 | 353,44 |  0,00 | 1013,315 | 60,85 | 60,85 | 2046,820 |   NaN | NaN | 0,00 | 0,00 | NaN
  29 |  9,06 | 270,544 | 754,93 | 830,14 | 759,23 |  0,00 | 1,386 | 44,35 | 44,35 |  0,00 | 2,032 | 362,45 | 362,45 | 20,75 | 992,881 | 287,29 | 362,49 |  0,00 | 1052,552 | 60,85 | 60,85 | 2125,170 |   NaN | NaN | 0,00 | 0,00 | NaN
  30 |  8,09 | 270,992 | 754,96 | 821,37 | 759,29 |  0,00 | 1,416 | 44,35 | 44,35 |  0,00 | 2,105 | 357,40 | 357,40 | 18,51 | 972,082 | 292,35 | 358,77 |  0,00 | 1102,832 | 60,85 | 60,85 | 2225,762 |   NaN | NaN | 0,00 | 0,00 | NaN
  31 |  8,26 | 270,705 | 756,03 | 824,06 | 760,34 |  0,00 | 1,383 | 44,35 | 44,35 |  0,00 | 1,974 | 359,59 | 359,59 | 18,94 | 985,882 | 291,23 | 359,26 |  0,00 | 1009,176 | 60,85 | 60,85 | 2038,399 |   NaN | NaN | 0,00 | 0,00 | NaN
  32 |  8,42 | 273,539 | 755,79 | 825,28 | 760,10 |  0,00 | 1,340 | 44,35 | 44,35 |  0,00 | 2,660 | 359,91 | 359,91 | 19,29 | 992,299 | 290,68 | 360,16 |  0,00 | 1066,989 | 60,85 | 60,85 | 2154,093 |   NaN | NaN | 0,00 | 0,00 | NaN
  33 |  7,84 | 263,906 | 755,45 | 819,71 | 759,78 |  0,00 | 1,405 | 44,35 | 44,35 |  0,00 | 1,937 | 356,46 | 356,46 | 17,95 | 940,735 | 293,79 | 358,04 |  0,00 | 1090,431 | 60,85 | 60,85 | 2201,007 |   NaN | NaN | 0,00 | 0,00 | NaN
  34 |  7,66 | 269,008 | 755,91 | 818,60 | 760,21 |  0,00 | 1,396 | 44,35 | 44,35 |  0,00 | 2,101 | 359,39 | 359,39 | 17,71 | 960,221 | 291,32 | 354,01 |  0,00 | 1178,477 | 60,85 | 60,85 | 2377,094 |   NaN | NaN | 0,00 | 0,00 | NaN
  35 |  9,00 | 271,611 | 756,27 | 831,06 | 760,56 |  0,00 | 1,345 | 44,35 | 44,35 |  0,00 | 1,641 | 362,50 | 362,50 | 20,58 | 977,014 | 288,56 | 363,35 |  0,00 | 1211,166 | 60,85 | 60,85 | 2443,445 |   NaN | NaN | 0,00 | 0,00 | NaN
  36 |  7,94 | 262,458 | 755,04 | 820,12 | 759,35 |  0,00 | 1,399 | 44,35 | 44,35 |  0,00 | 2,311 | 353,77 | 353,77 | 18,02 | 919,864 | 296,07 | 361,14 |  0,00 | 1159,152 | 60,85 | 60,85 | 2338,364 |   NaN | NaN | 0,00 | 0,00 | NaN
  37 |  9,14 | 273,772 | 755,87 | 831,95 | 760,19 |  0,00 | 1,381 | 44,35 | 44,35 |  0,00 | 2,402 | 366,44 | 366,44 | 21,11 | 1016,303 | 284,23 | 360,30 |  0,00 | 1063,765 | 60,85 | 60,85 | 2147,624 |   NaN | NaN | 0,00 | 0,00 | NaN
  38 |  8,56 | 270,996 | 755,37 | 826,13 | 759,68 |  0,00 | 1,373 | 44,35 | 44,35 |  0,00 | 2,393 | 361,36 | 361,36 | 19,68 | 982,627 | 288,80 | 359,56 |  0,00 | 1116,288 | 60,85 | 60,85 | 2252,660 |   NaN | NaN | 0,00 | 0,00 | NaN
  39 |  7,39 | 264,717 | 753,55 | 813,68 | 757,89 |  0,00 | 1,416 | 44,35 | 44,35 |  0,00 | 2,575 | 354,87 | 354,87 | 17,01 | 943,483 | 293,47 | 353,60 |  0,00 | 1082,167 | 60,85 | 60,85 | 2184,521 |   NaN | NaN | 0,00 | 0,00 | NaN
  40 |  7,34 | 264,303 | 754,52 | 814,28 | 758,83 |  0,00 | 1,416 | 44,35 | 44,35 |  0,00 | 2,482 | 356,19 | 356,19 | 16,94 | 937,043 | 293,12 | 352,89 |  0,00 | 1143,007 | 60,85 | 60,85 | 2306,165 |   NaN | NaN | 0,00 | 0,00 | NaN
  41 |  8,94 | 275,500 | 753,53 | 827,53 | 757,87 |  0,00 | 1,399 | 44,35 | 44,35 |  0,00 | 2,538 | 357,71 | 357,71 | 20,29 | 1002,122 | 290,62 | 364,61 |  0,00 | 1032,696 | 60,85 | 60,85 | 2085,393 |   NaN | NaN | 0,00 | 0,00 | NaN
  42 |  9,12 | 276,105 | 755,86 | 831,73 | 760,18 |  0,00 | 1,345 | 44,35 | 44,35 |  0,00 | 2,336 | 363,41 | 363,41 | 20,89 | 1017,242 | 287,25 | 363,12 |  0,00 | 1046,399 | 60,85 | 60,85 | 2112,911 |   NaN | NaN | 0,00 | 0,00 | NaN
  43 |  9,07 | 270,988 | 755,43 | 830,77 | 759,76 |  0,00 | 1,423 | 44,35 | 44,35 |  0,00 | 2,388 | 362,77 | 362,77 | 20,77 | 990,510 | 287,45 | 362,80 |  0,00 | 1085,064 | 60,85 | 60,85 | 2190,271 |   NaN | NaN | 0,00 | 0,00 | NaN
  44 |  9,17 | 279,380 | 755,57 | 831,85 | 759,87 |  0,00 | 1,336 | 44,35 | 44,35 |  0,00 | 1,898 | 360,49 | 360,49 | 20,83 | 1024,053 | 289,88 | 366,15 |  0,00 | 1026,398 | 60,85 | 60,85 | 2072,947 |   NaN | NaN | 0,00 | 0,00 | NaN
  45 |  8,69 | 271,307 | 754,32 | 826,06 | 758,67 |  0,00 | 1,420 | 44,35 | 44,35 |  0,00 | 2,285 | 365,02 | 365,02 | 20,16 | 1007,737 | 284,10 | 355,84 |  0,00 | 1040,901 | 60,85 | 60,85 | 2101,813 |   NaN | NaN | 0,00 | 0,00 | NaN
  46 |  8,48 | 263,682 | 755,13 | 825,09 | 759,45 |  0,00 | 1,359 | 44,35 | 44,35 |  0,00 | 1,890 | 356,80 | 356,80 | 19,27 | 943,036 | 293,12 | 363,08 |  0,00 | 1079,671 | 60,85 | 60,85 | 2179,483 |   NaN | NaN | 0,00 | 0,00 | NaN
  47 |  8,06 | 272,889 | 755,41 | 821,64 | 759,73 |  0,00 | 1,357 | 44,35 | 44,35 |  0,00 | 2,099 | 360,27 | 360,27 | 18,59 | 998,872 | 289,94 | 356,17 |  0,00 | 1009,538 | 60,85 | 60,85 | 2039,193 |   NaN | NaN | 0,00 | 0,00 | NaN
  48 |  8,01 | 263,138 | 754,12 | 819,78 | 758,44 |  0,00 | 1,386 | 44,35 | 44,35 |  0,00 | 2,088 | 357,41 | 357,41 | 18,38 | 950,947 | 291,51 | 357,17 |  0,00 | 1025,927 | 60,85 | 60,85 | 2071,944 |   NaN | NaN | 0,00 | 0,00 | NaN
  49 |  7,88 | 270,143 | 754,62 | 819,21 | 758,95 |  0,00 | 1,399 | 44,35 | 44,35 |  0,00 | 2,682 | 358,34 | 358,34 | 18,16 | 982,730 | 291,08 | 355,67 |  0,00 | 1005,826 | 60,85 | 60,85 | 2031,746 |   NaN | NaN | 0,00 | 0,00 | NaN
  50 |  8,37 | 266,397 | 754,12 | 822,99 | 758,43 |  0,00 | 1,353 | 44,35 | 44,35 |  0,00 | 2,028 | 360,57 | 360,57 | 19,28 | 967,872 | 288,35 | 357,21 |  0,00 | 1086,584 | 60,85 | 60,85 | 2193,382 |   NaN | NaN | 0,00 | 0,00 | NaN
  51 |  8,62 | 269,642 | 755,64 | 826,91 | 759,95 |  0,00 | 1,351 | 44,35 | 44,35 |  0,00 | 1,853 | 359,95 | 359,95 | 19,70 | 981,558 | 290,49 | 361,75 |  0,00 | 1031,845 | 60,85 | 60,85 | 2083,822 |   NaN | NaN | 0,00 | 0,00 | NaN
  52 |  8,42 | 269,825 | 755,20 | 824,64 | 759,53 |  0,00 | 1,378 | 44,35 | 44,35 |  0,00 | 1,942 | 355,06 | 355,06 | 19,06 | 966,368 | 294,94 | 364,37 |  0,00 | 1041,271 | 60,85 | 60,85 | 2102,801 |   NaN | NaN | 0,00 | 0,00 | NaN
  53 |  8,58 | 275,337 | 754,51 | 825,31 | 758,82 |  0,00 | 1,365 | 44,35 | 44,35 |  0,00 | 2,610 | 360,42 | 360,42 | 19,68 | 1004,674 | 288,88 | 359,68 |  0,00 | 1065,266 | 60,85 | 60,85 | 2150,641 |   NaN | NaN | 0,00 | 0,00 | NaN
  54 |  7,82 | 271,810 | 755,27 | 819,35 | 759,59 |  0,00 | 1,367 | 44,35 | 44,35 |  0,00 | 2,819 | 359,69 | 359,69 | 18,08 | 988,258 | 290,38 | 354,46 |  0,00 | 1041,725 | 60,85 | 60,85 | 2103,518 |   NaN | NaN | 0,00 | 0,00 | NaN
  55 |  8,27 | 272,362 | 753,85 | 821,78 | 758,16 |  0,00 | 1,352 | 44,35 | 44,35 |  0,00 | 2,128 | 357,58 | 357,58 | 18,92 | 979,978 | 291,07 | 359,00 |  0,00 | 1112,357 | 60,85 | 60,85 | 2244,856 |   NaN | NaN | 0,00 | 0,00 | NaN
  56 |  7,76 | 269,511 | 755,55 | 819,13 | 759,87 |  0,00 | 1,358 | 44,35 | 44,35 |  0,00 | 2,272 | 357,43 | 357,43 | 17,84 | 972,609 | 292,92 | 356,50 |  0,00 | 1028,609 | 60,85 | 60,85 | 2077,224 |   NaN | NaN | 0,00 | 0,00 | NaN
  57 |  8,29 | 267,790 | 753,72 | 821,86 | 758,03 |  0,00 | 1,355 | 44,35 | 44,35 |  0,00 | 3,211 | 357,13 | 357,13 | 18,95 | 969,699 | 291,39 | 359,52 |  0,00 | 1013,988 | 60,85 | 60,85 | 2048,162 |   NaN | NaN | 0,00 | 0,00 | NaN
  58 |  8,59 | 273,451 | 755,63 | 826,64 | 759,95 |  0,00 | 1,384 | 44,35 | 44,35 |  0,00 | 2,075 | 362,44 | 362,44 | 19,78 | 1007,415 | 287,98 | 358,99 |  0,00 | 1011,849 | 60,85 | 60,85 | 2043,784 |   NaN | NaN | 0,00 | 0,00 | NaN
  59 |  8,95 | 270,788 | 755,92 | 830,23 | 760,21 |  0,00 | 1,403 | 44,35 | 44,35 |  0,00 | 1,990 | 358,71 | 358,71 | 20,29 | 965,335 | 292,01 | 366,32 |  0,00 | 1173,952 | 60,85 | 60,85 | 2368,038 |   NaN | NaN | 0,00 | 0,00 | NaN
  60 |  8,66 | 270,675 | 753,80 | 825,26 | 758,11 |  0,00 | 1,338 | 44,35 | 44,35 |  0,00 | 2,020 | 360,59 | 360,59 | 19,88 | 992,227 | 288,01 | 359,47 |  0,00 | 1032,728 | 60,85 | 60,85 | 2085,530 |   NaN | NaN | 0,00 | 0,00 | NaN
  61 |  8,96 | 270,348 | 755,35 | 829,65 | 759,66 |  0,00 | 1,360 | 44,35 | 44,35 |  0,00 | 2,381 | 362,45 | 362,45 | 20,53 | 989,030 | 287,69 | 362,00 |  0,00 | 1068,722 | 60,85 | 60,85 | 2157,614 |   NaN | NaN | 0,00 | 0,00 | NaN
  62 |  8,75 | 272,784 | 754,05 | 826,39 | 758,41 |  0,00 | 1,422 | 44,35 | 44,35 |  0,00 | 2,709 | 358,76 | 358,76 | 19,96 | 993,735 | 290,09 | 362,43 |  0,00 | 1025,480 | 60,85 | 60,85 | 2071,065 |   NaN | NaN | 0,00 | 0,00 | NaN
  63 |  8,66 | 273,420 | 754,69 | 826,25 | 758,98 |  0,00 | 1,377 | 44,35 | 44,35 |  0,00 | 2,509 | 363,00 | 363,00 | 19,99 | 1000,748 | 286,49 | 358,05 |  0,00 | 1105,722 | 60,85 | 60,85 | 2231,560 |   NaN | NaN | 0,00 | 0,00 | NaN
  64 |  7,54 | 263,079 | 755,73 | 817,32 | 760,07 |  0,00 | 1,420 | 44,35 | 44,35 |  0,00 | 2,162 | 357,19 | 357,19 | 17,35 | 944,080 | 293,33 | 354,92 |  0,00 | 1042,560 | 60,85 | 60,85 | 2105,197 |   NaN | NaN | 0,00 | 0,00 | NaN

= = = = = = = = = = = = AVERAGE RESULTS system = = = = = = = = = = = =
meanPLR_system | 8,465638 
meanDelay_system | 274,379429 
meanLoad_system | 824,627200 
meanTHR_system | 754,789618 
meanGate_system | 759,108537 

meanPLR_EF_system | 0,000000 
meanPLR_AF_system | 0,000000 
meanPLR_BE_system | 19,420120 
meanPLR_FLA_system | 0,000000 
meanPLR_FLB_system | NaN 

meanTHR_EF_system | 44,352002 
meanTHR_AF_system | 359,967541 
meanTHR_BE_system | 289,618390 
meanTHR_FLA_system | 62,195688 
meanTHR_FLB_system | 0,000000 

meanLoad_EF_system | 44,352002 
meanLoad_AF_system | 359,967541 
meanLoad_BE_system | 359,455973 
meanLoad_FLA_system | 62,195688 
meanLoad_FLB_system | 0,000000 

meanDELAY_EF_system | 1,381938 
meanDELAY_AF_system | 3,437645 
meanDELAY_BE_system | 1018,017533 
meanDELAY_FLA_system | 883,849240 
meanDELAY_FLB_system | NaN 
meanDELAY_CompleteFLA_system | 1787,832492 
meanDELAY_CompleteFLB_system | NaN 

= = = = = = = = = = = = AVERAGE RESULTS = = = = = = = = = = = =
Packet Loss Ratio: 08,47 (%)
PROCESSED PACKAGES: 1655621149 
DISCARTED PACKAGES: 96932997 
TOTAL PACKAGES: 1752554146 
AVERAGE DELAY: 51127,14 (ms) 
AVERAGE THROUGHPUT: 754,79 (Mbps) 
GRANTED THROUGHPUT: 48582,95 (Mbps) By 64 ONUs
EFFECTIVE THROUGHPUT: 48306,54 (Mbps) By 64 ONUs
TOTAL LOAD: 52776,14 (Mbps) By 64 ONUs
ON Arrival THROUGHPUT: 0,00 (Mbps) By 64 ONUs
FINISHTIMEFL: 135,829351 
FINISHTIME: 138,829351 


fileName | IPACT_LBCONSTANTTOKENSBYCYCLE_2_40_96_0 
