
ONU ID 	|  PLR(%) | Delay(ms) | Throughput(Mbps) | Granted Throughput(Mbps) | Total Load (Mbps) 

  ID |  PLR(%) |  D  | Thr |  Gates  |  Load  | PLR-EF | D-EF | ThrEF | LoadEF | PLR-AF | D-AF | ThrAF | LoadAF | PLR-BE | D-BE | ThrBE | LoadBE | PLR-FA | D-FA | ThrFA | LoadFA | DTFA |  PLR-FB | D-FB | ThrFB | LoadFB | DTFB | 
   1 |  0,00 | 1,152 | 679,98 | 679,98 | 700,30 |  0,00 | 0,425 | 44,35 | 44,35 |  0,00 | 0,429 | 303,92 | 303,92 |  0,00 | 1,267 | 295,82 | 295,82 |  0,00 | 30,166 | 35,88 | 35,88 | 82,880 |   NaN | NaN | 0,00 | 0,00 | NaN
   2 |  0,00 | 1,767 | 682,47 | 682,47 | 705,19 |  0,00 | 0,437 | 44,35 | 44,35 |  0,00 | 0,439 | 303,63 | 303,63 |  0,00 | 2,384 | 298,61 | 298,61 |  0,00 | 48,497 | 35,88 | 35,88 | 119,723 |   NaN | NaN | 0,00 | 0,00 | NaN
   3 |  0,00 | 1,524 | 677,78 | 677,78 | 696,90 |  0,00 | 0,374 | 44,35 | 44,35 |  0,00 | 0,371 | 299,53 | 299,53 |  0,00 | 1,725 | 298,02 | 298,02 |  0,00 | 46,962 | 35,88 | 35,88 | 105,173 |   NaN | NaN | 0,00 | 0,00 | NaN
   4 |  0,00 | 1,092 | 684,70 | 684,70 | 703,81 |  0,00 | 0,379 | 44,35 | 44,35 |  0,00 | 0,375 | 304,10 | 304,10 |  0,00 | 1,260 | 300,37 | 300,37 |  0,00 | 28,749 | 35,88 | 35,88 | 77,633 |   NaN | NaN | 0,00 | 0,00 | NaN
   5 |  0,00 | 1,399 | 678,68 | 678,68 | 697,91 |  0,00 | 0,405 | 44,35 | 44,35 |  0,00 | 0,409 | 299,68 | 299,68 |  0,00 | 1,721 | 298,76 | 298,76 |  0,00 | 38,240 | 35,88 | 35,88 | 96,662 |   NaN | NaN | 0,00 | 0,00 | NaN
   6 |  0,00 | 1,105 | 682,86 | 682,86 | 701,95 |  0,00 | 0,353 | 44,35 | 44,35 |  0,00 | 0,351 | 301,74 | 301,74 |  0,00 | 1,394 | 300,89 | 300,89 |  0,00 | 28,407 | 35,88 | 35,88 | 78,506 |   NaN | NaN | 0,00 | 0,00 | NaN
   7 |  0,00 | 1,495 | 682,14 | 682,14 | 701,24 |  0,00 | 0,372 | 44,35 | 44,35 |  0,00 | 0,369 | 301,84 | 301,84 |  0,00 | 2,115 | 300,07 | 300,07 |  0,00 | 39,324 | 35,88 | 35,88 | 99,849 |   NaN | NaN | 0,00 | 0,00 | NaN
   8 |  0,00 | 1,264 | 681,79 | 681,79 | 701,75 |  0,00 | 0,422 | 44,35 | 44,35 |  0,00 | 0,419 | 299,72 | 299,72 |  0,00 | 1,507 | 301,84 | 301,84 |  0,00 | 33,008 | 35,88 | 35,88 | 89,150 |   NaN | NaN | 0,00 | 0,00 | NaN
   9 |  0,00 | 1,064 | 683,39 | 683,39 | 702,51 |  0,00 | 0,361 | 44,35 | 44,35 |  0,00 | 0,357 | 301,11 | 301,11 |  0,00 | 1,254 | 302,04 | 302,04 |  0,00 | 27,868 | 35,88 | 35,88 | 77,142 |   NaN | NaN | 0,00 | 0,00 | NaN
  10 |  0,00 | 1,169 | 679,24 | 679,24 | 699,24 |  0,00 | 0,422 | 44,35 | 44,35 |  0,00 | 0,419 | 300,03 | 300,03 |  0,00 | 1,253 | 298,98 | 298,98 |  0,00 | 31,445 | 35,88 | 35,88 | 83,481 |   NaN | NaN | 0,00 | 0,00 | NaN
  11 |  0,00 | 10,383 | 677,88 | 677,88 | 697,05 |  0,00 | 0,362 | 44,35 | 44,35 |  0,00 | 0,363 | 296,64 | 296,64 |  0,00 | 27,876 | 301,00 | 301,00 |  0,00 | 155,430 | 35,88 | 35,88 | 359,128 |   NaN | NaN | 0,00 | 0,00 | NaN
  12 |  0,00 | 1,057 | 680,55 | 680,55 | 700,79 |  0,00 | 0,424 | 44,35 | 44,35 |  0,00 | 0,415 | 300,18 | 300,18 |  0,00 | 1,122 | 300,14 | 300,14 |  0,00 | 26,928 | 35,88 | 35,88 | 75,041 |   NaN | NaN | 0,00 | 0,00 | NaN
  13 |  0,00 | 1,636 | 673,84 | 673,84 | 693,00 |  0,00 | 0,389 | 44,35 | 44,35 |  0,00 | 0,390 | 298,40 | 298,40 |  0,00 | 2,091 | 295,21 | 295,21 |  0,00 | 47,146 | 35,88 | 35,88 | 117,008 |   NaN | NaN | 0,00 | 0,00 | NaN
  14 |  0,00 | 1,392 | 681,52 | 681,52 | 702,69 |  0,00 | 0,430 | 44,35 | 44,35 |  0,00 | 0,425 | 300,67 | 300,67 |  0,00 | 1,649 | 300,61 | 300,61 |  0,00 | 38,061 | 35,88 | 35,88 | 92,654 |   NaN | NaN | 0,00 | 0,00 | NaN
  15 |  0,00 | 1,350 | 677,35 | 677,35 | 697,60 |  0,00 | 0,424 | 44,35 | 44,35 |  0,00 | 0,422 | 295,26 | 295,26 |  0,00 | 1,807 | 301,86 | 301,86 |  0,00 | 33,022 | 35,88 | 35,88 | 90,822 |   NaN | NaN | 0,00 | 0,00 | NaN
  16 |  0,00 | 1,234 | 687,65 | 687,65 | 707,17 |  0,00 | 0,416 | 44,35 | 44,35 |  0,00 | 0,419 | 301,56 | 301,56 |  0,00 | 1,695 | 305,86 | 305,86 |  0,00 | 28,444 | 35,88 | 35,88 | 78,161 |   NaN | NaN | 0,00 | 0,00 | NaN
  17 |  0,00 | 1,111 | 682,92 | 682,92 | 703,78 |  0,00 | 0,428 | 44,35 | 44,35 |  0,00 | 0,432 | 302,33 | 302,33 |  0,00 | 1,198 | 300,35 | 300,35 |  0,00 | 28,624 | 35,88 | 35,88 | 77,117 |   NaN | NaN | 0,00 | 0,00 | NaN
  18 |  0,00 | 2,432 | 677,31 | 677,31 | 696,56 |  0,00 | 0,405 | 44,35 | 44,35 |  0,00 | 0,411 | 298,02 | 298,02 |  0,00 | 3,996 | 299,06 | 299,06 |  0,00 | 63,170 | 35,88 | 35,88 | 151,846 |   NaN | NaN | 0,00 | 0,00 | NaN
  19 |  0,00 | 7,350 | 672,54 | 672,54 | 691,77 |  0,00 | 0,396 | 44,35 | 44,35 |  0,00 | 0,391 | 295,13 | 295,13 |  0,00 | 15,535 | 297,18 | 297,18 |  0,00 | 171,667 | 35,88 | 35,88 | 340,351 |   NaN | NaN | 0,00 | 0,00 | NaN
  20 |  0,00 | 7,191 | 676,31 | 676,31 | 695,49 |  0,00 | 0,392 | 44,35 | 44,35 |  0,00 | 0,390 | 300,87 | 300,87 |  0,00 | 18,360 | 295,21 | 295,21 |  0,00 | 121,651 | 35,88 | 35,88 | 295,137 |   NaN | NaN | 0,00 | 0,00 | NaN
  21 |  0,00 | 1,060 | 670,49 | 670,49 | 689,63 |  0,00 | 0,396 | 44,35 | 44,35 |  0,00 | 0,397 | 296,36 | 296,36 |  0,00 | 1,129 | 293,89 | 293,89 |  0,00 | 27,891 | 35,88 | 35,88 | 76,698 |   NaN | NaN | 0,00 | 0,00 | NaN
  22 |  0,00 | 1,743 | 685,30 | 685,30 | 707,45 |  0,00 | 0,435 | 44,35 | 44,35 |  0,00 | 0,436 | 305,99 | 305,99 |  0,00 | 2,211 | 299,08 | 299,08 |  0,00 | 50,027 | 35,88 | 35,88 | 109,820 |   NaN | NaN | 0,00 | 0,00 | NaN
  23 |  0,00 | 10,878 | 680,68 | 680,68 | 700,29 |  0,00 | 0,417 | 44,35 | 44,35 |  0,00 | 0,418 | 300,52 | 300,52 |  0,00 | 27,295 | 299,93 | 299,93 |  0,00 | 194,417 | 35,88 | 35,88 | 398,678 |   NaN | NaN | 0,00 | 0,00 | NaN
  24 |  0,00 | 1,662 | 683,74 | 683,74 | 702,85 |  0,00 | 0,378 | 44,35 | 44,35 |  0,00 | 0,380 | 300,39 | 300,39 |  0,00 | 2,254 | 303,12 | 303,12 |  0,00 | 46,423 | 35,88 | 35,88 | 114,957 |   NaN | NaN | 0,00 | 0,00 | NaN
  25 |  0,00 | 1,110 | 685,31 | 685,31 | 707,73 |  0,00 | 0,436 | 44,35 | 44,35 |  0,00 | 0,433 | 299,42 | 299,42 |  0,00 | 1,179 | 305,66 | 305,66 |  0,00 | 28,539 | 35,88 | 35,88 | 78,737 |   NaN | NaN | 0,00 | 0,00 | NaN
  26 |  0,00 | 1,440 | 677,41 | 677,41 | 699,02 |  0,00 | 0,432 | 44,35 | 44,35 |  0,00 | 0,433 | 299,36 | 299,36 |  0,00 | 1,583 | 297,82 | 297,82 |  0,00 | 41,728 | 35,88 | 35,88 | 100,791 |   NaN | NaN | 0,00 | 0,00 | NaN
  27 |  0,00 | 1,961 | 678,13 | 678,13 | 697,24 |  0,00 | 0,359 | 44,35 | 44,35 |  0,00 | 0,353 | 301,50 | 301,50 |  0,00 | 2,834 | 296,40 | 296,40 |  0,00 | 56,297 | 35,88 | 35,88 | 137,862 |   NaN | NaN | 0,00 | 0,00 | NaN
  28 |  0,00 | 10,570 | 674,15 | 674,15 | 694,52 |  0,00 | 0,425 | 44,35 | 44,35 |  0,00 | 0,429 | 299,97 | 299,97 |  0,00 | 26,747 | 293,94 | 293,94 |  0,00 | 189,219 | 35,88 | 35,88 | 404,467 |   NaN | NaN | 0,00 | 0,00 | NaN
  29 |  0,00 | 9,775 | 682,38 | 682,38 | 701,68 |  0,00 | 0,404 | 44,35 | 44,35 |  0,00 | 0,400 | 300,89 | 300,89 |  0,00 | 24,819 | 301,26 | 301,26 |  0,00 | 168,254 | 35,88 | 35,88 | 377,379 |   NaN | NaN | 0,00 | 0,00 | NaN
  30 |  0,00 | 3,453 | 677,81 | 677,81 | 700,02 |  0,00 | 0,435 | 44,35 | 44,35 |  0,00 | 0,428 | 298,48 | 298,48 |  0,00 | 6,724 | 299,09 | 299,09 |  0,00 | 79,449 | 35,88 | 35,88 | 198,164 |   NaN | NaN | 0,00 | 0,00 | NaN
  31 |  0,00 | 11,058 | 677,72 | 677,72 | 696,96 |  0,00 | 0,402 | 44,35 | 44,35 |  0,00 | 0,402 | 300,89 | 300,89 |  0,00 | 28,130 | 296,60 | 296,60 |  0,00 | 195,660 | 35,88 | 35,88 | 400,457 |   NaN | NaN | 0,00 | 0,00 | NaN
  32 |  0,00 | 8,630 | 682,70 | 682,70 | 701,85 |  0,00 | 0,358 | 44,35 | 44,35 |  0,00 | 0,357 | 300,77 | 300,77 |  0,00 | 21,993 | 301,70 | 301,70 |  0,00 | 146,589 | 35,88 | 35,88 | 343,347 |   NaN | NaN | 0,00 | 0,00 | NaN
  33 |  0,00 | 6,534 | 677,94 | 677,94 | 698,07 |  0,00 | 0,423 | 44,35 | 44,35 |  0,00 | 0,421 | 298,58 | 298,58 |  0,00 | 16,383 | 299,13 | 299,13 |  0,00 | 109,568 | 35,88 | 35,88 | 270,228 |   NaN | NaN | 0,00 | 0,00 | NaN
  34 |  0,00 | 1,400 | 677,59 | 677,59 | 697,04 |  0,00 | 0,415 | 44,35 | 44,35 |  0,00 | 0,415 | 299,80 | 299,80 |  0,00 | 1,970 | 297,56 | 297,56 |  0,00 | 34,069 | 35,88 | 35,88 | 95,739 |   NaN | NaN | 0,00 | 0,00 | NaN
  35 |  0,00 | 1,071 | 685,14 | 685,14 | 704,21 |  0,00 | 0,364 | 44,35 | 44,35 |  0,00 | 0,362 | 302,13 | 302,13 |  0,00 | 1,317 | 302,78 | 302,78 |  0,00 | 27,164 | 35,88 | 35,88 | 75,623 |   NaN | NaN | 0,00 | 0,00 | NaN
  36 |  0,00 | 1,695 | 678,22 | 678,22 | 697,84 |  0,00 | 0,417 | 44,35 | 44,35 |  0,00 | 0,411 | 296,12 | 296,12 |  0,00 | 2,241 | 301,87 | 301,87 |  0,00 | 46,879 | 35,88 | 35,88 | 121,505 |   NaN | NaN | 0,00 | 0,00 | NaN
  37 |  0,00 | 9,340 | 685,40 | 685,40 | 704,61 |  0,00 | 0,400 | 44,35 | 44,35 |  0,00 | 0,396 | 304,64 | 304,64 |  0,00 | 24,640 | 300,53 | 300,53 |  0,00 | 147,842 | 35,88 | 35,88 | 339,007 |   NaN | NaN | 0,00 | 0,00 | NaN
  38 |  0,00 | 3,373 | 683,62 | 683,62 | 702,75 |  0,00 | 0,391 | 44,35 | 44,35 |  0,00 | 0,386 | 301,64 | 301,64 |  0,00 | 6,859 | 301,74 | 301,74 |  0,00 | 74,421 | 35,88 | 35,88 | 179,336 |   NaN | NaN | 0,00 | 0,00 | NaN
  39 |  0,00 | 6,888 | 670,56 | 670,56 | 692,74 |  0,00 | 0,434 | 44,35 | 44,35 |  0,00 | 0,437 | 296,14 | 296,14 |  0,00 | 17,798 | 294,18 | 294,18 |  0,00 | 109,706 | 35,88 | 35,88 | 269,384 |   NaN | NaN | 0,00 | 0,00 | NaN
  40 |  0,00 | 2,092 | 674,19 | 674,19 | 696,31 |  0,00 | 0,434 | 44,35 | 44,35 |  0,00 | 0,435 | 300,00 | 300,00 |  0,00 | 2,989 | 293,95 | 293,95 |  0,00 | 58,244 | 35,88 | 35,88 | 141,104 |   NaN | NaN | 0,00 | 0,00 | NaN
  41 |  0,00 | 11,365 | 684,09 | 684,09 | 703,81 |  0,00 | 0,417 | 44,35 | 44,35 |  0,00 | 0,420 | 298,01 | 298,01 |  0,00 | 28,735 | 305,85 | 305,85 |  0,00 | 193,511 | 35,88 | 35,88 | 406,870 |   NaN | NaN | 0,00 | 0,00 | NaN
  42 |  0,00 | 9,974 | 684,93 | 684,93 | 704,08 |  0,00 | 0,363 | 44,35 | 44,35 |  0,00 | 0,360 | 302,02 | 302,02 |  0,00 | 25,560 | 302,68 | 302,68 |  0,00 | 169,347 | 35,88 | 35,88 | 372,725 |   NaN | NaN | 0,00 | 0,00 | NaN
  43 |  0,00 | 7,545 | 688,85 | 688,85 | 710,81 |  0,00 | 0,442 | 44,35 | 44,35 |  0,00 | 0,441 | 305,15 | 305,15 |  0,00 | 19,970 | 303,47 | 303,47 |  0,00 | 111,515 | 35,88 | 35,88 | 274,038 |   NaN | NaN | 0,00 | 0,00 | NaN
  44 |  0,00 | 11,385 | 683,06 | 683,06 | 702,15 |  0,00 | 0,354 | 44,35 | 44,35 |  0,00 | 0,350 | 299,50 | 299,50 |  0,00 | 29,525 | 303,32 | 303,32 |  0,00 | 188,284 | 35,88 | 35,88 | 395,974 |   NaN | NaN | 0,00 | 0,00 | NaN
  45 |  0,00 | 11,123 | 678,00 | 678,00 | 701,06 |  0,00 | 0,438 | 44,35 | 44,35 |  0,00 | 0,439 | 302,86 | 302,86 |  0,00 | 29,594 | 294,91 | 294,91 |  0,00 | 177,959 | 35,88 | 35,88 | 381,292 |   NaN | NaN | 0,00 | 0,00 | NaN
  46 |  0,00 | 8,139 | 679,26 | 679,26 | 698,43 |  0,00 | 0,377 | 44,35 | 44,35 |  0,00 | 0,379 | 298,01 | 298,01 |  0,00 | 21,103 | 301,02 | 301,02 |  0,00 | 130,243 | 35,88 | 35,88 | 310,943 |   NaN | NaN | 0,00 | 0,00 | NaN
  47 |  0,00 | 10,516 | 678,91 | 678,91 | 698,07 |  0,00 | 0,375 | 44,35 | 44,35 |  0,00 | 0,372 | 301,61 | 301,61 |  0,00 | 26,432 | 297,06 | 297,06 |  0,00 | 191,536 | 35,88 | 35,88 | 391,502 |   NaN | NaN | 0,00 | 0,00 | NaN
  48 |  0,00 | 10,954 | 676,95 | 676,95 | 696,21 |  0,00 | 0,405 | 44,35 | 44,35 |  0,00 | 0,398 | 298,07 | 298,07 |  0,00 | 28,167 | 298,64 | 298,64 |  0,00 | 185,669 | 35,88 | 35,88 | 388,197 |   NaN | NaN | 0,00 | 0,00 | NaN
  49 |  0,00 | 10,934 | 678,30 | 678,30 | 697,96 |  0,00 | 0,417 | 44,35 | 44,35 |  0,00 | 0,416 | 300,65 | 300,65 |  0,00 | 27,528 | 297,42 | 297,42 |  0,00 | 196,428 | 35,88 | 35,88 | 403,214 |   NaN | NaN | 0,00 | 0,00 | NaN
  50 |  0,00 | 7,436 | 682,33 | 682,33 | 701,49 |  0,00 | 0,371 | 44,35 | 44,35 |  0,00 | 0,372 | 302,77 | 302,77 |  0,00 | 18,962 | 299,32 | 299,32 |  0,00 | 125,647 | 35,88 | 35,88 | 298,834 |   NaN | NaN | 0,00 | 0,00 | NaN
  51 |  0,00 | 10,916 | 680,93 | 680,93 | 700,05 |  0,00 | 0,369 | 44,35 | 44,35 |  0,00 | 0,369 | 299,65 | 299,65 |  0,00 | 27,925 | 301,05 | 301,05 |  0,00 | 187,347 | 35,88 | 35,88 | 392,423 |   NaN | NaN | 0,00 | 0,00 | NaN
  52 |  0,00 | 10,620 | 679,91 | 679,91 | 699,12 |  0,00 | 0,396 | 44,35 | 44,35 |  0,00 | 0,394 | 296,04 | 296,04 |  0,00 | 27,257 | 303,63 | 303,63 |  0,00 | 175,069 | 35,88 | 35,88 | 379,277 |   NaN | NaN | 0,00 | 0,00 | NaN
  53 |  0,00 | 8,953 | 681,44 | 681,44 | 700,58 |  0,00 | 0,383 | 44,35 | 44,35 |  0,00 | 0,378 | 301,78 | 301,78 |  0,00 | 23,711 | 299,42 | 299,42 |  0,00 | 139,772 | 35,88 | 35,88 | 321,702 |   NaN | NaN | 0,00 | 0,00 | NaN
  54 |  0,00 | 11,162 | 675,03 | 675,03 | 694,23 |  0,00 | 0,386 | 44,35 | 44,35 |  0,00 | 0,392 | 299,95 | 299,95 |  0,00 | 30,146 | 294,85 | 294,85 |  0,00 | 172,280 | 35,88 | 35,88 | 372,276 |   NaN | NaN | 0,00 | 0,00 | NaN
  55 |  0,00 | 3,304 | 676,91 | 676,91 | 696,03 |  0,00 | 0,371 | 44,35 | 44,35 |  0,00 | 0,366 | 296,59 | 296,59 |  0,00 | 6,865 | 300,09 | 300,09 |  0,00 | 70,679 | 35,88 | 35,88 | 170,451 |   NaN | NaN | 0,00 | 0,00 | NaN
  56 |  0,00 | 10,584 | 676,40 | 676,40 | 695,53 |  0,00 | 0,376 | 44,35 | 44,35 |  0,00 | 0,371 | 297,82 | 297,82 |  0,00 | 27,045 | 298,34 | 298,34 |  0,00 | 182,772 | 35,88 | 35,88 | 388,683 |   NaN | NaN | 0,00 | 0,00 | NaN
  57 |  0,00 | 11,496 | 679,36 | 679,36 | 698,51 |  0,00 | 0,373 | 44,35 | 44,35 |  0,00 | 0,370 | 298,98 | 298,98 |  0,00 | 29,984 | 300,15 | 300,15 |  0,00 | 189,432 | 35,88 | 35,88 | 397,717 |   NaN | NaN | 0,00 | 0,00 | NaN
  58 |  0,00 | 10,698 | 681,26 | 681,26 | 700,54 |  0,00 | 0,402 | 44,35 | 44,35 |  0,00 | 0,397 | 300,66 | 300,66 |  0,00 | 27,094 | 300,37 | 300,37 |  0,00 | 187,426 | 35,88 | 35,88 | 383,022 |   NaN | NaN | 0,00 | 0,00 | NaN
  59 |  0,00 | 1,480 | 684,37 | 684,37 | 704,27 |  0,00 | 0,421 | 44,35 | 44,35 |  0,00 | 0,419 | 299,56 | 299,56 |  0,00 | 1,906 | 304,58 | 304,58 |  0,00 | 39,394 | 35,88 | 35,88 | 103,745 |   NaN | NaN | 0,00 | 0,00 | NaN
  60 |  0,00 | 10,384 | 679,58 | 679,58 | 698,72 |  0,00 | 0,356 | 44,35 | 44,35 |  0,00 | 0,360 | 299,55 | 299,55 |  0,00 | 25,589 | 299,80 | 299,80 |  0,00 | 194,308 | 35,88 | 35,88 | 402,188 |   NaN | NaN | 0,00 | 0,00 | NaN
  61 |  0,00 | 9,017 | 683,96 | 683,96 | 703,14 |  0,00 | 0,378 | 44,35 | 44,35 |  0,00 | 0,378 | 301,63 | 301,63 |  0,00 | 24,040 | 302,09 | 302,09 |  0,00 | 136,355 | 35,88 | 35,88 | 323,312 |   NaN | NaN | 0,00 | 0,00 | NaN
  62 |  0,00 | 10,481 | 683,88 | 683,88 | 707,35 |  0,00 | 0,440 | 44,35 | 44,35 |  0,00 | 0,438 | 301,86 | 301,86 |  0,00 | 25,980 | 301,79 | 301,79 |  0,00 | 190,126 | 35,88 | 35,88 | 398,914 |   NaN | NaN | 0,00 | 0,00 | NaN
  63 |  0,00 | 4,742 | 680,68 | 680,68 | 699,87 |  0,00 | 0,395 | 44,35 | 44,35 |  0,00 | 0,401 | 301,72 | 301,72 |  0,00 | 11,339 | 298,73 | 298,73 |  0,00 | 85,111 | 35,88 | 35,88 | 213,103 |   NaN | NaN | 0,00 | 0,00 | NaN
  64 |  0,00 | 10,434 | 676,35 | 676,35 | 699,60 |  0,00 | 0,439 | 44,35 | 44,35 |  0,00 | 0,439 | 298,59 | 298,59 |  0,00 | 26,986 | 297,53 | 297,53 |  0,00 | 173,277 | 35,88 | 35,88 | 379,041 |   NaN | NaN | 0,00 | 0,00 | NaN

= = = = = = = = = = = = AVERAGE RESULTS system = = = = = = = = = = = =
meanPLR_system | 0,000000 
meanDelay_system | 5,742832 
meanLoad_system | 680,063885 
meanTHR_system | 680,063885 
meanGate_system | 700,017033 

meanPLR_EF_system | 0,000000 
meanPLR_AF_system | 0,000000 
meanPLR_BE_system | 0,000000 
meanPLR_FLA_system | 0,000000 
meanPLR_FLB_system | NaN 

meanTHR_EF_system | 44,352002 
meanTHR_AF_system | 300,171997 
meanTHR_BE_system | 299,659566 
meanTHR_FLA_system | 36,500418 
meanTHR_FLB_system | 0,000000 

meanLoad_EF_system | 44,352002 
meanLoad_AF_system | 300,171997 
meanLoad_BE_system | 299,659566 
meanLoad_FLA_system | 36,500418 
meanLoad_FLB_system | 0,000000 

meanDELAY_EF_system | 0,400243 
meanDELAY_AF_system | 0,399149 
meanDELAY_BE_system | 13,808531 
meanDELAY_FLA_system | 104,573151 
meanDELAY_FLB_system | NaN 
meanDELAY_CompleteFLA_system | 235,471731 
meanDELAY_CompleteFLB_system | NaN 

= = = = = = = = = = = = AVERAGE RESULTS = = = = = = = = = = = =
Packet Loss Ratio: 00,00 (%)
PROCESSED PACKAGES: 1993436204 
DISCARTED PACKAGES: 0 
TOTAL PACKAGES: 1993436204 
AVERAGE DELAY: 1012,73 (ms) 
AVERAGE THROUGHPUT: 680,06 (Mbps) 
GRANTED THROUGHPUT: 44801,09 (Mbps) By 64 ONUs
EFFECTIVE THROUGHPUT: 43524,09 (Mbps) By 64 ONUs
TOTAL LOAD: 43524,09 (Mbps) By 64 ONUs
ON Arrival THROUGHPUT: 0,00 (Mbps) By 64 ONUs
FINISHTIMEFL: 173,587052 
FINISHTIME: 176,587052 


fileName | IPACT_STRICTPRIORITYFIRSTAF_4_30_80_0 
