
ONU ID 	|  PLR(%) | Delay(ms) | Throughput(Mbps) | Granted Throughput(Mbps) | Total Load (Mbps) 

  ID |  PLR(%) |  D  | Thr |  Gates  |  Load  | PLR-EF | D-EF | ThrEF | LoadEF | PLR-AF | D-AF | ThrAF | LoadAF | PLR-BE | D-BE | ThrBE | LoadBE | PLR-FA | D-FA | ThrFA | LoadFA | DTFA |  PLR-FB | D-FB | ThrFB | LoadFB | DTFB | 
   1 |  8,35 | 294,572 | 755,55 | 824,38 | 759,85 |  0,00 | 1,407 | 44,35 | 44,35 |  0,00 | 12,387 | 365,97 | 365,97 | 19,47 | 1179,806 | 284,67 | 353,50 |  0,00 | 256,891 | 60,56 | 60,56 | 533,021 |   NaN | NaN | 0,00 | 0,00 | NaN
   2 |  8,63 | 274,607 | 754,11 | 825,36 | 758,45 |  0,00 | 1,419 | 44,35 | 44,35 |  0,00 | 2,307 | 360,85 | 360,85 | 19,81 | 1052,366 | 288,36 | 359,60 |  0,00 | 634,157 | 60,56 | 60,56 | 1287,333 |   NaN | NaN | 0,00 | 0,00 | NaN
   3 |  8,46 | 278,626 | 754,09 | 823,75 | 758,40 |  0,00 | 1,355 | 44,35 | 44,35 |  0,00 | 3,130 | 359,91 | 359,91 | 19,41 | 1067,292 | 289,27 | 358,93 |  0,00 | 607,409 | 60,56 | 60,56 | 1233,992 |   NaN | NaN | 0,00 | 0,00 | NaN
   4 |  9,41 | 293,647 | 754,98 | 833,36 | 759,42 |  0,00 | 1,361 | 44,35 | 44,35 |  0,00 | 19,246 | 367,47 | 367,47 | 21,71 | 1181,342 | 282,60 | 360,98 |  0,00 | 201,869 | 60,56 | 60,56 | 423,022 |   NaN | NaN | 0,00 | 0,00 | NaN
   5 |  8,29 | 267,647 | 755,55 | 823,82 | 759,86 |  0,00 | 1,386 | 44,35 | 44,35 |  0,00 | 2,992 | 360,24 | 360,24 | 19,03 | 996,135 | 290,40 | 358,67 |  0,00 | 819,451 | 60,56 | 60,56 | 1657,959 |   NaN | NaN | 0,00 | 0,00 | NaN
   6 |  9,09 | 278,546 | 754,31 | 829,71 | 758,60 |  0,00 | 1,335 | 44,35 | 44,35 |  0,00 | 2,599 | 363,55 | 363,55 | 20,87 | 1070,634 | 285,86 | 361,25 |  0,00 | 694,832 | 60,56 | 60,56 | 1408,764 |   NaN | NaN | 0,00 | 0,00 | NaN
   7 |  8,59 | 288,985 | 755,19 | 826,15 | 759,48 |  0,00 | 1,353 | 44,35 | 44,35 |  0,00 | 7,774 | 362,21 | 362,21 | 19,76 | 1136,982 | 288,07 | 359,03 |  0,00 | 360,971 | 60,56 | 60,56 | 741,029 |   NaN | NaN | 0,00 | 0,00 | NaN
   8 |  8,87 | 278,976 | 754,46 | 827,91 | 758,80 |  0,00 | 1,403 | 44,35 | 44,35 |  0,00 | 2,941 | 358,64 | 358,64 | 20,16 | 1058,033 | 290,92 | 364,36 |  0,00 | 652,755 | 60,56 | 60,56 | 1324,695 |   NaN | NaN | 0,00 | 0,00 | NaN
   9 |  9,00 | 283,581 | 754,42 | 829,07 | 758,72 |  0,00 | 1,343 | 44,35 | 44,35 |  0,00 | 4,991 | 364,80 | 364,80 | 20,77 | 1117,106 | 284,71 | 359,36 |  0,00 | 479,329 | 60,56 | 60,56 | 977,692 |   NaN | NaN | 0,00 | 0,00 | NaN
  10 |  8,51 | 289,507 | 755,01 | 825,28 | 759,34 |  0,00 | 1,404 | 44,35 | 44,35 |  0,00 | 14,182 | 360,56 | 360,56 | 19,53 | 1139,098 | 289,55 | 359,81 |  0,00 | 236,377 | 60,56 | 60,56 | 491,928 |   NaN | NaN | 0,00 | 0,00 | NaN
  11 |  8,00 | 267,673 | 754,09 | 819,67 | 758,40 |  0,00 | 1,344 | 44,35 | 44,35 |  0,00 | 2,093 | 353,46 | 353,46 | 18,15 | 949,007 | 295,72 | 361,30 |  0,00 | 1092,430 | 60,56 | 60,56 | 2203,971 |   NaN | NaN | 0,00 | 0,00 | NaN
  12 |  8,47 | 278,285 | 754,73 | 824,62 | 759,06 |  0,00 | 1,406 | 44,35 | 44,35 |  0,00 | 3,592 | 360,12 | 360,12 | 19,43 | 1052,309 | 289,71 | 359,59 |  0,00 | 717,787 | 60,56 | 60,56 | 1454,642 |   NaN | NaN | 0,00 | 0,00 | NaN
  13 |  7,40 | 271,883 | 754,99 | 815,28 | 759,30 |  0,00 | 1,371 | 44,35 | 44,35 |  0,00 | 2,347 | 356,12 | 356,12 | 17,02 | 1023,129 | 293,95 | 354,25 |  0,00 | 628,455 | 60,56 | 60,56 | 1276,086 |   NaN | NaN | 0,00 | 0,00 | NaN
  14 |  8,90 | 275,875 | 754,62 | 828,30 | 758,95 |  0,00 | 1,412 | 44,35 | 44,35 |  0,00 | 2,003 | 361,71 | 361,71 | 20,37 | 1039,703 | 287,99 | 361,68 |  0,00 | 811,227 | 60,56 | 60,56 | 1641,529 |   NaN | NaN | 0,00 | 0,00 | NaN
  15 |  8,28 | 285,525 | 753,84 | 821,89 | 758,14 |  0,00 | 1,406 | 44,35 | 44,35 |  0,00 | 5,930 | 356,58 | 356,58 | 18,88 | 1107,501 | 292,35 | 360,40 |  0,00 | 357,359 | 60,56 | 60,56 | 733,924 |   NaN | NaN | 0,00 | 0,00 | NaN
  16 |  9,17 | 287,528 | 755,11 | 831,37 | 759,40 |  0,00 | 1,397 | 44,35 | 44,35 |  0,00 | 3,725 | 360,49 | 360,49 | 20,84 | 1110,016 | 289,71 | 365,98 |  0,00 | 538,517 | 60,56 | 60,56 | 1096,163 |   NaN | NaN | 0,00 | 0,00 | NaN
  17 |  9,09 | 284,761 | 755,03 | 830,51 | 759,35 |  0,00 | 1,410 | 44,35 | 44,35 |  0,00 | 3,399 | 362,58 | 362,58 | 20,79 | 1108,330 | 287,54 | 363,02 |  0,00 | 523,335 | 60,56 | 60,56 | 1065,808 |   NaN | NaN | 0,00 | 0,00 | NaN
  18 |  8,62 | 273,076 | 751,97 | 822,90 | 756,26 |  0,00 | 1,387 | 44,35 | 44,35 |  0,00 | 2,120 | 357,95 | 357,95 | 19,70 | 982,708 | 289,11 | 360,04 |  0,00 | 1163,928 | 60,56 | 60,56 | 2347,114 |   NaN | NaN | 0,00 | 0,00 | NaN
  19 |  7,63 | 270,972 | 755,42 | 817,79 | 759,74 |  0,00 | 1,378 | 44,35 | 44,35 |  0,00 | 2,587 | 354,23 | 354,23 | 17,39 | 976,055 | 296,28 | 358,65 |  0,00 | 954,147 | 60,56 | 60,56 | 1927,476 |   NaN | NaN | 0,00 | 0,00 | NaN
  20 |  7,94 | 262,739 | 754,98 | 820,11 | 759,28 |  0,00 | 1,373 | 44,35 | 44,35 |  0,00 | 1,680 | 361,99 | 361,99 | 18,44 | 953,354 | 288,08 | 353,22 |  0,00 | 1107,189 | 60,56 | 60,56 | 2233,661 |   NaN | NaN | 0,00 | 0,00 | NaN
  21 |  7,23 | 278,427 | 753,37 | 812,12 | 757,67 |  0,00 | 1,378 | 44,35 | 44,35 |  0,00 | 9,029 | 354,28 | 354,28 | 16,65 | 1074,769 | 294,19 | 352,94 |  0,00 | 297,726 | 60,56 | 60,56 | 614,631 |   NaN | NaN | 0,00 | 0,00 | NaN
  22 |  9,41 | 281,785 | 755,04 | 833,47 | 759,40 |  0,00 | 1,416 | 44,35 | 44,35 |  0,00 | 2,292 | 369,50 | 369,50 | 21,84 | 1088,079 | 280,63 | 359,06 |  0,00 | 845,868 | 60,56 | 60,56 | 1710,880 |   NaN | NaN | 0,00 | 0,00 | NaN
  23 |  8,79 | 278,665 | 754,60 | 827,33 | 758,92 |  0,00 | 1,398 | 44,35 | 44,35 |  0,00 | 1,977 | 363,53 | 363,53 | 20,26 | 1032,792 | 286,16 | 358,89 |  0,00 | 1035,269 | 60,56 | 60,56 | 2089,614 |   NaN | NaN | 0,00 | 0,00 | NaN
  24 |  8,53 | 282,791 | 755,13 | 825,54 | 759,45 |  0,00 | 1,360 | 44,35 | 44,35 |  0,00 | 2,731 | 359,32 | 359,32 | 19,49 | 1077,477 | 290,90 | 361,31 |  0,00 | 627,425 | 60,56 | 60,56 | 1273,959 |   NaN | NaN | 0,00 | 0,00 | NaN
  25 |  9,50 | 291,276 | 754,31 | 833,48 | 758,65 |  0,00 | 1,417 | 44,35 | 44,35 |  0,00 | 4,647 | 360,08 | 360,08 | 21,48 | 1141,115 | 289,32 | 368,49 |  0,00 | 391,709 | 60,56 | 60,56 | 802,604 |   NaN | NaN | 0,00 | 0,00 | NaN
  26 |  8,16 | 288,550 | 755,40 | 822,48 | 759,73 |  0,00 | 1,414 | 44,35 | 44,35 |  0,00 | 7,415 | 358,37 | 358,37 | 18,67 | 1121,473 | 292,12 | 359,20 |  0,00 | 347,960 | 60,56 | 60,56 | 715,157 |   NaN | NaN | 0,00 | 0,00 | NaN
  27 |  8,20 | 262,174 | 754,74 | 822,14 | 759,04 |  0,00 | 1,340 | 44,35 | 44,35 |  0,00 | 2,011 | 360,41 | 360,41 | 18,89 | 938,253 | 289,42 | 356,82 |  0,00 | 1176,354 | 60,56 | 60,56 | 2371,765 |   NaN | NaN | 0,00 | 0,00 | NaN
  28 |  7,83 | 269,587 | 754,81 | 818,92 | 759,12 |  0,00 | 1,407 | 44,35 | 44,35 |  0,00 | 2,906 | 359,96 | 359,96 | 18,11 | 980,969 | 289,94 | 354,05 |  0,00 | 1040,453 | 60,56 | 60,56 | 2100,059 |   NaN | NaN | 0,00 | 0,00 | NaN
  29 |  9,03 | 270,765 | 754,77 | 829,66 | 759,10 |  0,00 | 1,386 | 44,35 | 44,35 |  0,00 | 2,026 | 362,08 | 362,08 | 20,65 | 989,442 | 287,79 | 362,67 |  0,00 | 1080,440 | 60,56 | 60,56 | 2180,075 |   NaN | NaN | 0,00 | 0,00 | NaN
  30 |  8,11 | 273,473 | 755,15 | 821,83 | 759,49 |  0,00 | 1,416 | 44,35 | 44,35 |  0,00 | 2,116 | 357,76 | 357,76 | 18,57 | 979,344 | 292,49 | 359,17 |  0,00 | 1131,711 | 60,56 | 60,56 | 2282,520 |   NaN | NaN | 0,00 | 0,00 | NaN
  31 |  8,23 | 270,692 | 755,36 | 823,05 | 759,66 |  0,00 | 1,383 | 44,35 | 44,35 |  0,00 | 1,953 | 359,41 | 359,41 | 18,87 | 983,660 | 291,04 | 358,74 |  0,00 | 1036,132 | 60,56 | 60,56 | 2091,458 |   NaN | NaN | 0,00 | 0,00 | NaN
  32 |  8,38 | 273,001 | 756,03 | 825,20 | 760,33 |  0,00 | 1,340 | 44,35 | 44,35 |  0,00 | 2,655 | 359,51 | 359,51 | 19,17 | 984,645 | 291,61 | 360,78 |  0,00 | 1095,196 | 60,56 | 60,56 | 2209,561 |   NaN | NaN | 0,00 | 0,00 | NaN
  33 |  7,80 | 263,804 | 755,39 | 819,32 | 759,72 |  0,00 | 1,405 | 44,35 | 44,35 |  0,00 | 1,996 | 356,16 | 356,16 | 17,85 | 935,888 | 294,32 | 358,25 |  0,00 | 1119,147 | 60,56 | 60,56 | 2257,395 |   NaN | NaN | 0,00 | 0,00 | NaN
  34 |  7,70 | 268,254 | 755,59 | 818,65 | 759,88 |  0,00 | 1,396 | 44,35 | 44,35 |  0,00 | 2,082 | 359,34 | 359,34 | 17,79 | 954,155 | 291,35 | 354,41 |  0,00 | 1208,854 | 60,56 | 60,56 | 2436,934 |   NaN | NaN | 0,00 | 0,00 | NaN
  35 |  9,02 | 270,698 | 756,27 | 831,27 | 760,57 |  0,00 | 1,345 | 44,35 | 44,35 |  0,00 | 1,635 | 362,79 | 362,79 | 20,63 | 970,594 | 288,57 | 363,58 |  0,00 | 1242,408 | 60,56 | 60,56 | 2504,928 |   NaN | NaN | 0,00 | 0,00 | NaN
  36 |  7,90 | 263,392 | 755,26 | 820,02 | 759,58 |  0,00 | 1,399 | 44,35 | 44,35 |  0,00 | 2,298 | 353,89 | 353,89 | 17,93 | 920,016 | 296,46 | 361,23 |  0,00 | 1189,227 | 60,56 | 60,56 | 2397,556 |   NaN | NaN | 0,00 | 0,00 | NaN
  37 |  9,11 | 273,117 | 755,39 | 831,09 | 759,70 |  0,00 | 1,381 | 44,35 | 44,35 |  0,00 | 2,382 | 366,00 | 366,00 | 21,02 | 1009,798 | 284,48 | 360,18 |  0,00 | 1091,883 | 60,56 | 60,56 | 2202,923 |   NaN | NaN | 0,00 | 0,00 | NaN
  38 |  8,57 | 269,204 | 755,60 | 826,40 | 759,90 |  0,00 | 1,373 | 44,35 | 44,35 |  0,00 | 2,351 | 361,42 | 361,42 | 19,66 | 971,390 | 289,27 | 360,07 |  0,00 | 1145,445 | 60,56 | 60,56 | 2310,001 |   NaN | NaN | 0,00 | 0,00 | NaN
  39 |  7,36 | 261,871 | 753,75 | 813,61 | 758,11 |  0,00 | 1,416 | 44,35 | 44,35 |  0,00 | 2,549 | 354,59 | 354,59 | 16,90 | 927,326 | 294,25 | 354,11 |  0,00 | 1110,721 | 60,56 | 60,56 | 2240,579 |   NaN | NaN | 0,00 | 0,00 | NaN
  40 |  7,32 | 263,045 | 755,43 | 815,09 | 759,76 |  0,00 | 1,416 | 44,35 | 44,35 |  0,00 | 2,464 | 356,97 | 356,97 | 16,89 | 928,847 | 293,56 | 353,21 |  0,00 | 1172,819 | 60,56 | 60,56 | 2364,830 |   NaN | NaN | 0,00 | 0,00 | NaN
  41 |  8,90 | 273,087 | 754,00 | 827,62 | 758,32 |  0,00 | 1,399 | 44,35 | 44,35 |  0,00 | 2,532 | 357,69 | 357,69 | 20,17 | 987,858 | 291,40 | 365,02 |  0,00 | 1060,142 | 60,56 | 60,56 | 2139,354 |   NaN | NaN | 0,00 | 0,00 | NaN
  42 |  9,09 | 275,876 | 755,54 | 831,08 | 759,84 |  0,00 | 1,345 | 44,35 | 44,35 |  0,00 | 2,301 | 363,18 | 363,18 | 20,81 | 1012,966 | 287,45 | 363,00 |  0,00 | 1074,187 | 60,56 | 60,56 | 2167,555 |   NaN | NaN | 0,00 | 0,00 | NaN
  43 |  9,03 | 270,833 | 755,44 | 830,41 | 759,77 |  0,00 | 1,423 | 44,35 | 44,35 |  0,00 | 2,339 | 362,52 | 362,52 | 20,65 | 985,539 | 288,01 | 362,98 |  0,00 | 1113,644 | 60,56 | 60,56 | 2246,412 |   NaN | NaN | 0,00 | 0,00 | NaN
  44 |  9,13 | 278,156 | 755,39 | 831,30 | 759,69 |  0,00 | 1,336 | 44,35 | 44,35 |  0,00 | 1,899 | 360,75 | 360,75 | 20,76 | 1016,961 | 289,74 | 365,64 |  0,00 | 1053,737 | 60,56 | 60,56 | 2126,541 |   NaN | NaN | 0,00 | 0,00 | NaN
  45 |  8,64 | 270,429 | 754,37 | 825,74 | 758,69 |  0,00 | 1,420 | 44,35 | 44,35 |  0,00 | 2,244 | 365,00 | 365,00 | 20,06 | 1000,505 | 284,46 | 355,83 |  0,00 | 1068,478 | 60,56 | 60,56 | 2156,096 |   NaN | NaN | 0,00 | 0,00 | NaN
  46 |  8,44 | 261,450 | 754,86 | 824,47 | 759,17 |  0,00 | 1,359 | 44,35 | 44,35 |  0,00 | 1,762 | 356,75 | 356,75 | 19,19 | 931,247 | 293,21 | 362,81 |  0,00 | 1108,105 | 60,56 | 60,56 | 2235,482 |   NaN | NaN | 0,00 | 0,00 | NaN
  47 |  8,08 | 274,305 | 755,40 | 821,83 | 759,72 |  0,00 | 1,357 | 44,35 | 44,35 |  0,00 | 2,064 | 360,51 | 360,51 | 18,64 | 1002,139 | 289,98 | 356,41 |  0,00 | 1036,551 | 60,56 | 60,56 | 2092,224 |   NaN | NaN | 0,00 | 0,00 | NaN
  48 |  7,98 | 263,553 | 753,66 | 819,02 | 757,98 |  0,00 | 1,386 | 44,35 | 44,35 |  0,00 | 2,130 | 357,24 | 357,24 | 18,31 | 949,705 | 291,51 | 356,87 |  0,00 | 1053,291 | 60,56 | 60,56 | 2125,755 |   NaN | NaN | 0,00 | 0,00 | NaN
  49 |  7,85 | 275,657 | 754,85 | 819,11 | 759,17 |  0,00 | 1,399 | 44,35 | 44,35 |  0,00 | 2,672 | 358,28 | 358,28 | 18,06 | 1000,952 | 291,66 | 355,93 |  0,00 | 1032,746 | 60,56 | 60,56 | 2084,735 |   NaN | NaN | 0,00 | 0,00 | NaN
  50 |  8,24 | 267,448 | 755,31 | 823,16 | 759,61 |  0,00 | 1,353 | 44,35 | 44,35 |  0,00 | 2,017 | 360,44 | 360,44 | 18,96 | 965,377 | 289,96 | 357,81 |  0,00 | 1115,208 | 60,56 | 60,56 | 2249,635 |   NaN | NaN | 0,00 | 0,00 | NaN
  51 |  8,58 | 267,115 | 755,53 | 826,48 | 759,83 |  0,00 | 1,351 | 44,35 | 44,35 |  0,00 | 1,772 | 360,00 | 360,00 | 19,62 | 968,494 | 290,62 | 361,57 |  0,00 | 1059,366 | 60,56 | 60,56 | 2137,771 |   NaN | NaN | 0,00 | 0,00 | NaN
  52 |  8,45 | 270,073 | 755,38 | 825,06 | 759,70 |  0,00 | 1,378 | 44,35 | 44,35 |  0,00 | 1,937 | 355,47 | 355,47 | 19,11 | 964,952 | 295,00 | 364,68 |  0,00 | 1068,966 | 60,56 | 60,56 | 2157,127 |   NaN | NaN | 0,00 | 0,00 | NaN
  53 |  8,54 | 275,101 | 754,70 | 825,17 | 759,03 |  0,00 | 1,365 | 44,35 | 44,35 |  0,00 | 2,595 | 360,61 | 360,61 | 19,59 | 1000,412 | 289,18 | 359,65 |  0,00 | 1093,411 | 60,56 | 60,56 | 2205,989 |   NaN | NaN | 0,00 | 0,00 | NaN
  54 |  7,78 | 271,485 | 755,22 | 818,98 | 759,53 |  0,00 | 1,367 | 44,35 | 44,35 |  0,00 | 2,877 | 359,63 | 359,63 | 17,99 | 983,275 | 290,68 | 354,44 |  0,00 | 1069,440 | 60,56 | 60,56 | 2157,943 |   NaN | NaN | 0,00 | 0,00 | NaN
  55 |  8,19 | 271,667 | 754,95 | 822,31 | 759,25 |  0,00 | 1,352 | 44,35 | 44,35 |  0,00 | 2,095 | 357,56 | 357,56 | 18,72 | 970,995 | 292,48 | 359,84 |  0,00 | 1141,523 | 60,56 | 60,56 | 2302,269 |   NaN | NaN | 0,00 | 0,00 | NaN
  56 |  7,74 | 271,675 | 754,98 | 818,30 | 759,29 |  0,00 | 1,358 | 44,35 | 44,35 |  0,00 | 2,285 | 357,09 | 357,09 | 17,77 | 978,358 | 292,98 | 356,31 |  0,00 | 1055,970 | 60,56 | 60,56 | 2131,118 |   NaN | NaN | 0,00 | 0,00 | NaN
  57 |  8,26 | 266,520 | 753,19 | 820,98 | 757,48 |  0,00 | 1,355 | 44,35 | 44,35 |  0,00 | 3,183 | 356,75 | 356,75 | 18,87 | 961,313 | 291,52 | 359,32 |  0,00 | 1041,148 | 60,56 | 60,56 | 2101,357 |   NaN | NaN | 0,00 | 0,00 | NaN
  58 |  8,55 | 271,642 | 755,45 | 826,11 | 759,76 |  0,00 | 1,384 | 44,35 | 44,35 |  0,00 | 2,059 | 362,46 | 362,46 | 19,70 | 997,206 | 288,08 | 358,74 |  0,00 | 1038,861 | 60,56 | 60,56 | 2096,878 |   NaN | NaN | 0,00 | 0,00 | NaN
  59 |  8,94 | 271,561 | 755,46 | 829,59 | 759,75 |  0,00 | 1,403 | 44,35 | 44,35 |  0,00 | 2,027 | 358,88 | 358,88 | 20,26 | 966,603 | 291,67 | 365,80 |  0,00 | 1204,325 | 60,56 | 60,56 | 2427,820 |   NaN | NaN | 0,00 | 0,00 | NaN
  60 |  8,62 | 269,532 | 754,00 | 825,10 | 758,30 |  0,00 | 1,338 | 44,35 | 44,35 |  0,00 | 2,012 | 361,07 | 361,07 | 19,80 | 985,147 | 288,02 | 359,12 |  0,00 | 1060,177 | 60,56 | 60,56 | 2139,426 |   NaN | NaN | 0,00 | 0,00 | NaN
  61 |  8,92 | 272,005 | 755,03 | 828,99 | 759,34 |  0,00 | 1,360 | 44,35 | 44,35 |  0,00 | 2,380 | 362,22 | 362,22 | 20,44 | 992,429 | 287,91 | 361,86 |  0,00 | 1096,978 | 60,56 | 60,56 | 2213,128 |   NaN | NaN | 0,00 | 0,00 | NaN
  62 |  8,72 | 271,440 | 753,72 | 825,69 | 758,07 |  0,00 | 1,422 | 44,35 | 44,35 |  0,00 | 2,716 | 358,84 | 358,84 | 19,89 | 985,932 | 289,97 | 361,95 |  0,00 | 1052,817 | 60,56 | 60,56 | 2124,685 |   NaN | NaN | 0,00 | 0,00 | NaN
  63 |  8,57 | 275,332 | 755,10 | 825,86 | 759,41 |  0,00 | 1,377 | 44,35 | 44,35 |  0,00 | 2,510 | 362,80 | 362,80 | 19,76 | 1003,347 | 287,39 | 358,15 |  0,00 | 1134,641 | 60,56 | 60,56 | 2288,465 |   NaN | NaN | 0,00 | 0,00 | NaN
  64 |  7,50 | 264,682 | 756,05 | 817,35 | 760,41 |  0,00 | 1,420 | 44,35 | 44,35 |  0,00 | 2,140 | 357,29 | 357,29 | 17,26 | 946,811 | 293,85 | 355,16 |  0,00 | 1070,242 | 60,56 | 60,56 | 2159,463 |   NaN | NaN | 0,00 | 0,00 | NaN

= = = = = = = = = = = = AVERAGE RESULTS system = = = = = = = = = = = =
meanPLR_system | 8,431281 
meanDelay_system | 274,096947 
meanLoad_system | 824,399871 
meanTHR_system | 754,865314 
meanGate_system | 759,182529 

meanPLR_EF_system | 0,000000 
meanPLR_AF_system | 0,000000 
meanPLR_BE_system | 19,332244 
meanPLR_FLA_system | 0,000000 
meanPLR_FLB_system | NaN 

meanTHR_EF_system | 44,352002 
meanTHR_AF_system | 359,966038 
meanTHR_BE_system | 289,991161 
meanTHR_FLA_system | 61,886948 
meanTHR_FLB_system | 0,000000 

meanLoad_EF_system | 44,352002 
meanLoad_AF_system | 359,966038 
meanLoad_BE_system | 359,525718 
meanLoad_FLA_system | 61,886948 
meanLoad_FLB_system | 0,000000 

meanDELAY_EF_system | 1,381962 
meanDELAY_AF_system | 3,376390 
meanDELAY_BE_system | 1013,585312 
meanDELAY_FLA_system | 908,267459 
meanDELAY_FLB_system | NaN 
meanDELAY_CompleteFLA_system | 1835,694819 
meanDELAY_CompleteFLB_system | NaN 

= = = = = = = = = = = = AVERAGE RESULTS = = = = = = = = = = = =
Packet Loss Ratio: 08,43 (%)
PROCESSED PACKAGES: 1664014989 
DISCARTED PACKAGES: 96971255 
TOTAL PACKAGES: 1760986244 
AVERAGE DELAY: 51084,10 (ms) 
AVERAGE THROUGHPUT: 754,87 (Mbps) 
GRANTED THROUGHPUT: 48587,68 (Mbps) By 64 ONUs
EFFECTIVE THROUGHPUT: 48311,38 (Mbps) By 64 ONUs
TOTAL LOAD: 52761,59 (Mbps) By 64 ONUs
ON Arrival THROUGHPUT: 0,00 (Mbps) By 64 ONUs
FINISHTIMEFL: 136,506975 
FINISHTIME: 139,506975 


fileName | IPACT_LEAKYBUCKET_2_40_96_0 
