
ONU ID 	|  PLR(%) | Delay(ms) | Throughput(Mbps) | Granted Throughput(Mbps) | Total Load (Mbps) 

  ID |  PLR(%) |  D  | Thr |  Gates  |  Load  | PLR-EF | D-EF | ThrEF | LoadEF | PLR-AF | D-AF | ThrAF | LoadAF | PLR-BE | D-BE | ThrBE | LoadBE | PLR-FA | D-FA | ThrFA | LoadFA | DTFA |  PLR-FB | D-FB | ThrFB | LoadFB | DTFB | 
   1 |  0,00 | 1,512 | 639,70 | 639,70 | 664,97 |  0,00 | 0,507 | 44,35 | 44,35 |  0,00 | 1,134 | 229,64 | 229,64 |  0,00 | 1,292 | 221,63 | 221,63 |  0,00 | 9,908 | 144,08 | 144,08 | 42,274 |   NaN | NaN | 0,00 | 0,00 | NaN
   2 |  0,00 | 9,500 | 641,17 | 641,17 | 668,73 |  0,00 | 0,519 | 44,35 | 44,35 |  0,00 | 8,450 | 226,31 | 226,31 |  0,00 | 11,143 | 226,42 | 226,42 |  0,00 | 66,984 | 144,08 | 144,08 | 139,805 |   NaN | NaN | 0,00 | 0,00 | NaN
   3 |  0,00 | 8,330 | 642,16 | 642,16 | 664,63 |  0,00 | 0,456 | 44,35 | 44,35 |  0,00 | 7,604 | 227,74 | 227,74 |  0,00 | 9,093 | 225,99 | 225,99 |  0,00 | 60,178 | 144,08 | 144,08 | 129,517 |   NaN | NaN | 0,00 | 0,00 | NaN
   4 |  0,00 | 1,414 | 642,94 | 642,94 | 664,97 |  0,00 | 0,461 | 44,35 | 44,35 |  0,00 | 0,964 | 230,81 | 230,81 |  0,00 | 1,218 | 223,70 | 223,70 |  0,00 | 9,631 | 144,08 | 144,08 | 38,193 |   NaN | NaN | 0,00 | 0,00 | NaN
   5 |  0,00 | 18,702 | 636,51 | 636,51 | 659,67 |  0,00 | 0,486 | 44,35 | 44,35 |  0,00 | 20,162 | 224,42 | 224,42 |  0,00 | 29,463 | 223,66 | 223,66 |  0,00 | 103,081 | 144,08 | 144,08 | 215,751 |   NaN | NaN | 0,00 | 0,00 | NaN
   6 |  0,00 | 12,329 | 641,83 | 641,83 | 664,11 |  0,00 | 0,436 | 44,35 | 44,35 |  0,00 | 11,867 | 228,39 | 228,39 |  0,00 | 15,816 | 225,01 | 225,01 |  0,00 | 81,895 | 144,08 | 144,08 | 164,746 |   NaN | NaN | 0,00 | 0,00 | NaN
   7 |  0,00 | 2,130 | 637,83 | 637,83 | 661,01 |  0,00 | 0,454 | 44,35 | 44,35 |  0,00 | 1,511 | 226,74 | 226,74 |  0,00 | 1,915 | 222,66 | 222,66 |  0,00 | 15,651 | 144,08 | 144,08 | 52,776 |   NaN | NaN | 0,00 | 0,00 | NaN
   8 |  0,00 | 10,394 | 641,30 | 641,30 | 665,65 |  0,00 | 0,504 | 44,35 | 44,35 |  0,00 | 9,179 | 224,39 | 224,39 |  0,00 | 12,627 | 228,47 | 228,47 |  0,00 | 72,519 | 144,08 | 144,08 | 148,722 |   NaN | NaN | 0,00 | 0,00 | NaN
   9 |  0,00 | 3,441 | 643,64 | 643,64 | 666,14 |  0,00 | 0,444 | 44,35 | 44,35 |  0,00 | 2,129 | 228,40 | 228,40 |  0,00 | 2,652 | 226,81 | 226,81 |  0,00 | 29,469 | 144,08 | 144,08 | 67,938 |   NaN | NaN | 0,00 | 0,00 | NaN
  10 |  0,00 | 1,664 | 635,68 | 635,68 | 660,94 |  0,00 | 0,505 | 44,35 | 44,35 |  0,00 | 1,189 | 224,57 | 224,57 |  0,00 | 1,356 | 222,68 | 222,68 |  0,00 | 11,599 | 144,08 | 144,08 | 44,243 |   NaN | NaN | 0,00 | 0,00 | NaN
  11 |  0,00 | 21,971 | 633,65 | 633,65 | 656,31 |  0,00 | 0,444 | 44,35 | 44,35 |  0,00 | 22,980 | 219,34 | 219,34 |  0,00 | 43,979 | 225,88 | 225,88 |  0,00 | 96,080 | 144,08 | 144,08 | 222,958 |   NaN | NaN | 0,00 | 0,00 | NaN
  12 |  0,00 | 13,245 | 641,41 | 641,41 | 666,33 |  0,00 | 0,506 | 44,35 | 44,35 |  0,00 | 13,485 | 226,47 | 226,47 |  0,00 | 16,165 | 226,51 | 226,51 |  0,00 | 87,910 | 144,08 | 144,08 | 176,407 |   NaN | NaN | 0,00 | 0,00 | NaN
  13 |  0,00 | 9,560 | 636,98 | 636,98 | 659,56 |  0,00 | 0,471 | 44,35 | 44,35 |  0,00 | 8,938 | 223,14 | 223,14 |  0,00 | 11,000 | 225,41 | 225,41 |  0,00 | 67,084 | 144,08 | 144,08 | 139,990 |   NaN | NaN | 0,00 | 0,00 | NaN
  14 |  0,00 | 18,294 | 640,59 | 640,59 | 666,68 |  0,00 | 0,512 | 44,35 | 44,35 |  0,00 | 20,349 | 226,55 | 226,55 |  0,00 | 27,540 | 225,61 | 225,61 |  0,00 | 102,214 | 144,08 | 144,08 | 212,985 |   NaN | NaN | 0,00 | 0,00 | NaN
  15 |  0,00 | 1,968 | 636,22 | 636,22 | 661,64 |  0,00 | 0,507 | 44,35 | 44,35 |  0,00 | 1,470 | 221,41 | 221,41 |  0,00 | 1,589 | 226,38 | 226,38 |  0,00 | 14,172 | 144,08 | 144,08 | 51,261 |   NaN | NaN | 0,00 | 0,00 | NaN
  16 |  0,00 | 5,716 | 642,96 | 642,96 | 666,49 |  0,00 | 0,498 | 44,35 | 44,35 |  0,00 | 4,365 | 224,60 | 224,60 |  0,00 | 5,184 | 229,93 | 229,93 |  0,00 | 45,701 | 144,08 | 144,08 | 101,801 |   NaN | NaN | 0,00 | 0,00 | NaN
  17 |  0,00 | 5,018 | 640,34 | 640,34 | 665,84 |  0,00 | 0,511 | 44,35 | 44,35 |  0,00 | 3,612 | 224,71 | 224,71 |  0,00 | 4,237 | 227,20 | 227,20 |  0,00 | 41,198 | 144,08 | 144,08 | 91,121 |   NaN | NaN | 0,00 | 0,00 | NaN
  18 |  0,00 | 8,192 | 636,83 | 636,83 | 659,68 |  0,00 | 0,487 | 44,35 | 44,35 |  0,00 | 7,466 | 222,94 | 222,94 |  0,00 | 15,653 | 225,46 | 225,46 |  0,00 | 39,138 | 144,08 | 144,08 | 124,066 |   NaN | NaN | 0,00 | 0,00 | NaN
  19 |  0,00 | 22,978 | 634,45 | 634,45 | 657,45 |  0,00 | 0,478 | 44,35 | 44,35 |  0,00 | 23,929 | 220,79 | 220,79 |  0,00 | 43,740 | 225,23 | 225,23 |  0,00 | 107,501 | 144,08 | 144,08 | 234,287 |   NaN | NaN | 0,00 | 0,00 | NaN
  20 |  0,00 | 20,181 | 636,01 | 636,01 | 658,81 |  0,00 | 0,473 | 44,35 | 44,35 |  0,00 | 20,696 | 226,28 | 226,28 |  0,00 | 41,450 | 221,29 | 221,29 |  0,00 | 87,099 | 144,08 | 144,08 | 211,862 |   NaN | NaN | 0,00 | 0,00 | NaN
  21 |  0,00 | 1,621 | 632,40 | 632,40 | 654,78 |  0,00 | 0,479 | 44,35 | 44,35 |  0,00 | 1,018 | 222,93 | 222,93 |  0,00 | 1,287 | 221,03 | 221,03 |  0,00 | 11,881 | 144,08 | 144,08 | 41,129 |   NaN | NaN | 0,00 | 0,00 | NaN
  22 |  0,00 | 19,891 | 639,58 | 639,58 | 666,81 |  0,00 | 0,516 | 44,35 | 44,35 |  0,00 | 22,827 | 228,64 | 228,64 |  0,00 | 31,598 | 222,51 | 222,51 |  0,00 | 104,833 | 144,08 | 144,08 | 221,962 |   NaN | NaN | 0,00 | 0,00 | NaN
  23 |  0,00 | 24,468 | 641,46 | 641,46 | 665,42 |  0,00 | 0,498 | 44,35 | 44,35 |  0,00 | 25,833 | 226,11 | 226,11 |  0,00 | 48,227 | 226,91 | 226,91 |  0,00 | 108,000 | 144,08 | 144,08 | 236,049 |   NaN | NaN | 0,00 | 0,00 | NaN
  24 |  0,00 | 9,142 | 639,77 | 639,77 | 662,24 |  0,00 | 0,460 | 44,35 | 44,35 |  0,00 | 8,238 | 225,98 | 225,98 |  0,00 | 9,861 | 225,36 | 225,36 |  0,00 | 66,969 | 144,08 | 144,08 | 139,806 |   NaN | NaN | 0,00 | 0,00 | NaN
  25 |  0,00 | 1,435 | 642,90 | 642,90 | 669,79 |  0,00 | 0,518 | 44,35 | 44,35 |  0,00 | 1,089 | 222,90 | 222,90 |  0,00 | 1,220 | 231,57 | 231,57 |  0,00 | 9,146 | 144,08 | 144,08 | 39,715 |   NaN | NaN | 0,00 | 0,00 | NaN
  26 |  0,00 | 2,237 | 636,81 | 636,81 | 663,92 |  0,00 | 0,515 | 44,35 | 44,35 |  0,00 | 1,632 | 224,51 | 224,51 |  0,00 | 1,817 | 223,87 | 223,87 |  0,00 | 16,600 | 144,08 | 144,08 | 53,581 |   NaN | NaN | 0,00 | 0,00 | NaN
  27 |  0,00 | 5,907 | 634,78 | 634,78 | 657,16 |  0,00 | 0,441 | 44,35 | 44,35 |  0,00 | 5,387 | 222,84 | 222,84 |  0,00 | 9,971 | 223,51 | 223,51 |  0,00 | 31,597 | 144,08 | 144,08 | 101,439 |   NaN | NaN | 0,00 | 0,00 | NaN
  28 |  0,00 | 23,966 | 637,46 | 637,46 | 662,55 |  0,00 | 0,507 | 44,35 | 44,35 |  0,00 | 25,702 | 226,76 | 226,76 |  0,00 | 46,607 | 222,27 | 222,27 |  0,00 | 107,761 | 144,08 | 144,08 | 235,800 |   NaN | NaN | 0,00 | 0,00 | NaN
  29 |  0,00 | 24,254 | 639,59 | 639,59 | 662,64 |  0,00 | 0,486 | 44,35 | 44,35 |  0,00 | 26,241 | 227,12 | 227,12 |  0,00 | 49,415 | 224,03 | 224,03 |  0,00 | 101,408 | 144,08 | 144,08 | 228,682 |   NaN | NaN | 0,00 | 0,00 | NaN
  30 |  0,00 | 14,834 | 631,79 | 631,79 | 658,79 |  0,00 | 0,516 | 44,35 | 44,35 |  0,00 | 15,488 | 221,70 | 221,70 |  0,00 | 29,937 | 221,65 | 221,65 |  0,00 | 63,598 | 144,08 | 144,08 | 178,249 |   NaN | NaN | 0,00 | 0,00 | NaN
  31 |  0,00 | 24,912 | 637,13 | 637,13 | 660,14 |  0,00 | 0,483 | 44,35 | 44,35 |  0,00 | 26,167 | 224,94 | 224,94 |  0,00 | 50,326 | 223,75 | 223,75 |  0,00 | 107,957 | 144,08 | 144,08 | 235,971 |   NaN | NaN | 0,00 | 0,00 | NaN
  32 |  0,00 | 21,913 | 631,78 | 631,78 | 654,27 |  0,00 | 0,440 | 44,35 | 44,35 |  0,00 | 22,683 | 221,53 | 221,53 |  0,00 | 44,691 | 221,81 | 221,81 |  0,00 | 95,206 | 144,08 | 144,08 | 221,965 |   NaN | NaN | 0,00 | 0,00 | NaN
  33 |  0,00 | 19,524 | 634,12 | 634,12 | 658,84 |  0,00 | 0,505 | 44,35 | 44,35 |  0,00 | 20,496 | 221,61 | 221,61 |  0,00 | 40,731 | 224,07 | 224,07 |  0,00 | 80,012 | 144,08 | 144,08 | 202,756 |   NaN | NaN | 0,00 | 0,00 | NaN
  34 |  0,00 | 1,994 | 635,49 | 635,49 | 659,40 |  0,00 | 0,497 | 44,35 | 44,35 |  0,00 | 1,591 | 227,43 | 227,43 |  0,00 | 1,918 | 219,63 | 219,63 |  0,00 | 13,286 | 144,08 | 144,08 | 54,153 |   NaN | NaN | 0,00 | 0,00 | NaN
  35 |  0,00 | 1,200 | 641,14 | 641,14 | 662,87 |  0,00 | 0,446 | 44,35 | 44,35 |  0,00 | 0,890 | 226,46 | 226,46 |  0,00 | 1,154 | 226,25 | 226,25 |  0,00 | 7,221 | 144,08 | 144,08 | 36,281 |   NaN | NaN | 0,00 | 0,00 | NaN
  36 |  0,00 | 3,660 | 633,33 | 633,33 | 657,19 |  0,00 | 0,499 | 44,35 | 44,35 |  0,00 | 2,975 | 220,30 | 220,30 |  0,00 | 4,662 | 224,60 | 224,60 |  0,00 | 23,546 | 144,08 | 144,08 | 79,323 |   NaN | NaN | 0,00 | 0,00 | NaN
  37 |  0,00 | 23,265 | 640,57 | 640,57 | 663,46 |  0,00 | 0,481 | 44,35 | 44,35 |  0,00 | 25,525 | 228,22 | 228,22 |  0,00 | 47,784 | 223,92 | 223,92 |  0,00 | 95,035 | 144,08 | 144,08 | 221,771 |   NaN | NaN | 0,00 | 0,00 | NaN
  38 |  0,00 | 13,527 | 636,70 | 636,70 | 659,25 |  0,00 | 0,473 | 44,35 | 44,35 |  0,00 | 13,374 | 225,53 | 225,53 |  0,00 | 28,870 | 222,74 | 222,74 |  0,00 | 55,391 | 144,08 | 144,08 | 163,418 |   NaN | NaN | 0,00 | 0,00 | NaN
  39 |  0,00 | 19,748 | 632,98 | 632,98 | 659,99 |  0,00 | 0,516 | 44,35 | 44,35 |  0,00 | 19,768 | 222,77 | 222,77 |  0,00 | 41,803 | 221,77 | 221,77 |  0,00 | 82,593 | 144,08 | 144,08 | 206,196 |   NaN | NaN | 0,00 | 0,00 | NaN
  40 |  0,00 | 6,752 | 634,69 | 634,69 | 661,59 |  0,00 | 0,516 | 44,35 | 44,35 |  0,00 | 6,322 | 223,28 | 223,28 |  0,00 | 11,945 | 222,98 | 222,98 |  0,00 | 34,001 | 144,08 | 144,08 | 108,206 |   NaN | NaN | 0,00 | 0,00 | NaN
  41 |  0,00 | 24,491 | 643,78 | 643,78 | 667,86 |  0,00 | 0,499 | 44,35 | 44,35 |  0,00 | 24,406 | 226,87 | 226,87 |  0,00 | 50,298 | 228,48 | 228,48 |  0,00 | 105,895 | 144,08 | 144,08 | 233,819 |   NaN | NaN | 0,00 | 0,00 | NaN
  42 |  0,00 | 25,275 | 640,97 | 640,97 | 663,65 |  0,00 | 0,445 | 44,35 | 44,35 |  0,00 | 26,350 | 225,20 | 225,20 |  0,00 | 53,708 | 227,34 | 227,34 |  0,00 | 101,376 | 144,08 | 144,08 | 228,690 |   NaN | NaN | 0,00 | 0,00 | NaN
  43 |  0,00 | 20,513 | 636,49 | 636,49 | 662,72 |  0,00 | 0,523 | 44,35 | 44,35 |  0,00 | 21,396 | 223,81 | 223,81 |  0,00 | 43,325 | 224,25 | 224,25 |  0,00 | 82,861 | 144,08 | 144,08 | 206,574 |   NaN | NaN | 0,00 | 0,00 | NaN
  44 |  0,00 | 24,941 | 641,11 | 641,11 | 663,59 |  0,00 | 0,436 | 44,35 | 44,35 |  0,00 | 27,171 | 224,79 | 224,79 |  0,00 | 49,497 | 227,89 | 227,89 |  0,00 | 106,862 | 144,08 | 144,08 | 234,764 |   NaN | NaN | 0,00 | 0,00 | NaN
  45 |  0,00 | 24,443 | 639,89 | 639,89 | 667,90 |  0,00 | 0,520 | 44,35 | 44,35 |  0,00 | 25,724 | 229,12 | 229,12 |  0,00 | 50,505 | 222,34 | 222,34 |  0,00 | 102,643 | 144,08 | 144,08 | 229,986 |   NaN | NaN | 0,00 | 0,00 | NaN
  46 |  0,00 | 21,257 | 634,10 | 634,10 | 656,79 |  0,00 | 0,459 | 44,35 | 44,35 |  0,00 | 21,275 | 220,38 | 220,38 |  0,00 | 45,480 | 225,29 | 225,29 |  0,00 | 87,008 | 144,08 | 144,08 | 211,765 |   NaN | NaN | 0,00 | 0,00 | NaN
  47 |  0,00 | 24,140 | 633,35 | 633,35 | 656,17 |  0,00 | 0,457 | 44,35 | 44,35 |  0,00 | 26,325 | 223,75 | 223,75 |  0,00 | 46,945 | 221,17 | 221,17 |  0,00 | 108,043 | 144,08 | 144,08 | 236,074 |   NaN | NaN | 0,00 | 0,00 | NaN
  48 |  0,00 | 24,562 | 631,89 | 631,89 | 655,10 |  0,00 | 0,486 | 44,35 | 44,35 |  0,00 | 25,804 | 221,09 | 221,09 |  0,00 | 49,615 | 222,37 | 222,37 |  0,00 | 106,901 | 144,08 | 144,08 | 234,821 |   NaN | NaN | 0,00 | 0,00 | NaN
  49 |  0,00 | 24,833 | 633,55 | 633,55 | 657,65 |  0,00 | 0,499 | 44,35 | 44,35 |  0,00 | 27,120 | 222,17 | 222,17 |  0,00 | 49,064 | 222,95 | 222,95 |  0,00 | 108,068 | 144,08 | 144,08 | 236,097 |   NaN | NaN | 0,00 | 0,00 | NaN
  50 |  0,00 | 20,318 | 635,02 | 635,02 | 657,69 |  0,00 | 0,453 | 44,35 | 44,35 |  0,00 | 21,320 | 225,31 | 225,31 |  0,00 | 42,957 | 221,28 | 221,28 |  0,00 | 82,869 | 144,08 | 144,08 | 206,563 |   NaN | NaN | 0,00 | 0,00 | NaN
  51 |  0,00 | 24,558 | 635,39 | 635,39 | 658,19 |  0,00 | 0,451 | 44,35 | 44,35 |  0,00 | 25,407 | 223,17 | 223,17 |  0,00 | 50,407 | 223,78 | 223,78 |  0,00 | 105,446 | 144,08 | 144,08 | 233,327 |   NaN | NaN | 0,00 | 0,00 | NaN
  52 |  0,00 | 24,142 | 638,25 | 638,25 | 661,15 |  0,00 | 0,477 | 44,35 | 44,35 |  0,00 | 25,052 | 222,28 | 222,28 |  0,00 | 48,820 | 227,54 | 227,54 |  0,00 | 104,146 | 144,08 | 144,08 | 231,875 |   NaN | NaN | 0,00 | 0,00 | NaN
  53 |  0,00 | 21,666 | 640,01 | 640,01 | 662,73 |  0,00 | 0,465 | 44,35 | 44,35 |  0,00 | 21,817 | 224,80 | 224,80 |  0,00 | 44,581 | 226,77 | 226,77 |  0,00 | 93,120 | 144,08 | 144,08 | 219,554 |   NaN | NaN | 0,00 | 0,00 | NaN
  54 |  0,00 | 24,202 | 632,08 | 632,08 | 654,82 |  0,00 | 0,467 | 44,35 | 44,35 |  0,00 | 25,422 | 224,05 | 224,05 |  0,00 | 50,250 | 219,60 | 219,60 |  0,00 | 102,407 | 144,08 | 144,08 | 229,742 |   NaN | NaN | 0,00 | 0,00 | NaN
  55 |  0,00 | 12,716 | 637,44 | 637,44 | 659,88 |  0,00 | 0,452 | 44,35 | 44,35 |  0,00 | 13,021 | 222,92 | 222,92 |  0,00 | 25,512 | 226,09 | 226,09 |  0,00 | 54,875 | 144,08 | 144,08 | 162,468 |   NaN | NaN | 0,00 | 0,00 | NaN
  56 |  0,00 | 24,155 | 634,34 | 634,34 | 657,16 |  0,00 | 0,458 | 44,35 | 44,35 |  0,00 | 25,663 | 225,28 | 225,28 |  0,00 | 48,241 | 220,63 | 220,63 |  0,00 | 106,498 | 144,08 | 144,08 | 234,387 |   NaN | NaN | 0,00 | 0,00 | NaN
  57 |  0,00 | 24,958 | 636,49 | 636,49 | 659,31 |  0,00 | 0,455 | 44,35 | 44,35 |  0,00 | 27,932 | 222,82 | 222,82 |  0,00 | 48,708 | 225,24 | 225,24 |  0,00 | 107,959 | 144,08 | 144,08 | 235,948 |   NaN | NaN | 0,00 | 0,00 | NaN
  58 |  0,00 | 25,320 | 639,84 | 639,84 | 662,93 |  0,00 | 0,484 | 44,35 | 44,35 |  0,00 | 26,756 | 225,77 | 225,77 |  0,00 | 51,467 | 225,64 | 225,64 |  0,00 | 107,728 | 144,08 | 144,08 | 235,723 |   NaN | NaN | 0,00 | 0,00 | NaN
  59 |  0,00 | 2,433 | 637,42 | 637,42 | 662,08 |  0,00 | 0,504 | 44,35 | 44,35 |  0,00 | 1,986 | 223,67 | 223,67 |  0,00 | 2,507 | 225,31 | 225,31 |  0,00 | 16,249 | 144,08 | 144,08 | 62,006 |   NaN | NaN | 0,00 | 0,00 | NaN
  60 |  0,00 | 24,585 | 637,77 | 637,77 | 660,35 |  0,00 | 0,438 | 44,35 | 44,35 |  0,00 | 26,602 | 225,57 | 225,57 |  0,00 | 49,201 | 223,77 | 223,77 |  0,00 | 105,898 | 144,08 | 144,08 | 233,759 |   NaN | NaN | 0,00 | 0,00 | NaN
  61 |  0,00 | 22,638 | 640,36 | 640,36 | 663,06 |  0,00 | 0,460 | 44,35 | 44,35 |  0,00 | 23,451 | 227,19 | 227,19 |  0,00 | 48,469 | 224,74 | 224,74 |  0,00 | 90,599 | 144,08 | 144,08 | 216,409 |   NaN | NaN | 0,00 | 0,00 | NaN
  62 |  0,00 | 24,993 | 638,61 | 638,61 | 667,14 |  0,00 | 0,522 | 44,35 | 44,35 |  0,00 | 25,411 | 225,19 | 225,19 |  0,00 | 51,589 | 224,98 | 224,98 |  0,00 | 106,944 | 144,08 | 144,08 | 234,875 |   NaN | NaN | 0,00 | 0,00 | NaN
  63 |  0,00 | 16,154 | 642,39 | 642,39 | 665,07 |  0,00 | 0,477 | 44,35 | 44,35 |  0,00 | 18,003 | 228,14 | 228,14 |  0,00 | 33,298 | 225,82 | 225,82 |  0,00 | 63,407 | 144,08 | 144,08 | 177,930 |   NaN | NaN | 0,00 | 0,00 | NaN
  64 |  0,00 | 24,308 | 634,24 | 634,24 | 662,52 |  0,00 | 0,520 | 44,35 | 44,35 |  0,00 | 25,996 | 225,41 | 225,41 |  0,00 | 49,860 | 220,40 | 220,40 |  0,00 | 102,598 | 144,08 | 144,08 | 230,001 |   NaN | NaN | 0,00 | 0,00 | NaN

= = = = = = = = = = = = AVERAGE RESULTS system = = = = = = = = = = = =
meanPLR_system | 0,000000 
meanDelay_system | 15,506073 
meanLoad_system | 637,679243 
meanTHR_system | 637,679243 
meanGate_system | 661,659709 

meanPLR_EF_system | 0,000000 
meanPLR_AF_system | 0,000000 
meanPLR_BE_system | 0,000000 
meanPLR_FLA_system | 0,000000 
meanPLR_FLB_system | NaN 

meanTHR_EF_system | 44,352005 
meanTHR_AF_system | 224,812306 
meanTHR_BE_system | 224,434842 
meanTHR_FLA_system | 148,551023 
meanTHR_FLB_system | 0,000000 

meanLoad_EF_system | 44,352005 
meanLoad_AF_system | 224,812306 
meanLoad_BE_system | 224,434842 
meanLoad_FLA_system | 148,551023 
meanLoad_FLB_system | 0,000000 

meanDELAY_EF_system | 0,482163 
meanDELAY_AF_system | 16,002093 
meanDELAY_BE_system | 29,456887 
meanDELAY_FLA_system | 72,272703 
meanDELAY_FLB_system | NaN 
meanDELAY_CompleteFLA_system | 168,973635 
meanDELAY_CompleteFLB_system | NaN 

= = = = = = = = = = = = AVERAGE RESULTS = = = = = = = = = = = =
Packet Loss Ratio: 00,00 (%)
PROCESSED PACKAGES: 1031893027 
DISCARTED PACKAGES: 0 
TOTAL PACKAGES: 1031893027 
AVERAGE DELAY: 2507,31 (ms) 
AVERAGE THROUGHPUT: 637,68 (Mbps) 
GRANTED THROUGHPUT: 42346,22 (Mbps) By 64 ONUs
EFFECTIVE THROUGHPUT: 40811,47 (Mbps) By 64 ONUs
TOTAL LOAD: 40811,47 (Mbps) By 64 ONUs
ON Arrival THROUGHPUT: 0,00 (Mbps) By 64 ONUs
FINISHTIMEFL: 96,677894 
FINISHTIME: 99,677894 


fileName | IPACT_STRICTPRIORITY_1_68_60_0 
