
ONU ID 	|  PLR(%) | Delay(ms) | Throughput(Mbps) | Granted Throughput(Mbps) | Total Load (Mbps) 

  ID |  PLR(%) |  D  | Thr |  Gates  |  Load  | PLR-EF | D-EF | ThrEF | LoadEF | PLR-AF | D-AF | ThrAF | LoadAF | PLR-BE | D-BE | ThrBE | LoadBE | PLR-FA | D-FA | ThrFA | LoadFA | DTFA |  PLR-FB | D-FB | ThrFB | LoadFB | DTFB | 
   1 |  0,00 | 0,557 | 578,94 | 578,94 | 616,07 |  0,00 | 0,208 | 44,35 | 44,35 |  0,00 | 0,408 | 247,20 | 247,20 |  0,00 | 0,514 | 239,96 | 239,96 |  0,00 | 9,435 | 47,43 | 47,43 | 40,932 |   NaN | NaN | 0,00 | 0,00 | NaN
   2 |  0,00 | 0,876 | 580,56 | 580,56 | 622,15 |  0,00 | 0,220 | 44,35 | 44,35 |  0,00 | 0,667 | 245,36 | 245,36 |  0,00 | 0,718 | 243,41 | 243,41 |  0,00 | 17,574 | 47,43 | 47,43 | 56,830 |   NaN | NaN | 0,00 | 0,00 | NaN
   3 |  0,00 | 0,603 | 576,53 | 576,53 | 610,48 |  0,00 | 0,156 | 44,35 | 44,35 |  0,00 | 0,387 | 243,13 | 243,13 |  0,00 | 0,587 | 241,61 | 241,61 |  0,00 | 11,809 | 47,43 | 47,43 | 43,170 |   NaN | NaN | 0,00 | 0,00 | NaN
   4 |  0,00 | 0,516 | 583,03 | 583,03 | 616,92 |  0,00 | 0,162 | 44,35 | 44,35 |  0,00 | 0,340 | 247,87 | 247,87 |  0,00 | 0,516 | 243,37 | 243,37 |  0,00 | 9,365 | 47,43 | 47,43 | 39,559 |   NaN | NaN | 0,00 | 0,00 | NaN
   5 |  0,00 | 0,576 | 578,28 | 578,28 | 612,59 |  0,00 | 0,187 | 44,35 | 44,35 |  0,00 | 0,411 | 243,32 | 243,32 |  0,00 | 0,550 | 243,18 | 243,18 |  0,00 | 10,215 | 47,43 | 47,43 | 42,266 |   NaN | NaN | 0,00 | 0,00 | NaN
   6 |  0,00 | 0,526 | 582,40 | 582,40 | 615,86 |  0,00 | 0,138 | 44,35 | 44,35 |  0,00 | 0,327 | 246,50 | 246,50 |  0,00 | 0,591 | 244,11 | 244,11 |  0,00 | 9,633 | 47,43 | 47,43 | 40,352 |   NaN | NaN | 0,00 | 0,00 | NaN
   7 |  0,00 | 0,682 | 579,27 | 579,27 | 613,24 |  0,00 | 0,154 | 44,35 | 44,35 |  0,00 | 0,476 | 244,41 | 244,41 |  0,00 | 0,687 | 243,07 | 243,07 |  0,00 | 13,198 | 47,43 | 47,43 | 47,385 |   NaN | NaN | 0,00 | 0,00 | NaN
   8 |  0,00 | 0,608 | 580,14 | 580,14 | 616,60 |  0,00 | 0,205 | 44,35 | 44,35 |  0,00 | 0,434 | 242,85 | 242,85 |  0,00 | 0,548 | 245,50 | 245,50 |  0,00 | 10,964 | 47,43 | 47,43 | 42,517 |   NaN | NaN | 0,00 | 0,00 | NaN
   9 |  0,00 | 0,499 | 581,80 | 581,80 | 615,59 |  0,00 | 0,144 | 44,35 | 44,35 |  0,00 | 0,315 | 246,01 | 246,01 |  0,00 | 0,550 | 244,01 | 244,01 |  0,00 | 8,916 | 47,43 | 47,43 | 38,869 |   NaN | NaN | 0,00 | 0,00 | NaN
  10 |  0,00 | 0,588 | 578,15 | 578,15 | 614,71 |  0,00 | 0,205 | 44,35 | 44,35 |  0,00 | 0,386 | 243,59 | 243,59 |  0,00 | 0,495 | 242,78 | 242,78 |  0,00 | 11,092 | 47,43 | 47,43 | 42,126 |   NaN | NaN | 0,00 | 0,00 | NaN
  11 |  0,00 | 4,146 | 577,27 | 577,27 | 611,05 |  0,00 | 0,145 | 44,35 | 44,35 |  0,00 | 3,790 | 240,95 | 240,95 |  0,00 | 7,167 | 244,53 | 244,53 |  0,00 | 58,364 | 47,43 | 47,43 | 147,447 |   NaN | NaN | 0,00 | 0,00 | NaN
  12 |  0,00 | 0,552 | 578,22 | 578,22 | 615,31 |  0,00 | 0,207 | 44,35 | 44,35 |  0,00 | 0,396 | 242,87 | 242,87 |  0,00 | 0,508 | 243,56 | 243,56 |  0,00 | 9,411 | 47,43 | 47,43 | 39,962 |   NaN | NaN | 0,00 | 0,00 | NaN
  13 |  0,00 | 0,832 | 574,89 | 574,89 | 608,91 |  0,00 | 0,172 | 44,35 | 44,35 |  0,00 | 0,549 | 242,04 | 242,04 |  0,00 | 0,799 | 241,06 | 241,06 |  0,00 | 17,115 | 47,43 | 47,43 | 56,156 |   NaN | NaN | 0,00 | 0,00 | NaN
  14 |  0,00 | 0,620 | 581,07 | 581,07 | 619,92 |  0,00 | 0,213 | 44,35 | 44,35 |  0,00 | 0,448 | 243,93 | 243,93 |  0,00 | 0,491 | 245,36 | 245,36 |  0,00 | 11,678 | 47,43 | 47,43 | 42,962 |   NaN | NaN | 0,00 | 0,00 | NaN
  15 |  0,00 | 0,582 | 578,48 | 578,48 | 615,53 |  0,00 | 0,207 | 44,35 | 44,35 |  0,00 | 0,434 | 240,72 | 240,72 |  0,00 | 0,525 | 245,98 | 245,98 |  0,00 | 10,076 | 47,43 | 47,43 | 42,749 |   NaN | NaN | 0,00 | 0,00 | NaN
  16 |  0,00 | 0,535 | 585,60 | 585,60 | 620,80 |  0,00 | 0,198 | 44,35 | 44,35 |  0,00 | 0,357 | 245,01 | 245,01 |  0,00 | 0,503 | 248,81 | 248,81 |  0,00 | 9,329 | 47,43 | 47,43 | 39,940 |   NaN | NaN | 0,00 | 0,00 | NaN
  17 |  0,00 | 0,547 | 582,24 | 582,24 | 620,33 |  0,00 | 0,211 | 44,35 | 44,35 |  0,00 | 0,389 | 245,91 | 245,91 |  0,00 | 0,457 | 244,55 | 244,55 |  0,00 | 9,690 | 47,43 | 47,43 | 40,180 |   NaN | NaN | 0,00 | 0,00 | NaN
  18 |  0,00 | 0,795 | 576,59 | 576,59 | 610,95 |  0,00 | 0,188 | 44,35 | 44,35 |  0,00 | 0,502 | 241,49 | 241,49 |  0,00 | 0,675 | 243,31 | 243,31 |  0,00 | 16,914 | 47,43 | 47,43 | 52,179 |   NaN | NaN | 0,00 | 0,00 | NaN
  19 |  0,00 | 1,459 | 573,39 | 573,39 | 607,42 |  0,00 | 0,179 | 44,35 | 44,35 |  0,00 | 0,867 | 240,00 | 240,00 |  0,00 | 1,186 | 241,61 | 241,61 |  0,00 | 35,396 | 47,43 | 47,43 | 73,510 |   NaN | NaN | 0,00 | 0,00 | NaN
  20 |  0,00 | 2,605 | 576,21 | 576,21 | 610,10 |  0,00 | 0,174 | 44,35 | 44,35 |  0,00 | 2,216 | 244,40 | 244,40 |  0,00 | 3,869 | 240,02 | 240,02 |  0,00 | 43,030 | 47,43 | 47,43 | 117,082 |   NaN | NaN | 0,00 | 0,00 | NaN
  21 |  0,00 | 0,529 | 570,72 | 570,72 | 604,74 |  0,00 | 0,179 | 44,35 | 44,35 |  0,00 | 0,358 | 239,41 | 239,41 |  0,00 | 0,515 | 239,52 | 239,52 |  0,00 | 9,297 | 47,43 | 47,43 | 39,722 |   NaN | NaN | 0,00 | 0,00 | NaN
  22 |  0,00 | 0,551 | 583,54 | 583,54 | 623,91 |  0,00 | 0,218 | 44,35 | 44,35 |  0,00 | 0,412 | 249,27 | 249,27 |  0,00 | 0,488 | 242,48 | 242,48 |  0,00 | 9,221 | 47,43 | 47,43 | 39,902 |   NaN | NaN | 0,00 | 0,00 | NaN
  23 |  0,00 | 5,460 | 579,96 | 579,96 | 615,15 |  0,00 | 0,199 | 44,35 | 44,35 |  0,00 | 5,725 | 244,46 | 244,46 |  0,00 | 7,766 | 243,72 | 243,72 |  0,00 | 85,961 | 47,43 | 47,43 | 187,535 |   NaN | NaN | 0,00 | 0,00 | NaN
  24 |  0,00 | 0,830 | 579,61 | 579,61 | 613,59 |  0,00 | 0,161 | 44,35 | 44,35 |  0,00 | 0,555 | 243,38 | 243,38 |  0,00 | 0,798 | 244,45 | 244,45 |  0,00 | 17,211 | 47,43 | 47,43 | 56,415 |   NaN | NaN | 0,00 | 0,00 | NaN
  25 |  0,00 | 0,556 | 584,09 | 584,09 | 625,07 |  0,00 | 0,219 | 44,35 | 44,35 |  0,00 | 0,411 | 244,08 | 244,08 |  0,00 | 0,477 | 248,23 | 248,23 |  0,00 | 9,503 | 47,43 | 47,43 | 40,004 |   NaN | NaN | 0,00 | 0,00 | NaN
  26 |  0,00 | 0,677 | 577,89 | 577,89 | 617,45 |  0,00 | 0,215 | 44,35 | 44,35 |  0,00 | 0,442 | 244,08 | 244,08 |  0,00 | 0,556 | 242,02 | 242,02 |  0,00 | 13,366 | 47,43 | 47,43 | 46,370 |   NaN | NaN | 0,00 | 0,00 | NaN
  27 |  0,00 | 0,720 | 575,25 | 575,25 | 609,08 |  0,00 | 0,142 | 44,35 | 44,35 |  0,00 | 0,430 | 243,33 | 243,33 |  0,00 | 0,717 | 240,13 | 240,13 |  0,00 | 15,138 | 47,43 | 47,43 | 52,690 |   NaN | NaN | 0,00 | 0,00 | NaN
  28 |  0,00 | 5,308 | 574,22 | 574,22 | 611,21 |  0,00 | 0,208 | 44,35 | 44,35 |  0,00 | 4,915 | 242,62 | 242,62 |  0,00 | 7,986 | 239,81 | 239,81 |  0,00 | 85,793 | 47,43 | 47,43 | 188,664 |   NaN | NaN | 0,00 | 0,00 | NaN
  29 |  0,00 | 5,039 | 581,86 | 581,86 | 616,03 |  0,00 | 0,187 | 44,35 | 44,35 |  0,00 | 4,817 | 245,05 | 245,05 |  0,00 | 8,654 | 245,02 | 245,02 |  0,00 | 69,242 | 47,43 | 47,43 | 170,248 |   NaN | NaN | 0,00 | 0,00 | NaN
  30 |  0,00 | 1,227 | 575,86 | 575,86 | 616,51 |  0,00 | 0,218 | 44,35 | 44,35 |  0,00 | 0,876 | 241,28 | 241,28 |  0,00 | 1,305 | 242,80 | 242,80 |  0,00 | 24,075 | 47,43 | 47,43 | 69,073 |   NaN | NaN | 0,00 | 0,00 | NaN
  31 |  0,00 | 5,215 | 578,04 | 578,04 | 612,07 |  0,00 | 0,184 | 44,35 | 44,35 |  0,00 | 5,067 | 245,12 | 245,12 |  0,00 | 7,394 | 241,13 | 241,13 |  0,00 | 86,566 | 47,43 | 47,43 | 189,246 |   NaN | NaN | 0,00 | 0,00 | NaN
  32 |  0,00 | 3,762 | 581,24 | 581,24 | 614,95 |  0,00 | 0,141 | 44,35 | 44,35 |  0,00 | 3,265 | 244,52 | 244,52 |  0,00 | 6,287 | 244,93 | 244,93 |  0,00 | 56,565 | 47,43 | 47,43 | 143,617 |   NaN | NaN | 0,00 | 0,00 | NaN
  33 |  0,00 | 1,794 | 577,07 | 577,07 | 613,69 |  0,00 | 0,206 | 44,35 | 44,35 |  0,00 | 1,538 | 243,10 | 243,10 |  0,00 | 2,275 | 242,18 | 242,18 |  0,00 | 31,468 | 47,43 | 47,43 | 93,217 |   NaN | NaN | 0,00 | 0,00 | NaN
  34 |  0,00 | 0,597 | 576,43 | 576,43 | 611,57 |  0,00 | 0,198 | 44,35 | 44,35 |  0,00 | 0,430 | 242,97 | 242,97 |  0,00 | 0,561 | 241,67 | 241,67 |  0,00 | 10,542 | 47,43 | 47,43 | 44,523 |   NaN | NaN | 0,00 | 0,00 | NaN
  35 |  0,00 | 0,499 | 583,00 | 583,00 | 616,82 |  0,00 | 0,147 | 44,35 | 44,35 |  0,00 | 0,331 | 245,90 | 245,90 |  0,00 | 0,537 | 245,31 | 245,31 |  0,00 | 8,829 | 47,43 | 47,43 | 38,720 |   NaN | NaN | 0,00 | 0,00 | NaN
  36 |  0,00 | 0,640 | 577,98 | 577,98 | 613,52 |  0,00 | 0,200 | 44,35 | 44,35 |  0,00 | 0,440 | 240,66 | 240,66 |  0,00 | 0,589 | 245,54 | 245,54 |  0,00 | 11,856 | 47,43 | 47,43 | 44,601 |   NaN | NaN | 0,00 | 0,00 | NaN
  37 |  0,00 | 3,765 | 583,12 | 583,12 | 617,19 |  0,00 | 0,182 | 44,35 | 44,35 |  0,00 | 3,315 | 247,10 | 247,10 |  0,00 | 6,260 | 244,23 | 244,23 |  0,00 | 55,743 | 47,43 | 47,43 | 141,918 |   NaN | NaN | 0,00 | 0,00 | NaN
  38 |  0,00 | 0,875 | 581,84 | 581,84 | 615,93 |  0,00 | 0,174 | 44,35 | 44,35 |  0,00 | 0,616 | 245,85 | 245,85 |  0,00 | 0,898 | 244,20 | 244,20 |  0,00 | 17,229 | 47,43 | 47,43 | 58,706 |   NaN | NaN | 0,00 | 0,00 | NaN
  39 |  0,00 | 2,090 | 570,91 | 570,91 | 611,29 |  0,00 | 0,217 | 44,35 | 44,35 |  0,00 | 1,709 | 240,56 | 240,56 |  0,00 | 2,807 | 238,57 | 238,57 |  0,00 | 36,475 | 47,43 | 47,43 | 103,721 |   NaN | NaN | 0,00 | 0,00 | NaN
  40 |  0,00 | 0,874 | 573,49 | 573,49 | 614,08 |  0,00 | 0,217 | 44,35 | 44,35 |  0,00 | 0,649 | 242,89 | 242,89 |  0,00 | 0,809 | 238,82 | 238,82 |  0,00 | 16,828 | 47,43 | 47,43 | 56,583 |   NaN | NaN | 0,00 | 0,00 | NaN
  41 |  0,00 | 5,724 | 582,37 | 582,37 | 617,83 |  0,00 | 0,200 | 44,35 | 44,35 |  0,00 | 5,774 | 242,29 | 242,29 |  0,00 | 9,361 | 248,30 | 248,30 |  0,00 | 80,057 | 47,43 | 47,43 | 185,839 |   NaN | NaN | 0,00 | 0,00 | NaN
  42 |  0,00 | 4,656 | 584,43 | 584,43 | 618,21 |  0,00 | 0,146 | 44,35 | 44,35 |  0,00 | 4,167 | 246,28 | 246,28 |  0,00 | 7,817 | 246,36 | 246,36 |  0,00 | 68,848 | 47,43 | 47,43 | 169,864 |   NaN | NaN | 0,00 | 0,00 | NaN
  43 |  0,00 | 2,256 | 585,37 | 585,37 | 624,66 |  0,00 | 0,225 | 44,35 | 44,35 |  0,00 | 1,889 | 247,50 | 247,50 |  0,00 | 3,047 | 246,08 | 246,08 |  0,00 | 38,844 | 47,43 | 47,43 | 108,471 |   NaN | NaN | 0,00 | 0,00 | NaN
  44 |  0,00 | 5,311 | 582,45 | 582,45 | 615,77 |  0,00 | 0,138 | 44,35 | 44,35 |  0,00 | 4,984 | 244,21 | 244,21 |  0,00 | 8,249 | 246,46 | 246,46 |  0,00 | 83,380 | 47,43 | 47,43 | 188,786 |   NaN | NaN | 0,00 | 0,00 | NaN
  45 |  0,00 | 5,218 | 578,52 | 578,52 | 620,37 |  0,00 | 0,221 | 44,35 | 44,35 |  0,00 | 4,904 | 246,63 | 246,63 |  0,00 | 9,055 | 240,11 | 240,11 |  0,00 | 71,842 | 47,43 | 47,43 | 174,856 |   NaN | NaN | 0,00 | 0,00 | NaN
  46 |  0,00 | 2,478 | 578,85 | 578,85 | 612,70 |  0,00 | 0,160 | 44,35 | 44,35 |  0,00 | 2,125 | 242,00 | 242,00 |  0,00 | 3,575 | 245,06 | 245,06 |  0,00 | 41,650 | 47,43 | 47,43 | 113,996 |   NaN | NaN | 0,00 | 0,00 | NaN
  47 |  0,00 | 5,216 | 576,93 | 576,93 | 610,67 |  0,00 | 0,158 | 44,35 | 44,35 |  0,00 | 5,036 | 243,15 | 243,15 |  0,00 | 7,577 | 241,99 | 241,99 |  0,00 | 85,586 | 47,43 | 47,43 | 185,405 |   NaN | NaN | 0,00 | 0,00 | NaN
  48 |  0,00 | 5,330 | 577,17 | 577,17 | 611,32 |  0,00 | 0,187 | 44,35 | 44,35 |  0,00 | 5,083 | 242,79 | 242,79 |  0,00 | 8,162 | 242,59 | 242,59 |  0,00 | 83,442 | 47,43 | 47,43 | 188,924 |   NaN | NaN | 0,00 | 0,00 | NaN
  49 |  0,00 | 5,247 | 576,72 | 576,72 | 612,00 |  0,00 | 0,200 | 44,35 | 44,35 |  0,00 | 4,854 | 243,23 | 243,23 |  0,00 | 7,786 | 241,71 | 241,71 |  0,00 | 85,795 | 47,43 | 47,43 | 186,257 |   NaN | NaN | 0,00 | 0,00 | NaN
  50 |  0,00 | 1,941 | 579,24 | 579,24 | 613,05 |  0,00 | 0,154 | 44,35 | 44,35 |  0,00 | 1,625 | 244,59 | 244,59 |  0,00 | 2,577 | 242,87 | 242,87 |  0,00 | 34,679 | 47,43 | 47,43 | 100,156 |   NaN | NaN | 0,00 | 0,00 | NaN
  51 |  0,00 | 5,323 | 579,49 | 579,49 | 613,22 |  0,00 | 0,152 | 44,35 | 44,35 |  0,00 | 4,830 | 242,96 | 242,96 |  0,00 | 8,959 | 244,74 | 244,74 |  0,00 | 78,336 | 47,43 | 47,43 | 182,183 |   NaN | NaN | 0,00 | 0,00 | NaN
  52 |  0,00 | 5,134 | 580,11 | 580,11 | 614,06 |  0,00 | 0,178 | 44,35 | 44,35 |  0,00 | 4,730 | 240,75 | 240,75 |  0,00 | 8,370 | 247,57 | 247,57 |  0,00 | 76,485 | 47,43 | 47,43 | 181,626 |   NaN | NaN | 0,00 | 0,00 | NaN
  53 |  0,00 | 3,356 | 579,61 | 579,61 | 613,50 |  0,00 | 0,166 | 44,35 | 44,35 |  0,00 | 2,936 | 245,05 | 245,05 |  0,00 | 5,305 | 242,77 | 242,77 |  0,00 | 52,580 | 47,43 | 47,43 | 135,637 |   NaN | NaN | 0,00 | 0,00 | NaN
  54 |  0,00 | 5,006 | 574,49 | 574,49 | 608,31 |  0,00 | 0,168 | 44,35 | 44,35 |  0,00 | 5,060 | 243,06 | 243,06 |  0,00 | 8,075 | 239,65 | 239,65 |  0,00 | 72,177 | 47,43 | 47,43 | 175,084 |   NaN | NaN | 0,00 | 0,00 | NaN
  55 |  0,00 | 0,836 | 575,05 | 575,05 | 609,06 |  0,00 | 0,153 | 44,35 | 44,35 |  0,00 | 0,593 | 240,94 | 240,94 |  0,00 | 0,869 | 242,33 | 242,33 |  0,00 | 16,519 | 47,43 | 47,43 | 57,612 |   NaN | NaN | 0,00 | 0,00 | NaN
  56 |  0,00 | 5,303 | 574,62 | 574,62 | 608,40 |  0,00 | 0,159 | 44,35 | 44,35 |  0,00 | 5,060 | 241,60 | 241,60 |  0,00 | 8,263 | 241,24 | 241,24 |  0,00 | 82,327 | 47,43 | 47,43 | 187,577 |   NaN | NaN | 0,00 | 0,00 | NaN
  57 |  0,00 | 5,631 | 577,64 | 577,64 | 611,35 |  0,00 | 0,156 | 44,35 | 44,35 |  0,00 | 5,515 | 242,24 | 242,24 |  0,00 | 8,723 | 243,62 | 243,62 |  0,00 | 86,515 | 47,43 | 47,43 | 189,471 |   NaN | NaN | 0,00 | 0,00 | NaN
  58 |  0,00 | 5,803 | 581,37 | 581,37 | 615,40 |  0,00 | 0,185 | 44,35 | 44,35 |  0,00 | 5,757 | 245,76 | 245,76 |  0,00 | 9,198 | 243,83 | 243,83 |  0,00 | 85,935 | 47,43 | 47,43 | 189,614 |   NaN | NaN | 0,00 | 0,00 | NaN
  59 |  0,00 | 0,667 | 582,88 | 582,88 | 619,29 |  0,00 | 0,204 | 44,35 | 44,35 |  0,00 | 0,447 | 242,65 | 242,65 |  0,00 | 0,562 | 248,44 | 248,44 |  0,00 | 13,095 | 47,43 | 47,43 | 45,839 |   NaN | NaN | 0,00 | 0,00 | NaN
  60 |  0,00 | 5,201 | 578,31 | 578,31 | 611,78 |  0,00 | 0,140 | 44,35 | 44,35 |  0,00 | 5,345 | 243,95 | 243,95 |  0,00 | 7,856 | 242,58 | 242,58 |  0,00 | 79,638 | 47,43 | 47,43 | 185,495 |   NaN | NaN | 0,00 | 0,00 | NaN
  61 |  0,00 | 2,947 | 581,75 | 581,75 | 615,64 |  0,00 | 0,161 | 44,35 | 44,35 |  0,00 | 2,542 | 244,78 | 244,78 |  0,00 | 4,388 | 245,18 | 245,18 |  0,00 | 48,671 | 47,43 | 47,43 | 127,846 |   NaN | NaN | 0,00 | 0,00 | NaN
  62 |  0,00 | 5,648 | 581,27 | 581,27 | 623,84 |  0,00 | 0,223 | 44,35 | 44,35 |  0,00 | 5,635 | 243,93 | 243,93 |  0,00 | 8,859 | 245,56 | 245,56 |  0,00 | 83,160 | 47,43 | 47,43 | 188,706 |   NaN | NaN | 0,00 | 0,00 | NaN
  63 |  0,00 | 1,106 | 579,11 | 579,11 | 613,21 |  0,00 | 0,178 | 44,35 | 44,35 |  0,00 | 0,830 | 244,97 | 244,97 |  0,00 | 1,140 | 242,36 | 242,36 |  0,00 | 22,048 | 47,43 | 47,43 | 64,991 |   NaN | NaN | 0,00 | 0,00 | NaN
  64 |  0,00 | 5,178 | 574,30 | 574,30 | 616,61 |  0,00 | 0,221 | 44,35 | 44,35 |  0,00 | 5,311 | 241,24 | 241,24 |  0,00 | 8,400 | 241,27 | 241,27 |  0,00 | 72,332 | 47,43 | 47,43 | 175,297 |   NaN | NaN | 0,00 | 0,00 | NaN

= = = = = = = = = = = = AVERAGE RESULTS system = = = = = = = = = = = =
meanPLR_system | 0,000000 
meanDelay_system | 2,503595 
meanLoad_system | 578,925075 
meanTHR_system | 578,925075 
meanGate_system | 614,665723 

meanPLR_EF_system | 0,000000 
meanPLR_AF_system | 0,000000 
meanPLR_BE_system | 0,000000 
meanPLR_FLA_system | 0,000000 
meanPLR_FLB_system | NaN 

meanTHR_EF_system | 44,352003 
meanTHR_AF_system | 243,745913 
meanTHR_BE_system | 243,394113 
meanTHR_FLA_system | 48,337720 
meanTHR_FLB_system | 0,000000 

meanLoad_EF_system | 44,352003 
meanLoad_AF_system | 243,745913 
meanLoad_BE_system | 243,394113 
meanLoad_FLA_system | 48,337720 
meanLoad_FLB_system | 0,000000 

meanDELAY_EF_system | 0,183077 
meanDELAY_AF_system | 2,272430 
meanDELAY_BE_system | 3,684176 
meanDELAY_FLA_system | 39,813347 
meanDELAY_FLB_system | NaN 
meanDELAY_CompleteFLA_system | 102,830910 
meanDELAY_CompleteFLB_system | NaN 

= = = = = = = = = = = = AVERAGE RESULTS = = = = = = = = = = = =
Packet Loss Ratio: 00,00 (%)
PROCESSED PACKAGES: 1637817349 
DISCARTED PACKAGES: 0 
TOTAL PACKAGES: 1637817349 
AVERAGE DELAY: 399,67 (ms) 
AVERAGE THROUGHPUT: 578,93 (Mbps) 
GRANTED THROUGHPUT: 39338,61 (Mbps) By 64 ONUs
EFFECTIVE THROUGHPUT: 37051,20 (Mbps) By 64 ONUs
TOTAL LOAD: 37051,20 (Mbps) By 64 ONUs
ON Arrival THROUGHPUT: 0,00 (Mbps) By 64 ONUs
FINISHTIMEFL: 157,293309 
FINISHTIME: 160,293309 


fileName | IPACT_STRICTPRIORITY_3_36_65_0 
