
ONU ID 	|  PLR(%) | Delay(ms) | Throughput(Mbps) | Granted Throughput(Mbps) | Total Load (Mbps) 

  ID |  PLR(%) |  D  | Thr |  Gates  |  Load  | PLR-EF | D-EF | ThrEF | LoadEF | PLR-AF | D-AF | ThrAF | LoadAF | PLR-BE | D-BE | ThrBE | LoadBE | PLR-FA | D-FA | ThrFA | LoadFA | DTFA |  PLR-FB | D-FB | ThrFB | LoadFB | DTFB | 
   1 |  0,00 | 40,651 | 745,20 | 745,20 | 751,16 |  0,00 | 1,181 | 44,35 | 44,35 |  0,00 | 21,161 | 324,52 | 324,52 |  0,00 | 115,034 | 313,19 | 313,19 |  0,00 | 128,435 | 63,15 | 63,15 | 283,416 |   NaN | NaN | 0,00 | 0,00 | NaN
   2 |  0,00 | 54,896 | 746,44 | 746,44 | 752,90 |  0,00 | 1,193 | 44,35 | 44,35 |  0,00 | 9,121 | 319,61 | 319,61 |  0,00 | 165,835 | 319,33 | 319,33 |  0,00 | 242,545 | 63,15 | 63,15 | 742,985 |   NaN | NaN | 0,00 | 0,00 | NaN
   3 |  0,00 | 50,360 | 746,59 | 746,59 | 752,46 |  0,00 | 1,129 | 44,35 | 44,35 |  0,00 | 12,322 | 319,69 | 319,69 |  0,00 | 148,882 | 319,41 | 319,41 |  0,00 | 215,316 | 63,15 | 63,15 | 651,915 |   NaN | NaN | 0,00 | 0,00 | NaN
   4 |  0,00 | 38,132 | 752,16 | 752,16 | 757,92 |  0,00 | 1,135 | 44,35 | 44,35 |  0,00 | 19,537 | 325,75 | 325,75 |  0,00 | 106,279 | 318,91 | 318,91 |  0,00 | 127,145 | 63,15 | 63,15 | 274,276 |   NaN | NaN | 0,00 | 0,00 | NaN
   5 |  0,00 | 57,333 | 743,77 | 743,77 | 749,66 |  0,00 | 1,160 | 44,35 | 44,35 |  0,00 | 4,031 | 318,73 | 318,73 |  0,00 | 169,222 | 317,54 | 317,54 |  0,00 | 349,655 | 63,15 | 63,15 | 1073,992 |   NaN | NaN | 0,00 | 0,00 | NaN
   6 |  0,00 | 59,186 | 750,31 | 750,31 | 756,16 |  0,00 | 1,109 | 44,35 | 44,35 |  0,00 | 7,575 | 322,32 | 322,32 |  0,00 | 179,496 | 320,50 | 320,50 |  0,00 | 279,086 | 63,15 | 63,15 | 858,203 |   NaN | NaN | 0,00 | 0,00 | NaN
   7 |  0,00 | 44,210 | 746,68 | 746,68 | 752,51 |  0,00 | 1,127 | 44,35 | 44,35 |  0,00 | 22,123 | 320,58 | 320,58 |  0,00 | 125,080 | 318,60 | 318,60 |  0,00 | 134,912 | 63,15 | 63,15 | 336,735 |   NaN | NaN | 0,00 | 0,00 | NaN
   8 |  0,00 | 53,721 | 748,70 | 748,70 | 754,75 |  0,00 | 1,177 | 44,35 | 44,35 |  0,00 | 10,013 | 318,14 | 318,14 |  0,00 | 160,311 | 323,07 | 323,07 |  0,00 | 232,006 | 63,15 | 63,15 | 711,307 |   NaN | NaN | 0,00 | 0,00 | NaN
   9 |  0,00 | 49,524 | 748,54 | 748,54 | 754,39 |  0,00 | 1,117 | 44,35 | 44,35 |  0,00 | 15,979 | 323,17 | 323,17 |  0,00 | 148,260 | 317,87 | 317,87 |  0,00 | 164,980 | 63,15 | 63,15 | 475,590 |   NaN | NaN | 0,00 | 0,00 | NaN
  10 |  0,00 | 38,266 | 746,22 | 746,22 | 752,13 |  0,00 | 1,178 | 44,35 | 44,35 |  0,00 | 19,830 | 319,74 | 319,74 |  0,00 | 105,926 | 318,98 | 318,98 |  0,00 | 128,308 | 63,15 | 63,15 | 284,956 |   NaN | NaN | 0,00 | 0,00 | NaN
  11 |  0,00 | 42,921 | 740,48 | 740,48 | 746,37 |  0,00 | 1,118 | 44,35 | 44,35 |  0,00 | 1,610 | 313,03 | 313,03 |  0,00 | 101,214 | 319,95 | 319,95 |  0,00 | 501,230 | 63,15 | 63,15 | 1566,390 |   NaN | NaN | 0,00 | 0,00 | NaN
  12 |  0,00 | 49,706 | 746,08 | 746,08 | 752,10 |  0,00 | 1,180 | 44,35 | 44,35 |  0,00 | 7,859 | 319,79 | 319,79 |  0,00 | 144,233 | 318,78 | 318,78 |  0,00 | 280,196 | 63,15 | 63,15 | 863,560 |   NaN | NaN | 0,00 | 0,00 | NaN
  13 |  0,00 | 48,327 | 735,78 | 735,78 | 741,66 |  0,00 | 1,145 | 44,35 | 44,35 |  0,00 | 10,003 | 314,15 | 314,15 |  0,00 | 142,898 | 314,13 | 314,13 |  0,00 | 230,965 | 63,15 | 63,15 | 702,991 |   NaN | NaN | 0,00 | 0,00 | NaN
  14 |  0,00 | 55,399 | 748,36 | 748,36 | 754,53 |  0,00 | 1,186 | 44,35 | 44,35 |  0,00 | 4,592 | 320,44 | 320,44 |  0,00 | 163,408 | 320,42 | 320,42 |  0,00 | 324,687 | 63,15 | 63,15 | 999,454 |   NaN | NaN | 0,00 | 0,00 | NaN
  15 |  0,00 | 46,267 | 742,22 | 742,22 | 748,21 |  0,00 | 1,180 | 44,35 | 44,35 |  0,00 | 22,217 | 314,70 | 314,70 |  0,00 | 131,850 | 320,03 | 320,03 |  0,00 | 133,521 | 63,15 | 63,15 | 320,166 |   NaN | NaN | 0,00 | 0,00 | NaN
  16 |  0,00 | 46,183 | 750,61 | 750,61 | 756,55 |  0,00 | 1,171 | 44,35 | 44,35 |  0,00 | 11,491 | 319,67 | 319,67 |  0,00 | 135,721 | 323,44 | 323,44 |  0,00 | 190,330 | 63,15 | 63,15 | 567,977 |   NaN | NaN | 0,00 | 0,00 | NaN
  17 |  0,00 | 52,911 | 749,03 | 749,03 | 755,20 |  0,00 | 1,184 | 44,35 | 44,35 |  0,00 | 14,377 | 320,45 | 320,45 |  0,00 | 158,907 | 321,08 | 321,08 |  0,00 | 184,214 | 63,15 | 63,15 | 533,263 |   NaN | NaN | 0,00 | 0,00 | NaN
  18 |  0,00 | 31,374 | 745,77 | 745,77 | 751,68 |  0,00 | 1,161 | 44,35 | 44,35 |  0,00 | 1,533 | 317,62 | 317,62 |  0,00 | 64,205 | 320,65 | 320,65 |  0,00 | 454,932 | 63,15 | 63,15 | 1555,758 |   NaN | NaN | 0,00 | 0,00 | NaN
  19 |  0,00 | 46,123 | 739,13 | 739,13 | 745,02 |  0,00 | 1,152 | 44,35 | 44,35 |  0,00 | 2,127 | 314,59 | 314,59 |  0,00 | 119,552 | 317,04 | 317,04 |  0,00 | 441,038 | 63,15 | 63,15 | 1353,437 |   NaN | NaN | 0,00 | 0,00 | NaN
  20 |  0,00 | 36,599 | 741,40 | 741,40 | 747,29 |  0,00 | 1,147 | 44,35 | 44,35 |  0,00 | 1,364 | 321,00 | 321,00 |  0,00 | 80,944 | 312,90 | 312,90 |  0,00 | 493,529 | 63,15 | 63,15 | 1555,788 |   NaN | NaN | 0,00 | 0,00 | NaN
  21 |  0,00 | 39,913 | 736,26 | 736,26 | 742,05 |  0,00 | 1,152 | 44,35 | 44,35 |  0,00 | 22,610 | 315,04 | 315,04 |  0,00 | 109,942 | 313,72 | 313,72 |  0,00 | 130,264 | 63,15 | 63,15 | 291,210 |   NaN | NaN | 0,00 | 0,00 | NaN
  22 |  0,00 | 58,292 | 752,12 | 752,12 | 758,47 |  0,00 | 1,190 | 44,35 | 44,35 |  0,00 | 3,596 | 327,45 | 327,45 |  0,00 | 176,752 | 317,17 | 317,17 |  0,00 | 331,090 | 63,15 | 63,15 | 1021,176 |   NaN | NaN | 0,00 | 0,00 | NaN
  23 |  0,00 | 49,546 | 749,22 | 749,22 | 755,19 |  0,00 | 1,172 | 44,35 | 44,35 |  0,00 | 1,850 | 322,57 | 322,57 |  0,00 | 130,231 | 319,14 | 319,14 |  0,00 | 468,489 | 63,15 | 63,15 | 1445,006 |   NaN | NaN | 0,00 | 0,00 | NaN
  24 |  0,00 | 53,108 | 745,40 | 745,40 | 751,29 |  0,00 | 1,134 | 44,35 | 44,35 |  0,00 | 12,947 | 318,37 | 318,37 |  0,00 | 157,947 | 319,53 | 319,53 |  0,00 | 217,500 | 63,15 | 63,15 | 663,739 |   NaN | NaN | 0,00 | 0,00 | NaN
  25 |  0,00 | 47,541 | 752,77 | 752,77 | 759,19 |  0,00 | 1,191 | 44,35 | 44,35 |  0,00 | 18,928 | 318,59 | 318,59 |  0,00 | 137,133 | 326,69 | 326,69 |  0,00 | 143,943 | 63,15 | 63,15 | 380,240 |   NaN | NaN | 0,00 | 0,00 | NaN
  26 |  0,00 | 43,191 | 743,14 | 743,14 | 749,39 |  0,00 | 1,188 | 44,35 | 44,35 |  0,00 | 20,888 | 317,47 | 317,47 |  0,00 | 122,189 | 318,17 | 318,17 |  0,00 | 136,467 | 63,15 | 63,15 | 343,996 |   NaN | NaN | 0,00 | 0,00 | NaN
  27 |  0,00 | 28,559 | 741,77 | 741,77 | 747,66 |  0,00 | 1,114 | 44,35 | 44,35 |  0,00 | 1,499 | 319,38 | 319,38 |  0,00 | 53,455 | 314,89 | 314,89 |  0,00 | 465,621 | 63,15 | 63,15 | 1625,347 |   NaN | NaN | 0,00 | 0,00 | NaN
  28 |  0,00 | 45,396 | 740,11 | 740,11 | 746,18 |  0,00 | 1,181 | 44,35 | 44,35 |  0,00 | 2,503 | 318,90 | 318,90 |  0,00 | 113,913 | 313,71 | 313,71 |  0,00 | 477,416 | 63,15 | 63,15 | 1471,453 |   NaN | NaN | 0,00 | 0,00 | NaN
  29 |  0,00 | 48,089 | 750,03 | 750,03 | 755,92 |  0,00 | 1,160 | 44,35 | 44,35 |  0,00 | 1,647 | 321,84 | 321,84 |  0,00 | 123,137 | 320,69 | 320,69 |  0,00 | 482,234 | 63,15 | 63,15 | 1501,741 |   NaN | NaN | 0,00 | 0,00 | NaN
  30 |  0,00 | 37,903 | 740,95 | 740,95 | 747,39 |  0,00 | 1,190 | 44,35 | 44,35 |  0,00 | 1,595 | 316,34 | 316,34 |  0,00 | 85,220 | 317,11 | 317,11 |  0,00 | 485,275 | 63,15 | 63,15 | 1570,960 |   NaN | NaN | 0,00 | 0,00 | NaN
  31 |  0,00 | 48,438 | 742,81 | 742,81 | 748,71 |  0,00 | 1,157 | 44,35 | 44,35 |  0,00 | 1,708 | 317,38 | 317,38 |  0,00 | 125,087 | 317,94 | 317,94 |  0,00 | 475,157 | 63,15 | 63,15 | 1465,124 |   NaN | NaN | 0,00 | 0,00 | NaN
  32 |  0,00 | 44,464 | 744,66 | 744,66 | 750,56 |  0,00 | 1,114 | 44,35 | 44,35 |  0,00 | 1,933 | 318,27 | 318,27 |  0,00 | 106,193 | 318,89 | 318,89 |  0,00 | 513,362 | 63,15 | 63,15 | 1606,373 |   NaN | NaN | 0,00 | 0,00 | NaN
  33 |  0,00 | 42,368 | 740,03 | 740,03 | 746,08 |  0,00 | 1,179 | 44,35 | 44,35 |  0,00 | 1,480 | 314,94 | 314,94 |  0,00 | 101,342 | 317,60 | 317,60 |  0,00 | 487,534 | 63,15 | 63,15 | 1552,403 |   NaN | NaN | 0,00 | 0,00 | NaN
  34 |  0,00 | 21,299 | 738,89 | 738,89 | 744,82 |  0,00 | 1,170 | 44,35 | 44,35 |  0,00 | 1,451 | 318,26 | 318,26 |  0,00 | 33,807 | 313,14 | 313,14 |  0,00 | 395,844 | 63,15 | 63,15 | 1510,645 |   NaN | NaN | 0,00 | 0,00 | NaN
  35 |  0,00 | 20,980 | 749,78 | 749,78 | 755,67 |  0,00 | 1,119 | 44,35 | 44,35 |  0,00 | 1,147 | 321,07 | 321,07 |  0,00 | 39,331 | 321,21 | 321,21 |  0,00 | 334,038 | 63,15 | 63,15 | 1406,233 |   NaN | NaN | 0,00 | 0,00 | NaN
  36 |  0,00 | 29,149 | 740,01 | 740,01 | 746,00 |  0,00 | 1,173 | 44,35 | 44,35 |  0,00 | 1,583 | 313,44 | 313,44 |  0,00 | 59,281 | 319,07 | 319,07 |  0,00 | 421,156 | 63,15 | 63,15 | 1523,167 |   NaN | NaN | 0,00 | 0,00 | NaN
  37 |  0,00 | 45,244 | 751,13 | 751,13 | 757,02 |  0,00 | 1,155 | 44,35 | 44,35 |  0,00 | 1,919 | 323,91 | 323,91 |  0,00 | 109,506 | 319,73 | 319,73 |  0,00 | 514,711 | 63,15 | 63,15 | 1605,240 |   NaN | NaN | 0,00 | 0,00 | NaN
  38 |  0,00 | 33,614 | 744,12 | 744,12 | 750,01 |  0,00 | 1,147 | 44,35 | 44,35 |  0,00 | 1,755 | 319,55 | 319,55 |  0,00 | 68,570 | 317,07 | 317,07 |  0,00 | 495,170 | 63,15 | 63,15 | 1631,237 |   NaN | NaN | 0,00 | 0,00 | NaN
  39 |  0,00 | 36,700 | 737,05 | 737,05 | 743,48 |  0,00 | 1,190 | 44,35 | 44,35 |  0,00 | 1,933 | 315,75 | 315,75 |  0,00 | 79,306 | 313,80 | 313,80 |  0,00 | 499,555 | 63,15 | 63,15 | 1580,681 |   NaN | NaN | 0,00 | 0,00 | NaN
  40 |  0,00 | 32,580 | 735,99 | 735,99 | 742,46 |  0,00 | 1,190 | 44,35 | 44,35 |  0,00 | 1,734 | 315,49 | 315,49 |  0,00 | 68,869 | 313,00 | 313,00 |  0,00 | 456,465 | 63,15 | 63,15 | 1589,574 |   NaN | NaN | 0,00 | 0,00 | NaN
  41 |  0,00 | 47,490 | 747,83 | 747,83 | 753,82 |  0,00 | 1,173 | 44,35 | 44,35 |  0,00 | 2,021 | 316,82 | 316,82 |  0,00 | 119,458 | 323,51 | 323,51 |  0,00 | 479,903 | 63,15 | 63,15 | 1484,208 |   NaN | NaN | 0,00 | 0,00 | NaN
  42 |  0,00 | 49,008 | 749,33 | 749,33 | 755,22 |  0,00 | 1,119 | 44,35 | 44,35 |  0,00 | 1,792 | 320,95 | 320,95 |  0,00 | 123,855 | 320,89 | 320,89 |  0,00 | 505,240 | 63,15 | 63,15 | 1566,006 |   NaN | NaN | 0,00 | 0,00 | NaN
  43 |  0,00 | 42,726 | 749,68 | 749,68 | 756,05 |  0,00 | 1,197 | 44,35 | 44,35 |  0,00 | 1,821 | 320,85 | 320,85 |  0,00 | 101,299 | 321,33 | 321,33 |  0,00 | 497,983 | 63,15 | 63,15 | 1579,554 |   NaN | NaN | 0,00 | 0,00 | NaN
  44 |  0,00 | 48,823 | 750,60 | 750,60 | 756,50 |  0,00 | 1,109 | 44,35 | 44,35 |  0,00 | 1,724 | 319,18 | 319,18 |  0,00 | 124,514 | 323,91 | 323,91 |  0,00 | 483,933 | 63,15 | 63,15 | 1493,937 |   NaN | NaN | 0,00 | 0,00 | NaN
  45 |  0,00 | 42,368 | 747,03 | 747,03 | 753,59 |  0,00 | 1,194 | 44,35 | 44,35 |  0,00 | 1,823 | 324,75 | 324,75 |  0,00 | 100,784 | 314,78 | 314,78 |  0,00 | 506,321 | 63,15 | 63,15 | 1566,632 |   NaN | NaN | 0,00 | 0,00 | NaN
  46 |  0,00 | 43,538 | 743,91 | 743,91 | 749,79 |  0,00 | 1,133 | 44,35 | 44,35 |  0,00 | 1,407 | 314,84 | 314,84 |  0,00 | 102,199 | 321,57 | 321,57 |  0,00 | 514,596 | 63,15 | 63,15 | 1620,611 |   NaN | NaN | 0,00 | 0,00 | NaN
  47 |  0,00 | 49,630 | 740,13 | 740,13 | 746,02 |  0,00 | 1,131 | 44,35 | 44,35 |  0,00 | 1,768 | 318,72 | 318,72 |  0,00 | 129,967 | 313,92 | 313,92 |  0,00 | 482,394 | 63,15 | 63,15 | 1484,809 |   NaN | NaN | 0,00 | 0,00 | NaN
  48 |  0,00 | 46,723 | 739,15 | 739,15 | 745,08 |  0,00 | 1,160 | 44,35 | 44,35 |  0,00 | 1,731 | 315,42 | 315,42 |  0,00 | 116,441 | 316,23 | 316,23 |  0,00 | 497,919 | 63,15 | 63,15 | 1535,085 |   NaN | NaN | 0,00 | 0,00 | NaN
  49 |  0,00 | 48,121 | 738,81 | 738,81 | 744,79 |  0,00 | 1,173 | 44,35 | 44,35 |  0,00 | 2,498 | 317,19 | 317,19 |  0,00 | 123,476 | 314,13 | 314,13 |  0,00 | 480,272 | 63,15 | 63,15 | 1478,546 |   NaN | NaN | 0,00 | 0,00 | NaN
  50 |  0,00 | 43,808 | 743,99 | 743,99 | 749,89 |  0,00 | 1,127 | 44,35 | 44,35 |  0,00 | 1,488 | 319,81 | 319,81 |  0,00 | 105,662 | 316,69 | 316,69 |  0,00 | 505,414 | 63,15 | 63,15 | 1601,152 |   NaN | NaN | 0,00 | 0,00 | NaN
  51 |  0,00 | 44,021 | 745,15 | 745,15 | 751,03 |  0,00 | 1,125 | 44,35 | 44,35 |  0,00 | 1,456 | 318,65 | 318,65 |  0,00 | 107,595 | 319,00 | 319,00 |  0,00 | 488,841 | 63,15 | 63,15 | 1510,797 |   NaN | NaN | 0,00 | 0,00 | NaN
  52 |  0,00 | 48,165 | 743,27 | 743,27 | 749,16 |  0,00 | 1,151 | 44,35 | 44,35 |  0,00 | 1,573 | 313,90 | 313,90 |  0,00 | 120,276 | 321,87 | 321,87 |  0,00 | 499,424 | 63,15 | 63,15 | 1546,637 |   NaN | NaN | 0,00 | 0,00 | NaN
  53 |  0,00 | 42,520 | 743,98 | 743,98 | 749,89 |  0,00 | 1,139 | 44,35 | 44,35 |  0,00 | 2,107 | 318,02 | 318,02 |  0,00 | 101,060 | 318,47 | 318,47 |  0,00 | 492,377 | 63,15 | 63,15 | 1541,706 |   NaN | NaN | 0,00 | 0,00 | NaN
  54 |  0,00 | 45,962 | 739,08 | 739,08 | 744,96 |  0,00 | 1,141 | 44,35 | 44,35 |  0,00 | 2,423 | 317,75 | 317,75 |  0,00 | 115,002 | 313,83 | 313,83 |  0,00 | 486,697 | 63,15 | 63,15 | 1507,937 |   NaN | NaN | 0,00 | 0,00 | NaN
  55 |  0,00 | 35,468 | 743,71 | 743,71 | 749,59 |  0,00 | 1,126 | 44,35 | 44,35 |  0,00 | 1,565 | 317,39 | 317,39 |  0,00 | 75,031 | 318,83 | 318,83 |  0,00 | 496,892 | 63,15 | 63,15 | 1628,001 |   NaN | NaN | 0,00 | 0,00 | NaN
  56 |  0,00 | 43,374 | 737,93 | 737,93 | 743,82 |  0,00 | 1,132 | 44,35 | 44,35 |  0,00 | 1,931 | 316,37 | 316,37 |  0,00 | 104,577 | 314,06 | 314,06 |  0,00 | 496,919 | 63,15 | 63,15 | 1532,100 |   NaN | NaN | 0,00 | 0,00 | NaN
  57 |  0,00 | 48,624 | 743,45 | 743,45 | 749,34 |  0,00 | 1,129 | 44,35 | 44,35 |  0,00 | 2,553 | 317,34 | 317,34 |  0,00 | 124,222 | 318,61 | 318,61 |  0,00 | 480,968 | 63,15 | 63,15 | 1480,732 |   NaN | NaN | 0,00 | 0,00 | NaN
  58 |  0,00 | 49,940 | 745,28 | 745,28 | 751,17 |  0,00 | 1,158 | 44,35 | 44,35 |  0,00 | 1,814 | 320,93 | 320,93 |  0,00 | 133,437 | 316,85 | 316,85 |  0,00 | 455,717 | 63,15 | 63,15 | 1405,901 |   NaN | NaN | 0,00 | 0,00 | NaN
  59 |  0,00 | 29,380 | 749,11 | 749,11 | 755,17 |  0,00 | 1,177 | 44,35 | 44,35 |  0,00 | 1,560 | 317,95 | 317,95 |  0,00 | 61,367 | 323,67 | 323,67 |  0,00 | 408,762 | 63,15 | 63,15 | 1536,811 |   NaN | NaN | 0,00 | 0,00 | NaN
  60 |  0,00 | 42,391 | 746,17 | 746,17 | 752,07 |  0,00 | 1,112 | 44,35 | 44,35 |  0,00 | 1,660 | 320,36 | 320,36 |  0,00 | 100,397 | 318,31 | 318,31 |  0,00 | 502,258 | 63,15 | 63,15 | 1551,824 |   NaN | NaN | 0,00 | 0,00 | NaN
  61 |  0,00 | 45,699 | 748,56 | 748,56 | 754,45 |  0,00 | 1,134 | 44,35 | 44,35 |  0,00 | 1,680 | 319,79 | 319,79 |  0,00 | 111,746 | 321,28 | 321,28 |  0,00 | 503,245 | 63,15 | 63,15 | 1576,250 |   NaN | NaN | 0,00 | 0,00 | NaN
  62 |  0,00 | 54,233 | 747,25 | 747,25 | 753,85 |  0,00 | 1,196 | 44,35 | 44,35 |  0,00 | 2,241 | 318,01 | 318,01 |  0,00 | 142,960 | 321,74 | 321,74 |  0,00 | 494,195 | 63,15 | 63,15 | 1524,055 |   NaN | NaN | 0,00 | 0,00 | NaN
  63 |  0,00 | 38,754 | 746,33 | 746,33 | 752,22 |  0,00 | 1,151 | 44,35 | 44,35 |  0,00 | 1,877 | 321,72 | 321,72 |  0,00 | 88,154 | 317,11 | 317,11 |  0,00 | 491,375 | 63,15 | 63,15 | 1594,617 |   NaN | NaN | 0,00 | 0,00 | NaN
  64 |  0,00 | 40,499 | 737,01 | 737,01 | 743,62 |  0,00 | 1,194 | 44,35 | 44,35 |  0,00 | 1,825 | 315,56 | 315,56 |  0,00 | 95,188 | 313,94 | 313,94 |  0,00 | 484,202 | 63,15 | 63,15 | 1502,378 |   NaN | NaN | 0,00 | 0,00 | NaN

= = = = = = = = = = = = AVERAGE RESULTS system = = = = = = = = = = = =
meanPLR_system | 0,000000 
meanDelay_system | 44,058276 
meanLoad_system | 744,631774 
meanTHR_system | 744,631774 
meanGate_system | 750,644675 

meanPLR_EF_system | 0,000000 
meanPLR_AF_system | 0,000000 
meanPLR_BE_system | 0,000000 
meanPLR_FLA_system | 0,000000 
meanPLR_FLB_system | NaN 

meanTHR_EF_system | 44,352003 
meanTHR_AF_system | 318,811771 
meanTHR_BE_system | 318,321592 
meanTHR_FLA_system | 64,594892 
meanTHR_FLB_system | 0,000000 

meanLoad_EF_system | 44,352003 
meanLoad_AF_system | 318,811771 
meanLoad_BE_system | 318,321592 
meanLoad_FLA_system | 64,594892 
meanLoad_FLB_system | 0,000000 

meanDELAY_EF_system | 1,155858 
meanDELAY_AF_system | 5,748557 
meanDELAY_BE_system | 114,017662 
meanDELAY_FLA_system | 389,127635 
meanDELAY_FLB_system | NaN 
meanDELAY_CompleteFLA_system | 1224,187320 
meanDELAY_CompleteFLB_system | NaN 

= = = = = = = = = = = = AVERAGE RESULTS = = = = = = = = = = = =
Packet Loss Ratio: 00,00 (%)
PROCESSED PACKAGES: 1579856758 
DISCARTED PACKAGES: 0 
TOTAL PACKAGES: 1579856758 
AVERAGE DELAY: 8131,06 (ms) 
AVERAGE THROUGHPUT: 744,63 (Mbps) 
GRANTED THROUGHPUT: 48041,26 (Mbps) By 64 ONUs
EFFECTIVE THROUGHPUT: 47656,43 (Mbps) By 64 ONUs
TOTAL LOAD: 47656,43 (Mbps) By 64 ONUs
ON Arrival THROUGHPUT: 0,00 (Mbps) By 64 ONUs
FINISHTIMEFL: 130,784334 
FINISHTIME: 133,784334 


fileName | IPACT_LBVARIBLETOKENSBYCYCLE_2_40_85_0 
