
ONU ID 	|  PLR(%) | Delay(ms) | Throughput(Mbps) | Granted Throughput(Mbps) | Total Load (Mbps) 

  ID |  PLR(%) |  D  | Thr |  Gates  |  Load  | PLR-EF | D-EF | ThrEF | LoadEF | PLR-AF | D-AF | ThrAF | LoadAF | PLR-BE | D-BE | ThrBE | LoadBE | PLR-FA | D-FA | ThrFA | LoadFA | DTFA |  PLR-FB | D-FB | ThrFB | LoadFB | DTFB | 
   1 |  0,00 | 1,430 | 639,59 | 639,59 | 664,35 |  0,00 | 0,512 | 44,35 | 44,35 |  0,00 | 0,522 | 229,60 | 229,60 |  0,00 | 1,269 | 221,68 | 221,68 |  0,00 | 10,695 | 143,96 | 143,96 | 43,811 |   NaN | NaN | 0,00 | 0,00 | NaN
   2 |  0,00 | 8,652 | 641,13 | 641,13 | 668,76 |  0,00 | 0,523 | 44,35 | 44,35 |  0,00 | 0,524 | 226,40 | 226,40 |  0,00 | 10,825 | 226,42 | 226,42 |  0,00 | 79,971 | 143,96 | 143,96 | 158,822 |   NaN | NaN | 0,00 | 0,00 | NaN
   3 |  0,00 | 7,598 | 642,06 | 642,06 | 664,41 |  0,00 | 0,460 | 44,35 | 44,35 |  0,00 | 0,466 | 227,73 | 227,73 |  0,00 | 9,073 | 226,02 | 226,02 |  0,00 | 71,629 | 143,96 | 143,96 | 146,526 |   NaN | NaN | 0,00 | 0,00 | NaN
   4 |  0,00 | 1,346 | 642,90 | 642,90 | 665,10 |  0,00 | 0,466 | 44,35 | 44,35 |  0,00 | 0,463 | 230,86 | 230,86 |  0,00 | 1,220 | 223,73 | 223,73 |  0,00 | 10,204 | 143,96 | 143,96 | 39,443 |   NaN | NaN | 0,00 | 0,00 | NaN
   5 |  0,00 | 16,829 | 636,37 | 636,37 | 659,32 |  0,00 | 0,490 | 44,35 | 44,35 |  0,00 | 0,495 | 224,43 | 224,43 |  0,00 | 29,980 | 223,63 | 223,63 |  0,00 | 134,173 | 143,96 | 143,96 | 259,110 |   NaN | NaN | 0,00 | 0,00 | NaN
   6 |  0,00 | 11,215 | 641,73 | 641,73 | 663,54 |  0,00 | 0,441 | 44,35 | 44,35 |  0,00 | 0,452 | 228,38 | 228,38 |  0,00 | 16,044 | 225,04 | 225,04 |  0,00 | 100,313 | 143,96 | 143,96 | 190,445 |   NaN | NaN | 0,00 | 0,00 | NaN
   7 |  0,00 | 2,011 | 637,64 | 637,64 | 659,83 |  0,00 | 0,458 | 44,35 | 44,35 |  0,00 | 0,445 | 226,71 | 226,71 |  0,00 | 1,889 | 222,63 | 222,63 |  0,00 | 17,268 | 143,96 | 143,96 | 55,942 |   NaN | NaN | 0,00 | 0,00 | NaN
   8 |  0,00 | 9,551 | 641,10 | 641,10 | 665,32 |  0,00 | 0,508 | 44,35 | 44,35 |  0,00 | 0,493 | 224,39 | 224,39 |  0,00 | 12,732 | 228,41 | 228,41 |  0,00 | 86,350 | 143,96 | 143,96 | 168,875 |   NaN | NaN | 0,00 | 0,00 | NaN
   9 |  0,00 | 3,297 | 643,47 | 643,47 | 665,51 |  0,00 | 0,448 | 44,35 | 44,35 |  0,00 | 0,440 | 228,38 | 228,38 |  0,00 | 2,674 | 226,78 | 226,78 |  0,00 | 32,499 | 143,96 | 143,96 | 71,493 |   NaN | NaN | 0,00 | 0,00 | NaN
  10 |  0,00 | 1,571 | 635,54 | 635,54 | 659,87 |  0,00 | 0,509 | 44,35 | 44,35 |  0,00 | 0,514 | 224,56 | 224,56 |  0,00 | 1,361 | 222,67 | 222,67 |  0,00 | 12,312 | 143,96 | 143,96 | 45,630 |   NaN | NaN | 0,00 | 0,00 | NaN
  11 |  0,00 | 19,528 | 633,49 | 633,49 | 655,78 |  0,00 | 0,448 | 44,35 | 44,35 |  0,00 | 0,429 | 219,35 | 219,35 |  0,00 | 43,426 | 225,83 | 225,83 |  0,00 | 129,684 | 143,96 | 143,96 | 291,340 |   NaN | NaN | 0,00 | 0,00 | NaN
  12 |  0,00 | 11,894 | 641,29 | 641,29 | 666,06 |  0,00 | 0,510 | 44,35 | 44,35 |  0,00 | 0,511 | 226,54 | 226,54 |  0,00 | 16,151 | 226,44 | 226,44 |  0,00 | 108,191 | 143,96 | 143,96 | 203,468 |   NaN | NaN | 0,00 | 0,00 | NaN
  13 |  0,00 | 8,690 | 636,84 | 636,84 | 659,30 |  0,00 | 0,475 | 44,35 | 44,35 |  0,00 | 0,488 | 223,12 | 223,12 |  0,00 | 10,839 | 225,41 | 225,41 |  0,00 | 80,530 | 143,96 | 143,96 | 159,906 |   NaN | NaN | 0,00 | 0,00 | NaN
  14 |  0,00 | 16,223 | 640,45 | 640,45 | 666,32 |  0,00 | 0,516 | 44,35 | 44,35 |  0,00 | 0,526 | 226,55 | 226,55 |  0,00 | 27,633 | 225,58 | 225,58 |  0,00 | 132,753 | 143,96 | 143,96 | 252,650 |   NaN | NaN | 0,00 | 0,00 | NaN
  15 |  0,00 | 1,861 | 636,07 | 636,07 | 660,75 |  0,00 | 0,510 | 44,35 | 44,35 |  0,00 | 0,508 | 221,46 | 221,46 |  0,00 | 1,590 | 226,31 | 226,31 |  0,00 | 15,503 | 143,96 | 143,96 | 54,068 |   NaN | NaN | 0,00 | 0,00 | NaN
  16 |  0,00 | 5,377 | 642,92 | 642,92 | 666,44 |  0,00 | 0,502 | 44,35 | 44,35 |  0,00 | 0,502 | 224,67 | 224,67 |  0,00 | 5,318 | 229,93 | 229,93 |  0,00 | 52,081 | 143,96 | 143,96 | 109,323 |   NaN | NaN | 0,00 | 0,00 | NaN
  17 |  0,00 | 4,760 | 640,20 | 640,20 | 665,63 |  0,00 | 0,514 | 44,35 | 44,35 |  0,00 | 0,508 | 224,72 | 224,72 |  0,00 | 4,317 | 227,16 | 227,16 |  0,00 | 46,605 | 143,96 | 143,96 | 97,498 |   NaN | NaN | 0,00 | 0,00 | NaN
  18 |  0,00 | 7,679 | 636,90 | 636,90 | 659,67 |  0,00 | 0,491 | 44,35 | 44,35 |  0,00 | 0,495 | 223,06 | 223,06 |  0,00 | 16,338 | 225,53 | 225,53 |  0,00 | 50,544 | 143,96 | 143,96 | 167,863 |   NaN | NaN | 0,00 | 0,00 | NaN
  19 |  0,00 | 20,773 | 634,32 | 634,32 | 656,88 |  0,00 | 0,482 | 44,35 | 44,35 |  0,00 | 0,480 | 220,72 | 220,72 |  0,00 | 44,087 | 225,29 | 225,29 |  0,00 | 144,611 | 143,96 | 143,96 | 303,040 |   NaN | NaN | 0,00 | 0,00 | NaN
  20 |  0,00 | 18,159 | 635,92 | 635,92 | 658,41 |  0,00 | 0,477 | 44,35 | 44,35 |  0,00 | 0,476 | 226,30 | 226,30 |  0,00 | 41,769 | 221,31 | 221,31 |  0,00 | 118,893 | 143,96 | 143,96 | 283,403 |   NaN | NaN | 0,00 | 0,00 | NaN
  21 |  0,00 | 1,555 | 632,31 | 632,31 | 654,69 |  0,00 | 0,483 | 44,35 | 44,35 |  0,00 | 0,489 | 222,94 | 222,94 |  0,00 | 1,268 | 221,06 | 221,06 |  0,00 | 12,574 | 143,96 | 143,96 | 42,489 |   NaN | NaN | 0,00 | 0,00 | NaN
  22 |  0,00 | 17,321 | 639,33 | 639,33 | 666,41 |  0,00 | 0,520 | 44,35 | 44,35 |  0,00 | 0,530 | 228,51 | 228,51 |  0,00 | 30,639 | 222,50 | 222,50 |  0,00 | 139,690 | 143,96 | 143,96 | 271,545 |   NaN | NaN | 0,00 | 0,00 | NaN
  23 |  0,00 | 21,830 | 641,25 | 641,25 | 664,95 |  0,00 | 0,502 | 44,35 | 44,35 |  0,00 | 0,499 | 226,04 | 226,04 |  0,00 | 48,112 | 226,90 | 226,90 |  0,00 | 147,639 | 143,96 | 143,96 | 312,904 |   NaN | NaN | 0,00 | 0,00 | NaN
  24 |  0,00 | 8,343 | 639,65 | 639,65 | 662,02 |  0,00 | 0,464 | 44,35 | 44,35 |  0,00 | 0,466 | 226,06 | 226,06 |  0,00 | 9,761 | 225,28 | 225,28 |  0,00 | 79,491 | 143,96 | 143,96 | 158,599 |   NaN | NaN | 0,00 | 0,00 | NaN
  25 |  0,00 | 1,391 | 642,67 | 642,67 | 669,90 |  0,00 | 0,522 | 44,35 | 44,35 |  0,00 | 0,519 | 222,90 | 222,90 |  0,00 | 1,258 | 231,46 | 231,46 |  0,00 | 10,080 | 143,96 | 143,96 | 41,861 |   NaN | NaN | 0,00 | 0,00 | NaN
  26 |  0,00 | 2,101 | 636,56 | 636,56 | 662,93 |  0,00 | 0,518 | 44,35 | 44,35 |  0,00 | 0,517 | 224,42 | 224,42 |  0,00 | 1,765 | 223,84 | 223,84 |  0,00 | 18,187 | 143,96 | 143,96 | 56,329 |   NaN | NaN | 0,00 | 0,00 | NaN
  27 |  0,00 | 5,404 | 634,55 | 634,55 | 656,67 |  0,00 | 0,445 | 44,35 | 44,35 |  0,00 | 0,445 | 222,73 | 222,73 |  0,00 | 9,994 | 223,51 | 223,51 |  0,00 | 39,181 | 143,96 | 143,96 | 131,638 |   NaN | NaN | 0,00 | 0,00 | NaN
  28 |  0,00 | 21,722 | 637,37 | 637,37 | 662,17 |  0,00 | 0,511 | 44,35 | 44,35 |  0,00 | 0,506 | 226,73 | 226,73 |  0,00 | 48,021 | 222,34 | 222,34 |  0,00 | 148,186 | 143,96 | 143,96 | 313,700 |   NaN | NaN | 0,00 | 0,00 | NaN
  29 |  0,00 | 21,732 | 639,34 | 639,34 | 662,17 |  0,00 | 0,490 | 44,35 | 44,35 |  0,00 | 0,497 | 227,01 | 227,01 |  0,00 | 49,621 | 224,02 | 224,02 |  0,00 | 143,281 | 143,96 | 143,96 | 312,894 |   NaN | NaN | 0,00 | 0,00 | NaN
  30 |  0,00 | 13,412 | 631,66 | 631,66 | 658,72 |  0,00 | 0,520 | 44,35 | 44,35 |  0,00 | 0,526 | 221,71 | 221,71 |  0,00 | 30,437 | 221,64 | 221,64 |  0,00 | 86,544 | 143,96 | 143,96 | 238,360 |   NaN | NaN | 0,00 | 0,00 | NaN
  31 |  0,00 | 22,236 | 637,06 | 637,06 | 659,79 |  0,00 | 0,487 | 44,35 | 44,35 |  0,00 | 0,480 | 224,96 | 224,96 |  0,00 | 50,408 | 223,79 | 223,79 |  0,00 | 147,329 | 143,96 | 143,96 | 311,939 |   NaN | NaN | 0,00 | 0,00 | NaN
  32 |  0,00 | 19,912 | 631,59 | 631,59 | 653,65 |  0,00 | 0,444 | 44,35 | 44,35 |  0,00 | 0,438 | 221,56 | 221,56 |  0,00 | 45,774 | 221,73 | 221,73 |  0,00 | 129,780 | 143,96 | 143,96 | 294,683 |   NaN | NaN | 0,00 | 0,00 | NaN
  33 |  0,00 | 17,558 | 634,00 | 634,00 | 658,64 |  0,00 | 0,509 | 44,35 | 44,35 |  0,00 | 0,512 | 221,55 | 221,55 |  0,00 | 40,780 | 224,15 | 224,15 |  0,00 | 111,400 | 143,96 | 143,96 | 274,007 |   NaN | NaN | 0,00 | 0,00 | NaN
  34 |  0,00 | 1,875 | 635,33 | 635,33 | 658,54 |  0,00 | 0,501 | 44,35 | 44,35 |  0,00 | 0,486 | 227,41 | 227,41 |  0,00 | 1,914 | 219,61 | 219,61 |  0,00 | 14,975 | 143,96 | 143,96 | 59,131 |   NaN | NaN | 0,00 | 0,00 | NaN
  35 |  0,00 | 1,170 | 641,10 | 641,10 | 663,18 |  0,00 | 0,451 | 44,35 | 44,35 |  0,00 | 0,444 | 226,51 | 226,51 |  0,00 | 1,177 | 226,28 | 226,28 |  0,00 | 8,047 | 143,96 | 143,96 | 38,266 |   NaN | NaN | 0,00 | 0,00 | NaN
  36 |  0,00 | 3,396 | 633,15 | 633,15 | 656,83 |  0,00 | 0,503 | 44,35 | 44,35 |  0,00 | 0,500 | 220,27 | 220,27 |  0,00 | 4,640 | 224,57 | 224,57 |  0,00 | 27,187 | 143,96 | 143,96 | 92,782 |   NaN | NaN | 0,00 | 0,00 | NaN
  37 |  0,00 | 20,586 | 640,46 | 640,46 | 663,14 |  0,00 | 0,485 | 44,35 | 44,35 |  0,00 | 0,488 | 228,32 | 228,32 |  0,00 | 47,356 | 223,84 | 223,84 |  0,00 | 134,956 | 143,96 | 143,96 | 303,797 |   NaN | NaN | 0,00 | 0,00 | NaN
  38 |  0,00 | 12,389 | 636,47 | 636,47 | 658,88 |  0,00 | 0,477 | 44,35 | 44,35 |  0,00 | 0,472 | 225,51 | 225,51 |  0,00 | 29,714 | 222,65 | 222,65 |  0,00 | 75,709 | 143,96 | 143,96 | 222,314 |   NaN | NaN | 0,00 | 0,00 | NaN
  39 |  0,00 | 17,750 | 632,81 | 632,81 | 659,77 |  0,00 | 0,520 | 44,35 | 44,35 |  0,00 | 0,515 | 222,77 | 222,77 |  0,00 | 41,590 | 221,74 | 221,74 |  0,00 | 112,568 | 143,96 | 143,96 | 274,421 |   NaN | NaN | 0,00 | 0,00 | NaN
  40 |  0,00 | 6,216 | 634,51 | 634,51 | 661,42 |  0,00 | 0,520 | 44,35 | 44,35 |  0,00 | 0,528 | 223,23 | 223,23 |  0,00 | 12,143 | 222,97 | 222,97 |  0,00 | 43,144 | 143,96 | 143,96 | 144,939 |   NaN | NaN | 0,00 | 0,00 | NaN
  41 |  0,00 | 22,116 | 643,60 | 643,60 | 667,42 |  0,00 | 0,503 | 44,35 | 44,35 |  0,00 | 0,497 | 226,86 | 226,86 |  0,00 | 50,405 | 228,43 | 228,43 |  0,00 | 144,404 | 143,96 | 143,96 | 312,224 |   NaN | NaN | 0,00 | 0,00 | NaN
  42 |  0,00 | 22,671 | 640,86 | 640,86 | 663,19 |  0,00 | 0,449 | 44,35 | 44,35 |  0,00 | 0,469 | 225,21 | 225,21 |  0,00 | 53,504 | 227,34 | 227,34 |  0,00 | 143,135 | 143,96 | 143,96 | 314,396 |   NaN | NaN | 0,00 | 0,00 | NaN
  43 |  0,00 | 18,305 | 636,39 | 636,39 | 662,57 |  0,00 | 0,527 | 44,35 | 44,35 |  0,00 | 0,521 | 223,83 | 223,83 |  0,00 | 42,953 | 224,25 | 224,25 |  0,00 | 115,425 | 143,96 | 143,96 | 277,355 |   NaN | NaN | 0,00 | 0,00 | NaN
  44 |  0,00 | 21,973 | 640,98 | 640,98 | 662,89 |  0,00 | 0,441 | 44,35 | 44,35 |  0,00 | 0,434 | 224,71 | 224,71 |  0,00 | 48,565 | 227,96 | 227,96 |  0,00 | 148,180 | 143,96 | 143,96 | 313,848 |   NaN | NaN | 0,00 | 0,00 | NaN
  45 |  0,00 | 22,020 | 639,83 | 639,83 | 667,70 |  0,00 | 0,524 | 44,35 | 44,35 |  0,00 | 0,526 | 229,22 | 229,22 |  0,00 | 51,373 | 222,30 | 222,30 |  0,00 | 143,092 | 143,96 | 143,96 | 312,424 |   NaN | NaN | 0,00 | 0,00 | NaN
  46 |  0,00 | 19,071 | 634,05 | 634,05 | 656,47 |  0,00 | 0,463 | 44,35 | 44,35 |  0,00 | 0,465 | 220,35 | 220,35 |  0,00 | 45,063 | 225,39 | 225,39 |  0,00 | 118,891 | 143,96 | 143,96 | 282,996 |   NaN | NaN | 0,00 | 0,00 | NaN
  47 |  0,00 | 21,380 | 633,13 | 633,13 | 655,55 |  0,00 | 0,461 | 44,35 | 44,35 |  0,00 | 0,463 | 223,74 | 223,74 |  0,00 | 46,350 | 221,09 | 221,09 |  0,00 | 148,528 | 143,96 | 143,96 | 313,582 |   NaN | NaN | 0,00 | 0,00 | NaN
  48 |  0,00 | 22,155 | 631,76 | 631,76 | 654,60 |  0,00 | 0,490 | 44,35 | 44,35 |  0,00 | 0,489 | 221,13 | 221,13 |  0,00 | 50,431 | 222,33 | 222,33 |  0,00 | 145,593 | 143,96 | 143,96 | 311,383 |   NaN | NaN | 0,00 | 0,00 | NaN
  49 |  0,00 | 21,921 | 633,51 | 633,51 | 657,33 |  0,00 | 0,503 | 44,35 | 44,35 |  0,00 | 0,504 | 222,19 | 222,19 |  0,00 | 48,252 | 223,00 | 223,00 |  0,00 | 148,790 | 143,96 | 143,96 | 313,542 |   NaN | NaN | 0,00 | 0,00 | NaN
  50 |  0,00 | 17,943 | 634,82 | 634,82 | 657,10 |  0,00 | 0,457 | 44,35 | 44,35 |  0,00 | 0,448 | 225,33 | 225,33 |  0,00 | 42,123 | 221,18 | 221,18 |  0,00 | 114,977 | 143,96 | 143,96 | 276,833 |   NaN | NaN | 0,00 | 0,00 | NaN
  51 |  0,00 | 21,956 | 635,21 | 635,21 | 657,57 |  0,00 | 0,455 | 44,35 | 44,35 |  0,00 | 0,456 | 223,06 | 223,06 |  0,00 | 50,039 | 223,84 | 223,84 |  0,00 | 144,419 | 143,96 | 143,96 | 311,842 |   NaN | NaN | 0,00 | 0,00 | NaN
  52 |  0,00 | 21,839 | 638,07 | 638,07 | 660,64 |  0,00 | 0,481 | 44,35 | 44,35 |  0,00 | 0,474 | 222,26 | 222,26 |  0,00 | 49,733 | 227,50 | 227,50 |  0,00 | 141,908 | 143,96 | 143,96 | 307,822 |   NaN | NaN | 0,00 | 0,00 | NaN
  53 |  0,00 | 19,585 | 639,88 | 639,88 | 662,34 |  0,00 | 0,469 | 44,35 | 44,35 |  0,00 | 0,461 | 224,80 | 224,80 |  0,00 | 44,881 | 226,77 | 226,77 |  0,00 | 126,952 | 143,96 | 143,96 | 291,536 |   NaN | NaN | 0,00 | 0,00 | NaN
  54 |  0,00 | 21,566 | 631,94 | 631,94 | 654,33 |  0,00 | 0,471 | 44,35 | 44,35 |  0,00 | 0,469 | 224,06 | 224,06 |  0,00 | 49,725 | 219,57 | 219,57 |  0,00 | 141,800 | 143,96 | 143,96 | 307,671 |   NaN | NaN | 0,00 | 0,00 | NaN
  55 |  0,00 | 11,731 | 637,35 | 637,35 | 659,65 |  0,00 | 0,457 | 44,35 | 44,35 |  0,00 | 0,474 | 222,88 | 222,88 |  0,00 | 26,459 | 226,15 | 226,15 |  0,00 | 75,403 | 143,96 | 143,96 | 221,597 |   NaN | NaN | 0,00 | 0,00 | NaN
  56 |  0,00 | 21,671 | 634,28 | 634,28 | 656,61 |  0,00 | 0,462 | 44,35 | 44,35 |  0,00 | 0,463 | 225,27 | 225,27 |  0,00 | 48,770 | 220,70 | 220,70 |  0,00 | 145,912 | 143,96 | 143,96 | 313,179 |   NaN | NaN | 0,00 | 0,00 | NaN
  57 |  0,00 | 22,228 | 636,36 | 636,36 | 658,74 |  0,00 | 0,459 | 44,35 | 44,35 |  0,00 | 0,463 | 222,84 | 222,84 |  0,00 | 49,007 | 225,21 | 225,21 |  0,00 | 150,517 | 143,96 | 143,96 | 315,779 |   NaN | NaN | 0,00 | 0,00 | NaN
  58 |  0,00 | 22,752 | 639,72 | 639,72 | 662,50 |  0,00 | 0,488 | 44,35 | 44,35 |  0,00 | 0,498 | 225,82 | 225,82 |  0,00 | 51,813 | 225,59 | 225,59 |  0,00 | 149,665 | 143,96 | 143,96 | 318,905 |   NaN | NaN | 0,00 | 0,00 | NaN
  59 |  0,00 | 2,256 | 637,26 | 637,26 | 661,37 |  0,00 | 0,507 | 44,35 | 44,35 |  0,00 | 0,495 | 223,67 | 223,67 |  0,00 | 2,443 | 225,27 | 225,27 |  0,00 | 18,403 | 143,96 | 143,96 | 68,836 |   NaN | NaN | 0,00 | 0,00 | NaN
  60 |  0,00 | 21,664 | 637,75 | 637,75 | 659,76 |  0,00 | 0,443 | 44,35 | 44,35 |  0,00 | 0,437 | 225,64 | 225,64 |  0,00 | 48,062 | 223,81 | 223,81 |  0,00 | 147,176 | 143,96 | 143,96 | 313,415 |   NaN | NaN | 0,00 | 0,00 | NaN
  61 |  0,00 | 20,263 | 640,44 | 640,44 | 662,88 |  0,00 | 0,464 | 44,35 | 44,35 |  0,00 | 0,473 | 227,21 | 227,21 |  0,00 | 48,309 | 224,91 | 224,91 |  0,00 | 127,259 | 143,96 | 143,96 | 294,495 |   NaN | NaN | 0,00 | 0,00 | NaN
  62 |  0,00 | 22,231 | 638,51 | 638,51 | 666,94 |  0,00 | 0,525 | 44,35 | 44,35 |  0,00 | 0,526 | 225,22 | 225,22 |  0,00 | 50,611 | 224,99 | 224,99 |  0,00 | 145,966 | 143,96 | 143,96 | 314,400 |   NaN | NaN | 0,00 | 0,00 | NaN
  63 |  0,00 | 14,372 | 642,35 | 642,35 | 664,87 |  0,00 | 0,481 | 44,35 | 44,35 |  0,00 | 0,483 | 228,20 | 228,20 |  0,00 | 33,526 | 225,84 | 225,84 |  0,00 | 90,941 | 143,96 | 143,96 | 247,285 |   NaN | NaN | 0,00 | 0,00 | NaN
  64 |  0,00 | 21,836 | 634,16 | 634,16 | 662,32 |  0,00 | 0,524 | 44,35 | 44,35 |  0,00 | 0,538 | 225,44 | 225,44 |  0,00 | 50,371 | 220,41 | 220,41 |  0,00 | 143,071 | 143,96 | 143,96 | 313,243 |   NaN | NaN | 0,00 | 0,00 | NaN

= = = = = = = = = = = = AVERAGE RESULTS system = = = = = = = = = = = =
meanPLR_system | 0,000000 
meanDelay_system | 13,935155 
meanLoad_system | 637,551653 
meanTHR_system | 637,551653 
meanGate_system | 661,266222 

meanPLR_EF_system | 0,000000 
meanPLR_AF_system | 0,000000 
meanPLR_BE_system | 0,000000 
meanPLR_FLA_system | 0,000000 
meanPLR_FLB_system | NaN 

meanTHR_EF_system | 44,352006 
meanTHR_AF_system | 224,812484 
meanTHR_BE_system | 224,429807 
meanTHR_FLA_system | 148,420556 
meanTHR_FLB_system | 0,000000 

meanLoad_EF_system | 44,352006 
meanLoad_AF_system | 224,812484 
meanLoad_BE_system | 224,429807 
meanLoad_FLA_system | 148,420556 
meanLoad_FLB_system | 0,000000 

meanDELAY_EF_system | 0,486173 
meanDELAY_AF_system | 0,486225 
meanDELAY_BE_system | 29,494888 
meanDELAY_FLA_system | 96,643182 
meanDELAY_FLB_system | NaN 
meanDELAY_CompleteFLA_system | 218,247482 
meanDELAY_CompleteFLB_system | NaN 

= = = = = = = = = = = = AVERAGE RESULTS = = = = = = = = = = = =
Packet Loss Ratio: 00,00 (%)
PROCESSED PACKAGES: 1032702493 
DISCARTED PACKAGES: 0 
TOTAL PACKAGES: 1032702493 
AVERAGE DELAY: 2253,16 (ms) 
AVERAGE THROUGHPUT: 637,55 (Mbps) 
GRANTED THROUGHPUT: 42321,04 (Mbps) By 64 ONUs
EFFECTIVE THROUGHPUT: 40803,31 (Mbps) By 64 ONUs
TOTAL LOAD: 40803,31 (Mbps) By 64 ONUs
ON Arrival THROUGHPUT: 0,00 (Mbps) By 64 ONUs
FINISHTIMEFL: 96,762877 
FINISHTIME: 99,762877 


fileName | IPACT_STRICTPRIORITYFIRSTAF_1_68_60_0 
