
ONU ID 	|  PLR(%) | Delay(ms) | Throughput(Mbps) | Granted Throughput(Mbps) | Total Load (Mbps) 

  ID |  PLR(%) |  D  | Thr |  Gates  |  Load  | PLR-EF | D-EF | ThrEF | LoadEF | PLR-AF | D-AF | ThrAF | LoadAF | PLR-BE | D-BE | ThrBE | LoadBE | PLR-FA | D-FA | ThrFA | LoadFA | DTFA |  PLR-FB | D-FB | ThrFB | LoadFB | DTFB | 
   1 |  5,36 | 286,064 | 754,47 | 797,19 | 758,96 |  0,00 | 1,408 | 44,35 | 44,35 |  0,00 | 14,098 | 365,31 | 365,31 | 11,87 | 1057,996 | 317,18 | 359,90 |  0,00 | 139,100 | 27,63 | 27,63 | 298,411 |   NaN | NaN | 0,00 | 0,00 | NaN
   2 |  5,06 | 273,051 | 753,49 | 793,61 | 758,01 |  0,00 | 1,420 | 44,35 | 44,35 |  0,00 | 16,155 | 363,48 | 363,48 | 11,20 | 1002,946 | 318,03 | 358,15 |  0,00 | 139,055 | 27,63 | 27,63 | 298,317 |   NaN | NaN | 0,00 | 0,00 | NaN
   3 |  4,39 | 258,679 | 753,92 | 788,55 | 758,41 |  0,00 | 1,357 | 44,35 | 44,35 |  0,00 | 14,415 | 357,68 | 357,68 |  9,65 | 933,302 | 324,26 | 358,88 |  0,00 | 139,129 | 27,63 | 27,63 | 298,445 |   NaN | NaN | 0,00 | 0,00 | NaN
   4 |  5,31 | 281,988 | 754,76 | 797,12 | 759,26 |  0,00 | 1,362 | 44,35 | 44,35 |  0,00 | 15,191 | 364,40 | 364,40 | 11,74 | 1038,004 | 318,37 | 360,73 |  0,00 | 139,030 | 27,63 | 27,63 | 298,300 |   NaN | NaN | 0,00 | 0,00 | NaN
   5 |  4,26 | 259,270 | 753,55 | 787,06 | 758,03 |  0,00 | 1,388 | 44,35 | 44,35 |  0,00 | 16,017 | 358,48 | 358,48 |  9,40 | 936,501 | 323,09 | 356,60 |  0,00 | 138,998 | 27,63 | 27,63 | 298,274 |   NaN | NaN | 0,00 | 0,00 | NaN
   6 |  4,97 | 280,549 | 753,46 | 792,84 | 757,93 |  0,00 | 1,336 | 44,35 | 44,35 |  0,00 | 15,488 | 361,55 | 361,55 | 10,96 | 1026,132 | 319,93 | 359,31 |  0,00 | 138,990 | 27,63 | 27,63 | 298,267 |   NaN | NaN | 0,00 | 0,00 | NaN
   7 |  4,73 | 277,899 | 754,87 | 792,31 | 759,36 |  0,00 | 1,355 | 44,35 | 44,35 |  0,00 | 15,536 | 359,82 | 359,82 | 10,38 | 1007,514 | 323,07 | 360,51 |  0,00 | 138,952 | 27,63 | 27,63 | 298,249 |   NaN | NaN | 0,00 | 0,00 | NaN
   8 |  5,37 | 288,667 | 754,34 | 797,18 | 758,83 |  0,00 | 1,405 | 44,35 | 44,35 |  0,00 | 13,818 | 361,76 | 361,76 | 11,79 | 1056,663 | 320,60 | 363,44 |  0,00 | 139,060 | 27,63 | 27,63 | 298,348 |   NaN | NaN | 0,00 | 0,00 | NaN
   9 |  4,94 | 272,503 | 753,77 | 792,93 | 758,27 |  0,00 | 1,345 | 44,35 | 44,35 |  0,00 | 15,056 | 359,75 | 359,75 | 10,84 | 990,192 | 322,04 | 361,19 |  0,00 | 139,081 | 27,63 | 27,63 | 298,360 |   NaN | NaN | 0,00 | 0,00 | NaN
  10 |  4,78 | 270,970 | 754,54 | 792,44 | 759,04 |  0,00 | 1,406 | 44,35 | 44,35 |  0,00 | 13,751 | 361,86 | 361,86 | 10,57 | 990,665 | 320,69 | 358,59 |  0,00 | 139,072 | 27,63 | 27,63 | 298,336 |   NaN | NaN | 0,00 | 0,00 | NaN
  11 |  4,82 | 272,981 | 753,96 | 792,14 | 758,46 |  0,00 | 1,345 | 44,35 | 44,35 |  0,00 | 12,863 | 359,31 | 359,31 | 10,58 | 992,678 | 322,67 | 360,85 |  0,00 | 138,928 | 27,63 | 27,63 | 298,106 |   NaN | NaN | 0,00 | 0,00 | NaN
  12 |  4,79 | 273,833 | 754,67 | 792,63 | 759,17 |  0,00 | 1,408 | 44,35 | 44,35 |  0,00 | 14,652 | 359,31 | 359,31 | 10,51 | 992,362 | 323,37 | 361,33 |  0,00 | 139,061 | 27,63 | 27,63 | 298,316 |   NaN | NaN | 0,00 | 0,00 | NaN
  13 |  3,76 | 254,846 | 753,68 | 783,16 | 758,16 |  0,00 | 1,372 | 44,35 | 44,35 |  0,00 | 14,134 | 357,57 | 357,57 |  8,34 | 919,637 | 324,13 | 353,61 |  0,00 | 139,080 | 27,63 | 27,63 | 298,376 |   NaN | NaN | 0,00 | 0,00 | NaN
  14 |  5,57 | 282,095 | 753,26 | 797,65 | 757,77 |  0,00 | 1,413 | 44,35 | 44,35 |  0,00 | 13,282 | 362,38 | 362,38 | 12,22 | 1037,312 | 318,89 | 363,29 |  0,00 | 139,087 | 27,63 | 27,63 | 298,360 |   NaN | NaN | 0,00 | 0,00 | NaN
  15 |  4,81 | 271,536 | 753,61 | 791,69 | 758,11 |  0,00 | 1,407 | 44,35 | 44,35 |  0,00 | 16,169 | 355,43 | 355,43 | 10,45 | 972,892 | 326,20 | 364,27 |  0,00 | 139,185 | 27,63 | 27,63 | 298,491 |   NaN | NaN | 0,00 | 0,00 | NaN
  16 |  5,82 | 292,984 | 753,69 | 800,27 | 758,18 |  0,00 | 1,399 | 44,35 | 44,35 |  0,00 | 15,159 | 362,59 | 362,59 | 12,74 | 1075,659 | 319,12 | 365,70 |  0,00 | 139,029 | 27,63 | 27,63 | 298,331 |   NaN | NaN | 0,00 | 0,00 | NaN
  17 |  4,95 | 278,227 | 753,82 | 793,05 | 758,33 |  0,00 | 1,412 | 44,35 | 44,35 |  0,00 | 14,861 | 362,09 | 362,09 | 10,93 | 1018,680 | 319,74 | 358,98 |  0,00 | 139,103 | 27,63 | 27,63 | 298,400 |   NaN | NaN | 0,00 | 0,00 | NaN
  18 |  4,53 | 279,886 | 754,44 | 790,22 | 758,92 |  0,00 | 1,388 | 44,35 | 44,35 |  0,00 | 13,216 | 359,91 | 359,91 |  9,98 | 1018,796 | 322,55 | 358,33 |  0,00 | 138,757 | 27,63 | 27,63 | 297,707 |   NaN | NaN | 0,00 | 0,00 | NaN
  19 |  3,86 | 265,893 | 755,11 | 785,41 | 759,60 |  0,00 | 1,379 | 44,35 | 44,35 |  0,00 | 13,446 | 354,99 | 354,99 |  8,45 | 950,761 | 328,14 | 358,44 |  0,00 | 139,069 | 27,63 | 27,63 | 298,356 |   NaN | NaN | 0,00 | 0,00 | NaN
  20 |  3,83 | 256,262 | 753,86 | 783,90 | 758,34 |  0,00 | 1,375 | 44,35 | 44,35 |  0,00 | 15,069 | 359,37 | 359,37 |  8,52 | 928,366 | 322,51 | 352,55 |  0,00 | 138,782 | 27,63 | 27,63 | 297,924 |   NaN | NaN | 0,00 | 0,00 | NaN
  21 |  3,61 | 255,806 | 753,87 | 782,14 | 758,36 |  0,00 | 1,379 | 44,35 | 44,35 |  0,00 | 12,776 | 356,43 | 356,43 |  7,99 | 921,169 | 325,46 | 353,73 |  0,00 | 139,037 | 27,63 | 27,63 | 298,300 |   NaN | NaN | 0,00 | 0,00 | NaN
  22 |  5,25 | 280,395 | 754,03 | 795,84 | 758,55 |  0,00 | 1,418 | 44,35 | 44,35 |  0,00 | 14,414 | 365,71 | 365,71 | 11,67 | 1038,767 | 316,34 | 358,14 |  0,00 | 139,002 | 27,63 | 27,63 | 298,210 |   NaN | NaN | 0,00 | 0,00 | NaN
  23 |  5,05 | 280,229 | 754,72 | 794,84 | 759,22 |  0,00 | 1,400 | 44,35 | 44,35 |  0,00 | 12,677 | 361,77 | 361,77 | 11,11 | 1025,752 | 320,97 | 361,08 |  0,00 | 139,127 | 27,63 | 27,63 | 298,378 |   NaN | NaN | 0,00 | 0,00 | NaN
  24 |  5,56 | 279,888 | 754,71 | 799,15 | 759,20 |  0,00 | 1,362 | 44,35 | 44,35 |  0,00 | 12,835 | 362,88 | 362,88 | 12,20 | 1027,854 | 319,85 | 364,29 |  0,00 | 139,069 | 27,63 | 27,63 | 298,362 |   NaN | NaN | 0,00 | 0,00 | NaN
  25 |  5,10 | 286,480 | 754,55 | 795,14 | 759,08 |  0,00 | 1,419 | 44,35 | 44,35 |  0,00 | 12,713 | 357,46 | 357,46 | 11,10 | 1035,833 | 325,11 | 365,69 |  0,00 | 139,172 | 27,63 | 27,63 | 298,463 |   NaN | NaN | 0,00 | 0,00 | NaN
  26 |  4,44 | 270,017 | 754,60 | 789,63 | 759,11 |  0,00 | 1,415 | 44,35 | 44,35 |  0,00 | 14,333 | 359,97 | 359,97 |  9,79 | 980,610 | 322,65 | 357,68 |  0,00 | 139,057 | 27,63 | 27,63 | 298,343 |   NaN | NaN | 0,00 | 0,00 | NaN
  27 |  4,39 | 273,161 | 753,67 | 788,27 | 758,14 |  0,00 | 1,342 | 44,35 | 44,35 |  0,00 | 15,369 | 360,59 | 360,59 |  9,73 | 995,005 | 321,10 | 355,70 |  0,00 | 138,772 | 27,63 | 27,63 | 297,746 |   NaN | NaN | 0,00 | 0,00 | NaN
  28 |  3,98 | 270,334 | 754,34 | 785,58 | 758,84 |  0,00 | 1,408 | 44,35 | 44,35 |  0,00 | 13,836 | 358,73 | 358,73 |  8,80 | 979,312 | 323,63 | 354,87 |  0,00 | 138,916 | 27,63 | 27,63 | 298,192 |   NaN | NaN | 0,00 | 0,00 | NaN
  29 |  4,84 | 276,456 | 754,14 | 792,49 | 758,64 |  0,00 | 1,388 | 44,35 | 44,35 |  0,00 | 14,884 | 358,63 | 358,63 | 10,60 | 1000,526 | 323,53 | 361,88 |  0,00 | 138,933 | 27,63 | 27,63 | 298,144 |   NaN | NaN | 0,00 | 0,00 | NaN
  30 |  4,63 | 270,394 | 753,21 | 789,76 | 757,71 |  0,00 | 1,418 | 44,35 | 44,35 |  0,00 | 14,599 | 358,09 | 358,09 | 10,16 | 979,274 | 323,13 | 359,69 |  0,00 | 138,737 | 27,63 | 27,63 | 297,738 |   NaN | NaN | 0,00 | 0,00 | NaN
  31 |  4,48 | 275,075 | 754,63 | 790,06 | 759,13 |  0,00 | 1,385 | 44,35 | 44,35 |  0,00 | 13,677 | 360,20 | 360,20 |  9,90 | 1000,671 | 322,45 | 357,88 |  0,00 | 138,978 | 27,63 | 27,63 | 298,258 |   NaN | NaN | 0,00 | 0,00 | NaN
  32 |  5,02 | 281,132 | 755,09 | 794,99 | 759,57 |  0,00 | 1,341 | 44,35 | 44,35 |  0,00 | 14,953 | 360,47 | 360,47 | 11,00 | 1021,663 | 322,64 | 362,54 |  0,00 | 138,835 | 27,63 | 27,63 | 298,031 |   NaN | NaN | 0,00 | 0,00 | NaN
  33 |  4,37 | 273,026 | 754,25 | 788,70 | 758,73 |  0,00 | 1,407 | 44,35 | 44,35 |  0,00 | 16,180 | 357,48 | 357,48 |  9,59 | 982,899 | 324,78 | 359,24 |  0,00 | 138,869 | 27,63 | 27,63 | 298,001 |   NaN | NaN | 0,00 | 0,00 | NaN
  34 |  4,61 | 274,327 | 754,95 | 791,45 | 759,45 |  0,00 | 1,398 | 44,35 | 44,35 |  0,00 | 14,665 | 359,23 | 359,23 | 10,13 | 993,249 | 323,74 | 360,24 |  0,00 | 138,718 | 27,63 | 27,63 | 297,703 |   NaN | NaN | 0,00 | 0,00 | NaN
  35 |  5,11 | 285,647 | 755,05 | 795,72 | 759,51 |  0,00 | 1,347 | 44,35 | 44,35 |  0,00 | 13,310 | 362,15 | 362,15 | 11,25 | 1045,605 | 320,92 | 361,59 |  0,00 | 138,847 | 27,63 | 27,63 | 297,776 |   NaN | NaN | 0,00 | 0,00 | NaN
  36 |  4,42 | 271,749 | 754,77 | 789,65 | 759,26 |  0,00 | 1,400 | 44,35 | 44,35 |  0,00 | 13,775 | 357,13 | 357,13 |  9,67 | 978,759 | 325,66 | 360,54 |  0,00 | 138,765 | 27,63 | 27,63 | 297,749 |   NaN | NaN | 0,00 | 0,00 | NaN
  37 |  5,31 | 283,445 | 754,91 | 797,25 | 759,39 |  0,00 | 1,383 | 44,35 | 44,35 |  0,00 | 14,097 | 364,51 | 364,51 | 11,74 | 1044,662 | 318,42 | 360,76 |  0,00 | 138,827 | 27,63 | 27,63 | 298,026 |   NaN | NaN | 0,00 | 0,00 | NaN
  38 |  5,55 | 289,348 | 754,48 | 798,83 | 758,97 |  0,00 | 1,374 | 44,35 | 44,35 |  0,00 | 11,403 | 363,22 | 363,22 | 12,20 | 1066,821 | 319,28 | 363,63 |  0,00 | 138,702 | 27,63 | 27,63 | 297,672 |   NaN | NaN | 0,00 | 0,00 | NaN
  39 |  3,85 | 262,565 | 754,53 | 784,78 | 759,04 |  0,00 | 1,418 | 44,35 | 44,35 |  0,00 | 17,199 | 358,51 | 358,51 |  8,54 | 945,679 | 324,04 | 354,28 |  0,00 | 138,795 | 27,63 | 27,63 | 297,861 |   NaN | NaN | 0,00 | 0,00 | NaN
  40 |  3,70 | 255,811 | 752,99 | 781,94 | 757,48 |  0,00 | 1,418 | 44,35 | 44,35 |  0,00 | 11,883 | 358,00 | 358,00 |  8,23 | 928,236 | 323,00 | 351,95 |  0,00 | 138,796 | 27,63 | 27,63 | 297,728 |   NaN | NaN | 0,00 | 0,00 | NaN
  41 |  5,41 | 276,259 | 753,98 | 797,14 | 758,48 |  0,00 | 1,401 | 44,35 | 44,35 |  0,00 | 13,873 | 359,83 | 359,83 | 11,81 | 1005,368 | 322,17 | 365,33 |  0,00 | 139,017 | 27,63 | 27,63 | 298,254 |   NaN | NaN | 0,00 | 0,00 | NaN
  42 |  5,09 | 283,612 | 753,65 | 794,09 | 758,14 |  0,00 | 1,347 | 44,35 | 44,35 |  0,00 | 13,250 | 360,19 | 360,19 | 11,17 | 1035,322 | 321,48 | 361,92 |  0,00 | 138,916 | 27,63 | 27,63 | 298,139 |   NaN | NaN | 0,00 | 0,00 | NaN
  43 |  5,59 | 285,591 | 754,26 | 798,89 | 758,76 |  0,00 | 1,425 | 44,35 | 44,35 |  0,00 | 12,995 | 364,82 | 364,82 | 12,33 | 1056,151 | 317,46 | 362,08 |  0,00 | 138,802 | 27,63 | 27,63 | 297,880 |   NaN | NaN | 0,00 | 0,00 | NaN
  44 |  5,11 | 288,538 | 754,18 | 794,78 | 758,66 |  0,00 | 1,337 | 44,35 | 44,35 |  0,00 | 14,306 | 360,91 | 360,91 | 11,22 | 1053,820 | 321,29 | 361,88 |  0,00 | 139,000 | 27,63 | 27,63 | 298,250 |   NaN | NaN | 0,00 | 0,00 | NaN
  45 |  4,98 | 282,533 | 754,40 | 793,97 | 758,91 |  0,00 | 1,421 | 44,35 | 44,35 |  0,00 | 14,062 | 363,62 | 363,62 | 11,04 | 1039,464 | 318,80 | 358,37 |  0,00 | 139,108 | 27,63 | 27,63 | 298,349 |   NaN | NaN | 0,00 | 0,00 | NaN
  46 |  4,84 | 270,039 | 754,14 | 792,54 | 758,63 |  0,00 | 1,361 | 44,35 | 44,35 |  0,00 | 16,436 | 359,62 | 359,62 | 10,64 | 978,116 | 322,53 | 360,93 |  0,00 | 138,756 | 27,63 | 27,63 | 297,913 |   NaN | NaN | 0,00 | 0,00 | NaN
  47 |  4,87 | 272,335 | 754,42 | 793,05 | 758,91 |  0,00 | 1,358 | 44,35 | 44,35 |  0,00 | 15,089 | 363,15 | 363,15 | 10,79 | 998,451 | 319,29 | 357,92 |  0,00 | 139,148 | 27,63 | 27,63 | 298,405 |   NaN | NaN | 0,00 | 0,00 | NaN
  48 |  4,61 | 270,189 | 753,25 | 789,62 | 757,75 |  0,00 | 1,388 | 44,35 | 44,35 |  0,00 | 15,975 | 359,34 | 359,34 | 10,15 | 980,396 | 321,93 | 358,30 |  0,00 | 139,053 | 27,63 | 27,63 | 298,295 |   NaN | NaN | 0,00 | 0,00 | NaN
  49 |  4,69 | 275,835 | 753,29 | 790,36 | 757,79 |  0,00 | 1,400 | 44,35 | 44,35 |  0,00 | 15,817 | 360,25 | 360,25 | 10,35 | 1004,405 | 321,06 | 358,14 |  0,00 | 139,106 | 27,63 | 27,63 | 298,355 |   NaN | NaN | 0,00 | 0,00 | NaN
  50 |  5,02 | 279,178 | 754,73 | 794,64 | 759,20 |  0,00 | 1,355 | 44,35 | 44,35 |  0,00 | 14,034 | 364,03 | 364,03 | 11,13 | 1027,392 | 318,72 | 358,63 |  0,00 | 138,676 | 27,63 | 27,63 | 297,797 |   NaN | NaN | 0,00 | 0,00 | NaN
  51 |  5,02 | 284,385 | 753,66 | 793,47 | 758,14 |  0,00 | 1,353 | 44,35 | 44,35 |  0,00 | 13,293 | 359,67 | 359,67 | 11,00 | 1036,247 | 322,01 | 361,82 |  0,00 | 139,029 | 27,63 | 27,63 | 298,302 |   NaN | NaN | 0,00 | 0,00 | NaN
  52 |  4,28 | 264,361 | 753,02 | 786,66 | 757,50 |  0,00 | 1,379 | 44,35 | 44,35 |  0,00 | 15,419 | 354,75 | 354,75 |  9,35 | 946,764 | 326,29 | 359,93 |  0,00 | 139,119 | 27,63 | 27,63 | 298,356 |   NaN | NaN | 0,00 | 0,00 | NaN
  53 |  5,05 | 283,943 | 754,62 | 794,80 | 759,12 |  0,00 | 1,366 | 44,35 | 44,35 |  0,00 | 15,608 | 361,96 | 361,96 | 11,13 | 1037,051 | 320,68 | 360,86 |  0,00 | 138,908 | 27,63 | 27,63 | 298,105 |   NaN | NaN | 0,00 | 0,00 | NaN
  54 |  4,24 | 271,290 | 754,85 | 788,29 | 759,33 |  0,00 | 1,369 | 44,35 | 44,35 |  0,00 | 13,678 | 360,42 | 360,42 |  9,40 | 986,912 | 322,45 | 355,89 |  0,00 | 138,950 | 27,63 | 27,63 | 298,196 |   NaN | NaN | 0,00 | 0,00 | NaN
  55 |  4,67 | 279,080 | 754,63 | 791,64 | 759,11 |  0,00 | 1,354 | 44,35 | 44,35 |  0,00 | 14,849 | 359,12 | 359,12 | 10,26 | 1011,078 | 323,53 | 360,53 |  0,00 | 138,697 | 27,63 | 27,63 | 297,619 |   NaN | NaN | 0,00 | 0,00 | NaN
  56 |  4,37 | 278,153 | 754,41 | 788,85 | 758,90 |  0,00 | 1,360 | 44,35 | 44,35 |  0,00 | 13,966 | 357,27 | 357,27 |  9,58 | 1003,223 | 325,16 | 359,60 |  0,00 | 139,000 | 27,63 | 27,63 | 298,254 |   NaN | NaN | 0,00 | 0,00 | NaN
  57 |  4,91 | 262,193 | 754,42 | 793,40 | 758,92 |  0,00 | 1,357 | 44,35 | 44,35 |  0,00 | 14,438 | 360,03 | 360,03 | 10,78 | 951,672 | 322,41 | 361,39 |  0,00 | 138,924 | 27,63 | 27,63 | 298,187 |   NaN | NaN | 0,00 | 0,00 | NaN
  58 |  4,67 | 278,553 | 754,65 | 791,59 | 759,15 |  0,00 | 1,385 | 44,35 | 44,35 |  0,00 | 12,835 | 358,67 | 358,67 | 10,23 | 1009,597 | 324,00 | 360,93 |  0,00 | 139,041 | 27,63 | 27,63 | 298,289 |   NaN | NaN | 0,00 | 0,00 | NaN
  59 |  5,40 | 283,228 | 753,83 | 796,89 | 758,31 |  0,00 | 1,405 | 44,35 | 44,35 |  0,00 | 13,051 | 361,00 | 361,00 | 11,83 | 1036,041 | 320,85 | 363,91 |  0,00 | 138,638 | 27,63 | 27,63 | 297,601 |   NaN | NaN | 0,00 | 0,00 | NaN
  60 |  4,68 | 280,036 | 753,69 | 790,70 | 758,19 |  0,00 | 1,339 | 44,35 | 44,35 |  0,00 | 13,276 | 359,71 | 359,71 | 10,31 | 1020,193 | 322,00 | 359,01 |  0,00 | 138,856 | 27,63 | 27,63 | 298,096 |   NaN | NaN | 0,00 | 0,00 | NaN
  61 |  5,06 | 275,669 | 754,92 | 795,12 | 759,40 |  0,00 | 1,362 | 44,35 | 44,35 |  0,00 | 12,295 | 360,69 | 360,69 | 11,09 | 1005,451 | 322,24 | 362,45 |  0,00 | 138,770 | 27,63 | 27,63 | 297,952 |   NaN | NaN | 0,00 | 0,00 | NaN
  62 |  5,12 | 281,957 | 754,03 | 794,70 | 758,55 |  0,00 | 1,423 | 44,35 | 44,35 |  0,00 | 12,858 | 361,50 | 361,50 | 11,26 | 1032,695 | 320,55 | 361,21 |  0,00 | 139,006 | 27,63 | 27,63 | 298,246 |   NaN | NaN | 0,00 | 0,00 | NaN
  63 |  4,98 | 275,771 | 753,78 | 793,27 | 758,26 |  0,00 | 1,379 | 44,35 | 44,35 |  0,00 | 13,784 | 360,90 | 360,90 | 10,96 | 1007,211 | 320,89 | 360,38 |  0,00 | 138,756 | 27,63 | 27,63 | 297,711 |   NaN | NaN | 0,00 | 0,00 | NaN
  64 |  4,18 | 264,722 | 754,88 | 787,83 | 759,38 |  0,00 | 1,422 | 44,35 | 44,35 |  0,00 | 13,860 | 355,90 | 355,90 |  9,15 | 948,822 | 327,00 | 359,95 |  0,00 | 139,018 | 27,63 | 27,63 | 298,255 |   NaN | NaN | 0,00 | 0,00 | NaN

= = = = = = = = = = = = AVERAGE RESULTS system = = = = = = = = = = = =
meanPLR_system | 4,781609 
meanDelay_system | 275,326902 
meanLoad_system | 792,091079 
meanTHR_system | 754,195152 
meanGate_system | 758,688269 

meanPLR_EF_system | 0,000000 
meanPLR_AF_system | 0,000000 
meanPLR_BE_system | 10,523414 
meanPLR_FLA_system | 0,000000 
meanPLR_FLB_system | NaN 

meanTHR_EF_system | 44,352003 
meanTHR_AF_system | 360,242509 
meanTHR_BE_system | 321,969516 
meanTHR_FLA_system | 28,023948 
meanTHR_FLB_system | 0,000000 

meanLoad_EF_system | 44,352003 
meanLoad_AF_system | 360,242509 
meanLoad_BE_system | 359,865443 
meanLoad_FLA_system | 28,023948 
meanLoad_FLB_system | 0,000000 

meanDELAY_EF_system | 1,383533 
meanDELAY_AF_system | 14,234350 
meanDELAY_BE_system | 1002,363202 
meanDELAY_FLA_system | 138,949990 
meanDELAY_FLB_system | NaN 
meanDELAY_CompleteFLA_system | 298,143142 
meanDELAY_CompleteFLB_system | NaN 

= = = = = = = = = = = = AVERAGE RESULTS = = = = = = = = = = = =
Packet Loss Ratio: 04,78 (%)
PROCESSED PACKAGES: 2584364377 
DISCARTED PACKAGES: 80914431 
TOTAL PACKAGES: 2665278808 
AVERAGE DELAY: 51948,25 (ms) 
AVERAGE THROUGHPUT: 754,20 (Mbps) 
GRANTED THROUGHPUT: 48556,05 (Mbps) By 64 ONUs
EFFECTIVE THROUGHPUT: 48268,49 (Mbps) By 64 ONUs
TOTAL LOAD: 50693,83 (Mbps) By 64 ONUs
ON Arrival THROUGHPUT: 0,00 (Mbps) By 64 ONUs
FINISHTIMEFL: 211,019520 
FINISHTIME: 214,019520 


fileName | IPACT_STRICTPRIORITY_5_28_96_0 
