
ONU ID 	|  PLR(%) | Delay(ms) | Throughput(Mbps) | Granted Throughput(Mbps) | Total Load (Mbps) 

  ID |  PLR(%) |  D  | Thr |  Gates  |  Load  | PLR-EF | D-EF | ThrEF | LoadEF | PLR-AF | D-AF | ThrAF | LoadAF | PLR-BE | D-BE | ThrBE | LoadBE | PLR-FA | D-FA | ThrFA | LoadFA | DTFA |  PLR-FB | D-FB | ThrFB | LoadFB | DTFB | 
   1 |  8,44 | 298,638 | 754,98 | 824,58 | 759,24 |  0,00 | 1,408 | 44,35 | 44,35 |  0,00 | 14,325 | 372,67 | 372,67 | 19,18 | 1176,641 | 293,30 | 362,90 |  0,00 | 211,444 | 44,66 | 44,66 | 443,075 |   NaN | NaN | 0,00 | 0,00 | NaN
   2 |  8,86 | 287,663 | 754,68 | 828,06 | 758,98 |  0,00 | 1,420 | 44,35 | 44,35 |  0,00 | 3,455 | 371,94 | 371,94 | 19,99 | 1100,654 | 293,73 | 367,11 |  0,00 | 746,099 | 44,66 | 44,66 | 1512,378 |   NaN | NaN | 0,00 | 0,00 | NaN
   3 |  7,96 | 281,829 | 755,59 | 820,97 | 759,88 |  0,00 | 1,357 | 44,35 | 44,35 |  0,00 | 1,924 | 367,66 | 367,66 | 17,95 | 1064,120 | 298,91 | 364,29 |  0,00 | 715,022 | 44,66 | 44,66 | 1450,066 |   NaN | NaN | 0,00 | 0,00 | NaN
   4 |  8,99 | 303,123 | 755,27 | 829,84 | 759,67 |  0,00 | 1,362 | 44,35 | 44,35 |  0,00 | 22,654 | 373,14 | 373,14 | 20,28 | 1190,413 | 293,12 | 367,69 |  0,00 | 149,178 | 44,66 | 44,66 | 318,523 |   NaN | NaN | 0,00 | 0,00 | NaN
   5 |  8,14 | 273,523 | 755,32 | 822,22 | 759,61 |  0,00 | 1,388 | 44,35 | 44,35 |  0,00 | 2,175 | 365,98 | 365,98 | 18,22 | 1001,800 | 300,32 | 367,22 |  0,00 | 1011,638 | 44,66 | 44,66 | 2043,273 |   NaN | NaN | 0,00 | 0,00 | NaN
   6 |  8,84 | 286,616 | 755,36 | 828,65 | 759,63 |  0,00 | 1,336 | 44,35 | 44,35 |  0,00 | 2,372 | 371,37 | 371,37 | 19,90 | 1087,620 | 294,98 | 368,27 |  0,00 | 828,002 | 44,66 | 44,66 | 1676,138 |   NaN | NaN | 0,00 | 0,00 | NaN
   7 |  8,46 | 291,564 | 755,08 | 824,83 | 759,34 |  0,00 | 1,355 | 44,35 | 44,35 |  0,00 | 5,409 | 369,11 | 369,11 | 19,02 | 1133,723 | 296,96 | 366,71 |  0,00 | 356,433 | 44,66 | 44,66 | 733,030 |   NaN | NaN | 0,00 | 0,00 | NaN
   8 |  8,53 | 290,585 | 755,36 | 825,79 | 759,65 |  0,00 | 1,405 | 44,35 | 44,35 |  0,00 | 2,237 | 366,32 | 366,32 | 19,01 | 1089,158 | 300,02 | 370,46 |  0,00 | 777,001 | 44,66 | 44,66 | 1574,114 |   NaN | NaN | 0,00 | 0,00 | NaN
   9 |  8,82 | 291,747 | 755,28 | 828,31 | 759,56 |  0,00 | 1,344 | 44,35 | 44,35 |  0,00 | 2,691 | 370,33 | 370,33 | 19,79 | 1128,208 | 295,94 | 368,96 |  0,00 | 525,463 | 44,66 | 44,66 | 1071,066 |   NaN | NaN | 0,00 | 0,00 | NaN
  10 |  8,28 | 292,685 | 755,61 | 823,84 | 759,90 |  0,00 | 1,405 | 44,35 | 44,35 |  0,00 | 14,432 | 368,20 | 368,20 | 18,61 | 1134,950 | 298,40 | 366,62 |  0,00 | 194,762 | 44,66 | 44,66 | 409,755 |   NaN | NaN | 0,00 | 0,00 | NaN
  11 |  8,20 | 274,007 | 754,24 | 821,59 | 758,52 |  0,00 | 1,345 | 44,35 | 44,35 |  0,00 | 2,010 | 363,41 | 363,41 | 18,24 | 967,873 | 301,81 | 369,16 |  0,00 | 1400,697 | 44,66 | 44,66 | 2821,407 |   NaN | NaN | 0,00 | 0,00 | NaN
  12 |  8,36 | 285,599 | 755,53 | 824,49 | 759,82 |  0,00 | 1,407 | 44,35 | 44,35 |  0,00 | 2,311 | 368,00 | 368,00 | 18,77 | 1067,634 | 298,52 | 367,49 |  0,00 | 865,432 | 44,66 | 44,66 | 1750,981 |   NaN | NaN | 0,00 | 0,00 | NaN
  13 |  7,59 | 277,129 | 754,83 | 816,86 | 759,09 |  0,00 | 1,372 | 44,35 | 44,35 |  0,00 | 2,291 | 365,34 | 365,34 | 17,11 | 1036,125 | 300,47 | 362,50 |  0,00 | 747,771 | 44,66 | 44,66 | 1515,675 |   NaN | NaN | 0,00 | 0,00 | NaN
  14 |  8,70 | 280,752 | 754,61 | 826,50 | 758,90 |  0,00 | 1,413 | 44,35 | 44,35 |  0,00 | 2,307 | 368,65 | 368,65 | 19,49 | 1042,462 | 296,95 | 368,84 |  0,00 | 997,535 | 44,66 | 44,66 | 2015,129 |   NaN | NaN | 0,00 | 0,00 | NaN
  15 |  8,18 | 290,097 | 754,04 | 821,24 | 758,32 |  0,00 | 1,407 | 44,35 | 44,35 |  0,00 | 4,883 | 362,46 | 362,46 | 18,17 | 1105,871 | 302,56 | 369,76 |  0,00 | 363,148 | 44,66 | 44,66 | 746,413 |   NaN | NaN | 0,00 | 0,00 | NaN
  16 |  9,54 | 296,953 | 754,54 | 834,13 | 758,83 |  0,00 | 1,399 | 44,35 | 44,35 |  0,00 | 2,658 | 369,53 | 369,53 | 21,19 | 1140,939 | 296,00 | 375,59 |  0,00 | 615,874 | 44,66 | 44,66 | 1251,832 |   NaN | NaN | 0,00 | 0,00 | NaN
  17 |  8,78 | 292,569 | 754,44 | 827,09 | 758,74 |  0,00 | 1,412 | 44,35 | 44,35 |  0,00 | 2,763 | 370,20 | 370,20 | 19,75 | 1128,599 | 295,23 | 367,88 |  0,00 | 588,492 | 44,66 | 44,66 | 1197,073 |   NaN | NaN | 0,00 | 0,00 | NaN
  18 |  8,08 | 272,954 | 754,54 | 820,83 | 758,81 |  0,00 | 1,388 | 44,35 | 44,35 |  0,00 | 2,451 | 364,76 | 364,76 | 18,06 | 958,282 | 300,77 | 367,06 |  0,00 | 1507,034 | 44,66 | 44,66 | 3034,221 |   NaN | NaN | 0,00 | 0,00 | NaN
  19 |  7,34 | 275,990 | 754,93 | 814,74 | 759,21 |  0,00 | 1,379 | 44,35 | 44,35 |  0,00 | 2,545 | 361,38 | 361,38 | 16,41 | 981,465 | 304,54 | 364,34 |  0,00 | 1213,555 | 44,66 | 44,66 | 2447,118 |   NaN | NaN | 0,00 | 0,00 | NaN
  20 |  7,91 | 276,126 | 755,13 | 820,00 | 759,41 |  0,00 | 1,375 | 44,35 | 44,35 |  0,00 | 1,827 | 368,72 | 368,72 | 17,91 | 989,890 | 297,39 | 362,27 |  0,00 | 1424,312 | 44,66 | 44,66 | 2868,690 |   NaN | NaN | 0,00 | 0,00 | NaN
  21 |  7,05 | 286,525 | 754,97 | 812,24 | 759,23 |  0,00 | 1,379 | 44,35 | 44,35 |  0,00 | 7,521 | 362,71 | 362,71 | 15,89 | 1093,807 | 303,24 | 360,52 |  0,00 | 280,921 | 44,66 | 44,66 | 582,017 |   NaN | NaN | 0,00 | 0,00 | NaN
  22 |  9,18 | 287,805 | 755,08 | 831,44 | 759,39 |  0,00 | 1,418 | 44,35 | 44,35 |  0,00 | 2,552 | 375,38 | 375,38 | 20,80 | 1089,578 | 290,69 | 367,05 |  0,00 | 1049,610 | 44,66 | 44,66 | 2119,328 |   NaN | NaN | 0,00 | 0,00 | NaN
  23 |  8,51 | 279,242 | 754,74 | 824,98 | 759,02 |  0,00 | 1,400 | 44,35 | 44,35 |  0,00 | 2,340 | 368,04 | 368,04 | 19,09 | 1008,010 | 297,68 | 367,92 |  0,00 | 1324,218 | 44,66 | 44,66 | 2668,498 |   NaN | NaN | 0,00 | 0,00 | NaN
  24 |  8,68 | 288,726 | 755,25 | 826,99 | 759,52 |  0,00 | 1,361 | 44,35 | 44,35 |  0,00 | 2,028 | 367,06 | 367,06 | 19,34 | 1087,570 | 299,18 | 370,92 |  0,00 | 747,712 | 44,66 | 44,66 | 1515,442 |   NaN | NaN | 0,00 | 0,00 | NaN
  25 |  9,15 | 296,407 | 754,83 | 830,87 | 759,16 |  0,00 | 1,419 | 44,35 | 44,35 |  0,00 | 3,770 | 366,44 | 366,44 | 20,25 | 1140,976 | 299,37 | 375,41 |  0,00 | 412,526 | 44,66 | 44,66 | 845,252 |   NaN | NaN | 0,00 | 0,00 | NaN
  26 |  8,06 | 291,540 | 755,20 | 821,37 | 759,48 |  0,00 | 1,415 | 44,35 | 44,35 |  0,00 | 4,968 | 366,81 | 366,81 | 18,10 | 1126,076 | 299,37 | 365,55 |  0,00 | 343,376 | 44,66 | 44,66 | 706,748 |   NaN | NaN | 0,00 | 0,00 | NaN
  27 |  7,99 | 270,623 | 754,87 | 820,38 | 759,15 |  0,00 | 1,342 | 44,35 | 44,35 |  0,00 | 1,911 | 368,77 | 368,77 | 18,07 | 960,798 | 297,09 | 362,59 |  0,00 | 1520,919 | 44,66 | 44,66 | 3061,800 |   NaN | NaN | 0,00 | 0,00 | NaN
  28 |  7,62 | 276,139 | 754,58 | 816,81 | 758,86 |  0,00 | 1,408 | 44,35 | 44,35 |  0,00 | 2,230 | 367,38 | 367,38 | 17,27 | 993,726 | 298,19 | 360,42 |  0,00 | 1330,752 | 44,66 | 44,66 | 2681,486 |   NaN | NaN | 0,00 | 0,00 | NaN
  29 |  8,92 | 277,251 | 754,79 | 828,74 | 759,07 |  0,00 | 1,388 | 44,35 | 44,35 |  0,00 | 2,054 | 369,19 | 369,19 | 19,96 | 999,564 | 296,59 | 370,54 |  0,00 | 1381,039 | 44,66 | 44,66 | 2782,086 |   NaN | NaN | 0,00 | 0,00 | NaN
  30 |  8,03 | 271,790 | 754,81 | 820,71 | 759,11 |  0,00 | 1,418 | 44,35 | 44,35 |  0,00 | 2,550 | 364,69 | 364,69 | 17,96 | 956,366 | 301,11 | 367,01 |  0,00 | 1460,349 | 44,66 | 44,66 | 2940,630 |   NaN | NaN | 0,00 | 0,00 | NaN
  31 |  7,95 | 274,613 | 755,07 | 820,30 | 759,35 |  0,00 | 1,385 | 44,35 | 44,35 |  0,00 | 1,824 | 368,38 | 368,38 | 17,98 | 990,172 | 297,68 | 362,91 |  0,00 | 1328,360 | 44,66 | 44,66 | 2676,668 |   NaN | NaN | 0,00 | 0,00 | NaN
  32 |  8,62 | 275,552 | 755,01 | 826,19 | 759,27 |  0,00 | 1,341 | 44,35 | 44,35 |  0,00 | 2,613 | 368,27 | 368,27 | 19,30 | 986,923 | 297,73 | 368,91 |  0,00 | 1404,643 | 44,66 | 44,66 | 2829,254 |   NaN | NaN | 0,00 | 0,00 | NaN
  33 |  8,00 | 273,566 | 755,10 | 820,77 | 759,37 |  0,00 | 1,407 | 44,35 | 44,35 |  0,00 | 2,364 | 365,89 | 365,89 | 17,95 | 968,522 | 300,20 | 365,87 |  0,00 | 1438,776 | 44,66 | 44,66 | 2897,577 |   NaN | NaN | 0,00 | 0,00 | NaN
  34 |  7,98 | 274,741 | 754,89 | 820,36 | 759,16 |  0,00 | 1,398 | 44,35 | 44,35 |  0,00 | 2,175 | 367,26 | 367,26 | 17,98 | 968,245 | 298,61 | 364,09 |  0,00 | 1567,012 | 44,66 | 44,66 | 3154,224 |   NaN | NaN | 0,00 | 0,00 | NaN
  35 |  9,06 | 275,911 | 754,60 | 829,75 | 758,87 |  0,00 | 1,347 | 44,35 | 44,35 |  0,00 | 2,105 | 370,46 | 370,46 | 20,30 | 979,732 | 295,13 | 370,28 |  0,00 | 1617,494 | 44,66 | 44,66 | 3255,014 |   NaN | NaN | 0,00 | 0,00 | NaN
  36 |  8,05 | 273,844 | 755,54 | 821,72 | 759,81 |  0,00 | 1,400 | 44,35 | 44,35 |  0,00 | 2,316 | 363,09 | 363,09 | 17,90 | 951,595 | 303,44 | 369,62 |  0,00 | 1539,903 | 44,66 | 44,66 | 3099,876 |   NaN | NaN | 0,00 | 0,00 | NaN
  37 |  9,14 | 281,721 | 755,63 | 831,61 | 759,91 |  0,00 | 1,383 | 44,35 | 44,35 |  0,00 | 2,476 | 373,94 | 373,94 | 20,61 | 1029,365 | 292,67 | 368,65 |  0,00 | 1406,112 | 44,66 | 44,66 | 2832,100 |   NaN | NaN | 0,00 | 0,00 | NaN
  38 |  8,76 | 273,455 | 755,11 | 827,60 | 759,40 |  0,00 | 1,374 | 44,35 | 44,35 |  0,00 | 1,777 | 370,18 | 370,18 | 19,68 | 979,647 | 295,92 | 368,41 |  0,00 | 1477,736 | 44,66 | 44,66 | 2975,506 |   NaN | NaN | 0,00 | 0,00 | NaN
  39 |  7,02 | 266,887 | 754,27 | 811,23 | 758,58 |  0,00 | 1,418 | 44,35 | 44,35 |  0,00 | 1,814 | 362,48 | 362,48 | 15,83 | 934,067 | 302,78 | 359,74 |  0,00 | 1433,530 | 44,66 | 44,66 | 2887,139 |   NaN | NaN | 0,00 | 0,00 | NaN
  40 |  7,49 | 265,663 | 754,86 | 815,96 | 759,16 |  0,00 | 1,418 | 44,35 | 44,35 |  0,00 | 2,057 | 366,63 | 366,63 | 16,96 | 934,097 | 299,21 | 360,31 |  0,00 | 1514,178 | 44,66 | 44,66 | 3048,259 |   NaN | NaN | 0,00 | 0,00 | NaN
  41 |  8,88 | 278,726 | 754,76 | 828,30 | 759,05 |  0,00 | 1,401 | 44,35 | 44,35 |  0,00 | 2,230 | 364,58 | 364,58 | 19,63 | 991,566 | 301,16 | 374,70 |  0,00 | 1357,219 | 44,66 | 44,66 | 2734,522 |   NaN | NaN | 0,00 | 0,00 | NaN
  42 |  9,10 | 277,343 | 754,96 | 830,53 | 759,23 |  0,00 | 1,347 | 44,35 | 44,35 |  0,00 | 1,846 | 371,16 | 371,16 | 20,40 | 1006,469 | 294,79 | 370,36 |  0,00 | 1381,205 | 44,66 | 44,66 | 2782,452 |   NaN | NaN | 0,00 | 0,00 | NaN
  43 |  9,41 | 276,896 | 755,42 | 833,93 | 759,72 |  0,00 | 1,425 | 44,35 | 44,35 |  0,00 | 1,771 | 373,60 | 373,60 | 21,14 | 1007,817 | 292,81 | 371,32 |  0,00 | 1429,119 | 44,66 | 44,66 | 2878,269 |   NaN | NaN | 0,00 | 0,00 | NaN
  44 |  8,70 | 280,792 | 755,40 | 827,36 | 759,67 |  0,00 | 1,337 | 44,35 | 44,35 |  0,00 | 2,038 | 366,76 | 366,76 | 19,37 | 1006,633 | 299,63 | 371,59 |  0,00 | 1347,873 | 44,66 | 44,66 | 2715,788 |   NaN | NaN | 0,00 | 0,00 | NaN
  45 |  8,06 | 275,051 | 755,45 | 821,67 | 759,75 |  0,00 | 1,421 | 44,35 | 44,35 |  0,00 | 2,153 | 371,06 | 371,06 | 18,31 | 995,627 | 295,38 | 361,60 |  0,00 | 1375,170 | 44,66 | 44,66 | 2770,485 |   NaN | NaN | 0,00 | 0,00 | NaN
  46 |  8,42 | 270,398 | 754,80 | 824,22 | 759,08 |  0,00 | 1,361 | 44,35 | 44,35 |  0,00 | 1,763 | 365,61 | 365,61 | 18,78 | 957,368 | 300,19 | 369,60 |  0,00 | 1426,074 | 44,66 | 44,66 | 2872,235 |   NaN | NaN | 0,00 | 0,00 | NaN
  47 |  8,17 | 274,924 | 754,98 | 822,14 | 759,26 |  0,00 | 1,358 | 44,35 | 44,35 |  0,00 | 1,961 | 367,99 | 367,99 | 18,39 | 991,565 | 297,97 | 365,13 |  0,00 | 1316,380 | 44,66 | 44,66 | 2652,734 |   NaN | NaN | 0,00 | 0,00 | NaN
  48 |  7,96 | 269,538 | 754,17 | 819,37 | 758,44 |  0,00 | 1,388 | 44,35 | 44,35 |  0,00 | 2,128 | 365,18 | 365,18 | 17,86 | 959,523 | 299,97 | 365,17 |  0,00 | 1348,349 | 44,66 | 44,66 | 2716,687 |   NaN | NaN | 0,00 | 0,00 | NaN
  49 |  8,16 | 274,762 | 754,53 | 821,58 | 758,82 |  0,00 | 1,400 | 44,35 | 44,35 |  0,00 | 2,135 | 367,47 | 367,47 | 18,37 | 989,546 | 298,04 | 365,09 |  0,00 | 1319,235 | 44,66 | 44,66 | 2658,454 |   NaN | NaN | 0,00 | 0,00 | NaN
  50 |  8,60 | 276,727 | 754,82 | 825,84 | 759,10 |  0,00 | 1,355 | 44,35 | 44,35 |  0,00 | 1,911 | 370,23 | 370,23 | 19,37 | 996,878 | 295,59 | 366,60 |  0,00 | 1435,354 | 44,66 | 44,66 | 2890,881 |   NaN | NaN | 0,00 | 0,00 | NaN
  51 |  8,39 | 274,921 | 755,03 | 824,16 | 759,31 |  0,00 | 1,353 | 44,35 | 44,35 |  0,00 | 2,005 | 366,25 | 366,25 | 18,74 | 982,397 | 299,76 | 368,90 |  0,00 | 1352,601 | 44,66 | 44,66 | 2725,190 |   NaN | NaN | 0,00 | 0,00 | NaN
  52 |  8,57 | 282,945 | 754,39 | 825,12 | 758,67 |  0,00 | 1,379 | 44,35 | 44,35 |  0,00 | 2,039 | 364,03 | 364,03 | 19,01 | 1007,154 | 301,35 | 372,08 |  0,00 | 1365,559 | 44,66 | 44,66 | 2751,148 |   NaN | NaN | 0,00 | 0,00 | NaN
  53 |  8,63 | 276,024 | 754,88 | 826,17 | 759,15 |  0,00 | 1,366 | 44,35 | 44,35 |  0,00 | 1,808 | 370,25 | 370,25 | 19,43 | 996,171 | 295,62 | 366,91 |  0,00 | 1410,760 | 44,66 | 44,66 | 2841,568 |   NaN | NaN | 0,00 | 0,00 | NaN
  54 |  7,56 | 269,124 | 755,57 | 817,41 | 759,86 |  0,00 | 1,369 | 44,35 | 44,35 |  0,00 | 2,572 | 367,02 | 367,02 | 17,11 | 958,824 | 299,54 | 361,38 |  0,00 | 1372,931 | 44,66 | 44,66 | 2766,020 |   NaN | NaN | 0,00 | 0,00 | NaN
  55 |  7,88 | 275,091 | 755,03 | 819,65 | 759,31 |  0,00 | 1,354 | 44,35 | 44,35 |  0,00 | 1,986 | 363,92 | 363,92 | 17,62 | 965,686 | 302,10 | 366,72 |  0,00 | 1478,519 | 44,66 | 44,66 | 2977,080 |   NaN | NaN | 0,00 | 0,00 | NaN
  56 |  7,80 | 271,953 | 755,18 | 819,06 | 759,45 |  0,00 | 1,360 | 44,35 | 44,35 |  0,00 | 1,840 | 365,04 | 365,04 | 17,50 | 966,770 | 301,12 | 365,01 |  0,00 | 1350,028 | 44,66 | 44,66 | 2719,919 |   NaN | NaN | 0,00 | 0,00 | NaN
  57 |  8,19 | 271,118 | 755,00 | 822,37 | 759,30 |  0,00 | 1,357 | 44,35 | 44,35 |  0,00 | 2,204 | 366,11 | 366,11 | 18,34 | 968,520 | 299,88 | 367,25 |  0,00 | 1329,071 | 44,66 | 44,66 | 2678,090 |   NaN | NaN | 0,00 | 0,00 | NaN
  58 |  8,36 | 280,196 | 755,42 | 824,34 | 759,70 |  0,00 | 1,386 | 44,35 | 44,35 |  0,00 | 2,282 | 367,61 | 367,61 | 18,74 | 1008,071 | 298,80 | 367,72 |  0,00 | 1333,271 | 44,66 | 44,66 | 2686,675 |   NaN | NaN | 0,00 | 0,00 | NaN
  59 |  8,85 | 271,182 | 755,57 | 828,95 | 759,86 |  0,00 | 1,404 | 44,35 | 44,35 |  0,00 | 1,767 | 366,26 | 366,26 | 19,64 | 949,935 | 300,30 | 373,68 |  0,00 | 1562,160 | 44,66 | 44,66 | 3144,388 |   NaN | NaN | 0,00 | 0,00 | NaN
  60 |  8,26 | 278,393 | 754,70 | 822,61 | 758,97 |  0,00 | 1,339 | 44,35 | 44,35 |  0,00 | 1,784 | 367,22 | 367,22 | 18,54 | 1000,141 | 298,47 | 366,38 |  0,00 | 1358,625 | 44,66 | 44,66 | 2737,334 |   NaN | NaN | 0,00 | 0,00 | NaN
  61 |  8,89 | 280,585 | 755,34 | 829,03 | 759,63 |  0,00 | 1,362 | 44,35 | 44,35 |  0,00 | 1,985 | 369,79 | 369,79 | 19,90 | 1010,871 | 296,54 | 370,23 |  0,00 | 1416,688 | 44,66 | 44,66 | 2853,471 |   NaN | NaN | 0,00 | 0,00 | NaN
  62 |  8,92 | 271,695 | 754,78 | 828,74 | 759,11 |  0,00 | 1,423 | 44,35 | 44,35 |  0,00 | 1,940 | 369,72 | 369,72 | 19,99 | 981,751 | 296,05 | 370,01 |  0,00 | 1348,493 | 44,66 | 44,66 | 2716,934 |   NaN | NaN | 0,00 | 0,00 | NaN
  63 |  8,50 | 276,087 | 755,08 | 825,20 | 759,36 |  0,00 | 1,379 | 44,35 | 44,35 |  0,00 | 2,365 | 369,73 | 369,73 | 19,14 | 989,221 | 296,33 | 366,45 |  0,00 | 1463,098 | 44,66 | 44,66 | 2946,318 |   NaN | NaN | 0,00 | 0,00 | NaN
  64 |  7,62 | 272,061 | 755,52 | 817,86 | 759,83 |  0,00 | 1,422 | 44,35 | 44,35 |  0,00 | 2,036 | 365,44 | 365,44 | 17,15 | 965,358 | 301,07 | 363,41 |  0,00 | 1373,814 | 44,66 | 44,66 | 2767,709 |   NaN | NaN | 0,00 | 0,00 | NaN

= = = = = = = = = = = = AVERAGE RESULTS system = = = = = = = = = = = =
meanPLR_system | 8,361744 
meanDelay_system | 279,510639 
meanLoad_system | 823,909306 
meanTHR_system | 754,989407 
meanGate_system | 759,274934 

meanPLR_EF_system | 0,000000 
meanPLR_AF_system | 0,000000 
meanPLR_BE_system | 18,761613 
meanPLR_FLA_system | 0,000000 
meanPLR_FLB_system | NaN 

meanTHR_EF_system | 44,352003 
meanTHR_AF_system | 367,722119 
meanTHR_BE_system | 298,253522 
meanTHR_FLA_system | 45,462920 
meanTHR_FLB_system | 0,000000 

meanLoad_EF_system | 44,352003 
meanLoad_AF_system | 367,722119 
meanLoad_BE_system | 367,173422 
meanLoad_FLA_system | 45,462920 
meanLoad_FLB_system | 0,000000 

meanDELAY_EF_system | 1,383466 
meanDELAY_AF_system | 3,120464 
meanDELAY_BE_system | 1021,236272 
meanDELAY_FLA_system | 1141,713319 
meanDELAY_FLB_system | NaN 
meanDELAY_CompleteFLA_system | 2303,487671 
meanDELAY_CompleteFLB_system | NaN 

= = = = = = = = = = = = AVERAGE RESULTS = = = = = = = = = = = =
Packet Loss Ratio: 08,36 (%)
PROCESSED PACKAGES: 2043643012 
DISCARTED PACKAGES: 117195064 
TOTAL PACKAGES: 2160838076 
AVERAGE DELAY: 52428,01 (ms) 
AVERAGE THROUGHPUT: 754,99 (Mbps) 
GRANTED THROUGHPUT: 48593,60 (Mbps) By 64 ONUs
EFFECTIVE THROUGHPUT: 48319,32 (Mbps) By 64 ONUs
TOTAL LOAD: 52730,20 (Mbps) By 64 ONUs
ON Arrival THROUGHPUT: 0,00 (Mbps) By 64 ONUs
FINISHTIMEFL: 167,239586 
FINISHTIME: 170,239586 


fileName | IPACT_LBCONSTANTTOKENSBYCYCLE_3_36_98_0 
