
ONU ID 	|  PLR(%) | Delay(ms) | Throughput(Mbps) | Granted Throughput(Mbps) | Total Load (Mbps) 

  ID |  PLR(%) |  D  | Thr |  Gates  |  Load  | PLR-EF | D-EF | ThrEF | LoadEF | PLR-AF | D-AF | ThrAF | LoadAF | PLR-BE | D-BE | ThrBE | LoadBE | PLR-FA | D-FA | ThrFA | LoadFA | DTFA |  PLR-FB | D-FB | ThrFB | LoadFB | DTFB | 
   1 |  5,03 | 275,517 | 754,59 | 794,54 | 758,87 |  0,00 | 1,407 | 44,35 | 44,35 |  0,00 | 12,999 | 357,41 | 357,41 | 11,48 | 1032,884 | 308,17 | 348,12 |  0,00 | 211,550 | 44,66 | 44,66 | 443,185 |   NaN | NaN | 0,00 | 0,00 | NaN
   2 |  5,44 | 266,692 | 754,32 | 797,70 | 758,66 |  0,00 | 1,419 | 44,35 | 44,35 |  0,00 | 3,063 | 356,63 | 356,63 | 12,32 | 967,247 | 308,68 | 352,06 |  0,00 | 745,939 | 44,66 | 44,66 | 1512,082 |   NaN | NaN | 0,00 | 0,00 | NaN
   3 |  4,59 | 251,130 | 754,87 | 791,18 | 759,18 |  0,00 | 1,355 | 44,35 | 44,35 |  0,00 | 1,796 | 352,74 | 352,74 | 10,39 | 898,743 | 313,11 | 349,42 |  0,00 | 714,860 | 44,66 | 44,66 | 1449,872 |   NaN | NaN | 0,00 | 0,00 | NaN
   4 |  5,60 | 283,666 | 754,89 | 799,66 | 759,32 |  0,00 | 1,361 | 44,35 | 44,35 |  0,00 | 21,364 | 357,99 | 357,99 | 12,70 | 1060,725 | 307,89 | 352,66 |  0,00 | 149,123 | 44,66 | 44,66 | 318,454 |   NaN | NaN | 0,00 | 0,00 | NaN
   5 |  4,78 | 251,550 | 754,43 | 792,32 | 758,73 |  0,00 | 1,386 | 44,35 | 44,35 |  0,00 | 1,936 | 351,09 | 351,09 | 10,76 | 873,753 | 314,33 | 352,22 |  0,00 | 1011,460 | 44,66 | 44,66 | 2042,955 |   NaN | NaN | 0,00 | 0,00 | NaN
   6 |  5,47 | 265,062 | 754,73 | 798,36 | 759,00 |  0,00 | 1,335 | 44,35 | 44,35 |  0,00 | 2,160 | 356,17 | 356,17 | 12,35 | 953,578 | 309,54 | 353,17 |  0,00 | 827,863 | 44,66 | 44,66 | 1675,873 |   NaN | NaN | 0,00 | 0,00 | NaN
   7 |  5,01 | 264,801 | 755,05 | 794,91 | 759,35 |  0,00 | 1,353 | 44,35 | 44,35 |  0,00 | 4,521 | 354,05 | 354,05 | 11,33 | 978,747 | 311,99 | 351,85 |  0,00 | 356,434 | 44,66 | 44,66 | 732,965 |   NaN | NaN | 0,00 | 0,00 | NaN
   8 |  5,08 | 269,300 | 755,45 | 795,88 | 759,78 |  0,00 | 1,403 | 44,35 | 44,35 |  0,00 | 2,092 | 351,52 | 351,52 | 11,38 | 957,813 | 314,91 | 355,34 |  0,00 | 776,892 | 44,66 | 44,66 | 1573,899 |   NaN | NaN | 0,00 | 0,00 | NaN
   9 |  5,35 | 268,574 | 755,22 | 797,92 | 759,52 |  0,00 | 1,343 | 44,35 | 44,35 |  0,00 | 2,318 | 355,05 | 355,05 | 12,07 | 985,226 | 311,16 | 353,86 |  0,00 | 525,382 | 44,66 | 44,66 | 1070,935 |   NaN | NaN | 0,00 | 0,00 | NaN
  10 |  4,87 | 271,823 | 755,21 | 793,91 | 759,53 |  0,00 | 1,404 | 44,35 | 44,35 |  0,00 | 13,308 | 353,22 | 353,22 | 11,01 | 1004,581 | 312,97 | 351,67 |  0,00 | 194,794 | 44,66 | 44,66 | 409,681 |   NaN | NaN | 0,00 | 0,00 | NaN
  11 |  4,75 | 247,153 | 753,95 | 791,57 | 758,25 |  0,00 | 1,344 | 44,35 | 44,35 |  0,00 | 1,913 | 348,50 | 348,50 | 10,62 | 822,371 | 316,44 | 354,06 |  0,00 | 1400,369 | 44,66 | 44,66 | 2820,988 |   NaN | NaN | 0,00 | 0,00 | NaN
  12 |  4,94 | 262,699 | 755,27 | 794,52 | 759,58 |  0,00 | 1,406 | 44,35 | 44,35 |  0,00 | 2,018 | 352,93 | 352,93 | 11,13 | 930,838 | 313,32 | 352,57 |  0,00 | 865,295 | 44,66 | 44,66 | 1750,749 |   NaN | NaN | 0,00 | 0,00 | NaN
  13 |  4,23 | 242,758 | 753,81 | 787,12 | 758,10 |  0,00 | 1,371 | 44,35 | 44,35 |  0,00 | 2,121 | 350,38 | 350,38 |  9,58 | 859,629 | 314,42 | 347,73 |  0,00 | 747,661 | 44,66 | 44,66 | 1515,517 |   NaN | NaN | 0,00 | 0,00 | NaN
  14 |  5,40 | 255,724 | 753,33 | 796,37 | 757,64 |  0,00 | 1,412 | 44,35 | 44,35 |  0,00 | 2,143 | 353,60 | 353,60 | 12,17 | 899,997 | 310,71 | 353,75 |  0,00 | 997,266 | 44,66 | 44,66 | 2014,662 |   NaN | NaN | 0,00 | 0,00 | NaN
  15 |  4,83 | 268,438 | 753,36 | 791,56 | 757,65 |  0,00 | 1,406 | 44,35 | 44,35 |  0,00 | 4,076 | 347,69 | 347,69 | 10,77 | 976,453 | 316,66 | 354,86 |  0,00 | 363,134 | 44,66 | 44,66 | 746,389 |   NaN | NaN | 0,00 | 0,00 | NaN
  16 |  6,19 | 280,146 | 754,04 | 803,81 | 758,34 |  0,00 | 1,397 | 44,35 | 44,35 |  0,00 | 2,397 | 354,51 | 354,51 | 13,82 | 1023,466 | 310,51 | 360,28 |  0,00 | 615,744 | 44,66 | 44,66 | 1251,619 |   NaN | NaN | 0,00 | 0,00 | NaN
  17 |  5,40 | 268,439 | 753,93 | 796,99 | 758,26 |  0,00 | 1,410 | 44,35 | 44,35 |  0,00 | 2,371 | 355,15 | 355,15 | 12,20 | 983,114 | 309,77 | 352,82 |  0,00 | 588,331 | 44,66 | 44,66 | 1196,865 |   NaN | NaN | 0,00 | 0,00 | NaN
  18 |  4,68 | 243,037 | 754,14 | 791,15 | 758,42 |  0,00 | 1,387 | 44,35 | 44,35 |  0,00 | 2,226 | 349,99 | 349,99 | 10,51 | 801,888 | 315,14 | 352,14 |  0,00 | 1506,731 | 44,66 | 44,66 | 3033,582 |   NaN | NaN | 0,00 | 0,00 | NaN
  19 |  3,90 | 248,514 | 754,50 | 785,13 | 758,81 |  0,00 | 1,378 | 44,35 | 44,35 |  0,00 | 2,328 | 346,77 | 346,77 |  8,77 | 835,112 | 318,72 | 349,35 |  0,00 | 1213,342 | 44,66 | 44,66 | 2446,673 |   NaN | NaN | 0,00 | 0,00 | NaN
  20 |  4,49 | 253,078 | 754,65 | 790,13 | 758,95 |  0,00 | 1,373 | 44,35 | 44,35 |  0,00 | 1,708 | 353,79 | 353,79 | 10,21 | 855,807 | 311,85 | 347,33 |  0,00 | 1423,907 | 44,66 | 44,66 | 2868,069 |   NaN | NaN | 0,00 | 0,00 | NaN
  21 |  3,61 | 245,732 | 754,52 | 782,79 | 758,82 |  0,00 | 1,378 | 44,35 | 44,35 |  0,00 | 6,268 | 347,97 | 347,97 |  8,17 | 893,268 | 317,53 | 345,80 |  0,00 | 280,860 | 44,66 | 44,66 | 581,953 |   NaN | NaN | 0,00 | 0,00 | NaN
  22 |  5,75 | 266,369 | 755,02 | 801,09 | 759,36 |  0,00 | 1,416 | 44,35 | 44,35 |  0,00 | 2,305 | 359,98 | 359,98 | 13,08 | 952,369 | 306,02 | 352,09 |  0,00 | 1049,487 | 44,66 | 44,66 | 2119,054 |   NaN | NaN | 0,00 | 0,00 | NaN
  23 |  5,09 | 256,848 | 754,50 | 794,94 | 758,82 |  0,00 | 1,399 | 44,35 | 44,35 |  0,00 | 2,200 | 352,98 | 352,98 | 11,46 | 875,368 | 312,50 | 352,94 |  0,00 | 1323,946 | 44,66 | 44,66 | 2668,105 |   NaN | NaN | 0,00 | 0,00 | NaN
  24 |  5,21 | 260,981 | 755,37 | 796,92 | 759,67 |  0,00 | 1,360 | 44,35 | 44,35 |  0,00 | 1,808 | 352,18 | 352,18 | 11,68 | 931,089 | 314,18 | 355,73 |  0,00 | 747,601 | 44,66 | 44,66 | 1515,278 |   NaN | NaN | 0,00 | 0,00 | NaN
  25 |  5,73 | 275,846 | 754,62 | 800,51 | 758,95 |  0,00 | 1,417 | 44,35 | 44,35 |  0,00 | 3,300 | 351,43 | 351,43 | 12,74 | 1010,110 | 314,17 | 360,06 |  0,00 | 412,439 | 44,66 | 44,66 | 845,097 |   NaN | NaN | 0,00 | 0,00 | NaN
  26 |  4,68 | 270,979 | 754,49 | 791,49 | 758,81 |  0,00 | 1,414 | 44,35 | 44,35 |  0,00 | 4,087 | 351,86 | 351,86 | 10,55 | 997,810 | 313,62 | 350,62 |  0,00 | 343,240 | 44,66 | 44,66 | 706,546 |   NaN | NaN | 0,00 | 0,00 | NaN
  27 |  4,51 | 245,002 | 754,86 | 790,53 | 759,15 |  0,00 | 1,340 | 44,35 | 44,35 |  0,00 | 1,781 | 353,73 | 353,73 | 10,26 | 817,232 | 312,12 | 347,78 |  0,00 | 1520,465 | 44,66 | 44,66 | 3061,056 |   NaN | NaN | 0,00 | 0,00 | NaN
  28 |  4,17 | 243,624 | 754,20 | 786,98 | 758,51 |  0,00 | 1,407 | 44,35 | 44,35 |  0,00 | 2,118 | 352,33 | 352,33 |  9,49 | 823,358 | 312,85 | 345,64 |  0,00 | 1330,559 | 44,66 | 44,66 | 2681,140 |   NaN | NaN | 0,00 | 0,00 | NaN
  29 |  5,54 | 257,550 | 754,31 | 798,58 | 758,60 |  0,00 | 1,386 | 44,35 | 44,35 |  0,00 | 1,982 | 354,18 | 354,18 | 12,46 | 877,575 | 311,11 | 355,39 |  0,00 | 1380,740 | 44,66 | 44,66 | 2781,658 |   NaN | NaN | 0,00 | 0,00 | NaN
  30 |  4,56 | 243,741 | 754,81 | 790,84 | 759,12 |  0,00 | 1,416 | 44,35 | 44,35 |  0,00 | 2,375 | 349,70 | 349,70 | 10,23 | 806,095 | 316,09 | 352,13 |  0,00 | 1459,842 | 44,66 | 44,66 | 2939,835 |   NaN | NaN | 0,00 | 0,00 | NaN
  31 |  4,60 | 249,447 | 754,26 | 790,60 | 758,57 |  0,00 | 1,383 | 44,35 | 44,35 |  0,00 | 1,750 | 353,35 | 353,35 | 10,43 | 848,958 | 311,90 | 348,24 |  0,00 | 1328,181 | 44,66 | 44,66 | 2676,395 |   NaN | NaN | 0,00 | 0,00 | NaN
  32 |  5,19 | 248,890 | 754,74 | 796,03 | 759,02 |  0,00 | 1,340 | 44,35 | 44,35 |  0,00 | 2,363 | 353,30 | 353,30 | 11,67 | 839,036 | 312,42 | 353,71 |  0,00 | 1404,449 | 44,66 | 44,66 | 2828,955 |   NaN | NaN | 0,00 | 0,00 | NaN
  33 |  4,59 | 246,389 | 754,48 | 790,74 | 758,76 |  0,00 | 1,405 | 44,35 | 44,35 |  0,00 | 2,171 | 350,91 | 350,91 | 10,34 | 821,326 | 314,55 | 350,82 |  0,00 | 1438,438 | 44,66 | 44,66 | 2897,137 |   NaN | NaN | 0,00 | 0,00 | NaN
  34 |  4,58 | 247,685 | 754,48 | 790,68 | 758,77 |  0,00 | 1,396 | 44,35 | 44,35 |  0,00 | 2,026 | 352,35 | 352,35 | 10,36 | 820,763 | 313,11 | 349,32 |  0,00 | 1566,618 | 44,66 | 44,66 | 3153,472 |   NaN | NaN | 0,00 | 0,00 | NaN
  35 |  5,63 | 255,437 | 754,34 | 799,37 | 758,64 |  0,00 | 1,346 | 44,35 | 44,35 |  0,00 | 1,942 | 355,17 | 355,17 | 12,68 | 854,397 | 310,16 | 355,18 |  0,00 | 1616,982 | 44,66 | 44,66 | 3254,183 |   NaN | NaN | 0,00 | 0,00 | NaN
  36 |  4,59 | 247,425 | 755,58 | 791,91 | 759,88 |  0,00 | 1,399 | 44,35 | 44,35 |  0,00 | 2,139 | 348,32 | 348,32 | 10,24 | 809,039 | 318,25 | 354,57 |  0,00 | 1539,577 | 44,66 | 44,66 | 3099,239 |   NaN | NaN | 0,00 | 0,00 | NaN
  37 |  5,69 | 262,755 | 755,63 | 801,18 | 759,93 |  0,00 | 1,382 | 44,35 | 44,35 |  0,00 | 2,311 | 358,56 | 358,56 | 12,88 | 905,258 | 308,05 | 353,61 |  0,00 | 1405,679 | 44,66 | 44,66 | 2831,499 |   NaN | NaN | 0,00 | 0,00 | NaN
  38 |  5,37 | 253,525 | 754,48 | 797,30 | 758,78 |  0,00 | 1,373 | 44,35 | 44,35 |  0,00 | 1,659 | 354,98 | 354,98 | 12,12 | 857,094 | 310,49 | 353,30 |  0,00 | 1477,386 | 44,66 | 44,66 | 2974,847 |   NaN | NaN | 0,00 | 0,00 | NaN
  39 |  3,60 | 235,661 | 753,74 | 781,86 | 758,07 |  0,00 | 1,416 | 44,35 | 44,35 |  0,00 | 1,720 | 347,70 | 347,70 |  8,15 | 774,984 | 317,03 | 345,15 |  0,00 | 1433,182 | 44,66 | 44,66 | 2886,613 |   NaN | NaN | 0,00 | 0,00 | NaN
  40 |  4,10 | 237,084 | 754,05 | 786,29 | 758,37 |  0,00 | 1,416 | 44,35 | 44,35 |  0,00 | 1,952 | 351,48 | 351,48 |  9,32 | 783,140 | 313,55 | 345,80 |  0,00 | 1513,746 | 44,66 | 44,66 | 3047,538 |   NaN | NaN | 0,00 | 0,00 | NaN
  41 |  5,48 | 255,152 | 754,42 | 798,12 | 758,73 |  0,00 | 1,399 | 44,35 | 44,35 |  0,00 | 2,115 | 349,64 | 349,64 | 12,16 | 857,290 | 315,76 | 359,46 |  0,00 | 1356,976 | 44,66 | 44,66 | 2734,155 |   NaN | NaN | 0,00 | 0,00 | NaN
  42 |  5,72 | 253,865 | 754,55 | 800,31 | 758,84 |  0,00 | 1,345 | 44,35 | 44,35 |  0,00 | 1,751 | 356,05 | 356,05 | 12,88 | 868,531 | 309,48 | 355,25 |  0,00 | 1381,036 | 44,66 | 44,66 | 2782,135 |   NaN | NaN | 0,00 | 0,00 | NaN
  43 |  6,02 | 253,154 | 755,17 | 803,54 | 759,49 |  0,00 | 1,424 | 44,35 | 44,35 |  0,00 | 1,606 | 358,25 | 358,25 | 13,58 | 867,114 | 307,91 | 356,28 |  0,00 | 1428,717 | 44,66 | 44,66 | 2877,658 |   NaN | NaN | 0,00 | 0,00 | NaN
  44 |  5,33 | 260,920 | 754,85 | 797,32 | 759,14 |  0,00 | 1,336 | 44,35 | 44,35 |  0,00 | 1,882 | 351,81 | 351,81 | 11,91 | 885,467 | 314,02 | 356,49 |  0,00 | 1347,687 | 44,66 | 44,66 | 2715,435 |   NaN | NaN | 0,00 | 0,00 | NaN
  45 |  4,58 | 251,126 | 755,36 | 791,60 | 759,69 |  0,00 | 1,420 | 44,35 | 44,35 |  0,00 | 2,025 | 355,84 | 355,84 | 10,45 | 855,741 | 310,50 | 346,74 |  0,00 | 1374,943 | 44,66 | 44,66 | 2770,119 |   NaN | NaN | 0,00 | 0,00 | NaN
  46 |  4,98 | 245,398 | 754,75 | 794,28 | 759,04 |  0,00 | 1,359 | 44,35 | 44,35 |  0,00 | 1,662 | 350,61 | 350,61 | 11,14 | 818,127 | 315,13 | 354,65 |  0,00 | 1425,848 | 44,66 | 44,66 | 2871,832 |   NaN | NaN | 0,00 | 0,00 | NaN
  47 |  4,71 | 243,639 | 754,84 | 792,15 | 759,16 |  0,00 | 1,357 | 44,35 | 44,35 |  0,00 | 1,833 | 352,95 | 352,95 | 10,65 | 825,391 | 312,88 | 350,19 |  0,00 | 1316,105 | 44,66 | 44,66 | 2652,366 |   NaN | NaN | 0,00 | 0,00 | NaN
  48 |  4,65 | 248,039 | 752,87 | 789,60 | 757,18 |  0,00 | 1,387 | 44,35 | 44,35 |  0,00 | 2,071 | 350,27 | 350,27 | 10,48 | 835,823 | 313,59 | 350,31 |  0,00 | 1348,118 | 44,66 | 44,66 | 2716,305 |   NaN | NaN | 0,00 | 0,00 | NaN
  49 |  4,68 | 249,964 | 754,49 | 791,52 | 758,80 |  0,00 | 1,399 | 44,35 | 44,35 |  0,00 | 1,951 | 352,39 | 352,39 | 10,58 | 848,083 | 313,08 | 350,11 |  0,00 | 1318,937 | 44,66 | 44,66 | 2657,949 |   NaN | NaN | 0,00 | 0,00 | NaN
  50 |  5,17 | 254,220 | 754,75 | 795,90 | 759,04 |  0,00 | 1,353 | 44,35 | 44,35 |  0,00 | 1,790 | 355,25 | 355,25 | 11,70 | 863,052 | 310,49 | 351,64 |  0,00 | 1434,995 | 44,66 | 44,66 | 2890,309 |   NaN | NaN | 0,00 | 0,00 | NaN
  51 |  4,98 | 251,958 | 754,50 | 794,06 | 758,81 |  0,00 | 1,351 | 44,35 | 44,35 |  0,00 | 1,847 | 351,24 | 351,24 | 11,18 | 850,284 | 314,25 | 353,80 |  0,00 | 1352,448 | 44,66 | 44,66 | 2724,966 |   NaN | NaN | 0,00 | 0,00 | NaN
  52 |  5,13 | 263,520 | 754,16 | 794,98 | 758,46 |  0,00 | 1,378 | 44,35 | 44,35 |  0,00 | 1,924 | 349,09 | 349,09 | 11,44 | 887,518 | 316,05 | 356,87 |  0,00 | 1365,211 | 44,66 | 44,66 | 2750,664 |   NaN | NaN | 0,00 | 0,00 | NaN
  53 |  5,17 | 251,462 | 754,96 | 796,10 | 759,25 |  0,00 | 1,365 | 44,35 | 44,35 |  0,00 | 1,717 | 355,13 | 355,13 | 11,69 | 853,862 | 310,81 | 351,96 |  0,00 | 1410,511 | 44,66 | 44,66 | 2841,208 |   NaN | NaN | 0,00 | 0,00 | NaN
  54 |  4,08 | 237,175 | 755,48 | 787,58 | 759,78 |  0,00 | 1,367 | 44,35 | 44,35 |  0,00 | 2,365 | 352,09 | 352,09 |  9,26 | 792,523 | 314,38 | 346,48 |  0,00 | 1372,784 | 44,66 | 44,66 | 2765,760 |   NaN | NaN | 0,00 | 0,00 | NaN
  55 |  4,45 | 249,352 | 755,02 | 790,19 | 759,32 |  0,00 | 1,352 | 44,35 | 44,35 |  0,00 | 1,857 | 349,27 | 349,27 |  9,99 | 824,955 | 316,74 | 351,90 |  0,00 | 1478,161 | 44,66 | 44,66 | 2976,469 |   NaN | NaN | 0,00 | 0,00 | NaN
  56 |  4,31 | 244,841 | 755,13 | 789,12 | 759,44 |  0,00 | 1,358 | 44,35 | 44,35 |  0,00 | 1,760 | 350,01 | 350,01 |  9,71 | 819,280 | 316,11 | 350,09 |  0,00 | 1349,755 | 44,66 | 44,66 | 2719,607 |   NaN | NaN | 0,00 | 0,00 | NaN
  57 |  4,77 | 241,190 | 754,48 | 792,26 | 758,79 |  0,00 | 1,355 | 44,35 | 44,35 |  0,00 | 2,070 | 351,10 | 351,10 | 10,73 | 810,448 | 314,37 | 352,15 |  0,00 | 1328,870 | 44,66 | 44,66 | 2677,754 |   NaN | NaN | 0,00 | 0,00 | NaN
  58 |  5,03 | 255,187 | 754,26 | 794,20 | 758,56 |  0,00 | 1,384 | 44,35 | 44,35 |  0,00 | 2,103 | 352,66 | 352,66 | 11,33 | 867,711 | 312,59 | 352,53 |  0,00 | 1333,101 | 44,66 | 44,66 | 2686,381 |   NaN | NaN | 0,00 | 0,00 | NaN
  59 |  5,40 | 246,723 | 755,48 | 798,64 | 759,77 |  0,00 | 1,403 | 44,35 | 44,35 |  0,00 | 1,704 | 351,21 | 351,21 | 12,04 | 812,833 | 315,26 | 358,42 |  0,00 | 1561,785 | 44,66 | 44,66 | 3143,711 |   NaN | NaN | 0,00 | 0,00 | NaN
  60 |  4,86 | 252,528 | 754,15 | 792,70 | 758,45 |  0,00 | 1,338 | 44,35 | 44,35 |  0,00 | 1,651 | 352,23 | 352,23 | 10,97 | 855,739 | 312,91 | 351,45 |  0,00 | 1358,442 | 44,66 | 44,66 | 2737,067 |   NaN | NaN | 0,00 | 0,00 | NaN
  61 |  5,42 | 260,176 | 755,54 | 798,88 | 759,84 |  0,00 | 1,360 | 44,35 | 44,35 |  0,00 | 1,827 | 354,80 | 354,80 | 12,21 | 884,315 | 311,72 | 355,06 |  0,00 | 1416,320 | 44,66 | 44,66 | 2852,941 |   NaN | NaN | 0,00 | 0,00 | NaN
  62 |  5,54 | 250,127 | 754,21 | 798,43 | 758,56 |  0,00 | 1,422 | 44,35 | 44,35 |  0,00 | 1,838 | 354,60 | 354,60 | 12,46 | 853,001 | 310,60 | 354,81 |  0,00 | 1348,160 | 44,66 | 44,66 | 2716,424 |   NaN | NaN | 0,00 | 0,00 | NaN
  63 |  5,03 | 248,495 | 755,22 | 795,21 | 759,53 |  0,00 | 1,377 | 44,35 | 44,35 |  0,00 | 2,210 | 354,67 | 354,67 | 11,37 | 836,195 | 311,54 | 351,52 |  0,00 | 1462,763 | 44,66 | 44,66 | 2945,731 |   NaN | NaN | 0,00 | 0,00 | NaN
  64 |  4,20 | 240,221 | 755,10 | 788,18 | 759,44 |  0,00 | 1,421 | 44,35 | 44,35 |  0,00 | 1,910 | 350,45 | 350,45 |  9,48 | 800,999 | 315,64 | 348,71 |  0,00 | 1373,567 | 44,66 | 44,66 | 2767,285 |   NaN | NaN | 0,00 | 0,00 | NaN

= = = = = = = = = = = = AVERAGE RESULTS system = = = = = = = = = = = =
meanPLR_system | 4,945005 
meanDelay_system | 254,648447 
meanLoad_system | 793,909054 
meanTHR_system | 754,624410 
meanGate_system | 758,931545 

meanPLR_EF_system | 0,000000 
meanPLR_AF_system | 0,000000 
meanPLR_BE_system | 11,145131 
meanPLR_FLA_system | 0,000000 
meanPLR_FLB_system | NaN 

meanTHR_EF_system | 44,352003 
meanTHR_AF_system | 352,706658 
meanTHR_BE_system | 312,903148 
meanTHR_FLA_system | 45,463789 
meanTHR_FLB_system | 0,000000 

meanLoad_EF_system | 44,352003 
meanLoad_AF_system | 352,706658 
meanLoad_BE_system | 352,187793 
meanLoad_FLA_system | 45,463789 
meanLoad_FLB_system | 0,000000 

meanDELAY_EF_system | 1,382019 
meanDELAY_AF_system | 2,852841 
meanDELAY_BE_system | 879,289453 
meanDELAY_FLA_system | 1141,480248 
meanDELAY_FLB_system | NaN 
meanDELAY_CompleteFLA_system | 2303,106897 
meanDELAY_CompleteFLB_system | NaN 

= = = = = = = = = = = = AVERAGE RESULTS = = = = = = = = = = = =
Packet Loss Ratio: 04,95 (%)
PROCESSED PACKAGES: 2042678323 
DISCARTED PACKAGES: 66798022 
TOTAL PACKAGES: 2109476345 
AVERAGE DELAY: 47742,99 (ms) 
AVERAGE THROUGHPUT: 754,62 (Mbps) 
GRANTED THROUGHPUT: 48571,62 (Mbps) By 64 ONUs
EFFECTIVE THROUGHPUT: 48295,96 (Mbps) By 64 ONUs
TOTAL LOAD: 50810,18 (Mbps) By 64 ONUs
ON Arrival THROUGHPUT: 0,00 (Mbps) By 64 ONUs
FINISHTIMEFL: 167,236390 
FINISHTIME: 170,236390 


fileName | IPACT_LBCONSTANTTOKENSBYCYCLE_3_36_94_0 
