
ONU ID 	|  PLR(%) | Delay(ms) | Throughput(Mbps) | Granted Throughput(Mbps) | Total Load (Mbps) 

  ID |  PLR(%) |  D  | Thr |  Gates  |  Load  | PLR-EF | D-EF | ThrEF | LoadEF | PLR-AF | D-AF | ThrAF | LoadAF | PLR-BE | D-BE | ThrBE | LoadBE | PLR-FA | D-FA | ThrFA | LoadFA | DTFA |  PLR-FB | D-FB | ThrFB | LoadFB | DTFB | 
   1 |  0,00 | 0,766 | 601,11 | 601,11 | 635,37 |  0,00 | 0,238 | 44,35 | 44,35 |  0,00 | 0,549 | 248,25 | 248,25 |  0,00 | 0,683 | 240,52 | 240,52 |  0,00 | 10,187 | 67,99 | 67,99 | 42,643 |   NaN | NaN | 0,00 | 0,00 | NaN
   2 |  0,00 | 1,214 | 601,52 | 601,52 | 639,62 |  0,00 | 0,250 | 44,35 | 44,35 |  0,00 | 0,391 | 243,32 | 243,32 |  0,00 | 0,496 | 245,87 | 245,87 |  0,00 | 25,123 | 67,99 | 67,99 | 88,482 |   NaN | NaN | 0,00 | 0,00 | NaN
   3 |  0,00 | 1,121 | 603,10 | 603,10 | 634,29 |  0,00 | 0,187 | 44,35 | 44,35 |  0,00 | 0,376 | 246,06 | 246,06 |  0,00 | 0,608 | 244,70 | 244,70 |  0,00 | 22,749 | 67,99 | 67,99 | 75,897 |   NaN | NaN | 0,00 | 0,00 | NaN
   4 |  0,00 | 0,710 | 603,03 | 603,03 | 634,30 |  0,00 | 0,192 | 44,35 | 44,35 |  0,00 | 0,478 | 248,07 | 248,07 |  0,00 | 0,655 | 242,62 | 242,62 |  0,00 | 9,926 | 67,99 | 67,99 | 40,678 |   NaN | NaN | 0,00 | 0,00 | NaN
   5 |  0,00 | 1,949 | 598,50 | 598,50 | 629,90 |  0,00 | 0,218 | 44,35 | 44,35 |  0,00 | 0,229 | 244,02 | 244,02 |  0,00 | 0,353 | 242,13 | 242,13 |  0,00 | 48,501 | 67,99 | 67,99 | 138,502 |   NaN | NaN | 0,00 | 0,00 | NaN
   6 |  0,00 | 0,946 | 604,08 | 604,08 | 634,72 |  0,00 | 0,168 | 44,35 | 44,35 |  0,00 | 0,217 | 246,98 | 246,98 |  0,00 | 0,460 | 244,76 | 244,76 |  0,00 | 20,130 | 67,99 | 67,99 | 77,950 |   NaN | NaN | 0,00 | 0,00 | NaN
   7 |  0,00 | 0,866 | 599,94 | 599,94 | 631,24 |  0,00 | 0,185 | 44,35 | 44,35 |  0,00 | 0,533 | 244,44 | 244,44 |  0,00 | 0,777 | 243,15 | 243,15 |  0,00 | 13,258 | 67,99 | 67,99 | 49,269 |   NaN | NaN | 0,00 | 0,00 | NaN
   8 |  0,00 | 1,148 | 603,27 | 603,27 | 636,64 |  0,00 | 0,235 | 44,35 | 44,35 |  0,00 | 0,375 | 244,25 | 244,25 |  0,00 | 0,505 | 246,68 | 246,68 |  0,00 | 23,535 | 67,99 | 67,99 | 87,987 |   NaN | NaN | 0,00 | 0,00 | NaN
   9 |  0,00 | 0,700 | 602,16 | 602,16 | 633,28 |  0,00 | 0,175 | 44,35 | 44,35 |  0,00 | 0,358 | 246,42 | 246,42 |  0,00 | 0,629 | 243,41 | 243,41 |  0,00 | 10,870 | 67,99 | 67,99 | 46,096 |   NaN | NaN | 0,00 | 0,00 | NaN
  10 |  0,00 | 0,832 | 600,03 | 600,03 | 633,78 |  0,00 | 0,236 | 44,35 | 44,35 |  0,00 | 0,569 | 244,73 | 244,73 |  0,00 | 0,659 | 242,96 | 242,96 |  0,00 | 12,109 | 67,99 | 67,99 | 44,336 |   NaN | NaN | 0,00 | 0,00 | NaN
  11 |  0,00 | 7,968 | 594,26 | 594,26 | 625,22 |  0,00 | 0,175 | 44,35 | 44,35 |  0,00 | 0,289 | 238,53 | 238,53 |  0,00 | 0,599 | 243,39 | 243,39 |  0,00 | 217,397 | 67,99 | 67,99 | 573,400 |   NaN | NaN | 0,00 | 0,00 | NaN
  12 |  0,00 | 1,044 | 601,27 | 601,27 | 635,09 |  0,00 | 0,237 | 44,35 | 44,35 |  0,00 | 0,264 | 244,51 | 244,51 |  0,00 | 0,355 | 244,43 | 244,43 |  0,00 | 22,288 | 67,99 | 67,99 | 87,170 |   NaN | NaN | 0,00 | 0,00 | NaN
  13 |  0,00 | 1,236 | 594,93 | 594,93 | 626,07 |  0,00 | 0,202 | 44,35 | 44,35 |  0,00 | 0,381 | 241,21 | 241,21 |  0,00 | 0,610 | 241,38 | 241,38 |  0,00 | 25,606 | 67,99 | 67,99 | 88,634 |   NaN | NaN | 0,00 | 0,00 | NaN
  14 |  0,00 | 1,790 | 602,42 | 602,42 | 637,89 |  0,00 | 0,243 | 44,35 | 44,35 |  0,00 | 0,258 | 245,56 | 245,56 |  0,00 | 0,332 | 244,52 | 244,52 |  0,00 | 43,711 | 67,99 | 67,99 | 129,610 |   NaN | NaN | 0,00 | 0,00 | NaN
  15 |  0,00 | 0,852 | 598,97 | 598,97 | 633,03 |  0,00 | 0,237 | 44,35 | 44,35 |  0,00 | 0,607 | 240,98 | 240,98 |  0,00 | 0,763 | 245,65 | 245,65 |  0,00 | 11,676 | 67,99 | 67,99 | 46,830 |   NaN | NaN | 0,00 | 0,00 | NaN
  16 |  0,00 | 0,819 | 604,11 | 604,11 | 636,47 |  0,00 | 0,229 | 44,35 | 44,35 |  0,00 | 0,403 | 244,20 | 244,20 |  0,00 | 0,508 | 247,58 | 247,58 |  0,00 | 14,024 | 67,99 | 67,99 | 57,073 |   NaN | NaN | 0,00 | 0,00 | NaN
  17 |  0,00 | 0,850 | 601,62 | 601,62 | 636,75 |  0,00 | 0,242 | 44,35 | 44,35 |  0,00 | 0,431 | 244,15 | 244,15 |  0,00 | 0,535 | 245,13 | 245,13 |  0,00 | 14,323 | 67,99 | 67,99 | 56,769 |   NaN | NaN | 0,00 | 0,00 | NaN
  18 |  0,00 | 4,460 | 599,63 | 599,63 | 631,01 |  0,00 | 0,218 | 44,35 | 44,35 |  0,00 | 0,258 | 243,00 | 243,00 |  0,00 | 0,403 | 244,29 | 244,29 |  0,00 | 119,537 | 67,99 | 67,99 | 553,352 |   NaN | NaN | 0,00 | 0,00 | NaN
  19 |  0,00 | 5,728 | 595,79 | 595,79 | 626,94 |  0,00 | 0,209 | 44,35 | 44,35 |  0,00 | 0,411 | 240,32 | 240,32 |  0,00 | 0,646 | 243,13 | 243,13 |  0,00 | 152,533 | 67,99 | 67,99 | 350,087 |   NaN | NaN | 0,00 | 0,00 | NaN
  20 |  0,00 | 7,419 | 596,64 | 596,64 | 627,71 |  0,00 | 0,205 | 44,35 | 44,35 |  0,00 | 0,243 | 244,63 | 244,63 |  0,00 | 0,406 | 239,67 | 239,67 |  0,00 | 203,516 | 67,99 | 67,99 | 586,009 |   NaN | NaN | 0,00 | 0,00 | NaN
  21 |  0,00 | 0,728 | 593,43 | 593,43 | 624,76 |  0,00 | 0,209 | 44,35 | 44,35 |  0,00 | 0,503 | 240,84 | 240,84 |  0,00 | 0,633 | 240,25 | 240,25 |  0,00 | 10,113 | 67,99 | 67,99 | 40,932 |   NaN | NaN | 0,00 | 0,00 | NaN
  22 |  0,00 | 2,512 | 605,23 | 605,23 | 642,11 |  0,00 | 0,248 | 44,35 | 44,35 |  0,00 | 0,266 | 250,70 | 250,70 |  0,00 | 0,333 | 242,19 | 242,19 |  0,00 | 64,378 | 67,99 | 67,99 | 170,867 |   NaN | NaN | 0,00 | 0,00 | NaN
  23 |  0,00 | 7,952 | 603,57 | 603,57 | 635,87 |  0,00 | 0,230 | 44,35 | 44,35 |  0,00 | 0,379 | 246,52 | 246,52 |  0,00 | 1,055 | 244,71 | 244,71 |  0,00 | 214,415 | 67,99 | 67,99 | 489,004 |   NaN | NaN | 0,00 | 0,00 | NaN
  24 |  0,00 | 1,287 | 601,30 | 601,30 | 632,41 |  0,00 | 0,192 | 44,35 | 44,35 |  0,00 | 0,341 | 243,58 | 243,58 |  0,00 | 0,581 | 245,37 | 245,37 |  0,00 | 27,793 | 67,99 | 67,99 | 94,229 |   NaN | NaN | 0,00 | 0,00 | NaN
  25 |  0,00 | 0,747 | 608,06 | 608,06 | 645,62 |  0,00 | 0,249 | 44,35 | 44,35 |  0,00 | 0,501 | 244,28 | 244,28 |  0,00 | 0,592 | 251,43 | 251,43 |  0,00 | 10,452 | 67,99 | 67,99 | 44,379 |   NaN | NaN | 0,00 | 0,00 | NaN
  26 |  0,00 | 0,917 | 599,04 | 599,04 | 635,54 |  0,00 | 0,245 | 44,35 | 44,35 |  0,00 | 0,631 | 242,90 | 242,90 |  0,00 | 0,688 | 243,80 | 243,80 |  0,00 | 13,783 | 67,99 | 67,99 | 47,890 |   NaN | NaN | 0,00 | 0,00 | NaN
  27 |  0,00 | 3,961 | 596,62 | 596,62 | 627,43 |  0,00 | 0,172 | 44,35 | 44,35 |  0,00 | 0,231 | 244,12 | 244,12 |  0,00 | 0,509 | 240,15 | 240,15 |  0,00 | 105,136 | 67,99 | 67,99 | 519,321 |   NaN | NaN | 0,00 | 0,00 | NaN
  28 |  0,00 | 8,320 | 594,80 | 594,80 | 628,83 |  0,00 | 0,238 | 44,35 | 44,35 |  0,00 | 0,626 | 243,21 | 243,21 |  0,00 | 0,740 | 239,25 | 239,25 |  0,00 | 223,432 | 67,99 | 67,99 | 503,871 |   NaN | NaN | 0,00 | 0,00 | NaN
  29 |  0,00 | 7,982 | 602,52 | 602,52 | 633,83 |  0,00 | 0,217 | 44,35 | 44,35 |  0,00 | 0,396 | 246,17 | 246,17 |  0,00 | 0,584 | 244,00 | 244,00 |  0,00 | 218,331 | 67,99 | 67,99 | 554,288 |   NaN | NaN | 0,00 | 0,00 | NaN
  30 |  0,00 | 6,377 | 596,51 | 596,51 | 633,68 |  0,00 | 0,248 | 44,35 | 44,35 |  0,00 | 0,310 | 242,22 | 242,22 |  0,00 | 0,441 | 241,95 | 241,95 |  0,00 | 172,596 | 67,99 | 67,99 | 597,301 |   NaN | NaN | 0,00 | 0,00 | NaN
  31 |  0,00 | 7,770 | 598,50 | 598,50 | 629,79 |  0,00 | 0,215 | 44,35 | 44,35 |  0,00 | 0,445 | 242,72 | 242,72 |  0,00 | 0,815 | 243,43 | 243,43 |  0,00 | 209,562 | 67,99 | 67,99 | 483,613 |   NaN | NaN | 0,00 | 0,00 | NaN
  32 |  0,00 | 8,093 | 597,41 | 597,41 | 628,29 |  0,00 | 0,171 | 44,35 | 44,35 |  0,00 | 0,494 | 241,37 | 241,37 |  0,00 | 0,843 | 243,69 | 243,69 |  0,00 | 218,616 | 67,99 | 67,99 | 581,998 |   NaN | NaN | 0,00 | 0,00 | NaN
  33 |  0,00 | 6,904 | 597,24 | 597,24 | 630,90 |  0,00 | 0,236 | 44,35 | 44,35 |  0,00 | 0,353 | 240,93 | 240,93 |  0,00 | 0,739 | 243,98 | 243,98 |  0,00 | 185,509 | 67,99 | 67,99 | 585,425 |   NaN | NaN | 0,00 | 0,00 | NaN
  34 |  0,00 | 2,725 | 592,83 | 592,83 | 624,89 |  0,00 | 0,228 | 44,35 | 44,35 |  0,00 | 0,239 | 242,68 | 242,68 |  0,00 | 0,341 | 237,80 | 237,80 |  0,00 | 70,056 | 67,99 | 67,99 | 333,284 |   NaN | NaN | 0,00 | 0,00 | NaN
  35 |  0,00 | 2,369 | 603,05 | 603,05 | 633,99 |  0,00 | 0,177 | 44,35 | 44,35 |  0,00 | 0,188 | 245,69 | 245,69 |  0,00 | 0,395 | 245,01 | 245,01 |  0,00 | 61,276 | 67,99 | 67,99 | 238,905 |   NaN | NaN | 0,00 | 0,00 | NaN
  36 |  0,00 | 3,510 | 595,53 | 595,53 | 627,99 |  0,00 | 0,230 | 44,35 | 44,35 |  0,00 | 0,255 | 239,31 | 239,31 |  0,00 | 0,357 | 243,87 | 243,87 |  0,00 | 92,247 | 67,99 | 67,99 | 465,578 |   NaN | NaN | 0,00 | 0,00 | NaN
  37 |  0,00 | 7,875 | 604,19 | 604,19 | 635,36 |  0,00 | 0,213 | 44,35 | 44,35 |  0,00 | 0,526 | 247,69 | 247,69 |  0,00 | 0,772 | 244,16 | 244,16 |  0,00 | 213,515 | 67,99 | 67,99 | 567,951 |   NaN | NaN | 0,00 | 0,00 | NaN
  38 |  0,00 | 5,555 | 598,72 | 598,72 | 629,77 |  0,00 | 0,204 | 44,35 | 44,35 |  0,00 | 0,290 | 244,21 | 244,21 |  0,00 | 0,448 | 242,16 | 242,16 |  0,00 | 150,259 | 67,99 | 67,99 | 591,215 |   NaN | NaN | 0,00 | 0,00 | NaN
  39 |  0,00 | 7,657 | 593,74 | 593,74 | 630,84 |  0,00 | 0,248 | 44,35 | 44,35 |  0,00 | 0,399 | 241,85 | 241,85 |  0,00 | 0,512 | 239,54 | 239,54 |  0,00 | 207,315 | 67,99 | 67,99 | 597,743 |   NaN | NaN | 0,00 | 0,00 | NaN
  40 |  0,00 | 4,208 | 594,67 | 594,67 | 631,79 |  0,00 | 0,248 | 44,35 | 44,35 |  0,00 | 0,288 | 241,55 | 241,55 |  0,00 | 0,349 | 240,78 | 240,78 |  0,00 | 111,571 | 67,99 | 67,99 | 540,300 |   NaN | NaN | 0,00 | 0,00 | NaN
  41 |  0,00 | 8,376 | 601,54 | 601,54 | 634,11 |  0,00 | 0,230 | 44,35 | 44,35 |  0,00 | 0,538 | 242,63 | 242,63 |  0,00 | 1,109 | 246,57 | 246,57 |  0,00 | 224,650 | 67,99 | 67,99 | 529,065 |   NaN | NaN | 0,00 | 0,00 | NaN
  42 |  0,00 | 8,588 | 603,89 | 603,89 | 634,86 |  0,00 | 0,176 | 44,35 | 44,35 |  0,00 | 0,505 | 245,41 | 245,41 |  0,00 | 0,853 | 246,14 | 246,14 |  0,00 | 233,921 | 67,99 | 67,99 | 562,544 |   NaN | NaN | 0,00 | 0,00 | NaN
  43 |  0,00 | 7,137 | 603,20 | 603,20 | 639,32 |  0,00 | 0,255 | 44,35 | 44,35 |  0,00 | 0,348 | 245,16 | 245,16 |  0,00 | 0,406 | 245,70 | 245,70 |  0,00 | 195,307 | 67,99 | 67,99 | 587,543 |   NaN | NaN | 0,00 | 0,00 | NaN
  44 |  0,00 | 8,611 | 604,84 | 604,84 | 635,49 |  0,00 | 0,168 | 44,35 | 44,35 |  0,00 | 0,346 | 244,37 | 244,37 |  0,00 | 0,889 | 248,13 | 248,13 |  0,00 | 235,725 | 67,99 | 67,99 | 535,091 |   NaN | NaN | 0,00 | 0,00 | NaN
  45 |  0,00 | 8,522 | 602,54 | 602,54 | 640,96 |  0,00 | 0,251 | 44,35 | 44,35 |  0,00 | 0,490 | 249,17 | 249,17 |  0,00 | 0,859 | 241,03 | 241,03 |  0,00 | 230,800 | 67,99 | 67,99 | 550,965 |   NaN | NaN | 0,00 | 0,00 | NaN
  46 |  0,00 | 7,603 | 596,29 | 596,29 | 627,29 |  0,00 | 0,190 | 44,35 | 44,35 |  0,00 | 0,294 | 239,56 | 239,56 |  0,00 | 0,639 | 244,39 | 244,39 |  0,00 | 206,908 | 67,99 | 67,99 | 592,884 |   NaN | NaN | 0,00 | 0,00 | NaN
  47 |  0,00 | 7,974 | 594,87 | 594,87 | 625,88 |  0,00 | 0,188 | 44,35 | 44,35 |  0,00 | 0,402 | 243,49 | 243,49 |  0,00 | 1,010 | 239,05 | 239,05 |  0,00 | 214,027 | 67,99 | 67,99 | 490,454 |   NaN | NaN | 0,00 | 0,00 | NaN
  48 |  0,00 | 8,193 | 594,94 | 594,94 | 626,36 |  0,00 | 0,218 | 44,35 | 44,35 |  0,00 | 0,528 | 240,41 | 240,41 |  0,00 | 0,671 | 242,19 | 242,19 |  0,00 | 221,265 | 67,99 | 67,99 | 515,719 |   NaN | NaN | 0,00 | 0,00 | NaN
  49 |  0,00 | 7,925 | 595,35 | 595,35 | 627,81 |  0,00 | 0,230 | 44,35 | 44,35 |  0,00 | 0,647 | 242,07 | 242,07 |  0,00 | 1,063 | 240,94 | 240,94 |  0,00 | 210,131 | 67,99 | 67,99 | 481,277 |   NaN | NaN | 0,00 | 0,00 | NaN
  50 |  0,00 | 7,120 | 598,25 | 598,25 | 629,22 |  0,00 | 0,184 | 44,35 | 44,35 |  0,00 | 0,274 | 244,28 | 244,28 |  0,00 | 0,505 | 241,63 | 241,63 |  0,00 | 194,708 | 67,99 | 67,99 | 590,902 |   NaN | NaN | 0,00 | 0,00 | NaN
  51 |  0,00 | 8,158 | 597,88 | 597,88 | 628,89 |  0,00 | 0,182 | 44,35 | 44,35 |  0,00 | 0,302 | 241,20 | 241,20 |  0,00 | 0,635 | 244,35 | 244,35 |  0,00 | 223,114 | 67,99 | 67,99 | 527,374 |   NaN | NaN | 0,00 | 0,00 | NaN
  52 |  0,00 | 8,406 | 598,37 | 598,37 | 629,54 |  0,00 | 0,209 | 44,35 | 44,35 |  0,00 | 0,351 | 240,19 | 240,19 |  0,00 | 0,785 | 245,83 | 245,83 |  0,00 | 228,541 | 67,99 | 67,99 | 547,876 |   NaN | NaN | 0,00 | 0,00 | NaN
  53 |  0,00 | 7,989 | 600,22 | 600,22 | 631,25 |  0,00 | 0,196 | 44,35 | 44,35 |  0,00 | 0,536 | 243,61 | 243,61 |  0,00 | 1,230 | 244,27 | 244,27 |  0,00 | 212,997 | 67,99 | 67,99 | 569,898 |   NaN | NaN | 0,00 | 0,00 | NaN
  54 |  0,00 | 8,244 | 594,84 | 594,84 | 625,84 |  0,00 | 0,199 | 44,35 | 44,35 |  0,00 | 0,543 | 243,40 | 243,40 |  0,00 | 0,778 | 239,09 | 239,09 |  0,00 | 222,164 | 67,99 | 67,99 | 539,669 |   NaN | NaN | 0,00 | 0,00 | NaN
  55 |  0,00 | 5,496 | 600,05 | 600,05 | 631,06 |  0,00 | 0,184 | 44,35 | 44,35 |  0,00 | 0,236 | 242,95 | 242,95 |  0,00 | 0,469 | 244,76 | 244,76 |  0,00 | 149,286 | 67,99 | 67,99 | 577,482 |   NaN | NaN | 0,00 | 0,00 | NaN
  56 |  0,00 | 8,460 | 594,80 | 594,80 | 625,78 |  0,00 | 0,189 | 44,35 | 44,35 |  0,00 | 0,475 | 242,13 | 242,13 |  0,00 | 1,160 | 240,34 | 240,34 |  0,00 | 226,297 | 67,99 | 67,99 | 525,593 |   NaN | NaN | 0,00 | 0,00 | NaN
  57 |  0,00 | 7,891 | 598,44 | 598,44 | 629,48 |  0,00 | 0,186 | 44,35 | 44,35 |  0,00 | 0,647 | 242,29 | 242,29 |  0,00 | 0,875 | 243,81 | 243,81 |  0,00 | 211,658 | 67,99 | 67,99 | 490,882 |   NaN | NaN | 0,00 | 0,00 | NaN
  58 |  0,00 | 8,127 | 599,01 | 599,01 | 630,29 |  0,00 | 0,215 | 44,35 | 44,35 |  0,00 | 0,433 | 244,60 | 244,60 |  0,00 | 0,827 | 242,07 | 242,07 |  0,00 | 219,843 | 67,99 | 67,99 | 498,325 |   NaN | NaN | 0,00 | 0,00 | NaN
  59 |  0,00 | 3,044 | 603,81 | 603,81 | 637,01 |  0,00 | 0,234 | 44,35 | 44,35 |  0,00 | 0,265 | 243,37 | 243,37 |  0,00 | 0,364 | 248,10 | 248,10 |  0,00 | 79,495 | 67,99 | 67,99 | 388,761 |   NaN | NaN | 0,00 | 0,00 | NaN
  60 |  0,00 | 8,450 | 600,45 | 600,45 | 631,18 |  0,00 | 0,170 | 44,35 | 44,35 |  0,00 | 0,380 | 244,27 | 244,27 |  0,00 | 1,095 | 243,83 | 243,83 |  0,00 | 228,546 | 67,99 | 67,99 | 533,967 |   NaN | NaN | 0,00 | 0,00 | NaN
  61 |  0,00 | 8,073 | 602,93 | 602,93 | 633,93 |  0,00 | 0,191 | 44,35 | 44,35 |  0,00 | 0,304 | 245,38 | 245,38 |  0,00 | 0,637 | 245,20 | 245,20 |  0,00 | 221,654 | 67,99 | 67,99 | 588,417 |   NaN | NaN | 0,00 | 0,00 | NaN
  62 |  0,00 | 8,275 | 601,08 | 601,08 | 640,28 |  0,00 | 0,253 | 44,35 | 44,35 |  0,00 | 0,730 | 243,03 | 243,03 |  0,00 | 0,665 | 245,71 | 245,71 |  0,00 | 223,077 | 67,99 | 67,99 | 518,998 |   NaN | NaN | 0,00 | 0,00 | NaN
  63 |  0,00 | 6,144 | 602,45 | 602,45 | 633,55 |  0,00 | 0,208 | 44,35 | 44,35 |  0,00 | 0,335 | 246,24 | 246,24 |  0,00 | 0,684 | 243,87 | 243,87 |  0,00 | 165,660 | 67,99 | 67,99 | 588,566 |   NaN | NaN | 0,00 | 0,00 | NaN
  64 |  0,00 | 8,472 | 593,59 | 593,59 | 632,42 |  0,00 | 0,252 | 44,35 | 44,35 |  0,00 | 0,469 | 241,72 | 241,72 |  0,00 | 0,777 | 239,53 | 239,53 |  0,00 | 228,080 | 67,99 | 67,99 | 548,019 |   NaN | NaN | 0,00 | 0,00 | NaN

= = = = = = = = = = = = AVERAGE RESULTS system = = = = = = = = = = = =
meanPLR_system | 0,000000 
meanDelay_system | 5,080350 
meanLoad_system | 599,483719 
meanTHR_system | 599,483719 
meanGate_system | 632,263359 

meanPLR_EF_system | 0,000000 
meanPLR_AF_system | 0,000000 
meanPLR_BE_system | 0,000000 
meanPLR_FLA_system | 0,000000 
meanPLR_FLB_system | NaN 

meanTHR_EF_system | 44,352003 
meanTHR_AF_system | 243,704735 
meanTHR_BE_system | 243,437656 
meanTHR_FLA_system | 69,671468 
meanTHR_FLB_system | 0,000000 

meanLoad_EF_system | 44,352003 
meanLoad_AF_system | 243,704735 
meanLoad_BE_system | 243,437656 
meanLoad_FLA_system | 69,671468 
meanLoad_FLB_system | 0,000000 

meanDELAY_EF_system | 0,213382 
meanDELAY_AF_system | 0,400851 
meanDELAY_BE_system | 0,651488 
meanDELAY_FLA_system | 134,518887 
meanDELAY_FLB_system | NaN 
meanDELAY_CompleteFLA_system | 377,330269 
meanDELAY_CompleteFLB_system | NaN 

= = = = = = = = = = = = AVERAGE RESULTS = = = = = = = = = = = =
Packet Loss Ratio: 00,00 (%)
PROCESSED PACKAGES: 1283216470 
DISCARTED PACKAGES: 0 
TOTAL PACKAGES: 1283216470 
AVERAGE DELAY: 819,29 (ms) 
AVERAGE THROUGHPUT: 599,48 (Mbps) 
GRANTED THROUGHPUT: 40464,85 (Mbps) By 64 ONUs
EFFECTIVE THROUGHPUT: 38366,96 (Mbps) By 64 ONUs
TOTAL LOAD: 38366,96 (Mbps) By 64 ONUs
ON Arrival THROUGHPUT: 0,00 (Mbps) By 64 ONUs
FINISHTIMEFL: 121,254802 
FINISHTIME: 124,254802 


fileName | IPACT_LBVARIBLETOKENSBYCYCLE_2_40_65_0 
