
ONU ID 	|  PLR(%) | Delay(ms) | Throughput(Mbps) | Granted Throughput(Mbps) | Total Load (Mbps) 

  ID |  PLR(%) |  D  | Thr |  Gates  |  Load  | PLR-EF | D-EF | ThrEF | LoadEF | PLR-AF | D-AF | ThrAF | LoadAF | PLR-BE | D-BE | ThrBE | LoadBE | PLR-FA | D-FA | ThrFA | LoadFA | DTFA |  PLR-FB | D-FB | ThrFB | LoadFB | DTFB | 
   1 |  5,10 | 279,121 | 754,16 | 794,70 | 758,83 |  0,00 | 1,407 | 44,35 | 44,35 |  0,00 | 22,580 | 357,24 | 357,24 | 11,64 | 1042,334 | 307,74 | 348,28 |  0,00 | 139,240 | 44,83 | 44,83 | 302,946 |   NaN | NaN | 0,00 | 0,00 | NaN
   2 |  5,47 | 275,094 | 754,00 | 797,62 | 758,37 |  0,00 | 1,419 | 44,35 | 44,35 |  0,00 | 8,766 | 356,33 | 356,33 | 12,39 | 1028,636 | 308,49 | 352,11 |  0,00 | 285,082 | 44,83 | 44,83 | 878,246 |   NaN | NaN | 0,00 | 0,00 | NaN
   3 |  4,69 | 254,678 | 754,11 | 791,21 | 758,46 |  0,00 | 1,355 | 44,35 | 44,35 |  0,00 | 8,389 | 352,44 | 352,44 | 10,61 | 938,089 | 312,49 | 349,58 |  0,00 | 290,522 | 44,83 | 44,83 | 884,263 |   NaN | NaN | 0,00 | 0,00 | NaN
   4 |  5,65 | 283,993 | 754,54 | 799,72 | 759,21 |  0,00 | 1,361 | 44,35 | 44,35 |  0,00 | 22,350 | 357,97 | 357,97 | 12,82 | 1062,890 | 307,39 | 352,58 |  0,00 | 139,040 | 44,83 | 44,83 | 298,328 |   NaN | NaN | 0,00 | 0,00 | NaN
   5 |  4,86 | 259,031 | 753,74 | 792,21 | 758,03 |  0,00 | 1,386 | 44,35 | 44,35 |  0,00 | 3,655 | 351,23 | 351,23 | 10,93 | 942,709 | 313,33 | 351,80 |  0,00 | 477,334 | 44,83 | 44,83 | 1457,129 |   NaN | NaN | 0,00 | 0,00 | NaN
   6 |  5,49 | 273,776 | 754,70 | 798,52 | 759,00 |  0,00 | 1,335 | 44,35 | 44,35 |  0,00 | 4,131 | 356,39 | 356,39 | 12,41 | 1020,504 | 309,14 | 352,95 |  0,00 | 377,175 | 44,83 | 44,83 | 1156,481 |   NaN | NaN | 0,00 | 0,00 | NaN
   7 |  5,07 | 269,112 | 754,91 | 795,22 | 759,52 |  0,00 | 1,353 | 44,35 | 44,35 |  0,00 | 20,469 | 354,26 | 354,26 | 11,46 | 994,464 | 311,47 | 351,79 |  0,00 | 146,870 | 44,83 | 44,83 | 370,049 |   NaN | NaN | 0,00 | 0,00 | NaN
   8 |  5,04 | 278,423 | 755,20 | 795,30 | 759,54 |  0,00 | 1,403 | 44,35 | 44,35 |  0,00 | 6,591 | 351,19 | 351,19 | 11,30 | 1021,895 | 314,83 | 354,93 |  0,00 | 316,143 | 44,83 | 44,83 | 973,233 |   NaN | NaN | 0,00 | 0,00 | NaN
   9 |  5,39 | 272,589 | 754,85 | 797,84 | 759,25 |  0,00 | 1,343 | 44,35 | 44,35 |  0,00 | 13,446 | 355,09 | 355,09 | 12,16 | 1012,961 | 310,58 | 353,57 |  0,00 | 217,134 | 44,83 | 44,83 | 635,894 |   NaN | NaN | 0,00 | 0,00 | NaN
  10 |  4,91 | 272,678 | 754,94 | 793,92 | 759,62 |  0,00 | 1,404 | 44,35 | 44,35 |  0,00 | 22,090 | 353,12 | 353,12 | 11,09 | 1002,885 | 312,64 | 351,62 |  0,00 | 139,149 | 44,83 | 44,83 | 299,404 |   NaN | NaN | 0,00 | 0,00 | NaN
  11 |  4,77 | 259,355 | 753,70 | 791,46 | 758,00 |  0,00 | 1,344 | 44,35 | 44,35 |  0,00 | 1,972 | 348,33 | 348,33 | 10,67 | 918,216 | 316,19 | 353,95 |  0,00 | 736,627 | 44,83 | 44,83 | 2234,930 |   NaN | NaN | 0,00 | 0,00 | NaN
  12 |  4,96 | 271,884 | 754,73 | 794,11 | 759,03 |  0,00 | 1,406 | 44,35 | 44,35 |  0,00 | 4,560 | 352,37 | 352,37 | 11,17 | 999,758 | 313,18 | 352,56 |  0,00 | 376,353 | 44,83 | 44,83 | 1154,219 |   NaN | NaN | 0,00 | 0,00 | NaN
  13 |  4,28 | 249,581 | 753,58 | 787,27 | 757,90 |  0,00 | 1,371 | 44,35 | 44,35 |  0,00 | 10,519 | 350,45 | 350,45 |  9,69 | 911,899 | 313,95 | 347,64 |  0,00 | 287,517 | 44,83 | 44,83 | 886,809 |   NaN | NaN | 0,00 | 0,00 | NaN
  14 |  5,42 | 264,512 | 753,49 | 796,68 | 757,80 |  0,00 | 1,412 | 44,35 | 44,35 |  0,00 | 3,289 | 353,71 | 353,71 | 12,21 | 970,066 | 310,61 | 353,79 |  0,00 | 505,008 | 44,83 | 44,83 | 1539,876 |   NaN | NaN | 0,00 | 0,00 | NaN
  15 |  4,88 | 272,784 | 753,11 | 791,78 | 757,73 |  0,00 | 1,406 | 44,35 | 44,35 |  0,00 | 22,061 | 347,81 | 347,81 | 10,90 | 990,544 | 316,12 | 354,80 |  0,00 | 146,436 | 44,83 | 44,83 | 351,727 |   NaN | NaN | 0,00 | 0,00 | NaN
  16 |  6,23 | 285,694 | 754,16 | 804,25 | 758,60 |  0,00 | 1,397 | 44,35 | 44,35 |  0,00 | 12,325 | 354,71 | 354,71 | 13,90 | 1064,686 | 310,27 | 360,36 |  0,00 | 217,288 | 44,83 | 44,83 | 643,607 |   NaN | NaN | 0,00 | 0,00 | NaN
  17 |  5,44 | 275,551 | 753,99 | 797,36 | 758,47 |  0,00 | 1,410 | 44,35 | 44,35 |  0,00 | 13,167 | 355,21 | 355,21 | 12,29 | 1027,426 | 309,60 | 352,97 |  0,00 | 211,658 | 44,83 | 44,83 | 605,221 |   NaN | NaN | 0,00 | 0,00 | NaN
  18 |  4,69 | 258,211 | 754,09 | 791,24 | 758,37 |  0,00 | 1,387 | 44,35 | 44,35 |  0,00 | 2,375 | 349,82 | 349,82 | 10,55 | 912,883 | 315,09 | 352,24 |  0,00 | 788,206 | 44,83 | 44,83 | 2389,867 |   NaN | NaN | 0,00 | 0,00 | NaN
  19 |  3,93 | 260,559 | 754,76 | 785,67 | 759,06 |  0,00 | 1,378 | 44,35 | 44,35 |  0,00 | 2,504 | 346,86 | 346,86 |  8,84 | 923,715 | 318,71 | 349,62 |  0,00 | 625,764 | 44,83 | 44,83 | 1902,154 |   NaN | NaN | 0,00 | 0,00 | NaN
  20 |  4,51 | 262,137 | 754,23 | 789,84 | 758,54 |  0,00 | 1,373 | 44,35 | 44,35 |  0,00 | 1,989 | 353,27 | 353,27 | 10,25 | 941,742 | 311,78 | 347,39 |  0,00 | 738,344 | 44,83 | 44,83 | 2240,429 |   NaN | NaN | 0,00 | 0,00 | NaN
  21 |  3,69 | 247,692 | 753,78 | 782,68 | 758,45 |  0,00 | 1,378 | 44,35 | 44,35 |  0,00 | 19,768 | 348,05 | 348,05 |  8,36 | 898,457 | 316,55 | 345,44 |  0,00 | 140,017 | 44,83 | 44,83 | 310,861 |   NaN | NaN | 0,00 | 0,00 | NaN
  22 |  5,77 | 276,404 | 755,00 | 801,24 | 759,35 |  0,00 | 1,416 | 44,35 | 44,35 |  0,00 | 3,700 | 360,20 | 360,20 | 13,14 | 1034,283 | 305,62 | 351,87 |  0,00 | 489,673 | 44,83 | 44,83 | 1493,761 |   NaN | NaN | 0,00 | 0,00 | NaN
  23 |  5,11 | 269,950 | 754,34 | 794,93 | 758,65 |  0,00 | 1,399 | 44,35 | 44,35 |  0,00 | 2,565 | 353,01 | 353,01 | 11,51 | 973,451 | 312,15 | 352,74 |  0,00 | 693,653 | 44,83 | 44,83 | 2105,723 |   NaN | NaN | 0,00 | 0,00 | NaN
  24 |  5,21 | 267,988 | 755,36 | 796,88 | 759,68 |  0,00 | 1,360 | 44,35 | 44,35 |  0,00 | 8,553 | 352,17 | 352,17 | 11,68 | 983,567 | 314,00 | 355,53 |  0,00 | 307,693 | 44,83 | 44,83 | 944,269 |   NaN | NaN | 0,00 | 0,00 | NaN
  25 |  5,79 | 284,462 | 754,02 | 800,38 | 758,66 |  0,00 | 1,417 | 44,35 | 44,35 |  0,00 | 22,065 | 351,24 | 351,24 | 12,88 | 1042,959 | 313,60 | 359,96 |  0,00 | 148,017 | 44,83 | 44,83 | 367,764 |   NaN | NaN | 0,00 | 0,00 | NaN
  26 |  4,75 | 273,896 | 754,36 | 791,98 | 758,98 |  0,00 | 1,414 | 44,35 | 44,35 |  0,00 | 22,070 | 352,29 | 352,29 | 10,73 | 1005,761 | 312,88 | 350,51 |  0,00 | 145,848 | 44,83 | 44,83 | 357,648 |   NaN | NaN | 0,00 | 0,00 | NaN
  27 |  4,48 | 259,217 | 755,15 | 790,59 | 759,44 |  0,00 | 1,340 | 44,35 | 44,35 |  0,00 | 1,935 | 353,70 | 353,70 | 10,19 | 923,671 | 312,27 | 347,71 |  0,00 | 824,626 | 44,83 | 44,83 | 2499,169 |   NaN | NaN | 0,00 | 0,00 | NaN
  28 |  4,21 | 253,938 | 754,22 | 787,40 | 758,53 |  0,00 | 1,407 | 44,35 | 44,35 |  0,00 | 2,610 | 352,61 | 352,61 |  9,60 | 910,496 | 312,43 | 345,61 |  0,00 | 704,678 | 44,83 | 44,83 | 2138,709 |   NaN | NaN | 0,00 | 0,00 | NaN
  29 |  5,56 | 267,437 | 754,49 | 798,93 | 758,79 |  0,00 | 1,386 | 44,35 | 44,35 |  0,00 | 2,183 | 354,44 | 354,44 | 12,51 | 965,921 | 310,87 | 355,32 |  0,00 | 722,424 | 44,83 | 44,83 | 2192,289 |   NaN | NaN | 0,00 | 0,00 | NaN
  30 |  4,58 | 257,368 | 754,54 | 790,72 | 758,87 |  0,00 | 1,416 | 44,35 | 44,35 |  0,00 | 2,505 | 349,35 | 349,35 | 10,27 | 908,853 | 316,01 | 352,18 |  0,00 | 769,455 | 44,83 | 44,83 | 2333,632 |   NaN | NaN | 0,00 | 0,00 | NaN
  31 |  4,61 | 263,685 | 754,37 | 790,84 | 758,68 |  0,00 | 1,383 | 44,35 | 44,35 |  0,00 | 1,997 | 353,59 | 353,59 | 10,48 | 952,672 | 311,59 | 348,06 |  0,00 | 685,470 | 44,83 | 44,83 | 2081,387 |   NaN | NaN | 0,00 | 0,00 | NaN
  32 |  5,21 | 263,402 | 754,69 | 796,14 | 758,98 |  0,00 | 1,340 | 44,35 | 44,35 |  0,00 | 2,731 | 353,14 | 353,14 | 11,72 | 946,856 | 312,38 | 353,83 |  0,00 | 705,093 | 44,83 | 44,83 | 2140,358 |   NaN | NaN | 0,00 | 0,00 | NaN
  33 |  4,55 | 259,831 | 755,40 | 791,39 | 759,71 |  0,00 | 1,405 | 44,35 | 44,35 |  0,00 | 2,233 | 351,22 | 351,22 | 10,25 | 921,399 | 315,00 | 350,99 |  0,00 | 773,611 | 44,83 | 44,83 | 2346,248 |   NaN | NaN | 0,00 | 0,00 | NaN
  34 |  4,60 | 261,394 | 754,09 | 790,42 | 758,37 |  0,00 | 1,396 | 44,35 | 44,35 |  0,00 | 2,135 | 352,04 | 352,04 | 10,40 | 928,597 | 312,87 | 349,20 |  0,00 | 831,804 | 44,83 | 44,83 | 2520,903 |   NaN | NaN | 0,00 | 0,00 | NaN
  35 |  5,65 | 268,061 | 754,18 | 799,37 | 758,47 |  0,00 | 1,346 | 44,35 | 44,35 |  0,00 | 2,000 | 355,50 | 355,50 | 12,74 | 962,155 | 309,50 | 354,69 |  0,00 | 860,896 | 44,83 | 44,83 | 2608,192 |   NaN | NaN | 0,00 | 0,00 | NaN
  36 |  4,58 | 261,500 | 755,30 | 791,58 | 759,59 |  0,00 | 1,399 | 44,35 | 44,35 |  0,00 | 2,309 | 348,20 | 348,20 | 10,24 | 914,997 | 317,92 | 354,21 |  0,00 | 828,684 | 44,83 | 44,83 | 2511,105 |   NaN | NaN | 0,00 | 0,00 | NaN
  37 |  5,69 | 274,053 | 755,58 | 801,14 | 759,88 |  0,00 | 1,381 | 44,35 | 44,35 |  0,00 | 2,445 | 358,47 | 358,47 | 12,89 | 998,837 | 307,93 | 353,49 |  0,00 | 757,022 | 44,83 | 44,83 | 2296,039 |   NaN | NaN | 0,00 | 0,00 | NaN
  38 |  5,39 | 267,751 | 754,85 | 797,82 | 759,15 |  0,00 | 1,373 | 44,35 | 44,35 |  0,00 | 1,897 | 355,08 | 355,08 | 12,16 | 966,180 | 310,59 | 353,56 |  0,00 | 757,251 | 44,83 | 44,83 | 2296,946 |   NaN | NaN | 0,00 | 0,00 | NaN
  39 |  3,65 | 247,387 | 753,22 | 781,72 | 757,55 |  0,00 | 1,416 | 44,35 | 44,35 |  0,00 | 1,776 | 347,54 | 347,54 |  8,26 | 870,974 | 316,50 | 345,00 |  0,00 | 748,392 | 44,83 | 44,83 | 2270,604 |   NaN | NaN | 0,00 | 0,00 | NaN
  40 |  4,11 | 249,013 | 753,57 | 785,88 | 757,87 |  0,00 | 1,416 | 44,35 | 44,35 |  0,00 | 2,020 | 351,16 | 351,16 |  9,35 | 879,606 | 313,22 | 345,54 |  0,00 | 840,219 | 44,83 | 44,83 | 2545,864 |   NaN | NaN | 0,00 | 0,00 | NaN
  41 |  5,54 | 264,687 | 753,51 | 797,74 | 757,82 |  0,00 | 1,399 | 44,35 | 44,35 |  0,00 | 2,388 | 349,71 | 349,71 | 12,33 | 941,767 | 314,62 | 358,85 |  0,00 | 739,872 | 44,83 | 44,83 | 2244,526 |   NaN | NaN | 0,00 | 0,00 | NaN
  42 |  5,74 | 264,418 | 754,96 | 800,93 | 759,26 |  0,00 | 1,345 | 44,35 | 44,35 |  0,00 | 1,874 | 356,14 | 356,14 | 12,93 | 959,381 | 309,64 | 355,61 |  0,00 | 718,305 | 44,83 | 44,83 | 2179,779 |   NaN | NaN | 0,00 | 0,00 | NaN
  43 |  6,02 | 266,645 | 755,18 | 803,55 | 759,50 |  0,00 | 1,424 | 44,35 | 44,35 |  0,00 | 2,117 | 358,18 | 358,18 | 13,58 | 972,489 | 307,83 | 356,19 |  0,00 | 730,980 | 44,83 | 44,83 | 2218,224 |   NaN | NaN | 0,00 | 0,00 | NaN
  44 |  5,35 | 273,895 | 754,65 | 797,29 | 758,95 |  0,00 | 1,336 | 44,35 | 44,35 |  0,00 | 2,326 | 351,84 | 351,84 | 11,97 | 984,185 | 313,63 | 356,28 |  0,00 | 695,473 | 44,83 | 44,83 | 2111,423 |   NaN | NaN | 0,00 | 0,00 | NaN
  45 |  4,57 | 264,875 | 755,11 | 791,30 | 759,45 |  0,00 | 1,420 | 44,35 | 44,35 |  0,00 | 2,141 | 355,51 | 355,51 | 10,44 | 954,765 | 310,43 | 346,61 |  0,00 | 763,589 | 44,83 | 44,83 | 2315,786 |   NaN | NaN | 0,00 | 0,00 | NaN
  46 |  4,96 | 257,776 | 754,92 | 794,36 | 759,22 |  0,00 | 1,359 | 44,35 | 44,35 |  0,00 | 1,746 | 350,49 | 350,49 | 11,12 | 914,167 | 315,25 | 354,68 |  0,00 | 764,214 | 44,83 | 44,83 | 2317,710 |   NaN | NaN | 0,00 | 0,00 | NaN
  47 |  4,68 | 252,716 | 754,85 | 791,87 | 759,15 |  0,00 | 1,357 | 44,35 | 44,35 |  0,00 | 2,342 | 352,49 | 352,49 | 10,57 | 907,197 | 313,18 | 350,20 |  0,00 | 670,332 | 44,83 | 44,83 | 2035,997 |   NaN | NaN | 0,00 | 0,00 | NaN
  48 |  4,67 | 259,874 | 752,87 | 789,74 | 757,18 |  0,00 | 1,386 | 44,35 | 44,35 |  0,00 | 2,314 | 350,42 | 350,42 | 10,53 | 930,531 | 313,27 | 350,14 |  0,00 | 695,321 | 44,83 | 44,83 | 2110,940 |   NaN | NaN | 0,00 | 0,00 | NaN
  49 |  4,70 | 261,296 | 754,51 | 791,69 | 758,84 |  0,00 | 1,399 | 44,35 | 44,35 |  0,00 | 2,262 | 352,34 | 352,34 | 10,62 | 935,698 | 312,99 | 350,17 |  0,00 | 727,130 | 44,83 | 44,83 | 2206,420 |   NaN | NaN | 0,00 | 0,00 | NaN
  50 |  5,19 | 266,262 | 754,99 | 796,29 | 759,28 |  0,00 | 1,353 | 44,35 | 44,35 |  0,00 | 1,921 | 355,48 | 355,48 | 11,74 | 959,430 | 310,34 | 351,63 |  0,00 | 780,101 | 44,83 | 44,83 | 2365,535 |   NaN | NaN | 0,00 | 0,00 | NaN
  51 |  5,00 | 264,776 | 754,40 | 794,11 | 758,71 |  0,00 | 1,351 | 44,35 | 44,35 |  0,00 | 2,178 | 351,51 | 351,51 | 11,24 | 947,896 | 313,71 | 353,42 |  0,00 | 714,874 | 44,83 | 44,83 | 2169,660 |   NaN | NaN | 0,00 | 0,00 | NaN
  52 |  5,16 | 274,985 | 754,01 | 794,99 | 758,31 |  0,00 | 1,378 | 44,35 | 44,35 |  0,00 | 2,114 | 349,05 | 349,05 | 11,49 | 979,503 | 315,78 | 356,76 |  0,00 | 718,967 | 44,83 | 44,83 | 2182,003 |   NaN | NaN | 0,00 | 0,00 | NaN
  53 |  5,19 | 263,123 | 754,95 | 796,25 | 759,24 |  0,00 | 1,365 | 44,35 | 44,35 |  0,00 | 1,854 | 355,07 | 355,07 | 11,73 | 946,969 | 310,70 | 352,00 |  0,00 | 775,432 | 44,83 | 44,83 | 2351,397 |   NaN | NaN | 0,00 | 0,00 | NaN
  54 |  4,09 | 249,211 | 755,28 | 787,50 | 759,58 |  0,00 | 1,367 | 44,35 | 44,35 |  0,00 | 2,677 | 351,93 | 351,93 |  9,30 | 888,971 | 314,16 | 346,38 |  0,00 | 696,428 | 44,83 | 44,83 | 2114,158 |   NaN | NaN | 0,00 | 0,00 | NaN
  55 |  4,43 | 256,082 | 755,57 | 790,58 | 759,86 |  0,00 | 1,352 | 44,35 | 44,35 |  0,00 | 1,982 | 349,42 | 349,42 |  9,95 | 902,381 | 316,96 | 351,98 |  0,00 | 774,261 | 44,83 | 44,83 | 2348,070 |   NaN | NaN | 0,00 | 0,00 | NaN
  56 |  4,31 | 259,063 | 755,25 | 789,31 | 759,56 |  0,00 | 1,358 | 44,35 | 44,35 |  0,00 | 2,116 | 350,21 | 350,21 |  9,73 | 923,078 | 315,86 | 349,91 |  0,00 | 683,089 | 44,83 | 44,83 | 2074,160 |   NaN | NaN | 0,00 | 0,00 | NaN
  57 |  4,79 | 248,122 | 754,41 | 792,39 | 758,71 |  0,00 | 1,355 | 44,35 | 44,35 |  0,00 | 2,405 | 350,86 | 350,86 | 10,78 | 885,339 | 314,37 | 352,35 |  0,00 | 675,392 | 44,83 | 44,83 | 2051,042 |   NaN | NaN | 0,00 | 0,00 | NaN
  58 |  5,05 | 266,497 | 754,21 | 794,29 | 758,51 |  0,00 | 1,384 | 44,35 | 44,35 |  0,00 | 2,380 | 352,82 | 352,82 | 11,38 | 960,865 | 312,21 | 352,29 |  0,00 | 679,059 | 44,83 | 44,83 | 2062,221 |   NaN | NaN | 0,00 | 0,00 | NaN
  59 |  5,45 | 260,372 | 755,27 | 798,77 | 759,55 |  0,00 | 1,403 | 44,35 | 44,35 |  0,00 | 1,771 | 351,21 | 351,21 | 12,14 | 920,092 | 314,88 | 358,38 |  0,00 | 828,909 | 44,83 | 44,83 | 2511,926 |   NaN | NaN | 0,00 | 0,00 | NaN
  60 |  4,88 | 264,833 | 753,40 | 792,10 | 757,70 |  0,00 | 1,338 | 44,35 | 44,35 |  0,00 | 1,902 | 351,60 | 351,60 | 11,01 | 951,758 | 312,63 | 351,32 |  0,00 | 704,866 | 44,83 | 44,83 | 2139,659 |   NaN | NaN | 0,00 | 0,00 | NaN
  61 |  5,45 | 269,944 | 755,12 | 798,62 | 759,41 |  0,00 | 1,360 | 44,35 | 44,35 |  0,00 | 1,998 | 354,31 | 354,31 | 12,25 | 971,721 | 311,63 | 355,14 |  0,00 | 751,159 | 44,83 | 44,83 | 2278,679 |   NaN | NaN | 0,00 | 0,00 | NaN
  62 |  5,49 | 263,955 | 754,45 | 798,24 | 758,79 |  0,00 | 1,422 | 44,35 | 44,35 |  0,00 | 2,087 | 354,22 | 354,22 | 12,34 | 952,646 | 311,05 | 354,84 |  0,00 | 714,021 | 44,83 | 44,83 | 2166,942 |   NaN | NaN | 0,00 | 0,00 | NaN
  63 |  5,03 | 260,438 | 755,00 | 795,03 | 759,29 |  0,00 | 1,377 | 44,35 | 44,35 |  0,00 | 2,395 | 354,38 | 354,38 | 11,39 | 934,494 | 311,44 | 351,47 |  0,00 | 767,377 | 44,83 | 44,83 | 2327,587 |   NaN | NaN | 0,00 | 0,00 | NaN
  64 |  4,21 | 252,793 | 754,66 | 787,87 | 759,01 |  0,00 | 1,420 | 44,35 | 44,35 |  0,00 | 2,454 | 349,94 | 349,94 |  9,52 | 896,992 | 315,54 | 348,74 |  0,00 | 714,748 | 44,83 | 44,83 | 2169,150 |   NaN | NaN | 0,00 | 0,00 | NaN

= = = = = = = = = = = = AVERAGE RESULTS system = = = = = = = = = = = =
meanPLR_system | 4,967385 
meanDelay_system | 264,684799 
meanLoad_system | 793,949403 
meanTHR_system | 754,485003 
meanGate_system | 758,841607 

meanPLR_EF_system | 0,000000 
meanPLR_AF_system | 0,000000 
meanPLR_BE_system | 11,198540 
meanPLR_FLA_system | 0,000000 
meanPLR_FLB_system | NaN 

meanTHR_EF_system | 44,352004 
meanTHR_AF_system | 352,655045 
meanTHR_BE_system | 312,649497 
meanTHR_FLA_system | 45,635660 
meanTHR_FLB_system | 0,000000 

meanLoad_EF_system | 44,352004 
meanLoad_AF_system | 352,655045 
meanLoad_BE_system | 352,113898 
meanLoad_FLA_system | 45,635660 
meanLoad_FLB_system | 0,000000 

meanDELAY_EF_system | 1,382000 
meanDELAY_AF_system | 5,757314 
meanDELAY_BE_system | 956,879864 
meanDELAY_FLA_system | 584,051848 
meanDELAY_FLB_system | NaN 
meanDELAY_CompleteFLA_system | 1759,676207 
meanDELAY_CompleteFLB_system | NaN 

= = = = = = = = = = = = AVERAGE RESULTS = = = = = = = = = = = =
Packet Loss Ratio: 04,97 (%)
PROCESSED PACKAGES: 2034753324 
DISCARTED PACKAGES: 66854773 
TOTAL PACKAGES: 2101608097 
AVERAGE DELAY: 49615,72 (ms) 
AVERAGE THROUGHPUT: 754,49 (Mbps) 
GRANTED THROUGHPUT: 48565,86 (Mbps) By 64 ONUs
EFFECTIVE THROUGHPUT: 48287,04 (Mbps) By 64 ONUs
TOTAL LOAD: 50812,76 (Mbps) By 64 ONUs
ON Arrival THROUGHPUT: 0,00 (Mbps) By 64 ONUs
FINISHTIMEFL: 166,606552 
FINISHTIME: 169,606552 


fileName | IPACT_LBVARIBLETOKENSBYCYCLE_3_36_94_0 
