
ONU ID 	|  PLR(%) | Delay(ms) | Throughput(Mbps) | Granted Throughput(Mbps) | Total Load (Mbps) 

  ID |  PLR(%) |  D  | Thr |  Gates  |  Load  | PLR-EF | D-EF | ThrEF | LoadEF | PLR-AF | D-AF | ThrAF | LoadAF | PLR-BE | D-BE | ThrBE | LoadBE | PLR-FA | D-FA | ThrFA | LoadFA | DTFA |  PLR-FB | D-FB | ThrFB | LoadFB | DTFB | 
   1 |  0,00 | 0,441 | 541,53 | 541,53 | 581,22 |  0,00 | 0,178 | 44,35 | 44,35 |  0,00 | 0,176 | 228,28 | 228,28 |  0,00 | 0,429 | 221,44 | 221,44 |  0,00 | 8,224 | 47,46 | 47,46 | 38,174 |   NaN | NaN | 0,00 | 0,00 | NaN
   2 |  0,00 | 0,661 | 543,11 | 543,11 | 587,60 |  0,00 | 0,190 | 44,35 | 44,35 |  0,00 | 0,188 | 226,52 | 226,52 |  0,00 | 0,568 | 224,78 | 224,78 |  0,00 | 15,189 | 47,46 | 47,46 | 51,807 |   NaN | NaN | 0,00 | 0,00 | NaN
   3 |  0,00 | 0,448 | 539,18 | 539,18 | 574,55 |  0,00 | 0,127 | 44,35 | 44,35 |  0,00 | 0,125 | 224,40 | 224,40 |  0,00 | 0,497 | 222,97 | 222,97 |  0,00 | 9,338 | 47,46 | 47,46 | 39,137 |   NaN | NaN | 0,00 | 0,00 | NaN
   4 |  0,00 | 0,410 | 545,35 | 545,35 | 580,75 |  0,00 | 0,132 | 44,35 | 44,35 |  0,00 | 0,129 | 228,80 | 228,80 |  0,00 | 0,452 | 224,73 | 224,73 |  0,00 | 8,161 | 47,46 | 47,46 | 37,181 |   NaN | NaN | 0,00 | 0,00 | NaN
   5 |  0,00 | 0,455 | 540,95 | 540,95 | 577,14 |  0,00 | 0,157 | 44,35 | 44,35 |  0,00 | 0,155 | 224,59 | 224,59 |  0,00 | 0,465 | 224,55 | 224,55 |  0,00 | 9,003 | 47,46 | 47,46 | 39,498 |   NaN | NaN | 0,00 | 0,00 | NaN
   6 |  0,00 | 0,436 | 544,58 | 544,58 | 578,96 |  0,00 | 0,109 | 44,35 | 44,35 |  0,00 | 0,110 | 227,44 | 227,44 |  0,00 | 0,530 | 225,33 | 225,33 |  0,00 | 9,071 | 47,46 | 47,46 | 39,193 |   NaN | NaN | 0,00 | 0,00 | NaN
   7 |  0,00 | 0,502 | 541,75 | 541,75 | 577,11 |  0,00 | 0,125 | 44,35 | 44,35 |  0,00 | 0,124 | 225,62 | 225,62 |  0,00 | 0,554 | 224,32 | 224,32 |  0,00 | 10,998 | 47,46 | 47,46 | 43,112 |   NaN | NaN | 0,00 | 0,00 | NaN
   8 |  0,00 | 0,474 | 542,51 | 542,51 | 581,37 |  0,00 | 0,174 | 44,35 | 44,35 |  0,00 | 0,171 | 224,08 | 224,08 |  0,00 | 0,451 | 226,61 | 226,61 |  0,00 | 9,394 | 47,46 | 47,46 | 39,219 |   NaN | NaN | 0,00 | 0,00 | NaN
   9 |  0,00 | 0,406 | 544,19 | 544,19 | 579,23 |  0,00 | 0,115 | 44,35 | 44,35 |  0,00 | 0,114 | 227,14 | 227,14 |  0,00 | 0,489 | 225,24 | 225,24 |  0,00 | 8,111 | 47,46 | 47,46 | 37,193 |   NaN | NaN | 0,00 | 0,00 | NaN
  10 |  0,00 | 0,466 | 540,56 | 540,56 | 579,58 |  0,00 | 0,175 | 44,35 | 44,35 |  0,00 | 0,177 | 224,78 | 224,78 |  0,00 | 0,433 | 223,97 | 223,97 |  0,00 | 9,155 | 47,46 | 47,46 | 38,606 |   NaN | NaN | 0,00 | 0,00 | NaN
  11 |  0,00 | 2,355 | 540,13 | 540,13 | 575,31 |  0,00 | 0,115 | 44,35 | 44,35 |  0,00 | 0,116 | 222,53 | 222,53 |  0,00 | 3,738 | 225,78 | 225,78 |  0,00 | 54,570 | 47,46 | 47,46 | 141,942 |   NaN | NaN | 0,00 | 0,00 | NaN
  12 |  0,00 | 0,442 | 540,86 | 540,86 | 580,43 |  0,00 | 0,177 | 44,35 | 44,35 |  0,00 | 0,177 | 224,18 | 224,18 |  0,00 | 0,439 | 224,87 | 224,87 |  0,00 | 8,122 | 47,46 | 47,46 | 37,307 |   NaN | NaN | 0,00 | 0,00 | NaN
  13 |  0,00 | 0,633 | 537,83 | 537,83 | 573,41 |  0,00 | 0,142 | 44,35 | 44,35 |  0,00 | 0,136 | 223,55 | 223,55 |  0,00 | 0,628 | 222,48 | 222,48 |  0,00 | 14,915 | 47,46 | 47,46 | 51,358 |   NaN | NaN | 0,00 | 0,00 | NaN
  14 |  0,00 | 0,480 | 543,40 | 543,40 | 584,96 |  0,00 | 0,183 | 44,35 | 44,35 |  0,00 | 0,182 | 225,29 | 225,29 |  0,00 | 0,406 | 226,31 | 226,31 |  0,00 | 9,755 | 47,46 | 47,46 | 39,548 |   NaN | NaN | 0,00 | 0,00 | NaN
  15 |  0,00 | 0,456 | 541,18 | 541,18 | 580,77 |  0,00 | 0,177 | 44,35 | 44,35 |  0,00 | 0,177 | 222,34 | 222,34 |  0,00 | 0,429 | 227,03 | 227,03 |  0,00 | 8,749 | 47,46 | 47,46 | 39,702 |   NaN | NaN | 0,00 | 0,00 | NaN
  16 |  0,00 | 0,432 | 547,37 | 547,37 | 584,85 |  0,00 | 0,168 | 44,35 | 44,35 |  0,00 | 0,168 | 226,00 | 226,00 |  0,00 | 0,432 | 229,56 | 229,56 |  0,00 | 8,075 | 47,46 | 47,46 | 37,290 |   NaN | NaN | 0,00 | 0,00 | NaN
  17 |  0,00 | 0,439 | 544,50 | 544,50 | 585,30 |  0,00 | 0,181 | 44,35 | 44,35 |  0,00 | 0,179 | 226,92 | 226,92 |  0,00 | 0,391 | 225,77 | 225,77 |  0,00 | 8,383 | 47,46 | 47,46 | 37,623 |   NaN | NaN | 0,00 | 0,00 | NaN
  18 |  0,00 | 0,591 | 539,39 | 539,39 | 575,66 |  0,00 | 0,158 | 44,35 | 44,35 |  0,00 | 0,159 | 222,96 | 222,96 |  0,00 | 0,506 | 224,62 | 224,62 |  0,00 | 13,842 | 47,46 | 47,46 | 45,986 |   NaN | NaN | 0,00 | 0,00 | NaN
  19 |  0,00 | 0,450 | 536,48 | 536,48 | 572,26 |  0,00 | 0,149 | 44,35 | 44,35 |  0,00 | 0,150 | 221,61 | 221,61 |  0,00 | 0,485 | 223,06 | 223,06 |  0,00 | 8,795 | 47,46 | 47,46 | 37,862 |   NaN | NaN | 0,00 | 0,00 | NaN
  20 |  0,00 | 1,621 | 539,00 | 539,00 | 574,58 |  0,00 | 0,144 | 44,35 | 44,35 |  0,00 | 0,144 | 225,64 | 225,64 |  0,00 | 2,060 | 221,55 | 221,55 |  0,00 | 40,554 | 47,46 | 47,46 | 110,966 |   NaN | NaN | 0,00 | 0,00 | NaN
  21 |  0,00 | 0,422 | 534,13 | 534,13 | 569,89 |  0,00 | 0,149 | 44,35 | 44,35 |  0,00 | 0,149 | 221,16 | 221,16 |  0,00 | 0,449 | 221,15 | 221,15 |  0,00 | 8,067 | 47,46 | 47,46 | 37,170 |   NaN | NaN | 0,00 | 0,00 | NaN
  22 |  0,00 | 0,441 | 545,63 | 545,63 | 588,87 |  0,00 | 0,187 | 44,35 | 44,35 |  0,00 | 0,185 | 230,07 | 230,07 |  0,00 | 0,403 | 223,74 | 223,74 |  0,00 | 8,189 | 47,46 | 47,46 | 37,666 |   NaN | NaN | 0,00 | 0,00 | NaN
  23 |  0,00 | 3,481 | 542,42 | 542,42 | 580,17 |  0,00 | 0,169 | 44,35 | 44,35 |  0,00 | 0,171 | 225,67 | 225,67 |  0,00 | 4,574 | 224,93 | 224,93 |  0,00 | 89,669 | 47,46 | 47,46 | 183,008 |   NaN | NaN | 0,00 | 0,00 | NaN
  24 |  0,00 | 0,625 | 542,03 | 542,03 | 577,46 |  0,00 | 0,131 | 44,35 | 44,35 |  0,00 | 0,125 | 224,45 | 224,45 |  0,00 | 0,641 | 225,77 | 225,77 |  0,00 | 14,820 | 47,46 | 47,46 | 51,496 |   NaN | NaN | 0,00 | 0,00 | NaN
  25 |  0,00 | 0,448 | 546,26 | 546,26 | 590,22 |  0,00 | 0,188 | 44,35 | 44,35 |  0,00 | 0,189 | 225,23 | 225,23 |  0,00 | 0,399 | 229,22 | 229,22 |  0,00 | 8,409 | 47,46 | 47,46 | 37,727 |   NaN | NaN | 0,00 | 0,00 | NaN
  26 |  0,00 | 0,523 | 540,27 | 540,27 | 582,60 |  0,00 | 0,185 | 44,35 | 44,35 |  0,00 | 0,183 | 225,25 | 225,25 |  0,00 | 0,460 | 223,22 | 223,22 |  0,00 | 10,902 | 47,46 | 47,46 | 41,461 |   NaN | NaN | 0,00 | 0,00 | NaN
  27 |  0,00 | 0,526 | 538,15 | 538,15 | 573,11 |  0,00 | 0,113 | 44,35 | 44,35 |  0,00 | 0,112 | 224,57 | 224,57 |  0,00 | 0,574 | 221,77 | 221,77 |  0,00 | 12,063 | 47,46 | 47,46 | 46,590 |   NaN | NaN | 0,00 | 0,00 | NaN
  28 |  0,00 | 3,502 | 537,30 | 537,30 | 577,05 |  0,00 | 0,178 | 44,35 | 44,35 |  0,00 | 0,174 | 224,06 | 224,06 |  0,00 | 4,957 | 221,43 | 221,43 |  0,00 | 86,901 | 47,46 | 47,46 | 184,257 |   NaN | NaN | 0,00 | 0,00 | NaN
  29 |  0,00 | 2,956 | 544,25 | 544,25 | 580,44 |  0,00 | 0,157 | 44,35 | 44,35 |  0,00 | 0,158 | 226,21 | 226,21 |  0,00 | 4,799 | 226,22 | 226,22 |  0,00 | 67,601 | 47,46 | 47,46 | 171,788 |   NaN | NaN | 0,00 | 0,00 | NaN
  30 |  0,00 | 0,841 | 538,65 | 538,65 | 582,13 |  0,00 | 0,187 | 44,35 | 44,35 |  0,00 | 0,187 | 222,70 | 222,70 |  0,00 | 0,819 | 224,14 | 224,14 |  0,00 | 19,910 | 47,46 | 47,46 | 59,275 |   NaN | NaN | 0,00 | 0,00 | NaN
  31 |  0,00 | 3,389 | 540,54 | 540,54 | 576,59 |  0,00 | 0,154 | 44,35 | 44,35 |  0,00 | 0,152 | 226,21 | 226,21 |  0,00 | 4,316 | 222,52 | 222,52 |  0,00 | 89,039 | 47,46 | 47,46 | 185,410 |   NaN | NaN | 0,00 | 0,00 | NaN
  32 |  0,00 | 2,201 | 543,63 | 543,63 | 578,58 |  0,00 | 0,112 | 44,35 | 44,35 |  0,00 | 0,112 | 225,79 | 225,79 |  0,00 | 3,264 | 226,03 | 226,03 |  0,00 | 53,194 | 47,46 | 47,46 | 137,240 |   NaN | NaN | 0,00 | 0,00 | NaN
  33 |  0,00 | 1,031 | 539,74 | 539,74 | 578,99 |  0,00 | 0,176 | 44,35 | 44,35 |  0,00 | 0,173 | 224,45 | 224,45 |  0,00 | 1,188 | 223,48 | 223,48 |  0,00 | 24,384 | 47,46 | 47,46 | 80,610 |   NaN | NaN | 0,00 | 0,00 | NaN
  34 |  0,00 | 0,470 | 539,03 | 539,03 | 576,34 |  0,00 | 0,167 | 44,35 | 44,35 |  0,00 | 0,167 | 224,33 | 224,33 |  0,00 | 0,478 | 222,89 | 222,89 |  0,00 | 9,175 | 47,46 | 47,46 | 41,391 |   NaN | NaN | 0,00 | 0,00 | NaN
  35 |  0,00 | 0,404 | 545,18 | 545,18 | 580,37 |  0,00 | 0,117 | 44,35 | 44,35 |  0,00 | 0,116 | 226,98 | 226,98 |  0,00 | 0,482 | 226,38 | 226,38 |  0,00 | 8,031 | 47,46 | 47,46 | 37,050 |   NaN | NaN | 0,00 | 0,00 | NaN
  36 |  0,00 | 0,476 | 540,63 | 540,63 | 578,53 |  0,00 | 0,170 | 44,35 | 44,35 |  0,00 | 0,172 | 222,13 | 222,13 |  0,00 | 0,455 | 226,69 | 226,69 |  0,00 | 9,489 | 47,46 | 47,46 | 40,010 |   NaN | NaN | 0,00 | 0,00 | NaN
  37 |  0,00 | 2,191 | 545,44 | 545,44 | 581,40 |  0,00 | 0,152 | 44,35 | 44,35 |  0,00 | 0,153 | 228,20 | 228,20 |  0,00 | 3,264 | 225,44 | 225,44 |  0,00 | 51,878 | 47,46 | 47,46 | 135,176 |   NaN | NaN | 0,00 | 0,00 | NaN
  38 |  0,00 | 0,616 | 544,42 | 544,42 | 580,00 |  0,00 | 0,144 | 44,35 | 44,35 |  0,00 | 0,142 | 227,13 | 227,13 |  0,00 | 0,657 | 225,48 | 225,48 |  0,00 | 13,972 | 47,46 | 47,46 | 52,268 |   NaN | NaN | 0,00 | 0,00 | NaN
  39 |  0,00 | 1,294 | 534,06 | 534,06 | 577,41 |  0,00 | 0,187 | 44,35 | 44,35 |  0,00 | 0,187 | 222,02 | 222,02 |  0,00 | 1,601 | 220,23 | 220,23 |  0,00 | 30,531 | 47,46 | 47,46 | 93,623 |   NaN | NaN | 0,00 | 0,00 | NaN
  40 |  0,00 | 0,641 | 536,36 | 536,36 | 579,67 |  0,00 | 0,187 | 44,35 | 44,35 |  0,00 | 0,184 | 224,11 | 224,11 |  0,00 | 0,592 | 220,43 | 220,43 |  0,00 | 14,238 | 47,46 | 47,46 | 50,914 |   NaN | NaN | 0,00 | 0,00 | NaN
  41 |  0,00 | 3,727 | 544,81 | 544,81 | 582,86 |  0,00 | 0,170 | 44,35 | 44,35 |  0,00 | 0,171 | 223,74 | 223,74 |  0,00 | 6,126 | 229,26 | 229,26 |  0,00 | 84,733 | 47,46 | 47,46 | 194,703 |   NaN | NaN | 0,00 | 0,00 | NaN
  42 |  0,00 | 2,787 | 546,36 | 546,36 | 581,62 |  0,00 | 0,117 | 44,35 | 44,35 |  0,00 | 0,112 | 227,18 | 227,18 |  0,00 | 4,434 | 227,37 | 227,37 |  0,00 | 65,532 | 47,46 | 47,46 | 166,682 |   NaN | NaN | 0,00 | 0,00 | NaN
  43 |  0,00 | 1,369 | 547,26 | 547,26 | 589,20 |  0,00 | 0,194 | 44,35 | 44,35 |  0,00 | 0,192 | 228,38 | 228,38 |  0,00 | 1,674 | 227,08 | 227,08 |  0,00 | 32,812 | 47,46 | 47,46 | 98,651 |   NaN | NaN | 0,00 | 0,00 | NaN
  44 |  0,00 | 3,574 | 544,70 | 544,70 | 579,20 |  0,00 | 0,110 | 44,35 | 44,35 |  0,00 | 0,106 | 225,38 | 225,38 |  0,00 | 5,465 | 227,51 | 227,51 |  0,00 | 86,921 | 47,46 | 47,46 | 192,647 |   NaN | NaN | 0,00 | 0,00 | NaN
  45 |  0,00 | 3,157 | 540,93 | 540,93 | 585,86 |  0,00 | 0,191 | 44,35 | 44,35 |  0,00 | 0,190 | 227,49 | 227,49 |  0,00 | 5,275 | 221,62 | 221,62 |  0,00 | 70,744 | 47,46 | 47,46 | 176,833 |   NaN | NaN | 0,00 | 0,00 | NaN
  46 |  0,00 | 1,552 | 541,37 | 541,37 | 576,82 |  0,00 | 0,130 | 44,35 | 44,35 |  0,00 | 0,128 | 223,41 | 223,41 |  0,00 | 1,930 | 226,15 | 226,15 |  0,00 | 39,262 | 47,46 | 47,46 | 107,530 |   NaN | NaN | 0,00 | 0,00 | NaN
  47 |  0,00 | 3,320 | 539,54 | 539,54 | 575,00 |  0,00 | 0,128 | 44,35 | 44,35 |  0,00 | 0,128 | 224,32 | 224,32 |  0,00 | 4,307 | 223,40 | 223,40 |  0,00 | 86,905 | 47,46 | 47,46 | 174,136 |   NaN | NaN | 0,00 | 0,00 | NaN
  48 |  0,00 | 3,544 | 540,00 | 540,00 | 576,27 |  0,00 | 0,157 | 44,35 | 44,35 |  0,00 | 0,155 | 224,18 | 224,18 |  0,00 | 5,184 | 224,01 | 224,01 |  0,00 | 86,918 | 47,46 | 47,46 | 192,872 |   NaN | NaN | 0,00 | 0,00 | NaN
  49 |  0,00 | 3,396 | 539,34 | 539,34 | 577,16 |  0,00 | 0,170 | 44,35 | 44,35 |  0,00 | 0,166 | 224,36 | 224,36 |  0,00 | 4,547 | 223,17 | 223,17 |  0,00 | 86,607 | 47,46 | 47,46 | 176,476 |   NaN | NaN | 0,00 | 0,00 | NaN
  50 |  0,00 | 1,162 | 541,88 | 541,88 | 577,29 |  0,00 | 0,124 | 44,35 | 44,35 |  0,00 | 0,123 | 225,80 | 225,80 |  0,00 | 1,379 | 224,27 | 224,27 |  0,00 | 29,317 | 47,46 | 47,46 | 90,865 |   NaN | NaN | 0,00 | 0,00 | NaN
  51 |  0,00 | 3,453 | 541,88 | 541,88 | 577,28 |  0,00 | 0,122 | 44,35 | 44,35 |  0,00 | 0,120 | 224,24 | 224,24 |  0,00 | 5,719 | 225,83 | 225,83 |  0,00 | 79,513 | 47,46 | 47,46 | 185,879 |   NaN | NaN | 0,00 | 0,00 | NaN
  52 |  0,00 | 3,308 | 542,68 | 542,68 | 578,56 |  0,00 | 0,148 | 44,35 | 44,35 |  0,00 | 0,146 | 222,36 | 222,36 |  0,00 | 5,333 | 228,51 | 228,51 |  0,00 | 76,131 | 47,46 | 47,46 | 183,637 |   NaN | NaN | 0,00 | 0,00 | NaN
  53 |  0,00 | 2,015 | 542,27 | 542,27 | 577,80 |  0,00 | 0,136 | 44,35 | 44,35 |  0,00 | 0,135 | 226,31 | 226,31 |  0,00 | 2,788 | 224,15 | 224,15 |  0,00 | 49,670 | 47,46 | 47,46 | 128,556 |   NaN | NaN | 0,00 | 0,00 | NaN
  54 |  0,00 | 3,102 | 537,66 | 537,66 | 573,22 |  0,00 | 0,138 | 44,35 | 44,35 |  0,00 | 0,139 | 224,55 | 224,55 |  0,00 | 4,971 | 221,29 | 221,29 |  0,00 | 72,438 | 47,46 | 47,46 | 178,998 |   NaN | NaN | 0,00 | 0,00 | NaN
  55 |  0,00 | 0,571 | 537,98 | 537,98 | 573,34 |  0,00 | 0,124 | 44,35 | 44,35 |  0,00 | 0,122 | 222,54 | 222,54 |  0,00 | 0,628 | 223,63 | 223,63 |  0,00 | 13,001 | 47,46 | 47,46 | 50,594 |   NaN | NaN | 0,00 | 0,00 | NaN
  56 |  0,00 | 3,493 | 537,57 | 537,57 | 573,04 |  0,00 | 0,129 | 44,35 | 44,35 |  0,00 | 0,127 | 223,07 | 223,07 |  0,00 | 5,242 | 222,69 | 222,69 |  0,00 | 85,212 | 47,46 | 47,46 | 190,963 |   NaN | NaN | 0,00 | 0,00 | NaN
  57 |  0,00 | 3,598 | 540,29 | 540,29 | 575,74 |  0,00 | 0,126 | 44,35 | 44,35 |  0,00 | 0,128 | 223,57 | 223,57 |  0,00 | 5,060 | 224,90 | 224,90 |  0,00 | 90,873 | 47,46 | 47,46 | 187,515 |   NaN | NaN | 0,00 | 0,00 | NaN
  58 |  0,00 | 3,753 | 543,67 | 543,67 | 579,72 |  0,00 | 0,155 | 44,35 | 44,35 |  0,00 | 0,155 | 226,92 | 226,92 |  0,00 | 5,694 | 224,94 | 224,94 |  0,00 | 90,883 | 47,46 | 47,46 | 190,870 |   NaN | NaN | 0,00 | 0,00 | NaN
  59 |  0,00 | 0,524 | 545,03 | 545,03 | 583,81 |  0,00 | 0,174 | 44,35 | 44,35 |  0,00 | 0,174 | 223,93 | 223,93 |  0,00 | 0,463 | 229,29 | 229,29 |  0,00 | 11,205 | 47,46 | 47,46 | 41,834 |   NaN | NaN | 0,00 | 0,00 | NaN
  60 |  0,00 | 3,374 | 540,95 | 540,95 | 575,71 |  0,00 | 0,111 | 44,35 | 44,35 |  0,00 | 0,110 | 225,13 | 225,13 |  0,00 | 5,075 | 224,01 | 224,01 |  0,00 | 82,774 | 47,46 | 47,46 | 192,486 |   NaN | NaN | 0,00 | 0,00 | NaN
  61 |  0,00 | 1,828 | 544,14 | 544,14 | 579,72 |  0,00 | 0,131 | 44,35 | 44,35 |  0,00 | 0,129 | 226,02 | 226,02 |  0,00 | 2,420 | 226,32 | 226,32 |  0,00 | 45,705 | 47,46 | 47,46 | 119,785 |   NaN | NaN | 0,00 | 0,00 | NaN
  62 |  0,00 | 3,645 | 543,76 | 543,76 | 589,55 |  0,00 | 0,193 | 44,35 | 44,35 |  0,00 | 0,194 | 225,17 | 225,17 |  0,00 | 5,373 | 226,78 | 226,78 |  0,00 | 88,093 | 47,46 | 47,46 | 195,388 |   NaN | NaN | 0,00 | 0,00 | NaN
  63 |  0,00 | 0,732 | 541,65 | 541,65 | 577,37 |  0,00 | 0,148 | 44,35 | 44,35 |  0,00 | 0,150 | 226,07 | 226,07 |  0,00 | 0,683 | 223,77 | 223,77 |  0,00 | 18,096 | 47,46 | 47,46 | 55,762 |   NaN | NaN | 0,00 | 0,00 | NaN
  64 |  0,00 | 3,090 | 537,22 | 537,22 | 582,65 |  0,00 | 0,191 | 44,35 | 44,35 |  0,00 | 0,194 | 222,60 | 222,60 |  0,00 | 4,822 | 222,81 | 222,81 |  0,00 | 71,411 | 47,46 | 47,46 | 178,516 |   NaN | NaN | 0,00 | 0,00 | NaN

= = = = = = = = = = = = AVERAGE RESULTS system = = = = = = = = = = = =
meanPLR_system | 0,000000 
meanDelay_system | 1,611702 
meanLoad_system | 541,482841 
meanTHR_system | 541,482841 
meanGate_system | 579,275572 

meanPLR_EF_system | 0,000000 
meanPLR_AF_system | 0,000000 
meanPLR_BE_system | 0,000000 
meanPLR_FLA_system | 0,000000 
meanPLR_FLB_system | NaN 

meanTHR_EF_system | 44,352004 
meanTHR_AF_system | 225,001472 
meanTHR_BE_system | 224,670205 
meanTHR_FLA_system | 48,364840 
meanTHR_FLB_system | 0,000000 

meanLoad_EF_system | 44,352004 
meanLoad_AF_system | 225,001472 
meanLoad_BE_system | 224,670205 
meanLoad_FLA_system | 48,364840 
meanLoad_FLB_system | 0,000000 

meanDELAY_EF_system | 0,153228 
meanDELAY_AF_system | 0,152218 
meanDELAY_BE_system | 2,239793 
meanDELAY_FLA_system | 38,244118 
meanDELAY_FLB_system | NaN 
meanDELAY_CompleteFLA_system | 99,046997 
meanDELAY_CompleteFLB_system | NaN 

= = = = = = = = = = = = AVERAGE RESULTS = = = = = = = = = = = =
Packet Loss Ratio: 00,00 (%)
PROCESSED PACKAGES: 1576610755 
DISCARTED PACKAGES: 0 
TOTAL PACKAGES: 1576610755 
AVERAGE DELAY: 247,81 (ms) 
AVERAGE THROUGHPUT: 541,48 (Mbps) 
GRANTED THROUGHPUT: 37073,64 (Mbps) By 64 ONUs
EFFECTIVE THROUGHPUT: 34654,90 (Mbps) By 64 ONUs
TOTAL LOAD: 34654,90 (Mbps) By 64 ONUs
ON Arrival THROUGHPUT: 0,00 (Mbps) By 64 ONUs
FINISHTIMEFL: 157,205111 
FINISHTIME: 160,205111 


fileName | IPACT_STRICTPRIORITYFIRSTAF_3_36_60_0 
