
ONU ID 	|  PLR(%) | Delay(ms) | Throughput(Mbps) | Granted Throughput(Mbps) | Total Load (Mbps) 

  ID |  PLR(%) |  D  | Thr |  Gates  |  Load  | PLR-EF | D-EF | ThrEF | LoadEF | PLR-AF | D-AF | ThrAF | LoadAF | PLR-BE | D-BE | ThrBE | LoadBE | PLR-FA | D-FA | ThrFA | LoadFA | DTFA |  PLR-FB | D-FB | ThrFB | LoadFB | DTFB | 
   1 |  0,00 | 0,561 | 605,62 | 605,62 | 640,49 |  0,00 | 0,216 | 44,35 | 44,35 |  0,00 | 0,213 | 266,07 | 266,07 |  0,00 | 0,525 | 259,14 | 259,14 |  0,00 | 14,991 | 36,06 | 36,06 | 51,806 |   NaN | NaN | 0,00 | 0,00 | NaN
   2 |  0,00 | 0,816 | 607,92 | 607,92 | 647,01 |  0,00 | 0,228 | 44,35 | 44,35 |  0,00 | 0,225 | 265,95 | 265,95 |  0,00 | 0,752 | 261,55 | 261,55 |  0,00 | 25,434 | 36,06 | 36,06 | 72,211 |   NaN | NaN | 0,00 | 0,00 | NaN
   3 |  0,00 | 0,556 | 603,13 | 603,13 | 635,04 |  0,00 | 0,165 | 44,35 | 44,35 |  0,00 | 0,170 | 261,81 | 261,81 |  0,00 | 0,609 | 260,90 | 260,90 |  0,00 | 15,423 | 36,06 | 36,06 | 51,386 |   NaN | NaN | 0,00 | 0,00 | NaN
   4 |  0,00 | 0,512 | 609,57 | 609,57 | 641,53 |  0,00 | 0,170 | 44,35 | 44,35 |  0,00 | 0,168 | 266,19 | 266,19 |  0,00 | 0,562 | 262,96 | 262,96 |  0,00 | 13,624 | 36,06 | 36,06 | 48,239 |   NaN | NaN | 0,00 | 0,00 | NaN
   5 |  0,00 | 0,538 | 604,36 | 604,36 | 636,79 |  0,00 | 0,196 | 44,35 | 44,35 |  0,00 | 0,191 | 262,27 | 262,27 |  0,00 | 0,559 | 261,67 | 261,67 |  0,00 | 14,020 | 36,06 | 36,06 | 50,027 |   NaN | NaN | 0,00 | 0,00 | NaN
   6 |  0,00 | 0,510 | 607,85 | 607,85 | 639,37 |  0,00 | 0,145 | 44,35 | 44,35 |  0,00 | 0,146 | 264,07 | 264,07 |  0,00 | 0,596 | 263,36 | 263,36 |  0,00 | 13,991 | 36,06 | 36,06 | 49,089 |   NaN | NaN | 0,00 | 0,00 | NaN
   7 |  0,00 | 0,619 | 607,08 | 607,08 | 638,96 |  0,00 | 0,163 | 44,35 | 44,35 |  0,00 | 0,166 | 264,13 | 264,13 |  0,00 | 0,676 | 262,53 | 262,53 |  0,00 | 18,087 | 36,06 | 36,06 | 58,036 |   NaN | NaN | 0,00 | 0,00 | NaN
   8 |  0,00 | 0,596 | 606,30 | 606,30 | 640,45 |  0,00 | 0,213 | 44,35 | 44,35 |  0,00 | 0,207 | 261,77 | 261,77 |  0,00 | 0,575 | 264,11 | 264,11 |  0,00 | 16,311 | 36,06 | 36,06 | 54,242 |   NaN | NaN | 0,00 | 0,00 | NaN
   9 |  0,00 | 0,487 | 608,21 | 608,21 | 640,04 |  0,00 | 0,153 | 44,35 | 44,35 |  0,00 | 0,153 | 263,49 | 263,49 |  0,00 | 0,560 | 264,31 | 264,31 |  0,00 | 12,899 | 36,06 | 36,06 | 47,057 |   NaN | NaN | 0,00 | 0,00 | NaN
  10 |  0,00 | 0,583 | 604,82 | 604,82 | 639,10 |  0,00 | 0,213 | 44,35 | 44,35 |  0,00 | 0,215 | 262,71 | 262,71 |  0,00 | 0,550 | 261,69 | 261,69 |  0,00 | 15,821 | 36,06 | 36,06 | 51,860 |   NaN | NaN | 0,00 | 0,00 | NaN
  11 |  0,00 | 2,984 | 603,02 | 603,02 | 634,90 |  0,00 | 0,153 | 44,35 | 44,35 |  0,00 | 0,157 | 259,51 | 259,51 |  0,00 | 5,709 | 263,09 | 263,09 |  0,00 | 78,452 | 36,06 | 36,06 | 193,496 |   NaN | NaN | 0,00 | 0,00 | NaN
  12 |  0,00 | 0,528 | 605,78 | 605,78 | 640,53 |  0,00 | 0,215 | 44,35 | 44,35 |  0,00 | 0,214 | 262,70 | 262,70 |  0,00 | 0,510 | 262,67 | 262,67 |  0,00 | 13,344 | 36,06 | 36,06 | 47,728 |   NaN | NaN | 0,00 | 0,00 | NaN
  13 |  0,00 | 0,787 | 600,25 | 600,25 | 632,30 |  0,00 | 0,180 | 44,35 | 44,35 |  0,00 | 0,179 | 261,16 | 261,16 |  0,00 | 0,821 | 258,67 | 258,67 |  0,00 | 24,642 | 36,06 | 36,06 | 70,294 |   NaN | NaN | 0,00 | 0,00 | NaN
  14 |  0,00 | 0,575 | 606,93 | 606,93 | 643,32 |  0,00 | 0,221 | 44,35 | 44,35 |  0,00 | 0,218 | 263,36 | 263,36 |  0,00 | 0,517 | 263,15 | 263,15 |  0,00 | 15,609 | 36,06 | 36,06 | 50,837 |   NaN | NaN | 0,00 | 0,00 | NaN
  15 |  0,00 | 0,583 | 603,28 | 603,28 | 638,07 |  0,00 | 0,215 | 44,35 | 44,35 |  0,00 | 0,213 | 258,42 | 258,42 |  0,00 | 0,551 | 264,44 | 264,44 |  0,00 | 15,708 | 36,06 | 36,06 | 53,469 |   NaN | NaN | 0,00 | 0,00 | NaN
  16 |  0,00 | 0,528 | 612,01 | 612,01 | 645,16 |  0,00 | 0,206 | 44,35 | 44,35 |  0,00 | 0,208 | 263,64 | 263,64 |  0,00 | 0,530 | 267,96 | 267,96 |  0,00 | 13,372 | 36,06 | 36,06 | 47,927 |   NaN | NaN | 0,00 | 0,00 | NaN
  17 |  0,00 | 0,525 | 607,91 | 607,91 | 643,75 |  0,00 | 0,219 | 44,35 | 44,35 |  0,00 | 0,222 | 264,63 | 264,63 |  0,00 | 0,493 | 262,86 | 262,86 |  0,00 | 13,210 | 36,06 | 36,06 | 47,448 |   NaN | NaN | 0,00 | 0,00 | NaN
  18 |  0,00 | 0,751 | 602,97 | 602,97 | 635,37 |  0,00 | 0,196 | 44,35 | 44,35 |  0,00 | 0,194 | 261,18 | 261,18 |  0,00 | 0,750 | 261,37 | 261,37 |  0,00 | 22,994 | 36,06 | 36,06 | 63,457 |   NaN | NaN | 0,00 | 0,00 | NaN
  19 |  0,00 | 0,610 | 598,52 | 598,52 | 630,66 |  0,00 | 0,187 | 44,35 | 44,35 |  0,00 | 0,184 | 258,34 | 258,34 |  0,00 | 0,582 | 259,77 | 259,77 |  0,00 | 17,870 | 36,06 | 36,06 | 52,432 |   NaN | NaN | 0,00 | 0,00 | NaN
  20 |  0,00 | 1,935 | 601,84 | 601,84 | 633,92 |  0,00 | 0,183 | 44,35 | 44,35 |  0,00 | 0,180 | 263,10 | 263,10 |  0,00 | 3,119 | 258,33 | 258,33 |  0,00 | 56,278 | 36,06 | 36,06 | 146,612 |   NaN | NaN | 0,00 | 0,00 | NaN
  21 |  0,00 | 0,524 | 596,60 | 596,60 | 628,67 |  0,00 | 0,187 | 44,35 | 44,35 |  0,00 | 0,185 | 258,97 | 258,97 |  0,00 | 0,552 | 257,22 | 257,22 |  0,00 | 13,591 | 36,06 | 36,06 | 48,379 |   NaN | NaN | 0,00 | 0,00 | NaN
  22 |  0,00 | 0,518 | 609,58 | 609,58 | 647,58 |  0,00 | 0,226 | 44,35 | 44,35 |  0,00 | 0,224 | 267,58 | 267,58 |  0,00 | 0,485 | 261,59 | 261,59 |  0,00 | 12,788 | 36,06 | 36,06 | 46,785 |   NaN | NaN | 0,00 | 0,00 | NaN
  23 |  0,00 | 4,048 | 605,47 | 605,47 | 638,76 |  0,00 | 0,207 | 44,35 | 44,35 |  0,00 | 0,209 | 262,56 | 262,56 |  0,00 | 6,915 | 262,49 | 262,49 |  0,00 | 118,592 | 36,06 | 36,06 | 244,946 |   NaN | NaN | 0,00 | 0,00 | NaN
  24 |  0,00 | 0,744 | 608,44 | 608,44 | 640,41 |  0,00 | 0,169 | 44,35 | 44,35 |  0,00 | 0,166 | 262,59 | 262,59 |  0,00 | 0,774 | 265,43 | 265,43 |  0,00 | 23,381 | 36,06 | 36,06 | 67,883 |   NaN | NaN | 0,00 | 0,00 | NaN
  25 |  0,00 | 0,526 | 609,74 | 609,74 | 648,34 |  0,00 | 0,227 | 44,35 | 44,35 |  0,00 | 0,226 | 261,99 | 261,99 |  0,00 | 0,475 | 267,33 | 267,33 |  0,00 | 13,235 | 36,06 | 36,06 | 47,881 |   NaN | NaN | 0,00 | 0,00 | NaN
  26 |  0,00 | 0,647 | 603,28 | 603,28 | 640,43 |  0,00 | 0,223 | 44,35 | 44,35 |  0,00 | 0,225 | 262,10 | 262,10 |  0,00 | 0,580 | 260,76 | 260,76 |  0,00 | 18,496 | 36,06 | 36,06 | 56,402 |   NaN | NaN | 0,00 | 0,00 | NaN
  27 |  0,00 | 0,678 | 603,40 | 603,40 | 635,15 |  0,00 | 0,150 | 44,35 | 44,35 |  0,00 | 0,150 | 263,73 | 263,73 |  0,00 | 0,776 | 259,26 | 259,26 |  0,00 | 20,528 | 36,06 | 36,06 | 65,136 |   NaN | NaN | 0,00 | 0,00 | NaN
  28 |  0,00 | 3,907 | 600,22 | 600,22 | 635,11 |  0,00 | 0,216 | 44,35 | 44,35 |  0,00 | 0,211 | 262,66 | 262,66 |  0,00 | 6,638 | 257,14 | 257,14 |  0,00 | 115,172 | 36,06 | 36,06 | 240,779 |   NaN | NaN | 0,00 | 0,00 | NaN
  29 |  0,00 | 3,425 | 607,11 | 607,11 | 639,48 |  0,00 | 0,195 | 44,35 | 44,35 |  0,00 | 0,192 | 263,26 | 263,26 |  0,00 | 6,287 | 263,43 | 263,43 |  0,00 | 93,642 | 36,06 | 36,06 | 225,166 |   NaN | NaN | 0,00 | 0,00 | NaN
  30 |  0,00 | 0,883 | 603,47 | 603,47 | 641,63 |  0,00 | 0,225 | 44,35 | 44,35 |  0,00 | 0,225 | 260,97 | 260,97 |  0,00 | 0,837 | 262,08 | 262,08 |  0,00 | 27,799 | 36,06 | 36,06 | 73,918 |   NaN | NaN | 0,00 | 0,00 | NaN
  31 |  0,00 | 4,144 | 603,38 | 603,38 | 635,63 |  0,00 | 0,192 | 44,35 | 44,35 |  0,00 | 0,194 | 263,30 | 263,30 |  0,00 | 7,295 | 259,67 | 259,67 |  0,00 | 119,823 | 36,06 | 36,06 | 249,098 |   NaN | NaN | 0,00 | 0,00 | NaN
  32 |  0,00 | 2,941 | 607,29 | 607,29 | 639,08 |  0,00 | 0,149 | 44,35 | 44,35 |  0,00 | 0,152 | 262,93 | 262,93 |  0,00 | 5,709 | 263,94 | 263,94 |  0,00 | 76,642 | 36,06 | 36,06 | 186,688 |   NaN | NaN | 0,00 | 0,00 | NaN
  33 |  0,00 | 1,405 | 603,42 | 603,42 | 637,93 |  0,00 | 0,214 | 44,35 | 44,35 |  0,00 | 0,216 | 261,16 | 261,16 |  0,00 | 2,094 | 261,85 | 261,85 |  0,00 | 39,558 | 36,06 | 36,06 | 113,179 |   NaN | NaN | 0,00 | 0,00 | NaN
  34 |  0,00 | 0,589 | 603,20 | 603,20 | 636,24 |  0,00 | 0,206 | 44,35 | 44,35 |  0,00 | 0,205 | 262,21 | 262,21 |  0,00 | 0,610 | 260,58 | 260,58 |  0,00 | 15,654 | 36,06 | 36,06 | 55,153 |   NaN | NaN | 0,00 | 0,00 | NaN
  35 |  0,00 | 0,487 | 609,91 | 609,91 | 641,78 |  0,00 | 0,155 | 44,35 | 44,35 |  0,00 | 0,153 | 264,48 | 264,48 |  0,00 | 0,552 | 265,01 | 265,01 |  0,00 | 12,945 | 36,06 | 36,06 | 47,145 |   NaN | NaN | 0,00 | 0,00 | NaN
  36 |  0,00 | 0,612 | 604,04 | 604,04 | 637,43 |  0,00 | 0,208 | 44,35 | 44,35 |  0,00 | 0,207 | 259,46 | 259,46 |  0,00 | 0,575 | 264,17 | 264,17 |  0,00 | 17,298 | 36,06 | 36,06 | 55,126 |   NaN | NaN | 0,00 | 0,00 | NaN
  37 |  0,00 | 2,598 | 609,57 | 609,57 | 641,80 |  0,00 | 0,191 | 44,35 | 44,35 |  0,00 | 0,188 | 266,18 | 266,18 |  0,00 | 4,544 | 262,98 | 262,98 |  0,00 | 72,842 | 36,06 | 36,06 | 179,321 |   NaN | NaN | 0,00 | 0,00 | NaN
  38 |  0,00 | 0,773 | 608,06 | 608,06 | 640,13 |  0,00 | 0,182 | 44,35 | 44,35 |  0,00 | 0,179 | 263,90 | 263,90 |  0,00 | 0,849 | 263,75 | 263,75 |  0,00 | 23,463 | 36,06 | 36,06 | 73,609 |   NaN | NaN | 0,00 | 0,00 | NaN
  39 |  0,00 | 1,560 | 596,68 | 596,68 | 634,76 |  0,00 | 0,225 | 44,35 | 44,35 |  0,00 | 0,222 | 259,15 | 259,15 |  0,00 | 2,223 | 257,12 | 257,12 |  0,00 | 45,925 | 36,06 | 36,06 | 126,305 |   NaN | NaN | 0,00 | 0,00 | NaN
  40 |  0,00 | 0,759 | 600,20 | 600,20 | 638,25 |  0,00 | 0,225 | 44,35 | 44,35 |  0,00 | 0,222 | 262,63 | 262,63 |  0,00 | 0,697 | 257,15 | 257,15 |  0,00 | 22,999 | 36,06 | 36,06 | 67,319 |   NaN | NaN | 0,00 | 0,00 | NaN
  41 |  0,00 | 4,474 | 608,08 | 608,08 | 641,63 |  0,00 | 0,208 | 44,35 | 44,35 |  0,00 | 0,215 | 260,04 | 260,04 |  0,00 | 8,830 | 267,62 | 267,62 |  0,00 | 113,866 | 36,06 | 36,06 | 256,218 |   NaN | NaN | 0,00 | 0,00 | NaN
  42 |  0,00 | 3,428 | 610,12 | 610,12 | 642,05 |  0,00 | 0,154 | 44,35 | 44,35 |  0,00 | 0,150 | 264,53 | 264,53 |  0,00 | 6,461 | 265,18 | 265,18 |  0,00 | 92,974 | 36,06 | 36,06 | 221,804 |   NaN | NaN | 0,00 | 0,00 | NaN
  43 |  0,00 | 1,556 | 613,12 | 613,12 | 650,50 |  0,00 | 0,233 | 44,35 | 44,35 |  0,00 | 0,232 | 266,90 | 266,90 |  0,00 | 2,346 | 265,81 | 265,81 |  0,00 | 43,920 | 36,06 | 36,06 | 123,835 |   NaN | NaN | 0,00 | 0,00 | NaN
  44 |  0,00 | 4,236 | 607,83 | 607,83 | 639,51 |  0,00 | 0,146 | 44,35 | 44,35 |  0,00 | 0,150 | 262,04 | 262,04 |  0,00 | 7,634 | 265,38 | 265,38 |  0,00 | 120,880 | 36,06 | 36,06 | 258,995 |   NaN | NaN | 0,00 | 0,00 | NaN
  45 |  0,00 | 3,931 | 603,84 | 603,84 | 643,50 |  0,00 | 0,229 | 44,35 | 44,35 |  0,00 | 0,231 | 265,05 | 265,05 |  0,00 | 7,612 | 258,37 | 258,37 |  0,00 | 103,034 | 36,06 | 36,06 | 240,646 |   NaN | NaN | 0,00 | 0,00 | NaN
  46 |  0,00 | 1,984 | 604,82 | 604,82 | 636,80 |  0,00 | 0,168 | 44,35 | 44,35 |  0,00 | 0,165 | 260,66 | 260,66 |  0,00 | 3,181 | 263,74 | 263,74 |  0,00 | 58,094 | 36,06 | 36,06 | 149,246 |   NaN | NaN | 0,00 | 0,00 | NaN
  47 |  0,00 | 3,875 | 603,54 | 603,54 | 635,48 |  0,00 | 0,166 | 44,35 | 44,35 |  0,00 | 0,164 | 263,55 | 263,55 |  0,00 | 6,587 | 259,58 | 259,58 |  0,00 | 115,960 | 36,06 | 36,06 | 236,099 |   NaN | NaN | 0,00 | 0,00 | NaN
  48 |  0,00 | 4,210 | 602,84 | 602,84 | 635,26 |  0,00 | 0,196 | 44,35 | 44,35 |  0,00 | 0,193 | 260,91 | 260,91 |  0,00 | 7,949 | 261,52 | 261,52 |  0,00 | 113,711 | 36,06 | 36,06 | 245,648 |   NaN | NaN | 0,00 | 0,00 | NaN
  49 |  0,00 | 3,938 | 603,50 | 603,50 | 636,88 |  0,00 | 0,208 | 44,35 | 44,35 |  0,00 | 0,206 | 262,98 | 262,98 |  0,00 | 6,529 | 260,10 | 260,10 |  0,00 | 118,336 | 36,06 | 36,06 | 239,940 |   NaN | NaN | 0,00 | 0,00 | NaN
  50 |  0,00 | 1,873 | 607,29 | 607,29 | 639,26 |  0,00 | 0,163 | 44,35 | 44,35 |  0,00 | 0,163 | 264,93 | 264,93 |  0,00 | 3,148 | 261,95 | 261,95 |  0,00 | 53,200 | 36,06 | 36,06 | 142,689 |   NaN | NaN | 0,00 | 0,00 | NaN
  51 |  0,00 | 4,213 | 605,90 | 605,90 | 637,85 |  0,00 | 0,160 | 44,35 | 44,35 |  0,00 | 0,162 | 262,01 | 262,01 |  0,00 | 8,088 | 263,48 | 263,48 |  0,00 | 113,108 | 36,06 | 36,06 | 249,336 |   NaN | NaN | 0,00 | 0,00 | NaN
  52 |  0,00 | 3,755 | 605,48 | 605,48 | 637,70 |  0,00 | 0,187 | 44,35 | 44,35 |  0,00 | 0,188 | 259,40 | 259,40 |  0,00 | 7,010 | 265,67 | 265,67 |  0,00 | 100,958 | 36,06 | 36,06 | 236,470 |   NaN | NaN | 0,00 | 0,00 | NaN
  53 |  0,00 | 2,528 | 606,22 | 606,22 | 638,21 |  0,00 | 0,174 | 44,35 | 44,35 |  0,00 | 0,174 | 264,15 | 264,15 |  0,00 | 4,398 | 261,65 | 261,65 |  0,00 | 71,502 | 36,06 | 36,06 | 177,809 |   NaN | NaN | 0,00 | 0,00 | NaN
  54 |  0,00 | 3,576 | 601,43 | 601,43 | 633,49 |  0,00 | 0,177 | 44,35 | 44,35 |  0,00 | 0,181 | 262,71 | 262,71 |  0,00 | 6,653 | 258,31 | 258,31 |  0,00 | 98,240 | 36,06 | 36,06 | 234,239 |   NaN | NaN | 0,00 | 0,00 | NaN
  55 |  0,00 | 0,743 | 602,18 | 602,18 | 634,08 |  0,00 | 0,162 | 44,35 | 44,35 |  0,00 | 0,161 | 259,60 | 259,60 |  0,00 | 0,888 | 262,16 | 262,16 |  0,00 | 21,986 | 36,06 | 36,06 | 69,734 |   NaN | NaN | 0,00 | 0,00 | NaN
  56 |  0,00 | 4,221 | 601,71 | 601,71 | 633,67 |  0,00 | 0,167 | 44,35 | 44,35 |  0,00 | 0,169 | 260,35 | 260,35 |  0,00 | 7,978 | 260,94 | 260,94 |  0,00 | 114,940 | 36,06 | 36,06 | 252,820 |   NaN | NaN | 0,00 | 0,00 | NaN
  57 |  0,00 | 4,089 | 604,78 | 604,78 | 636,75 |  0,00 | 0,164 | 44,35 | 44,35 |  0,00 | 0,163 | 261,74 | 261,74 |  0,00 | 7,249 | 262,63 | 262,63 |  0,00 | 117,859 | 36,06 | 36,06 | 244,414 |   NaN | NaN | 0,00 | 0,00 | NaN
  58 |  0,00 | 4,074 | 605,81 | 605,81 | 638,12 |  0,00 | 0,193 | 44,35 | 44,35 |  0,00 | 0,192 | 262,87 | 262,87 |  0,00 | 7,111 | 262,53 | 262,53 |  0,00 | 117,996 | 36,06 | 36,06 | 247,880 |   NaN | NaN | 0,00 | 0,00 | NaN
  59 |  0,00 | 0,650 | 609,31 | 609,31 | 643,35 |  0,00 | 0,212 | 44,35 | 44,35 |  0,00 | 0,208 | 262,14 | 262,14 |  0,00 | 0,603 | 266,76 | 266,76 |  0,00 | 18,904 | 36,06 | 36,06 | 57,360 |   NaN | NaN | 0,00 | 0,00 | NaN
  60 |  0,00 | 4,159 | 604,96 | 604,96 | 636,66 |  0,00 | 0,148 | 44,35 | 44,35 |  0,00 | 0,149 | 262,23 | 262,23 |  0,00 | 7,829 | 262,31 | 262,31 |  0,00 | 114,542 | 36,06 | 36,06 | 254,045 |   NaN | NaN | 0,00 | 0,00 | NaN
  61 |  0,00 | 2,305 | 608,80 | 608,80 | 640,83 |  0,00 | 0,169 | 44,35 | 44,35 |  0,00 | 0,167 | 264,22 | 264,22 |  0,00 | 3,792 | 264,17 | 264,17 |  0,00 | 67,594 | 36,06 | 36,06 | 166,622 |   NaN | NaN | 0,00 | 0,00 | NaN
  62 |  0,00 | 4,162 | 608,52 | 608,52 | 648,77 |  0,00 | 0,231 | 44,35 | 44,35 |  0,00 | 0,229 | 264,34 | 264,34 |  0,00 | 7,560 | 263,76 | 263,76 |  0,00 | 115,269 | 36,06 | 36,06 | 250,494 |   NaN | NaN | 0,00 | 0,00 | NaN
  63 |  0,00 | 0,968 | 606,05 | 606,05 | 638,13 |  0,00 | 0,186 | 44,35 | 44,35 |  0,00 | 0,186 | 264,12 | 264,12 |  0,00 | 1,051 | 261,52 | 261,52 |  0,00 | 31,236 | 36,06 | 36,06 | 83,828 |   NaN | NaN | 0,00 | 0,00 | NaN
  64 |  0,00 | 3,891 | 602,39 | 602,39 | 642,32 |  0,00 | 0,229 | 44,35 | 44,35 |  0,00 | 0,229 | 261,74 | 261,74 |  0,00 | 7,783 | 260,24 | 260,24 |  0,00 | 97,523 | 36,06 | 36,06 | 231,234 |   NaN | NaN | 0,00 | 0,00 | NaN

= = = = = = = = = = = = AVERAGE RESULTS system = = = = = = = = = = = =
meanPLR_system | 0,000000 
meanDelay_system | 1,940481 
meanLoad_system | 605,296353 
meanTHR_system | 605,296353 
meanGate_system | 639,002819 

meanPLR_EF_system | 0,000000 
meanPLR_AF_system | 0,000000 
meanPLR_BE_system | 0,000000 
meanPLR_FLA_system | 0,000000 
meanPLR_FLB_system | NaN 

meanTHR_EF_system | 44,352003 
meanTHR_AF_system | 262,648780 
meanTHR_BE_system | 262,232541 
meanTHR_FLA_system | 36,689513 
meanTHR_FLB_system | 0,000000 

meanLoad_EF_system | 44,352003 
meanLoad_AF_system | 262,648780 
meanLoad_BE_system | 262,232541 
meanLoad_FLA_system | 36,689513 
meanLoad_FLB_system | 0,000000 

meanDELAY_EF_system | 0,191245 
meanDELAY_AF_system | 0,190631 
meanDELAY_BE_system | 3,238830 
meanDELAY_FLA_system | 54,251371 
meanDELAY_FLB_system | NaN 
meanDELAY_CompleteFLA_system | 132,019964 
meanDELAY_CompleteFLB_system | NaN 

= = = = = = = = = = = = AVERAGE RESULTS = = = = = = = = = = = =
Packet Loss Ratio: 00,00 (%)
PROCESSED PACKAGES: 1851156187 
DISCARTED PACKAGES: 0 
TOTAL PACKAGES: 1851156187 
AVERAGE DELAY: 319,40 (ms) 
AVERAGE THROUGHPUT: 605,30 (Mbps) 
GRANTED THROUGHPUT: 40896,18 (Mbps) By 64 ONUs
EFFECTIVE THROUGHPUT: 38738,97 (Mbps) By 64 ONUs
TOTAL LOAD: 38738,97 (Mbps) By 64 ONUs
ON Arrival THROUGHPUT: 0,00 (Mbps) By 64 ONUs
FINISHTIMEFL: 172,692399 
FINISHTIME: 175,692399 


fileName | IPACT_STRICTPRIORITYFIRSTAF_4_30_70_0 
