
ONU ID 	|  PLR(%) | Delay(ms) | Throughput(Mbps) | Granted Throughput(Mbps) | Total Load (Mbps) 

  ID |  PLR(%) |  D  | Thr |  Gates  |  Load  | PLR-EF | D-EF | ThrEF | LoadEF | PLR-AF | D-AF | ThrAF | LoadAF | PLR-BE | D-BE | ThrBE | LoadBE | PLR-FA | D-FA | ThrFA | LoadFA | DTFA |  PLR-FB | D-FB | ThrFB | LoadFB | DTFB | 
   1 |  3,64 | 259,452 | 754,06 | 782,58 | 758,94 |  0,00 | 1,404 | 44,35 | 44,35 |  0,00 | 26,988 | 343,51 | 343,51 |  8,59 | 964,507 | 303,42 | 331,94 |  0,00 | 139,101 | 62,79 | 62,79 | 298,327 |   NaN | NaN | 0,00 | 0,00 | NaN
   2 |  3,79 | 246,796 | 753,42 | 783,10 | 758,32 |  0,00 | 1,416 | 44,35 | 44,35 |  0,00 | 29,589 | 337,90 | 337,90 |  8,78 | 897,499 | 308,39 | 338,06 |  0,00 | 139,042 | 62,79 | 62,79 | 298,259 |   NaN | NaN | 0,00 | 0,00 | NaN
   3 |  3,94 | 244,652 | 752,44 | 783,30 | 757,29 |  0,00 | 1,352 | 44,35 | 44,35 |  0,00 | 26,485 | 338,64 | 338,64 |  9,14 | 896,907 | 306,67 | 337,52 |  0,00 | 138,906 | 62,79 | 62,79 | 298,134 |   NaN | NaN | 0,00 | 0,00 | NaN
   4 |  4,45 | 267,558 | 754,40 | 789,55 | 759,26 |  0,00 | 1,358 | 44,35 | 44,35 |  0,00 | 29,314 | 344,29 | 344,29 | 10,40 | 994,900 | 302,98 | 338,12 |  0,00 | 138,970 | 62,79 | 62,79 | 298,207 |   NaN | NaN | 0,00 | 0,00 | NaN
   5 |  3,53 | 246,276 | 752,50 | 780,04 | 757,35 |  0,00 | 1,384 | 44,35 | 44,35 |  0,00 | 32,265 | 337,45 | 337,45 |  8,21 | 893,007 | 307,92 | 335,45 |  0,00 | 139,052 | 62,79 | 62,79 | 298,252 |   NaN | NaN | 0,00 | 0,00 | NaN
   6 |  4,28 | 259,884 | 754,56 | 788,33 | 759,42 |  0,00 | 1,332 | 44,35 | 44,35 |  0,00 | 29,818 | 341,58 | 341,58 |  9,94 | 955,974 | 305,84 | 339,62 |  0,00 | 138,973 | 62,79 | 62,79 | 298,155 |   NaN | NaN | 0,00 | 0,00 | NaN
   7 |  3,72 | 253,912 | 754,70 | 783,89 | 759,56 |  0,00 | 1,350 | 44,35 | 44,35 |  0,00 | 29,336 | 339,49 | 339,49 |  8,66 | 926,786 | 308,08 | 337,27 |  0,00 | 138,947 | 62,79 | 62,79 | 298,192 |   NaN | NaN | 0,00 | 0,00 | NaN
   8 |  4,12 | 253,891 | 754,12 | 786,50 | 759,01 |  0,00 | 1,401 | 44,35 | 44,35 |  0,00 | 30,488 | 336,88 | 336,88 |  9,45 | 919,407 | 310,11 | 342,49 |  0,00 | 138,959 | 62,79 | 62,79 | 298,170 |   NaN | NaN | 0,00 | 0,00 | NaN
   9 |  3,95 | 262,751 | 754,86 | 785,90 | 759,71 |  0,00 | 1,340 | 44,35 | 44,35 |  0,00 | 29,600 | 341,58 | 341,58 |  9,20 | 966,584 | 306,15 | 337,18 |  0,00 | 138,925 | 62,79 | 62,79 | 298,124 |   NaN | NaN | 0,00 | 0,00 | NaN
  10 |  3,60 | 247,791 | 755,17 | 783,40 | 760,05 |  0,00 | 1,401 | 44,35 | 44,35 |  0,00 | 26,262 | 338,66 | 338,66 |  8,36 | 903,265 | 309,38 | 337,60 |  0,00 | 139,094 | 62,79 | 62,79 | 298,317 |   NaN | NaN | 0,00 | 0,00 | NaN
  11 |  3,04 | 247,534 | 754,22 | 777,88 | 759,05 |  0,00 | 1,341 | 44,35 | 44,35 |  0,00 | 27,772 | 331,52 | 331,52 |  6,97 | 883,377 | 315,57 | 339,23 |  0,00 | 138,625 | 62,79 | 62,79 | 297,698 |   NaN | NaN | 0,00 | 0,00 | NaN
  12 |  3,77 | 253,050 | 753,98 | 783,49 | 758,85 |  0,00 | 1,403 | 44,35 | 44,35 |  0,00 | 27,395 | 339,08 | 339,08 |  8,75 | 925,974 | 307,77 | 337,28 |  0,00 | 139,020 | 62,79 | 62,79 | 298,198 |   NaN | NaN | 0,00 | 0,00 | NaN
  13 |  2,68 | 222,145 | 752,25 | 772,95 | 757,12 |  0,00 | 1,368 | 44,35 | 44,35 |  0,00 | 27,580 | 333,34 | 333,34 |  6,22 | 795,923 | 311,78 | 332,47 |  0,00 | 138,844 | 62,79 | 62,79 | 298,030 |   NaN | NaN | 0,00 | 0,00 | NaN
  14 |  4,34 | 249,607 | 752,01 | 786,16 | 756,90 |  0,00 | 1,409 | 44,35 | 44,35 |  0,00 | 24,518 | 339,44 | 339,44 | 10,06 | 921,209 | 305,43 | 339,58 |  0,00 | 139,017 | 62,79 | 62,79 | 298,222 |   NaN | NaN | 0,00 | 0,00 | NaN
  15 |  3,36 | 248,000 | 752,78 | 778,93 | 757,65 |  0,00 | 1,403 | 44,35 | 44,35 |  0,00 | 26,737 | 333,46 | 333,46 |  7,73 | 894,024 | 312,18 | 338,33 |  0,00 | 139,027 | 62,79 | 62,79 | 298,282 |   NaN | NaN | 0,00 | 0,00 | NaN
  16 |  4,28 | 271,291 | 753,88 | 787,57 | 758,74 |  0,00 | 1,395 | 44,35 | 44,35 |  0,00 | 26,729 | 337,96 | 337,96 |  9,84 | 993,662 | 308,78 | 342,48 |  0,00 | 139,073 | 62,79 | 62,79 | 298,314 |   NaN | NaN | 0,00 | 0,00 | NaN
  17 |  4,20 | 261,317 | 752,98 | 785,99 | 757,84 |  0,00 | 1,407 | 44,35 | 44,35 |  0,00 | 28,796 | 338,83 | 338,83 |  9,71 | 957,665 | 307,02 | 340,03 |  0,00 | 138,984 | 62,79 | 62,79 | 298,187 |   NaN | NaN | 0,00 | 0,00 | NaN
  18 |  3,76 | 259,525 | 753,43 | 782,87 | 758,26 |  0,00 | 1,384 | 44,35 | 44,35 |  0,00 | 28,196 | 336,40 | 336,40 |  8,68 | 943,256 | 309,89 | 339,34 |  0,00 | 138,512 | 62,79 | 62,79 | 297,268 |   NaN | NaN | 0,00 | 0,00 | NaN
  19 |  2,72 | 244,693 | 754,82 | 775,92 | 759,67 |  0,00 | 1,375 | 44,35 | 44,35 |  0,00 | 29,307 | 332,96 | 332,96 |  6,28 | 873,516 | 314,73 | 335,82 |  0,00 | 139,087 | 62,79 | 62,79 | 298,296 |   NaN | NaN | 0,00 | 0,00 | NaN
  20 |  3,03 | 243,136 | 755,42 | 779,01 | 760,28 |  0,00 | 1,371 | 44,35 | 44,35 |  0,00 | 26,578 | 340,07 | 340,07 |  7,11 | 888,771 | 308,21 | 331,80 |  0,00 | 138,543 | 62,79 | 62,79 | 297,553 |   NaN | NaN | 0,00 | 0,00 | NaN
  21 |  2,54 | 226,319 | 753,23 | 772,90 | 758,08 |  0,00 | 1,375 | 44,35 | 44,35 |  0,00 | 29,530 | 333,45 | 333,45 |  5,92 | 808,373 | 312,65 | 332,31 |  0,00 | 138,976 | 62,79 | 62,79 | 298,236 |   NaN | NaN | 0,00 | 0,00 | NaN
  22 |  4,53 | 259,222 | 754,16 | 789,92 | 759,06 |  0,00 | 1,414 | 44,35 | 44,35 |  0,00 | 26,541 | 346,82 | 346,82 | 10,64 | 974,064 | 300,20 | 335,97 |  0,00 | 139,003 | 62,79 | 62,79 | 298,215 |   NaN | NaN | 0,00 | 0,00 | NaN
  23 |  4,13 | 267,764 | 753,95 | 786,46 | 758,84 |  0,00 | 1,396 | 44,35 | 44,35 |  0,00 | 24,605 | 341,57 | 341,57 |  9,62 | 993,666 | 305,25 | 337,76 |  0,00 | 138,963 | 62,79 | 62,79 | 298,154 |   NaN | NaN | 0,00 | 0,00 | NaN
  24 |  3,70 | 251,286 | 753,78 | 782,72 | 758,63 |  0,00 | 1,357 | 44,35 | 44,35 |  0,00 | 32,224 | 337,02 | 337,02 |  8,55 | 908,641 | 309,62 | 338,57 |  0,00 | 138,887 | 62,79 | 62,79 | 298,109 |   NaN | NaN | 0,00 | 0,00 | NaN
  25 |  4,83 | 266,321 | 752,38 | 790,60 | 757,30 |  0,00 | 1,415 | 44,35 | 44,35 |  0,00 | 26,677 | 337,25 | 337,25 | 11,04 | 976,120 | 308,00 | 346,22 |  0,00 | 139,017 | 62,79 | 62,79 | 298,259 |   NaN | NaN | 0,00 | 0,00 | NaN
  26 |  3,43 | 253,013 | 753,83 | 780,61 | 758,73 |  0,00 | 1,411 | 44,35 | 44,35 |  0,00 | 28,939 | 336,44 | 336,44 |  7,95 | 917,130 | 310,25 | 337,03 |  0,00 | 139,139 | 62,79 | 62,79 | 298,403 |   NaN | NaN | 0,00 | 0,00 | NaN
  27 |  3,24 | 248,193 | 754,06 | 779,34 | 758,90 |  0,00 | 1,337 | 44,35 | 44,35 |  0,00 | 26,507 | 338,46 | 338,46 |  7,57 | 906,612 | 308,47 | 333,74 |  0,00 | 138,404 | 62,79 | 62,79 | 297,164 |   NaN | NaN | 0,00 | 0,00 | NaN
  28 |  2,90 | 257,157 | 754,32 | 776,88 | 759,20 |  0,00 | 1,404 | 44,35 | 44,35 |  0,00 | 30,541 | 337,68 | 337,68 |  6,79 | 933,761 | 309,50 | 332,06 |  0,00 | 138,967 | 62,79 | 62,79 | 298,198 |   NaN | NaN | 0,00 | 0,00 | NaN
  29 |  4,21 | 262,026 | 754,33 | 787,49 | 759,17 |  0,00 | 1,383 | 44,35 | 44,35 |  0,00 | 30,954 | 340,76 | 340,76 |  9,76 | 960,860 | 306,43 | 339,59 |  0,00 | 138,771 | 62,79 | 62,79 | 297,880 |   NaN | NaN | 0,00 | 0,00 | NaN
  30 |  3,20 | 244,858 | 752,67 | 777,54 | 757,58 |  0,00 | 1,414 | 44,35 | 44,35 |  0,00 | 27,548 | 335,12 | 335,12 |  7,42 | 886,344 | 310,41 | 335,28 |  0,00 | 138,525 | 62,79 | 62,79 | 297,435 |   NaN | NaN | 0,00 | 0,00 | NaN
  31 |  3,32 | 243,025 | 754,03 | 779,91 | 758,89 |  0,00 | 1,381 | 44,35 | 44,35 |  0,00 | 29,026 | 336,37 | 336,37 |  7,69 | 877,982 | 310,53 | 336,41 |  0,00 | 138,920 | 62,79 | 62,79 | 298,134 |   NaN | NaN | 0,00 | 0,00 | NaN
  32 |  3,35 | 250,661 | 755,55 | 781,72 | 760,39 |  0,00 | 1,337 | 44,35 | 44,35 |  0,00 | 28,485 | 337,40 | 337,40 |  7,76 | 907,559 | 311,01 | 337,18 |  0,00 | 138,666 | 62,79 | 62,79 | 297,785 |   NaN | NaN | 0,00 | 0,00 | NaN
  33 |  3,09 | 243,158 | 753,48 | 777,47 | 758,34 |  0,00 | 1,402 | 44,35 | 44,35 |  0,00 | 28,226 | 334,10 | 334,10 |  7,14 | 874,420 | 312,24 | 336,23 |  0,00 | 138,814 | 62,79 | 62,79 | 297,936 |   NaN | NaN | 0,00 | 0,00 | NaN
  34 |  2,74 | 243,263 | 754,59 | 775,84 | 759,45 |  0,00 | 1,394 | 44,35 | 44,35 |  0,00 | 27,809 | 337,23 | 337,23 |  6,41 | 881,938 | 310,22 | 331,47 |  0,00 | 138,065 | 62,79 | 62,79 | 296,765 |   NaN | NaN | 0,00 | 0,00 | NaN
  35 |  4,08 | 266,219 | 754,18 | 786,27 | 759,02 |  0,00 | 1,343 | 44,35 | 44,35 |  0,00 | 28,221 | 339,62 | 339,62 |  9,45 | 977,248 | 307,43 | 339,52 |  0,00 | 136,148 | 62,79 | 62,79 | 292,872 |   NaN | NaN | 0,00 | 0,00 | NaN
  36 |  2,88 | 242,633 | 754,81 | 777,19 | 759,66 |  0,00 | 1,396 | 44,35 | 44,35 |  0,00 | 28,898 | 332,13 | 332,13 |  6,62 | 863,881 | 315,54 | 337,92 |  0,00 | 138,456 | 62,79 | 62,79 | 297,137 |   NaN | NaN | 0,00 | 0,00 | NaN
  37 |  4,23 | 265,749 | 755,49 | 788,86 | 760,35 |  0,00 | 1,379 | 44,35 | 44,35 |  0,00 | 29,530 | 343,35 | 343,35 |  9,86 | 982,219 | 305,00 | 338,37 |  0,00 | 138,816 | 62,79 | 62,79 | 297,958 |   NaN | NaN | 0,00 | 0,00 | NaN
  38 |  3,53 | 260,427 | 754,10 | 781,67 | 758,94 |  0,00 | 1,370 | 44,35 | 44,35 |  0,00 | 28,861 | 338,34 | 338,34 |  8,20 | 950,553 | 308,62 | 336,19 |  0,00 | 138,437 | 62,79 | 62,79 | 297,280 |   NaN | NaN | 0,00 | 0,00 | NaN
  39 |  2,52 | 252,361 | 753,11 | 772,58 | 758,00 |  0,00 | 1,413 | 44,35 | 44,35 |  0,00 | 30,505 | 333,54 | 333,54 |  5,87 | 906,003 | 312,43 | 331,91 |  0,00 | 138,566 | 62,79 | 62,79 | 297,493 |   NaN | NaN | 0,00 | 0,00 | NaN
  40 |  2,61 | 234,811 | 752,48 | 772,66 | 757,36 |  0,00 | 1,413 | 44,35 | 44,35 |  0,00 | 32,773 | 333,74 | 333,74 |  6,08 | 839,084 | 311,60 | 331,78 |  0,00 | 138,520 | 62,79 | 62,79 | 297,256 |   NaN | NaN | 0,00 | 0,00 | NaN
  41 |  4,02 | 248,678 | 753,68 | 785,23 | 758,55 |  0,00 | 1,396 | 44,35 | 44,35 |  0,00 | 27,204 | 335,64 | 335,64 |  9,21 | 900,386 | 310,90 | 342,45 |  0,00 | 138,906 | 62,79 | 62,79 | 298,100 |   NaN | NaN | 0,00 | 0,00 | NaN
  42 |  4,25 | 264,889 | 753,63 | 787,09 | 758,49 |  0,00 | 1,342 | 44,35 | 44,35 |  0,00 | 29,261 | 339,85 | 339,85 |  9,84 | 973,014 | 306,65 | 340,11 |  0,00 | 138,808 | 62,79 | 62,79 | 298,003 |   NaN | NaN | 0,00 | 0,00 | NaN
  43 |  4,37 | 253,912 | 752,20 | 786,61 | 757,06 |  0,00 | 1,421 | 44,35 | 44,35 |  0,00 | 30,669 | 339,55 | 339,55 | 10,12 | 931,081 | 305,51 | 339,92 |  0,00 | 138,536 | 62,79 | 62,79 | 297,476 |   NaN | NaN | 0,00 | 0,00 | NaN
  44 |  4,33 | 265,834 | 753,96 | 788,11 | 758,78 |  0,00 | 1,333 | 44,35 | 44,35 |  0,00 | 24,428 | 337,52 | 337,52 |  9,94 | 973,844 | 309,30 | 343,45 |  0,00 | 138,793 | 62,79 | 62,79 | 298,022 |   NaN | NaN | 0,00 | 0,00 | NaN
  45 |  3,90 | 262,468 | 753,46 | 784,02 | 758,35 |  0,00 | 1,417 | 44,35 | 44,35 |  0,00 | 26,414 | 343,05 | 343,05 |  9,15 | 977,185 | 303,28 | 333,84 |  0,00 | 138,812 | 62,79 | 62,79 | 298,006 |   NaN | NaN | 0,00 | 0,00 | NaN
  46 |  3,55 | 255,055 | 752,84 | 780,52 | 757,69 |  0,00 | 1,356 | 44,35 | 44,35 |  0,00 | 26,971 | 333,13 | 333,13 |  8,14 | 919,513 | 312,57 | 340,25 |  0,00 | 138,621 | 62,79 | 62,79 | 297,688 |   NaN | NaN | 0,00 | 0,00 | NaN
  47 |  3,08 | 234,727 | 753,19 | 777,10 | 758,04 |  0,00 | 1,354 | 44,35 | 44,35 |  0,00 | 30,724 | 337,95 | 337,95 |  7,20 | 850,491 | 308,10 | 332,01 |  0,00 | 138,899 | 62,79 | 62,79 | 298,101 |   NaN | NaN | 0,00 | 0,00 | NaN
  48 |  3,19 | 249,357 | 751,68 | 776,42 | 756,53 |  0,00 | 1,384 | 44,35 | 44,35 |  0,00 | 33,888 | 334,17 | 334,17 |  7,38 | 895,956 | 310,38 | 335,11 |  0,00 | 138,914 | 62,79 | 62,79 | 298,137 |   NaN | NaN | 0,00 | 0,00 | NaN
  49 |  2,97 | 242,601 | 753,07 | 776,09 | 757,93 |  0,00 | 1,396 | 44,35 | 44,35 |  0,00 | 30,319 | 335,56 | 335,56 |  6,90 | 874,943 | 310,38 | 333,40 |  0,00 | 138,903 | 62,79 | 62,79 | 298,116 |   NaN | NaN | 0,00 | 0,00 | NaN
  50 |  3,42 | 254,330 | 754,51 | 781,25 | 759,35 |  0,00 | 1,350 | 44,35 | 44,35 |  0,00 | 30,023 | 338,56 | 338,56 |  7,97 | 925,606 | 308,80 | 335,55 |  0,00 | 138,559 | 62,79 | 62,79 | 297,525 |   NaN | NaN | 0,00 | 0,00 | NaN
  51 |  3,62 | 248,164 | 754,41 | 782,78 | 759,26 |  0,00 | 1,348 | 44,35 | 44,35 |  0,00 | 27,814 | 337,40 | 337,40 |  8,39 | 901,422 | 309,87 | 338,25 |  0,00 | 138,868 | 62,79 | 62,79 | 298,033 |   NaN | NaN | 0,00 | 0,00 | NaN
  52 |  3,30 | 261,044 | 754,23 | 779,98 | 759,09 |  0,00 | 1,375 | 44,35 | 44,35 |  0,00 | 29,092 | 332,36 | 332,36 |  7,56 | 934,396 | 314,74 | 340,49 |  0,00 | 138,757 | 62,79 | 62,79 | 297,918 |   NaN | NaN | 0,00 | 0,00 | NaN
  53 |  3,55 | 259,662 | 754,14 | 781,87 | 759,00 |  0,00 | 1,362 | 44,35 | 44,35 |  0,00 | 27,346 | 336,95 | 336,95 |  8,21 | 945,186 | 310,05 | 337,78 |  0,00 | 138,671 | 62,79 | 62,79 | 297,766 |   NaN | NaN | 0,00 | 0,00 | NaN
  54 |  2,69 | 235,038 | 754,84 | 775,69 | 759,68 |  0,00 | 1,365 | 44,35 | 44,35 |  0,00 | 30,057 | 336,22 | 336,22 |  6,27 | 844,769 | 311,48 | 332,33 |  0,00 | 138,697 | 62,79 | 62,79 | 297,837 |   NaN | NaN | 0,00 | 0,00 | NaN
  55 |  3,46 | 252,238 | 753,53 | 780,52 | 758,35 |  0,00 | 1,350 | 44,35 | 44,35 |  0,00 | 29,110 | 336,06 | 336,06 |  8,00 | 913,568 | 310,33 | 337,31 |  0,00 | 138,489 | 62,79 | 62,79 | 297,278 |   NaN | NaN | 0,00 | 0,00 | NaN
  56 |  2,65 | 230,810 | 753,99 | 774,54 | 758,84 |  0,00 | 1,355 | 44,35 | 44,35 |  0,00 | 26,419 | 334,36 | 334,36 |  6,17 | 829,741 | 312,49 | 333,04 |  0,00 | 138,979 | 62,79 | 62,79 | 298,218 |   NaN | NaN | 0,00 | 0,00 | NaN
  57 |  3,53 | 228,711 | 752,61 | 780,18 | 757,47 |  0,00 | 1,352 | 44,35 | 44,35 |  0,00 | 28,742 | 335,56 | 335,56 |  8,17 | 824,319 | 309,91 | 337,48 |  0,00 | 138,914 | 62,79 | 62,79 | 298,152 |   NaN | NaN | 0,00 | 0,00 | NaN
  58 |  3,55 | 263,620 | 754,07 | 781,82 | 758,93 |  0,00 | 1,381 | 44,35 | 44,35 |  0,00 | 28,303 | 339,58 | 339,58 |  8,28 | 966,819 | 307,35 | 335,11 |  0,00 | 139,051 | 62,79 | 62,79 | 298,278 |   NaN | NaN | 0,00 | 0,00 | NaN
  59 |  3,99 | 248,877 | 753,98 | 785,33 | 758,81 |  0,00 | 1,400 | 44,35 | 44,35 |  0,00 | 30,051 | 335,87 | 335,87 |  9,16 | 897,766 | 310,97 | 342,32 |  0,00 | 138,464 | 62,79 | 62,79 | 297,142 |   NaN | NaN | 0,00 | 0,00 | NaN
  60 |  3,80 | 253,702 | 754,40 | 784,20 | 759,24 |  0,00 | 1,335 | 44,35 | 44,35 |  0,00 | 26,841 | 339,50 | 339,50 |  8,83 | 929,423 | 307,76 | 337,56 |  0,00 | 138,748 | 62,79 | 62,79 | 297,893 |   NaN | NaN | 0,00 | 0,00 | NaN
  61 |  4,05 | 255,604 | 754,17 | 786,03 | 758,99 |  0,00 | 1,357 | 44,35 | 44,35 |  0,00 | 32,119 | 338,87 | 338,87 |  9,37 | 929,243 | 308,16 | 340,02 |  0,00 | 138,548 | 62,79 | 62,79 | 297,569 |   NaN | NaN | 0,00 | 0,00 | NaN
  62 |  4,02 | 255,166 | 752,17 | 783,68 | 757,08 |  0,00 | 1,419 | 44,35 | 44,35 |  0,00 | 32,028 | 336,43 | 336,43 |  9,26 | 925,298 | 308,60 | 340,11 |  0,00 | 138,882 | 62,79 | 62,79 | 298,100 |   NaN | NaN | 0,00 | 0,00 | NaN
  63 |  3,96 | 261,587 | 752,82 | 783,90 | 757,67 |  0,00 | 1,374 | 44,35 | 44,35 |  0,00 | 30,008 | 340,96 | 340,96 |  9,26 | 964,651 | 304,71 | 335,79 |  0,00 | 138,472 | 62,79 | 62,79 | 297,430 |   NaN | NaN | 0,00 | 0,00 | NaN
  64 |  2,56 | 226,234 | 754,11 | 773,90 | 759,04 |  0,00 | 1,418 | 44,35 | 44,35 |  0,00 | 28,368 | 334,40 | 334,40 |  5,95 | 809,950 | 312,57 | 332,36 |  0,00 | 138,833 | 62,79 | 62,79 | 297,947 |   NaN | NaN | 0,00 | 0,00 | NaN

= = = = = = = = = = = = AVERAGE RESULTS system = = = = = = = = = = = =
meanPLR_system | 3,579475 
meanDelay_system | 251,469275 
meanLoad_system | 781,763372 
meanTHR_system | 753,753757 
meanGate_system | 758,614855 

meanPLR_EF_system | 0,000000 
meanPLR_AF_system | 0,000000 
meanPLR_BE_system | 8,299902 
meanPLR_FLA_system | 0,000000 
meanPLR_FLB_system | NaN 

meanTHR_EF_system | 44,352003 
meanTHR_AF_system | 337,545251 
meanTHR_BE_system | 309,071374 
meanTHR_FLA_system | 64,216899 
meanTHR_FLB_system | 0,000000 

meanLoad_EF_system | 44,352003 
meanLoad_AF_system | 337,545251 
meanLoad_BE_system | 337,080990 
meanLoad_FLA_system | 64,216899 
meanLoad_FLB_system | 0,000000 

meanDELAY_EF_system | 1,379189 
meanDELAY_AF_system | 28,693059 
meanDELAY_BE_system | 915,019358 
meanDELAY_FLA_system | 138,763830 
meanDELAY_FLB_system | NaN 
meanDELAY_CompleteFLA_system | 297,837325 
meanDELAY_CompleteFLB_system | NaN 

= = = = = = = = = = = = AVERAGE RESULTS = = = = = = = = = = = =
Packet Loss Ratio: 03,58 (%)
PROCESSED PACKAGES: 1601702210 
DISCARTED PACKAGES: 37683387 
TOTAL PACKAGES: 1639385597 
AVERAGE DELAY: 46772,73 (ms) 
AVERAGE THROUGHPUT: 753,75 (Mbps) 
GRANTED THROUGHPUT: 48551,35 (Mbps) By 64 ONUs
EFFECTIVE THROUGHPUT: 48240,24 (Mbps) By 64 ONUs
TOTAL LOAD: 50032,86 (Mbps) By 64 ONUs
ON Arrival THROUGHPUT: 0,00 (Mbps) By 64 ONUs
FINISHTIMEFL: 131,554158 
FINISHTIME: 134,554158 


fileName | IPACT_STRICTPRIORITY_2_40_90_0 
