
ONU ID 	|  PLR(%) | Delay(ms) | Throughput(Mbps) | Granted Throughput(Mbps) | Total Load (Mbps) 

  ID |  PLR(%) |  D  | Thr |  Gates  |  Load  | PLR-EF | D-EF | ThrEF | LoadEF | PLR-AF | D-AF | ThrAF | LoadAF | PLR-BE | D-BE | ThrBE | LoadBE | PLR-FA | D-FA | ThrFA | LoadFA | DTFA |  PLR-FB | D-FB | ThrFB | LoadFB | DTFB | 
   1 |  0,00 | 0,524 | 578,94 | 578,94 | 616,73 |  0,00 | 0,175 | 44,35 | 44,35 |  0,00 | 0,374 | 247,20 | 247,20 |  0,00 | 0,479 | 239,96 | 239,96 |  0,00 | 9,417 | 47,43 | 47,43 | 40,905 |   NaN | NaN | 0,00 | 0,00 | NaN
   2 |  0,00 | 1,060 | 580,56 | 580,56 | 622,72 |  0,00 | 0,187 | 44,35 | 44,35 |  0,00 | 0,278 | 245,36 | 245,36 |  0,00 | 0,350 | 243,41 | 243,41 |  0,00 | 33,019 | 47,43 | 47,43 | 107,639 |   NaN | NaN | 0,00 | 0,00 | NaN
   3 |  0,00 | 0,867 | 576,53 | 576,53 | 610,92 |  0,00 | 0,124 | 44,35 | 44,35 |  0,00 | 0,180 | 243,13 | 243,13 |  0,00 | 0,375 | 241,61 | 241,61 |  0,00 | 27,104 | 47,43 | 47,43 | 93,151 |   NaN | NaN | 0,00 | 0,00 | NaN
   4 |  0,00 | 0,484 | 583,03 | 583,03 | 617,46 |  0,00 | 0,129 | 44,35 | 44,35 |  0,00 | 0,307 | 247,87 | 247,87 |  0,00 | 0,482 | 243,37 | 243,37 |  0,00 | 9,374 | 47,43 | 47,43 | 39,559 |   NaN | NaN | 0,00 | 0,00 | NaN
   5 |  0,00 | 1,265 | 578,29 | 578,29 | 613,04 |  0,00 | 0,155 | 44,35 | 44,35 |  0,00 | 0,160 | 243,32 | 243,32 |  0,00 | 0,287 | 243,18 | 243,18 |  0,00 | 43,659 | 47,43 | 47,43 | 147,330 |   NaN | NaN | 0,00 | 0,00 | NaN
   6 |  0,00 | 0,904 | 582,40 | 582,40 | 616,20 |  0,00 | 0,105 | 44,35 | 44,35 |  0,00 | 0,121 | 246,50 | 246,50 |  0,00 | 0,361 | 244,11 | 244,11 |  0,00 | 29,844 | 47,43 | 47,43 | 109,421 |   NaN | NaN | 0,00 | 0,00 | NaN
   7 |  0,00 | 0,648 | 579,27 | 579,27 | 613,83 |  0,00 | 0,122 | 44,35 | 44,35 |  0,00 | 0,426 | 244,41 | 244,41 |  0,00 | 0,640 | 243,07 | 243,07 |  0,00 | 13,424 | 47,43 | 47,43 | 49,177 |   NaN | NaN | 0,00 | 0,00 | NaN
   8 |  0,00 | 0,888 | 580,14 | 580,14 | 617,05 |  0,00 | 0,172 | 44,35 | 44,35 |  0,00 | 0,192 | 242,85 | 242,85 |  0,00 | 0,289 | 245,50 | 245,50 |  0,00 | 27,812 | 47,43 | 47,43 | 111,045 |   NaN | NaN | 0,00 | 0,00 | NaN
   9 |  0,00 | 0,532 | 581,80 | 581,80 | 616,16 |  0,00 | 0,112 | 44,35 | 44,35 |  0,00 | 0,214 | 246,01 | 246,01 |  0,00 | 0,434 | 244,01 | 244,01 |  0,00 | 13,025 | 47,43 | 47,43 | 54,078 |   NaN | NaN | 0,00 | 0,00 | NaN
  10 |  0,00 | 0,555 | 578,15 | 578,15 | 615,35 |  0,00 | 0,172 | 44,35 | 44,35 |  0,00 | 0,350 | 243,59 | 243,59 |  0,00 | 0,464 | 242,78 | 242,78 |  0,00 | 11,073 | 47,43 | 47,43 | 42,100 |   NaN | NaN | 0,00 | 0,00 | NaN
  11 |  0,00 | 5,486 | 577,27 | 577,27 | 611,53 |  0,00 | 0,112 | 44,35 | 44,35 |  0,00 | 0,234 | 240,95 | 240,95 |  0,00 | 0,463 | 244,53 | 244,53 |  0,00 | 212,247 | 47,43 | 47,43 | 581,816 |   NaN | NaN | 0,00 | 0,00 | NaN
  12 |  0,00 | 0,913 | 578,22 | 578,22 | 615,77 |  0,00 | 0,174 | 44,35 | 44,35 |  0,00 | 0,180 | 242,87 | 242,87 |  0,00 | 0,263 | 243,56 | 243,56 |  0,00 | 29,073 | 47,43 | 47,43 | 107,736 |   NaN | NaN | 0,00 | 0,00 | NaN
  13 |  0,00 | 1,034 | 574,89 | 574,89 | 609,33 |  0,00 | 0,139 | 44,35 | 44,35 |  0,00 | 0,190 | 242,04 | 242,04 |  0,00 | 0,365 | 241,06 | 241,06 |  0,00 | 33,488 | 47,43 | 47,43 | 108,252 |   NaN | NaN | 0,00 | 0,00 | NaN
  14 |  0,00 | 1,198 | 581,07 | 581,07 | 620,39 |  0,00 | 0,180 | 44,35 | 44,35 |  0,00 | 0,188 | 243,93 | 243,93 |  0,00 | 0,260 | 245,36 | 245,36 |  0,00 | 40,504 | 47,43 | 47,43 | 136,264 |   NaN | NaN | 0,00 | 0,00 | NaN
  15 |  0,00 | 0,547 | 578,48 | 578,48 | 616,20 |  0,00 | 0,174 | 44,35 | 44,35 |  0,00 | 0,385 | 240,72 | 240,72 |  0,00 | 0,479 | 245,98 | 245,98 |  0,00 | 10,235 | 47,43 | 47,43 | 44,181 |   NaN | NaN | 0,00 | 0,00 | NaN
  16 |  0,00 | 0,601 | 585,60 | 585,60 | 621,33 |  0,00 | 0,166 | 44,35 | 44,35 |  0,00 | 0,245 | 245,01 | 245,01 |  0,00 | 0,340 | 248,81 | 248,81 |  0,00 | 15,363 | 47,43 | 47,43 | 63,276 |   NaN | NaN | 0,00 | 0,00 | NaN
  17 |  0,00 | 0,603 | 582,24 | 582,24 | 620,94 |  0,00 | 0,178 | 44,35 | 44,35 |  0,00 | 0,278 | 245,91 | 245,91 |  0,00 | 0,355 | 244,55 | 244,55 |  0,00 | 14,697 | 47,43 | 47,43 | 58,619 |   NaN | NaN | 0,00 | 0,00 | NaN
  18 |  0,00 | 2,852 | 576,59 | 576,59 | 611,34 |  0,00 | 0,155 | 44,35 | 44,35 |  0,00 | 0,183 | 241,49 | 241,49 |  0,00 | 0,287 | 243,31 | 243,31 |  0,00 | 107,292 | 47,43 | 47,43 | 489,386 |   NaN | NaN | 0,00 | 0,00 | NaN
  19 |  0,00 | 3,123 | 573,39 | 573,39 | 607,84 |  0,00 | 0,146 | 44,35 | 44,35 |  0,00 | 0,167 | 240,00 | 240,00 |  0,00 | 0,300 | 241,61 | 241,61 |  0,00 | 118,042 | 47,43 | 47,43 | 280,680 |   NaN | NaN | 0,00 | 0,00 | NaN
  20 |  0,00 | 4,964 | 576,21 | 576,21 | 610,62 |  0,00 | 0,142 | 44,35 | 44,35 |  0,00 | 0,173 | 244,40 | 244,40 |  0,00 | 0,415 | 240,02 | 240,02 |  0,00 | 191,488 | 47,43 | 47,43 | 594,906 |   NaN | NaN | 0,00 | 0,00 | NaN
  21 |  0,00 | 0,497 | 570,72 | 570,72 | 605,34 |  0,00 | 0,146 | 44,35 | 44,35 |  0,00 | 0,323 | 239,41 | 239,41 |  0,00 | 0,480 | 239,52 | 239,52 |  0,00 | 9,330 | 47,43 | 47,43 | 39,811 |   NaN | NaN | 0,00 | 0,00 | NaN
  22 |  0,00 | 1,267 | 583,54 | 583,54 | 624,49 |  0,00 | 0,185 | 44,35 | 44,35 |  0,00 | 0,192 | 249,27 | 249,27 |  0,00 | 0,254 | 242,48 | 242,48 |  0,00 | 43,355 | 47,43 | 47,43 | 151,749 |   NaN | NaN | 0,00 | 0,00 | NaN
  23 |  0,00 | 5,169 | 579,96 | 579,96 | 615,78 |  0,00 | 0,167 | 44,35 | 44,35 |  0,00 | 0,365 | 244,46 | 244,46 |  0,00 | 0,387 | 243,72 | 243,72 |  0,00 | 198,357 | 47,43 | 47,43 | 460,494 |   NaN | NaN | 0,00 | 0,00 | NaN
  24 |  0,00 | 0,951 | 579,61 | 579,61 | 614,02 |  0,00 | 0,128 | 44,35 | 44,35 |  0,00 | 0,203 | 243,38 | 243,38 |  0,00 | 0,415 | 244,45 | 244,45 |  0,00 | 29,887 | 47,43 | 47,43 | 99,572 |   NaN | NaN | 0,00 | 0,00 | NaN
  25 |  0,00 | 0,532 | 584,09 | 584,09 | 625,75 |  0,00 | 0,186 | 44,35 | 44,35 |  0,00 | 0,347 | 244,08 | 244,08 |  0,00 | 0,418 | 248,23 | 248,23 |  0,00 | 10,365 | 47,43 | 47,43 | 43,796 |   NaN | NaN | 0,00 | 0,00 | NaN
  26 |  0,00 | 0,642 | 577,89 | 577,89 | 618,12 |  0,00 | 0,182 | 44,35 | 44,35 |  0,00 | 0,396 | 244,08 | 244,08 |  0,00 | 0,515 | 242,02 | 242,02 |  0,00 | 13,467 | 47,43 | 47,43 | 48,214 |   NaN | NaN | 0,00 | 0,00 | NaN
  27 |  0,00 | 2,714 | 575,25 | 575,25 | 609,38 |  0,00 | 0,109 | 44,35 | 44,35 |  0,00 | 0,119 | 243,33 | 243,33 |  0,00 | 0,346 | 240,13 | 240,13 |  0,00 | 102,567 | 47,43 | 47,43 | 452,757 |   NaN | NaN | 0,00 | 0,00 | NaN
  28 |  0,00 | 5,614 | 574,22 | 574,22 | 611,90 |  0,00 | 0,175 | 44,35 | 44,35 |  0,00 | 0,433 | 242,62 | 242,62 |  0,00 | 0,543 | 239,81 | 239,81 |  0,00 | 212,889 | 47,43 | 47,43 | 485,718 |   NaN | NaN | 0,00 | 0,00 | NaN
  29 |  0,00 | 5,764 | 581,86 | 581,86 | 616,55 |  0,00 | 0,154 | 44,35 | 44,35 |  0,00 | 0,290 | 245,05 | 245,05 |  0,00 | 0,519 | 245,02 | 245,02 |  0,00 | 222,523 | 47,43 | 47,43 | 562,526 |   NaN | NaN | 0,00 | 0,00 | NaN
  30 |  0,00 | 3,990 | 575,86 | 575,86 | 617,07 |  0,00 | 0,185 | 44,35 | 44,35 |  0,00 | 0,210 | 241,28 | 241,28 |  0,00 | 0,266 | 242,80 | 242,80 |  0,00 | 152,389 | 47,43 | 47,43 | 589,071 |   NaN | NaN | 0,00 | 0,00 | NaN
  31 |  0,00 | 5,319 | 578,04 | 578,04 | 612,66 |  0,00 | 0,152 | 44,35 | 44,35 |  0,00 | 0,261 | 245,12 | 245,12 |  0,00 | 0,517 | 241,13 | 241,13 |  0,00 | 204,093 | 47,43 | 47,43 | 470,602 |   NaN | NaN | 0,00 | 0,00 | NaN
  32 |  0,00 | 5,275 | 581,24 | 581,24 | 615,41 |  0,00 | 0,108 | 44,35 | 44,35 |  0,00 | 0,178 | 244,52 | 244,52 |  0,00 | 0,558 | 244,93 | 244,93 |  0,00 | 204,216 | 47,43 | 47,43 | 578,317 |   NaN | NaN | 0,00 | 0,00 | NaN
  33 |  0,00 | 4,737 | 577,07 | 577,07 | 614,28 |  0,00 | 0,173 | 44,35 | 44,35 |  0,00 | 0,288 | 243,10 | 243,10 |  0,00 | 0,541 | 242,18 | 242,18 |  0,00 | 179,527 | 47,43 | 47,43 | 600,213 |   NaN | NaN | 0,00 | 0,00 | NaN
  34 |  0,00 | 2,315 | 576,43 | 576,43 | 611,96 |  0,00 | 0,165 | 44,35 | 44,35 |  0,00 | 0,173 | 242,97 | 242,97 |  0,00 | 0,281 | 241,67 | 241,67 |  0,00 | 85,620 | 47,43 | 47,43 | 318,903 |   NaN | NaN | 0,00 | 0,00 | NaN
  35 |  0,00 | 2,033 | 583,00 | 583,00 | 617,30 |  0,00 | 0,114 | 44,35 | 44,35 |  0,00 | 0,123 | 245,90 | 245,90 |  0,00 | 0,328 | 245,31 | 245,31 |  0,00 | 75,772 | 47,43 | 47,43 | 258,904 |   NaN | NaN | 0,00 | 0,00 | NaN
  36 |  0,00 | 2,537 | 577,98 | 577,98 | 613,98 |  0,00 | 0,167 | 44,35 | 44,35 |  0,00 | 0,185 | 240,66 | 240,66 |  0,00 | 0,278 | 245,54 | 245,54 |  0,00 | 94,558 | 47,43 | 47,43 | 395,541 |   NaN | NaN | 0,00 | 0,00 | NaN
  37 |  0,00 | 5,286 | 583,12 | 583,12 | 617,68 |  0,00 | 0,150 | 44,35 | 44,35 |  0,00 | 0,263 | 247,10 | 247,10 |  0,00 | 0,411 | 244,23 | 244,23 |  0,00 | 204,836 | 47,43 | 47,43 | 581,233 |   NaN | NaN | 0,00 | 0,00 | NaN
  38 |  0,00 | 3,676 | 581,84 | 581,84 | 616,25 |  0,00 | 0,141 | 44,35 | 44,35 |  0,00 | 0,151 | 245,85 | 245,85 |  0,00 | 0,306 | 244,20 | 244,20 |  0,00 | 141,653 | 47,43 | 47,43 | 588,709 |   NaN | NaN | 0,00 | 0,00 | NaN
  39 |  0,00 | 4,984 | 570,91 | 570,91 | 612,00 |  0,00 | 0,185 | 44,35 | 44,35 |  0,00 | 0,213 | 240,56 | 240,56 |  0,00 | 0,302 | 238,57 | 238,57 |  0,00 | 191,131 | 47,43 | 47,43 | 610,737 |   NaN | NaN | 0,00 | 0,00 | NaN
  40 |  0,00 | 2,921 | 573,49 | 573,49 | 614,56 |  0,00 | 0,185 | 44,35 | 44,35 |  0,00 | 0,210 | 242,89 | 242,89 |  0,00 | 0,273 | 238,82 | 238,82 |  0,00 | 109,034 | 47,43 | 47,43 | 475,359 |   NaN | NaN | 0,00 | 0,00 | NaN
  41 |  0,00 | 5,513 | 582,37 | 582,37 | 618,52 |  0,00 | 0,167 | 44,35 | 44,35 |  0,00 | 0,399 | 242,29 | 242,29 |  0,00 | 0,687 | 248,30 | 248,30 |  0,00 | 209,469 | 47,43 | 47,43 | 510,869 |   NaN | NaN | 0,00 | 0,00 | NaN
  42 |  0,00 | 5,546 | 584,43 | 584,43 | 618,75 |  0,00 | 0,113 | 44,35 | 44,35 |  0,00 | 0,220 | 246,28 | 246,28 |  0,00 | 0,452 | 246,36 | 246,36 |  0,00 | 216,378 | 47,43 | 47,43 | 554,765 |   NaN | NaN | 0,00 | 0,00 | NaN
  43 |  0,00 | 4,691 | 585,37 | 585,37 | 625,39 |  0,00 | 0,192 | 44,35 | 44,35 |  0,00 | 0,202 | 247,50 | 247,50 |  0,00 | 0,281 | 246,08 | 246,08 |  0,00 | 182,076 | 47,43 | 47,43 | 585,052 |   NaN | NaN | 0,00 | 0,00 | NaN
  44 |  0,00 | 5,534 | 582,45 | 582,45 | 616,35 |  0,00 | 0,105 | 44,35 | 44,35 |  0,00 | 0,210 | 244,21 | 244,21 |  0,00 | 0,656 | 246,46 | 246,46 |  0,00 | 213,699 | 47,43 | 47,43 | 504,031 |   NaN | NaN | 0,00 | 0,00 | NaN
  45 |  0,00 | 5,742 | 578,52 | 578,52 | 621,17 |  0,00 | 0,188 | 44,35 | 44,35 |  0,00 | 0,320 | 246,63 | 246,63 |  0,00 | 0,506 | 240,11 | 240,11 |  0,00 | 220,065 | 47,43 | 47,43 | 551,447 |   NaN | NaN | 0,00 | 0,00 | NaN
  46 |  0,00 | 4,931 | 578,85 | 578,85 | 613,23 |  0,00 | 0,127 | 44,35 | 44,35 |  0,00 | 0,176 | 242,00 | 242,00 |  0,00 | 0,374 | 245,06 | 245,06 |  0,00 | 191,245 | 47,43 | 47,43 | 598,563 |   NaN | NaN | 0,00 | 0,00 | NaN
  47 |  0,00 | 5,452 | 576,93 | 576,93 | 611,34 |  0,00 | 0,125 | 44,35 | 44,35 |  0,00 | 0,260 | 243,15 | 243,15 |  0,00 | 0,591 | 241,99 | 241,99 |  0,00 | 209,053 | 47,43 | 47,43 | 468,445 |   NaN | NaN | 0,00 | 0,00 | NaN
  48 |  0,00 | 5,693 | 577,17 | 577,17 | 611,90 |  0,00 | 0,155 | 44,35 | 44,35 |  0,00 | 0,340 | 242,79 | 242,79 |  0,00 | 0,479 | 242,59 | 242,59 |  0,00 | 218,572 | 47,43 | 47,43 | 510,443 |   NaN | NaN | 0,00 | 0,00 | NaN
  49 |  0,00 | 5,391 | 576,72 | 576,72 | 612,65 |  0,00 | 0,167 | 44,35 | 44,35 |  0,00 | 0,283 | 243,23 | 243,23 |  0,00 | 0,463 | 241,71 | 241,71 |  0,00 | 206,758 | 47,43 | 47,43 | 467,732 |   NaN | NaN | 0,00 | 0,00 | NaN
  50 |  0,00 | 4,728 | 579,24 | 579,24 | 613,56 |  0,00 | 0,121 | 44,35 | 44,35 |  0,00 | 0,157 | 244,59 | 244,59 |  0,00 | 0,373 | 242,87 | 242,87 |  0,00 | 183,471 | 47,43 | 47,43 | 601,699 |   NaN | NaN | 0,00 | 0,00 | NaN
  51 |  0,00 | 5,664 | 579,49 | 579,49 | 613,81 |  0,00 | 0,119 | 44,35 | 44,35 |  0,00 | 0,232 | 242,96 | 242,96 |  0,00 | 0,548 | 244,74 | 244,74 |  0,00 | 218,934 | 47,43 | 47,43 | 519,349 |   NaN | NaN | 0,00 | 0,00 | NaN
  52 |  0,00 | 5,445 | 580,11 | 580,11 | 614,63 |  0,00 | 0,146 | 44,35 | 44,35 |  0,00 | 0,259 | 240,75 | 240,75 |  0,00 | 0,662 | 247,57 | 247,57 |  0,00 | 208,276 | 47,43 | 47,43 | 521,941 |   NaN | NaN | 0,00 | 0,00 | NaN
  53 |  0,00 | 5,374 | 579,61 | 579,61 | 613,95 |  0,00 | 0,133 | 44,35 | 44,35 |  0,00 | 0,176 | 245,05 | 245,05 |  0,00 | 0,368 | 242,77 | 242,77 |  0,00 | 209,265 | 47,43 | 47,43 | 596,828 |   NaN | NaN | 0,00 | 0,00 | NaN
  54 |  0,00 | 5,717 | 574,49 | 574,49 | 608,88 |  0,00 | 0,136 | 44,35 | 44,35 |  0,00 | 0,294 | 243,06 | 243,06 |  0,00 | 0,521 | 239,65 | 239,65 |  0,00 | 219,414 | 47,43 | 47,43 | 546,238 |   NaN | NaN | 0,00 | 0,00 | NaN
  55 |  0,00 | 3,649 | 575,05 | 575,05 | 609,36 |  0,00 | 0,121 | 44,35 | 44,35 |  0,00 | 0,140 | 240,94 | 240,94 |  0,00 | 0,341 | 242,33 | 242,33 |  0,00 | 139,793 | 47,43 | 47,43 | 587,993 |   NaN | NaN | 0,00 | 0,00 | NaN
  56 |  0,00 | 5,742 | 574,62 | 574,62 | 608,97 |  0,00 | 0,126 | 44,35 | 44,35 |  0,00 | 0,239 | 241,60 | 241,60 |  0,00 | 0,684 | 241,24 | 241,24 |  0,00 | 219,582 | 47,43 | 47,43 | 514,700 |   NaN | NaN | 0,00 | 0,00 | NaN
  57 |  0,00 | 5,453 | 577,64 | 577,64 | 611,97 |  0,00 | 0,123 | 44,35 | 44,35 |  0,00 | 0,316 | 242,24 | 242,24 |  0,00 | 0,473 | 243,62 | 243,62 |  0,00 | 209,877 | 47,43 | 47,43 | 478,535 |   NaN | NaN | 0,00 | 0,00 | NaN
  58 |  0,00 | 5,414 | 581,37 | 581,37 | 616,02 |  0,00 | 0,152 | 44,35 | 44,35 |  0,00 | 0,290 | 245,76 | 245,76 |  0,00 | 0,465 | 243,83 | 243,83 |  0,00 | 208,818 | 47,43 | 47,43 | 482,096 |   NaN | NaN | 0,00 | 0,00 | NaN
  59 |  0,00 | 2,299 | 582,88 | 582,88 | 619,65 |  0,00 | 0,171 | 44,35 | 44,35 |  0,00 | 0,179 | 242,65 | 242,65 |  0,00 | 0,267 | 248,44 | 248,44 |  0,00 | 85,407 | 47,43 | 47,43 | 327,255 |   NaN | NaN | 0,00 | 0,00 | NaN
  60 |  0,00 | 5,748 | 578,31 | 578,31 | 612,38 |  0,00 | 0,107 | 44,35 | 44,35 |  0,00 | 0,167 | 243,95 | 243,95 |  0,00 | 0,425 | 242,58 | 242,58 |  0,00 | 224,186 | 47,43 | 47,43 | 531,206 |   NaN | NaN | 0,00 | 0,00 | NaN
  61 |  0,00 | 5,217 | 581,75 | 581,75 | 616,09 |  0,00 | 0,128 | 44,35 | 44,35 |  0,00 | 0,166 | 244,78 | 244,78 |  0,00 | 0,417 | 245,18 | 245,18 |  0,00 | 203,075 | 47,43 | 47,43 | 597,938 |   NaN | NaN | 0,00 | 0,00 | NaN
  62 |  0,00 | 5,851 | 581,27 | 581,27 | 624,71 |  0,00 | 0,190 | 44,35 | 44,35 |  0,00 | 0,339 | 243,93 | 243,93 |  0,00 | 0,445 | 245,56 | 245,56 |  0,00 | 225,441 | 47,43 | 47,43 | 519,555 |   NaN | NaN | 0,00 | 0,00 | NaN
  63 |  0,00 | 3,987 | 579,11 | 579,11 | 613,56 |  0,00 | 0,145 | 44,35 | 44,35 |  0,00 | 0,170 | 244,97 | 244,97 |  0,00 | 0,326 | 242,36 | 242,36 |  0,00 | 153,354 | 47,43 | 47,43 | 593,208 |   NaN | NaN | 0,00 | 0,00 | NaN
  64 |  0,00 | 5,883 | 574,30 | 574,30 | 617,37 |  0,00 | 0,189 | 44,35 | 44,35 |  0,00 | 0,298 | 241,24 | 241,24 |  0,00 | 0,455 | 241,27 | 241,27 |  0,00 | 225,497 | 47,43 | 47,43 | 554,937 |   NaN | NaN | 0,00 | 0,00 | NaN

= = = = = = = = = = = = AVERAGE RESULTS system = = = = = = = = = = = =
meanPLR_system | 0,000000 
meanDelay_system | 3,436514 
meanLoad_system | 578,925027 
meanTHR_system | 578,925027 
meanGate_system | 615,209573 

meanPLR_EF_system | 0,000000 
meanPLR_AF_system | 0,000000 
meanPLR_BE_system | 0,000000 
meanPLR_FLA_system | 0,000000 
meanPLR_FLB_system | NaN 

meanTHR_EF_system | 44,352003 
meanTHR_AF_system | 243,745896 
meanTHR_BE_system | 243,394119 
meanTHR_FLA_system | 48,337681 
meanTHR_FLB_system | 0,000000 

meanLoad_EF_system | 44,352003 
meanLoad_AF_system | 243,745896 
meanLoad_BE_system | 243,394119 
meanLoad_FLA_system | 48,337681 
meanLoad_FLB_system | 0,000000 

meanDELAY_EF_system | 0,150371 
meanDELAY_AF_system | 0,243462 
meanDELAY_BE_system | 0,420056 
meanDELAY_FLA_system | 129,335192 
meanDELAY_FLB_system | NaN 
meanDELAY_CompleteFLA_system | 371,821405 
meanDELAY_CompleteFLB_system | NaN 

= = = = = = = = = = = = AVERAGE RESULTS = = = = = = = = = = = =
Packet Loss Ratio: 00,00 (%)
PROCESSED PACKAGES: 1637818593 
DISCARTED PACKAGES: 0 
TOTAL PACKAGES: 1637818593 
AVERAGE DELAY: 548,51 (ms) 
AVERAGE THROUGHPUT: 578,93 (Mbps) 
GRANTED THROUGHPUT: 39373,41 (Mbps) By 64 ONUs
EFFECTIVE THROUGHPUT: 37051,20 (Mbps) By 64 ONUs
TOTAL LOAD: 37051,20 (Mbps) By 64 ONUs
ON Arrival THROUGHPUT: 0,00 (Mbps) By 64 ONUs
FINISHTIMEFL: 157,293437 
FINISHTIME: 160,293437 


fileName | IPACT_LBVARIBLETOKENSBYCYCLE_3_36_65_0 
