
ONU ID 	|  PLR(%) | Delay(ms) | Throughput(Mbps) | Granted Throughput(Mbps) | Total Load (Mbps) 

  ID |  PLR(%) |  D  | Thr |  Gates  |  Load  | PLR-EF | D-EF | ThrEF | LoadEF | PLR-AF | D-AF | ThrAF | LoadAF | PLR-BE | D-BE | ThrBE | LoadBE | PLR-FA | D-FA | ThrFA | LoadFA | DTFA |  PLR-FB | D-FB | ThrFB | LoadFB | DTFB | 
   1 |  0,00 | 0,432 | 541,57 | 541,57 | 582,07 |  0,00 | 0,151 | 44,35 | 44,35 |  0,00 | 0,301 | 228,29 | 228,29 |  0,00 | 0,409 | 221,45 | 221,45 |  0,00 | 7,439 | 47,48 | 47,48 | 36,468 |   NaN | NaN | 0,00 | 0,00 | NaN
   2 |  0,00 | 0,980 | 543,15 | 543,15 | 588,59 |  0,00 | 0,163 | 44,35 | 44,35 |  0,00 | 0,196 | 226,52 | 226,52 |  0,00 | 0,267 | 224,80 | 224,80 |  0,00 | 30,728 | 47,48 | 47,48 | 104,364 |   NaN | NaN | 0,00 | 0,00 | NaN
   3 |  0,00 | 0,675 | 539,24 | 539,24 | 575,83 |  0,00 | 0,100 | 44,35 | 44,35 |  0,00 | 0,162 | 224,44 | 224,44 |  0,00 | 0,358 | 222,96 | 222,96 |  0,00 | 19,577 | 47,48 | 47,48 | 74,338 |   NaN | NaN | 0,00 | 0,00 | NaN
   4 |  0,00 | 0,400 | 545,31 | 545,31 | 581,72 |  0,00 | 0,105 | 44,35 | 44,35 |  0,00 | 0,252 | 228,76 | 228,76 |  0,00 | 0,430 | 224,72 | 224,72 |  0,00 | 7,376 | 47,48 | 47,48 | 35,641 |   NaN | NaN | 0,00 | 0,00 | NaN
   5 |  0,00 | 1,176 | 541,01 | 541,01 | 578,23 |  0,00 | 0,131 | 44,35 | 44,35 |  0,00 | 0,136 | 224,60 | 224,60 |  0,00 | 0,262 | 224,58 | 224,58 |  0,00 | 39,531 | 47,48 | 47,48 | 137,449 |   NaN | NaN | 0,00 | 0,00 | NaN
   6 |  0,00 | 0,834 | 544,61 | 544,61 | 580,37 |  0,00 | 0,082 | 44,35 | 44,35 |  0,00 | 0,093 | 227,46 | 227,46 |  0,00 | 0,331 | 225,32 | 225,32 |  0,00 | 27,066 | 47,48 | 47,48 | 101,103 |   NaN | NaN | 0,00 | 0,00 | NaN
   7 |  0,00 | 0,504 | 541,79 | 541,79 | 578,48 |  0,00 | 0,098 | 44,35 | 44,35 |  0,00 | 0,296 | 225,64 | 225,64 |  0,00 | 0,520 | 224,32 | 224,32 |  0,00 | 10,350 | 47,48 | 47,48 | 43,380 |   NaN | NaN | 0,00 | 0,00 | NaN
   8 |  0,00 | 0,805 | 542,53 | 542,53 | 582,35 |  0,00 | 0,148 | 44,35 | 44,35 |  0,00 | 0,167 | 224,05 | 224,05 |  0,00 | 0,259 | 226,65 | 226,65 |  0,00 | 24,559 | 47,48 | 47,48 | 96,927 |   NaN | NaN | 0,00 | 0,00 | NaN
   9 |  0,00 | 0,425 | 544,21 | 544,21 | 580,48 |  0,00 | 0,088 | 44,35 | 44,35 |  0,00 | 0,188 | 227,13 | 227,13 |  0,00 | 0,418 | 225,25 | 225,25 |  0,00 | 9,390 | 47,48 | 47,48 | 43,995 |   NaN | NaN | 0,00 | 0,00 | NaN
  10 |  0,00 | 0,454 | 540,54 | 540,54 | 580,38 |  0,00 | 0,149 | 44,35 | 44,35 |  0,00 | 0,293 | 224,76 | 224,76 |  0,00 | 0,411 | 223,95 | 223,95 |  0,00 | 8,373 | 47,48 | 47,48 | 37,122 |   NaN | NaN | 0,00 | 0,00 | NaN
  11 |  0,00 | 4,535 | 540,20 | 540,20 | 576,64 |  0,00 | 0,088 | 44,35 | 44,35 |  0,00 | 0,163 | 222,58 | 222,58 |  0,00 | 0,375 | 225,79 | 225,79 |  0,00 | 169,435 | 47,48 | 47,48 | 489,462 |   NaN | NaN | 0,00 | 0,00 | NaN
  12 |  0,00 | 0,845 | 540,81 | 540,81 | 581,35 |  0,00 | 0,151 | 44,35 | 44,35 |  0,00 | 0,155 | 224,13 | 224,13 |  0,00 | 0,239 | 224,85 | 224,85 |  0,00 | 26,271 | 47,48 | 47,48 | 99,535 |   NaN | NaN | 0,00 | 0,00 | NaN
  13 |  0,00 | 0,887 | 537,85 | 537,85 | 574,62 |  0,00 | 0,115 | 44,35 | 44,35 |  0,00 | 0,173 | 223,55 | 223,55 |  0,00 | 0,365 | 222,47 | 222,47 |  0,00 | 27,277 | 47,48 | 47,48 | 94,674 |   NaN | NaN | 0,00 | 0,00 | NaN
  14 |  0,00 | 1,086 | 543,39 | 543,39 | 585,80 |  0,00 | 0,157 | 44,35 | 44,35 |  0,00 | 0,162 | 225,27 | 225,27 |  0,00 | 0,236 | 226,28 | 226,28 |  0,00 | 35,594 | 47,48 | 47,48 | 125,040 |   NaN | NaN | 0,00 | 0,00 | NaN
  15 |  0,00 | 0,449 | 541,20 | 541,20 | 581,63 |  0,00 | 0,150 | 44,35 | 44,35 |  0,00 | 0,321 | 222,33 | 222,33 |  0,00 | 0,394 | 227,04 | 227,04 |  0,00 | 8,032 | 47,48 | 47,48 | 38,756 |   NaN | NaN | 0,00 | 0,00 | NaN
  16 |  0,00 | 0,588 | 547,37 | 547,37 | 585,71 |  0,00 | 0,142 | 44,35 | 44,35 |  0,00 | 0,184 | 225,98 | 225,98 |  0,00 | 0,301 | 229,56 | 229,56 |  0,00 | 15,752 | 47,48 | 47,48 | 66,128 |   NaN | NaN | 0,00 | 0,00 | NaN
  17 |  0,00 | 0,536 | 544,55 | 544,55 | 586,16 |  0,00 | 0,155 | 44,35 | 44,35 |  0,00 | 0,234 | 226,91 | 226,91 |  0,00 | 0,313 | 225,81 | 225,81 |  0,00 | 12,904 | 47,48 | 47,48 | 54,978 |   NaN | NaN | 0,00 | 0,00 | NaN
  18 |  0,00 | 2,399 | 539,42 | 539,42 | 576,66 |  0,00 | 0,131 | 44,35 | 44,35 |  0,00 | 0,148 | 222,93 | 222,93 |  0,00 | 0,260 | 224,67 | 224,67 |  0,00 | 86,770 | 47,48 | 47,48 | 367,773 |   NaN | NaN | 0,00 | 0,00 | NaN
  19 |  0,00 | 2,273 | 536,55 | 536,55 | 573,36 |  0,00 | 0,122 | 44,35 | 44,35 |  0,00 | 0,129 | 221,62 | 221,62 |  0,00 | 0,269 | 223,10 | 223,10 |  0,00 | 81,948 | 47,48 | 47,48 | 219,319 |   NaN | NaN | 0,00 | 0,00 | NaN
  20 |  0,00 | 4,015 | 539,05 | 539,05 | 575,72 |  0,00 | 0,118 | 44,35 | 44,35 |  0,00 | 0,137 | 225,68 | 225,68 |  0,00 | 0,324 | 221,54 | 221,54 |  0,00 | 149,248 | 47,48 | 47,48 | 493,606 |   NaN | NaN | 0,00 | 0,00 | NaN
  21 |  0,00 | 0,413 | 534,17 | 534,17 | 570,81 |  0,00 | 0,122 | 44,35 | 44,35 |  0,00 | 0,265 | 221,21 | 221,21 |  0,00 | 0,430 | 221,14 | 221,14 |  0,00 | 7,396 | 47,48 | 47,48 | 35,786 |   NaN | NaN | 0,00 | 0,00 | NaN
  22 |  0,00 | 1,205 | 545,64 | 545,64 | 589,77 |  0,00 | 0,161 | 44,35 | 44,35 |  0,00 | 0,167 | 230,07 | 230,07 |  0,00 | 0,230 | 223,74 | 223,74 |  0,00 | 40,252 | 47,48 | 47,48 | 141,531 |   NaN | NaN | 0,00 | 0,00 | NaN
  23 |  0,00 | 4,421 | 542,41 | 542,41 | 581,03 |  0,00 | 0,143 | 44,35 | 44,35 |  0,00 | 0,278 | 225,64 | 225,64 |  0,00 | 0,318 | 224,94 | 224,94 |  0,00 | 163,787 | 47,48 | 47,48 | 385,835 |   NaN | NaN | 0,00 | 0,00 | NaN
  24 |  0,00 | 0,812 | 542,03 | 542,03 | 578,68 |  0,00 | 0,105 | 44,35 | 44,35 |  0,00 | 0,160 | 224,42 | 224,42 |  0,00 | 0,370 | 225,78 | 225,78 |  0,00 | 24,737 | 47,48 | 47,48 | 88,511 |   NaN | NaN | 0,00 | 0,00 | NaN
  25 |  0,00 | 0,450 | 546,29 | 546,29 | 590,95 |  0,00 | 0,162 | 44,35 | 44,35 |  0,00 | 0,298 | 225,21 | 225,21 |  0,00 | 0,355 | 229,25 | 229,25 |  0,00 | 8,449 | 47,48 | 47,48 | 40,072 |   NaN | NaN | 0,00 | 0,00 | NaN
  26 |  0,00 | 0,518 | 540,25 | 540,25 | 583,44 |  0,00 | 0,159 | 44,35 | 44,35 |  0,00 | 0,315 | 225,24 | 225,24 |  0,00 | 0,440 | 223,19 | 223,19 |  0,00 | 10,216 | 47,48 | 47,48 | 41,042 |   NaN | NaN | 0,00 | 0,00 | NaN
  27 |  0,00 | 2,332 | 538,16 | 538,16 | 574,49 |  0,00 | 0,086 | 44,35 | 44,35 |  0,00 | 0,092 | 224,57 | 224,57 |  0,00 | 0,318 | 221,77 | 221,77 |  0,00 | 84,993 | 47,48 | 47,48 | 339,679 |   NaN | NaN | 0,00 | 0,00 | NaN
  28 |  0,00 | 4,859 | 537,33 | 537,33 | 578,04 |  0,00 | 0,151 | 44,35 | 44,35 |  0,00 | 0,331 | 224,07 | 224,07 |  0,00 | 0,418 | 221,44 | 221,44 |  0,00 | 178,389 | 47,48 | 47,48 | 412,452 |   NaN | NaN | 0,00 | 0,00 | NaN
  29 |  0,00 | 4,584 | 544,23 | 544,23 | 581,32 |  0,00 | 0,131 | 44,35 | 44,35 |  0,00 | 0,215 | 226,19 | 226,19 |  0,00 | 0,370 | 226,21 | 226,21 |  0,00 | 170,773 | 47,48 | 47,48 | 459,886 |   NaN | NaN | 0,00 | 0,00 | NaN
  30 |  0,00 | 3,162 | 538,70 | 538,70 | 583,11 |  0,00 | 0,161 | 44,35 | 44,35 |  0,00 | 0,176 | 222,74 | 222,74 |  0,00 | 0,234 | 224,13 | 224,13 |  0,00 | 115,674 | 47,48 | 47,48 | 471,015 |   NaN | NaN | 0,00 | 0,00 | NaN
  31 |  0,00 | 4,415 | 540,56 | 540,56 | 577,58 |  0,00 | 0,128 | 44,35 | 44,35 |  0,00 | 0,205 | 226,22 | 226,22 |  0,00 | 0,402 | 222,52 | 222,52 |  0,00 | 163,480 | 47,48 | 47,48 | 387,316 |   NaN | NaN | 0,00 | 0,00 | NaN
  32 |  0,00 | 4,391 | 543,63 | 543,63 | 579,92 |  0,00 | 0,085 | 44,35 | 44,35 |  0,00 | 0,129 | 225,78 | 225,78 |  0,00 | 0,412 | 226,02 | 226,02 |  0,00 | 164,487 | 47,48 | 47,48 | 487,878 |   NaN | NaN | 0,00 | 0,00 | NaN
  33 |  0,00 | 3,835 | 539,79 | 539,79 | 579,99 |  0,00 | 0,150 | 44,35 | 44,35 |  0,00 | 0,214 | 224,47 | 224,47 |  0,00 | 0,363 | 223,49 | 223,49 |  0,00 | 140,688 | 47,48 | 47,48 | 500,281 |   NaN | NaN | 0,00 | 0,00 | NaN
  34 |  0,00 | 2,171 | 539,05 | 539,05 | 577,32 |  0,00 | 0,141 | 44,35 | 44,35 |  0,00 | 0,148 | 224,36 | 224,36 |  0,00 | 0,253 | 222,87 | 222,87 |  0,00 | 77,775 | 47,48 | 47,48 | 272,178 |   NaN | NaN | 0,00 | 0,00 | NaN
  35 |  0,00 | 2,127 | 545,16 | 545,16 | 581,65 |  0,00 | 0,090 | 44,35 | 44,35 |  0,00 | 0,099 | 226,97 | 226,97 |  0,00 | 0,305 | 226,36 | 226,36 |  0,00 | 77,551 | 47,48 | 47,48 | 257,564 |   NaN | NaN | 0,00 | 0,00 | NaN
  36 |  0,00 | 2,289 | 540,64 | 540,64 | 579,43 |  0,00 | 0,143 | 44,35 | 44,35 |  0,00 | 0,155 | 222,14 | 222,14 |  0,00 | 0,248 | 226,67 | 226,67 |  0,00 | 82,434 | 47,48 | 47,48 | 311,532 |   NaN | NaN | 0,00 | 0,00 | NaN
  37 |  0,00 | 4,263 | 545,49 | 545,49 | 582,44 |  0,00 | 0,126 | 44,35 | 44,35 |  0,00 | 0,186 | 228,23 | 228,23 |  0,00 | 0,320 | 225,44 | 225,44 |  0,00 | 159,311 | 47,48 | 47,48 | 480,134 |   NaN | NaN | 0,00 | 0,00 | NaN
  38 |  0,00 | 2,857 | 544,46 | 544,46 | 581,15 |  0,00 | 0,118 | 44,35 | 44,35 |  0,00 | 0,124 | 227,14 | 227,14 |  0,00 | 0,279 | 225,49 | 225,49 |  0,00 | 105,400 | 47,48 | 47,48 | 448,785 |   NaN | NaN | 0,00 | 0,00 | NaN
  39 |  0,00 | 3,906 | 534,06 | 534,06 | 578,33 |  0,00 | 0,161 | 44,35 | 44,35 |  0,00 | 0,177 | 222,03 | 222,03 |  0,00 | 0,251 | 220,21 | 220,21 |  0,00 | 143,714 | 47,48 | 47,48 | 496,570 |   NaN | NaN | 0,00 | 0,00 | NaN
  40 |  0,00 | 2,485 | 536,37 | 536,37 | 580,59 |  0,00 | 0,161 | 44,35 | 44,35 |  0,00 | 0,176 | 224,11 | 224,11 |  0,00 | 0,240 | 220,43 | 220,43 |  0,00 | 89,204 | 47,48 | 47,48 | 358,457 |   NaN | NaN | 0,00 | 0,00 | NaN
  41 |  0,00 | 4,669 | 544,87 | 544,87 | 583,78 |  0,00 | 0,144 | 44,35 | 44,35 |  0,00 | 0,307 | 223,77 | 223,77 |  0,00 | 0,508 | 229,27 | 229,27 |  0,00 | 171,862 | 47,48 | 47,48 | 428,318 |   NaN | NaN | 0,00 | 0,00 | NaN
  42 |  0,00 | 4,632 | 546,39 | 546,39 | 582,90 |  0,00 | 0,090 | 44,35 | 44,35 |  0,00 | 0,162 | 227,14 | 227,14 |  0,00 | 0,379 | 227,42 | 227,42 |  0,00 | 174,260 | 47,48 | 47,48 | 465,865 |   NaN | NaN | 0,00 | 0,00 | NaN
  43 |  0,00 | 3,860 | 547,26 | 547,26 | 590,07 |  0,00 | 0,168 | 44,35 | 44,35 |  0,00 | 0,174 | 228,36 | 228,36 |  0,00 | 0,237 | 227,08 | 227,08 |  0,00 | 143,868 | 47,48 | 47,48 | 492,317 |   NaN | NaN | 0,00 | 0,00 | NaN
  44 |  0,00 | 4,656 | 544,76 | 544,76 | 580,68 |  0,00 | 0,082 | 44,35 | 44,35 |  0,00 | 0,150 | 225,42 | 225,42 |  0,00 | 0,530 | 227,51 | 227,51 |  0,00 | 173,791 | 47,48 | 47,48 | 420,557 |   NaN | NaN | 0,00 | 0,00 | NaN
  45 |  0,00 | 4,585 | 540,89 | 540,89 | 586,80 |  0,00 | 0,164 | 44,35 | 44,35 |  0,00 | 0,251 | 227,48 | 227,48 |  0,00 | 0,373 | 221,58 | 221,58 |  0,00 | 169,277 | 47,48 | 47,48 | 450,333 |   NaN | NaN | 0,00 | 0,00 | NaN
  46 |  0,00 | 3,966 | 541,43 | 541,43 | 578,01 |  0,00 | 0,104 | 44,35 | 44,35 |  0,00 | 0,133 | 223,40 | 223,40 |  0,00 | 0,321 | 226,20 | 226,20 |  0,00 | 147,987 | 47,48 | 47,48 | 496,216 |   NaN | NaN | 0,00 | 0,00 | NaN
  47 |  0,00 | 4,248 | 539,53 | 539,53 | 576,18 |  0,00 | 0,101 | 44,35 | 44,35 |  0,00 | 0,196 | 224,32 | 224,32 |  0,00 | 0,458 | 223,39 | 223,39 |  0,00 | 156,945 | 47,48 | 47,48 | 369,926 |   NaN | NaN | 0,00 | 0,00 | NaN
  48 |  0,00 | 4,799 | 540,02 | 540,02 | 577,26 |  0,00 | 0,131 | 44,35 | 44,35 |  0,00 | 0,259 | 224,14 | 224,14 |  0,00 | 0,390 | 224,05 | 224,05 |  0,00 | 177,853 | 47,48 | 47,48 | 426,346 |   NaN | NaN | 0,00 | 0,00 | NaN
  49 |  0,00 | 4,242 | 539,35 | 539,35 | 578,05 |  0,00 | 0,143 | 44,35 | 44,35 |  0,00 | 0,222 | 224,38 | 224,38 |  0,00 | 0,362 | 223,14 | 223,14 |  0,00 | 156,460 | 47,48 | 47,48 | 370,263 |   NaN | NaN | 0,00 | 0,00 | NaN
  50 |  0,00 | 3,896 | 541,88 | 541,88 | 578,48 |  0,00 | 0,098 | 44,35 | 44,35 |  0,00 | 0,116 | 225,79 | 225,79 |  0,00 | 0,317 | 224,26 | 224,26 |  0,00 | 145,653 | 47,48 | 47,48 | 505,543 |   NaN | NaN | 0,00 | 0,00 | NaN
  51 |  0,00 | 4,666 | 541,84 | 541,84 | 578,40 |  0,00 | 0,096 | 44,35 | 44,35 |  0,00 | 0,173 | 224,22 | 224,22 |  0,00 | 0,427 | 225,80 | 225,80 |  0,00 | 174,154 | 47,48 | 47,48 | 430,196 |   NaN | NaN | 0,00 | 0,00 | NaN
  52 |  0,00 | 4,752 | 542,71 | 542,71 | 579,58 |  0,00 | 0,122 | 44,35 | 44,35 |  0,00 | 0,195 | 222,37 | 222,37 |  0,00 | 0,478 | 228,52 | 228,52 |  0,00 | 176,409 | 47,48 | 47,48 | 445,731 |   NaN | NaN | 0,00 | 0,00 | NaN
  53 |  0,00 | 4,466 | 542,31 | 542,31 | 578,94 |  0,00 | 0,109 | 44,35 | 44,35 |  0,00 | 0,134 | 226,34 | 226,34 |  0,00 | 0,315 | 224,15 | 224,15 |  0,00 | 167,498 | 47,48 | 47,48 | 501,811 |   NaN | NaN | 0,00 | 0,00 | NaN
  54 |  0,00 | 4,715 | 537,69 | 537,69 | 574,36 |  0,00 | 0,112 | 44,35 | 44,35 |  0,00 | 0,217 | 224,60 | 224,60 |  0,00 | 0,392 | 221,26 | 221,26 |  0,00 | 174,909 | 47,48 | 47,48 | 454,446 |   NaN | NaN | 0,00 | 0,00 | NaN
  55 |  0,00 | 2,593 | 537,99 | 537,99 | 574,56 |  0,00 | 0,097 | 44,35 | 44,35 |  0,00 | 0,108 | 222,54 | 222,54 |  0,00 | 0,308 | 223,62 | 223,62 |  0,00 | 94,782 | 47,48 | 47,48 | 409,186 |   NaN | NaN | 0,00 | 0,00 | NaN
  56 |  0,00 | 4,675 | 537,62 | 537,62 | 574,25 |  0,00 | 0,103 | 44,35 | 44,35 |  0,00 | 0,178 | 223,12 | 223,12 |  0,00 | 0,529 | 222,67 | 222,67 |  0,00 | 172,677 | 47,48 | 47,48 | 421,441 |   NaN | NaN | 0,00 | 0,00 | NaN
  57 |  0,00 | 4,497 | 540,34 | 540,34 | 576,95 |  0,00 | 0,100 | 44,35 | 44,35 |  0,00 | 0,239 | 223,61 | 223,61 |  0,00 | 0,386 | 224,90 | 224,90 |  0,00 | 167,038 | 47,48 | 47,48 | 392,857 |   NaN | NaN | 0,00 | 0,00 | NaN
  58 |  0,00 | 4,531 | 543,69 | 543,69 | 580,71 |  0,00 | 0,128 | 44,35 | 44,35 |  0,00 | 0,224 | 226,90 | 226,90 |  0,00 | 0,374 | 224,96 | 224,96 |  0,00 | 168,555 | 47,48 | 47,48 | 399,497 |   NaN | NaN | 0,00 | 0,00 | NaN
  59 |  0,00 | 2,190 | 545,00 | 545,00 | 584,71 |  0,00 | 0,148 | 44,35 | 44,35 |  0,00 | 0,152 | 223,90 | 223,90 |  0,00 | 0,242 | 229,28 | 229,28 |  0,00 | 78,904 | 47,48 | 47,48 | 276,394 |   NaN | NaN | 0,00 | 0,00 | NaN
  60 |  0,00 | 4,789 | 540,93 | 540,93 | 577,08 |  0,00 | 0,084 | 44,35 | 44,35 |  0,00 | 0,122 | 225,11 | 225,11 |  0,00 | 0,377 | 223,99 | 223,99 |  0,00 | 179,893 | 47,48 | 47,48 | 441,752 |   NaN | NaN | 0,00 | 0,00 | NaN
  61 |  0,00 | 4,245 | 544,08 | 544,08 | 580,73 |  0,00 | 0,105 | 44,35 | 44,35 |  0,00 | 0,129 | 225,97 | 225,97 |  0,00 | 0,343 | 226,29 | 226,29 |  0,00 | 159,078 | 47,48 | 47,48 | 499,643 |   NaN | NaN | 0,00 | 0,00 | NaN
  62 |  0,00 | 4,766 | 543,75 | 543,75 | 590,44 |  0,00 | 0,166 | 44,35 | 44,35 |  0,00 | 0,278 | 225,15 | 225,15 |  0,00 | 0,360 | 226,77 | 226,77 |  0,00 | 176,604 | 47,48 | 47,48 | 425,251 |   NaN | NaN | 0,00 | 0,00 | NaN
  63 |  0,00 | 3,026 | 541,68 | 541,68 | 578,49 |  0,00 | 0,122 | 44,35 | 44,35 |  0,00 | 0,136 | 226,09 | 226,09 |  0,00 | 0,283 | 223,76 | 223,76 |  0,00 | 111,486 | 47,48 | 47,48 | 463,994 |   NaN | NaN | 0,00 | 0,00 | NaN
  64 |  0,00 | 4,635 | 537,28 | 537,28 | 583,63 |  0,00 | 0,165 | 44,35 | 44,35 |  0,00 | 0,233 | 222,65 | 222,65 |  0,00 | 0,343 | 222,80 | 222,80 |  0,00 | 170,992 | 47,48 | 47,48 | 451,161 |   NaN | NaN | 0,00 | 0,00 | NaN

= = = = = = = = = = = = AVERAGE RESULTS system = = = = = = = = = = = =
meanPLR_system | 0,000000 
meanDelay_system | 2,842081 
meanLoad_system | 541,501334 
meanTHR_system | 541,501334 
meanGate_system | 580,331798 

meanPLR_EF_system | 0,000000 
meanPLR_AF_system | 0,000000 
meanPLR_BE_system | 0,000000 
meanPLR_FLA_system | 0,000000 
meanPLR_FLB_system | NaN 

meanTHR_EF_system | 44,352004 
meanTHR_AF_system | 225,003890 
meanTHR_BE_system | 224,669780 
meanTHR_FLA_system | 48,381976 
meanTHR_FLB_system | 0,000000 

meanLoad_EF_system | 44,352004 
meanLoad_AF_system | 225,003890 
meanLoad_BE_system | 224,669780 
meanLoad_FLA_system | 48,381976 
meanLoad_FLB_system | 0,000000 

meanDELAY_EF_system | 0,126723 
meanDELAY_AF_system | 0,192003 
meanDELAY_BE_system | 0,348881 
meanDELAY_FLA_system | 103,082274 
meanDELAY_FLB_system | NaN 
meanDELAY_CompleteFLA_system | 306,493844 
meanDELAY_CompleteFLB_system | NaN 

= = = = = = = = = = = = AVERAGE RESULTS = = = = = = = = = = = =
Packet Loss Ratio: 00,00 (%)
PROCESSED PACKAGES: 1576080071 
DISCARTED PACKAGES: 0 
TOTAL PACKAGES: 1576080071 
AVERAGE DELAY: 436,95 (ms) 
AVERAGE THROUGHPUT: 541,50 (Mbps) 
GRANTED THROUGHPUT: 37141,24 (Mbps) By 64 ONUs
EFFECTIVE THROUGHPUT: 34656,09 (Mbps) By 64 ONUs
TOTAL LOAD: 34656,09 (Mbps) By 64 ONUs
ON Arrival THROUGHPUT: 0,00 (Mbps) By 64 ONUs
FINISHTIMEFL: 157,149431 
FINISHTIME: 160,149431 


fileName | IPACT_LBVARIBLETOKENSBYCYCLE_3_36_60_0 
