
ONU ID 	|  PLR(%) | Delay(ms) | Throughput(Mbps) | Granted Throughput(Mbps) | Total Load (Mbps) 

  ID |  PLR(%) |  D  | Thr |  Gates  |  Load  | PLR-EF | D-EF | ThrEF | LoadEF | PLR-AF | D-AF | ThrAF | LoadAF | PLR-BE | D-BE | ThrBE | LoadBE | PLR-FA | D-FA | ThrFA | LoadFA | DTFA |  PLR-FB | D-FB | ThrFB | LoadFB | DTFB | 
   1 |  3,47 | 261,827 | 754,98 | 782,13 | 759,50 |  0,00 | 1,406 | 44,35 | 44,35 |  0,00 | 13,778 | 357,71 | 357,71 |  7,70 | 943,587 | 325,29 | 352,43 |  0,00 | 138,980 | 27,63 | 27,63 | 298,172 |   NaN | NaN | 0,00 | 0,00 | NaN
   2 |  3,27 | 246,257 | 753,02 | 778,47 | 757,56 |  0,00 | 1,418 | 44,35 | 44,35 |  0,00 | 15,784 | 355,85 | 355,85 |  7,26 | 882,615 | 325,18 | 350,63 |  0,00 | 139,100 | 27,63 | 27,63 | 298,392 |   NaN | NaN | 0,00 | 0,00 | NaN
   3 |  2,73 | 228,876 | 752,41 | 773,57 | 756,91 |  0,00 | 1,355 | 44,35 | 44,35 |  0,00 | 14,094 | 350,17 | 350,17 |  6,02 | 807,874 | 330,26 | 351,41 |  0,00 | 139,024 | 27,63 | 27,63 | 298,313 |   NaN | NaN | 0,00 | 0,00 | NaN
   4 |  3,43 | 260,638 | 755,10 | 781,94 | 759,60 |  0,00 | 1,360 | 44,35 | 44,35 |  0,00 | 14,716 | 356,84 | 356,84 |  7,60 | 935,434 | 326,28 | 353,11 |  0,00 | 138,919 | 27,63 | 27,63 | 298,049 |   NaN | NaN | 0,00 | 0,00 | NaN
   5 |  2,49 | 230,847 | 752,83 | 772,03 | 757,34 |  0,00 | 1,386 | 44,35 | 44,35 |  0,00 | 15,575 | 350,91 | 350,91 |  5,50 | 814,235 | 329,94 | 349,13 |  0,00 | 138,969 | 27,63 | 27,63 | 298,170 |   NaN | NaN | 0,00 | 0,00 | NaN
   6 |  3,21 | 261,530 | 752,99 | 777,95 | 757,47 |  0,00 | 1,334 | 44,35 | 44,35 |  0,00 | 15,096 | 354,12 | 354,12 |  7,09 | 935,139 | 326,89 | 351,85 |  0,00 | 139,006 | 27,63 | 27,63 | 298,241 |   NaN | NaN | 0,00 | 0,00 | NaN
   7 |  2,91 | 246,492 | 754,70 | 777,30 | 759,19 |  0,00 | 1,353 | 44,35 | 44,35 |  0,00 | 15,091 | 352,28 | 352,28 |  6,40 | 871,839 | 330,43 | 353,04 |  0,00 | 139,018 | 27,63 | 27,63 | 298,242 |   NaN | NaN | 0,00 | 0,00 | NaN
   8 |  3,51 | 262,189 | 754,62 | 782,10 | 759,14 |  0,00 | 1,403 | 44,35 | 44,35 |  0,00 | 13,483 | 354,23 | 354,23 |  7,72 | 935,929 | 328,41 | 355,89 |  0,00 | 138,992 | 27,63 | 27,63 | 298,246 |   NaN | NaN | 0,00 | 0,00 | NaN
   9 |  3,15 | 242,866 | 753,41 | 777,90 | 757,92 |  0,00 | 1,343 | 44,35 | 44,35 |  0,00 | 14,662 | 352,22 | 352,22 |  6,92 | 861,305 | 329,21 | 353,70 |  0,00 | 138,909 | 27,63 | 27,63 | 298,138 |   NaN | NaN | 0,00 | 0,00 | NaN
  10 |  2,99 | 244,538 | 754,25 | 777,51 | 758,76 |  0,00 | 1,404 | 44,35 | 44,35 |  0,00 | 13,402 | 354,40 | 354,40 |  6,63 | 872,808 | 327,86 | 351,13 |  0,00 | 139,079 | 27,63 | 27,63 | 298,212 |   NaN | NaN | 0,00 | 0,00 | NaN
  11 |  3,02 | 239,845 | 753,69 | 777,16 | 758,18 |  0,00 | 1,343 | 44,35 | 44,35 |  0,00 | 12,634 | 351,78 | 351,78 |  6,64 | 851,031 | 329,92 | 353,39 |  0,00 | 138,701 | 27,63 | 27,63 | 297,774 |   NaN | NaN | 0,00 | 0,00 | NaN
  12 |  2,94 | 237,975 | 754,75 | 777,59 | 759,25 |  0,00 | 1,406 | 44,35 | 44,35 |  0,00 | 14,292 | 351,83 | 351,83 |  6,46 | 840,408 | 330,94 | 353,78 |  0,00 | 139,032 | 27,63 | 27,63 | 298,275 |   NaN | NaN | 0,00 | 0,00 | NaN
  13 |  2,13 | 218,007 | 751,91 | 768,30 | 756,42 |  0,00 | 1,370 | 44,35 | 44,35 |  0,00 | 13,844 | 350,07 | 350,07 |  4,73 | 769,318 | 329,85 | 346,24 |  0,00 | 139,039 | 27,63 | 27,63 | 298,322 |   NaN | NaN | 0,00 | 0,00 | NaN
  14 |  3,79 | 261,664 | 752,94 | 782,60 | 757,46 |  0,00 | 1,412 | 44,35 | 44,35 |  0,00 | 12,948 | 354,92 | 354,92 |  8,34 | 940,085 | 326,03 | 355,70 |  0,00 | 138,956 | 27,63 | 27,63 | 298,113 |   NaN | NaN | 0,00 | 0,00 | NaN
  15 |  2,96 | 244,897 | 753,72 | 776,75 | 758,24 |  0,00 | 1,406 | 44,35 | 44,35 |  0,00 | 15,716 | 348,03 | 348,03 |  6,45 | 856,404 | 333,71 | 356,74 |  0,00 | 138,977 | 27,63 | 27,63 | 298,218 |   NaN | NaN | 0,00 | 0,00 | NaN
  16 |  3,99 | 277,690 | 753,86 | 785,20 | 758,36 |  0,00 | 1,397 | 44,35 | 44,35 |  0,00 | 14,780 | 355,18 | 355,18 |  8,75 | 995,603 | 326,70 | 358,04 |  0,00 | 139,014 | 27,63 | 27,63 | 298,257 |   NaN | NaN | 0,00 | 0,00 | NaN
  17 |  3,12 | 254,114 | 753,85 | 778,15 | 758,37 |  0,00 | 1,410 | 44,35 | 44,35 |  0,00 | 14,499 | 354,64 | 354,64 |  6,91 | 907,936 | 327,23 | 351,53 |  0,00 | 139,043 | 27,63 | 27,63 | 298,270 |   NaN | NaN | 0,00 | 0,00 | NaN
  18 |  2,67 | 249,329 | 754,57 | 775,24 | 759,07 |  0,00 | 1,386 | 44,35 | 44,35 |  0,00 | 12,921 | 352,36 | 352,36 |  5,89 | 885,045 | 330,22 | 350,90 |  0,00 | 138,317 | 27,63 | 27,63 | 296,904 |   NaN | NaN | 0,00 | 0,00 | NaN
  19 |  2,02 | 224,227 | 754,95 | 770,54 | 759,44 |  0,00 | 1,377 | 44,35 | 44,35 |  0,00 | 13,101 | 347,68 | 347,68 |  4,44 | 781,688 | 335,28 | 350,88 |  0,00 | 138,884 | 27,63 | 27,63 | 298,022 |   NaN | NaN | 0,00 | 0,00 | NaN
  20 |  2,15 | 224,097 | 752,45 | 769,01 | 756,93 |  0,00 | 1,373 | 44,35 | 44,35 |  0,00 | 14,722 | 351,83 | 351,83 |  4,80 | 793,564 | 328,63 | 345,20 |  0,00 | 138,558 | 27,63 | 27,63 | 297,554 |   NaN | NaN | 0,00 | 0,00 | NaN
  21 |  1,95 | 216,996 | 752,49 | 767,46 | 756,99 |  0,00 | 1,377 | 44,35 | 44,35 |  0,00 | 12,534 | 349,12 | 349,12 |  4,32 | 763,787 | 331,39 | 346,36 |  0,00 | 138,948 | 27,63 | 27,63 | 298,177 |   NaN | NaN | 0,00 | 0,00 | NaN
  22 |  3,45 | 257,176 | 753,83 | 780,78 | 758,36 |  0,00 | 1,416 | 44,35 | 44,35 |  0,00 | 14,191 | 358,12 | 358,12 |  7,69 | 929,577 | 323,72 | 350,67 |  0,00 | 138,963 | 27,63 | 27,63 | 298,147 |   NaN | NaN | 0,00 | 0,00 | NaN
  23 |  3,20 | 253,297 | 754,83 | 779,78 | 759,35 |  0,00 | 1,398 | 44,35 | 44,35 |  0,00 | 12,308 | 354,22 | 354,22 |  7,06 | 904,541 | 328,62 | 353,58 |  0,00 | 138,989 | 27,63 | 27,63 | 298,142 |   NaN | NaN | 0,00 | 0,00 | NaN
  24 |  3,75 | 259,901 | 754,65 | 784,09 | 759,14 |  0,00 | 1,360 | 44,35 | 44,35 |  0,00 | 12,572 | 355,39 | 355,39 |  8,25 | 931,849 | 327,27 | 356,72 |  0,00 | 138,998 | 27,63 | 27,63 | 298,280 |   NaN | NaN | 0,00 | 0,00 | NaN
  25 |  3,17 | 259,813 | 755,29 | 780,03 | 759,82 |  0,00 | 1,417 | 44,35 | 44,35 |  0,00 | 12,451 | 350,07 | 350,07 |  6,91 | 915,621 | 333,24 | 357,98 |  0,00 | 138,969 | 27,63 | 27,63 | 298,183 |   NaN | NaN | 0,00 | 0,00 | NaN
  26 |  2,59 | 240,612 | 754,61 | 774,64 | 759,13 |  0,00 | 1,414 | 44,35 | 44,35 |  0,00 | 13,967 | 352,48 | 352,48 |  5,72 | 852,240 | 330,14 | 350,18 |  0,00 | 139,027 | 27,63 | 27,63 | 298,272 |   NaN | NaN | 0,00 | 0,00 | NaN
  27 |  2,54 | 243,248 | 753,84 | 773,49 | 758,32 |  0,00 | 1,340 | 44,35 | 44,35 |  0,00 | 14,919 | 353,13 | 353,13 |  5,64 | 864,116 | 328,73 | 348,38 |  0,00 | 138,299 | 27,63 | 27,63 | 296,860 |   NaN | NaN | 0,00 | 0,00 | NaN
  28 |  2,10 | 229,712 | 754,52 | 770,73 | 759,02 |  0,00 | 1,406 | 44,35 | 44,35 |  0,00 | 13,486 | 351,27 | 351,27 |  4,67 | 810,486 | 331,26 | 347,47 |  0,00 | 138,946 | 27,63 | 27,63 | 298,090 |   NaN | NaN | 0,00 | 0,00 | NaN
  29 |  3,09 | 241,877 | 753,50 | 777,55 | 758,00 |  0,00 | 1,386 | 44,35 | 44,35 |  0,00 | 14,528 | 351,17 | 351,17 |  6,79 | 854,910 | 330,34 | 354,39 |  0,00 | 138,890 | 27,63 | 27,63 | 298,010 |   NaN | NaN | 0,00 | 0,00 | NaN
  30 |  2,83 | 238,516 | 752,82 | 774,76 | 757,35 |  0,00 | 1,416 | 44,35 | 44,35 |  0,00 | 14,239 | 350,58 | 350,58 |  6,23 | 842,982 | 330,26 | 352,20 |  0,00 | 138,327 | 27,63 | 27,63 | 297,019 |   NaN | NaN | 0,00 | 0,00 | NaN
  31 |  2,69 | 247,553 | 754,41 | 775,26 | 758,92 |  0,00 | 1,383 | 44,35 | 44,35 |  0,00 | 13,360 | 352,69 | 352,69 |  5,95 | 879,350 | 329,74 | 350,59 |  0,00 | 138,961 | 27,63 | 27,63 | 298,113 |   NaN | NaN | 0,00 | 0,00 | NaN
  32 |  3,18 | 246,661 | 755,02 | 779,81 | 759,51 |  0,00 | 1,339 | 44,35 | 44,35 |  0,00 | 14,607 | 352,95 | 352,95 |  6,99 | 873,921 | 330,08 | 354,87 |  0,00 | 138,633 | 27,63 | 27,63 | 297,723 |   NaN | NaN | 0,00 | 0,00 | NaN
  33 |  2,60 | 247,948 | 753,49 | 773,61 | 757,99 |  0,00 | 1,405 | 44,35 | 44,35 |  0,00 | 15,725 | 349,93 | 349,93 |  5,72 | 872,491 | 331,58 | 351,70 |  0,00 | 138,511 | 27,63 | 27,63 | 297,532 |   NaN | NaN | 0,00 | 0,00 | NaN
  34 |  2,81 | 245,795 | 754,80 | 776,60 | 759,30 |  0,00 | 1,396 | 44,35 | 44,35 |  0,00 | 14,235 | 351,79 | 351,79 |  6,18 | 868,877 | 331,02 | 352,82 |  0,00 | 138,230 | 27,63 | 27,63 | 296,697 |   NaN | NaN | 0,00 | 0,00 | NaN
  35 |  3,26 | 263,101 | 755,19 | 780,66 | 759,70 |  0,00 | 1,345 | 44,35 | 44,35 |  0,00 | 12,964 | 354,56 | 354,56 |  7,19 | 939,905 | 328,65 | 354,12 |  0,00 | 138,185 | 27,63 | 27,63 | 296,448 |   NaN | NaN | 0,00 | 0,00 | NaN
  36 |  2,60 | 238,633 | 754,47 | 774,59 | 758,97 |  0,00 | 1,398 | 44,35 | 44,35 |  0,00 | 13,375 | 349,66 | 349,66 |  5,70 | 838,805 | 332,82 | 352,94 |  0,00 | 138,283 | 27,63 | 27,63 | 296,802 |   NaN | NaN | 0,00 | 0,00 | NaN
  37 |  3,49 | 260,600 | 754,81 | 782,14 | 759,32 |  0,00 | 1,381 | 44,35 | 44,35 |  0,00 | 13,747 | 356,95 | 356,95 |  7,74 | 937,244 | 325,87 | 353,20 |  0,00 | 138,663 | 27,63 | 27,63 | 297,735 |   NaN | NaN | 0,00 | 0,00 | NaN
  38 |  3,66 | 266,194 | 754,91 | 783,57 | 759,41 |  0,00 | 1,373 | 44,35 | 44,35 |  0,00 | 11,109 | 355,65 | 355,65 |  8,05 | 956,765 | 327,28 | 355,94 |  0,00 | 138,405 | 27,63 | 27,63 | 297,075 |   NaN | NaN | 0,00 | 0,00 | NaN
  39 |  2,04 | 216,047 | 754,23 | 769,95 | 758,76 |  0,00 | 1,416 | 44,35 | 44,35 |  0,00 | 16,600 | 351,09 | 351,09 |  4,53 | 757,664 | 331,15 | 346,88 |  0,00 | 138,427 | 27,63 | 27,63 | 297,360 |   NaN | NaN | 0,00 | 0,00 | NaN
  40 |  2,06 | 211,015 | 751,42 | 767,26 | 755,94 |  0,00 | 1,416 | 44,35 | 44,35 |  0,00 | 11,621 | 350,54 | 350,54 |  4,60 | 748,129 | 328,90 | 344,74 |  0,00 | 138,304 | 27,63 | 27,63 | 296,878 |   NaN | NaN | 0,00 | 0,00 | NaN
  41 |  3,69 | 247,025 | 753,20 | 782,06 | 757,70 |  0,00 | 1,399 | 44,35 | 44,35 |  0,00 | 13,637 | 352,46 | 352,46 |  8,07 | 878,468 | 328,76 | 357,62 |  0,00 | 138,897 | 27,63 | 27,63 | 297,985 |   NaN | NaN | 0,00 | 0,00 | NaN
  42 |  3,28 | 261,138 | 753,53 | 779,05 | 758,02 |  0,00 | 1,345 | 44,35 | 44,35 |  0,00 | 12,953 | 352,71 | 352,71 |  7,20 | 930,825 | 328,84 | 354,36 |  0,00 | 138,852 | 27,63 | 27,63 | 297,950 |   NaN | NaN | 0,00 | 0,00 | NaN
  43 |  3,88 | 258,517 | 753,51 | 783,88 | 758,02 |  0,00 | 1,423 | 44,35 | 44,35 |  0,00 | 12,620 | 357,21 | 357,21 |  8,56 | 934,258 | 324,31 | 354,69 |  0,00 | 138,515 | 27,63 | 27,63 | 297,414 |   NaN | NaN | 0,00 | 0,00 | NaN
  44 |  3,21 | 267,522 | 754,67 | 779,69 | 759,15 |  0,00 | 1,335 | 44,35 | 44,35 |  0,00 | 13,949 | 353,47 | 353,47 |  7,06 | 952,898 | 329,22 | 354,24 |  0,00 | 138,825 | 27,63 | 27,63 | 297,898 |   NaN | NaN | 0,00 | 0,00 | NaN
  45 |  3,10 | 252,330 | 754,64 | 778,75 | 759,16 |  0,00 | 1,420 | 44,35 | 44,35 |  0,00 | 13,760 | 356,01 | 356,01 |  6,87 | 904,376 | 326,64 | 350,75 |  0,00 | 138,902 | 27,63 | 27,63 | 298,023 |   NaN | NaN | 0,00 | 0,00 | NaN
  46 |  3,05 | 238,702 | 753,78 | 777,53 | 758,26 |  0,00 | 1,359 | 44,35 | 44,35 |  0,00 | 15,923 | 351,98 | 351,98 |  6,72 | 843,675 | 329,82 | 353,56 |  0,00 | 138,608 | 27,63 | 27,63 | 297,582 |   NaN | NaN | 0,00 | 0,00 | NaN
  47 |  3,14 | 242,407 | 753,56 | 778,02 | 758,06 |  0,00 | 1,357 | 44,35 | 44,35 |  0,00 | 14,698 | 355,58 | 355,58 |  6,98 | 868,034 | 326,00 | 350,46 |  0,00 | 138,827 | 27,63 | 27,63 | 297,991 |   NaN | NaN | 0,00 | 0,00 | NaN
  48 |  2,77 | 245,696 | 753,31 | 774,81 | 757,81 |  0,00 | 1,386 | 44,35 | 44,35 |  0,00 | 15,546 | 351,96 | 351,96 |  6,13 | 870,175 | 329,37 | 350,87 |  0,00 | 138,880 | 27,63 | 27,63 | 298,024 |   NaN | NaN | 0,00 | 0,00 | NaN
  49 |  2,81 | 240,817 | 753,42 | 775,19 | 757,91 |  0,00 | 1,399 | 44,35 | 44,35 |  0,00 | 15,385 | 352,69 | 352,69 |  6,21 | 854,099 | 328,74 | 350,52 |  0,00 | 138,930 | 27,63 | 27,63 | 298,070 |   NaN | NaN | 0,00 | 0,00 | NaN
  50 |  3,14 | 254,135 | 754,96 | 779,44 | 759,44 |  0,00 | 1,353 | 44,35 | 44,35 |  0,00 | 13,607 | 356,39 | 356,39 |  6,97 | 911,694 | 326,58 | 351,06 |  0,00 | 138,455 | 27,63 | 27,63 | 297,353 |   NaN | NaN | 0,00 | 0,00 | NaN
  51 |  3,18 | 261,898 | 753,66 | 778,38 | 758,15 |  0,00 | 1,351 | 44,35 | 44,35 |  0,00 | 12,922 | 352,13 | 352,13 |  6,98 | 931,708 | 329,54 | 354,26 |  0,00 | 138,822 | 27,63 | 27,63 | 297,982 |   NaN | NaN | 0,00 | 0,00 | NaN
  52 |  2,58 | 238,264 | 751,79 | 771,71 | 756,28 |  0,00 | 1,377 | 44,35 | 44,35 |  0,00 | 15,055 | 347,38 | 347,38 |  5,65 | 835,004 | 332,42 | 352,34 |  0,00 | 138,884 | 27,63 | 27,63 | 298,053 |   NaN | NaN | 0,00 | 0,00 | NaN
  53 |  3,18 | 257,450 | 755,07 | 779,86 | 759,57 |  0,00 | 1,364 | 44,35 | 44,35 |  0,00 | 15,223 | 354,39 | 354,39 |  7,01 | 916,604 | 328,69 | 353,48 |  0,00 | 138,658 | 27,63 | 27,63 | 297,727 |   NaN | NaN | 0,00 | 0,00 | NaN
  54 |  2,42 | 240,499 | 754,72 | 773,45 | 759,22 |  0,00 | 1,367 | 44,35 | 44,35 |  0,00 | 13,341 | 352,96 | 352,96 |  5,38 | 853,640 | 329,77 | 348,51 |  0,00 | 138,801 | 27,63 | 27,63 | 297,916 |   NaN | NaN | 0,00 | 0,00 | NaN
  55 |  2,91 | 238,586 | 754,30 | 776,93 | 758,80 |  0,00 | 1,352 | 44,35 | 44,35 |  0,00 | 14,510 | 351,83 | 351,83 |  6,41 | 843,385 | 330,48 | 353,12 |  0,00 | 138,434 | 27,63 | 27,63 | 297,046 |   NaN | NaN | 0,00 | 0,00 | NaN
  56 |  2,56 | 245,084 | 754,05 | 773,83 | 758,56 |  0,00 | 1,358 | 44,35 | 44,35 |  0,00 | 13,626 | 349,70 | 349,70 |  5,62 | 862,816 | 332,37 | 352,15 |  0,00 | 138,883 | 27,63 | 27,63 | 298,032 |   NaN | NaN | 0,00 | 0,00 | NaN
  57 |  3,15 | 240,701 | 753,82 | 778,36 | 758,32 |  0,00 | 1,355 | 44,35 | 44,35 |  0,00 | 14,126 | 352,52 | 352,52 |  6,94 | 853,853 | 329,31 | 353,86 |  0,00 | 138,922 | 27,63 | 27,63 | 298,106 |   NaN | NaN | 0,00 | 0,00 | NaN
  58 |  2,83 | 255,022 | 754,65 | 776,62 | 759,14 |  0,00 | 1,384 | 44,35 | 44,35 |  0,00 | 12,528 | 351,22 | 351,22 |  6,22 | 902,537 | 331,44 | 353,41 |  0,00 | 138,955 | 27,63 | 27,63 | 298,094 |   NaN | NaN | 0,00 | 0,00 | NaN
  59 |  3,53 | 257,204 | 754,05 | 781,64 | 758,54 |  0,00 | 1,403 | 44,35 | 44,35 |  0,00 | 12,682 | 353,34 | 353,34 |  7,74 | 917,440 | 328,73 | 356,32 |  0,00 | 138,200 | 27,63 | 27,63 | 296,645 |   NaN | NaN | 0,00 | 0,00 | NaN
  60 |  2,84 | 252,139 | 753,74 | 775,74 | 758,23 |  0,00 | 1,337 | 44,35 | 44,35 |  0,00 | 12,886 | 352,15 | 352,15 |  6,26 | 896,350 | 329,61 | 351,61 |  0,00 | 138,837 | 27,63 | 27,63 | 297,904 |   NaN | NaN | 0,00 | 0,00 | NaN
  61 |  3,18 | 249,755 | 755,10 | 779,92 | 759,59 |  0,00 | 1,360 | 44,35 | 44,35 |  0,00 | 11,936 | 353,23 | 353,23 |  7,00 | 888,504 | 329,88 | 354,70 |  0,00 | 138,545 | 27,63 | 27,63 | 297,544 |   NaN | NaN | 0,00 | 0,00 | NaN
  62 |  3,29 | 262,266 | 753,84 | 779,52 | 758,38 |  0,00 | 1,422 | 44,35 | 44,35 |  0,00 | 12,546 | 353,86 | 353,86 |  7,26 | 937,903 | 328,00 | 353,68 |  0,00 | 139,004 | 27,63 | 27,63 | 298,162 |   NaN | NaN | 0,00 | 0,00 | NaN
  63 |  3,16 | 238,168 | 753,60 | 778,15 | 758,09 |  0,00 | 1,377 | 44,35 | 44,35 |  0,00 | 13,422 | 353,23 | 353,23 |  6,96 | 847,887 | 328,38 | 352,93 |  0,00 | 138,318 | 27,63 | 27,63 | 297,017 |   NaN | NaN | 0,00 | 0,00 | NaN
  64 |  2,47 | 230,638 | 753,89 | 772,98 | 758,44 |  0,00 | 1,420 | 44,35 | 44,35 |  0,00 | 13,461 | 348,45 | 348,45 |  5,42 | 808,155 | 333,45 | 352,54 |  0,00 | 138,891 | 27,63 | 27,63 | 297,994 |   NaN | NaN | 0,00 | 0,00 | NaN

= = = = = = = = = = = = AVERAGE RESULTS system = = = = = = = = = = = =
meanPLR_system | 2,974896 
meanDelay_system | 246,540049 
meanLoad_system | 777,089400 
meanTHR_system | 753,952370 
meanGate_system | 758,456760 

meanPLR_EF_system | 0,000000 
meanPLR_AF_system | 0,000000 
meanPLR_BE_system | 6,559396 
meanPLR_FLA_system | 0,000000 
meanPLR_FLB_system | NaN 

meanTHR_EF_system | 44,352003 
meanTHR_AF_system | 352,738725 
meanTHR_BE_system | 329,229607 
meanTHR_FLA_system | 28,024884 
meanTHR_FLB_system | 0,000000 

meanLoad_EF_system | 44,352003 
meanLoad_AF_system | 352,738725 
meanLoad_BE_system | 352,366637 
meanLoad_FLA_system | 28,024884 
meanLoad_FLB_system | 0,000000 

meanDELAY_EF_system | 1,381675 
meanDELAY_AF_system | 13,875287 
meanDELAY_BE_system | 876,084254 
meanDELAY_FLA_system | 138,770589 
meanDELAY_FLB_system | NaN 
meanDELAY_CompleteFLA_system | 297,811547 
meanDELAY_CompleteFLB_system | NaN 

= = = = = = = = = = = = AVERAGE RESULTS = = = = = = = = = = = =
Packet Loss Ratio: 02,98 (%)
PROCESSED PACKAGES: 2583520341 
DISCARTED PACKAGES: 49401287 
TOTAL PACKAGES: 2632921628 
AVERAGE DELAY: 46503,91 (ms) 
AVERAGE THROUGHPUT: 753,95 (Mbps) 
GRANTED THROUGHPUT: 48541,23 (Mbps) By 64 ONUs
EFFECTIVE THROUGHPUT: 48252,95 (Mbps) By 64 ONUs
TOTAL LOAD: 49733,72 (Mbps) By 64 ONUs
ON Arrival THROUGHPUT: 0,00 (Mbps) By 64 ONUs
FINISHTIMEFL: 211,012471 
FINISHTIME: 214,012471 


fileName | IPACT_STRICTPRIORITY_5_28_94_0 
