
ONU ID 	|  PLR(%) | Delay(ms) | Throughput(Mbps) | Granted Throughput(Mbps) | Total Load (Mbps) 

  ID |  PLR(%) |  D  | Thr |  Gates  |  Load  | PLR-EF | D-EF | ThrEF | LoadEF | PLR-AF | D-AF | ThrAF | LoadAF | PLR-BE | D-BE | ThrBE | LoadBE | PLR-FA | D-FA | ThrFA | LoadFA | DTFA |  PLR-FB | D-FB | ThrFB | LoadFB | DTFB | 
   1 |  0,00 | 36,374 | 752,47 | 752,47 | 757,99 |  0,00 | 1,198 | 44,35 | 44,35 |  0,00 | 9,680 | 342,89 | 342,89 |  0,00 | 112,193 | 337,48 | 337,48 |  0,00 | 125,219 | 27,75 | 27,75 | 270,303 |   NaN | NaN | 0,00 | 0,00 | NaN
   2 |  0,00 | 48,475 | 748,30 | 748,30 | 754,22 |  0,00 | 1,210 | 44,35 | 44,35 |  0,00 | 9,871 | 340,69 | 340,69 |  0,00 | 155,133 | 335,50 | 335,50 |  0,00 | 130,430 | 27,75 | 27,75 | 280,546 |   NaN | NaN | 0,00 | 0,00 | NaN
   3 |  0,02 | 44,825 | 743,39 | 743,53 | 748,80 |  0,00 | 1,146 | 44,35 | 44,35 |  0,00 | 11,092 | 335,02 | 335,02 |  0,04 | 140,252 | 336,27 | 336,41 |  0,00 | 129,484 | 27,75 | 27,75 | 278,883 |   NaN | NaN | 0,00 | 0,00 | NaN
   4 |  0,00 | 35,490 | 751,36 | 751,36 | 756,75 |  0,00 | 1,152 | 44,35 | 44,35 |  0,00 | 8,701 | 341,27 | 341,27 |  0,00 | 109,932 | 337,98 | 337,98 |  0,00 | 123,662 | 27,75 | 27,75 | 266,574 |   NaN | NaN | 0,00 | 0,00 | NaN
   5 |  0,02 | 52,467 | 742,29 | 742,42 | 747,75 |  0,00 | 1,177 | 44,35 | 44,35 |  0,00 | 12,451 | 335,96 | 335,96 |  0,04 | 166,583 | 334,23 | 334,36 |  0,00 | 131,292 | 27,75 | 27,75 | 282,594 |   NaN | NaN | 0,00 | 0,00 | NaN
   6 |  0,00 | 47,743 | 748,38 | 748,38 | 753,80 |  0,00 | 1,126 | 44,35 | 44,35 |  0,00 | 12,120 | 339,17 | 339,17 |  0,00 | 149,699 | 337,11 | 337,11 |  0,00 | 130,641 | 27,75 | 27,75 | 280,689 |   NaN | NaN | 0,00 | 0,00 | NaN
   7 |  0,00 | 36,774 | 746,90 | 746,90 | 752,30 |  0,00 | 1,144 | 44,35 | 44,35 |  0,00 | 9,969 | 337,02 | 337,02 |  0,00 | 112,782 | 337,78 | 337,78 |  0,00 | 126,670 | 27,75 | 27,75 | 273,392 |   NaN | NaN | 0,00 | 0,00 | NaN
   8 |  0,00 | 40,413 | 752,31 | 752,31 | 757,84 |  0,00 | 1,194 | 44,35 | 44,35 |  0,00 | 10,552 | 339,23 | 339,23 |  0,00 | 124,294 | 340,99 | 340,99 |  0,00 | 129,884 | 27,75 | 27,75 | 280,422 |   NaN | NaN | 0,00 | 0,00 | NaN
   9 |  0,00 | 39,225 | 748,51 | 748,51 | 753,90 |  0,00 | 1,134 | 44,35 | 44,35 |  0,00 | 11,372 | 337,55 | 337,55 |  0,00 | 119,784 | 338,86 | 338,86 |  0,00 | 128,277 | 27,75 | 27,75 | 276,363 |   NaN | NaN | 0,00 | 0,00 | NaN
  10 |  0,00 | 33,469 | 747,67 | 747,67 | 753,17 |  0,00 | 1,195 | 44,35 | 44,35 |  0,00 | 9,604 | 339,39 | 339,39 |  0,00 | 101,949 | 336,18 | 336,18 |  0,00 | 125,169 | 27,75 | 27,75 | 270,259 |   NaN | NaN | 0,00 | 0,00 | NaN
  11 |  0,00 | 46,999 | 746,82 | 746,82 | 752,22 |  0,00 | 1,135 | 44,35 | 44,35 |  0,00 | 10,870 | 336,54 | 336,54 |  0,00 | 148,091 | 338,18 | 338,18 |  0,00 | 122,309 | 27,75 | 27,75 | 268,473 |   NaN | NaN | 0,00 | 0,00 | NaN
  12 |  0,00 | 45,917 | 747,72 | 747,72 | 753,32 |  0,00 | 1,197 | 44,35 | 44,35 |  0,00 | 13,164 | 337,06 | 337,06 |  0,00 | 141,423 | 338,56 | 338,56 |  0,00 | 130,867 | 27,75 | 27,75 | 281,980 |   NaN | NaN | 0,00 | 0,00 | NaN
  13 |  0,00 | 41,380 | 739,25 | 739,25 | 744,68 |  0,00 | 1,162 | 44,35 | 44,35 |  0,00 | 10,280 | 335,62 | 335,62 |  0,00 | 130,076 | 331,53 | 331,53 |  0,00 | 130,284 | 27,75 | 27,75 | 280,665 |   NaN | NaN | 0,00 | 0,00 | NaN
  14 |  0,00 | 49,204 | 752,48 | 752,48 | 758,19 |  0,00 | 1,203 | 44,35 | 44,35 |  0,00 | 11,374 | 340,02 | 340,02 |  0,00 | 154,559 | 340,36 | 340,36 |  0,00 | 131,349 | 27,75 | 27,75 | 282,571 |   NaN | NaN | 0,00 | 0,00 | NaN
  15 |  0,00 | 39,410 | 746,50 | 746,50 | 752,06 |  0,00 | 1,197 | 44,35 | 44,35 |  0,00 | 11,361 | 333,31 | 333,31 |  0,00 | 119,566 | 341,09 | 341,09 |  0,00 | 126,454 | 27,75 | 27,75 | 272,891 |   NaN | NaN | 0,00 | 0,00 | NaN
  16 |  0,00 | 40,650 | 755,03 | 755,03 | 760,49 |  0,00 | 1,188 | 44,35 | 44,35 |  0,00 | 10,854 | 340,20 | 340,20 |  0,00 | 124,494 | 342,73 | 342,73 |  0,00 | 129,026 | 27,75 | 27,75 | 278,230 |   NaN | NaN | 0,00 | 0,00 | NaN
  17 |  0,00 | 41,057 | 748,16 | 748,16 | 753,79 |  0,00 | 1,201 | 44,35 | 44,35 |  0,00 | 9,654 | 339,49 | 339,49 |  0,00 | 128,622 | 336,57 | 336,57 |  0,00 | 128,567 | 27,75 | 27,75 | 277,142 |   NaN | NaN | 0,00 | 0,00 | NaN
  18 |  0,00 | 26,854 | 744,70 | 744,70 | 750,20 |  0,00 | 1,178 | 44,35 | 44,35 |  0,00 | 7,500 | 336,97 | 336,97 |  0,00 | 81,547 | 335,64 | 335,64 |  0,00 | 101,981 | 27,75 | 27,75 | 228,324 |   NaN | NaN | 0,00 | 0,00 | NaN
  19 |  0,00 | 55,999 | 740,93 | 740,93 | 746,45 |  0,00 | 1,169 | 44,35 | 44,35 |  0,00 | 13,456 | 332,92 | 332,92 |  0,00 | 177,116 | 335,91 | 335,91 |  0,00 | 132,919 | 27,75 | 27,75 | 285,692 |   NaN | NaN | 0,00 | 0,00 | NaN
  20 |  0,00 | 45,955 | 739,75 | 739,75 | 745,15 |  0,00 | 1,164 | 44,35 | 44,35 |  0,00 | 10,930 | 336,80 | 336,80 |  0,00 | 146,640 | 330,85 | 330,85 |  0,00 | 118,929 | 27,75 | 27,75 | 261,617 |   NaN | NaN | 0,00 | 0,00 | NaN
  21 |  0,00 | 29,660 | 737,69 | 737,69 | 743,06 |  0,00 | 1,169 | 44,35 | 44,35 |  0,00 | 11,447 | 334,10 | 334,10 |  0,00 | 87,094 | 331,48 | 331,48 |  0,00 | 125,925 | 27,75 | 27,75 | 271,787 |   NaN | NaN | 0,00 | 0,00 | NaN
  22 |  0,00 | 55,119 | 751,23 | 751,23 | 757,12 |  0,00 | 1,207 | 44,35 | 44,35 |  0,00 | 13,747 | 343,15 | 343,15 |  0,00 | 174,912 | 335,98 | 335,98 |  0,00 | 132,191 | 27,75 | 27,75 | 284,227 |   NaN | NaN | 0,00 | 0,00 | NaN
  23 |  0,00 | 48,793 | 749,07 | 749,07 | 754,56 |  0,00 | 1,190 | 44,35 | 44,35 |  0,00 | 10,961 | 338,59 | 338,59 |  0,00 | 154,049 | 338,37 | 338,37 |  0,00 | 130,707 | 27,75 | 27,75 | 282,048 |   NaN | NaN | 0,00 | 0,00 | NaN
  24 |  0,00 | 48,536 | 752,99 | 753,00 | 758,42 |  0,00 | 1,151 | 44,35 | 44,35 |  0,00 | 11,893 | 339,86 | 339,86 |  0,00 | 151,575 | 341,03 | 341,04 |  0,00 | 130,258 | 27,75 | 27,75 | 280,357 |   NaN | NaN | 0,00 | 0,00 | NaN
  25 |  0,00 | 38,264 | 749,65 | 749,65 | 755,52 |  0,00 | 1,209 | 44,35 | 44,35 |  0,00 | 10,075 | 335,21 | 335,21 |  0,00 | 116,721 | 342,34 | 342,34 |  0,00 | 125,139 | 27,75 | 27,75 | 271,587 |   NaN | NaN | 0,00 | 0,00 | NaN
  26 |  0,00 | 34,576 | 744,76 | 744,76 | 750,49 |  0,00 | 1,205 | 44,35 | 44,35 |  0,00 | 11,493 | 337,55 | 337,55 |  0,00 | 104,012 | 335,11 | 335,11 |  0,00 | 126,760 | 27,75 | 27,75 | 273,349 |   NaN | NaN | 0,00 | 0,00 | NaN
  27 |  0,00 | 30,426 | 743,92 | 743,92 | 749,41 |  0,00 | 1,131 | 44,35 | 44,35 |  0,00 | 6,741 | 338,22 | 338,22 |  0,00 | 95,827 | 333,60 | 333,60 |  0,00 | 96,139 | 27,75 | 27,75 | 217,556 |   NaN | NaN | 0,00 | 0,00 | NaN
  28 |  0,00 | 48,510 | 740,91 | 740,91 | 746,51 |  0,00 | 1,198 | 44,35 | 44,35 |  0,00 | 10,457 | 336,09 | 336,09 |  0,00 | 155,070 | 332,72 | 332,72 |  0,00 | 130,601 | 27,75 | 27,75 | 282,050 |   NaN | NaN | 0,00 | 0,00 | NaN
  29 |  0,00 | 49,298 | 747,10 | 747,10 | 752,49 |  0,00 | 1,177 | 44,35 | 44,35 |  0,00 | 10,488 | 336,06 | 336,06 |  0,00 | 156,068 | 338,93 | 338,93 |  0,00 | 125,277 | 27,75 | 27,75 | 274,245 |   NaN | NaN | 0,00 | 0,00 | NaN
  30 |  0,00 | 39,187 | 745,77 | 745,77 | 751,66 |  0,00 | 1,207 | 44,35 | 44,35 |  0,00 | 8,835 | 335,94 | 335,94 |  0,00 | 122,978 | 337,73 | 337,73 |  0,00 | 111,048 | 27,75 | 27,75 | 246,580 |   NaN | NaN | 0,00 | 0,00 | NaN
  31 |  0,00 | 48,930 | 745,05 | 745,05 | 750,49 |  0,00 | 1,174 | 44,35 | 44,35 |  0,00 | 11,380 | 337,60 | 337,60 |  0,00 | 154,948 | 335,35 | 335,35 |  0,00 | 130,738 | 27,75 | 27,75 | 282,133 |   NaN | NaN | 0,00 | 0,00 | NaN
  32 |  0,00 | 48,771 | 749,61 | 749,61 | 755,00 |  0,00 | 1,131 | 44,35 | 44,35 |  0,00 | 10,359 | 337,69 | 337,69 |  0,00 | 154,487 | 339,81 | 339,81 |  0,00 | 121,578 | 27,75 | 27,75 | 267,227 |   NaN | NaN | 0,00 | 0,00 | NaN
  33 |  0,00 | 36,820 | 744,44 | 744,44 | 749,98 |  0,00 | 1,196 | 44,35 | 44,35 |  0,00 | 9,161 | 335,63 | 335,63 |  0,00 | 114,304 | 336,71 | 336,71 |  0,00 | 115,409 | 27,75 | 27,75 | 255,305 |   NaN | NaN | 0,00 | 0,00 | NaN
  34 |  0,00 | 19,019 | 746,52 | 746,52 | 752,04 |  0,00 | 1,188 | 44,35 | 44,35 |  0,00 | 5,185 | 336,56 | 336,56 |  0,00 | 56,737 | 337,86 | 337,86 |  0,00 | 80,799 | 27,75 | 27,75 | 186,472 |   NaN | NaN | 0,00 | 0,00 | NaN
  35 |  0,00 | 17,847 | 750,82 | 750,82 | 756,31 |  0,00 | 1,137 | 44,35 | 44,35 |  0,00 | 4,465 | 339,53 | 339,53 |  0,00 | 53,714 | 339,19 | 339,19 |  0,00 | 72,570 | 27,75 | 27,75 | 165,583 |   NaN | NaN | 0,00 | 0,00 | NaN
  36 |  0,00 | 27,233 | 744,81 | 744,81 | 750,38 |  0,00 | 1,190 | 44,35 | 44,35 |  0,00 | 6,322 | 334,50 | 334,50 |  0,00 | 83,997 | 338,20 | 338,20 |  0,00 | 90,385 | 27,75 | 27,75 | 206,644 |   NaN | NaN | 0,00 | 0,00 | NaN
  37 |  0,00 | 50,626 | 751,85 | 751,85 | 757,25 |  0,00 | 1,172 | 44,35 | 44,35 |  0,00 | 10,794 | 341,48 | 341,48 |  0,00 | 161,503 | 338,26 | 338,26 |  0,00 | 120,930 | 27,75 | 27,75 | 265,879 |   NaN | NaN | 0,00 | 0,00 | NaN
  38 |  0,00 | 35,047 | 752,81 | 752,81 | 758,29 |  0,00 | 1,164 | 44,35 | 44,35 |  0,00 | 7,141 | 340,22 | 340,22 |  0,00 | 109,968 | 340,49 | 340,49 |  0,00 | 107,787 | 27,75 | 27,75 | 240,227 |   NaN | NaN | 0,00 | 0,00 | NaN
  39 |  0,00 | 41,824 | 740,17 | 740,17 | 746,02 |  0,00 | 1,207 | 44,35 | 44,35 |  0,00 | 8,911 | 335,87 | 335,87 |  0,00 | 133,436 | 332,20 | 332,20 |  0,00 | 116,596 | 27,75 | 27,75 | 256,972 |   NaN | NaN | 0,00 | 0,00 | NaN
  40 |  0,00 | 26,956 | 737,90 | 737,90 | 743,86 |  0,00 | 1,207 | 44,35 | 44,35 |  0,00 | 7,809 | 335,63 | 335,63 |  0,00 | 82,503 | 330,17 | 330,17 |  0,00 | 99,864 | 27,75 | 27,75 | 223,997 |   NaN | NaN | 0,00 | 0,00 | NaN
  41 |  0,00 | 53,332 | 751,86 | 751,86 | 757,33 |  0,00 | 1,190 | 44,35 | 44,35 |  0,00 | 10,178 | 337,43 | 337,43 |  0,00 | 169,485 | 342,33 | 342,33 |  0,00 | 128,024 | 27,75 | 27,75 | 278,593 |   NaN | NaN | 0,00 | 0,00 | NaN
  42 |  0,00 | 43,087 | 749,74 | 749,74 | 755,15 |  0,00 | 1,136 | 44,35 | 44,35 |  0,00 | 10,013 | 338,20 | 338,20 |  0,00 | 134,838 | 339,44 | 339,44 |  0,00 | 124,686 | 27,75 | 27,75 | 273,370 |   NaN | NaN | 0,00 | 0,00 | NaN
  43 |  0,00 | 48,205 | 753,43 | 753,43 | 759,23 |  0,00 | 1,215 | 44,35 | 44,35 |  0,00 | 9,606 | 341,78 | 341,78 |  0,00 | 153,847 | 339,56 | 339,56 |  0,00 | 117,469 | 27,75 | 27,75 | 258,535 |   NaN | NaN | 0,00 | 0,00 | NaN
  44 |  0,00 | 52,722 | 750,26 | 750,26 | 755,68 |  0,00 | 1,127 | 44,35 | 44,35 |  0,00 | 10,961 | 338,52 | 338,52 |  0,00 | 167,654 | 339,63 | 339,63 |  0,00 | 129,166 | 27,75 | 27,75 | 280,198 |   NaN | NaN | 0,00 | 0,00 | NaN
  45 |  0,00 | 45,480 | 749,34 | 749,34 | 755,28 |  0,00 | 1,211 | 44,35 | 44,35 |  0,00 | 11,914 | 341,22 | 341,22 |  0,00 | 142,505 | 336,02 | 336,02 |  0,00 | 125,964 | 27,75 | 27,75 | 275,332 |   NaN | NaN | 0,00 | 0,00 | NaN
  46 |  0,04 | 51,339 | 747,51 | 747,84 | 752,91 |  0,00 | 1,150 | 44,35 | 44,35 |  0,00 | 9,681 | 337,24 | 337,24 |  0,09 | 164,856 | 338,18 | 338,50 |  0,00 | 118,064 | 27,75 | 27,75 | 260,152 |   NaN | NaN | 0,00 | 0,00 | NaN
  47 |  0,00 | 52,035 | 748,34 | 748,34 | 753,81 |  0,00 | 1,148 | 44,35 | 44,35 |  0,00 | 11,976 | 340,58 | 340,58 |  0,00 | 165,665 | 335,66 | 335,66 |  0,00 | 131,091 | 27,75 | 27,75 | 282,716 |   NaN | NaN | 0,00 | 0,00 | NaN
  48 |  0,00 | 47,713 | 745,30 | 745,30 | 750,74 |  0,00 | 1,178 | 44,35 | 44,35 |  0,00 | 11,256 | 337,09 | 337,09 |  0,00 | 150,519 | 336,11 | 336,11 |  0,00 | 129,626 | 27,75 | 27,75 | 280,751 |   NaN | NaN | 0,00 | 0,00 | NaN
  49 |  0,00 | 47,252 | 745,37 | 745,37 | 750,88 |  0,00 | 1,190 | 44,35 | 44,35 |  0,00 | 11,324 | 338,00 | 338,00 |  0,00 | 149,075 | 335,28 | 335,28 |  0,00 | 131,127 | 27,75 | 27,75 | 282,734 |   NaN | NaN | 0,00 | 0,00 | NaN
  50 |  0,00 | 41,385 | 749,03 | 749,03 | 754,45 |  0,00 | 1,144 | 44,35 | 44,35 |  0,00 | 10,708 | 341,09 | 341,09 |  0,00 | 129,663 | 335,83 | 335,83 |  0,00 | 116,919 | 27,75 | 27,75 | 257,836 |   NaN | NaN | 0,00 | 0,00 | NaN
  51 |  0,00 | 47,211 | 748,54 | 748,54 | 753,96 |  0,00 | 1,142 | 44,35 | 44,35 |  0,00 | 11,046 | 337,04 | 337,04 |  0,00 | 148,071 | 339,41 | 339,41 |  0,00 | 128,487 | 27,75 | 27,75 | 279,214 |   NaN | NaN | 0,00 | 0,00 | NaN
  52 |  0,00 | 51,196 | 742,02 | 742,02 | 747,43 |  0,00 | 1,169 | 44,35 | 44,35 |  0,00 | 11,022 | 332,54 | 332,54 |  0,00 | 162,234 | 337,37 | 337,37 |  0,00 | 127,208 | 27,75 | 27,75 | 277,452 |   NaN | NaN | 0,00 | 0,00 | NaN
  53 |  0,00 | 44,907 | 749,48 | 749,48 | 754,88 |  0,00 | 1,156 | 44,35 | 44,35 |  0,00 | 10,729 | 338,94 | 338,94 |  0,00 | 141,044 | 338,44 | 338,44 |  0,00 | 120,983 | 27,75 | 27,75 | 266,069 |   NaN | NaN | 0,00 | 0,00 | NaN
  54 |  0,00 | 37,884 | 743,77 | 743,77 | 749,17 |  0,00 | 1,158 | 44,35 | 44,35 |  0,00 | 9,980 | 337,84 | 337,84 |  0,00 | 117,737 | 333,83 | 333,83 |  0,00 | 125,534 | 27,75 | 27,75 | 274,767 |   NaN | NaN | 0,00 | 0,00 | NaN
  55 |  0,00 | 33,837 | 746,54 | 746,54 | 752,00 |  0,00 | 1,143 | 44,35 | 44,35 |  0,00 | 8,356 | 336,50 | 336,50 |  0,00 | 104,727 | 337,93 | 337,93 |  0,00 | 108,834 | 27,75 | 27,75 | 241,910 |   NaN | NaN | 0,00 | 0,00 | NaN
  56 |  0,00 | 38,346 | 744,20 | 744,20 | 749,63 |  0,00 | 1,149 | 44,35 | 44,35 |  0,00 | 10,640 | 335,01 | 335,01 |  0,00 | 117,580 | 337,09 | 337,09 |  0,00 | 129,405 | 27,75 | 27,75 | 280,668 |   NaN | NaN | 0,00 | 0,00 | NaN
  57 |  0,00 | 55,999 | 748,04 | 748,04 | 753,49 |  0,00 | 1,146 | 44,35 | 44,35 |  0,00 | 11,889 | 337,40 | 337,40 |  0,00 | 178,370 | 338,54 | 338,54 |  0,00 | 130,920 | 27,75 | 27,75 | 282,396 |   NaN | NaN | 0,00 | 0,00 | NaN
  58 |  0,00 | 44,832 | 747,00 | 747,00 | 752,47 |  0,00 | 1,175 | 44,35 | 44,35 |  0,00 | 11,677 | 336,54 | 336,54 |  0,00 | 139,129 | 338,36 | 338,36 |  0,00 | 130,572 | 27,75 | 27,75 | 281,917 |   NaN | NaN | 0,00 | 0,00 | NaN
  59 |  0,00 | 22,454 | 751,47 | 751,47 | 757,06 |  0,00 | 1,194 | 44,35 | 44,35 |  0,00 | 5,402 | 338,42 | 338,42 |  0,00 | 68,123 | 340,95 | 340,95 |  0,00 | 84,764 | 27,75 | 27,75 | 194,188 |   NaN | NaN | 0,00 | 0,00 | NaN
  60 |  0,00 | 39,748 | 746,19 | 746,19 | 751,62 |  0,00 | 1,129 | 44,35 | 44,35 |  0,00 | 10,167 | 337,76 | 337,76 |  0,00 | 123,466 | 336,33 | 336,33 |  0,00 | 128,470 | 27,75 | 27,75 | 279,147 |   NaN | NaN | 0,00 | 0,00 | NaN
  61 |  0,00 | 46,208 | 749,87 | 749,87 | 755,27 |  0,00 | 1,151 | 44,35 | 44,35 |  0,00 | 10,329 | 338,16 | 338,16 |  0,00 | 145,607 | 339,62 | 339,62 |  0,00 | 119,971 | 27,75 | 27,75 | 263,804 |   NaN | NaN | 0,00 | 0,00 | NaN
  62 |  0,00 | 47,348 | 749,38 | 749,38 | 755,42 |  0,00 | 1,213 | 44,35 | 44,35 |  0,00 | 11,229 | 338,80 | 338,80 |  0,00 | 148,686 | 338,47 | 338,47 |  0,00 | 129,293 | 27,75 | 27,75 | 280,254 |   NaN | NaN | 0,00 | 0,00 | NaN
  63 |  0,00 | 36,758 | 748,40 | 748,40 | 753,85 |  0,00 | 1,168 | 44,35 | 44,35 |  0,00 | 9,183 | 338,34 | 338,34 |  0,00 | 114,267 | 337,95 | 337,95 |  0,00 | 110,487 | 27,75 | 27,75 | 245,311 |   NaN | NaN | 0,00 | 0,00 | NaN
  64 |  0,00 | 45,957 | 742,82 | 742,82 | 748,82 |  0,00 | 1,212 | 44,35 | 44,35 |  0,00 | 10,717 | 333,63 | 333,63 |  0,00 | 144,288 | 337,10 | 337,10 |  0,00 | 126,002 | 27,75 | 27,75 | 275,296 |   NaN | NaN | 0,00 | 0,00 | NaN

= = = = = = = = = = = = AVERAGE RESULTS system = = = = = = = = = = = =
meanPLR_system | 0,001279 
meanDelay_system | 42,177428 
meanLoad_system | 747,163638 
meanTHR_system | 747,154102 
meanGate_system | 752,694548 

meanPLR_EF_system | 0,000000 
meanPLR_AF_system | 0,000000 
meanPLR_BE_system | 0,002829 
meanPLR_FLA_system | 0,000000 
meanPLR_FLB_system | NaN 

meanTHR_EF_system | 44,352002 
meanTHR_AF_system | 337,729870 
meanTHR_BE_system | 337,324863 
meanTHR_FLA_system | 28,143526 
meanTHR_FLB_system | 0,000000 

meanLoad_EF_system | 44,352002 
meanLoad_AF_system | 337,729870 
meanLoad_BE_system | 337,334399 
meanLoad_FLA_system | 28,143526 
meanLoad_FLB_system | 0,000000 

meanDELAY_EF_system | 1,173052 
meanDELAY_AF_system | 10,195405 
meanDELAY_BE_system | 132,032433 
meanDELAY_FLA_system | 121,518443 
meanDELAY_FLB_system | NaN 
meanDELAY_CompleteFLA_system | 265,069471 
meanDELAY_CompleteFLB_system | NaN 

= = = = = = = = = = = = AVERAGE RESULTS = = = = = = = = = = = =
Packet Loss Ratio: 00,00 (%)
PROCESSED PACKAGES: 2557746537 
DISCARTED PACKAGES: 20256 
TOTAL PACKAGES: 2557766793 
AVERAGE DELAY: 7909,70 (ms) 
AVERAGE THROUGHPUT: 747,15 (Mbps) 
GRANTED THROUGHPUT: 48172,45 (Mbps) By 64 ONUs
EFFECTIVE THROUGHPUT: 47817,86 (Mbps) By 64 ONUs
TOTAL LOAD: 47818,47 (Mbps) By 64 ONUs
ON Arrival THROUGHPUT: 0,00 (Mbps) By 64 ONUs
FINISHTIMEFL: 210,122922 
FINISHTIME: 213,122922 


fileName | IPACT_STRICTPRIORITY_5_28_90_0 
