
ONU ID 	|  PLR(%) | Delay(ms) | Throughput(Mbps) | Granted Throughput(Mbps) | Total Load (Mbps) 

  ID |  PLR(%) |  D  | Thr |  Gates  |  Load  | PLR-EF | D-EF | ThrEF | LoadEF | PLR-AF | D-AF | ThrAF | LoadAF | PLR-BE | D-BE | ThrBE | LoadBE | PLR-FA | D-FA | ThrFA | LoadFA | DTFA |  PLR-FB | D-FB | ThrFB | LoadFB | DTFB | 
   1 |  0,00 | 0,703 | 616,37 | 616,37 | 648,97 |  0,00 | 0,263 | 44,35 | 44,35 |  0,00 | 0,259 | 266,14 | 266,14 |  0,00 | 0,666 | 258,54 | 258,54 |  0,00 | 14,585 | 47,33 | 47,33 | 52,160 |   NaN | NaN | 0,00 | 0,00 | NaN
   2 |  0,00 | 1,047 | 617,75 | 617,75 | 654,36 |  0,00 | 0,275 | 44,35 | 44,35 |  0,00 | 0,272 | 264,02 | 264,02 |  0,00 | 0,995 | 262,05 | 262,05 |  0,00 | 25,227 | 47,33 | 47,33 | 72,730 |   NaN | NaN | 0,00 | 0,00 | NaN
   3 |  0,00 | 0,840 | 613,26 | 613,26 | 643,16 |  0,00 | 0,212 | 44,35 | 44,35 |  0,00 | 0,212 | 261,67 | 261,67 |  0,00 | 0,794 | 259,90 | 259,90 |  0,00 | 20,479 | 47,33 | 47,33 | 57,673 |   NaN | NaN | 0,00 | 0,00 | NaN
   4 |  0,00 | 0,653 | 620,58 | 620,58 | 650,51 |  0,00 | 0,218 | 44,35 | 44,35 |  0,00 | 0,212 | 266,97 | 266,97 |  0,00 | 0,673 | 261,92 | 261,92 |  0,00 | 13,897 | 47,33 | 47,33 | 48,627 |   NaN | NaN | 0,00 | 0,00 | NaN
   5 |  0,00 | 0,732 | 615,89 | 615,89 | 646,23 |  0,00 | 0,243 | 44,35 | 44,35 |  0,00 | 0,241 | 262,25 | 262,25 |  0,00 | 0,722 | 261,95 | 261,95 |  0,00 | 15,794 | 47,33 | 47,33 | 54,566 |   NaN | NaN | 0,00 | 0,00 | NaN
   6 |  0,00 | 0,656 | 620,08 | 620,08 | 649,62 |  0,00 | 0,193 | 44,35 | 44,35 |  0,00 | 0,194 | 265,37 | 265,37 |  0,00 | 0,736 | 263,02 | 263,02 |  0,00 | 13,988 | 47,33 | 47,33 | 49,298 |   NaN | NaN | 0,00 | 0,00 | NaN
   7 |  0,00 | 0,851 | 616,57 | 616,57 | 646,47 |  0,00 | 0,210 | 44,35 | 44,35 |  0,00 | 0,210 | 263,22 | 263,22 |  0,00 | 0,840 | 261,67 | 261,67 |  0,00 | 20,533 | 47,33 | 47,33 | 61,685 |   NaN | NaN | 0,00 | 0,00 | NaN
   8 |  0,00 | 0,748 | 617,77 | 617,77 | 649,85 |  0,00 | 0,260 | 44,35 | 44,35 |  0,00 | 0,265 | 261,55 | 261,55 |  0,00 | 0,702 | 264,53 | 264,53 |  0,00 | 16,037 | 47,33 | 47,33 | 52,843 |   NaN | NaN | 0,00 | 0,00 | NaN
   9 |  0,00 | 0,629 | 619,52 | 619,52 | 649,33 |  0,00 | 0,200 | 44,35 | 44,35 |  0,00 | 0,203 | 264,96 | 264,96 |  0,00 | 0,684 | 262,87 | 262,87 |  0,00 | 13,152 | 47,33 | 47,33 | 47,242 |   NaN | NaN | 0,00 | 0,00 | NaN
  10 |  0,00 | 0,752 | 615,13 | 615,13 | 647,22 |  0,00 | 0,261 | 44,35 | 44,35 |  0,00 | 0,263 | 261,99 | 261,99 |  0,00 | 0,651 | 261,45 | 261,45 |  0,00 | 16,772 | 47,33 | 47,33 | 52,830 |   NaN | NaN | 0,00 | 0,00 | NaN
  11 |  0,00 | 5,661 | 614,22 | 614,22 | 644,10 |  0,00 | 0,201 | 44,35 | 44,35 |  0,00 | 0,197 | 259,29 | 259,29 |  0,00 | 12,391 | 263,24 | 263,24 |  0,00 | 101,171 | 47,33 | 47,33 | 245,773 |   NaN | NaN | 0,00 | 0,00 | NaN
  12 |  0,00 | 0,675 | 615,61 | 615,61 | 648,17 |  0,00 | 0,263 | 44,35 | 44,35 |  0,00 | 0,262 | 261,41 | 261,41 |  0,00 | 0,624 | 262,51 | 262,51 |  0,00 | 13,796 | 47,33 | 47,33 | 48,760 |   NaN | NaN | 0,00 | 0,00 | NaN
  13 |  0,00 | 1,010 | 612,03 | 612,03 | 642,05 |  0,00 | 0,227 | 44,35 | 44,35 |  0,00 | 0,225 | 260,62 | 260,62 |  0,00 | 1,059 | 259,72 | 259,72 |  0,00 | 24,365 | 47,33 | 47,33 | 71,017 |   NaN | NaN | 0,00 | 0,00 | NaN
  14 |  0,00 | 0,788 | 618,41 | 618,41 | 652,54 |  0,00 | 0,269 | 44,35 | 44,35 |  0,00 | 0,271 | 262,66 | 262,66 |  0,00 | 0,673 | 264,06 | 264,06 |  0,00 | 17,843 | 47,33 | 47,33 | 54,672 |   NaN | NaN | 0,00 | 0,00 | NaN
  15 |  0,00 | 0,741 | 615,29 | 615,29 | 647,87 |  0,00 | 0,262 | 44,35 | 44,35 |  0,00 | 0,268 | 259,00 | 259,00 |  0,00 | 0,716 | 264,60 | 264,60 |  0,00 | 15,491 | 47,33 | 47,33 | 55,272 |   NaN | NaN | 0,00 | 0,00 | NaN
  16 |  0,00 | 0,683 | 623,44 | 623,44 | 654,49 |  0,00 | 0,254 | 44,35 | 44,35 |  0,00 | 0,257 | 263,93 | 263,93 |  0,00 | 0,665 | 267,83 | 267,83 |  0,00 | 13,971 | 47,33 | 47,33 | 49,478 |   NaN | NaN | 0,00 | 0,00 | NaN
  17 |  0,00 | 0,709 | 619,76 | 619,76 | 653,30 |  0,00 | 0,267 | 44,35 | 44,35 |  0,00 | 0,269 | 264,68 | 264,68 |  0,00 | 0,641 | 263,39 | 263,39 |  0,00 | 14,933 | 47,33 | 47,33 | 50,352 |   NaN | NaN | 0,00 | 0,00 | NaN
  18 |  0,00 | 1,107 | 613,83 | 613,83 | 644,19 |  0,00 | 0,243 | 44,35 | 44,35 |  0,00 | 0,247 | 260,25 | 260,25 |  0,00 | 1,092 | 261,89 | 261,89 |  0,00 | 27,499 | 47,33 | 47,33 | 75,560 |   NaN | NaN | 0,00 | 0,00 | NaN
  19 |  0,00 | 3,399 | 610,40 | 610,40 | 640,52 |  0,00 | 0,234 | 44,35 | 44,35 |  0,00 | 0,232 | 258,61 | 258,61 |  0,00 | 3,876 | 260,11 | 260,11 |  0,00 | 94,575 | 47,33 | 47,33 | 169,656 |   NaN | NaN | 0,00 | 0,00 | NaN
  20 |  0,00 | 4,184 | 613,62 | 613,62 | 643,71 |  0,00 | 0,230 | 44,35 | 44,35 |  0,00 | 0,225 | 263,27 | 263,27 |  0,00 | 8,799 | 258,66 | 258,66 |  0,00 | 77,560 | 47,33 | 47,33 | 200,504 |   NaN | NaN | 0,00 | 0,00 | NaN
  21 |  0,00 | 0,665 | 607,35 | 607,35 | 637,43 |  0,00 | 0,235 | 44,35 | 44,35 |  0,00 | 0,232 | 257,79 | 257,79 |  0,00 | 0,669 | 257,87 | 257,87 |  0,00 | 13,709 | 47,33 | 47,33 | 48,720 |   NaN | NaN | 0,00 | 0,00 | NaN
  22 |  0,00 | 0,680 | 621,41 | 621,41 | 657,01 |  0,00 | 0,273 | 44,35 | 44,35 |  0,00 | 0,273 | 268,58 | 268,58 |  0,00 | 0,629 | 261,15 | 261,15 |  0,00 | 13,740 | 47,33 | 47,33 | 49,362 |   NaN | NaN | 0,00 | 0,00 | NaN
  23 |  0,00 | 6,840 | 617,46 | 617,46 | 648,64 |  0,00 | 0,255 | 44,35 | 44,35 |  0,00 | 0,258 | 263,27 | 263,27 |  0,00 | 13,147 | 262,50 | 262,50 |  0,00 | 142,119 | 47,33 | 47,33 | 292,671 |   NaN | NaN | 0,00 | 0,00 | NaN
  24 |  0,00 | 0,993 | 617,07 | 617,07 | 646,99 |  0,00 | 0,217 | 44,35 | 44,35 |  0,00 | 0,211 | 261,90 | 261,90 |  0,00 | 1,037 | 263,48 | 263,48 |  0,00 | 24,286 | 47,33 | 47,33 | 71,409 |   NaN | NaN | 0,00 | 0,00 | NaN
  25 |  0,00 | 0,699 | 621,60 | 621,60 | 657,73 |  0,00 | 0,274 | 44,35 | 44,35 |  0,00 | 0,276 | 262,77 | 262,77 |  0,00 | 0,650 | 267,15 | 267,15 |  0,00 | 14,170 | 47,33 | 47,33 | 49,392 |   NaN | NaN | 0,00 | 0,00 | NaN
  26 |  0,00 | 0,868 | 615,23 | 615,23 | 649,98 |  0,00 | 0,270 | 44,35 | 44,35 |  0,00 | 0,267 | 262,87 | 262,87 |  0,00 | 0,760 | 260,68 | 260,68 |  0,00 | 20,289 | 47,33 | 47,33 | 58,955 |   NaN | NaN | 0,00 | 0,00 | NaN
  27 |  0,00 | 1,032 | 612,91 | 612,91 | 642,71 |  0,00 | 0,198 | 44,35 | 44,35 |  0,00 | 0,200 | 262,31 | 262,31 |  0,00 | 1,115 | 258,92 | 258,92 |  0,00 | 25,622 | 47,33 | 47,33 | 74,067 |   NaN | NaN | 0,00 | 0,00 | NaN
  28 |  0,00 | 6,947 | 611,32 | 611,32 | 644,02 |  0,00 | 0,263 | 44,35 | 44,35 |  0,00 | 0,261 | 261,40 | 261,40 |  0,00 | 13,761 | 258,23 | 258,23 |  0,00 | 140,647 | 47,33 | 47,33 | 289,696 |   NaN | NaN | 0,00 | 0,00 | NaN
  29 |  0,00 | 6,880 | 619,80 | 619,80 | 650,18 |  0,00 | 0,243 | 44,35 | 44,35 |  0,00 | 0,244 | 264,01 | 264,01 |  0,00 | 15,120 | 264,10 | 264,10 |  0,00 | 123,264 | 47,33 | 47,33 | 281,819 |   NaN | NaN | 0,00 | 0,00 | NaN
  30 |  0,00 | 1,849 | 613,18 | 613,18 | 648,97 |  0,00 | 0,273 | 44,35 | 44,35 |  0,00 | 0,275 | 259,86 | 259,86 |  0,00 | 2,703 | 261,63 | 261,63 |  0,00 | 40,892 | 47,33 | 47,33 | 112,354 |   NaN | NaN | 0,00 | 0,00 | NaN
  31 |  0,00 | 6,690 | 615,22 | 615,22 | 645,47 |  0,00 | 0,240 | 44,35 | 44,35 |  0,00 | 0,234 | 264,02 | 264,02 |  0,00 | 12,941 | 259,51 | 259,51 |  0,00 | 139,438 | 47,33 | 47,33 | 288,352 |   NaN | NaN | 0,00 | 0,00 | NaN
  32 |  0,00 | 5,529 | 618,70 | 618,70 | 648,53 |  0,00 | 0,197 | 44,35 | 44,35 |  0,00 | 0,196 | 263,19 | 263,19 |  0,00 | 12,220 | 263,82 | 263,82 |  0,00 | 98,207 | 47,33 | 47,33 | 245,717 |   NaN | NaN | 0,00 | 0,00 | NaN
  33 |  0,00 | 2,979 | 614,31 | 614,31 | 646,61 |  0,00 | 0,262 | 44,35 | 44,35 |  0,00 | 0,260 | 261,69 | 261,69 |  0,00 | 5,579 | 260,94 | 260,94 |  0,00 | 58,844 | 47,33 | 47,33 | 157,780 |   NaN | NaN | 0,00 | 0,00 | NaN
  34 |  0,00 | 0,771 | 613,25 | 613,25 | 644,21 |  0,00 | 0,253 | 44,35 | 44,35 |  0,00 | 0,251 | 261,50 | 261,50 |  0,00 | 0,797 | 260,07 | 260,07 |  0,00 | 16,330 | 47,33 | 47,33 | 57,690 |   NaN | NaN | 0,00 | 0,00 | NaN
  35 |  0,00 | 0,620 | 620,79 | 620,79 | 650,61 |  0,00 | 0,203 | 44,35 | 44,35 |  0,00 | 0,200 | 264,75 | 264,75 |  0,00 | 0,685 | 264,36 | 264,36 |  0,00 | 12,750 | 47,33 | 47,33 | 46,594 |   NaN | NaN | 0,00 | 0,00 | NaN
  36 |  0,00 | 0,887 | 614,94 | 614,94 | 646,23 |  0,00 | 0,255 | 44,35 | 44,35 |  0,00 | 0,258 | 259,01 | 259,01 |  0,00 | 0,841 | 264,24 | 264,24 |  0,00 | 20,533 | 47,33 | 47,33 | 63,431 |   NaN | NaN | 0,00 | 0,00 | NaN
  37 |  0,00 | 5,478 | 621,12 | 621,12 | 651,35 |  0,00 | 0,238 | 44,35 | 44,35 |  0,00 | 0,240 | 266,12 | 266,12 |  0,00 | 11,866 | 263,31 | 263,31 |  0,00 | 99,217 | 47,33 | 47,33 | 247,799 |   NaN | NaN | 0,00 | 0,00 | NaN
  38 |  0,00 | 1,267 | 619,37 | 619,37 | 649,43 |  0,00 | 0,230 | 44,35 | 44,35 |  0,00 | 0,229 | 264,78 | 264,78 |  0,00 | 1,470 | 262,90 | 262,90 |  0,00 | 30,922 | 47,33 | 47,33 | 88,336 |   NaN | NaN | 0,00 | 0,00 | NaN
  39 |  0,00 | 3,149 | 608,12 | 608,12 | 643,82 |  0,00 | 0,273 | 44,35 | 44,35 |  0,00 | 0,274 | 259,31 | 259,31 |  0,00 | 5,533 | 257,12 | 257,12 |  0,00 | 66,174 | 47,33 | 47,33 | 174,219 |   NaN | NaN | 0,00 | 0,00 | NaN
  40 |  0,00 | 1,189 | 610,80 | 610,80 | 646,44 |  0,00 | 0,273 | 44,35 | 44,35 |  0,00 | 0,273 | 261,75 | 261,75 |  0,00 | 1,306 | 257,36 | 257,36 |  0,00 | 27,916 | 47,33 | 47,33 | 78,775 |   NaN | NaN | 0,00 | 0,00 | NaN
  41 |  0,00 | 7,401 | 620,26 | 620,26 | 651,71 |  0,00 | 0,256 | 44,35 | 44,35 |  0,00 | 0,260 | 260,98 | 260,98 |  0,00 | 15,525 | 267,59 | 267,59 |  0,00 | 138,506 | 47,33 | 47,33 | 298,646 |   NaN | NaN | 0,00 | 0,00 | NaN
  42 |  0,00 | 6,548 | 622,18 | 622,18 | 652,06 |  0,00 | 0,202 | 44,35 | 44,35 |  0,00 | 0,194 | 265,24 | 265,24 |  0,00 | 14,334 | 265,26 | 265,26 |  0,00 | 118,839 | 47,33 | 47,33 | 274,426 |   NaN | NaN | 0,00 | 0,00 | NaN
  43 |  0,00 | 3,587 | 623,31 | 623,31 | 658,27 |  0,00 | 0,280 | 44,35 | 44,35 |  0,00 | 0,277 | 266,45 | 266,45 |  0,00 | 6,897 | 265,17 | 265,17 |  0,00 | 70,164 | 47,33 | 47,33 | 181,961 |   NaN | NaN | 0,00 | 0,00 | NaN
  44 |  0,00 | 6,673 | 619,88 | 619,88 | 649,61 |  0,00 | 0,193 | 44,35 | 44,35 |  0,00 | 0,188 | 262,98 | 262,98 |  0,00 | 13,142 | 265,21 | 265,21 |  0,00 | 136,354 | 47,33 | 47,33 | 289,889 |   NaN | NaN | 0,00 | 0,00 | NaN
  45 |  0,00 | 6,853 | 615,52 | 615,52 | 652,57 |  0,00 | 0,276 | 44,35 | 44,35 |  0,00 | 0,278 | 265,27 | 265,27 |  0,00 | 14,702 | 258,57 | 258,57 |  0,00 | 127,580 | 47,33 | 47,33 | 287,203 |   NaN | NaN | 0,00 | 0,00 | NaN
  46 |  0,00 | 3,928 | 615,94 | 615,94 | 645,90 |  0,00 | 0,216 | 44,35 | 44,35 |  0,00 | 0,211 | 260,43 | 260,43 |  0,00 | 8,049 | 263,82 | 263,82 |  0,00 | 73,717 | 47,33 | 47,33 | 190,817 |   NaN | NaN | 0,00 | 0,00 | NaN
  47 |  0,00 | 6,689 | 614,12 | 614,12 | 644,09 |  0,00 | 0,214 | 44,35 | 44,35 |  0,00 | 0,210 | 261,62 | 261,62 |  0,00 | 13,092 | 260,81 | 260,81 |  0,00 | 137,713 | 47,33 | 47,33 | 282,138 |   NaN | NaN | 0,00 | 0,00 | NaN
  48 |  0,00 | 6,619 | 614,32 | 614,32 | 644,70 |  0,00 | 0,243 | 44,35 | 44,35 |  0,00 | 0,239 | 261,53 | 261,53 |  0,00 | 12,953 | 261,10 | 261,10 |  0,00 | 135,265 | 47,33 | 47,33 | 287,690 |   NaN | NaN | 0,00 | 0,00 | NaN
  49 |  0,00 | 6,878 | 614,10 | 614,10 | 645,36 |  0,00 | 0,255 | 44,35 | 44,35 |  0,00 | 0,254 | 261,83 | 261,83 |  0,00 | 13,365 | 260,58 | 260,58 |  0,00 | 141,630 | 47,33 | 47,33 | 291,237 |   NaN | NaN | 0,00 | 0,00 | NaN
  50 |  0,00 | 3,228 | 616,37 | 616,37 | 646,25 |  0,00 | 0,210 | 44,35 | 44,35 |  0,00 | 0,210 | 263,24 | 263,24 |  0,00 | 6,109 | 261,45 | 261,45 |  0,00 | 65,503 | 47,33 | 47,33 | 172,876 |   NaN | NaN | 0,00 | 0,00 | NaN
  51 |  0,00 | 6,623 | 616,84 | 616,84 | 646,82 |  0,00 | 0,208 | 44,35 | 44,35 |  0,00 | 0,203 | 261,52 | 261,52 |  0,00 | 13,324 | 263,63 | 263,63 |  0,00 | 131,934 | 47,33 | 47,33 | 287,312 |   NaN | NaN | 0,00 | 0,00 | NaN
  52 |  0,00 | 7,119 | 617,21 | 617,21 | 647,43 |  0,00 | 0,234 | 44,35 | 44,35 |  0,00 | 0,235 | 259,21 | 259,21 |  0,00 | 15,159 | 266,31 | 266,31 |  0,00 | 131,147 | 47,33 | 47,33 | 291,318 |   NaN | NaN | 0,00 | 0,00 | NaN
  53 |  0,00 | 5,073 | 616,78 | 616,78 | 646,82 |  0,00 | 0,221 | 44,35 | 44,35 |  0,00 | 0,222 | 263,66 | 263,66 |  0,00 | 10,924 | 261,44 | 261,44 |  0,00 | 92,535 | 47,33 | 47,33 | 235,217 |   NaN | NaN | 0,00 | 0,00 | NaN
  54 |  0,00 | 6,901 | 611,91 | 611,91 | 641,92 |  0,00 | 0,224 | 44,35 | 44,35 |  0,00 | 0,225 | 261,83 | 261,83 |  0,00 | 15,027 | 258,40 | 258,40 |  0,00 | 126,965 | 47,33 | 47,33 | 284,958 |   NaN | NaN | 0,00 | 0,00 | NaN
  55 |  0,00 | 1,334 | 612,47 | 612,47 | 642,40 |  0,00 | 0,209 | 44,35 | 44,35 |  0,00 | 0,211 | 259,65 | 259,65 |  0,00 | 1,733 | 261,14 | 261,14 |  0,00 | 31,363 | 47,33 | 47,33 | 88,799 |   NaN | NaN | 0,00 | 0,00 | NaN
  56 |  0,00 | 6,664 | 611,30 | 611,30 | 641,23 |  0,00 | 0,215 | 44,35 | 44,35 |  0,00 | 0,210 | 259,93 | 259,93 |  0,00 | 13,418 | 259,68 | 259,68 |  0,00 | 133,114 | 47,33 | 47,33 | 287,165 |   NaN | NaN | 0,00 | 0,00 | NaN
  57 |  0,00 | 7,543 | 614,89 | 614,89 | 644,84 |  0,00 | 0,212 | 44,35 | 44,35 |  0,00 | 0,215 | 260,93 | 260,93 |  0,00 | 15,669 | 262,28 | 262,28 |  0,00 | 145,994 | 47,33 | 47,33 | 296,255 |   NaN | NaN | 0,00 | 0,00 | NaN
  58 |  0,00 | 6,861 | 618,65 | 618,65 | 648,95 |  0,00 | 0,240 | 44,35 | 44,35 |  0,00 | 0,242 | 264,44 | 264,44 |  0,00 | 13,247 | 262,52 | 262,52 |  0,00 | 142,717 | 47,33 | 47,33 | 296,548 |   NaN | NaN | 0,00 | 0,00 | NaN
  59 |  0,00 | 0,853 | 620,37 | 620,37 | 652,28 |  0,00 | 0,260 | 44,35 | 44,35 |  0,00 | 0,260 | 261,30 | 261,30 |  0,00 | 0,796 | 267,38 | 267,38 |  0,00 | 19,528 | 47,33 | 47,33 | 60,147 |   NaN | NaN | 0,00 | 0,00 | NaN
  60 |  0,00 | 6,865 | 615,67 | 615,67 | 645,43 |  0,00 | 0,195 | 44,35 | 44,35 |  0,00 | 0,197 | 262,89 | 262,89 |  0,00 | 13,909 | 261,09 | 261,09 |  0,00 | 137,339 | 47,33 | 47,33 | 297,108 |   NaN | NaN | 0,00 | 0,00 | NaN
  61 |  0,00 | 4,122 | 619,87 | 619,87 | 649,90 |  0,00 | 0,217 | 44,35 | 44,35 |  0,00 | 0,211 | 264,07 | 264,07 |  0,00 | 7,953 | 264,11 | 264,11 |  0,00 | 83,335 | 47,33 | 47,33 | 212,987 |   NaN | NaN | 0,00 | 0,00 | NaN
  62 |  0,00 | 7,311 | 618,68 | 618,68 | 656,47 |  0,00 | 0,278 | 44,35 | 44,35 |  0,00 | 0,283 | 262,69 | 262,69 |  0,00 | 15,075 | 264,30 | 264,30 |  0,00 | 140,319 | 47,33 | 47,33 | 298,856 |   NaN | NaN | 0,00 | 0,00 | NaN
  63 |  0,00 | 1,654 | 616,48 | 616,48 | 646,56 |  0,00 | 0,234 | 44,35 | 44,35 |  0,00 | 0,236 | 263,66 | 263,66 |  0,00 | 2,226 | 261,14 | 261,14 |  0,00 | 39,106 | 47,33 | 47,33 | 108,870 |   NaN | NaN | 0,00 | 0,00 | NaN
  64 |  0,00 | 6,721 | 611,15 | 611,15 | 648,61 |  0,00 | 0,277 | 44,35 | 44,35 |  0,00 | 0,281 | 259,80 | 259,80 |  0,00 | 14,033 | 259,67 | 259,67 |  0,00 | 127,078 | 47,33 | 47,33 | 286,791 |   NaN | NaN | 0,00 | 0,00 | NaN

= = = = = = = = = = = = AVERAGE RESULTS system = = = = = = = = = = = =
meanPLR_system | 0,000000 
meanDelay_system | 3,384835 
meanLoad_system | 616,277229 
meanTHR_system | 616,277229 
meanGate_system | 647,862146 

meanPLR_EF_system | 0,000000 
meanPLR_AF_system | 0,000000 
meanPLR_BE_system | 0,000000 
meanPLR_FLA_system | 0,000000 
meanPLR_FLB_system | NaN 

meanTHR_EF_system | 44,352003 
meanTHR_AF_system | 262,467189 
meanTHR_BE_system | 262,123290 
meanTHR_FLA_system | 48,235639 
meanTHR_FLB_system | 0,000000 

meanLoad_EF_system | 44,352003 
meanLoad_AF_system | 262,467189 
meanLoad_BE_system | 262,123290 
meanLoad_FLA_system | 48,235639 
meanLoad_FLB_system | 0,000000 

meanDELAY_EF_system | 0,238727 
meanDELAY_AF_system | 0,238233 
meanDELAY_BE_system | 6,429543 
meanDELAY_FLA_system | 67,632579 
meanDELAY_FLB_system | NaN 
meanDELAY_CompleteFLA_system | 159,953861 
meanDELAY_CompleteFLB_system | NaN 

= = = = = = = = = = = = AVERAGE RESULTS = = = = = = = = = = = =
Packet Loss Ratio: 00,00 (%)
PROCESSED PACKAGES: 1701601387 
DISCARTED PACKAGES: 0 
TOTAL PACKAGES: 1701601387 
AVERAGE DELAY: 560,20 (ms) 
AVERAGE THROUGHPUT: 616,28 (Mbps) 
GRANTED THROUGHPUT: 41463,18 (Mbps) By 64 ONUs
EFFECTIVE THROUGHPUT: 39441,74 (Mbps) By 64 ONUs
TOTAL LOAD: 39441,74 (Mbps) By 64 ONUs
ON Arrival THROUGHPUT: 0,00 (Mbps) By 64 ONUs
FINISHTIMEFL: 157,626189 
FINISHTIME: 160,626189 


fileName | IPACT_STRICTPRIORITYFIRSTAF_3_36_70_0 
