
ONU ID 	|  PLR(%) | Delay(ms) | Throughput(Mbps) | Granted Throughput(Mbps) | Total Load (Mbps) 

  ID |  PLR(%) |  D  | Thr |  Gates  |  Load  | PLR-EF | D-EF | ThrEF | LoadEF | PLR-AF | D-AF | ThrAF | LoadAF | PLR-BE | D-BE | ThrBE | LoadBE | PLR-FA | D-FA | ThrFA | LoadFA | DTFA |  PLR-FB | D-FB | ThrFB | LoadFB | DTFB | 
   1 |  0,00 | 3,897 | 712,55 | 712,55 | 726,28 |  0,00 | 0,761 | 44,35 | 44,35 |  0,00 | 0,759 | 306,38 | 306,38 |  0,00 | 5,685 | 295,20 | 295,20 |  0,00 | 60,931 | 66,61 | 66,61 | 135,411 |   NaN | NaN | 0,00 | 0,00 | NaN
   2 |  0,00 | 15,584 | 711,98 | 711,98 | 727,19 |  0,00 | 0,772 | 44,35 | 44,35 |  0,00 | 0,766 | 299,57 | 299,57 |  0,00 | 36,453 | 301,44 | 301,44 |  0,00 | 174,587 | 66,61 | 66,61 | 347,380 |   NaN | NaN | 0,00 | 0,00 | NaN
   3 |  0,00 | 14,672 | 713,99 | 713,99 | 726,98 |  0,00 | 0,709 | 44,35 | 44,35 |  0,00 | 0,703 | 302,00 | 302,00 |  0,00 | 33,212 | 301,03 | 301,03 |  0,00 | 175,293 | 66,61 | 66,61 | 344,304 |   NaN | NaN | 0,00 | 0,00 | NaN
   4 |  0,00 | 3,318 | 716,08 | 716,08 | 729,00 |  0,00 | 0,715 | 44,35 | 44,35 |  0,00 | 0,724 | 305,36 | 305,36 |  0,00 | 5,089 | 299,75 | 299,75 |  0,00 | 47,849 | 66,61 | 66,61 | 106,549 |   NaN | NaN | 0,00 | 0,00 | NaN
   5 |  0,00 | 22,202 | 708,67 | 708,67 | 721,78 |  0,00 | 0,740 | 44,35 | 44,35 |  0,00 | 0,741 | 300,09 | 300,09 |  0,00 | 58,305 | 297,62 | 297,62 |  0,00 | 206,647 | 66,61 | 66,61 | 416,946 |   NaN | NaN | 0,00 | 0,00 | NaN
   6 |  0,00 | 17,168 | 716,53 | 716,53 | 729,47 |  0,00 | 0,689 | 44,35 | 44,35 |  0,00 | 0,673 | 303,73 | 303,73 |  0,00 | 41,840 | 301,84 | 301,84 |  0,00 | 183,401 | 66,61 | 66,61 | 374,461 |   NaN | NaN | 0,00 | 0,00 | NaN
   7 |  0,00 | 6,017 | 711,29 | 711,29 | 724,22 |  0,00 | 0,707 | 44,35 | 44,35 |  0,00 | 0,706 | 301,53 | 301,53 |  0,00 | 10,812 | 298,79 | 298,79 |  0,00 | 86,539 | 66,61 | 66,61 | 182,941 |   NaN | NaN | 0,00 | 0,00 | NaN
   8 |  0,00 | 16,268 | 714,90 | 714,90 | 728,43 |  0,00 | 0,757 | 44,35 | 44,35 |  0,00 | 0,763 | 300,10 | 300,10 |  0,00 | 37,884 | 303,83 | 303,83 |  0,00 | 183,393 | 66,61 | 66,61 | 367,610 |   NaN | NaN | 0,00 | 0,00 | NaN
   9 |  0,00 | 9,554 | 713,59 | 713,59 | 726,55 |  0,00 | 0,697 | 44,35 | 44,35 |  0,00 | 0,692 | 303,24 | 303,24 |  0,00 | 19,166 | 299,38 | 299,38 |  0,00 | 130,516 | 66,61 | 66,61 | 260,764 |   NaN | NaN | 0,00 | 0,00 | NaN
  10 |  0,00 | 4,050 | 711,69 | 711,69 | 725,15 |  0,00 | 0,758 | 44,35 | 44,35 |  0,00 | 0,749 | 300,62 | 300,62 |  0,00 | 6,416 | 300,11 | 300,11 |  0,00 | 59,003 | 66,61 | 66,61 | 131,319 |   NaN | NaN | 0,00 | 0,00 | NaN
  11 |  0,00 | 26,486 | 704,68 | 704,68 | 717,67 |  0,00 | 0,697 | 44,35 | 44,35 |  0,00 | 0,713 | 293,56 | 293,56 |  0,00 | 75,822 | 300,15 | 300,15 |  0,00 | 189,641 | 66,61 | 66,61 | 417,780 |   NaN | NaN | 0,00 | 0,00 | NaN
  12 |  0,00 | 19,882 | 713,15 | 713,15 | 726,87 |  0,00 | 0,760 | 44,35 | 44,35 |  0,00 | 0,764 | 301,04 | 301,04 |  0,00 | 50,394 | 301,14 | 301,14 |  0,00 | 195,528 | 66,61 | 66,61 | 392,081 |   NaN | NaN | 0,00 | 0,00 | NaN
  13 |  0,00 | 15,073 | 703,54 | 703,54 | 716,51 |  0,00 | 0,724 | 44,35 | 44,35 |  0,00 | 0,734 | 296,21 | 296,21 |  0,00 | 35,048 | 296,36 | 296,36 |  0,00 | 172,402 | 66,61 | 66,61 | 348,586 |   NaN | NaN | 0,00 | 0,00 | NaN
  14 |  0,00 | 22,005 | 713,50 | 713,50 | 727,73 |  0,00 | 0,765 | 44,35 | 44,35 |  0,00 | 0,756 | 302,11 | 302,11 |  0,00 | 58,548 | 300,42 | 300,42 |  0,00 | 196,174 | 66,61 | 66,61 | 400,262 |   NaN | NaN | 0,00 | 0,00 | NaN
  15 |  0,00 | 6,172 | 709,39 | 709,39 | 723,02 |  0,00 | 0,760 | 44,35 | 44,35 |  0,00 | 0,758 | 296,25 | 296,25 |  0,00 | 11,113 | 302,17 | 302,17 |  0,00 | 86,527 | 66,61 | 66,61 | 184,050 |   NaN | NaN | 0,00 | 0,00 | NaN
  16 |  0,00 | 11,444 | 716,65 | 716,65 | 729,86 |  0,00 | 0,751 | 44,35 | 44,35 |  0,00 | 0,747 | 300,64 | 300,64 |  0,00 | 23,900 | 305,05 | 305,05 |  0,00 | 147,515 | 66,61 | 66,61 | 296,028 |   NaN | NaN | 0,00 | 0,00 | NaN
  17 |  0,00 | 11,398 | 714,39 | 714,39 | 728,45 |  0,00 | 0,764 | 44,35 | 44,35 |  0,00 | 0,760 | 300,60 | 300,60 |  0,00 | 24,175 | 302,83 | 302,83 |  0,00 | 144,118 | 66,61 | 66,61 | 287,608 |   NaN | NaN | 0,00 | 0,00 | NaN
  18 |  0,00 | 14,277 | 710,17 | 710,17 | 723,25 |  0,00 | 0,740 | 44,35 | 44,35 |  0,00 | 0,738 | 298,75 | 298,75 |  0,00 | 40,187 | 300,46 | 300,46 |  0,00 | 101,671 | 66,61 | 66,61 | 266,107 |   NaN | NaN | 0,00 | 0,00 | NaN
  19 |  0,00 | 25,356 | 706,08 | 706,08 | 719,12 |  0,00 | 0,731 | 44,35 | 44,35 |  0,00 | 0,723 | 296,00 | 296,00 |  0,00 | 70,333 | 299,11 | 299,11 |  0,00 | 202,429 | 66,61 | 66,61 | 422,423 |   NaN | NaN | 0,00 | 0,00 | NaN
  20 |  0,00 | 25,853 | 707,35 | 707,35 | 720,39 |  0,00 | 0,727 | 44,35 | 44,35 |  0,00 | 0,730 | 301,08 | 301,08 |  0,00 | 75,551 | 295,31 | 295,31 |  0,00 | 183,261 | 66,61 | 66,61 | 412,488 |   NaN | NaN | 0,00 | 0,00 | NaN
  21 |  0,00 | 4,675 | 702,73 | 702,73 | 715,69 |  0,00 | 0,732 | 44,35 | 44,35 |  0,00 | 0,735 | 296,25 | 296,25 |  0,00 | 7,567 | 295,51 | 295,51 |  0,00 | 69,773 | 66,61 | 66,61 | 152,525 |   NaN | NaN | 0,00 | 0,00 | NaN
  22 |  0,00 | 22,302 | 718,04 | 718,04 | 732,84 |  0,00 | 0,770 | 44,35 | 44,35 |  0,00 | 0,765 | 308,38 | 308,38 |  0,00 | 59,841 | 298,69 | 298,69 |  0,00 | 200,177 | 66,61 | 66,61 | 408,730 |   NaN | NaN | 0,00 | 0,00 | NaN
  23 |  0,00 | 32,942 | 714,58 | 714,58 | 727,89 |  0,00 | 0,752 | 44,35 | 44,35 |  0,00 | 0,764 | 302,92 | 302,92 |  0,00 | 96,738 | 300,70 | 300,70 |  0,00 | 225,067 | 66,61 | 66,61 | 466,304 |   NaN | NaN | 0,00 | 0,00 | NaN
  24 |  0,00 | 15,405 | 711,86 | 711,86 | 724,82 |  0,00 | 0,714 | 44,35 | 44,35 |  0,00 | 0,710 | 299,27 | 299,27 |  0,00 | 36,337 | 301,63 | 301,63 |  0,00 | 170,757 | 66,61 | 66,61 | 347,809 |   NaN | NaN | 0,00 | 0,00 | NaN
  25 |  0,00 | 7,013 | 720,74 | 720,74 | 735,78 |  0,00 | 0,771 | 44,35 | 44,35 |  0,00 | 0,769 | 300,71 | 300,71 |  0,00 | 13,261 | 309,06 | 309,06 |  0,00 | 94,568 | 66,61 | 66,61 | 200,129 |   NaN | NaN | 0,00 | 0,00 | NaN
  26 |  0,00 | 5,935 | 709,14 | 709,14 | 723,69 |  0,00 | 0,768 | 44,35 | 44,35 |  0,00 | 0,764 | 298,79 | 298,79 |  0,00 | 10,082 | 299,39 | 299,39 |  0,00 | 88,244 | 66,61 | 66,61 | 185,480 |   NaN | NaN | 0,00 | 0,00 | NaN
  27 |  0,00 | 11,907 | 706,49 | 706,49 | 719,42 |  0,00 | 0,694 | 44,35 | 44,35 |  0,00 | 0,699 | 299,90 | 299,90 |  0,00 | 32,721 | 295,62 | 295,62 |  0,00 | 92,915 | 66,61 | 66,61 | 245,241 |   NaN | NaN | 0,00 | 0,00 | NaN
  28 |  0,00 | 27,454 | 704,74 | 704,74 | 718,47 |  0,00 | 0,760 | 44,35 | 44,35 |  0,00 | 0,757 | 299,75 | 299,75 |  0,00 | 78,614 | 294,03 | 294,03 |  0,00 | 209,006 | 66,61 | 66,61 | 438,147 |   NaN | NaN | 0,00 | 0,00 | NaN
  29 |  0,00 | 30,200 | 715,36 | 715,36 | 728,43 |  0,00 | 0,740 | 44,35 | 44,35 |  0,00 | 0,743 | 302,78 | 302,78 |  0,00 | 88,362 | 301,61 | 301,61 |  0,00 | 206,929 | 66,61 | 66,61 | 442,539 |   NaN | NaN | 0,00 | 0,00 | NaN
  30 |  0,00 | 21,533 | 708,12 | 708,12 | 723,00 |  0,00 | 0,770 | 44,35 | 44,35 |  0,00 | 0,769 | 298,24 | 298,24 |  0,00 | 62,389 | 298,92 | 298,92 |  0,00 | 147,454 | 66,61 | 66,61 | 359,056 |   NaN | NaN | 0,00 | 0,00 | NaN
  31 |  0,00 | 28,308 | 708,43 | 708,43 | 721,49 |  0,00 | 0,737 | 44,35 | 44,35 |  0,00 | 0,735 | 298,04 | 298,04 |  0,00 | 80,918 | 299,43 | 299,43 |  0,00 | 208,329 | 66,61 | 66,61 | 434,890 |   NaN | NaN | 0,00 | 0,00 | NaN
  32 |  0,00 | 29,386 | 708,71 | 708,71 | 721,72 |  0,00 | 0,693 | 44,35 | 44,35 |  0,00 | 0,703 | 298,04 | 298,04 |  0,00 | 86,453 | 299,70 | 299,70 |  0,00 | 196,528 | 66,61 | 66,61 | 423,071 |   NaN | NaN | 0,00 | 0,00 | NaN
  33 |  0,00 | 24,202 | 707,13 | 707,13 | 720,71 |  0,00 | 0,759 | 44,35 | 44,35 |  0,00 | 0,759 | 296,69 | 296,69 |  0,00 | 70,292 | 299,47 | 299,47 |  0,00 | 164,970 | 66,61 | 66,61 | 383,716 |   NaN | NaN | 0,00 | 0,00 | NaN
  34 |  0,00 | 4,051 | 703,39 | 703,39 | 716,55 |  0,00 | 0,750 | 44,35 | 44,35 |  0,00 | 0,756 | 299,32 | 299,32 |  0,00 | 7,690 | 293,11 | 293,11 |  0,00 | 48,853 | 66,61 | 66,61 | 134,868 |   NaN | NaN | 0,00 | 0,00 | NaN
  35 |  0,00 | 2,196 | 713,48 | 713,48 | 726,36 |  0,00 | 0,700 | 44,35 | 44,35 |  0,00 | 0,705 | 301,64 | 301,64 |  0,00 | 3,117 | 300,87 | 300,87 |  0,00 | 28,412 | 66,61 | 66,61 | 82,317 |   NaN | NaN | 0,00 | 0,00 | NaN
  36 |  0,00 | 8,074 | 706,01 | 706,01 | 719,28 |  0,00 | 0,752 | 44,35 | 44,35 |  0,00 | 0,749 | 295,18 | 295,18 |  0,00 | 20,138 | 299,86 | 299,86 |  0,00 | 71,376 | 66,61 | 66,61 | 191,760 |   NaN | NaN | 0,00 | 0,00 | NaN
  37 |  0,00 | 26,768 | 716,34 | 716,34 | 729,36 |  0,00 | 0,735 | 44,35 | 44,35 |  0,00 | 0,727 | 304,67 | 304,67 |  0,00 | 77,494 | 300,70 | 300,70 |  0,00 | 191,189 | 66,61 | 66,61 | 415,556 |   NaN | NaN | 0,00 | 0,00 | NaN
  38 |  0,00 | 16,854 | 709,62 | 709,62 | 722,60 |  0,00 | 0,727 | 44,35 | 44,35 |  0,00 | 0,723 | 300,93 | 300,93 |  0,00 | 47,246 | 297,73 | 297,73 |  0,00 | 128,256 | 66,61 | 66,61 | 322,086 |   NaN | NaN | 0,00 | 0,00 | NaN
  39 |  0,00 | 20,865 | 704,51 | 704,51 | 719,34 |  0,00 | 0,770 | 44,35 | 44,35 |  0,00 | 0,766 | 297,58 | 297,58 |  0,00 | 57,324 | 295,96 | 295,96 |  0,00 | 171,617 | 66,61 | 66,61 | 383,573 |   NaN | NaN | 0,00 | 0,00 | NaN
  40 |  0,00 | 11,523 | 703,59 | 703,59 | 718,40 |  0,00 | 0,770 | 44,35 | 44,35 |  0,00 | 0,764 | 296,98 | 296,98 |  0,00 | 31,198 | 295,64 | 295,64 |  0,00 | 90,768 | 66,61 | 66,61 | 236,986 |   NaN | NaN | 0,00 | 0,00 | NaN
  41 |  0,00 | 30,554 | 713,08 | 713,08 | 726,43 |  0,00 | 0,753 | 44,35 | 44,35 |  0,00 | 0,757 | 298,56 | 298,56 |  0,00 | 89,025 | 303,55 | 303,55 |  0,00 | 205,216 | 66,61 | 66,61 | 436,158 |   NaN | NaN | 0,00 | 0,00 | NaN
  42 |  0,00 | 28,879 | 715,32 | 715,32 | 728,32 |  0,00 | 0,699 | 44,35 | 44,35 |  0,00 | 0,696 | 301,28 | 301,28 |  0,00 | 83,692 | 303,07 | 303,07 |  0,00 | 201,264 | 66,61 | 66,61 | 420,927 |   NaN | NaN | 0,00 | 0,00 | NaN
  43 |  0,00 | 24,835 | 715,56 | 715,56 | 730,27 |  0,00 | 0,777 | 44,35 | 44,35 |  0,00 | 0,772 | 302,02 | 302,02 |  0,00 | 71,226 | 302,57 | 302,57 |  0,00 | 176,593 | 66,61 | 66,61 | 400,639 |   NaN | NaN | 0,00 | 0,00 | NaN
  44 |  0,00 | 28,382 | 716,83 | 716,83 | 729,80 |  0,00 | 0,689 | 44,35 | 44,35 |  0,00 | 0,678 | 300,84 | 300,84 |  0,00 | 80,618 | 305,03 | 305,03 |  0,00 | 208,743 | 66,61 | 66,61 | 435,484 |   NaN | NaN | 0,00 | 0,00 | NaN
  45 |  0,00 | 27,794 | 714,55 | 714,55 | 729,91 |  0,00 | 0,774 | 44,35 | 44,35 |  0,00 | 0,772 | 306,40 | 306,40 |  0,00 | 80,472 | 297,19 | 297,19 |  0,00 | 204,485 | 66,61 | 66,61 | 434,348 |   NaN | NaN | 0,00 | 0,00 | NaN
  46 |  0,00 | 26,321 | 708,85 | 708,85 | 721,84 |  0,00 | 0,713 | 44,35 | 44,35 |  0,00 | 0,705 | 295,46 | 295,46 |  0,00 | 75,725 | 302,42 | 302,42 |  0,00 | 183,168 | 66,61 | 66,61 | 413,283 |   NaN | NaN | 0,00 | 0,00 | NaN
  47 |  0,00 | 27,025 | 705,65 | 705,65 | 718,64 |  0,00 | 0,711 | 44,35 | 44,35 |  0,00 | 0,706 | 300,37 | 300,37 |  0,00 | 77,055 | 294,32 | 294,32 |  0,00 | 209,564 | 66,61 | 66,61 | 434,143 |   NaN | NaN | 0,00 | 0,00 | NaN
  48 |  0,00 | 25,826 | 705,80 | 705,80 | 718,89 |  0,00 | 0,740 | 44,35 | 44,35 |  0,00 | 0,736 | 296,75 | 296,75 |  0,00 | 71,930 | 298,09 | 298,09 |  0,00 | 205,619 | 66,61 | 66,61 | 429,931 |   NaN | NaN | 0,00 | 0,00 | NaN
  49 |  0,00 | 29,418 | 704,34 | 704,34 | 717,65 |  0,00 | 0,752 | 44,35 | 44,35 |  0,00 | 0,752 | 297,18 | 297,18 |  0,00 | 85,507 | 296,20 | 296,20 |  0,00 | 209,481 | 66,61 | 66,61 | 443,415 |   NaN | NaN | 0,00 | 0,00 | NaN
  50 |  0,00 | 25,398 | 709,21 | 709,21 | 722,24 |  0,00 | 0,707 | 44,35 | 44,35 |  0,00 | 0,708 | 301,16 | 301,16 |  0,00 | 74,902 | 297,08 | 297,08 |  0,00 | 171,959 | 66,61 | 66,61 | 397,987 |   NaN | NaN | 0,00 | 0,00 | NaN
  51 |  0,00 | 26,440 | 709,10 | 709,10 | 722,10 |  0,00 | 0,705 | 44,35 | 44,35 |  0,00 | 0,697 | 297,69 | 297,69 |  0,00 | 74,208 | 300,44 | 300,44 |  0,00 | 204,280 | 66,61 | 66,61 | 428,375 |   NaN | NaN | 0,00 | 0,00 | NaN
  52 |  0,00 | 28,176 | 709,24 | 709,24 | 722,26 |  0,00 | 0,731 | 44,35 | 44,35 |  0,00 | 0,730 | 295,81 | 295,81 |  0,00 | 80,216 | 302,46 | 302,46 |  0,00 | 204,041 | 66,61 | 66,61 | 428,516 |   NaN | NaN | 0,00 | 0,00 | NaN
  53 |  0,00 | 24,786 | 711,13 | 711,13 | 724,11 |  0,00 | 0,718 | 44,35 | 44,35 |  0,00 | 0,713 | 300,16 | 300,16 |  0,00 | 69,912 | 299,99 | 299,99 |  0,00 | 189,600 | 66,61 | 66,61 | 412,055 |   NaN | NaN | 0,00 | 0,00 | NaN
  54 |  0,00 | 29,609 | 704,58 | 704,58 | 717,63 |  0,00 | 0,721 | 44,35 | 44,35 |  0,00 | 0,733 | 299,65 | 299,65 |  0,00 | 86,673 | 293,96 | 293,96 |  0,00 | 211,848 | 66,61 | 66,61 | 446,803 |   NaN | NaN | 0,00 | 0,00 | NaN
  55 |  0,00 | 19,334 | 710,50 | 710,50 | 723,45 |  0,00 | 0,706 | 44,35 | 44,35 |  0,00 | 0,695 | 298,97 | 298,97 |  0,00 | 55,915 | 300,56 | 300,56 |  0,00 | 131,808 | 66,61 | 66,61 | 329,554 |   NaN | NaN | 0,00 | 0,00 | NaN
  56 |  0,00 | 28,237 | 703,80 | 703,80 | 716,78 |  0,00 | 0,712 | 44,35 | 44,35 |  0,00 | 0,711 | 297,62 | 297,62 |  0,00 | 80,981 | 295,21 | 295,21 |  0,00 | 212,109 | 66,61 | 66,61 | 443,676 |   NaN | NaN | 0,00 | 0,00 | NaN
  57 |  0,00 | 32,016 | 709,06 | 709,06 | 722,08 |  0,00 | 0,709 | 44,35 | 44,35 |  0,00 | 0,713 | 298,07 | 298,07 |  0,00 | 93,911 | 300,03 | 300,03 |  0,00 | 217,279 | 66,61 | 66,61 | 448,217 |   NaN | NaN | 0,00 | 0,00 | NaN
  58 |  0,00 | 28,289 | 710,31 | 710,31 | 723,32 |  0,00 | 0,738 | 44,35 | 44,35 |  0,00 | 0,733 | 301,07 | 301,07 |  0,00 | 81,521 | 298,27 | 298,27 |  0,00 | 206,917 | 66,61 | 66,61 | 432,254 |   NaN | NaN | 0,00 | 0,00 | NaN
  59 |  0,00 | 5,716 | 713,28 | 713,28 | 726,74 |  0,00 | 0,757 | 44,35 | 44,35 |  0,00 | 0,751 | 298,54 | 298,54 |  0,00 | 12,743 | 303,77 | 303,77 |  0,00 | 57,996 | 66,61 | 66,61 | 157,703 |   NaN | NaN | 0,00 | 0,00 | NaN
  60 |  0,00 | 27,985 | 711,96 | 711,96 | 724,88 |  0,00 | 0,691 | 44,35 | 44,35 |  0,00 | 0,688 | 300,75 | 300,75 |  0,00 | 80,932 | 300,24 | 300,24 |  0,00 | 199,866 | 66,61 | 66,61 | 422,221 |   NaN | NaN | 0,00 | 0,00 | NaN
  61 |  0,00 | 29,588 | 715,29 | 715,29 | 728,28 |  0,00 | 0,714 | 44,35 | 44,35 |  0,00 | 0,718 | 301,64 | 301,64 |  0,00 | 87,749 | 302,68 | 302,68 |  0,00 | 190,083 | 66,61 | 66,61 | 419,673 |   NaN | NaN | 0,00 | 0,00 | NaN
  62 |  0,00 | 30,973 | 712,44 | 712,44 | 728,12 |  0,00 | 0,776 | 44,35 | 44,35 |  0,00 | 0,783 | 298,97 | 298,97 |  0,00 | 89,821 | 302,50 | 302,50 |  0,00 | 213,719 | 66,61 | 66,61 | 451,125 |   NaN | NaN | 0,00 | 0,00 | NaN
  63 |  0,00 | 23,552 | 713,54 | 713,54 | 726,55 |  0,00 | 0,731 | 44,35 | 44,35 |  0,00 | 0,732 | 303,48 | 303,48 |  0,00 | 70,499 | 299,10 | 299,10 |  0,00 | 147,655 | 66,61 | 66,61 | 361,059 |   NaN | NaN | 0,00 | 0,00 | NaN
  64 |  0,00 | 26,140 | 703,10 | 703,10 | 718,63 |  0,00 | 0,774 | 44,35 | 44,35 |  0,00 | 0,772 | 297,49 | 297,49 |  0,00 | 73,450 | 294,64 | 294,64 |  0,00 | 207,219 | 66,61 | 66,61 | 440,141 |   NaN | NaN | 0,00 | 0,00 | NaN

= = = = = = = = = = = = AVERAGE RESULTS system = = = = = = = = = = = =
meanPLR_system | 0,000000 
meanDelay_system | 19,961541 
meanLoad_system | 710,463432 
meanTHR_system | 710,463432 
meanGate_system | 723,947671 

meanPLR_EF_system | 0,000000 
meanPLR_AF_system | 0,000000 
meanPLR_BE_system | 0,000000 
meanPLR_FLA_system | 0,000000 
meanPLR_FLB_system | NaN 

meanTHR_EF_system | 44,352004 
meanTHR_AF_system | 299,919732 
meanTHR_BE_system | 299,577684 
meanTHR_FLA_system | 68,227982 
meanTHR_FLB_system | 0,000000 

meanLoad_EF_system | 44,352004 
meanLoad_AF_system | 299,919732 
meanLoad_BE_system | 299,577684 
meanLoad_FLA_system | 68,227982 
meanLoad_FLB_system | 0,000000 

meanDELAY_EF_system | 0,735723 
meanDELAY_AF_system | 0,734565 
meanDELAY_BE_system | 54,943675 
meanDELAY_FLA_system | 160,986273 
meanDELAY_FLB_system | NaN 
meanDELAY_CompleteFLA_system | 347,149497 
meanDELAY_CompleteFLB_system | NaN 

= = = = = = = = = = = = AVERAGE RESULTS = = = = = = = = = = = =
Packet Loss Ratio: 00,00 (%)
PROCESSED PACKAGES: 1451983260 
DISCARTED PACKAGES: 0 
TOTAL PACKAGES: 1451983260 
AVERAGE DELAY: 3570,47 (ms) 
AVERAGE THROUGHPUT: 710,46 (Mbps) 
GRANTED THROUGHPUT: 46332,65 (Mbps) By 64 ONUs
EFFECTIVE THROUGHPUT: 45469,66 (Mbps) By 64 ONUs
TOTAL LOAD: 45469,66 (Mbps) By 64 ONUs
ON Arrival THROUGHPUT: 0,00 (Mbps) By 64 ONUs
FINISHTIMEFL: 123,820166 
FINISHTIME: 126,820166 


fileName | IPACT_STRICTPRIORITYFIRSTAF_2_40_80_0 
