
ONU ID 	|  PLR(%) | Delay(ms) | Throughput(Mbps) | Granted Throughput(Mbps) | Total Load (Mbps) 

  ID |  PLR(%) |  D  | Thr |  Gates  |  Load  | PLR-EF | D-EF | ThrEF | LoadEF | PLR-AF | D-AF | ThrAF | LoadAF | PLR-BE | D-BE | ThrBE | LoadBE | PLR-FA | D-FA | ThrFA | LoadFA | DTFA |  PLR-FB | D-FB | ThrFB | LoadFB | DTFB | 
   1 |  5,10 | 279,131 | 754,16 | 794,70 | 758,82 |  0,00 | 1,407 | 44,35 | 44,35 |  0,00 | 22,596 | 357,24 | 357,24 | 11,64 | 1042,328 | 307,74 | 348,28 |  0,00 | 139,040 | 44,83 | 44,83 | 298,311 |   NaN | NaN | 0,00 | 0,00 | NaN
   2 |  5,51 | 278,099 | 753,67 | 797,62 | 758,37 |  0,00 | 1,419 | 44,35 | 44,35 |  0,00 | 20,782 | 356,33 | 356,33 | 12,48 | 1038,450 | 308,16 | 352,11 |  0,00 | 139,143 | 44,83 | 44,83 | 298,409 |   NaN | NaN | 0,00 | 0,00 | NaN
   3 |  4,72 | 257,949 | 753,85 | 791,21 | 758,51 |  0,00 | 1,355 | 44,35 | 44,35 |  0,00 | 21,319 | 352,44 | 352,44 | 10,69 | 948,090 | 312,22 | 349,58 |  0,00 | 139,058 | 44,83 | 44,83 | 298,349 |   NaN | NaN | 0,00 | 0,00 | NaN
   4 |  5,65 | 283,993 | 754,54 | 799,72 | 759,20 |  0,00 | 1,361 | 44,35 | 44,35 |  0,00 | 22,340 | 357,96 | 357,96 | 12,82 | 1062,870 | 307,39 | 352,58 |  0,00 | 139,004 | 44,83 | 44,83 | 298,276 |   NaN | NaN | 0,00 | 0,00 | NaN
   5 |  4,90 | 265,383 | 753,36 | 792,21 | 758,03 |  0,00 | 1,386 | 44,35 | 44,35 |  0,00 | 22,791 | 351,23 | 351,23 | 11,04 | 971,926 | 312,95 | 351,80 |  0,00 | 138,963 | 44,83 | 44,83 | 298,108 |   NaN | NaN | 0,00 | 0,00 | NaN
   6 |  5,53 | 278,430 | 754,34 | 798,52 | 759,00 |  0,00 | 1,335 | 44,35 | 44,35 |  0,00 | 20,564 | 356,39 | 356,39 | 12,52 | 1038,725 | 308,77 | 352,95 |  0,00 | 138,961 | 44,83 | 44,83 | 298,210 |   NaN | NaN | 0,00 | 0,00 | NaN
   7 |  5,08 | 269,323 | 754,85 | 795,23 | 759,52 |  0,00 | 1,353 | 44,35 | 44,35 |  0,00 | 21,511 | 354,26 | 354,26 | 11,48 | 994,839 | 311,41 | 351,79 |  0,00 | 139,043 | 44,83 | 44,83 | 298,318 |   NaN | NaN | 0,00 | 0,00 | NaN
   8 |  5,09 | 281,969 | 754,85 | 795,30 | 759,53 |  0,00 | 1,403 | 44,35 | 44,35 |  0,00 | 20,981 | 351,19 | 351,19 | 11,40 | 1033,499 | 314,48 | 354,93 |  0,00 | 139,056 | 44,83 | 44,83 | 298,308 |   NaN | NaN | 0,00 | 0,00 | NaN
   9 |  5,42 | 274,232 | 754,60 | 797,84 | 759,25 |  0,00 | 1,343 | 44,35 | 44,35 |  0,00 | 21,471 | 355,09 | 355,09 | 12,23 | 1016,680 | 310,34 | 353,57 |  0,00 | 139,014 | 44,83 | 44,83 | 298,222 |   NaN | NaN | 0,00 | 0,00 | NaN
  10 |  4,91 | 272,683 | 754,95 | 793,92 | 759,62 |  0,00 | 1,404 | 44,35 | 44,35 |  0,00 | 22,083 | 353,12 | 353,12 | 11,08 | 1002,895 | 312,65 | 351,62 |  0,00 | 139,103 | 44,83 | 44,83 | 298,399 |   NaN | NaN | 0,00 | 0,00 | NaN
  11 |  4,82 | 270,400 | 753,33 | 791,46 | 758,00 |  0,00 | 1,344 | 44,35 | 44,35 |  0,00 | 20,756 | 348,33 | 348,33 | 10,77 | 984,927 | 315,82 | 353,95 |  0,00 | 138,909 | 44,83 | 44,83 | 298,153 |   NaN | NaN | 0,00 | 0,00 | NaN
  12 |  5,00 | 276,586 | 754,36 | 794,11 | 759,02 |  0,00 | 1,406 | 44,35 | 44,35 |  0,00 | 20,345 | 352,37 | 352,37 | 11,27 | 1018,810 | 312,82 | 352,56 |  0,00 | 138,960 | 44,83 | 44,83 | 298,222 |   NaN | NaN | 0,00 | 0,00 | NaN
  13 |  4,32 | 252,838 | 753,27 | 787,27 | 757,92 |  0,00 | 1,371 | 44,35 | 44,35 |  0,00 | 22,627 | 350,45 | 350,45 |  9,78 | 922,622 | 313,64 | 347,64 |  0,00 | 139,069 | 44,83 | 44,83 | 298,330 |   NaN | NaN | 0,00 | 0,00 | NaN
  14 |  5,46 | 271,361 | 753,15 | 796,68 | 757,82 |  0,00 | 1,412 | 44,35 | 44,35 |  0,00 | 23,507 | 353,70 | 353,70 | 12,30 | 1002,176 | 310,26 | 353,79 |  0,00 | 138,952 | 44,83 | 44,83 | 298,123 |   NaN | NaN | 0,00 | 0,00 | NaN
  15 |  4,89 | 273,022 | 753,06 | 791,78 | 757,73 |  0,00 | 1,406 | 44,35 | 44,35 |  0,00 | 22,918 | 347,80 | 347,80 | 10,91 | 991,216 | 316,07 | 354,79 |  0,00 | 139,056 | 44,83 | 44,83 | 298,333 |   NaN | NaN | 0,00 | 0,00 | NaN
  16 |  6,26 | 287,290 | 753,94 | 804,25 | 758,59 |  0,00 | 1,397 | 44,35 | 44,35 |  0,00 | 19,975 | 354,71 | 354,71 | 13,96 | 1068,649 | 310,04 | 360,36 |  0,00 | 139,128 | 44,83 | 44,83 | 298,402 |   NaN | NaN | 0,00 | 0,00 | NaN
  17 |  5,46 | 277,035 | 753,80 | 797,36 | 758,47 |  0,00 | 1,410 | 44,35 | 44,35 |  0,00 | 19,842 | 355,21 | 355,21 | 12,34 | 1031,555 | 309,41 | 352,97 |  0,00 | 139,038 | 44,83 | 44,83 | 298,310 |   NaN | NaN | 0,00 | 0,00 | NaN
  18 |  4,74 | 270,030 | 753,73 | 791,24 | 758,37 |  0,00 | 1,387 | 44,35 | 44,35 |  0,00 | 20,929 | 349,82 | 349,82 | 10,65 | 986,860 | 314,73 | 352,24 |  0,00 | 138,832 | 44,83 | 44,83 | 297,897 |   NaN | NaN | 0,00 | 0,00 | NaN
  19 |  3,98 | 269,644 | 754,42 | 785,67 | 759,07 |  0,00 | 1,378 | 44,35 | 44,35 |  0,00 | 19,176 | 346,86 | 346,86 |  8,94 | 976,642 | 318,37 | 349,62 |  0,00 | 139,050 | 44,83 | 44,83 | 298,208 |   NaN | NaN | 0,00 | 0,00 | NaN
  20 |  4,55 | 273,285 | 753,86 | 789,84 | 758,53 |  0,00 | 1,373 | 44,35 | 44,35 |  0,00 | 23,619 | 353,27 | 353,27 | 10,36 | 1006,499 | 311,41 | 347,39 |  0,00 | 138,859 | 44,83 | 44,83 | 298,029 |   NaN | NaN | 0,00 | 0,00 | NaN
  21 |  3,69 | 247,728 | 753,77 | 782,68 | 758,45 |  0,00 | 1,378 | 44,35 | 44,35 |  0,00 | 19,910 | 348,05 | 348,05 |  8,37 | 898,531 | 316,54 | 345,44 |  0,00 | 139,027 | 44,83 | 44,83 | 298,308 |   NaN | NaN | 0,00 | 0,00 | NaN
  22 |  5,81 | 282,901 | 754,66 | 801,25 | 759,34 |  0,00 | 1,416 | 44,35 | 44,35 |  0,00 | 23,028 | 360,20 | 360,20 | 13,24 | 1064,999 | 305,28 | 351,87 |  0,00 | 139,077 | 44,83 | 44,83 | 298,257 |   NaN | NaN | 0,00 | 0,00 | NaN
  23 |  5,15 | 280,038 | 753,99 | 794,93 | 758,65 |  0,00 | 1,398 | 44,35 | 44,35 |  0,00 | 22,426 | 353,01 | 353,01 | 11,61 | 1032,635 | 311,80 | 352,74 |  0,00 | 139,088 | 44,83 | 44,83 | 298,346 |   NaN | NaN | 0,00 | 0,00 | NaN
  24 |  5,25 | 271,273 | 755,02 | 796,88 | 759,68 |  0,00 | 1,360 | 44,35 | 44,35 |  0,00 | 22,348 | 352,17 | 352,17 | 11,77 | 994,166 | 313,67 | 355,53 |  0,00 | 139,067 | 44,83 | 44,83 | 298,349 |   NaN | NaN | 0,00 | 0,00 | NaN
  25 |  5,80 | 284,677 | 753,95 | 800,38 | 758,65 |  0,00 | 1,417 | 44,35 | 44,35 |  0,00 | 23,265 | 351,24 | 351,24 | 12,90 | 1043,282 | 313,53 | 359,96 |  0,00 | 139,078 | 44,83 | 44,83 | 298,345 |   NaN | NaN | 0,00 | 0,00 | NaN
  26 |  4,76 | 274,116 | 754,29 | 791,98 | 758,98 |  0,00 | 1,414 | 44,35 | 44,35 |  0,00 | 22,992 | 352,29 | 352,29 | 10,75 | 1006,216 | 312,82 | 350,51 |  0,00 | 139,064 | 44,83 | 44,83 | 298,326 |   NaN | NaN | 0,00 | 0,00 | NaN
  27 |  4,53 | 271,780 | 754,79 | 790,59 | 759,43 |  0,00 | 1,340 | 44,35 | 44,35 |  0,00 | 23,213 | 353,70 | 353,70 | 10,30 | 1000,685 | 311,91 | 347,71 |  0,00 | 138,820 | 44,83 | 44,83 | 297,857 |   NaN | NaN | 0,00 | 0,00 | NaN
  28 |  4,26 | 264,554 | 753,87 | 787,40 | 758,54 |  0,00 | 1,407 | 44,35 | 44,35 |  0,00 | 23,069 | 352,61 | 352,61 |  9,70 | 971,756 | 312,08 | 345,61 |  0,00 | 139,130 | 44,83 | 44,83 | 298,407 |   NaN | NaN | 0,00 | 0,00 | NaN
  29 |  5,61 | 278,060 | 754,14 | 798,93 | 758,78 |  0,00 | 1,386 | 44,35 | 44,35 |  0,00 | 22,250 | 354,44 | 354,44 | 12,61 | 1029,266 | 310,52 | 355,32 |  0,00 | 139,002 | 44,83 | 44,83 | 298,234 |   NaN | NaN | 0,00 | 0,00 | NaN
  30 |  4,62 | 268,918 | 754,18 | 790,72 | 758,87 |  0,00 | 1,416 | 44,35 | 44,35 |  0,00 | 23,213 | 349,35 | 349,35 | 10,38 | 977,846 | 315,64 | 352,18 |  0,00 | 138,920 | 44,83 | 44,83 | 298,044 |   NaN | NaN | 0,00 | 0,00 | NaN
  31 |  4,66 | 273,701 | 754,02 | 790,84 | 758,67 |  0,00 | 1,383 | 44,35 | 44,35 |  0,00 | 24,390 | 353,59 | 353,59 | 10,58 | 1008,123 | 311,24 | 348,06 |  0,00 | 139,011 | 44,83 | 44,83 | 298,246 |   NaN | NaN | 0,00 | 0,00 | NaN
  32 |  5,25 | 273,845 | 754,34 | 796,14 | 758,98 |  0,00 | 1,340 | 44,35 | 44,35 |  0,00 | 22,727 | 353,14 | 353,14 | 11,81 | 1007,982 | 312,02 | 353,83 |  0,00 | 138,878 | 44,83 | 44,83 | 298,100 |   NaN | NaN | 0,00 | 0,00 | NaN
  33 |  4,59 | 271,484 | 755,04 | 791,39 | 759,70 |  0,00 | 1,405 | 44,35 | 44,35 |  0,00 | 21,656 | 351,22 | 351,22 | 10,36 | 992,629 | 314,63 | 350,99 |  0,00 | 138,893 | 44,83 | 44,83 | 298,133 |   NaN | NaN | 0,00 | 0,00 | NaN
  34 |  4,64 | 274,111 | 753,73 | 790,42 | 758,37 |  0,00 | 1,396 | 44,35 | 44,35 |  0,00 | 21,140 | 352,04 | 352,04 | 10,51 | 1009,173 | 312,51 | 349,20 |  0,00 | 138,685 | 44,83 | 44,83 | 297,731 |   NaN | NaN | 0,00 | 0,00 | NaN
  35 |  5,70 | 281,177 | 753,82 | 799,37 | 758,47 |  0,00 | 1,346 | 44,35 | 44,35 |  0,00 | 20,365 | 355,50 | 355,50 | 12,84 | 1047,956 | 309,14 | 354,69 |  0,00 | 138,548 | 44,83 | 44,83 | 297,432 |   NaN | NaN | 0,00 | 0,00 | NaN
  36 |  4,63 | 274,072 | 754,93 | 791,58 | 759,59 |  0,00 | 1,399 | 44,35 | 44,35 |  0,00 | 22,670 | 348,20 | 348,20 | 10,35 | 992,320 | 317,55 | 354,20 |  0,00 | 138,869 | 44,83 | 44,83 | 297,927 |   NaN | NaN | 0,00 | 0,00 | NaN
  37 |  5,73 | 285,279 | 755,20 | 801,15 | 759,88 |  0,00 | 1,382 | 44,35 | 44,35 |  0,00 | 21,961 | 358,47 | 358,47 | 13,00 | 1068,294 | 307,55 | 353,49 |  0,00 | 138,894 | 44,83 | 44,83 | 298,134 |   NaN | NaN | 0,00 | 0,00 | NaN
  38 |  5,43 | 279,008 | 754,50 | 797,83 | 759,15 |  0,00 | 1,373 | 44,35 | 44,35 |  0,00 | 22,981 | 355,08 | 355,08 | 12,25 | 1033,482 | 310,24 | 353,56 |  0,00 | 138,858 | 44,83 | 44,83 | 297,933 |   NaN | NaN | 0,00 | 0,00 | NaN
  39 |  3,69 | 258,706 | 752,86 | 781,72 | 757,55 |  0,00 | 1,416 | 44,35 | 44,35 |  0,00 | 21,594 | 347,54 | 347,54 |  8,37 | 938,393 | 316,13 | 344,99 |  0,00 | 138,933 | 44,83 | 44,83 | 298,131 |   NaN | NaN | 0,00 | 0,00 | NaN
  40 |  4,14 | 261,410 | 753,32 | 785,88 | 758,00 |  0,00 | 1,416 | 44,35 | 44,35 |  0,00 | 20,240 | 351,16 | 351,16 |  9,42 | 960,188 | 312,98 | 345,54 |  0,00 | 138,921 | 44,83 | 44,83 | 297,991 |   NaN | NaN | 0,00 | 0,00 | NaN
  41 |  5,59 | 275,787 | 753,15 | 797,74 | 757,82 |  0,00 | 1,399 | 44,35 | 44,35 |  0,00 | 22,340 | 349,71 | 349,71 | 12,43 | 1007,861 | 314,26 | 358,85 |  0,00 | 139,078 | 44,83 | 44,83 | 298,348 |   NaN | NaN | 0,00 | 0,00 | NaN
  42 |  5,78 | 275,040 | 754,61 | 800,93 | 759,27 |  0,00 | 1,345 | 44,35 | 44,35 |  0,00 | 20,548 | 356,14 | 356,14 | 13,03 | 1024,189 | 309,29 | 355,61 |  0,00 | 138,952 | 44,83 | 44,83 | 298,220 |   NaN | NaN | 0,00 | 0,00 | NaN
  43 |  6,06 | 277,465 | 754,82 | 803,55 | 759,50 |  0,00 | 1,423 | 44,35 | 44,35 |  0,00 | 24,341 | 358,18 | 358,18 | 13,68 | 1035,183 | 307,46 | 356,19 |  0,00 | 138,795 | 44,83 | 44,83 | 297,968 |   NaN | NaN | 0,00 | 0,00 | NaN
  44 |  5,39 | 283,937 | 754,31 | 797,29 | 758,95 |  0,00 | 1,336 | 44,35 | 44,35 |  0,00 | 23,404 | 351,84 | 351,84 | 12,06 | 1041,752 | 313,30 | 356,28 |  0,00 | 138,953 | 44,83 | 44,83 | 298,192 |   NaN | NaN | 0,00 | 0,00 | NaN
  45 |  4,62 | 276,305 | 754,77 | 791,30 | 759,45 |  0,00 | 1,420 | 44,35 | 44,35 |  0,00 | 20,889 | 355,51 | 355,51 | 10,54 | 1025,933 | 310,08 | 346,61 |  0,00 | 139,003 | 44,83 | 44,83 | 298,278 |   NaN | NaN | 0,00 | 0,00 | NaN
  46 |  5,01 | 269,163 | 754,55 | 794,36 | 759,22 |  0,00 | 1,359 | 44,35 | 44,35 |  0,00 | 20,527 | 350,49 | 350,49 | 11,22 | 984,408 | 314,88 | 354,68 |  0,00 | 138,865 | 44,83 | 44,83 | 298,063 |   NaN | NaN | 0,00 | 0,00 | NaN
  47 |  4,72 | 262,741 | 754,46 | 791,87 | 759,14 |  0,00 | 1,357 | 44,35 | 44,35 |  0,00 | 22,098 | 352,49 | 352,49 | 10,68 | 964,407 | 312,79 | 350,20 |  0,00 | 138,974 | 44,83 | 44,83 | 298,233 |   NaN | NaN | 0,00 | 0,00 | NaN
  48 |  4,71 | 270,115 | 752,51 | 789,74 | 757,18 |  0,00 | 1,387 | 44,35 | 44,35 |  0,00 | 22,524 | 350,42 | 350,42 | 10,63 | 989,926 | 312,91 | 350,14 |  0,00 | 139,030 | 44,83 | 44,83 | 298,278 |   NaN | NaN | 0,00 | 0,00 | NaN
  49 |  4,74 | 272,194 | 754,17 | 791,69 | 758,83 |  0,00 | 1,399 | 44,35 | 44,35 |  0,00 | 20,588 | 352,34 | 352,34 | 10,71 | 1002,055 | 312,66 | 350,17 |  0,00 | 139,080 | 44,83 | 44,83 | 298,325 |   NaN | NaN | 0,00 | 0,00 | NaN
  50 |  5,23 | 278,096 | 754,63 | 796,29 | 759,27 |  0,00 | 1,353 | 44,35 | 44,35 |  0,00 | 22,068 | 355,48 | 355,48 | 11,85 | 1031,915 | 309,97 | 351,63 |  0,00 | 138,796 | 44,83 | 44,83 | 297,989 |   NaN | NaN | 0,00 | 0,00 | NaN
  51 |  5,04 | 275,488 | 754,05 | 794,11 | 758,71 |  0,00 | 1,351 | 44,35 | 44,35 |  0,00 | 20,744 | 351,51 | 351,51 | 11,33 | 1012,271 | 313,36 | 353,41 |  0,00 | 139,016 | 44,83 | 44,83 | 298,285 |   NaN | NaN | 0,00 | 0,00 | NaN
  52 |  5,20 | 285,651 | 753,66 | 794,99 | 758,31 |  0,00 | 1,378 | 44,35 | 44,35 |  0,00 | 20,953 | 349,05 | 349,05 | 11,59 | 1043,411 | 315,43 | 356,76 |  0,00 | 138,995 | 44,83 | 44,83 | 298,250 |   NaN | NaN | 0,00 | 0,00 | NaN
  53 |  5,23 | 274,799 | 754,57 | 796,25 | 759,24 |  0,00 | 1,365 | 44,35 | 44,35 |  0,00 | 22,698 | 355,07 | 355,07 | 11,84 | 1017,553 | 310,32 | 352,00 |  0,00 | 138,906 | 44,83 | 44,83 | 298,104 |   NaN | NaN | 0,00 | 0,00 | NaN
  54 |  4,14 | 259,669 | 754,93 | 787,50 | 759,59 |  0,00 | 1,367 | 44,35 | 44,35 |  0,00 | 22,382 | 351,93 | 351,93 |  9,40 | 949,576 | 313,82 | 346,38 |  0,00 | 138,959 | 44,83 | 44,83 | 298,217 |   NaN | NaN | 0,00 | 0,00 | NaN
  55 |  4,48 | 267,995 | 755,20 | 790,58 | 759,85 |  0,00 | 1,352 | 44,35 | 44,35 |  0,00 | 19,778 | 349,42 | 349,42 | 10,05 | 976,164 | 316,59 | 351,98 |  0,00 | 138,747 | 44,83 | 44,83 | 297,821 |   NaN | NaN | 0,00 | 0,00 | NaN
  56 |  4,36 | 269,124 | 754,88 | 789,31 | 759,55 |  0,00 | 1,358 | 44,35 | 44,35 |  0,00 | 24,540 | 350,21 | 350,21 |  9,84 | 977,980 | 315,49 | 349,91 |  0,00 | 139,086 | 44,83 | 44,83 | 298,367 |   NaN | NaN | 0,00 | 0,00 | NaN
  57 |  4,84 | 258,135 | 754,04 | 792,39 | 758,71 |  0,00 | 1,355 | 44,35 | 44,35 |  0,00 | 21,365 | 350,86 | 350,86 | 10,88 | 943,492 | 314,00 | 352,35 |  0,00 | 138,999 | 44,83 | 44,83 | 298,271 |   NaN | NaN | 0,00 | 0,00 | NaN
  58 |  5,09 | 276,507 | 753,87 | 794,29 | 758,52 |  0,00 | 1,384 | 44,35 | 44,35 |  0,00 | 20,056 | 352,82 | 352,82 | 11,47 | 1021,056 | 311,87 | 352,29 |  0,00 | 139,049 | 44,83 | 44,83 | 298,302 |   NaN | NaN | 0,00 | 0,00 | NaN
  59 |  5,49 | 272,900 | 754,90 | 798,77 | 759,55 |  0,00 | 1,403 | 44,35 | 44,35 |  0,00 | 22,651 | 351,21 | 351,21 | 12,24 | 997,153 | 314,51 | 358,38 |  0,00 | 138,824 | 44,83 | 44,83 | 297,863 |   NaN | NaN | 0,00 | 0,00 | NaN
  60 |  4,93 | 275,180 | 753,05 | 792,10 | 757,70 |  0,00 | 1,338 | 44,35 | 44,35 |  0,00 | 21,388 | 351,59 | 351,59 | 11,11 | 1013,178 | 312,27 | 351,32 |  0,00 | 138,998 | 44,83 | 44,83 | 298,269 |   NaN | NaN | 0,00 | 0,00 | NaN
  61 |  5,49 | 281,069 | 754,76 | 798,62 | 759,41 |  0,00 | 1,360 | 44,35 | 44,35 |  0,00 | 21,374 | 354,31 | 354,31 | 12,35 | 1039,872 | 311,27 | 355,14 |  0,00 | 138,910 | 44,83 | 44,83 | 298,156 |   NaN | NaN | 0,00 | 0,00 | NaN
  62 |  5,53 | 274,532 | 754,07 | 798,24 | 758,79 |  0,00 | 1,422 | 44,35 | 44,35 |  0,00 | 24,806 | 354,22 | 354,22 | 12,45 | 1012,141 | 310,67 | 354,84 |  0,00 | 139,076 | 44,83 | 44,83 | 298,332 |   NaN | NaN | 0,00 | 0,00 | NaN
  63 |  5,08 | 272,180 | 754,65 | 795,03 | 759,30 |  0,00 | 1,377 | 44,35 | 44,35 |  0,00 | 20,825 | 354,38 | 354,38 | 11,49 | 1007,347 | 311,09 | 351,47 |  0,00 | 138,843 | 44,83 | 44,83 | 297,999 |   NaN | NaN | 0,00 | 0,00 | NaN
  64 |  4,26 | 263,605 | 754,30 | 787,87 | 759,01 |  0,00 | 1,421 | 44,35 | 44,35 |  0,00 | 23,400 | 349,94 | 349,94 |  9,62 | 958,805 | 315,18 | 348,74 |  0,00 | 139,065 | 44,83 | 44,83 | 298,299 |   NaN | NaN | 0,00 | 0,00 | NaN

= = = = = = = = = = = = AVERAGE RESULTS system = = = = = = = = = = = =
meanPLR_system | 5,006032 
meanDelay_system | 272,924978 
meanLoad_system | 793,949576 
meanTHR_system | 754,178351 
meanGate_system | 758,843422 

meanPLR_EF_system | 0,000000 
meanPLR_AF_system | 0,000000 
meanPLR_BE_system | 11,285678 
meanPLR_FLA_system | 0,000000 
meanPLR_FLB_system | NaN 

meanTHR_EF_system | 44,352003 
meanTHR_AF_system | 352,655021 
meanTHR_BE_system | 312,342591 
meanTHR_FLA_system | 45,635950 
meanTHR_FLB_system | 0,000000 

meanLoad_EF_system | 44,352003 
meanLoad_AF_system | 352,655021 
meanLoad_BE_system | 352,113816 
meanLoad_FLA_system | 45,635950 
meanLoad_FLB_system | 0,000000 

meanDELAY_EF_system | 1,382009 
meanDELAY_AF_system | 21,903927 
meanDELAY_BE_system | 1004,621934 
meanDELAY_FLA_system | 138,968724 
meanDELAY_FLB_system | NaN 
meanDELAY_CompleteFLA_system | 298,180878 
meanDELAY_CompleteFLB_system | NaN 

= = = = = = = = = = = = AVERAGE RESULTS = = = = = = = = = = = =
Packet Loss Ratio: 05,01 (%)
PROCESSED PACKAGES: 2034223172 
DISCARTED PACKAGES: 67371905 
TOTAL PACKAGES: 2101595077 
AVERAGE DELAY: 51147,43 (ms) 
AVERAGE THROUGHPUT: 754,18 (Mbps) 
GRANTED THROUGHPUT: 48565,98 (Mbps) By 64 ONUs
EFFECTIVE THROUGHPUT: 48267,41 (Mbps) By 64 ONUs
TOTAL LOAD: 50812,77 (Mbps) By 64 ONUs
ON Arrival THROUGHPUT: 0,00 (Mbps) By 64 ONUs
FINISHTIMEFL: 166,605495 
FINISHTIME: 169,605495 


fileName | IPACT_STRICTPRIORITY_3_36_94_0 
