
ONU ID 	|  PLR(%) | Delay(ms) | Throughput(Mbps) | Granted Throughput(Mbps) | Total Load (Mbps) 

  ID |  PLR(%) |  D  | Thr |  Gates  |  Load  | PLR-EF | D-EF | ThrEF | LoadEF | PLR-AF | D-AF | ThrAF | LoadAF | PLR-BE | D-BE | ThrBE | LoadBE | PLR-FA | D-FA | ThrFA | LoadFA | DTFA |  PLR-FB | D-FB | ThrFB | LoadFB | DTFB | 
   1 |  7,36 | 293,900 | 755,14 | 815,18 | 759,42 |  0,00 | 1,409 | 44,35 | 44,35 |  0,00 | 9,109 | 372,66 | 372,66 | 16,51 | 1132,433 | 303,62 | 363,66 |  0,00 | 224,203 | 34,51 | 34,51 | 468,460 |   NaN | NaN | 0,00 | 0,00 | NaN
   2 |  7,72 | 280,422 | 754,59 | 817,71 | 758,90 |  0,00 | 1,421 | 44,35 | 44,35 |  0,00 | 2,083 | 372,74 | 372,74 | 17,24 | 1047,152 | 303,00 | 366,11 |  0,00 | 925,442 | 34,51 | 34,51 | 1870,906 |   NaN | NaN | 0,00 | 0,00 | NaN
   3 |  6,73 | 275,305 | 755,01 | 809,48 | 759,27 |  0,00 | 1,357 | 44,35 | 44,35 |  0,00 | 1,994 | 364,85 | 364,85 | 14,89 | 1003,026 | 311,30 | 365,78 |  0,00 | 881,512 | 34,51 | 34,51 | 1783,181 |   NaN | NaN | 0,00 | 0,00 | NaN
   4 |  7,83 | 298,124 | 754,84 | 818,95 | 759,24 |  0,00 | 1,363 | 44,35 | 44,35 |  0,00 | 16,168 | 371,34 | 371,34 | 17,39 | 1141,145 | 304,64 | 368,75 |  0,00 | 146,083 | 34,51 | 34,51 | 312,343 |   NaN | NaN | 0,00 | 0,00 | NaN
   5 |  6,99 | 270,861 | 754,11 | 810,79 | 758,37 |  0,00 | 1,388 | 44,35 | 44,35 |  0,00 | 1,890 | 366,72 | 366,72 | 15,52 | 970,254 | 308,52 | 365,21 |  0,00 | 1278,567 | 34,51 | 34,51 | 2577,163 |   NaN | NaN | 0,00 | 0,00 | NaN
   6 |  7,66 | 282,579 | 755,19 | 817,84 | 759,46 |  0,00 | 1,336 | 44,35 | 44,35 |  0,00 | 2,177 | 370,88 | 370,88 | 17,02 | 1041,324 | 305,45 | 368,11 |  0,00 | 1034,509 | 34,51 | 34,51 | 2089,025 |   NaN | NaN | 0,00 | 0,00 | NaN
   7 |  7,35 | 291,519 | 754,71 | 814,55 | 758,97 |  0,00 | 1,355 | 44,35 | 44,35 |  0,00 | 3,003 | 368,68 | 368,68 | 16,31 | 1106,056 | 307,17 | 367,02 |  0,00 | 409,118 | 34,51 | 34,51 | 838,327 |   NaN | NaN | 0,00 | 0,00 | NaN
   8 |  7,48 | 286,674 | 755,04 | 816,08 | 759,33 |  0,00 | 1,405 | 44,35 | 44,35 |  0,00 | 1,988 | 367,20 | 367,20 | 16,50 | 1049,980 | 308,98 | 370,02 |  0,00 | 956,376 | 34,51 | 34,51 | 1932,879 |   NaN | NaN | 0,00 | 0,00 | NaN
   9 |  7,69 | 289,646 | 755,21 | 818,14 | 759,48 |  0,00 | 1,345 | 44,35 | 44,35 |  0,00 | 2,202 | 369,20 | 369,20 | 17,01 | 1086,411 | 307,15 | 370,08 |  0,00 | 639,336 | 34,51 | 34,51 | 1298,721 |   NaN | NaN | 0,00 | 0,00 | NaN
  10 |  6,99 | 287,441 | 755,67 | 812,50 | 759,95 |  0,00 | 1,406 | 44,35 | 44,35 |  0,00 | 11,515 | 367,48 | 367,48 | 15,52 | 1085,670 | 309,33 | 366,16 |  0,00 | 201,177 | 34,51 | 34,51 | 422,470 |   NaN | NaN | 0,00 | 0,00 | NaN
  11 |  7,13 | 275,069 | 753,78 | 811,66 | 758,05 |  0,00 | 1,345 | 44,35 | 44,35 |  0,00 | 1,983 | 364,48 | 364,48 | 15,71 | 950,167 | 310,44 | 368,32 |  0,00 | 1789,961 | 34,51 | 34,51 | 3599,942 |   NaN | NaN | 0,00 | 0,00 | NaN
  12 |  7,43 | 279,190 | 755,21 | 815,79 | 759,48 |  0,00 | 1,408 | 44,35 | 44,35 |  0,00 | 2,191 | 367,94 | 367,94 | 16,42 | 1014,954 | 308,41 | 368,99 |  0,00 | 1085,733 | 34,51 | 34,51 | 2191,549 |   NaN | NaN | 0,00 | 0,00 | NaN
  13 |  6,40 | 274,705 | 754,32 | 805,90 | 758,60 |  0,00 | 1,372 | 44,35 | 44,35 |  0,00 | 2,107 | 365,70 | 365,70 | 14,27 | 1002,389 | 309,76 | 361,35 |  0,00 | 919,904 | 34,51 | 34,51 | 1859,880 |   NaN | NaN | 0,00 | 0,00 | NaN
  14 |  7,64 | 275,509 | 754,25 | 816,66 | 758,53 |  0,00 | 1,414 | 44,35 | 44,35 |  0,00 | 2,170 | 369,01 | 369,01 | 16,92 | 996,070 | 306,39 | 368,80 |  0,00 | 1259,425 | 34,51 | 34,51 | 2538,866 |   NaN | NaN | 0,00 | 0,00 | NaN
  15 |  7,01 | 287,690 | 753,60 | 810,37 | 757,87 |  0,00 | 1,408 | 44,35 | 44,35 |  0,00 | 3,249 | 361,86 | 361,86 | 15,36 | 1068,953 | 312,88 | 369,65 |  0,00 | 425,421 | 34,51 | 34,51 | 871,046 |   NaN | NaN | 0,00 | 0,00 | NaN
  16 |  8,45 | 296,407 | 754,23 | 823,87 | 758,48 |  0,00 | 1,399 | 44,35 | 44,35 |  0,00 | 2,562 | 369,46 | 369,46 | 18,55 | 1108,621 | 305,91 | 375,55 |  0,00 | 757,012 | 34,51 | 34,51 | 1534,114 |   NaN | NaN | 0,00 | 0,00 | NaN
  17 |  7,63 | 288,320 | 754,11 | 816,38 | 758,38 |  0,00 | 1,412 | 44,35 | 44,35 |  0,00 | 2,211 | 370,13 | 370,13 | 16,95 | 1082,847 | 305,13 | 367,40 |  0,00 | 717,553 | 34,51 | 34,51 | 1455,119 |   NaN | NaN | 0,00 | 0,00 | NaN
  18 |  6,96 | 269,092 | 753,88 | 810,28 | 758,15 |  0,00 | 1,389 | 44,35 | 44,35 |  0,00 | 2,441 | 365,43 | 365,43 | 15,41 | 921,204 | 309,59 | 365,99 |  0,00 | 1925,869 | 34,51 | 34,51 | 3871,845 |   NaN | NaN | 0,00 | 0,00 | NaN
  19 |  6,17 | 268,494 | 754,82 | 804,43 | 759,10 |  0,00 | 1,379 | 44,35 | 44,35 |  0,00 | 1,928 | 361,38 | 361,38 | 13,62 | 928,419 | 314,58 | 364,19 |  0,00 | 1540,700 | 34,51 | 34,51 | 3101,473 |   NaN | NaN | 0,00 | 0,00 | NaN
  20 |  6,59 | 262,577 | 754,30 | 807,54 | 758,58 |  0,00 | 1,375 | 44,35 | 44,35 |  0,00 | 2,565 | 367,46 | 367,46 | 14,74 | 907,320 | 307,98 | 361,22 |  0,00 | 1822,525 | 34,51 | 34,51 | 3664,969 |   NaN | NaN | 0,00 | 0,00 | NaN
  21 |  5,99 | 275,280 | 754,28 | 802,34 | 758,54 |  0,00 | 1,380 | 44,35 | 44,35 |  0,00 | 4,917 | 363,08 | 363,08 | 13,34 | 1028,671 | 312,33 | 360,40 |  0,00 | 315,105 | 34,51 | 34,51 | 650,339 |   NaN | NaN | 0,00 | 0,00 | NaN
  22 |  7,88 | 284,225 | 755,02 | 819,64 | 759,34 |  0,00 | 1,418 | 44,35 | 44,35 |  0,00 | 2,132 | 374,19 | 374,19 | 17,63 | 1041,463 | 301,97 | 366,58 |  0,00 | 1330,108 | 34,51 | 34,51 | 2680,347 |   NaN | NaN | 0,00 | 0,00 | NaN
  23 |  7,34 | 277,431 | 755,05 | 814,83 | 759,34 |  0,00 | 1,400 | 44,35 | 44,35 |  0,00 | 2,154 | 368,16 | 368,16 | 16,25 | 973,733 | 308,04 | 367,82 |  0,00 | 1687,572 | 34,51 | 34,51 | 3395,072 |   NaN | NaN | 0,00 | 0,00 | NaN
  24 |  7,76 | 285,466 | 754,62 | 818,14 | 758,88 |  0,00 | 1,362 | 44,35 | 44,35 |  0,00 | 2,127 | 368,28 | 368,28 | 17,12 | 1051,243 | 307,48 | 371,01 |  0,00 | 931,533 | 34,51 | 34,51 | 1883,278 |   NaN | NaN | 0,00 | 0,00 | NaN
  25 |  7,82 | 297,475 | 754,50 | 818,52 | 758,81 |  0,00 | 1,419 | 44,35 | 44,35 |  0,00 | 2,731 | 366,15 | 366,15 | 17,14 | 1115,906 | 309,50 | 373,51 |  0,00 | 489,751 | 34,51 | 34,51 | 999,494 |   NaN | NaN | 0,00 | 0,00 | NaN
  26 |  6,86 | 287,031 | 754,78 | 810,35 | 759,06 |  0,00 | 1,416 | 44,35 | 44,35 |  0,00 | 3,931 | 366,60 | 366,60 | 15,23 | 1080,360 | 309,32 | 364,89 |  0,00 | 400,731 | 34,51 | 34,51 | 821,510 |   NaN | NaN | 0,00 | 0,00 | NaN
  27 |  6,92 | 265,358 | 754,98 | 811,13 | 759,24 |  0,00 | 1,342 | 44,35 | 44,35 |  0,00 | 1,884 | 369,41 | 369,41 | 15,47 | 915,593 | 306,71 | 362,86 |  0,00 | 1948,308 | 34,51 | 34,51 | 3916,729 |   NaN | NaN | 0,00 | 0,00 | NaN
  28 |  6,28 | 270,430 | 754,64 | 805,18 | 758,93 |  0,00 | 1,408 | 44,35 | 44,35 |  0,00 | 1,923 | 366,78 | 366,78 | 14,06 | 942,982 | 309,00 | 359,54 |  0,00 | 1696,307 | 34,51 | 34,51 | 3412,646 |   NaN | NaN | 0,00 | 0,00 | NaN
  29 |  7,46 | 273,611 | 754,52 | 815,33 | 758,79 |  0,00 | 1,388 | 44,35 | 44,35 |  0,00 | 1,827 | 368,09 | 368,09 | 16,51 | 955,637 | 307,57 | 368,38 |  0,00 | 1761,603 | 34,51 | 34,51 | 3543,130 |   NaN | NaN | 0,00 | 0,00 | NaN
  30 |  6,88 | 270,736 | 754,67 | 810,45 | 758,96 |  0,00 | 1,418 | 44,35 | 44,35 |  0,00 | 2,013 | 365,69 | 365,69 | 15,24 | 930,339 | 310,11 | 365,89 |  0,00 | 1872,603 | 34,51 | 34,51 | 3765,230 |   NaN | NaN | 0,00 | 0,00 | NaN
  31 |  6,80 | 274,071 | 755,30 | 810,41 | 759,58 |  0,00 | 1,385 | 44,35 | 44,35 |  0,00 | 2,036 | 367,96 | 367,96 | 15,16 | 959,196 | 308,48 | 363,60 |  0,00 | 1694,701 | 34,51 | 34,51 | 3409,254 |   NaN | NaN | 0,00 | 0,00 | NaN
  32 |  7,40 | 274,950 | 755,40 | 815,76 | 759,67 |  0,00 | 1,341 | 44,35 | 44,35 |  0,00 | 2,476 | 368,06 | 368,06 | 16,36 | 956,487 | 308,49 | 368,85 |  0,00 | 1794,719 | 34,51 | 34,51 | 3609,389 |   NaN | NaN | 0,00 | 0,00 | NaN
  33 |  6,78 | 264,313 | 754,52 | 809,42 | 758,80 |  0,00 | 1,407 | 44,35 | 44,35 |  0,00 | 2,454 | 364,33 | 364,33 | 14,99 | 903,245 | 311,33 | 366,23 |  0,00 | 1839,551 | 34,51 | 34,51 | 3698,951 |   NaN | NaN | 0,00 | 0,00 | NaN
  34 |  6,94 | 270,676 | 755,18 | 811,46 | 759,46 |  0,00 | 1,398 | 44,35 | 44,35 |  0,00 | 1,928 | 366,56 | 366,56 | 15,38 | 923,741 | 309,76 | 366,04 |  0,00 | 2008,300 | 34,51 | 34,51 | 4036,560 |   NaN | NaN | 0,00 | 0,00 | NaN
  35 |  7,79 | 273,121 | 753,82 | 817,48 | 758,07 |  0,00 | 1,347 | 44,35 | 44,35 |  0,00 | 1,848 | 369,87 | 369,87 | 17,26 | 941,906 | 305,10 | 368,76 |  0,00 | 2076,290 | 34,51 | 34,51 | 4172,508 |   NaN | NaN | 0,00 | 0,00 | NaN
  36 |  6,93 | 263,663 | 754,62 | 810,80 | 758,90 |  0,00 | 1,400 | 44,35 | 44,35 |  0,00 | 1,961 | 363,66 | 363,66 | 15,25 | 891,294 | 312,10 | 368,28 |  0,00 | 1972,737 | 34,51 | 34,51 | 3965,496 |   NaN | NaN | 0,00 | 0,00 | NaN
  37 |  7,90 | 276,694 | 755,54 | 820,33 | 759,81 |  0,00 | 1,383 | 44,35 | 44,35 |  0,00 | 2,094 | 373,52 | 373,52 | 17,61 | 980,245 | 303,17 | 367,96 |  0,00 | 1795,078 | 34,51 | 34,51 | 3610,223 |   NaN | NaN | 0,00 | 0,00 | NaN
  38 |  7,76 | 275,008 | 755,03 | 818,54 | 759,32 |  0,00 | 1,375 | 44,35 | 44,35 |  0,00 | 1,663 | 369,48 | 369,48 | 17,15 | 957,127 | 306,69 | 370,20 |  0,00 | 1888,195 | 34,51 | 34,51 | 3796,381 |   NaN | NaN | 0,00 | 0,00 | NaN
  39 |  5,93 | 264,302 | 754,99 | 802,54 | 759,30 |  0,00 | 1,418 | 44,35 | 44,35 |  0,00 | 1,682 | 363,88 | 363,88 | 13,22 | 902,166 | 312,25 | 359,80 |  0,00 | 1831,987 | 34,51 | 34,51 | 3683,990 |   NaN | NaN | 0,00 | 0,00 | NaN
  40 |  6,36 | 266,929 | 753,98 | 805,18 | 758,27 |  0,00 | 1,418 | 44,35 | 44,35 |  0,00 | 1,835 | 367,27 | 367,27 | 14,26 | 917,428 | 307,85 | 359,05 |  0,00 | 1944,171 | 34,51 | 34,51 | 3908,343 |   NaN | NaN | 0,00 | 0,00 | NaN
  41 |  7,71 | 273,324 | 753,21 | 816,14 | 757,47 |  0,00 | 1,401 | 44,35 | 44,35 |  0,00 | 1,863 | 364,28 | 364,28 | 16,87 | 947,357 | 310,07 | 373,01 |  0,00 | 1729,058 | 34,51 | 34,51 | 3478,110 |   NaN | NaN | 0,00 | 0,00 | NaN
  42 |  7,76 | 276,798 | 755,42 | 819,01 | 759,70 |  0,00 | 1,347 | 44,35 | 44,35 |  0,00 | 1,850 | 369,80 | 369,80 | 17,17 | 971,356 | 306,76 | 370,35 |  0,00 | 1762,642 | 34,51 | 34,51 | 3545,183 |   NaN | NaN | 0,00 | 0,00 | NaN
  43 |  8,49 | 283,164 | 754,82 | 824,88 | 759,10 |  0,00 | 1,425 | 44,35 | 44,35 |  0,00 | 2,082 | 373,26 | 373,26 | 18,80 | 1003,974 | 302,70 | 372,76 |  0,00 | 1834,498 | 34,51 | 34,51 | 3689,104 |   NaN | NaN | 0,00 | 0,00 | NaN
  44 |  7,59 | 280,531 | 754,94 | 816,93 | 759,19 |  0,00 | 1,337 | 44,35 | 44,35 |  0,00 | 2,589 | 367,20 | 367,20 | 16,72 | 980,505 | 308,87 | 370,86 |  0,00 | 1718,836 | 34,51 | 34,51 | 3457,577 |   NaN | NaN | 0,00 | 0,00 | NaN
  45 |  6,95 | 268,849 | 755,20 | 811,61 | 759,49 |  0,00 | 1,422 | 44,35 | 44,35 |  0,00 | 1,807 | 370,93 | 370,93 | 15,59 | 944,833 | 305,41 | 361,83 |  0,00 | 1752,405 | 34,51 | 34,51 | 3524,778 |   NaN | NaN | 0,00 | 0,00 | NaN
  46 |  7,31 | 274,265 | 754,60 | 814,09 | 758,88 |  0,00 | 1,361 | 44,35 | 44,35 |  0,00 | 2,147 | 365,76 | 365,76 | 16,10 | 947,385 | 309,98 | 369,47 |  0,00 | 1817,328 | 34,51 | 34,51 | 3654,687 |   NaN | NaN | 0,00 | 0,00 | NaN
  47 |  6,99 | 274,197 | 754,79 | 811,55 | 759,07 |  0,00 | 1,359 | 44,35 | 44,35 |  0,00 | 2,049 | 368,01 | 368,01 | 15,57 | 962,114 | 307,92 | 364,68 |  0,00 | 1679,322 | 34,51 | 34,51 | 3378,512 |   NaN | NaN | 0,00 | 0,00 | NaN
  48 |  6,99 | 274,920 | 754,39 | 811,09 | 758,66 |  0,00 | 1,388 | 44,35 | 44,35 |  0,00 | 1,546 | 366,34 | 366,34 | 15,50 | 958,588 | 309,19 | 365,89 |  0,00 | 1715,658 | 34,51 | 34,51 | 3451,122 |   NaN | NaN | 0,00 | 0,00 | NaN
  49 |  6,93 | 270,120 | 754,85 | 811,05 | 759,12 |  0,00 | 1,401 | 44,35 | 44,35 |  0,00 | 1,855 | 368,04 | 368,04 | 15,43 | 946,029 | 307,95 | 364,15 |  0,00 | 1682,163 | 34,51 | 34,51 | 3384,104 |   NaN | NaN | 0,00 | 0,00 | NaN
  50 |  7,50 | 274,257 | 754,71 | 815,93 | 758,98 |  0,00 | 1,355 | 44,35 | 44,35 |  0,00 | 1,876 | 370,73 | 370,73 | 16,71 | 962,192 | 305,12 | 366,34 |  0,00 | 1826,193 | 34,51 | 34,51 | 3672,398 |   NaN | NaN | 0,00 | 0,00 | NaN
  51 |  7,32 | 271,203 | 754,78 | 814,37 | 759,05 |  0,00 | 1,353 | 44,35 | 44,35 |  0,00 | 2,179 | 367,03 | 367,03 | 16,17 | 944,301 | 308,89 | 368,48 |  0,00 | 1726,136 | 34,51 | 34,51 | 3472,085 |   NaN | NaN | 0,00 | 0,00 | NaN
  52 |  7,07 | 269,210 | 754,15 | 811,56 | 758,42 |  0,00 | 1,379 | 44,35 | 44,35 |  0,00 | 2,433 | 362,51 | 362,51 | 15,51 | 922,961 | 312,78 | 370,19 |  0,00 | 1744,920 | 34,51 | 34,51 | 3509,917 |   NaN | NaN | 0,00 | 0,00 | NaN
  53 |  7,39 | 273,920 | 754,29 | 814,44 | 758,57 |  0,00 | 1,367 | 44,35 | 44,35 |  0,00 | 2,322 | 369,20 | 369,20 | 16,42 | 958,001 | 306,23 | 366,38 |  0,00 | 1800,995 | 34,51 | 34,51 | 3622,110 |   NaN | NaN | 0,00 | 0,00 | NaN
  54 |  6,46 | 268,604 | 755,43 | 807,64 | 759,70 |  0,00 | 1,369 | 44,35 | 44,35 |  0,00 | 1,917 | 366,95 | 366,95 | 14,43 | 931,363 | 309,63 | 361,83 |  0,00 | 1756,345 | 34,51 | 34,51 | 3532,501 |   NaN | NaN | 0,00 | 0,00 | NaN
  55 |  6,82 | 271,920 | 755,42 | 810,71 | 759,71 |  0,00 | 1,354 | 44,35 | 44,35 |  0,00 | 1,581 | 364,33 | 364,33 | 15,04 | 928,653 | 312,23 | 367,52 |  0,00 | 1893,279 | 34,51 | 34,51 | 3806,591 |   NaN | NaN | 0,00 | 0,00 | NaN
  56 |  6,70 | 269,245 | 754,72 | 808,87 | 758,99 |  0,00 | 1,360 | 44,35 | 44,35 |  0,00 | 1,978 | 364,29 | 364,29 | 14,81 | 929,067 | 311,57 | 365,73 |  0,00 | 1723,794 | 34,51 | 34,51 | 3467,712 |   NaN | NaN | 0,00 | 0,00 | NaN
  57 |  7,20 | 269,071 | 755,05 | 813,64 | 759,32 |  0,00 | 1,357 | 44,35 | 44,35 |  0,00 | 1,747 | 366,07 | 366,07 | 15,89 | 934,939 | 310,11 | 368,71 |  0,00 | 1694,448 | 34,51 | 34,51 | 3408,816 |   NaN | NaN | 0,00 | 0,00 | NaN
  58 |  7,22 | 278,755 | 754,58 | 813,30 | 758,85 |  0,00 | 1,386 | 44,35 | 44,35 |  0,00 | 2,515 | 367,13 | 367,13 | 15,99 | 975,455 | 308,59 | 367,31 |  0,00 | 1698,395 | 34,51 | 34,51 | 3416,703 |   NaN | NaN | 0,00 | 0,00 | NaN
  59 |  7,82 | 276,558 | 755,24 | 819,29 | 759,53 |  0,00 | 1,405 | 44,35 | 44,35 |  0,00 | 1,620 | 367,21 | 367,21 | 17,16 | 949,103 | 309,17 | 373,21 |  0,00 | 1994,857 | 34,51 | 34,51 | 4009,537 |   NaN | NaN | 0,00 | 0,00 | NaN
  60 |  7,34 | 275,155 | 754,35 | 814,08 | 758,62 |  0,00 | 1,340 | 44,35 | 44,35 |  0,00 | 2,274 | 367,37 | 367,37 | 16,24 | 961,355 | 308,12 | 367,85 |  0,00 | 1729,163 | 34,51 | 34,51 | 3478,329 |   NaN | NaN | 0,00 | 0,00 | NaN
  61 |  7,73 | 276,689 | 754,51 | 817,75 | 758,78 |  0,00 | 1,362 | 44,35 | 44,35 |  0,00 | 2,132 | 369,02 | 369,02 | 17,10 | 967,461 | 306,63 | 369,87 |  0,00 | 1809,801 | 34,51 | 34,51 | 3639,647 |   NaN | NaN | 0,00 | 0,00 | NaN
  62 |  7,62 | 275,041 | 754,92 | 817,21 | 759,22 |  0,00 | 1,424 | 44,35 | 44,35 |  0,00 | 1,779 | 369,58 | 369,58 | 16,89 | 967,930 | 306,48 | 368,77 |  0,00 | 1715,833 | 34,51 | 34,51 | 3451,564 |   NaN | NaN | 0,00 | 0,00 | NaN
  63 |  7,39 | 274,826 | 754,31 | 814,46 | 758,59 |  0,00 | 1,379 | 44,35 | 44,35 |  0,00 | 2,244 | 369,47 | 369,47 | 16,43 | 958,378 | 305,98 | 366,14 |  0,00 | 1867,370 | 34,51 | 34,51 | 3754,694 |   NaN | NaN | 0,00 | 0,00 | NaN
  64 |  6,53 | 265,524 | 754,73 | 807,49 | 759,03 |  0,00 | 1,422 | 44,35 | 44,35 |  0,00 | 2,122 | 365,75 | 365,75 | 14,54 | 916,598 | 310,12 | 362,88 |  0,00 | 1757,365 | 34,51 | 34,51 | 3534,790 |   NaN | NaN | 0,00 | 0,00 | NaN

= = = = = = = = = = = = AVERAGE RESULTS system = = = = = = = = = = = =
meanPLR_system | 7,215947 
meanDelay_system | 276,413134 
meanLoad_system | 813,422083 
meanTHR_system | 754,700384 
meanGate_system | 758,979744 

meanPLR_EF_system | 0,000000 
meanPLR_AF_system | 0,000000 
meanPLR_BE_system | 15,992857 
meanPLR_FLA_system | 0,000000 
meanPLR_FLB_system | NaN 

meanTHR_EF_system | 44,352003 
meanTHR_AF_system | 367,591927 
meanTHR_BE_system | 308,250308 
meanTHR_FLA_system | 35,079277 
meanTHR_FLB_system | 0,000000 

meanLoad_EF_system | 44,352003 
meanLoad_AF_system | 367,591927 
meanLoad_BE_system | 366,972007 
meanLoad_FLA_system | 35,079277 
meanLoad_FLB_system | 0,000000 

meanDELAY_EF_system | 1,383737 
meanDELAY_AF_system | 2,650873 
meanDELAY_BE_system | 982,547750 
meanDELAY_FLA_system | 1447,665336 
meanDELAY_FLB_system | NaN 
meanDELAY_CompleteFLA_system | 2915,339358 
meanDELAY_CompleteFLB_system | NaN 

= = = = = = = = = = = = AVERAGE RESULTS = = = = = = = = = = = =
Packet Loss Ratio: 07,22 (%)
PROCESSED PACKAGES: 2212487132 
DISCARTED PACKAGES: 107619961 
TOTAL PACKAGES: 2320107093 
AVERAGE DELAY: 52040,49 (ms) 
AVERAGE THROUGHPUT: 754,70 (Mbps) 
GRANTED THROUGHPUT: 48574,70 (Mbps) By 64 ONUs
EFFECTIVE THROUGHPUT: 48300,82 (Mbps) By 64 ONUs
TOTAL LOAD: 52059,01 (Mbps) By 64 ONUs
ON Arrival THROUGHPUT: 0,00 (Mbps) By 64 ONUs
FINISHTIMEFL: 180,619459 
FINISHTIME: 183,619459 


fileName | IPACT_LBCONSTANTTOKENSBYCYCLE_4_30_98_0 
