
ONU ID 	|  PLR(%) | Delay(ms) | Throughput(Mbps) | Granted Throughput(Mbps) | Total Load (Mbps) 

  ID |  PLR(%) |  D  | Thr |  Gates  |  Load  | PLR-EF | D-EF | ThrEF | LoadEF | PLR-AF | D-AF | ThrAF | LoadAF | PLR-BE | D-BE | ThrBE | LoadBE | PLR-FA | D-FA | ThrFA | LoadFA | DTFA |  PLR-FB | D-FB | ThrFB | LoadFB | DTFB | 
   1 | 11,79 | 294,535 | 755,56 | 856,58 | 759,83 |  0,00 | 1,408 | 44,35 | 44,35 |  0,00 | 38,439 | 350,99 | 350,99 | 29,67 | 1318,578 | 239,48 | 340,50 |  0,00 | 172,435 | 120,74 | 120,74 | 365,065 |   NaN | NaN | 0,00 | 0,00 | NaN
   2 | 11,62 | 284,321 | 755,33 | 854,65 | 759,66 |  0,00 | 1,420 | 44,35 | 44,35 |  0,00 | 7,665 | 343,12 | 343,12 | 28,67 | 1228,934 | 247,12 | 346,45 |  0,00 | 345,026 | 120,74 | 120,74 | 710,211 |   NaN | NaN | 0,00 | 0,00 | NaN
   3 | 12,19 | 288,121 | 755,33 | 860,21 | 759,60 |  0,00 | 1,356 | 44,35 | 44,35 |  0,00 | 11,473 | 349,25 | 349,25 | 30,32 | 1275,956 | 240,99 | 345,88 |  0,00 | 333,710 | 120,74 | 120,74 | 687,481 |   NaN | NaN | 0,00 | 0,00 | NaN
   4 | 12,31 | 294,713 | 754,39 | 860,25 | 758,69 |  0,00 | 1,362 | 44,35 | 44,35 |  0,00 | 49,720 | 352,33 | 352,33 | 30,88 | 1320,899 | 236,97 | 342,83 |  0,00 | 150,706 | 120,74 | 120,74 | 321,534 |   NaN | NaN | 0,00 | 0,00 | NaN
   5 | 11,41 | 278,315 | 755,47 | 852,80 | 759,77 |  0,00 | 1,387 | 44,35 | 44,35 |  0,00 | 6,396 | 345,35 | 345,35 | 28,43 | 1190,338 | 245,03 | 342,36 |  0,00 | 431,739 | 120,74 | 120,74 | 883,679 |   NaN | NaN | 0,00 | 0,00 | NaN
   6 | 12,18 | 284,264 | 755,96 | 860,77 | 760,23 |  0,00 | 1,336 | 44,35 | 44,35 |  0,00 | 8,035 | 349,38 | 349,38 | 30,27 | 1250,114 | 241,49 | 346,30 |  0,00 | 372,128 | 120,74 | 120,74 | 764,385 |   NaN | NaN | 0,00 | 0,00 | NaN
   7 | 11,71 | 290,303 | 754,92 | 855,06 | 759,19 |  0,00 | 1,354 | 44,35 | 44,35 |  0,00 | 31,492 | 344,84 | 344,84 | 29,02 | 1267,153 | 244,98 | 345,12 |  0,00 | 218,254 | 120,74 | 120,74 | 456,563 |   NaN | NaN | 0,00 | 0,00 | NaN
   8 | 12,33 | 287,292 | 755,28 | 861,51 | 759,59 |  0,00 | 1,404 | 44,35 | 44,35 |  0,00 | 8,204 | 346,74 | 346,74 | 30,38 | 1257,873 | 243,45 | 349,68 |  0,00 | 355,172 | 120,74 | 120,74 | 730,569 |   NaN | NaN | 0,00 | 0,00 | NaN
   9 | 11,94 | 290,255 | 755,35 | 857,78 | 759,62 |  0,00 | 1,344 | 44,35 | 44,35 |  0,00 | 18,077 | 348,23 | 348,23 | 29,74 | 1286,850 | 242,02 | 344,46 |  0,00 | 274,586 | 120,74 | 120,74 | 569,289 |   NaN | NaN | 0,00 | 0,00 | NaN
  10 | 11,71 | 293,736 | 755,67 | 855,93 | 759,94 |  0,00 | 1,405 | 44,35 | 44,35 |  0,00 | 46,376 | 346,87 | 346,87 | 29,15 | 1281,932 | 243,70 | 343,97 |  0,00 | 168,001 | 120,74 | 120,74 | 356,152 |   NaN | NaN | 0,00 | 0,00 | NaN
  11 | 10,96 | 269,291 | 754,98 | 847,87 | 759,28 |  0,00 | 1,345 | 44,35 | 44,35 |  0,00 | 2,692 | 339,10 | 339,10 | 27,03 | 1093,920 | 250,79 | 343,68 |  0,00 | 557,378 | 120,74 | 120,74 | 1134,869 |   NaN | NaN | 0,00 | 0,00 | NaN
  12 | 12,02 | 282,261 | 755,54 | 858,78 | 759,87 |  0,00 | 1,407 | 44,35 | 44,35 |  0,00 | 4,499 | 346,55 | 346,55 | 29,74 | 1229,653 | 243,90 | 347,14 |  0,00 | 384,360 | 120,74 | 120,74 | 788,812 |   NaN | NaN | 0,00 | 0,00 | NaN
  13 | 11,08 | 285,911 | 754,74 | 848,74 | 759,02 |  0,00 | 1,372 | 44,35 | 44,35 |  0,00 | 7,451 | 341,46 | 341,46 | 27,47 | 1230,591 | 248,19 | 342,19 |  0,00 | 345,441 | 120,74 | 120,74 | 711,026 |   NaN | NaN | 0,00 | 0,00 | NaN
  14 | 12,32 | 276,951 | 754,50 | 860,55 | 758,80 |  0,00 | 1,413 | 44,35 | 44,35 |  0,00 | 3,481 | 348,27 | 348,27 | 30,54 | 1206,976 | 241,14 | 347,18 |  0,00 | 427,237 | 120,74 | 120,74 | 874,608 |   NaN | NaN | 0,00 | 0,00 | NaN
  15 | 11,62 | 289,623 | 752,69 | 851,62 | 756,97 |  0,00 | 1,407 | 44,35 | 44,35 |  0,00 | 27,598 | 340,95 | 340,95 | 28,63 | 1257,471 | 246,65 | 345,58 |  0,00 | 222,621 | 120,74 | 120,74 | 465,380 |   NaN | NaN | 0,00 | 0,00 | NaN
  16 | 12,53 | 286,843 | 753,93 | 861,95 | 758,23 |  0,00 | 1,398 | 44,35 | 44,35 |  0,00 | 14,714 | 345,49 | 345,49 | 30,74 | 1259,389 | 243,35 | 351,37 |  0,00 | 303,419 | 120,74 | 120,74 | 626,967 |   NaN | NaN | 0,00 | 0,00 | NaN
  17 | 11,99 | 289,235 | 753,86 | 856,52 | 758,16 |  0,00 | 1,411 | 44,35 | 44,35 |  0,00 | 14,917 | 344,79 | 344,79 | 29,62 | 1269,775 | 243,98 | 346,64 |  0,00 | 293,554 | 120,74 | 120,74 | 607,184 |   NaN | NaN | 0,00 | 0,00 | NaN
  18 | 11,78 | 273,391 | 755,08 | 855,85 | 759,37 |  0,00 | 1,388 | 44,35 | 44,35 |  0,00 | 2,685 | 344,84 | 344,84 | 29,13 | 1129,634 | 245,14 | 345,92 |  0,00 | 591,427 | 120,74 | 120,74 | 1203,373 |   NaN | NaN | 0,00 | 0,00 | NaN
  19 | 11,06 | 274,428 | 755,00 | 848,92 | 759,28 |  0,00 | 1,379 | 44,35 | 44,35 |  0,00 | 3,371 | 340,25 | 340,25 | 27,34 | 1137,744 | 249,66 | 343,58 |  0,00 | 496,372 | 120,74 | 120,74 | 1012,866 |   NaN | NaN | 0,00 | 0,00 | NaN
  20 | 11,22 | 270,149 | 754,93 | 850,37 | 759,20 |  0,00 | 1,374 | 44,35 | 44,35 |  0,00 | 3,279 | 344,81 | 344,81 | 28,03 | 1120,826 | 245,03 | 340,47 |  0,00 | 565,438 | 120,74 | 120,74 | 1151,051 |   NaN | NaN | 0,00 | 0,00 | NaN
  21 | 10,67 | 288,773 | 754,74 | 844,91 | 759,01 |  0,00 | 1,379 | 44,35 | 44,35 |  0,00 | 35,247 | 341,48 | 341,48 | 26,65 | 1244,566 | 248,17 | 338,34 |  0,00 | 194,454 | 120,74 | 120,74 | 409,079 |   NaN | NaN | 0,00 | 0,00 | NaN
  22 | 12,49 | 283,896 | 755,48 | 863,29 | 759,82 |  0,00 | 1,417 | 44,35 | 44,35 |  0,00 | 5,661 | 354,94 | 354,94 | 31,41 | 1263,234 | 235,45 | 343,26 |  0,00 | 444,352 | 120,74 | 120,74 | 908,880 |   NaN | NaN | 0,00 | 0,00 | NaN
  23 | 12,07 | 275,783 | 754,91 | 858,57 | 759,23 |  0,00 | 1,399 | 44,35 | 44,35 |  0,00 | 3,251 | 347,02 | 347,02 | 29,92 | 1166,483 | 242,79 | 346,45 |  0,00 | 533,859 | 120,74 | 120,74 | 1087,759 |   NaN | NaN | 0,00 | 0,00 | NaN
  24 | 11,96 | 281,553 | 755,10 | 857,69 | 759,40 |  0,00 | 1,361 | 44,35 | 44,35 |  0,00 | 5,264 | 345,60 | 345,60 | 29,56 | 1232,593 | 244,41 | 347,00 |  0,00 | 345,415 | 120,74 | 120,74 | 710,914 |   NaN | NaN | 0,00 | 0,00 | NaN
  25 | 13,08 | 291,503 | 753,38 | 866,76 | 757,69 |  0,00 | 1,418 | 44,35 | 44,35 |  0,00 | 21,746 | 345,77 | 345,77 | 31,86 | 1292,338 | 242,51 | 355,89 |  0,00 | 237,274 | 120,74 | 120,74 | 494,658 |   NaN | NaN | 0,00 | 0,00 | NaN
  26 | 11,58 | 290,813 | 754,92 | 853,77 | 759,22 |  0,00 | 1,415 | 44,35 | 44,35 |  0,00 | 31,920 | 343,17 | 343,17 | 28,61 | 1261,184 | 246,65 | 345,51 |  0,00 | 214,052 | 120,74 | 120,74 | 448,228 |   NaN | NaN | 0,00 | 0,00 | NaN
  27 | 10,99 | 268,390 | 754,88 | 848,10 | 759,18 |  0,00 | 1,341 | 44,35 | 44,35 |  0,00 | 2,602 | 344,89 | 344,89 | 27,57 | 1105,901 | 244,89 | 338,12 |  0,00 | 596,550 | 120,74 | 120,74 | 1213,753 |   NaN | NaN | 0,00 | 0,00 | NaN
  28 | 11,14 | 275,226 | 754,25 | 848,85 | 758,53 |  0,00 | 1,408 | 44,35 | 44,35 |  0,00 | 3,746 | 344,67 | 344,67 | 27,90 | 1153,870 | 244,50 | 339,09 |  0,00 | 535,588 | 120,74 | 120,74 | 1091,265 |   NaN | NaN | 0,00 | 0,00 | NaN
  29 | 11,99 | 273,449 | 755,22 | 858,14 | 759,52 |  0,00 | 1,387 | 44,35 | 44,35 |  0,00 | 2,826 | 347,30 | 347,30 | 29,77 | 1150,830 | 242,83 | 345,75 |  0,00 | 551,034 | 120,74 | 120,74 | 1122,195 |   NaN | NaN | 0,00 | 0,00 | NaN
  30 | 10,83 | 271,390 | 755,94 | 847,78 | 760,27 |  0,00 | 1,417 | 44,35 | 44,35 |  0,00 | 2,444 | 339,67 | 339,67 | 26,77 | 1098,268 | 251,18 | 343,02 |  0,00 | 578,265 | 120,74 | 120,74 | 1176,678 |   NaN | NaN | 0,00 | 0,00 | NaN
  31 | 11,58 | 276,829 | 753,81 | 852,54 | 758,06 |  0,00 | 1,384 | 44,35 | 44,35 |  0,00 | 3,098 | 343,57 | 343,57 | 28,71 | 1158,680 | 245,15 | 343,89 |  0,00 | 533,887 | 120,74 | 120,74 | 1087,854 |   NaN | NaN | 0,00 | 0,00 | NaN
  32 | 11,16 | 273,723 | 755,79 | 850,71 | 760,08 |  0,00 | 1,341 | 44,35 | 44,35 |  0,00 | 3,755 | 341,18 | 341,18 | 27,56 | 1119,460 | 249,52 | 344,44 |  0,00 | 558,584 | 120,74 | 120,74 | 1137,249 |   NaN | NaN | 0,00 | 0,00 | NaN
  33 | 11,26 | 268,832 | 755,91 | 851,78 | 760,20 |  0,00 | 1,406 | 44,35 | 44,35 |  0,00 | 2,821 | 340,96 | 340,96 | 27,73 | 1093,492 | 249,85 | 345,72 |  0,00 | 569,813 | 120,74 | 120,74 | 1159,618 |   NaN | NaN | 0,00 | 0,00 | NaN
  34 | 10,55 | 265,659 | 756,05 | 845,25 | 760,34 |  0,00 | 1,397 | 44,35 | 44,35 |  0,00 | 2,117 | 342,97 | 342,97 | 26,45 | 1077,214 | 247,98 | 337,18 |  0,00 | 611,781 | 120,74 | 120,74 | 1244,374 |   NaN | NaN | 0,00 | 0,00 | NaN
  35 | 11,98 | 270,237 | 756,73 | 859,69 | 761,02 |  0,00 | 1,347 | 44,35 | 44,35 |  0,00 | 1,795 | 347,49 | 347,49 | 29,66 | 1113,592 | 244,15 | 347,11 |  0,00 | 626,046 | 120,74 | 120,74 | 1272,291 |   NaN | NaN | 0,00 | 0,00 | NaN
  36 | 11,10 | 269,302 | 754,26 | 848,42 | 758,56 |  0,00 | 1,400 | 44,35 | 44,35 |  0,00 | 2,208 | 337,73 | 337,73 | 27,25 | 1079,889 | 251,43 | 345,59 |  0,00 | 602,244 | 120,74 | 120,74 | 1225,041 |   NaN | NaN | 0,00 | 0,00 | NaN
  37 | 12,41 | 278,415 | 754,64 | 861,52 | 758,93 |  0,00 | 1,382 | 44,35 | 44,35 |  0,00 | 3,331 | 350,38 | 350,38 | 30,89 | 1189,705 | 239,17 | 346,04 |  0,00 | 558,616 | 120,74 | 120,74 | 1137,324 |   NaN | NaN | 0,00 | 0,00 | NaN
  38 | 11,47 | 274,979 | 756,04 | 854,03 | 760,34 |  0,00 | 1,374 | 44,35 | 44,35 |  0,00 | 3,584 | 346,17 | 346,17 | 28,59 | 1140,925 | 244,78 | 342,76 |  0,00 | 582,702 | 120,74 | 120,74 | 1185,596 |   NaN | NaN | 0,00 | 0,00 | NaN
  39 | 10,90 | 271,091 | 755,39 | 847,78 | 759,73 |  0,00 | 1,417 | 44,35 | 44,35 |  0,00 | 2,729 | 342,85 | 342,85 | 27,19 | 1114,684 | 247,45 | 339,84 |  0,00 | 568,294 | 120,74 | 120,74 | 1156,706 |   NaN | NaN | 0,00 | 0,00 | NaN
  40 | 11,04 | 266,714 | 753,62 | 847,18 | 757,95 |  0,00 | 1,417 | 44,35 | 44,35 |  0,00 | 2,430 | 341,43 | 341,43 | 27,46 | 1087,105 | 247,10 | 340,66 |  0,00 | 595,177 | 120,74 | 120,74 | 1210,995 |   NaN | NaN | 0,00 | 0,00 | NaN
  41 | 12,22 | 278,939 | 753,78 | 858,75 | 758,07 |  0,00 | 1,400 | 44,35 | 44,35 |  0,00 | 3,551 | 344,32 | 344,32 | 30,05 | 1169,027 | 244,37 | 349,34 |  0,00 | 543,141 | 120,74 | 120,74 | 1106,313 |   NaN | NaN | 0,00 | 0,00 | NaN
  42 | 12,00 | 277,464 | 755,20 | 858,22 | 759,49 |  0,00 | 1,346 | 44,35 | 44,35 |  0,00 | 3,477 | 345,35 | 345,35 | 29,62 | 1160,175 | 244,75 | 347,78 |  0,00 | 551,162 | 120,74 | 120,74 | 1122,292 |   NaN | NaN | 0,00 | 0,00 | NaN
  43 | 12,13 | 275,591 | 755,54 | 859,85 | 759,85 |  0,00 | 1,424 | 44,35 | 44,35 |  0,00 | 2,645 | 346,50 | 346,50 | 29,95 | 1152,085 | 243,94 | 348,26 |  0,00 | 568,196 | 120,74 | 120,74 | 1156,528 |   NaN | NaN | 0,00 | 0,00 | NaN
  44 | 12,43 | 278,547 | 755,31 | 862,50 | 759,58 |  0,00 | 1,337 | 44,35 | 44,35 |  0,00 | 3,008 | 345,35 | 345,35 | 30,45 | 1168,334 | 244,87 | 352,06 |  0,00 | 540,115 | 120,74 | 120,74 | 1100,264 |   NaN | NaN | 0,00 | 0,00 | NaN
  45 | 12,22 | 269,748 | 753,48 | 858,33 | 757,79 |  0,00 | 1,421 | 44,35 | 44,35 |  0,00 | 3,656 | 352,09 | 352,09 | 30,73 | 1162,001 | 236,30 | 341,15 |  0,00 | 549,448 | 120,74 | 120,74 | 1119,019 |   NaN | NaN | 0,00 | 0,00 | NaN
  46 | 11,26 | 267,441 | 755,47 | 851,31 | 759,75 |  0,00 | 1,360 | 44,35 | 44,35 |  0,00 | 2,822 | 339,57 | 339,57 | 27,65 | 1083,887 | 250,81 | 346,65 |  0,00 | 565,539 | 120,74 | 120,74 | 1151,206 |   NaN | NaN | 0,00 | 0,00 | NaN
  47 | 10,81 | 274,452 | 755,96 | 847,56 | 760,24 |  0,00 | 1,358 | 44,35 | 44,35 |  0,00 | 3,000 | 344,36 | 344,36 | 27,09 | 1144,850 | 246,51 | 338,11 |  0,00 | 530,909 | 120,74 | 120,74 | 1081,921 |   NaN | NaN | 0,00 | 0,00 | NaN
  48 | 10,94 | 271,092 | 755,25 | 848,05 | 759,52 |  0,00 | 1,387 | 44,35 | 44,35 |  0,00 | 2,686 | 341,64 | 341,64 | 27,19 | 1117,510 | 248,51 | 341,32 |  0,00 | 540,179 | 120,74 | 120,74 | 1100,362 |   NaN | NaN | 0,00 | 0,00 | NaN
  49 | 10,87 | 275,147 | 754,76 | 846,82 | 759,05 |  0,00 | 1,400 | 44,35 | 44,35 |  0,00 | 2,741 | 340,84 | 340,84 | 27,01 | 1136,391 | 248,82 | 340,88 |  0,00 | 530,870 | 120,74 | 120,74 | 1081,749 |   NaN | NaN | 0,00 | 0,00 | NaN
  50 | 11,54 | 272,934 | 754,04 | 852,38 | 758,33 |  0,00 | 1,354 | 44,35 | 44,35 |  0,00 | 2,986 | 345,80 | 345,80 | 28,80 | 1141,082 | 243,15 | 341,50 |  0,00 | 568,426 | 120,74 | 120,74 | 1156,895 |   NaN | NaN | 0,00 | 0,00 | NaN
  51 | 11,17 | 276,250 | 755,17 | 850,15 | 759,47 |  0,00 | 1,352 | 44,35 | 44,35 |  0,00 | 3,458 | 340,70 | 340,70 | 27,58 | 1134,998 | 249,38 | 344,36 |  0,00 | 543,833 | 120,74 | 120,74 | 1107,733 |   NaN | NaN | 0,00 | 0,00 | NaN
  52 | 11,48 | 273,528 | 754,70 | 852,62 | 759,01 |  0,00 | 1,379 | 44,35 | 44,35 |  0,00 | 3,270 | 340,39 | 340,39 | 28,21 | 1121,747 | 249,22 | 347,14 |  0,00 | 546,816 | 120,74 | 120,74 | 1113,694 |   NaN | NaN | 0,00 | 0,00 | NaN
  53 | 11,83 | 272,638 | 754,43 | 855,60 | 758,68 |  0,00 | 1,366 | 44,35 | 44,35 |  0,00 | 2,731 | 343,35 | 343,35 | 29,14 | 1129,743 | 245,99 | 347,16 |  0,00 | 560,521 | 120,74 | 120,74 | 1141,100 |   NaN | NaN | 0,00 | 0,00 | NaN
  54 | 10,76 | 274,541 | 755,01 | 846,06 | 759,30 |  0,00 | 1,368 | 44,35 | 44,35 |  0,00 | 3,659 | 344,17 | 344,17 | 27,03 | 1141,591 | 245,76 | 336,80 |  0,00 | 549,625 | 120,74 | 120,74 | 1119,353 |   NaN | NaN | 0,00 | 0,00 | NaN
  55 | 11,45 | 275,467 | 756,09 | 853,84 | 760,38 |  0,00 | 1,353 | 44,35 | 44,35 |  0,00 | 2,649 | 342,51 | 342,51 | 28,23 | 1127,755 | 248,50 | 346,24 |  0,00 | 582,656 | 120,74 | 120,74 | 1185,598 |   NaN | NaN | 0,00 | 0,00 | NaN
  56 | 10,96 | 272,541 | 754,31 | 847,13 | 758,60 |  0,00 | 1,359 | 44,35 | 44,35 |  0,00 | 3,063 | 343,42 | 343,42 | 27,41 | 1134,430 | 245,79 | 338,62 |  0,00 | 541,380 | 120,74 | 120,74 | 1102,734 |   NaN | NaN | 0,00 | 0,00 | NaN
  57 | 11,33 | 272,604 | 756,22 | 852,83 | 760,52 |  0,00 | 1,356 | 44,35 | 44,35 |  0,00 | 2,799 | 342,56 | 342,56 | 27,99 | 1126,727 | 248,57 | 345,18 |  0,00 | 533,944 | 120,74 | 120,74 | 1087,889 |   NaN | NaN | 0,00 | 0,00 | NaN
  58 | 11,61 | 278,181 | 754,99 | 854,13 | 759,26 |  0,00 | 1,385 | 44,35 | 44,35 |  0,00 | 3,338 | 345,39 | 345,39 | 28,85 | 1168,971 | 244,51 | 343,65 |  0,00 | 535,474 | 120,74 | 120,74 | 1091,029 |   NaN | NaN | 0,00 | 0,00 | NaN
  59 | 12,03 | 272,001 | 756,79 | 860,29 | 761,10 |  0,00 | 1,404 | 44,35 | 44,35 |  0,00 | 2,477 | 343,28 | 343,28 | 29,41 | 1105,628 | 248,43 | 351,92 |  0,00 | 608,629 | 120,74 | 120,74 | 1237,829 |   NaN | NaN | 0,00 | 0,00 | NaN
  60 | 11,60 | 275,643 | 755,25 | 854,34 | 759,54 |  0,00 | 1,339 | 44,35 | 44,35 |  0,00 | 3,467 | 345,44 | 345,44 | 28,82 | 1153,870 | 244,72 | 343,80 |  0,00 | 543,068 | 120,74 | 120,74 | 1106,121 |   NaN | NaN | 0,00 | 0,00 | NaN
  61 | 12,15 | 278,126 | 755,32 | 859,75 | 759,62 |  0,00 | 1,361 | 44,35 | 44,35 |  0,00 | 3,626 | 347,45 | 347,45 | 30,08 | 1169,679 | 242,78 | 347,21 |  0,00 | 562,656 | 120,74 | 120,74 | 1145,440 |   NaN | NaN | 0,00 | 0,00 | NaN
  62 | 11,84 | 277,401 | 755,28 | 856,72 | 759,59 |  0,00 | 1,423 | 44,35 | 44,35 |  0,00 | 3,359 | 344,56 | 344,56 | 29,23 | 1158,486 | 245,63 | 347,06 |  0,00 | 539,962 | 120,74 | 120,74 | 1099,968 |   NaN | NaN | 0,00 | 0,00 | NaN
  63 | 11,92 | 275,719 | 754,47 | 856,57 | 758,75 |  0,00 | 1,378 | 44,35 | 44,35 |  0,00 | 2,489 | 347,64 | 347,64 | 29,69 | 1159,520 | 241,74 | 343,84 |  0,00 | 578,263 | 120,74 | 120,74 | 1176,817 |   NaN | NaN | 0,00 | 0,00 | NaN
  64 | 10,87 | 267,462 | 753,96 | 845,92 | 758,28 |  0,00 | 1,422 | 44,35 | 44,35 |  0,00 | 2,864 | 341,43 | 341,43 | 27,10 | 1100,438 | 247,44 | 339,40 |  0,00 | 549,510 | 120,74 | 120,74 | 1119,045 |   NaN | NaN | 0,00 | 0,00 | NaN

= = = = = = = = = = = = AVERAGE RESULTS system = = = = = = = = = = = =
meanPLR_system | 11,616278 
meanDelay_system | 277,874280 
meanLoad_system | 854,268587 
meanTHR_system | 755,005109 
meanGate_system | 759,299269 

meanPLR_EF_system | 0,000000 
meanPLR_AF_system | 0,000000 
meanPLR_BE_system | 28,806295 
meanPLR_FLA_system | 0,000000 
meanPLR_FLB_system | NaN 

meanTHR_EF_system | 44,352002 
meanTHR_AF_system | 344,703082 
meanTHR_BE_system | 245,210898 
meanTHR_FLA_system | 123,863109 
meanTHR_FLB_system | 0,000000 

meanLoad_EF_system | 44,352002 
meanLoad_AF_system | 344,703082 
meanLoad_BE_system | 344,474376 
meanLoad_FLA_system | 123,863109 
meanLoad_FLB_system | 0,000000 

meanDELAY_EF_system | 1,382972 
meanDELAY_AF_system | 8,233749 
meanDELAY_BE_system | 1173,867879 
meanDELAY_FLA_system | 473,614227 
meanDELAY_FLB_system | NaN 
meanDELAY_CompleteFLA_system | 967,381643 
meanDELAY_CompleteFLB_system | NaN 

= = = = = = = = = = = = AVERAGE RESULTS = = = = = = = = = = = =
Packet Loss Ratio: 11,62 (%)
PROCESSED PACKAGES: 1385110432 
DISCARTED PACKAGES: 118284865 
TOTAL PACKAGES: 1503395297 
AVERAGE DELAY: 50558,81 (ms) 
AVERAGE THROUGHPUT: 755,01 (Mbps) 
GRANTED THROUGHPUT: 48595,15 (Mbps) By 64 ONUs
EFFECTIVE THROUGHPUT: 48320,33 (Mbps) By 64 ONUs
TOTAL LOAD: 54673,19 (Mbps) By 64 ONUs
ON Arrival THROUGHPUT: 0,00 (Mbps) By 64 ONUs
FINISHTIMEFL: 115,947356 
FINISHTIME: 118,947356 


fileName | IPACT_LBCONSTANTTOKENSBYCYCLE_1_68_92_0 
