
ONU ID 	|  PLR(%) | Delay(ms) | Throughput(Mbps) | Granted Throughput(Mbps) | Total Load (Mbps) 

  ID |  PLR(%) |  D  | Thr |  Gates  |  Load  | PLR-EF | D-EF | ThrEF | LoadEF | PLR-AF | D-AF | ThrAF | LoadAF | PLR-BE | D-BE | ThrBE | LoadBE | PLR-FA | D-FA | ThrFA | LoadFA | DTFA |  PLR-FB | D-FB | ThrFB | LoadFB | DTFB | 
   1 |  0,00 | 0,301 | 526,15 | 526,15 | 569,09 |  0,00 | 0,129 | 44,35 | 44,35 |  0,00 | 0,212 | 228,89 | 228,89 |  0,00 | 0,302 | 224,30 | 224,30 |  0,00 | 7,343 | 28,62 | 28,62 | 35,619 |   NaN | NaN | 0,00 | 0,00 | NaN
   2 |  0,00 | 0,638 | 524,80 | 524,80 | 572,85 |  0,00 | 0,141 | 44,35 | 44,35 |  0,00 | 0,159 | 227,71 | 227,71 |  0,00 | 0,219 | 224,12 | 224,12 |  0,00 | 30,486 | 28,62 | 28,62 | 105,924 |   NaN | NaN | 0,00 | 0,00 | NaN
   3 |  0,00 | 0,570 | 520,06 | 520,06 | 558,77 |  0,00 | 0,078 | 44,35 | 44,35 |  0,00 | 0,099 | 222,94 | 222,94 |  0,00 | 0,286 | 224,15 | 224,15 |  0,00 | 28,024 | 28,62 | 28,62 | 102,381 |   NaN | NaN | 0,00 | 0,00 | NaN
   4 |  0,00 | 0,280 | 526,05 | 526,05 | 564,70 |  0,00 | 0,083 | 44,35 | 44,35 |  0,00 | 0,173 | 227,84 | 227,84 |  0,00 | 0,365 | 225,24 | 225,24 |  0,00 | 7,166 | 28,62 | 28,62 | 35,350 |   NaN | NaN | 0,00 | 0,00 | NaN
   5 |  0,00 | 1,105 | 520,96 | 520,96 | 560,36 |  0,00 | 0,109 | 44,35 | 44,35 |  0,00 | 0,113 | 224,85 | 224,85 |  0,00 | 0,237 | 223,14 | 223,14 |  0,00 | 61,609 | 28,62 | 28,62 | 204,214 |   NaN | NaN | 0,00 | 0,00 | NaN
   6 |  0,00 | 0,818 | 524,36 | 524,36 | 562,14 |  0,00 | 0,060 | 44,35 | 44,35 |  0,00 | 0,064 | 226,50 | 226,50 |  0,00 | 0,298 | 224,89 | 224,89 |  0,00 | 44,974 | 28,62 | 28,62 | 153,493 |   NaN | NaN | 0,00 | 0,00 | NaN
   7 |  0,00 | 0,294 | 523,17 | 523,17 | 561,85 |  0,00 | 0,076 | 44,35 | 44,35 |  0,00 | 0,152 | 224,87 | 224,87 |  0,00 | 0,358 | 225,33 | 225,33 |  0,00 | 8,706 | 28,62 | 28,62 | 41,623 |   NaN | NaN | 0,00 | 0,00 | NaN
   8 |  0,00 | 0,748 | 526,84 | 526,84 | 568,96 |  0,00 | 0,126 | 44,35 | 44,35 |  0,00 | 0,134 | 226,32 | 226,32 |  0,00 | 0,221 | 227,56 | 227,56 |  0,00 | 38,475 | 28,62 | 28,62 | 138,777 |   NaN | NaN | 0,00 | 0,00 | NaN
   9 |  0,00 | 0,408 | 524,78 | 524,78 | 563,26 |  0,00 | 0,066 | 44,35 | 44,35 |  0,00 | 0,107 | 225,64 | 225,64 |  0,00 | 0,330 | 226,17 | 226,17 |  0,00 | 17,415 | 28,62 | 28,62 | 69,260 |   NaN | NaN | 0,00 | 0,00 | NaN
  10 |  0,00 | 0,300 | 522,99 | 522,99 | 565,07 |  0,00 | 0,126 | 44,35 | 44,35 |  0,00 | 0,216 | 226,11 | 226,11 |  0,00 | 0,307 | 223,91 | 223,91 |  0,00 | 7,180 | 28,62 | 28,62 | 35,258 |   NaN | NaN | 0,00 | 0,00 | NaN
  11 |  0,00 | 2,700 | 522,57 | 522,57 | 561,18 |  0,00 | 0,066 | 44,35 | 44,35 |  0,00 | 0,075 | 224,54 | 224,54 |  0,00 | 0,304 | 225,06 | 225,06 |  0,00 | 164,473 | 28,62 | 28,62 | 524,516 |   NaN | NaN | 0,00 | 0,00 | NaN
  12 |  0,00 | 0,970 | 523,68 | 523,68 | 566,51 |  0,00 | 0,128 | 44,35 | 44,35 |  0,00 | 0,133 | 225,10 | 225,10 |  0,00 | 0,214 | 225,61 | 225,61 |  0,00 | 52,600 | 28,62 | 28,62 | 178,658 |   NaN | NaN | 0,00 | 0,00 | NaN
  13 |  0,00 | 0,772 | 517,38 | 517,38 | 556,22 |  0,00 | 0,093 | 44,35 | 44,35 |  0,00 | 0,103 | 223,72 | 223,72 |  0,00 | 0,264 | 220,69 | 220,69 |  0,00 | 40,566 | 28,62 | 28,62 | 133,859 |   NaN | NaN | 0,00 | 0,00 | NaN
  14 |  0,00 | 1,117 | 525,81 | 525,81 | 570,72 |  0,00 | 0,134 | 44,35 | 44,35 |  0,00 | 0,136 | 225,86 | 225,86 |  0,00 | 0,209 | 226,98 | 226,98 |  0,00 | 61,936 | 28,62 | 28,62 | 204,923 |   NaN | NaN | 0,00 | 0,00 | NaN
  15 |  0,00 | 0,322 | 522,74 | 522,74 | 565,58 |  0,00 | 0,128 | 44,35 | 44,35 |  0,00 | 0,201 | 222,41 | 222,41 |  0,00 | 0,276 | 227,36 | 227,36 |  0,00 | 9,252 | 28,62 | 28,62 | 43,882 |   NaN | NaN | 0,00 | 0,00 | NaN
  16 |  0,00 | 0,501 | 528,65 | 528,65 | 569,27 |  0,00 | 0,120 | 44,35 | 44,35 |  0,00 | 0,146 | 226,64 | 226,64 |  0,00 | 0,249 | 229,04 | 229,04 |  0,00 | 22,232 | 28,62 | 28,62 | 86,256 |   NaN | NaN | 0,00 | 0,00 | NaN
  17 |  0,00 | 0,432 | 524,00 | 524,00 | 568,15 |  0,00 | 0,132 | 44,35 | 44,35 |  0,00 | 0,163 | 226,65 | 226,65 |  0,00 | 0,245 | 224,38 | 224,38 |  0,00 | 17,146 | 28,62 | 28,62 | 69,236 |   NaN | NaN | 0,00 | 0,00 | NaN
  18 |  0,00 | 2,060 | 521,01 | 521,01 | 560,38 |  0,00 | 0,109 | 44,35 | 44,35 |  0,00 | 0,116 | 224,53 | 224,53 |  0,00 | 0,237 | 223,51 | 223,51 |  0,00 | 122,449 | 28,62 | 28,62 | 413,706 |   NaN | NaN | 0,00 | 0,00 | NaN
  19 |  0,00 | 1,511 | 518,30 | 518,30 | 557,32 |  0,00 | 0,100 | 44,35 | 44,35 |  0,00 | 0,104 | 222,03 | 222,03 |  0,00 | 0,246 | 223,30 | 223,30 |  0,00 | 87,524 | 28,62 | 28,62 | 281,021 |   NaN | NaN | 0,00 | 0,00 | NaN
  20 |  0,00 | 2,534 | 518,10 | 518,10 | 557,00 |  0,00 | 0,096 | 44,35 | 44,35 |  0,00 | 0,117 | 224,66 | 224,66 |  0,00 | 0,267 | 220,48 | 220,48 |  0,00 | 152,177 | 28,62 | 28,62 | 524,905 |   NaN | NaN | 0,00 | 0,00 | NaN
  21 |  0,00 | 0,291 | 516,87 | 516,87 | 555,78 |  0,00 | 0,100 | 44,35 | 44,35 |  0,00 | 0,187 | 222,89 | 222,89 |  0,00 | 0,333 | 221,01 | 221,01 |  0,00 | 7,525 | 28,62 | 28,62 | 36,421 |   NaN | NaN | 0,00 | 0,00 | NaN
  22 |  0,00 | 1,167 | 525,74 | 525,74 | 572,56 |  0,00 | 0,139 | 44,35 | 44,35 |  0,00 | 0,142 | 228,75 | 228,75 |  0,00 | 0,204 | 224,02 | 224,02 |  0,00 | 64,980 | 28,62 | 28,62 | 215,081 |   NaN | NaN | 0,00 | 0,00 | NaN
  23 |  0,00 | 2,754 | 524,25 | 524,25 | 565,15 |  0,00 | 0,121 | 44,35 | 44,35 |  0,00 | 0,131 | 226,02 | 226,02 |  0,00 | 0,243 | 225,26 | 225,26 |  0,00 | 166,521 | 28,62 | 28,62 | 429,939 |   NaN | NaN | 0,00 | 0,00 | NaN
  24 |  0,00 | 0,676 | 526,71 | 526,71 | 565,47 |  0,00 | 0,082 | 44,35 | 44,35 |  0,00 | 0,100 | 226,20 | 226,20 |  0,00 | 0,279 | 227,55 | 227,55 |  0,00 | 34,905 | 28,62 | 28,62 | 118,385 |   NaN | NaN | 0,00 | 0,00 | NaN
  25 |  0,00 | 0,327 | 524,75 | 524,75 | 572,14 |  0,00 | 0,140 | 44,35 | 44,35 |  0,00 | 0,208 | 223,01 | 223,01 |  0,00 | 0,270 | 228,78 | 228,78 |  0,00 | 9,167 | 28,62 | 28,62 | 43,471 |   NaN | NaN | 0,00 | 0,00 | NaN
  26 |  0,00 | 0,338 | 521,52 | 521,52 | 567,21 |  0,00 | 0,136 | 44,35 | 44,35 |  0,00 | 0,224 | 224,93 | 224,93 |  0,00 | 0,305 | 223,62 | 223,62 |  0,00 | 9,235 | 28,62 | 28,62 | 39,690 |   NaN | NaN | 0,00 | 0,00 | NaN
  27 |  0,00 | 2,144 | 520,90 | 520,90 | 559,28 |  0,00 | 0,063 | 44,35 | 44,35 |  0,00 | 0,068 | 225,77 | 225,77 |  0,00 | 0,293 | 222,16 | 222,16 |  0,00 | 129,160 | 28,62 | 28,62 | 429,141 |   NaN | NaN | 0,00 | 0,00 | NaN
  28 |  0,00 | 2,836 | 518,72 | 518,72 | 561,82 |  0,00 | 0,129 | 44,35 | 44,35 |  0,00 | 0,162 | 224,53 | 224,53 |  0,00 | 0,258 | 221,22 | 221,22 |  0,00 | 169,828 | 28,62 | 28,62 | 439,678 |   NaN | NaN | 0,00 | 0,00 | NaN
  29 |  0,00 | 2,849 | 523,50 | 523,50 | 562,82 |  0,00 | 0,108 | 44,35 | 44,35 |  0,00 | 0,124 | 224,02 | 224,02 |  0,00 | 0,248 | 226,52 | 226,52 |  0,00 | 172,860 | 28,62 | 28,62 | 509,369 |   NaN | NaN | 0,00 | 0,00 | NaN
  30 |  0,00 | 2,231 | 521,72 | 521,72 | 568,72 |  0,00 | 0,139 | 44,35 | 44,35 |  0,00 | 0,142 | 224,02 | 224,02 |  0,00 | 0,202 | 224,72 | 224,72 |  0,00 | 132,522 | 28,62 | 28,62 | 485,175 |   NaN | NaN | 0,00 | 0,00 | NaN
  31 |  0,00 | 2,770 | 521,27 | 521,27 | 560,44 |  0,00 | 0,106 | 44,35 | 44,35 |  0,00 | 0,119 | 225,23 | 225,23 |  0,00 | 0,269 | 223,07 | 223,07 |  0,00 | 167,359 | 28,62 | 28,62 | 431,504 |   NaN | NaN | 0,00 | 0,00 | NaN
  32 |  0,00 | 2,727 | 524,59 | 524,59 | 562,97 |  0,00 | 0,063 | 44,35 | 44,35 |  0,00 | 0,081 | 225,44 | 225,44 |  0,00 | 0,306 | 226,18 | 226,18 |  0,00 | 166,563 | 28,62 | 28,62 | 536,937 |   NaN | NaN | 0,00 | 0,00 | NaN
  33 |  0,00 | 2,594 | 520,57 | 520,57 | 563,19 |  0,00 | 0,127 | 44,35 | 44,35 |  0,00 | 0,149 | 223,57 | 223,57 |  0,00 | 0,232 | 224,03 | 224,03 |  0,00 | 155,359 | 28,62 | 28,62 | 551,698 |   NaN | NaN | 0,00 | 0,00 | NaN
  34 |  0,00 | 2,132 | 522,20 | 522,20 | 562,69 |  0,00 | 0,119 | 44,35 | 44,35 |  0,00 | 0,124 | 224,06 | 224,06 |  0,00 | 0,224 | 225,18 | 225,18 |  0,00 | 126,906 | 28,62 | 28,62 | 406,696 |   NaN | NaN | 0,00 | 0,00 | NaN
  35 |  0,00 | 2,156 | 524,79 | 524,79 | 563,42 |  0,00 | 0,068 | 44,35 | 44,35 |  0,00 | 0,070 | 226,23 | 226,23 |  0,00 | 0,284 | 225,59 | 225,59 |  0,00 | 130,392 | 28,62 | 28,62 | 413,805 |   NaN | NaN | 0,00 | 0,00 | NaN
  36 |  0,00 | 2,226 | 521,26 | 521,26 | 562,29 |  0,00 | 0,121 | 44,35 | 44,35 |  0,00 | 0,125 | 223,35 | 223,35 |  0,00 | 0,222 | 224,94 | 224,94 |  0,00 | 132,748 | 28,62 | 28,62 | 431,560 |   NaN | NaN | 0,00 | 0,00 | NaN
  37 |  0,00 | 2,841 | 526,41 | 526,41 | 565,49 |  0,00 | 0,104 | 44,35 | 44,35 |  0,00 | 0,118 | 228,02 | 228,02 |  0,00 | 0,261 | 225,42 | 225,42 |  0,00 | 172,950 | 28,62 | 28,62 | 551,453 |   NaN | NaN | 0,00 | 0,00 | NaN
  38 |  0,00 | 2,189 | 526,55 | 526,55 | 565,45 |  0,00 | 0,095 | 44,35 | 44,35 |  0,00 | 0,101 | 226,42 | 226,42 |  0,00 | 0,251 | 227,16 | 227,16 |  0,00 | 131,867 | 28,62 | 28,62 | 474,081 |   NaN | NaN | 0,00 | 0,00 | NaN
  39 |  0,00 | 2,695 | 517,57 | 517,57 | 564,44 |  0,00 | 0,139 | 44,35 | 44,35 |  0,00 | 0,149 | 223,51 | 223,51 |  0,00 | 0,219 | 221,09 | 221,09 |  0,00 | 161,105 | 28,62 | 28,62 | 570,188 |   NaN | NaN | 0,00 | 0,00 | NaN
  40 |  0,00 | 2,168 | 517,69 | 517,69 | 564,54 |  0,00 | 0,139 | 44,35 | 44,35 |  0,00 | 0,146 | 224,23 | 224,23 |  0,00 | 0,210 | 220,49 | 220,49 |  0,00 | 127,887 | 28,62 | 28,62 | 427,630 |   NaN | NaN | 0,00 | 0,00 | NaN
  41 |  0,00 | 3,016 | 526,48 | 526,48 | 567,67 |  0,00 | 0,121 | 44,35 | 44,35 |  0,00 | 0,141 | 225,01 | 225,01 |  0,00 | 0,238 | 228,51 | 228,51 |  0,00 | 183,532 | 28,62 | 28,62 | 491,016 |   NaN | NaN | 0,00 | 0,00 | NaN
  42 |  0,00 | 2,852 | 525,30 | 525,30 | 563,95 |  0,00 | 0,068 | 44,35 | 44,35 |  0,00 | 0,084 | 225,90 | 225,90 |  0,00 | 0,307 | 226,43 | 226,43 |  0,00 | 174,488 | 28,62 | 28,62 | 511,880 |   NaN | NaN | 0,00 | 0,00 | NaN
  43 |  0,00 | 2,530 | 527,87 | 527,87 | 573,26 |  0,00 | 0,146 | 44,35 | 44,35 |  0,00 | 0,159 | 227,91 | 227,91 |  0,00 | 0,207 | 226,99 | 226,99 |  0,00 | 152,029 | 28,62 | 28,62 | 534,641 |   NaN | NaN | 0,00 | 0,00 | NaN
  44 |  0,00 | 2,890 | 524,85 | 524,85 | 562,79 |  0,00 | 0,061 | 44,35 | 44,35 |  0,00 | 0,080 | 225,41 | 225,41 |  0,00 | 0,340 | 226,47 | 226,47 |  0,00 | 176,573 | 28,62 | 28,62 | 467,088 |   NaN | NaN | 0,00 | 0,00 | NaN
  45 |  0,00 | 3,019 | 523,50 | 523,50 | 572,11 |  0,00 | 0,142 | 44,35 | 44,35 |  0,00 | 0,157 | 227,17 | 227,17 |  0,00 | 0,230 | 223,36 | 223,36 |  0,00 | 182,432 | 28,62 | 28,62 | 519,290 |   NaN | NaN | 0,00 | 0,00 | NaN
  46 |  0,00 | 2,602 | 522,89 | 522,89 | 561,64 |  0,00 | 0,081 | 44,35 | 44,35 |  0,00 | 0,092 | 224,53 | 224,53 |  0,00 | 0,275 | 225,39 | 225,39 |  0,00 | 157,987 | 28,62 | 28,62 | 539,645 |   NaN | NaN | 0,00 | 0,00 | NaN
  47 |  0,00 | 2,781 | 522,73 | 522,73 | 561,45 |  0,00 | 0,079 | 44,35 | 44,35 |  0,00 | 0,101 | 226,53 | 226,53 |  0,00 | 0,308 | 223,23 | 223,23 |  0,00 | 168,865 | 28,62 | 28,62 | 435,275 |   NaN | NaN | 0,00 | 0,00 | NaN
  48 |  0,00 | 2,976 | 521,05 | 521,05 | 560,47 |  0,00 | 0,109 | 44,35 | 44,35 |  0,00 | 0,130 | 224,07 | 224,07 |  0,00 | 0,265 | 224,01 | 224,01 |  0,00 | 180,232 | 28,62 | 28,62 | 473,228 |   NaN | NaN | 0,00 | 0,00 | NaN
  49 |  0,00 | 2,576 | 522,04 | 522,04 | 563,05 |  0,00 | 0,121 | 44,35 | 44,35 |  0,00 | 0,145 | 225,83 | 225,83 |  0,00 | 0,237 | 223,25 | 223,25 |  0,00 | 154,632 | 28,62 | 28,62 | 403,639 |   NaN | NaN | 0,00 | 0,00 | NaN
  50 |  0,00 | 2,509 | 524,26 | 524,26 | 562,99 |  0,00 | 0,075 | 44,35 | 44,35 |  0,00 | 0,086 | 227,32 | 227,32 |  0,00 | 0,288 | 223,97 | 223,97 |  0,00 | 152,388 | 28,62 | 28,62 | 541,588 |   NaN | NaN | 0,00 | 0,00 | NaN
  51 |  0,00 | 3,005 | 523,53 | 523,53 | 562,26 |  0,00 | 0,073 | 44,35 | 44,35 |  0,00 | 0,086 | 224,12 | 224,12 |  0,00 | 0,306 | 226,44 | 226,44 |  0,00 | 183,694 | 28,62 | 28,62 | 490,062 |   NaN | NaN | 0,00 | 0,00 | NaN
  52 |  0,00 | 3,009 | 520,25 | 520,25 | 559,22 |  0,00 | 0,100 | 44,35 | 44,35 |  0,00 | 0,122 | 222,10 | 222,10 |  0,00 | 0,271 | 225,18 | 225,18 |  0,00 | 182,473 | 28,62 | 28,62 | 503,690 |   NaN | NaN | 0,00 | 0,00 | NaN
  53 |  0,00 | 2,800 | 523,93 | 523,93 | 562,73 |  0,00 | 0,087 | 44,35 | 44,35 |  0,00 | 0,102 | 225,85 | 225,85 |  0,00 | 0,275 | 225,11 | 225,11 |  0,00 | 170,445 | 28,62 | 28,62 | 550,083 |   NaN | NaN | 0,00 | 0,00 | NaN
  54 |  0,00 | 2,872 | 520,64 | 520,64 | 559,45 |  0,00 | 0,090 | 44,35 | 44,35 |  0,00 | 0,111 | 225,33 | 225,33 |  0,00 | 0,279 | 222,34 | 222,34 |  0,00 | 174,191 | 28,62 | 28,62 | 503,269 |   NaN | NaN | 0,00 | 0,00 | NaN
  55 |  0,00 | 2,227 | 522,44 | 522,44 | 561,17 |  0,00 | 0,075 | 44,35 | 44,35 |  0,00 | 0,079 | 224,34 | 224,34 |  0,00 | 0,274 | 225,13 | 225,13 |  0,00 | 134,386 | 28,62 | 28,62 | 476,992 |   NaN | NaN | 0,00 | 0,00 | NaN
  56 |  0,00 | 2,875 | 520,84 | 520,84 | 559,59 |  0,00 | 0,080 | 44,35 | 44,35 |  0,00 | 0,111 | 223,21 | 223,21 |  0,00 | 0,302 | 224,67 | 224,67 |  0,00 | 174,429 | 28,62 | 28,62 | 465,353 |   NaN | NaN | 0,00 | 0,00 | NaN
  57 |  0,00 | 2,643 | 523,44 | 523,44 | 562,17 |  0,00 | 0,077 | 44,35 | 44,35 |  0,00 | 0,103 | 224,99 | 224,99 |  0,00 | 0,306 | 225,49 | 225,49 |  0,00 | 160,210 | 28,62 | 28,62 | 415,137 |   NaN | NaN | 0,00 | 0,00 | NaN
  58 |  0,00 | 2,863 | 522,91 | 522,91 | 562,14 |  0,00 | 0,106 | 44,35 | 44,35 |  0,00 | 0,122 | 224,58 | 224,58 |  0,00 | 0,256 | 225,37 | 225,37 |  0,00 | 173,630 | 28,62 | 28,62 | 446,788 |   NaN | NaN | 0,00 | 0,00 | NaN
  59 |  0,00 | 2,123 | 526,62 | 526,62 | 568,58 |  0,00 | 0,125 | 44,35 | 44,35 |  0,00 | 0,129 | 225,75 | 225,75 |  0,00 | 0,218 | 227,91 | 227,91 |  0,00 | 126,712 | 28,62 | 28,62 | 406,853 |   NaN | NaN | 0,00 | 0,00 | NaN
  60 |  0,00 | 2,816 | 522,98 | 522,98 | 561,18 |  0,00 | 0,062 | 44,35 | 44,35 |  0,00 | 0,094 | 225,41 | 225,41 |  0,00 | 0,319 | 224,61 | 224,61 |  0,00 | 171,616 | 28,62 | 28,62 | 465,386 |   NaN | NaN | 0,00 | 0,00 | NaN
  61 |  0,00 | 2,627 | 524,53 | 524,53 | 563,33 |  0,00 | 0,082 | 44,35 | 44,35 |  0,00 | 0,102 | 225,40 | 225,40 |  0,00 | 0,281 | 226,16 | 226,16 |  0,00 | 159,543 | 28,62 | 28,62 | 535,129 |   NaN | NaN | 0,00 | 0,00 | NaN
  62 |  0,00 | 2,952 | 525,04 | 525,04 | 574,45 |  0,00 | 0,144 | 44,35 | 44,35 |  0,00 | 0,155 | 226,24 | 226,24 |  0,00 | 0,225 | 225,83 | 225,83 |  0,00 | 178,428 | 28,62 | 28,62 | 469,071 |   NaN | NaN | 0,00 | 0,00 | NaN
  63 |  0,00 | 2,131 | 524,48 | 524,48 | 563,45 |  0,00 | 0,099 | 44,35 | 44,35 |  0,00 | 0,107 | 226,27 | 226,27 |  0,00 | 0,249 | 225,24 | 225,24 |  0,00 | 127,678 | 28,62 | 28,62 | 467,113 |   NaN | NaN | 0,00 | 0,00 | NaN
  64 |  0,00 | 3,026 | 519,81 | 519,81 | 568,87 |  0,00 | 0,143 | 44,35 | 44,35 |  0,00 | 0,160 | 222,67 | 222,67 |  0,00 | 0,219 | 224,17 | 224,17 |  0,00 | 182,254 | 28,62 | 28,62 | 521,754 |   NaN | NaN | 0,00 | 0,00 | NaN

= = = = = = = = = = = = AVERAGE RESULTS system = = = = = = = = = = = =
meanPLR_system | 0,000000 
meanDelay_system | 1,940808 
meanLoad_system | 523,006129 
meanTHR_system | 523,006129 
meanGate_system | 564,112984 

meanPLR_EF_system | 0,000000 
meanPLR_AF_system | 0,000000 
meanPLR_BE_system | 0,000000 
meanPLR_FLA_system | 0,000000 
meanPLR_FLB_system | NaN 

meanTHR_EF_system | 44,352003 
meanTHR_AF_system | 225,217815 
meanTHR_BE_system | 224,820797 
meanTHR_FLA_system | 29,037039 
meanTHR_FLB_system | 0,000000 

meanLoad_EF_system | 44,352003 
meanLoad_AF_system | 225,217815 
meanLoad_BE_system | 224,820797 
meanLoad_FLA_system | 29,037039 
meanLoad_FLB_system | 0,000000 

meanDELAY_EF_system | 0,104441 
meanDELAY_AF_system | 0,127369 
meanDELAY_BE_system | 0,265958 
meanDELAY_FLA_system | 114,600330 
meanDELAY_FLB_system | NaN 
meanDELAY_CompleteFLA_system | 352,480228 
meanDELAY_CompleteFLB_system | NaN 

= = = = = = = = = = = = AVERAGE RESULTS = = = = = = = = = = = =
Packet Loss Ratio: 00,00 (%)
PROCESSED PACKAGES: 2013756772 
DISCARTED PACKAGES: 0 
TOTAL PACKAGES: 2013756772 
AVERAGE DELAY: 295,44 (ms) 
AVERAGE THROUGHPUT: 523,01 (Mbps) 
GRANTED THROUGHPUT: 36103,23 (Mbps) By 64 ONUs
EFFECTIVE THROUGHPUT: 33472,39 (Mbps) By 64 ONUs
TOTAL LOAD: 33472,39 (Mbps) By 64 ONUs
ON Arrival THROUGHPUT: 0,00 (Mbps) By 64 ONUs
FINISHTIMEFL: 203,657133 
FINISHTIME: 206,657133 


fileName | IPACT_LBVARIBLETOKENSBYCYCLE_5_28_60_0 
