
ONU ID 	|  PLR(%) | Delay(ms) | Throughput(Mbps) | Granted Throughput(Mbps) | Total Load (Mbps) 

  ID |  PLR(%) |  D  | Thr |  Gates  |  Load  | PLR-EF | D-EF | ThrEF | LoadEF | PLR-AF | D-AF | ThrAF | LoadAF | PLR-BE | D-BE | ThrBE | LoadBE | PLR-FA | D-FA | ThrFA | LoadFA | DTFA |  PLR-FB | D-FB | ThrFB | LoadFB | DTFB | 
   1 |  0,00 | 2,139 | 578,72 | 578,72 | 617,79 |  0,00 | 0,149 | 44,35 | 44,35 |  0,00 | 0,565 | 247,06 | 247,06 |  0,00 | 0,750 | 240,28 | 240,28 |  0,00 | 71,335 | 47,02 | 47,02 | 164,041 |   NaN | NaN | 0,00 | 0,00 | NaN
   2 |  0,00 | 15,861 | 580,60 | 580,60 | 624,30 |  0,00 | 0,161 | 44,35 | 44,35 |  0,00 | 0,172 | 245,60 | 245,60 |  0,00 | 0,233 | 243,63 | 243,63 |  0,00 | 640,141 | 47,02 | 47,02 | 1300,621 |   NaN | NaN | 0,00 | 0,00 | NaN
   3 |  0,00 | 15,104 | 576,34 | 576,34 | 611,88 |  0,00 | 0,097 | 44,35 | 44,35 |  0,00 | 0,103 | 243,66 | 243,66 |  0,00 | 0,294 | 241,30 | 241,30 |  0,00 | 608,069 | 47,02 | 47,02 | 1236,496 |   NaN | NaN | 0,00 | 0,00 | NaN
   4 |  0,00 | 1,104 | 582,36 | 582,36 | 618,06 |  0,00 | 0,103 | 44,35 | 44,35 |  0,00 | 0,718 | 247,74 | 247,74 |  0,00 | 0,978 | 243,25 | 243,25 |  0,00 | 26,410 | 47,02 | 47,02 | 69,818 |   NaN | NaN | 0,00 | 0,00 | NaN
   5 |  0,00 | 22,539 | 577,62 | 577,62 | 613,64 |  0,00 | 0,128 | 44,35 | 44,35 |  0,00 | 0,135 | 243,39 | 243,39 |  0,00 | 0,260 | 242,84 | 242,84 |  0,00 | 910,804 | 47,02 | 47,02 | 1842,059 |   NaN | NaN | 0,00 | 0,00 | NaN
   6 |  0,00 | 17,826 | 582,47 | 582,47 | 617,66 |  0,00 | 0,078 | 44,35 | 44,35 |  0,00 | 0,085 | 246,74 | 246,74 |  0,00 | 0,317 | 244,36 | 244,36 |  0,00 | 723,340 | 47,02 | 47,02 | 1467,116 |   NaN | NaN | 0,00 | 0,00 | NaN
   7 |  0,00 | 6,091 | 578,77 | 578,77 | 614,35 |  0,00 | 0,095 | 44,35 | 44,35 |  0,00 | 0,104 | 244,29 | 244,29 |  0,00 | 0,296 | 243,09 | 243,09 |  0,00 | 242,306 | 47,02 | 47,02 | 504,797 |   NaN | NaN | 0,00 | 0,00 | NaN
   8 |  0,00 | 16,632 | 579,51 | 579,51 | 617,79 |  0,00 | 0,146 | 44,35 | 44,35 |  0,00 | 0,152 | 242,98 | 242,98 |  0,00 | 0,238 | 245,16 | 245,16 |  0,00 | 671,345 | 47,02 | 47,02 | 1363,036 |   NaN | NaN | 0,00 | 0,00 | NaN
   9 |  0,00 | 10,292 | 581,21 | 581,21 | 616,74 |  0,00 | 0,085 | 44,35 | 44,35 |  0,00 | 0,092 | 245,92 | 245,92 |  0,00 | 0,309 | 243,91 | 243,91 |  0,00 | 414,674 | 47,02 | 47,02 | 849,742 |   NaN | NaN | 0,00 | 0,00 | NaN
  10 |  0,00 | 1,544 | 578,18 | 578,18 | 616,55 |  0,00 | 0,146 | 44,35 | 44,35 |  0,00 | 0,672 | 243,65 | 243,65 |  0,00 | 0,963 | 243,16 | 243,16 |  0,00 | 43,969 | 47,02 | 47,02 | 107,005 |   NaN | NaN | 0,00 | 0,00 | NaN
  11 |  0,00 | 32,394 | 576,70 | 576,70 | 612,20 |  0,00 | 0,086 | 44,35 | 44,35 |  0,00 | 0,206 | 241,11 | 241,11 |  0,00 | 0,434 | 244,21 | 244,21 |  0,00 | 1309,188 | 47,02 | 47,02 | 2639,003 |   NaN | NaN | 0,00 | 0,00 | NaN
  12 |  0,00 | 18,879 | 577,66 | 577,66 | 616,61 |  0,00 | 0,148 | 44,35 | 44,35 |  0,00 | 0,153 | 242,69 | 242,69 |  0,00 | 0,236 | 243,59 | 243,59 |  0,00 | 761,587 | 47,02 | 47,02 | 1543,643 |   NaN | NaN | 0,00 | 0,00 | NaN
  13 |  0,00 | 15,973 | 574,34 | 574,34 | 609,99 |  0,00 | 0,113 | 44,35 | 44,35 |  0,00 | 0,127 | 242,00 | 242,00 |  0,00 | 0,275 | 240,96 | 240,96 |  0,00 | 641,783 | 47,02 | 47,02 | 1304,029 |   NaN | NaN | 0,00 | 0,00 | NaN
  14 |  0,00 | 22,138 | 580,51 | 580,51 | 621,29 |  0,00 | 0,154 | 44,35 | 44,35 |  0,00 | 0,161 | 244,07 | 244,07 |  0,00 | 0,233 | 245,07 | 245,07 |  0,00 | 896,418 | 47,02 | 47,02 | 1813,226 |   NaN | NaN | 0,00 | 0,00 | NaN
  15 |  0,00 | 6,290 | 577,46 | 577,46 | 616,42 |  0,00 | 0,148 | 44,35 | 44,35 |  0,00 | 0,154 | 240,26 | 240,26 |  0,00 | 0,234 | 245,81 | 245,81 |  0,00 | 249,127 | 47,02 | 47,02 | 518,579 |   NaN | NaN | 0,00 | 0,00 | NaN
  16 |  0,00 | 12,525 | 585,35 | 585,35 | 622,32 |  0,00 | 0,139 | 44,35 | 44,35 |  0,00 | 0,145 | 244,88 | 244,88 |  0,00 | 0,243 | 249,10 | 249,10 |  0,00 | 506,877 | 47,02 | 47,02 | 1034,158 |   NaN | NaN | 0,00 | 0,00 | NaN
  17 |  0,00 | 11,898 | 581,03 | 581,03 | 621,17 |  0,00 | 0,152 | 44,35 | 44,35 |  0,00 | 0,157 | 245,37 | 245,37 |  0,00 | 0,232 | 244,29 | 244,29 |  0,00 | 478,891 | 47,02 | 47,02 | 978,244 |   NaN | NaN | 0,00 | 0,00 | NaN
  18 |  0,00 | 35,009 | 576,68 | 576,68 | 612,70 |  0,00 | 0,129 | 44,35 | 44,35 |  0,00 | 0,156 | 241,57 | 241,57 |  0,00 | 0,261 | 243,74 | 243,74 |  0,00 | 1416,732 | 47,02 | 47,02 | 2853,865 |   NaN | NaN | 0,00 | 0,00 | NaN
  19 |  0,00 | 27,734 | 573,27 | 573,27 | 609,05 |  0,00 | 0,120 | 44,35 | 44,35 |  0,00 | 0,139 | 240,23 | 240,23 |  0,00 | 0,270 | 241,66 | 241,66 |  0,00 | 1117,481 | 47,02 | 47,02 | 2254,831 |   NaN | NaN | 0,00 | 0,00 | NaN
  20 |  0,00 | 32,978 | 576,13 | 576,13 | 611,77 |  0,00 | 0,115 | 44,35 | 44,35 |  0,00 | 0,146 | 244,64 | 244,64 |  0,00 | 0,387 | 240,11 | 240,11 |  0,00 | 1332,717 | 47,02 | 47,02 | 2686,167 |   NaN | NaN | 0,00 | 0,00 | NaN
  21 |  0,00 | 4,199 | 570,52 | 570,52 | 606,26 |  0,00 | 0,120 | 44,35 | 44,35 |  0,00 | 0,182 | 239,58 | 239,58 |  0,00 | 0,360 | 239,57 | 239,57 |  0,00 | 162,066 | 47,02 | 47,02 | 344,661 |   NaN | NaN | 0,00 | 0,00 | NaN
  22 |  0,00 | 23,366 | 583,63 | 583,63 | 626,11 |  0,00 | 0,159 | 44,35 | 44,35 |  0,00 | 0,166 | 249,55 | 249,55 |  0,00 | 0,226 | 242,70 | 242,70 |  0,00 | 949,491 | 47,02 | 47,02 | 1919,428 |   NaN | NaN | 0,00 | 0,00 | NaN
  23 |  0,00 | 30,459 | 579,27 | 579,27 | 616,41 |  0,00 | 0,141 | 44,35 | 44,35 |  0,00 | 0,334 | 244,15 | 244,15 |  0,00 | 0,359 | 243,75 | 243,75 |  0,00 | 1231,960 | 47,02 | 47,02 | 2484,092 |   NaN | NaN | 0,00 | 0,00 | NaN
  24 |  0,00 | 15,891 | 579,35 | 579,35 | 614,92 |  0,00 | 0,102 | 44,35 | 44,35 |  0,00 | 0,110 | 243,53 | 243,53 |  0,00 | 0,301 | 244,44 | 244,44 |  0,00 | 641,674 | 47,02 | 47,02 | 1303,870 |   NaN | NaN | 0,00 | 0,00 | NaN
  25 |  0,00 | 7,488 | 583,65 | 583,65 | 626,72 |  0,00 | 0,160 | 44,35 | 44,35 |  0,00 | 0,164 | 244,07 | 244,07 |  0,00 | 0,224 | 248,20 | 248,20 |  0,00 | 299,461 | 47,02 | 47,02 | 619,417 |   NaN | NaN | 0,00 | 0,00 | NaN
  26 |  0,00 | 5,793 | 577,74 | 577,74 | 619,25 |  0,00 | 0,156 | 44,35 | 44,35 |  0,00 | 0,160 | 244,08 | 244,08 |  0,00 | 0,227 | 242,28 | 242,28 |  0,00 | 228,848 | 47,02 | 47,02 | 478,100 |   NaN | NaN | 0,00 | 0,00 | NaN
  27 |  0,00 | 35,377 | 575,29 | 575,29 | 610,72 |  0,00 | 0,083 | 44,35 | 44,35 |  0,00 | 0,091 | 243,67 | 243,67 |  0,00 | 0,320 | 240,24 | 240,24 |  0,00 | 1430,784 | 47,02 | 47,02 | 2882,023 |   NaN | NaN | 0,00 | 0,00 | NaN
  28 |  0,00 | 30,820 | 574,37 | 574,37 | 613,47 |  0,00 | 0,149 | 44,35 | 44,35 |  0,00 | 0,405 | 243,13 | 243,13 |  0,00 | 0,513 | 239,87 | 239,87 |  0,00 | 1238,473 | 47,02 | 47,02 | 2497,263 |   NaN | NaN | 0,00 | 0,00 | NaN
  29 |  0,00 | 31,801 | 581,62 | 581,62 | 617,56 |  0,00 | 0,128 | 44,35 | 44,35 |  0,00 | 0,260 | 244,81 | 244,81 |  0,00 | 0,488 | 245,44 | 245,44 |  0,00 | 1289,383 | 47,02 | 47,02 | 2599,507 |   NaN | NaN | 0,00 | 0,00 | NaN
  30 |  0,00 | 33,878 | 575,82 | 575,82 | 618,53 |  0,00 | 0,159 | 44,35 | 44,35 |  0,00 | 0,183 | 241,39 | 241,39 |  0,00 | 0,240 | 243,05 | 243,05 |  0,00 | 1368,967 | 47,02 | 47,02 | 2758,298 |   NaN | NaN | 0,00 | 0,00 | NaN
  31 |  0,00 | 30,611 | 577,59 | 577,59 | 613,44 |  0,00 | 0,125 | 44,35 | 44,35 |  0,00 | 0,233 | 245,23 | 245,23 |  0,00 | 0,488 | 240,98 | 240,98 |  0,00 | 1236,100 | 47,02 | 47,02 | 2492,427 |   NaN | NaN | 0,00 | 0,00 | NaN
  32 |  0,00 | 32,373 | 580,74 | 580,74 | 616,20 |  0,00 | 0,082 | 44,35 | 44,35 |  0,00 | 0,152 | 244,55 | 244,55 |  0,00 | 0,531 | 244,82 | 244,82 |  0,00 | 1313,120 | 47,02 | 47,02 | 2646,913 |   NaN | NaN | 0,00 | 0,00 | NaN
  33 |  0,00 | 33,400 | 577,20 | 577,20 | 615,81 |  0,00 | 0,147 | 44,35 | 44,35 |  0,00 | 0,262 | 243,05 | 243,05 |  0,00 | 0,511 | 242,77 | 242,77 |  0,00 | 1348,087 | 47,02 | 47,02 | 2716,902 |   NaN | NaN | 0,00 | 0,00 | NaN
  34 |  0,00 | 36,534 | 576,02 | 576,02 | 612,89 |  0,00 | 0,139 | 44,35 | 44,35 |  0,00 | 0,147 | 242,89 | 242,89 |  0,00 | 0,253 | 241,75 | 241,75 |  0,00 | 1477,652 | 47,02 | 47,02 | 2975,763 |   NaN | NaN | 0,00 | 0,00 | NaN
  35 |  0,00 | 37,527 | 582,64 | 582,64 | 618,21 |  0,00 | 0,088 | 44,35 | 44,35 |  0,00 | 0,097 | 245,84 | 245,84 |  0,00 | 0,303 | 245,42 | 245,42 |  0,00 | 1529,170 | 47,02 | 47,02 | 3078,672 |   NaN | NaN | 0,00 | 0,00 | NaN
  36 |  0,00 | 35,810 | 577,31 | 577,31 | 614,61 |  0,00 | 0,141 | 44,35 | 44,35 |  0,00 | 0,157 | 240,65 | 240,65 |  0,00 | 0,250 | 245,28 | 245,28 |  0,00 | 1450,068 | 47,02 | 47,02 | 2920,534 |   NaN | NaN | 0,00 | 0,00 | NaN
  37 |  0,00 | 32,341 | 582,85 | 582,85 | 618,67 |  0,00 | 0,124 | 44,35 | 44,35 |  0,00 | 0,234 | 246,74 | 246,74 |  0,00 | 0,383 | 244,73 | 244,73 |  0,00 | 1314,435 | 47,02 | 47,02 | 2649,593 |   NaN | NaN | 0,00 | 0,00 | NaN
  38 |  0,00 | 34,099 | 581,41 | 581,41 | 617,04 |  0,00 | 0,115 | 44,35 | 44,35 |  0,00 | 0,124 | 245,96 | 245,96 |  0,00 | 0,277 | 244,07 | 244,07 |  0,00 | 1386,714 | 47,02 | 47,02 | 2793,977 |   NaN | NaN | 0,00 | 0,00 | NaN
  39 |  0,00 | 33,359 | 571,58 | 571,58 | 614,14 |  0,00 | 0,158 | 44,35 | 44,35 |  0,00 | 0,185 | 241,06 | 241,06 |  0,00 | 0,274 | 239,15 | 239,15 |  0,00 | 1341,959 | 47,02 | 47,02 | 2704,612 |   NaN | NaN | 0,00 | 0,00 | NaN
  40 |  0,00 | 35,319 | 573,40 | 573,40 | 615,98 |  0,00 | 0,158 | 44,35 | 44,35 |  0,00 | 0,183 | 242,95 | 242,95 |  0,00 | 0,243 | 239,07 | 239,07 |  0,00 | 1423,915 | 47,02 | 47,02 | 2868,215 |   NaN | NaN | 0,00 | 0,00 | NaN
  41 |  0,00 | 31,267 | 582,26 | 582,26 | 619,67 |  0,00 | 0,141 | 44,35 | 44,35 |  0,00 | 0,369 | 242,07 | 242,07 |  0,00 | 0,655 | 248,81 | 248,81 |  0,00 | 1265,419 | 47,02 | 47,02 | 2551,345 |   NaN | NaN | 0,00 | 0,00 | NaN
  42 |  0,00 | 31,692 | 583,70 | 583,70 | 619,27 |  0,00 | 0,087 | 44,35 | 44,35 |  0,00 | 0,195 | 245,92 | 245,92 |  0,00 | 0,423 | 246,40 | 246,40 |  0,00 | 1289,561 | 47,02 | 47,02 | 2599,861 |   NaN | NaN | 0,00 | 0,00 | NaN
  43 |  0,00 | 32,817 | 584,77 | 584,77 | 626,22 |  0,00 | 0,166 | 44,35 | 44,35 |  0,00 | 0,176 | 247,29 | 247,29 |  0,00 | 0,255 | 246,11 | 246,11 |  0,00 | 1337,370 | 47,02 | 47,02 | 2695,486 |   NaN | NaN | 0,00 | 0,00 | NaN
  44 |  0,00 | 30,978 | 581,59 | 581,59 | 616,82 |  0,00 | 0,079 | 44,35 | 44,35 |  0,00 | 0,184 | 243,88 | 243,88 |  0,00 | 0,627 | 246,34 | 246,34 |  0,00 | 1256,004 | 47,02 | 47,02 | 2532,407 |   NaN | NaN | 0,00 | 0,00 | NaN
  45 |  0,00 | 31,809 | 577,52 | 577,52 | 621,74 |  0,00 | 0,162 | 44,35 | 44,35 |  0,00 | 0,291 | 246,40 | 246,40 |  0,00 | 0,475 | 239,75 | 239,75 |  0,00 | 1283,547 | 47,02 | 47,02 | 2587,731 |   NaN | NaN | 0,00 | 0,00 | NaN
  46 |  0,00 | 32,948 | 578,13 | 578,13 | 613,74 |  0,00 | 0,101 | 44,35 | 44,35 |  0,00 | 0,150 | 241,48 | 241,48 |  0,00 | 0,344 | 245,27 | 245,27 |  0,00 | 1334,591 | 47,02 | 47,02 | 2689,897 |   NaN | NaN | 0,00 | 0,00 | NaN
  47 |  0,00 | 30,341 | 576,71 | 576,71 | 612,32 |  0,00 | 0,099 | 44,35 | 44,35 |  0,00 | 0,232 | 243,21 | 243,21 |  0,00 | 0,561 | 242,13 | 242,13 |  0,00 | 1223,848 | 47,02 | 47,02 | 2467,877 |   NaN | NaN | 0,00 | 0,00 | NaN
  48 |  0,00 | 31,163 | 576,25 | 576,25 | 612,24 |  0,00 | 0,129 | 44,35 | 44,35 |  0,00 | 0,314 | 242,76 | 242,76 |  0,00 | 0,452 | 242,11 | 242,11 |  0,00 | 1256,553 | 47,02 | 47,02 | 2533,280 |   NaN | NaN | 0,00 | 0,00 | NaN
  49 |  0,00 | 30,421 | 576,21 | 576,21 | 613,48 |  0,00 | 0,141 | 44,35 | 44,35 |  0,00 | 0,257 | 243,15 | 243,15 |  0,00 | 0,431 | 241,68 | 241,68 |  0,00 | 1226,709 | 47,02 | 47,02 | 2473,679 |   NaN | NaN | 0,00 | 0,00 | NaN
  50 |  0,00 | 33,124 | 579,36 | 579,36 | 614,91 |  0,00 | 0,095 | 44,35 | 44,35 |  0,00 | 0,129 | 244,90 | 244,90 |  0,00 | 0,345 | 243,08 | 243,08 |  0,00 | 1343,735 | 47,02 | 47,02 | 2708,135 |   NaN | NaN | 0,00 | 0,00 | NaN
  51 |  0,00 | 31,155 | 579,00 | 579,00 | 614,61 |  0,00 | 0,093 | 44,35 | 44,35 |  0,00 | 0,205 | 242,53 | 242,53 |  0,00 | 0,518 | 245,09 | 245,09 |  0,00 | 1260,653 | 47,02 | 47,02 | 2541,801 |   NaN | NaN | 0,00 | 0,00 | NaN
  52 |  0,00 | 31,516 | 579,30 | 579,30 | 615,05 |  0,00 | 0,120 | 44,35 | 44,35 |  0,00 | 0,232 | 240,69 | 240,69 |  0,00 | 0,633 | 247,23 | 247,23 |  0,00 | 1273,721 | 47,02 | 47,02 | 2568,064 |   NaN | NaN | 0,00 | 0,00 | NaN
  53 |  0,00 | 32,540 | 579,14 | 579,14 | 614,78 |  0,00 | 0,107 | 44,35 | 44,35 |  0,00 | 0,149 | 245,02 | 245,02 |  0,00 | 0,342 | 242,75 | 242,75 |  0,00 | 1319,254 | 47,02 | 47,02 | 2659,221 |   NaN | NaN | 0,00 | 0,00 | NaN
  54 |  0,00 | 31,808 | 574,58 | 574,58 | 610,19 |  0,00 | 0,109 | 44,35 | 44,35 |  0,00 | 0,265 | 243,37 | 243,37 |  0,00 | 0,493 | 239,84 | 239,84 |  0,00 | 1281,306 | 47,02 | 47,02 | 2583,361 |   NaN | NaN | 0,00 | 0,00 | NaN
  55 |  0,00 | 34,344 | 574,59 | 574,59 | 610,16 |  0,00 | 0,094 | 44,35 | 44,35 |  0,00 | 0,111 | 240,76 | 240,76 |  0,00 | 0,315 | 242,45 | 242,45 |  0,00 | 1387,535 | 47,02 | 47,02 | 2795,498 |   NaN | NaN | 0,00 | 0,00 | NaN
  56 |  0,00 | 31,273 | 574,19 | 574,19 | 609,80 |  0,00 | 0,100 | 44,35 | 44,35 |  0,00 | 0,212 | 241,57 | 241,57 |  0,00 | 0,655 | 241,24 | 241,24 |  0,00 | 1258,035 | 47,02 | 47,02 | 2536,541 |   NaN | NaN | 0,00 | 0,00 | NaN
  57 |  0,00 | 30,639 | 576,75 | 576,75 | 612,35 |  0,00 | 0,097 | 44,35 | 44,35 |  0,00 | 0,285 | 242,06 | 242,06 |  0,00 | 0,443 | 243,31 | 243,31 |  0,00 | 1236,853 | 47,02 | 47,02 | 2493,968 |   NaN | NaN | 0,00 | 0,00 | NaN
  58 |  0,00 | 30,660 | 579,92 | 579,92 | 615,86 |  0,00 | 0,126 | 44,35 | 44,35 |  0,00 | 0,262 | 245,09 | 245,09 |  0,00 | 0,434 | 243,46 | 243,46 |  0,00 | 1241,138 | 47,02 | 47,02 | 2502,574 |   NaN | NaN | 0,00 | 0,00 | NaN
  59 |  0,00 | 36,182 | 582,55 | 582,55 | 620,67 |  0,00 | 0,145 | 44,35 | 44,35 |  0,00 | 0,151 | 242,73 | 242,73 |  0,00 | 0,244 | 248,45 | 248,45 |  0,00 | 1472,791 | 47,02 | 47,02 | 2965,925 |   NaN | NaN | 0,00 | 0,00 | NaN
  60 |  0,00 | 31,284 | 578,04 | 578,04 | 613,38 |  0,00 | 0,081 | 44,35 | 44,35 |  0,00 | 0,140 | 243,81 | 243,81 |  0,00 | 0,400 | 242,85 | 242,85 |  0,00 | 1266,866 | 47,02 | 47,02 | 2554,313 |   NaN | NaN | 0,00 | 0,00 | NaN
  61 |  0,00 | 32,612 | 581,67 | 581,67 | 617,28 |  0,00 | 0,102 | 44,35 | 44,35 |  0,00 | 0,141 | 244,63 | 244,63 |  0,00 | 0,392 | 245,67 | 245,67 |  0,00 | 1325,246 | 47,02 | 47,02 | 2671,204 |   NaN | NaN | 0,00 | 0,00 | NaN
  62 |  0,00 | 31,033 | 580,85 | 580,85 | 625,83 |  0,00 | 0,164 | 44,35 | 44,35 |  0,00 | 0,308 | 244,12 | 244,12 |  0,00 | 0,417 | 245,36 | 245,36 |  0,00 | 1256,532 | 47,02 | 47,02 | 2533,494 |   NaN | NaN | 0,00 | 0,00 | NaN
  63 |  0,00 | 33,839 | 578,67 | 578,67 | 614,38 |  0,00 | 0,119 | 44,35 | 44,35 |  0,00 | 0,142 | 244,94 | 244,94 |  0,00 | 0,297 | 242,35 | 242,35 |  0,00 | 1371,911 | 47,02 | 47,02 | 2764,166 |   NaN | NaN | 0,00 | 0,00 | NaN
  64 |  0,00 | 31,854 | 574,39 | 574,39 | 618,99 |  0,00 | 0,163 | 44,35 | 44,35 |  0,00 | 0,268 | 241,59 | 241,59 |  0,00 | 0,427 | 241,42 | 241,42 |  0,00 | 1282,100 | 47,02 | 47,02 | 2584,896 |   NaN | NaN | 0,00 | 0,00 | NaN

= = = = = = = = = = = = AVERAGE RESULTS system = = = = = = = = = = = =
meanPLR_system | 0,000000 
meanDelay_system | 25,823345 
meanLoad_system | 578,547853 
meanTHR_system | 578,547853 
meanGate_system | 616,139324 

meanPLR_EF_system | 0,000000 
meanPLR_AF_system | 0,000000 
meanPLR_BE_system | 0,000000 
meanPLR_FLA_system | 0,000000 
meanPLR_FLB_system | NaN 

meanTHR_EF_system | 44,352005 
meanTHR_AF_system | 243,729517 
meanTHR_BE_system | 243,441728 
meanTHR_FLA_system | 47,913617 
meanTHR_FLB_system | 0,000000 

meanLoad_EF_system | 44,352005 
meanLoad_AF_system | 243,729517 
meanLoad_BE_system | 243,441728 
meanLoad_FLA_system | 47,913617 
meanLoad_FLB_system | 0,000000 

meanDELAY_EF_system | 0,124137 
meanDELAY_AF_system | 0,208480 
meanDELAY_BE_system | 0,387397 
meanDELAY_FLA_system | 1043,387417 
meanDELAY_FLB_system | NaN 
meanDELAY_CompleteFLA_system | 2107,179148 
meanDELAY_CompleteFLB_system | NaN 

= = = = = = = = = = = = AVERAGE RESULTS = = = = = = = = = = = =
Packet Loss Ratio: 00,00 (%)
PROCESSED PACKAGES: 1651741387 
DISCARTED PACKAGES: 0 
TOTAL PACKAGES: 1651741387 
AVERAGE DELAY: 4121,36 (ms) 
AVERAGE THROUGHPUT: 578,55 (Mbps) 
GRANTED THROUGHPUT: 39432,92 (Mbps) By 64 ONUs
EFFECTIVE THROUGHPUT: 37027,06 (Mbps) By 64 ONUs
TOTAL LOAD: 37027,06 (Mbps) By 64 ONUs
ON Arrival THROUGHPUT: 0,00 (Mbps) By 64 ONUs
FINISHTIMEFL: 158,685577 
FINISHTIME: 161,685577 


fileName | IPACT_LEAKYBUCKET_3_36_65_0 
