
ONU ID 	|  PLR(%) | Delay(ms) | Throughput(Mbps) | Granted Throughput(Mbps) | Total Load (Mbps) 

  ID |  PLR(%) |  D  | Thr |  Gates  |  Load  | PLR-EF | D-EF | ThrEF | LoadEF | PLR-AF | D-AF | ThrAF | LoadAF | PLR-BE | D-BE | ThrBE | LoadBE | PLR-FA | D-FA | ThrFA | LoadFA | DTFA |  PLR-FB | D-FB | ThrFB | LoadFB | DTFB | 
   1 |  0,00 | 0,773 | 567,71 | 567,71 | 608,75 |  0,00 | 0,136 | 44,35 | 44,35 |  0,00 | 0,532 | 246,95 | 246,95 |  0,00 | 0,688 | 240,48 | 240,48 |  0,00 | 21,789 | 35,93 | 35,93 | 65,369 |   NaN | NaN | 0,00 | 0,00 | NaN
   2 |  0,00 | 15,607 | 569,60 | 569,60 | 615,28 |  0,00 | 0,148 | 44,35 | 44,35 |  0,00 | 0,159 | 246,79 | 246,79 |  0,00 | 0,209 | 242,53 | 242,53 |  0,00 | 820,251 | 35,93 | 35,93 | 1660,953 |   NaN | NaN | 0,00 | 0,00 | NaN
   3 |  0,00 | 14,784 | 565,94 | 565,94 | 603,23 |  0,00 | 0,085 | 44,35 | 44,35 |  0,00 | 0,095 | 243,30 | 243,30 |  0,00 | 0,282 | 242,36 | 242,36 |  0,00 | 775,347 | 35,93 | 35,93 | 1571,119 |   NaN | NaN | 0,00 | 0,00 | NaN
   4 |  0,00 | 0,635 | 571,50 | 571,50 | 608,93 |  0,00 | 0,090 | 44,35 | 44,35 |  0,00 | 0,356 | 247,24 | 247,24 |  0,00 | 0,600 | 243,97 | 243,97 |  0,00 | 19,134 | 35,93 | 35,93 | 56,490 |   NaN | NaN | 0,00 | 0,00 | NaN
   5 |  0,00 | 22,435 | 566,64 | 566,64 | 604,39 |  0,00 | 0,116 | 44,35 | 44,35 |  0,00 | 0,120 | 243,57 | 243,57 |  0,00 | 0,243 | 242,78 | 242,78 |  0,00 | 1180,366 | 35,93 | 35,93 | 2381,120 |   NaN | NaN | 0,00 | 0,00 | NaN
   6 |  0,00 | 17,660 | 569,91 | 569,91 | 606,72 |  0,00 | 0,066 | 44,35 | 44,35 |  0,00 | 0,076 | 245,20 | 245,20 |  0,00 | 0,309 | 244,43 | 244,43 |  0,00 | 931,482 | 35,93 | 35,93 | 1883,268 |   NaN | NaN | 0,00 | 0,00 | NaN
   7 |  0,00 | 5,658 | 569,18 | 569,18 | 606,44 |  0,00 | 0,083 | 44,35 | 44,35 |  0,00 | 0,093 | 245,27 | 245,27 |  0,00 | 0,285 | 243,62 | 243,62 |  0,00 | 293,367 | 35,93 | 35,93 | 607,187 |   NaN | NaN | 0,00 | 0,00 | NaN
   8 |  0,00 | 16,203 | 568,92 | 568,92 | 608,98 |  0,00 | 0,133 | 44,35 | 44,35 |  0,00 | 0,141 | 243,53 | 243,53 |  0,00 | 0,229 | 245,11 | 245,11 |  0,00 | 851,715 | 35,93 | 35,93 | 1723,909 |   NaN | NaN | 0,00 | 0,00 | NaN
   9 |  0,00 | 10,060 | 570,37 | 570,37 | 607,52 |  0,00 | 0,073 | 44,35 | 44,35 |  0,00 | 0,077 | 244,72 | 244,72 |  0,00 | 0,295 | 245,36 | 245,36 |  0,00 | 527,986 | 35,93 | 35,93 | 1076,418 |   NaN | NaN | 0,00 | 0,00 | NaN
  10 |  0,00 | 0,789 | 567,14 | 567,14 | 607,44 |  0,00 | 0,133 | 44,35 | 44,35 |  0,00 | 0,531 | 243,91 | 243,91 |  0,00 | 0,688 | 242,94 | 242,94 |  0,00 | 22,686 | 35,93 | 35,93 | 64,671 |   NaN | NaN | 0,00 | 0,00 | NaN
  11 |  0,00 | 32,324 | 566,00 | 566,00 | 603,20 |  0,00 | 0,073 | 44,35 | 44,35 |  0,00 | 0,113 | 241,28 | 241,28 |  0,00 | 0,325 | 244,43 | 244,43 |  0,00 | 1703,132 | 35,93 | 35,93 | 3426,757 |   NaN | NaN | 0,00 | 0,00 | NaN
  12 |  0,00 | 18,705 | 567,87 | 567,87 | 608,58 |  0,00 | 0,135 | 44,35 | 44,35 |  0,00 | 0,141 | 243,74 | 243,74 |  0,00 | 0,218 | 243,84 | 243,84 |  0,00 | 983,637 | 35,93 | 35,93 | 1987,694 |   NaN | NaN | 0,00 | 0,00 | NaN
  13 |  0,00 | 15,579 | 562,62 | 562,62 | 599,95 |  0,00 | 0,100 | 44,35 | 44,35 |  0,00 | 0,106 | 242,37 | 242,37 |  0,00 | 0,263 | 239,97 | 239,97 |  0,00 | 814,403 | 35,93 | 35,93 | 1649,288 |   NaN | NaN | 0,00 | 0,00 | NaN
  14 |  0,00 | 22,030 | 568,93 | 568,93 | 611,60 |  0,00 | 0,141 | 44,35 | 44,35 |  0,00 | 0,147 | 244,27 | 244,27 |  0,00 | 0,215 | 244,37 | 244,37 |  0,00 | 1160,748 | 35,93 | 35,93 | 2341,842 |   NaN | NaN | 0,00 | 0,00 | NaN
  15 |  0,00 | 6,013 | 565,75 | 565,75 | 606,54 |  0,00 | 0,135 | 44,35 | 44,35 |  0,00 | 0,139 | 239,97 | 239,97 |  0,00 | 0,223 | 245,49 | 245,49 |  0,00 | 309,926 | 35,93 | 35,93 | 640,269 |   NaN | NaN | 0,00 | 0,00 | NaN
  16 |  0,00 | 12,306 | 573,76 | 573,76 | 612,47 |  0,00 | 0,127 | 44,35 | 44,35 |  0,00 | 0,135 | 245,01 | 245,01 |  0,00 | 0,230 | 248,47 | 248,47 |  0,00 | 648,180 | 35,93 | 35,93 | 1316,745 |   NaN | NaN | 0,00 | 0,00 | NaN
  17 |  0,00 | 11,597 | 570,10 | 570,10 | 612,07 |  0,00 | 0,139 | 44,35 | 44,35 |  0,00 | 0,143 | 245,78 | 245,78 |  0,00 | 0,214 | 244,04 | 244,04 |  0,00 | 607,908 | 35,93 | 35,93 | 1236,234 |   NaN | NaN | 0,00 | 0,00 | NaN
  18 |  0,00 | 34,952 | 565,64 | 565,64 | 603,36 |  0,00 | 0,116 | 44,35 | 44,35 |  0,00 | 0,127 | 242,27 | 242,27 |  0,00 | 0,251 | 243,08 | 243,08 |  0,00 | 1841,178 | 35,93 | 35,93 | 3702,449 |   NaN | NaN | 0,00 | 0,00 | NaN
  19 |  0,00 | 27,630 | 561,24 | 561,24 | 598,71 |  0,00 | 0,107 | 44,35 | 44,35 |  0,00 | 0,114 | 239,67 | 239,67 |  0,00 | 0,255 | 241,28 | 241,28 |  0,00 | 1447,891 | 35,93 | 35,93 | 2916,150 |   NaN | NaN | 0,00 | 0,00 | NaN
  20 |  0,00 | 32,997 | 564,56 | 564,56 | 601,87 |  0,00 | 0,103 | 44,35 | 44,35 |  0,00 | 0,127 | 244,44 | 244,44 |  0,00 | 0,283 | 239,84 | 239,84 |  0,00 | 1735,989 | 35,93 | 35,93 | 3492,483 |   NaN | NaN | 0,00 | 0,00 | NaN
  21 |  0,00 | 3,895 | 559,59 | 559,59 | 597,01 |  0,00 | 0,107 | 44,35 | 44,35 |  0,00 | 0,114 | 240,56 | 240,56 |  0,00 | 0,257 | 238,74 | 238,74 |  0,00 | 197,351 | 35,93 | 35,93 | 414,953 |   NaN | NaN | 0,00 | 0,00 | NaN
  22 |  0,00 | 23,323 | 571,82 | 571,82 | 616,34 |  0,00 | 0,146 | 44,35 | 44,35 |  0,00 | 0,149 | 248,51 | 248,51 |  0,00 | 0,211 | 243,02 | 243,02 |  0,00 | 1232,989 | 35,93 | 35,93 | 2486,362 |   NaN | NaN | 0,00 | 0,00 | NaN
  23 |  0,00 | 30,343 | 568,20 | 568,20 | 607,11 |  0,00 | 0,128 | 44,35 | 44,35 |  0,00 | 0,216 | 244,20 | 244,20 |  0,00 | 0,271 | 243,71 | 243,71 |  0,00 | 1599,732 | 35,93 | 35,93 | 3219,528 |   NaN | NaN | 0,00 | 0,00 | NaN
  24 |  0,00 | 15,683 | 570,58 | 570,58 | 607,81 |  0,00 | 0,089 | 44,35 | 44,35 |  0,00 | 0,099 | 243,92 | 243,92 |  0,00 | 0,276 | 246,37 | 246,37 |  0,00 | 826,513 | 35,93 | 35,93 | 1673,460 |   NaN | NaN | 0,00 | 0,00 | NaN
  25 |  0,00 | 7,213 | 571,98 | 571,98 | 617,14 |  0,00 | 0,147 | 44,35 | 44,35 |  0,00 | 0,154 | 243,33 | 243,33 |  0,00 | 0,208 | 248,36 | 248,36 |  0,00 | 375,405 | 35,93 | 35,93 | 771,156 |   NaN | NaN | 0,00 | 0,00 | NaN
  26 |  0,00 | 5,548 | 565,64 | 565,64 | 609,17 |  0,00 | 0,143 | 44,35 | 44,35 |  0,00 | 0,159 | 243,32 | 243,32 |  0,00 | 0,220 | 242,04 | 242,04 |  0,00 | 284,883 | 35,93 | 35,93 | 590,046 |   NaN | NaN | 0,00 | 0,00 | NaN
  27 |  0,00 | 35,351 | 566,04 | 566,04 | 603,08 |  0,00 | 0,070 | 44,35 | 44,35 |  0,00 | 0,084 | 244,95 | 244,95 |  0,00 | 0,303 | 240,81 | 240,81 |  0,00 | 1864,260 | 35,93 | 35,93 | 3748,858 |   NaN | NaN | 0,00 | 0,00 | NaN
  28 |  0,00 | 30,709 | 562,65 | 562,65 | 603,58 |  0,00 | 0,136 | 44,35 | 44,35 |  0,00 | 0,216 | 243,62 | 243,62 |  0,00 | 0,377 | 238,75 | 238,75 |  0,00 | 1608,812 | 35,93 | 35,93 | 3237,784 |   NaN | NaN | 0,00 | 0,00 | NaN
  29 |  0,00 | 31,700 | 569,36 | 569,36 | 607,00 |  0,00 | 0,115 | 44,35 | 44,35 |  0,00 | 0,150 | 244,39 | 244,39 |  0,00 | 0,297 | 244,69 | 244,69 |  0,00 | 1674,429 | 35,93 | 35,93 | 3369,357 |   NaN | NaN | 0,00 | 0,00 | NaN
  30 |  0,00 | 33,933 | 565,77 | 565,77 | 610,43 |  0,00 | 0,146 | 44,35 | 44,35 |  0,00 | 0,157 | 242,35 | 242,35 |  0,00 | 0,215 | 243,13 | 243,13 |  0,00 | 1786,795 | 35,93 | 35,93 | 3593,785 |   NaN | NaN | 0,00 | 0,00 | NaN
  31 |  0,00 | 30,562 | 565,75 | 565,75 | 603,30 |  0,00 | 0,113 | 44,35 | 44,35 |  0,00 | 0,235 | 244,31 | 244,31 |  0,00 | 0,312 | 241,16 | 241,16 |  0,00 | 1607,044 | 35,93 | 35,93 | 3234,272 |   NaN | NaN | 0,00 | 0,00 | NaN
  32 |  0,00 | 32,307 | 569,71 | 569,71 | 606,81 |  0,00 | 0,069 | 44,35 | 44,35 |  0,00 | 0,117 | 244,26 | 244,26 |  0,00 | 0,370 | 245,16 | 245,16 |  0,00 | 1707,932 | 35,93 | 35,93 | 3436,290 |   NaN | NaN | 0,00 | 0,00 | NaN
  33 |  0,00 | 33,313 | 566,03 | 566,03 | 606,44 |  0,00 | 0,134 | 44,35 | 44,35 |  0,00 | 0,184 | 242,63 | 242,63 |  0,00 | 0,269 | 243,12 | 243,12 |  0,00 | 1753,564 | 35,93 | 35,93 | 3527,521 |   NaN | NaN | 0,00 | 0,00 | NaN
  34 |  0,00 | 36,536 | 565,85 | 565,85 | 604,38 |  0,00 | 0,126 | 44,35 | 44,35 |  0,00 | 0,133 | 243,57 | 243,57 |  0,00 | 0,235 | 241,99 | 241,99 |  0,00 | 1925,117 | 35,93 | 35,93 | 3870,603 |   NaN | NaN | 0,00 | 0,00 | NaN
  35 |  0,00 | 37,594 | 571,82 | 571,82 | 609,06 |  0,00 | 0,075 | 44,35 | 44,35 |  0,00 | 0,081 | 245,48 | 245,48 |  0,00 | 0,287 | 246,06 | 246,06 |  0,00 | 1994,365 | 35,93 | 35,93 | 4009,005 |   NaN | NaN | 0,00 | 0,00 | NaN
  36 |  0,00 | 35,843 | 566,21 | 566,21 | 605,24 |  0,00 | 0,128 | 44,35 | 44,35 |  0,00 | 0,147 | 240,71 | 240,71 |  0,00 | 0,235 | 245,21 | 245,21 |  0,00 | 1889,037 | 35,93 | 35,93 | 3798,526 |   NaN | NaN | 0,00 | 0,00 | NaN
  37 |  0,00 | 32,250 | 571,88 | 571,88 | 609,36 |  0,00 | 0,111 | 44,35 | 44,35 |  0,00 | 0,154 | 247,57 | 247,57 |  0,00 | 0,268 | 244,03 | 244,03 |  0,00 | 1708,363 | 35,93 | 35,93 | 3437,130 |   NaN | NaN | 0,00 | 0,00 | NaN
  38 |  0,00 | 34,046 | 570,55 | 570,55 | 607,93 |  0,00 | 0,102 | 44,35 | 44,35 |  0,00 | 0,108 | 245,05 | 245,05 |  0,00 | 0,257 | 245,21 | 245,21 |  0,00 | 1802,628 | 35,93 | 35,93 | 3625,695 |   NaN | NaN | 0,00 | 0,00 | NaN
  39 |  0,00 | 33,352 | 559,67 | 559,67 | 604,26 |  0,00 | 0,146 | 44,35 | 44,35 |  0,00 | 0,150 | 240,53 | 240,53 |  0,00 | 0,228 | 238,85 | 238,85 |  0,00 | 1745,368 | 35,93 | 35,93 | 3511,273 |   NaN | NaN | 0,00 | 0,00 | NaN
  40 |  0,00 | 35,417 | 563,05 | 563,05 | 607,56 |  0,00 | 0,146 | 44,35 | 44,35 |  0,00 | 0,156 | 243,98 | 243,98 |  0,00 | 0,226 | 238,79 | 238,79 |  0,00 | 1859,997 | 35,93 | 35,93 | 3740,313 |   NaN | NaN | 0,00 | 0,00 | NaN
  41 |  0,00 | 31,065 | 570,63 | 570,63 | 609,78 |  0,00 | 0,129 | 44,35 | 44,35 |  0,00 | 0,188 | 241,72 | 241,72 |  0,00 | 0,324 | 248,63 | 248,63 |  0,00 | 1641,646 | 35,93 | 35,93 | 3304,006 |   NaN | NaN | 0,00 | 0,00 | NaN
  42 |  0,00 | 31,617 | 571,97 | 571,97 | 609,19 |  0,00 | 0,074 | 44,35 | 44,35 |  0,00 | 0,110 | 245,57 | 245,57 |  0,00 | 0,331 | 246,12 | 246,12 |  0,00 | 1675,466 | 35,93 | 35,93 | 3371,398 |   NaN | NaN | 0,00 | 0,00 | NaN
  43 |  0,00 | 32,914 | 574,84 | 574,84 | 618,22 |  0,00 | 0,153 | 44,35 | 44,35 |  0,00 | 0,164 | 247,90 | 247,90 |  0,00 | 0,221 | 246,65 | 246,65 |  0,00 | 1748,125 | 35,93 | 35,93 | 3516,830 |   NaN | NaN | 0,00 | 0,00 | NaN
  44 |  0,00 | 30,903 | 570,06 | 570,06 | 606,92 |  0,00 | 0,066 | 44,35 | 44,35 |  0,00 | 0,236 | 243,38 | 243,38 |  0,00 | 0,446 | 246,39 | 246,39 |  0,00 | 1631,441 | 35,93 | 35,93 | 3283,455 |   NaN | NaN | 0,00 | 0,00 | NaN
  45 |  0,00 | 31,662 | 565,93 | 565,93 | 612,23 |  0,00 | 0,149 | 44,35 | 44,35 |  0,00 | 0,195 | 246,01 | 246,01 |  0,00 | 0,301 | 239,64 | 239,64 |  0,00 | 1665,146 | 35,93 | 35,93 | 3350,872 |   NaN | NaN | 0,00 | 0,00 | NaN
  46 |  0,00 | 32,813 | 567,07 | 567,07 | 604,37 |  0,00 | 0,088 | 44,35 | 44,35 |  0,00 | 0,109 | 242,14 | 242,14 |  0,00 | 0,297 | 244,65 | 244,65 |  0,00 | 1730,765 | 35,93 | 35,93 | 3482,027 |   NaN | NaN | 0,00 | 0,00 | NaN
  47 |  0,00 | 30,219 | 566,59 | 566,59 | 603,87 |  0,00 | 0,086 | 44,35 | 44,35 |  0,00 | 0,172 | 245,13 | 245,13 |  0,00 | 0,333 | 241,17 | 241,17 |  0,00 | 1591,334 | 35,93 | 35,93 | 3202,668 |   NaN | NaN | 0,00 | 0,00 | NaN
  48 |  0,00 | 30,959 | 565,20 | 565,20 | 602,93 |  0,00 | 0,116 | 44,35 | 44,35 |  0,00 | 0,142 | 242,28 | 242,28 |  0,00 | 0,328 | 242,64 | 242,64 |  0,00 | 1628,182 | 35,93 | 35,93 | 3276,823 |   NaN | NaN | 0,00 | 0,00 | NaN
  49 |  0,00 | 30,314 | 566,27 | 566,27 | 605,27 |  0,00 | 0,128 | 44,35 | 44,35 |  0,00 | 0,198 | 244,39 | 244,39 |  0,00 | 0,363 | 241,59 | 241,59 |  0,00 | 1594,161 | 35,93 | 35,93 | 3208,189 |   NaN | NaN | 0,00 | 0,00 | NaN
  50 |  0,00 | 32,883 | 569,64 | 569,64 | 606,90 |  0,00 | 0,082 | 44,35 | 44,35 |  0,00 | 0,093 | 246,00 | 246,00 |  0,00 | 0,286 | 243,35 | 243,35 |  0,00 | 1739,451 | 35,93 | 35,93 | 3499,437 |   NaN | NaN | 0,00 | 0,00 | NaN
  51 |  0,00 | 31,086 | 568,26 | 568,26 | 605,49 |  0,00 | 0,080 | 44,35 | 44,35 |  0,00 | 0,246 | 243,40 | 243,40 |  0,00 | 0,387 | 244,58 | 244,58 |  0,00 | 1638,667 | 35,93 | 35,93 | 3298,004 |   NaN | NaN | 0,00 | 0,00 | NaN
  52 |  0,00 | 31,475 | 567,83 | 567,83 | 605,27 |  0,00 | 0,107 | 44,35 | 44,35 |  0,00 | 0,207 | 240,67 | 240,67 |  0,00 | 0,419 | 246,87 | 246,87 |  0,00 | 1657,740 | 35,93 | 35,93 | 3336,141 |   NaN | NaN | 0,00 | 0,00 | NaN
  53 |  0,00 | 32,452 | 568,68 | 568,68 | 605,94 |  0,00 | 0,094 | 44,35 | 44,35 |  0,00 | 0,125 | 245,27 | 245,27 |  0,00 | 0,274 | 243,12 | 243,12 |  0,00 | 1714,327 | 35,93 | 35,93 | 3449,113 |   NaN | NaN | 0,00 | 0,00 | NaN
  54 |  0,00 | 31,772 | 563,54 | 563,54 | 600,79 |  0,00 | 0,097 | 44,35 | 44,35 |  0,00 | 0,148 | 243,67 | 243,67 |  0,00 | 0,327 | 239,58 | 239,58 |  0,00 | 1669,074 | 35,93 | 35,93 | 3358,753 |   NaN | NaN | 0,00 | 0,00 | NaN
  55 |  0,00 | 34,331 | 564,83 | 564,83 | 602,06 |  0,00 | 0,082 | 44,35 | 44,35 |  0,00 | 0,090 | 240,85 | 240,85 |  0,00 | 0,284 | 243,70 | 243,70 |  0,00 | 1807,896 | 35,93 | 35,93 | 3636,229 |   NaN | NaN | 0,00 | 0,00 | NaN
  56 |  0,00 | 31,131 | 564,84 | 564,84 | 602,14 |  0,00 | 0,087 | 44,35 | 44,35 |  0,00 | 0,166 | 242,02 | 242,02 |  0,00 | 0,371 | 242,53 | 242,53 |  0,00 | 1636,557 | 35,93 | 35,93 | 3293,751 |   NaN | NaN | 0,00 | 0,00 | NaN
  57 |  0,00 | 30,488 | 567,12 | 567,12 | 604,38 |  0,00 | 0,084 | 44,35 | 44,35 |  0,00 | 0,122 | 243,06 | 243,06 |  0,00 | 0,364 | 243,77 | 243,77 |  0,00 | 1606,863 | 35,93 | 35,93 | 3233,799 |   NaN | NaN | 0,00 | 0,00 | NaN
  58 |  0,00 | 30,589 | 568,48 | 568,48 | 606,09 |  0,00 | 0,113 | 44,35 | 44,35 |  0,00 | 0,291 | 244,21 | 244,21 |  0,00 | 0,397 | 243,99 | 243,99 |  0,00 | 1610,862 | 35,93 | 35,93 | 3242,008 |   NaN | NaN | 0,00 | 0,00 | NaN
  59 |  0,00 | 36,089 | 571,11 | 571,11 | 611,02 |  0,00 | 0,132 | 44,35 | 44,35 |  0,00 | 0,135 | 243,28 | 243,28 |  0,00 | 0,225 | 247,54 | 247,54 |  0,00 | 1911,393 | 35,93 | 35,93 | 3843,028 |   NaN | NaN | 0,00 | 0,00 | NaN
  60 |  0,00 | 31,172 | 567,41 | 567,41 | 604,37 |  0,00 | 0,068 | 44,35 | 44,35 |  0,00 | 0,216 | 243,28 | 243,28 |  0,00 | 0,437 | 243,85 | 243,85 |  0,00 | 1641,939 | 35,93 | 35,93 | 3304,537 |   NaN | NaN | 0,00 | 0,00 | NaN
  61 |  0,00 | 32,554 | 570,69 | 570,69 | 607,97 |  0,00 | 0,089 | 44,35 | 44,35 |  0,00 | 0,117 | 245,03 | 245,03 |  0,00 | 0,298 | 245,38 | 245,38 |  0,00 | 1723,222 | 35,93 | 35,93 | 3466,889 |   NaN | NaN | 0,00 | 0,00 | NaN
  62 |  0,00 | 30,821 | 570,71 | 570,71 | 617,77 |  0,00 | 0,151 | 44,35 | 44,35 |  0,00 | 0,228 | 245,37 | 245,37 |  0,00 | 0,255 | 245,06 | 245,06 |  0,00 | 1628,544 | 35,93 | 35,93 | 3277,473 |   NaN | NaN | 0,00 | 0,00 | NaN
  63 |  0,00 | 33,732 | 568,21 | 568,21 | 605,59 |  0,00 | 0,106 | 44,35 | 44,35 |  0,00 | 0,120 | 245,14 | 245,14 |  0,00 | 0,260 | 242,78 | 242,78 |  0,00 | 1781,492 | 35,93 | 35,93 | 3583,101 |   NaN | NaN | 0,00 | 0,00 | NaN
  64 |  0,00 | 31,822 | 564,80 | 564,80 | 611,45 |  0,00 | 0,150 | 44,35 | 44,35 |  0,00 | 0,238 | 242,74 | 242,74 |  0,00 | 0,372 | 241,77 | 241,77 |  0,00 | 1670,238 | 35,93 | 35,93 | 3361,053 |   NaN | NaN | 0,00 | 0,00 | NaN

= = = = = = = = = = = = AVERAGE RESULTS system = = = = = = = = = = = =
meanPLR_system | 0,000000 
meanDelay_system | 25,664345 
meanLoad_system | 567,659691 
meanTHR_system | 567,659691 
meanGate_system | 607,017192 

meanPLR_EF_system | 0,000000 
meanPLR_AF_system | 0,000000 
meanPLR_BE_system | 0,000000 
meanPLR_FLA_system | 0,000000 
meanPLR_FLB_system | NaN 

meanTHR_EF_system | 44,352004 
meanTHR_AF_system | 243,891310 
meanTHR_BE_system | 243,483308 
meanTHR_FLA_system | 36,555008 
meanTHR_FLB_system | 0,000000 

meanLoad_EF_system | 44,352004 
meanLoad_AF_system | 243,891310 
meanLoad_BE_system | 243,483308 
meanLoad_FLA_system | 36,555008 
meanLoad_FLB_system | 0,000000 

meanDELAY_EF_system | 0,111408 
meanDELAY_AF_system | 0,163874 
meanDELAY_BE_system | 0,305084 
meanDELAY_FLA_system | 1351,347335 
meanDELAY_FLB_system | NaN 
meanDELAY_CompleteFLA_system | 2723,061247 
meanDELAY_CompleteFLB_system | NaN 

= = = = = = = = = = = = AVERAGE RESULTS = = = = = = = = = = = =
Packet Loss Ratio: 00,00 (%)
PROCESSED PACKAGES: 1791264953 
DISCARTED PACKAGES: 0 
TOTAL PACKAGES: 1791264953 
AVERAGE DELAY: 4073,27 (ms) 
AVERAGE THROUGHPUT: 567,66 (Mbps) 
GRANTED THROUGHPUT: 38849,10 (Mbps) By 64 ONUs
EFFECTIVE THROUGHPUT: 36330,22 (Mbps) By 64 ONUs
TOTAL LOAD: 36330,22 (Mbps) By 64 ONUs
ON Arrival THROUGHPUT: 0,00 (Mbps) By 64 ONUs
FINISHTIMEFL: 173,327826 
FINISHTIME: 176,327826 


fileName | IPACT_LEAKYBUCKET_4_30_65_0 
