
ONU ID 	|  PLR(%) | Delay(ms) | Throughput(Mbps) | Granted Throughput(Mbps) | Total Load (Mbps) 

  ID |  PLR(%) |  D  | Thr |  Gates  |  Load  | PLR-EF | D-EF | ThrEF | LoadEF | PLR-AF | D-AF | ThrAF | LoadAF | PLR-BE | D-BE | ThrBE | LoadBE | PLR-FA | D-FA | ThrFA | LoadFA | DTFA |  PLR-FB | D-FB | ThrFB | LoadFB | DTFB | 
   1 |  1,15 | 196,176 | 755,87 | 764,67 | 760,21 |  0,00 | 1,399 | 44,35 | 44,35 |  0,00 | 9,787 | 342,46 | 342,46 |  2,64 | 693,844 | 324,49 | 333,28 |  0,00 | 219,626 | 44,57 | 44,57 | 458,539 |   NaN | NaN | 0,00 | 0,00 | NaN
   2 |  1,65 | 194,185 | 754,54 | 767,19 | 758,93 |  0,00 | 1,411 | 44,35 | 44,35 |  0,00 | 2,691 | 341,09 | 341,09 |  3,75 | 653,394 | 324,52 | 337,18 |  0,00 | 765,115 | 44,57 | 44,57 | 1549,190 |   NaN | NaN | 0,00 | 0,00 | NaN
   3 |  1,23 | 173,798 | 752,33 | 761,69 | 756,68 |  0,00 | 1,347 | 44,35 | 44,35 |  0,00 | 1,710 | 337,93 | 337,93 |  2,80 | 579,031 | 325,47 | 334,84 |  0,00 | 733,358 | 44,57 | 44,57 | 1485,884 |   NaN | NaN | 0,00 | 0,00 | NaN
   4 |  1,51 | 216,404 | 757,67 | 769,29 | 762,12 |  0,00 | 1,353 | 44,35 | 44,35 |  0,00 | 19,891 | 342,91 | 342,91 |  3,44 | 760,244 | 325,84 | 337,46 |  0,00 | 154,820 | 44,57 | 44,57 | 328,508 |   NaN | NaN | 0,00 | 0,00 | NaN
   5 |  1,11 | 184,593 | 754,07 | 762,54 | 758,41 |  0,00 | 1,378 | 44,35 | 44,35 |  0,00 | 1,765 | 336,55 | 336,55 |  2,51 | 591,593 | 328,60 | 337,07 |  0,00 | 1035,952 | 44,57 | 44,57 | 2090,884 |   NaN | NaN | 0,00 | 0,00 | NaN
   6 |  1,62 | 200,156 | 755,47 | 767,94 | 759,82 |  0,00 | 1,327 | 44,35 | 44,35 |  0,00 | 1,967 | 341,10 | 341,10 |  3,69 | 668,739 | 325,45 | 337,92 |  0,00 | 848,595 | 44,57 | 44,57 | 1716,251 |   NaN | NaN | 0,00 | 0,00 | NaN
   7 |  1,35 | 189,028 | 754,29 | 764,62 | 758,63 |  0,00 | 1,345 | 44,35 | 44,35 |  0,00 | 3,494 | 338,93 | 338,93 |  3,07 | 658,503 | 326,43 | 336,76 |  0,00 | 367,431 | 44,57 | 44,57 | 754,142 |   NaN | NaN | 0,00 | 0,00 | NaN
   8 |  1,35 | 191,364 | 755,21 | 765,52 | 759,56 |  0,00 | 1,395 | 44,35 | 44,35 |  0,00 | 1,984 | 336,28 | 336,28 |  3,03 | 631,334 | 330,00 | 340,31 |  0,00 | 796,606 | 44,57 | 44,57 | 1612,328 |   NaN | NaN | 0,00 | 0,00 | NaN
   9 |  1,66 | 200,098 | 754,74 | 767,50 | 759,07 |  0,00 | 1,335 | 44,35 | 44,35 |  0,00 | 2,047 | 340,01 | 340,01 |  3,77 | 689,587 | 325,81 | 338,57 |  0,00 | 539,910 | 44,57 | 44,57 | 1098,797 |   NaN | NaN | 0,00 | 0,00 | NaN
  10 |  1,10 | 185,423 | 755,09 | 763,50 | 759,46 |  0,00 | 1,396 | 44,35 | 44,35 |  0,00 | 11,269 | 338,00 | 338,00 |  2,50 | 646,286 | 328,16 | 336,57 |  0,00 | 202,032 | 44,57 | 44,57 | 423,369 |   NaN | NaN | 0,00 | 0,00 | NaN
  11 |  1,13 | 166,308 | 752,60 | 761,19 | 756,93 |  0,00 | 1,336 | 44,35 | 44,35 |  0,00 | 1,812 | 333,42 | 333,42 |  2,54 | 493,655 | 330,25 | 338,84 |  0,00 | 1432,873 | 44,57 | 44,57 | 2884,935 |   NaN | NaN | 0,00 | 0,00 | NaN
  12 |  1,34 | 172,779 | 754,14 | 764,37 | 758,49 |  0,00 | 1,398 | 44,35 | 44,35 |  0,00 | 1,792 | 337,80 | 337,80 |  3,03 | 561,401 | 327,42 | 337,66 |  0,00 | 886,832 | 44,57 | 44,57 | 1792,745 |   NaN | NaN | 0,00 | 0,00 | NaN
  13 |  0,94 | 168,367 | 749,97 | 757,12 | 754,32 |  0,00 | 1,363 | 44,35 | 44,35 |  0,00 | 1,976 | 335,43 | 335,43 |  2,15 | 554,849 | 325,61 | 332,76 |  0,00 | 766,820 | 44,57 | 44,57 | 1552,854 |   NaN | NaN | 0,00 | 0,00 | NaN
  14 |  1,79 | 192,240 | 752,71 | 766,43 | 757,08 |  0,00 | 1,404 | 44,35 | 44,35 |  0,00 | 2,018 | 338,79 | 338,79 |  4,05 | 626,204 | 325,00 | 338,72 |  0,00 | 1021,491 | 44,57 | 44,57 | 2062,032 |   NaN | NaN | 0,00 | 0,00 | NaN
  15 |  0,95 | 193,297 | 754,42 | 761,66 | 758,74 |  0,00 | 1,398 | 44,35 | 44,35 |  0,00 | 3,470 | 332,88 | 332,88 |  2,13 | 661,383 | 332,61 | 339,85 |  0,00 | 374,322 | 44,57 | 44,57 | 767,812 |   NaN | NaN | 0,00 | 0,00 | NaN
  16 |  2,15 | 234,138 | 756,67 | 773,32 | 761,02 |  0,00 | 1,389 | 44,35 | 44,35 |  0,00 | 2,208 | 339,41 | 339,41 |  4,83 | 802,548 | 328,33 | 344,98 |  0,00 | 632,214 | 44,57 | 44,57 | 1283,458 |   NaN | NaN | 0,00 | 0,00 | NaN
  17 |  1,71 | 199,982 | 753,68 | 766,77 | 758,05 |  0,00 | 1,402 | 44,35 | 44,35 |  0,00 | 1,956 | 339,91 | 339,91 |  3,87 | 685,852 | 324,85 | 337,94 |  0,00 | 604,204 | 44,57 | 44,57 | 1227,510 |   NaN | NaN | 0,00 | 0,00 | NaN
  18 |  1,20 | 170,443 | 751,88 | 761,00 | 756,20 |  0,00 | 1,379 | 44,35 | 44,35 |  0,00 | 2,029 | 335,19 | 335,19 |  2,71 | 503,731 | 327,77 | 336,88 |  0,00 | 1541,282 | 44,57 | 44,57 | 3101,687 |   NaN | NaN | 0,00 | 0,00 | NaN
  19 |  0,55 | 150,029 | 751,32 | 755,47 | 755,64 |  0,00 | 1,370 | 44,35 | 44,35 |  0,00 | 2,087 | 331,93 | 331,93 |  1,24 | 447,369 | 330,47 | 334,61 |  0,00 | 1241,823 | 44,57 | 44,57 | 2502,655 |   NaN | NaN | 0,00 | 0,00 | NaN
  20 |  0,88 | 166,352 | 753,59 | 760,29 | 757,94 |  0,00 | 1,365 | 44,35 | 44,35 |  0,00 | 1,637 | 338,77 | 338,77 |  2,01 | 499,180 | 325,90 | 332,60 |  0,00 | 1456,906 | 44,57 | 44,57 | 2933,066 |   NaN | NaN | 0,00 | 0,00 | NaN
  21 |  0,47 | 146,150 | 749,28 | 752,82 | 753,62 |  0,00 | 1,370 | 44,35 | 44,35 |  0,00 | 4,932 | 332,94 | 332,94 |  1,07 | 502,423 | 327,42 | 330,96 |  0,00 | 290,420 | 44,57 | 44,57 | 600,109 |   NaN | NaN | 0,00 | 0,00 | NaN
  22 |  1,89 | 217,141 | 756,10 | 770,63 | 760,50 |  0,00 | 1,408 | 44,35 | 44,35 |  0,00 | 2,154 | 344,75 | 344,75 |  4,31 | 721,331 | 322,43 | 336,96 |  0,00 | 1074,743 | 44,57 | 44,57 | 2168,548 |   NaN | NaN | 0,00 | 0,00 | NaN
  23 |  1,28 | 175,858 | 755,26 | 765,06 | 759,61 |  0,00 | 1,390 | 44,35 | 44,35 |  0,00 | 2,062 | 338,17 | 338,17 |  2,90 | 538,062 | 328,17 | 337,97 |  0,00 | 1355,030 | 44,57 | 44,57 | 2729,070 |   NaN | NaN | 0,00 | 0,00 | NaN
  24 |  1,32 | 192,324 | 756,33 | 766,48 | 760,68 |  0,00 | 1,352 | 44,35 | 44,35 |  0,00 | 1,637 | 337,17 | 337,17 |  2,98 | 637,360 | 330,23 | 340,38 |  0,00 | 766,726 | 44,57 | 44,57 | 1552,475 |   NaN | NaN | 0,00 | 0,00 | NaN
  25 |  1,78 | 206,525 | 756,46 | 770,18 | 760,85 |  0,00 | 1,409 | 44,35 | 44,35 |  0,00 | 2,741 | 336,58 | 336,58 |  3,98 | 710,706 | 330,96 | 344,68 |  0,00 | 424,613 | 44,57 | 44,57 | 868,373 |   NaN | NaN | 0,00 | 0,00 | NaN
  26 |  0,86 | 186,350 | 754,67 | 761,19 | 759,05 |  0,00 | 1,406 | 44,35 | 44,35 |  0,00 | 3,217 | 336,64 | 336,64 |  1,94 | 645,116 | 329,10 | 335,63 |  0,00 | 354,057 | 44,57 | 44,57 | 727,307 |   NaN | NaN | 0,00 | 0,00 | NaN
  27 |  0,90 | 152,870 | 753,74 | 760,56 | 758,07 |  0,00 | 1,332 | 44,35 | 44,35 |  0,00 | 1,683 | 338,64 | 338,64 |  2,05 | 442,405 | 326,17 | 332,99 |  0,00 | 1555,392 | 44,57 | 44,57 | 3129,795 |   NaN | NaN | 0,00 | 0,00 | NaN
  28 |  0,82 | 154,360 | 750,77 | 757,02 | 755,15 |  0,00 | 1,399 | 44,35 | 44,35 |  0,00 | 2,023 | 337,18 | 337,18 |  1,89 | 462,304 | 324,67 | 330,92 |  0,00 | 1361,562 | 44,57 | 44,57 | 2742,112 |   NaN | NaN | 0,00 | 0,00 | NaN
  29 |  1,72 | 197,810 | 755,02 | 768,20 | 759,35 |  0,00 | 1,378 | 44,35 | 44,35 |  0,00 | 1,899 | 339,19 | 339,19 |  3,88 | 616,085 | 326,90 | 340,09 |  0,00 | 1412,795 | 44,57 | 44,57 | 2844,735 |   NaN | NaN | 0,00 | 0,00 | NaN
  30 |  1,09 | 160,170 | 752,58 | 760,85 | 756,97 |  0,00 | 1,408 | 44,35 | 44,35 |  0,00 | 2,206 | 334,80 | 334,80 |  2,45 | 468,582 | 328,85 | 337,12 |  0,00 | 1493,519 | 44,57 | 44,57 | 3006,254 |   NaN | NaN | 0,00 | 0,00 | NaN
  31 |  0,96 | 177,203 | 753,39 | 760,66 | 757,74 |  0,00 | 1,375 | 44,35 | 44,35 |  0,00 | 1,688 | 338,34 | 338,34 |  2,18 | 545,307 | 326,13 | 333,40 |  0,00 | 1359,150 | 44,57 | 44,57 | 2737,257 |   NaN | NaN | 0,00 | 0,00 | NaN
  32 |  1,76 | 182,870 | 752,50 | 765,99 | 756,82 |  0,00 | 1,332 | 44,35 | 44,35 |  0,00 | 2,120 | 338,08 | 338,08 |  3,98 | 560,577 | 325,49 | 338,98 |  0,00 | 1436,889 | 44,57 | 44,57 | 2893,011 |   NaN | NaN | 0,00 | 0,00 | NaN
  33 |  0,89 | 170,470 | 753,89 | 760,67 | 758,24 |  0,00 | 1,397 | 44,35 | 44,35 |  0,00 | 1,987 | 335,95 | 335,95 |  2,02 | 508,048 | 329,02 | 335,80 |  0,00 | 1471,728 | 44,57 | 44,57 | 2962,616 |   NaN | NaN | 0,00 | 0,00 | NaN
  34 |  1,18 | 161,186 | 751,83 | 760,81 | 756,18 |  0,00 | 1,388 | 44,35 | 44,35 |  0,00 | 1,825 | 337,46 | 337,46 |  2,69 | 469,350 | 325,44 | 334,43 |  0,00 | 1602,060 | 44,57 | 44,57 | 3223,472 |   NaN | NaN | 0,00 | 0,00 | NaN
  35 |  1,67 | 198,991 | 756,35 | 769,18 | 760,69 |  0,00 | 1,337 | 44,35 | 44,35 |  0,00 | 1,549 | 340,15 | 340,15 |  3,77 | 603,616 | 327,28 | 340,11 |  0,00 | 1652,569 | 44,57 | 44,57 | 3324,489 |   NaN | NaN | 0,00 | 0,00 | NaN
  36 |  1,17 | 165,659 | 752,95 | 761,85 | 757,31 |  0,00 | 1,391 | 44,35 | 44,35 |  0,00 | 1,954 | 333,54 | 333,54 |  2,62 | 480,594 | 330,48 | 339,38 |  0,00 | 1574,773 | 44,57 | 44,57 | 3168,598 |   NaN | NaN | 0,00 | 0,00 | NaN
  37 |  1,74 | 199,724 | 757,20 | 770,57 | 761,55 |  0,00 | 1,373 | 44,35 | 44,35 |  0,00 | 2,145 | 343,23 | 343,23 |  3,95 | 625,854 | 325,04 | 338,41 |  0,00 | 1438,214 | 44,57 | 44,57 | 2895,599 |   NaN | NaN | 0,00 | 0,00 | NaN
  38 |  1,50 | 192,033 | 755,57 | 767,11 | 759,90 |  0,00 | 1,365 | 44,35 | 44,35 |  0,00 | 1,574 | 339,86 | 339,86 |  3,41 | 588,836 | 326,78 | 338,32 |  0,00 | 1511,339 | 44,57 | 44,57 | 3041,592 |   NaN | NaN | 0,00 | 0,00 | NaN
  39 |  0,58 | 134,066 | 747,62 | 751,99 | 752,03 |  0,00 | 1,408 | 44,35 | 44,35 |  0,00 | 1,667 | 332,79 | 332,79 |  1,33 | 377,785 | 325,91 | 330,29 |  0,00 | 1466,256 | 44,57 | 44,57 | 2951,750 |   NaN | NaN | 0,00 | 0,00 | NaN
  40 |  0,73 | 157,119 | 751,03 | 756,55 | 755,43 |  0,00 | 1,408 | 44,35 | 44,35 |  0,00 | 1,857 | 336,68 | 336,68 |  1,67 | 457,936 | 325,43 | 330,95 |  0,00 | 1548,473 | 44,57 | 44,57 | 3116,001 |   NaN | NaN | 0,00 | 0,00 | NaN
  41 |  2,02 | 193,288 | 752,47 | 767,97 | 756,83 |  0,00 | 1,391 | 44,35 | 44,35 |  0,00 | 2,035 | 334,75 | 334,75 |  4,50 | 596,253 | 328,79 | 344,30 |  0,00 | 1388,616 | 44,57 | 44,57 | 2796,326 |   NaN | NaN | 0,00 | 0,00 | NaN
  42 |  2,05 | 194,520 | 754,48 | 770,25 | 758,82 |  0,00 | 1,337 | 44,35 | 44,35 |  0,00 | 1,662 | 340,94 | 340,94 |  4,63 | 608,355 | 324,61 | 340,39 |  0,00 | 1413,011 | 44,57 | 44,57 | 2845,179 |   NaN | NaN | 0,00 | 0,00 | NaN
  43 |  2,34 | 198,701 | 755,30 | 773,38 | 759,69 |  0,00 | 1,415 | 44,35 | 44,35 |  0,00 | 1,525 | 343,33 | 343,33 |  5,30 | 623,626 | 323,05 | 341,12 |  0,00 | 1461,775 | 44,57 | 44,57 | 2942,625 |   NaN | NaN | 0,00 | 0,00 | NaN
  44 |  1,40 | 201,613 | 756,34 | 767,05 | 760,67 |  0,00 | 1,327 | 44,35 | 44,35 |  0,00 | 1,736 | 336,67 | 336,67 |  3,14 | 626,201 | 330,74 | 341,45 |  0,00 | 1379,109 | 44,57 | 44,57 | 2777,287 |   NaN | NaN | 0,00 | 0,00 | NaN
  45 |  1,22 | 168,705 | 752,70 | 761,96 | 757,11 |  0,00 | 1,412 | 44,35 | 44,35 |  0,00 | 1,931 | 340,91 | 340,91 |  2,79 | 515,427 | 322,87 | 332,13 |  0,00 | 1406,908 | 44,57 | 44,57 | 2833,037 |   NaN | NaN | 0,00 | 0,00 | NaN
  46 |  1,49 | 180,755 | 752,72 | 764,11 | 757,06 |  0,00 | 1,351 | 44,35 | 44,35 |  0,00 | 1,615 | 335,73 | 335,73 |  3,35 | 547,720 | 328,08 | 339,46 |  0,00 | 1458,746 | 44,57 | 44,57 | 2936,842 |   NaN | NaN | 0,00 | 0,00 | NaN
  47 |  1,24 | 174,973 | 752,68 | 762,11 | 757,04 |  0,00 | 1,349 | 44,35 | 44,35 |  0,00 | 1,727 | 338,05 | 338,05 |  2,81 | 538,386 | 325,72 | 335,14 |  0,00 | 1346,920 | 44,57 | 44,57 | 2712,887 |   NaN | NaN | 0,00 | 0,00 | NaN
  48 |  0,90 | 174,447 | 752,98 | 759,84 | 757,32 |  0,00 | 1,378 | 44,35 | 44,35 |  0,00 | 1,991 | 335,34 | 335,34 |  2,04 | 529,219 | 328,72 | 335,58 |  0,00 | 1379,604 | 44,57 | 44,57 | 2778,342 |   NaN | NaN | 0,00 | 0,00 | NaN
  49 |  1,21 | 168,151 | 752,23 | 761,41 | 756,59 |  0,00 | 1,391 | 44,35 | 44,35 |  0,00 | 1,804 | 337,26 | 337,26 |  2,74 | 512,357 | 326,05 | 335,23 |  0,00 | 1349,813 | 44,57 | 44,57 | 2718,593 |   NaN | NaN | 0,00 | 0,00 | NaN
  50 |  1,42 | 176,631 | 754,66 | 765,55 | 758,99 |  0,00 | 1,345 | 44,35 | 44,35 |  0,00 | 1,700 | 339,95 | 339,95 |  3,23 | 536,641 | 325,79 | 336,68 |  0,00 | 1468,162 | 44,57 | 44,57 | 2955,566 |   NaN | NaN | 0,00 | 0,00 | NaN
  51 |  1,39 | 166,863 | 753,36 | 763,96 | 757,70 |  0,00 | 1,343 | 44,35 | 44,35 |  0,00 | 1,745 | 336,37 | 336,37 |  3,13 | 502,898 | 328,07 | 338,67 |  0,00 | 1383,879 | 44,57 | 44,57 | 2786,838 |   NaN | NaN | 0,00 | 0,00 | NaN
  52 |  1,25 | 188,246 | 755,31 | 764,87 | 759,65 |  0,00 | 1,369 | 44,35 | 44,35 |  0,00 | 1,817 | 334,22 | 334,22 |  2,80 | 573,353 | 332,17 | 341,73 |  0,00 | 1397,006 | 44,57 | 44,57 | 2813,142 |   NaN | NaN | 0,00 | 0,00 | NaN
  53 |  1,46 | 177,966 | 754,61 | 765,79 | 758,95 |  0,00 | 1,357 | 44,35 | 44,35 |  0,00 | 1,648 | 340,13 | 340,13 |  3,32 | 543,852 | 325,56 | 336,74 |  0,00 | 1443,172 | 44,57 | 44,57 | 2905,436 |   NaN | NaN | 0,00 | 0,00 | NaN
  54 |  0,75 | 157,587 | 752,00 | 757,68 | 756,35 |  0,00 | 1,359 | 44,35 | 44,35 |  0,00 | 2,165 | 336,94 | 336,94 |  1,71 | 469,278 | 326,14 | 331,81 |  0,00 | 1404,685 | 44,57 | 44,57 | 2828,571 |   NaN | NaN | 0,00 | 0,00 | NaN
  55 |  1,04 | 162,700 | 751,90 | 759,82 | 756,23 |  0,00 | 1,344 | 44,35 | 44,35 |  0,00 | 1,752 | 334,25 | 334,25 |  2,35 | 476,720 | 328,72 | 336,65 |  0,00 | 1512,172 | 44,57 | 44,57 | 3043,569 |   NaN | NaN | 0,00 | 0,00 | NaN
  56 |  0,87 | 156,087 | 752,65 | 759,23 | 757,00 |  0,00 | 1,350 | 44,35 | 44,35 |  0,00 | 1,695 | 335,38 | 335,38 |  1,96 | 463,282 | 328,35 | 334,93 |  0,00 | 1381,198 | 44,57 | 44,57 | 2781,622 |   NaN | NaN | 0,00 | 0,00 | NaN
  57 |  1,31 | 176,335 | 752,16 | 762,18 | 756,51 |  0,00 | 1,347 | 44,35 | 44,35 |  0,00 | 1,929 | 336,11 | 336,11 |  2,97 | 539,471 | 327,13 | 337,14 |  0,00 | 1359,906 | 44,57 | 44,57 | 2738,810 |   NaN | NaN | 0,00 | 0,00 | NaN
  58 |  1,23 | 199,869 | 755,08 | 764,47 | 759,43 |  0,00 | 1,376 | 44,35 | 44,35 |  0,00 | 1,904 | 337,76 | 337,76 |  2,78 | 624,286 | 328,40 | 337,80 |  0,00 | 1364,228 | 44,57 | 44,57 | 2747,498 |   NaN | NaN | 0,00 | 0,00 | NaN
  59 |  1,79 | 183,039 | 755,26 | 769,05 | 759,62 |  0,00 | 1,395 | 44,35 | 44,35 |  0,00 | 1,637 | 336,75 | 336,75 |  4,02 | 544,612 | 329,58 | 343,38 |  0,00 | 1597,407 | 44,57 | 44,57 | 3214,024 |   NaN | NaN | 0,00 | 0,00 | NaN
  60 |  1,18 | 183,311 | 753,67 | 762,64 | 758,01 |  0,00 | 1,330 | 44,35 | 44,35 |  0,00 | 1,580 | 337,27 | 337,27 |  2,67 | 563,416 | 327,48 | 336,45 |  0,00 | 1390,070 | 44,57 | 44,57 | 2799,349 |   NaN | NaN | 0,00 | 0,00 | NaN
  61 |  1,56 | 191,276 | 756,54 | 768,53 | 760,88 |  0,00 | 1,352 | 44,35 | 44,35 |  0,00 | 1,710 | 339,90 | 339,90 |  3,53 | 589,087 | 327,71 | 339,71 |  0,00 | 1449,171 | 44,57 | 44,57 | 2917,537 |   NaN | NaN | 0,00 | 0,00 | NaN
  62 |  1,64 | 193,994 | 755,50 | 768,06 | 759,92 |  0,00 | 1,414 | 44,35 | 44,35 |  0,00 | 1,760 | 339,37 | 339,37 |  3,70 | 604,425 | 327,21 | 339,77 |  0,00 | 1379,649 | 44,57 | 44,57 | 2778,376 |   NaN | NaN | 0,00 | 0,00 | NaN
  63 |  1,53 | 176,527 | 753,27 | 764,95 | 757,62 |  0,00 | 1,369 | 44,35 | 44,35 |  0,00 | 2,028 | 339,51 | 339,51 |  3,47 | 534,714 | 324,83 | 336,51 |  0,00 | 1496,453 | 44,57 | 44,57 | 3012,140 |   NaN | NaN | 0,00 | 0,00 | NaN
  64 |  0,84 | 170,975 | 751,73 | 758,13 | 756,16 |  0,00 | 1,412 | 44,35 | 44,35 |  0,00 | 1,823 | 335,34 | 335,34 |  1,92 | 516,171 | 327,47 | 333,87 |  0,00 | 1405,474 | 44,57 | 44,57 | 2829,975 |   NaN | NaN | 0,00 | 0,00 | NaN

= = = = = = = = = = = = AVERAGE RESULTS system = = = = = = = = = = = =
meanPLR_system | 1,309212 
meanDelay_system | 181,103098 
meanLoad_system | 763,804100 
meanTHR_system | 753,787181 
meanGate_system | 758,143382 

meanPLR_EF_system | 0,000000 
meanPLR_AF_system | 0,000000 
meanPLR_BE_system | 2,964086 
meanPLR_FLA_system | 0,000000 
meanPLR_FLB_system | NaN 

meanTHR_EF_system | 44,352003 
meanTHR_AF_system | 337,706225 
meanTHR_BE_system | 327,157682 
meanTHR_FLA_system | 45,369157 
meanTHR_FLB_system | 0,000000 

meanLoad_EF_system | 44,352003 
meanLoad_AF_system | 337,706225 
meanLoad_BE_system | 337,174601 
meanLoad_FLA_system | 45,369157 
meanLoad_FLB_system | 0,000000 

meanDELAY_EF_system | 1,373876 
meanDELAY_AF_system | 2,553585 
meanDELAY_BE_system | 571,105538 
meanDELAY_FLA_system | 1168,588298 
meanDELAY_FLB_system | NaN 
meanDELAY_CompleteFLA_system | 2356,302841 
meanDELAY_CompleteFLB_system | NaN 

= = = = = = = = = = = = AVERAGE RESULTS = = = = = = = = = = = =
Packet Loss Ratio: 01,31 (%)
PROCESSED PACKAGES: 2045197028 
DISCARTED PACKAGES: 17066602 
TOTAL PACKAGES: 2062263630 
AVERAGE DELAY: 33931,29 (ms) 
AVERAGE THROUGHPUT: 753,79 (Mbps) 
GRANTED THROUGHPUT: 48521,18 (Mbps) By 64 ONUs
EFFECTIVE THROUGHPUT: 48242,38 (Mbps) By 64 ONUs
TOTAL LOAD: 48883,46 (Mbps) By 64 ONUs
ON Arrival THROUGHPUT: 0,00 (Mbps) By 64 ONUs
FINISHTIMEFL: 167,585217 
FINISHTIME: 170,585217 


fileName | IPACT_LEAKYBUCKET_3_36_90_0 
