
ONU ID 	|  PLR(%) | Delay(ms) | Throughput(Mbps) | Granted Throughput(Mbps) | Total Load (Mbps) 

  ID |  PLR(%) |  D  | Thr |  Gates  |  Load  | PLR-EF | D-EF | ThrEF | LoadEF | PLR-AF | D-AF | ThrAF | LoadAF | PLR-BE | D-BE | ThrBE | LoadBE | PLR-FA | D-FA | ThrFA | LoadFA | DTFA |  PLR-FB | D-FB | ThrFB | LoadFB | DTFB | 
   1 | 13,30 | 297,766 | 755,80 | 871,70 | 760,08 |  0,00 | 1,408 | 44,35 | 44,35 |  0,00 | 40,126 | 358,70 | 358,70 | 33,32 | 1373,510 | 231,97 | 347,88 |  0,00 | 172,240 | 120,78 | 120,78 | 364,648 |   NaN | NaN | 0,00 | 0,00 | NaN
   2 | 13,12 | 287,729 | 755,58 | 869,64 | 759,88 |  0,00 | 1,420 | 44,35 | 44,35 |  0,00 | 9,032 | 350,61 | 350,61 | 32,23 | 1280,359 | 239,84 | 353,90 |  0,00 | 344,792 | 120,78 | 120,78 | 709,758 |   NaN | NaN | 0,00 | 0,00 | NaN
   3 | 13,66 | 291,761 | 755,68 | 875,22 | 759,95 |  0,00 | 1,356 | 44,35 | 44,35 |  0,00 | 12,729 | 356,72 | 356,72 | 33,83 | 1330,474 | 233,83 | 353,37 |  0,00 | 333,380 | 120,78 | 120,78 | 686,955 |   NaN | NaN | 0,00 | 0,00 | NaN
   4 | 13,79 | 297,958 | 754,76 | 875,53 | 759,06 |  0,00 | 1,362 | 44,35 | 44,35 |  0,00 | 50,990 | 360,15 | 360,15 | 34,48 | 1376,856 | 229,48 | 350,25 |  0,00 | 150,397 | 120,78 | 120,78 | 320,981 |   NaN | NaN | 0,00 | 0,00 | NaN
   5 | 12,91 | 282,346 | 755,69 | 867,76 | 759,98 |  0,00 | 1,387 | 44,35 | 44,35 |  0,00 | 7,510 | 352,88 | 352,88 | 32,04 | 1244,668 | 237,69 | 349,75 |  0,00 | 431,493 | 120,78 | 120,78 | 883,140 |   NaN | NaN | 0,00 | 0,00 | NaN
   6 | 13,68 | 287,415 | 756,18 | 876,06 | 760,47 |  0,00 | 1,336 | 44,35 | 44,35 |  0,00 | 8,920 | 357,13 | 357,13 | 33,88 | 1304,426 | 233,92 | 353,80 |  0,00 | 371,853 | 120,78 | 120,78 | 763,835 |   NaN | NaN | 0,00 | 0,00 | NaN
   7 | 13,22 | 293,282 | 755,21 | 870,23 | 759,46 |  0,00 | 1,354 | 44,35 | 44,35 |  0,00 | 33,433 | 352,31 | 352,31 | 32,60 | 1316,673 | 237,77 | 352,79 |  0,00 | 217,949 | 120,78 | 120,78 | 456,067 |   NaN | NaN | 0,00 | 0,00 | NaN
   8 | 13,82 | 290,362 | 755,54 | 876,70 | 759,85 |  0,00 | 1,405 | 44,35 | 44,35 |  0,00 | 9,486 | 354,29 | 354,29 | 33,91 | 1309,720 | 236,13 | 357,29 |  0,00 | 354,988 | 120,78 | 120,78 | 730,086 |   NaN | NaN | 0,00 | 0,00 | NaN
   9 | 13,44 | 293,331 | 755,65 | 873,00 | 759,93 |  0,00 | 1,344 | 44,35 | 44,35 |  0,00 | 20,007 | 355,97 | 355,97 | 33,35 | 1339,281 | 234,55 | 351,90 |  0,00 | 274,335 | 120,78 | 120,78 | 568,824 |   NaN | NaN | 0,00 | 0,00 | NaN
  10 | 13,23 | 296,788 | 755,92 | 871,16 | 760,19 |  0,00 | 1,405 | 44,35 | 44,35 |  0,00 | 47,892 | 354,39 | 354,39 | 32,77 | 1333,221 | 236,41 | 351,65 |  0,00 | 167,748 | 120,78 | 120,78 | 355,646 |   NaN | NaN | 0,00 | 0,00 | NaN
  11 | 12,46 | 272,695 | 755,26 | 862,71 | 759,55 |  0,00 | 1,345 | 44,35 | 44,35 |  0,00 | 3,037 | 346,29 | 346,29 | 30,59 | 1141,281 | 243,84 | 351,29 |  0,00 | 557,165 | 120,78 | 120,78 | 1134,402 |   NaN | NaN | 0,00 | 0,00 | NaN
  12 | 13,53 | 285,474 | 755,78 | 874,08 | 760,08 |  0,00 | 1,407 | 44,35 | 44,35 |  0,00 | 5,070 | 354,28 | 354,28 | 33,36 | 1283,616 | 236,37 | 354,67 |  0,00 | 384,089 | 120,78 | 120,78 | 788,300 |   NaN | NaN | 0,00 | 0,00 | NaN
  13 | 12,57 | 289,377 | 754,92 | 863,47 | 759,18 |  0,00 | 1,372 | 44,35 | 44,35 |  0,00 | 8,558 | 348,74 | 348,74 | 31,05 | 1281,921 | 241,05 | 349,60 |  0,00 | 345,220 | 120,78 | 120,78 | 710,498 |   NaN | NaN | 0,00 | 0,00 | NaN
  14 | 13,79 | 279,980 | 754,93 | 875,65 | 759,25 |  0,00 | 1,413 | 44,35 | 44,35 |  0,00 | 3,843 | 355,71 | 355,71 | 34,02 | 1258,411 | 234,09 | 354,81 |  0,00 | 427,038 | 120,78 | 120,78 | 874,202 |   NaN | NaN | 0,00 | 0,00 | NaN
  15 | 13,12 | 293,217 | 753,02 | 866,74 | 757,28 |  0,00 | 1,407 | 44,35 | 44,35 |  0,00 | 29,198 | 348,41 | 348,41 | 32,19 | 1309,667 | 239,49 | 353,20 |  0,00 | 222,351 | 120,78 | 120,78 | 464,857 |   NaN | NaN | 0,00 | 0,00 | NaN
  16 | 14,02 | 290,385 | 754,14 | 877,14 | 758,42 |  0,00 | 1,398 | 44,35 | 44,35 |  0,00 | 16,288 | 353,11 | 353,11 | 34,27 | 1313,256 | 235,90 | 358,90 |  0,00 | 303,169 | 120,78 | 120,78 | 626,382 |   NaN | NaN | 0,00 | 0,00 | NaN
  17 | 13,49 | 292,361 | 754,13 | 871,78 | 758,42 |  0,00 | 1,411 | 44,35 | 44,35 |  0,00 | 16,797 | 352,45 | 352,45 | 33,21 | 1321,525 | 236,56 | 354,20 |  0,00 | 293,257 | 120,78 | 120,78 | 606,653 |   NaN | NaN | 0,00 | 0,00 | NaN
  18 | 13,25 | 277,303 | 755,35 | 870,70 | 759,65 |  0,00 | 1,388 | 44,35 | 44,35 |  0,00 | 3,048 | 352,17 | 352,17 | 32,64 | 1181,866 | 238,06 | 353,41 |  0,00 | 591,330 | 120,78 | 120,78 | 1203,120 |   NaN | NaN | 0,00 | 0,00 | NaN
  19 | 12,59 | 278,004 | 755,13 | 863,90 | 759,41 |  0,00 | 1,379 | 44,35 | 44,35 |  0,00 | 3,864 | 347,78 | 347,78 | 30,99 | 1188,376 | 242,22 | 351,00 |  0,00 | 496,105 | 120,78 | 120,78 | 1012,383 |   NaN | NaN | 0,00 | 0,00 | NaN
  20 | 12,69 | 274,482 | 755,18 | 864,93 | 759,47 |  0,00 | 1,374 | 44,35 | 44,35 |  0,00 | 3,616 | 352,14 | 352,14 | 31,57 | 1174,458 | 237,91 | 347,66 |  0,00 | 565,181 | 120,78 | 120,78 | 1150,496 |   NaN | NaN | 0,00 | 0,00 | NaN
  21 | 12,22 | 293,331 | 754,89 | 859,98 | 759,15 |  0,00 | 1,379 | 44,35 | 44,35 |  0,00 | 37,003 | 348,99 | 348,99 | 30,38 | 1301,407 | 240,78 | 345,86 |  0,00 | 194,191 | 120,78 | 120,78 | 408,527 |   NaN | NaN | 0,00 | 0,00 | NaN
  22 | 13,99 | 286,784 | 755,54 | 878,45 | 759,86 |  0,00 | 1,418 | 44,35 | 44,35 |  0,00 | 6,454 | 362,68 | 362,68 | 35,05 | 1319,043 | 227,73 | 350,63 |  0,00 | 444,111 | 120,78 | 120,78 | 908,332 |   NaN | NaN | 0,00 | 0,00 | NaN
  23 | 13,57 | 279,408 | 755,12 | 873,71 | 759,44 |  0,00 | 1,400 | 44,35 | 44,35 |  0,00 | 3,613 | 354,67 | 354,67 | 33,51 | 1220,407 | 235,32 | 353,91 |  0,00 | 533,554 | 120,78 | 120,78 | 1087,158 |   NaN | NaN | 0,00 | 0,00 | NaN
  24 | 13,46 | 284,698 | 755,46 | 872,93 | 759,75 |  0,00 | 1,361 | 44,35 | 44,35 |  0,00 | 5,823 | 353,18 | 353,18 | 33,13 | 1284,801 | 237,15 | 354,62 |  0,00 | 345,172 | 120,78 | 120,78 | 710,376 |   NaN | NaN | 0,00 | 0,00 | NaN
  25 | 14,54 | 294,795 | 753,73 | 882,00 | 758,03 |  0,00 | 1,419 | 44,35 | 44,35 |  0,00 | 23,825 | 353,29 | 353,29 | 35,28 | 1343,838 | 235,31 | 363,58 |  0,00 | 237,033 | 120,78 | 120,78 | 494,237 |   NaN | NaN | 0,00 | 0,00 | NaN
  26 | 13,06 | 294,444 | 755,27 | 868,70 | 759,57 |  0,00 | 1,415 | 44,35 | 44,35 |  0,00 | 33,730 | 350,58 | 350,58 | 32,13 | 1313,040 | 239,57 | 352,99 |  0,00 | 213,831 | 120,78 | 120,78 | 447,827 |   NaN | NaN | 0,00 | 0,00 | NaN
  27 | 12,53 | 272,637 | 754,96 | 863,15 | 759,24 |  0,00 | 1,341 | 44,35 | 44,35 |  0,00 | 2,974 | 352,43 | 352,43 | 31,31 | 1160,895 | 237,40 | 345,60 |  0,00 | 596,329 | 120,78 | 120,78 | 1213,320 |   NaN | NaN | 0,00 | 0,00 | NaN
  28 | 12,65 | 279,213 | 754,47 | 863,71 | 758,75 |  0,00 | 1,408 | 44,35 | 44,35 |  0,00 | 4,192 | 352,18 | 352,18 | 31,54 | 1208,075 | 237,16 | 346,40 |  0,00 | 535,376 | 120,78 | 120,78 | 1090,756 |   NaN | NaN | 0,00 | 0,00 | NaN
  29 | 13,51 | 277,933 | 755,43 | 873,46 | 759,71 |  0,00 | 1,387 | 44,35 | 44,35 |  0,00 | 3,161 | 355,10 | 355,10 | 33,42 | 1209,300 | 235,20 | 353,24 |  0,00 | 550,846 | 120,78 | 120,78 | 1121,758 |   NaN | NaN | 0,00 | 0,00 | NaN
  30 | 12,37 | 274,690 | 755,97 | 862,71 | 760,29 |  0,00 | 1,417 | 44,35 | 44,35 |  0,00 | 2,749 | 347,06 | 347,06 | 30,45 | 1147,122 | 243,79 | 350,52 |  0,00 | 578,113 | 120,78 | 120,78 | 1176,316 |   NaN | NaN | 0,00 | 0,00 | NaN
  31 | 13,09 | 280,125 | 754,03 | 867,63 | 758,30 |  0,00 | 1,384 | 44,35 | 44,35 |  0,00 | 3,431 | 351,10 | 351,10 | 32,33 | 1210,455 | 237,80 | 351,40 |  0,00 | 533,652 | 120,78 | 120,78 | 1087,410 |   NaN | NaN | 0,00 | 0,00 | NaN
  32 | 12,64 | 277,628 | 756,15 | 865,57 | 760,43 |  0,00 | 1,341 | 44,35 | 44,35 |  0,00 | 4,149 | 348,64 | 348,64 | 31,10 | 1170,301 | 242,38 | 351,80 |  0,00 | 558,312 | 120,78 | 120,78 | 1136,735 |   NaN | NaN | 0,00 | 0,00 | NaN
  33 | 12,74 | 272,896 | 756,24 | 866,62 | 760,53 |  0,00 | 1,406 | 44,35 | 44,35 |  0,00 | 3,107 | 348,28 | 348,28 | 31,25 | 1144,126 | 242,83 | 353,21 |  0,00 | 569,512 | 120,78 | 120,78 | 1159,100 |   NaN | NaN | 0,00 | 0,00 | NaN
  34 | 12,09 | 271,013 | 756,17 | 860,18 | 760,46 |  0,00 | 1,398 | 44,35 | 44,35 |  0,00 | 2,359 | 350,42 | 350,42 | 30,18 | 1135,843 | 240,63 | 344,63 |  0,00 | 611,678 | 120,78 | 120,78 | 1244,181 |   NaN | NaN | 0,00 | 0,00 | NaN
  35 | 13,45 | 273,301 | 757,16 | 874,87 | 761,45 |  0,00 | 1,347 | 44,35 | 44,35 |  0,00 | 2,010 | 355,09 | 355,09 | 33,19 | 1162,319 | 236,93 | 354,64 |  0,00 | 625,800 | 120,78 | 120,78 | 1271,716 |   NaN | NaN | 0,00 | 0,00 | NaN
  36 | 12,59 | 273,415 | 754,59 | 863,32 | 758,91 |  0,00 | 1,400 | 44,35 | 44,35 |  0,00 | 2,417 | 345,06 | 345,06 | 30,79 | 1129,758 | 244,41 | 353,13 |  0,00 | 602,060 | 120,78 | 120,78 | 1224,776 |   NaN | NaN | 0,00 | 0,00 | NaN
  37 | 13,90 | 281,444 | 754,78 | 876,62 | 759,05 |  0,00 | 1,382 | 44,35 | 44,35 |  0,00 | 3,782 | 358,01 | 358,01 | 34,47 | 1241,959 | 231,65 | 353,48 |  0,00 | 558,450 | 120,78 | 120,78 | 1136,965 |   NaN | NaN | 0,00 | 0,00 | NaN
  38 | 12,96 | 279,003 | 756,25 | 868,84 | 760,52 |  0,00 | 1,374 | 44,35 | 44,35 |  0,00 | 4,063 | 353,51 | 353,51 | 32,15 | 1193,879 | 237,61 | 350,19 |  0,00 | 582,487 | 120,78 | 120,78 | 1185,077 |   NaN | NaN | 0,00 | 0,00 | NaN
  39 | 12,39 | 274,985 | 755,67 | 862,55 | 760,00 |  0,00 | 1,417 | 44,35 | 44,35 |  0,00 | 3,051 | 350,28 | 350,28 | 30,79 | 1166,169 | 240,26 | 347,14 |  0,00 | 568,138 | 120,78 | 120,78 | 1156,330 |   NaN | NaN | 0,00 | 0,00 | NaN
  40 | 12,56 | 271,171 | 753,87 | 862,17 | 758,18 |  0,00 | 1,417 | 44,35 | 44,35 |  0,00 | 2,742 | 348,88 | 348,88 | 31,11 | 1141,558 | 239,85 | 348,16 |  0,00 | 595,082 | 120,78 | 120,78 | 1210,568 |   NaN | NaN | 0,00 | 0,00 | NaN
  41 | 13,70 | 282,225 | 754,22 | 873,92 | 758,51 |  0,00 | 1,400 | 44,35 | 44,35 |  0,00 | 4,111 | 351,81 | 351,81 | 33,53 | 1219,143 | 237,28 | 356,98 |  0,00 | 542,867 | 120,78 | 120,78 | 1105,776 |   NaN | NaN | 0,00 | 0,00 | NaN
  42 | 13,50 | 280,864 | 755,62 | 873,56 | 759,91 |  0,00 | 1,346 | 44,35 | 44,35 |  0,00 | 3,953 | 352,92 | 352,92 | 33,18 | 1211,149 | 237,57 | 355,52 |  0,00 | 550,814 | 120,78 | 120,78 | 1121,722 |   NaN | NaN | 0,00 | 0,00 | NaN
  43 | 13,66 | 278,912 | 755,57 | 875,06 | 759,87 |  0,00 | 1,425 | 44,35 | 44,35 |  0,00 | 2,879 | 354,00 | 354,00 | 33,57 | 1204,370 | 236,45 | 355,94 |  0,00 | 568,005 | 120,78 | 120,78 | 1156,104 |   NaN | NaN | 0,00 | 0,00 | NaN
  44 | 13,92 | 281,572 | 755,59 | 877,74 | 759,86 |  0,00 | 1,337 | 44,35 | 44,35 |  0,00 | 3,466 | 352,96 | 352,96 | 33,97 | 1218,640 | 237,49 | 359,65 |  0,00 | 539,867 | 120,78 | 120,78 | 1099,801 |   NaN | NaN | 0,00 | 0,00 | NaN
  45 | 13,68 | 273,458 | 753,82 | 873,28 | 758,13 |  0,00 | 1,421 | 44,35 | 44,35 |  0,00 | 4,093 | 359,84 | 359,84 | 34,30 | 1217,128 | 228,85 | 348,30 |  0,00 | 549,198 | 120,78 | 120,78 | 1118,531 |   NaN | NaN | 0,00 | 0,00 | NaN
  46 | 12,77 | 271,422 | 755,67 | 866,27 | 759,96 |  0,00 | 1,360 | 44,35 | 44,35 |  0,00 | 3,080 | 346,83 | 346,83 | 31,21 | 1133,988 | 243,72 | 354,31 |  0,00 | 565,255 | 120,78 | 120,78 | 1150,611 |   NaN | NaN | 0,00 | 0,00 | NaN
  47 | 12,32 | 278,201 | 756,07 | 862,29 | 760,35 |  0,00 | 1,358 | 44,35 | 44,35 |  0,00 | 3,371 | 351,78 | 351,78 | 30,75 | 1197,073 | 239,16 | 345,38 |  0,00 | 530,665 | 120,78 | 120,78 | 1081,420 |   NaN | NaN | 0,00 | 0,00 | NaN
  48 | 12,46 | 276,379 | 755,33 | 862,81 | 759,62 |  0,00 | 1,388 | 44,35 | 44,35 |  0,00 | 3,019 | 349,03 | 349,03 | 30,83 | 1175,800 | 241,17 | 348,65 |  0,00 | 539,824 | 120,78 | 120,78 | 1099,753 |   NaN | NaN | 0,00 | 0,00 | NaN
  49 | 12,38 | 278,621 | 754,87 | 861,54 | 759,16 |  0,00 | 1,400 | 44,35 | 44,35 |  0,00 | 3,123 | 348,21 | 348,21 | 30,64 | 1186,540 | 241,52 | 348,20 |  0,00 | 530,602 | 120,78 | 120,78 | 1081,234 |   NaN | NaN | 0,00 | 0,00 | NaN
  50 | 13,01 | 276,615 | 754,32 | 867,14 | 758,59 |  0,00 | 1,354 | 44,35 | 44,35 |  0,00 | 3,372 | 353,30 | 353,30 | 32,35 | 1193,512 | 235,88 | 348,71 |  0,00 | 568,178 | 120,78 | 120,78 | 1156,396 |   NaN | NaN | 0,00 | 0,00 | NaN
  51 | 12,67 | 280,218 | 755,52 | 865,12 | 759,79 |  0,00 | 1,352 | 44,35 | 44,35 |  0,00 | 3,950 | 348,08 | 348,08 | 31,15 | 1186,364 | 242,31 | 351,91 |  0,00 | 543,658 | 120,78 | 120,78 | 1107,419 |   NaN | NaN | 0,00 | 0,00 | NaN
  52 | 12,98 | 276,854 | 755,01 | 867,62 | 759,32 |  0,00 | 1,378 | 44,35 | 44,35 |  0,00 | 3,540 | 347,72 | 347,72 | 31,74 | 1170,136 | 242,17 | 354,77 |  0,00 | 546,622 | 120,78 | 120,78 | 1113,221 |   NaN | NaN | 0,00 | 0,00 | NaN
  53 | 13,30 | 276,092 | 754,66 | 870,46 | 758,94 |  0,00 | 1,366 | 44,35 | 44,35 |  0,00 | 3,103 | 350,72 | 350,72 | 32,65 | 1179,757 | 238,82 | 354,62 |  0,00 | 560,246 | 120,78 | 120,78 | 1140,452 |   NaN | NaN | 0,00 | 0,00 | NaN
  54 | 12,26 | 278,192 | 755,27 | 860,77 | 759,56 |  0,00 | 1,368 | 44,35 | 44,35 |  0,00 | 4,055 | 351,55 | 351,55 | 30,66 | 1193,044 | 238,59 | 344,10 |  0,00 | 549,355 | 120,78 | 120,78 | 1118,742 |   NaN | NaN | 0,00 | 0,00 | NaN
  55 | 12,99 | 279,327 | 756,13 | 868,98 | 760,42 |  0,00 | 1,353 | 44,35 | 44,35 |  0,00 | 2,928 | 350,02 | 350,02 | 31,89 | 1181,060 | 240,98 | 353,83 |  0,00 | 582,351 | 120,78 | 120,78 | 1184,996 |   NaN | NaN | 0,00 | 0,00 | NaN
  56 | 12,45 | 276,548 | 754,61 | 861,88 | 758,88 |  0,00 | 1,359 | 44,35 | 44,35 |  0,00 | 3,411 | 350,78 | 350,78 | 31,00 | 1186,858 | 238,71 | 345,97 |  0,00 | 541,160 | 120,78 | 120,78 | 1102,348 |   NaN | NaN | 0,00 | 0,00 | NaN
  57 | 12,82 | 276,395 | 756,22 | 867,46 | 760,51 |  0,00 | 1,356 | 44,35 | 44,35 |  0,00 | 3,160 | 349,96 | 349,96 | 31,57 | 1177,989 | 241,13 | 352,37 |  0,00 | 533,626 | 120,78 | 120,78 | 1087,376 |   NaN | NaN | 0,00 | 0,00 | NaN
  58 | 13,09 | 282,217 | 755,30 | 869,09 | 759,57 |  0,00 | 1,385 | 44,35 | 44,35 |  0,00 | 3,755 | 353,07 | 353,07 | 32,43 | 1224,093 | 237,10 | 350,89 |  0,00 | 535,201 | 120,78 | 120,78 | 1090,475 |   NaN | NaN | 0,00 | 0,00 | NaN
  59 | 13,56 | 275,522 | 756,79 | 875,47 | 761,10 |  0,00 | 1,404 | 44,35 | 44,35 |  0,00 | 2,698 | 350,81 | 350,81 | 33,01 | 1156,744 | 240,85 | 359,53 |  0,00 | 608,445 | 120,78 | 120,78 | 1237,409 |   NaN | NaN | 0,00 | 0,00 | NaN
  60 | 13,10 | 279,046 | 755,48 | 869,42 | 759,77 |  0,00 | 1,339 | 44,35 | 44,35 |  0,00 | 3,892 | 352,88 | 352,88 | 32,42 | 1205,157 | 237,48 | 351,41 |  0,00 | 542,659 | 120,78 | 120,78 | 1105,504 |   NaN | NaN | 0,00 | 0,00 | NaN
  61 | 13,67 | 281,186 | 755,42 | 875,03 | 759,70 |  0,00 | 1,361 | 44,35 | 44,35 |  0,00 | 4,076 | 355,26 | 355,26 | 33,73 | 1221,782 | 235,03 | 354,64 |  0,00 | 562,336 | 120,78 | 120,78 | 1144,748 |   NaN | NaN | 0,00 | 0,00 | NaN
  62 | 13,34 | 281,626 | 755,38 | 871,70 | 759,72 |  0,00 | 1,423 | 44,35 | 44,35 |  0,00 | 3,697 | 352,00 | 352,00 | 32,81 | 1214,420 | 238,25 | 354,57 |  0,00 | 539,714 | 120,78 | 120,78 | 1099,547 |   NaN | NaN | 0,00 | 0,00 | NaN
  63 | 13,44 | 278,636 | 754,67 | 871,88 | 758,93 |  0,00 | 1,378 | 44,35 | 44,35 |  0,00 | 2,948 | 355,24 | 355,24 | 33,34 | 1210,180 | 234,30 | 351,51 |  0,00 | 578,033 | 120,78 | 120,78 | 1176,273 |   NaN | NaN | 0,00 | 0,00 | NaN
  64 | 12,39 | 271,569 | 754,22 | 860,88 | 758,52 |  0,00 | 1,422 | 44,35 | 44,35 |  0,00 | 3,157 | 348,86 | 348,86 | 30,75 | 1153,041 | 240,23 | 346,89 |  0,00 | 549,233 | 120,78 | 120,78 | 1118,620 |   NaN | NaN | 0,00 | 0,00 | NaN

= = = = = = = = = = = = AVERAGE RESULTS system = = = = = = = = = = = =
meanPLR_system | 13,116582 
meanDelay_system | 281,509752 
meanLoad_system | 869,290974 
meanTHR_system | 755,240071 
meanGate_system | 759,528707 

meanPLR_EF_system | 0,000000 
meanPLR_AF_system | 0,000000 
meanPLR_BE_system | 32,395845 
meanPLR_FLA_system | 0,000000 
meanPLR_FLB_system | NaN 

meanTHR_EF_system | 44,352002 
meanTHR_AF_system | 352,207374 
meanTHR_BE_system | 237,903915 
meanTHR_FLA_system | 123,902736 
meanTHR_FLB_system | 0,000000 

meanLoad_EF_system | 44,352002 
meanLoad_AF_system | 352,207374 
meanLoad_BE_system | 351,954818 
meanLoad_FLA_system | 123,902736 
meanLoad_FLB_system | 0,000000 

meanDELAY_EF_system | 1,383049 
meanDELAY_AF_system | 8,920568 
meanDELAY_BE_system | 1226,341056 
meanDELAY_FLA_system | 473,370633 
meanDELAY_FLB_system | NaN 
meanDELAY_CompleteFLA_system | 966,893414 
meanDELAY_CompleteFLB_system | NaN 

= = = = = = = = = = = = AVERAGE RESULTS = = = = = = = = = = = =
Packet Loss Ratio: 13,12 (%)
PROCESSED PACKAGES: 1385002733 
DISCARTED PACKAGES: 135856754 
TOTAL PACKAGES: 1520859487 
AVERAGE DELAY: 51232,26 (ms) 
AVERAGE THROUGHPUT: 755,24 (Mbps) 
GRANTED THROUGHPUT: 48609,84 (Mbps) By 64 ONUs
EFFECTIVE THROUGHPUT: 48335,36 (Mbps) By 64 ONUs
TOTAL LOAD: 55634,62 (Mbps) By 64 ONUs
ON Arrival THROUGHPUT: 0,00 (Mbps) By 64 ONUs
FINISHTIMEFL: 115,910273 
FINISHTIME: 118,910273 


fileName | IPACT_LBCONSTANTTOKENSBYCYCLE_1_68_94_0 
