
ONU ID 	|  PLR(%) | Delay(ms) | Throughput(Mbps) | Granted Throughput(Mbps) | Total Load (Mbps) 

  ID |  PLR(%) |  D  | Thr |  Gates  |  Load  | PLR-EF | D-EF | ThrEF | LoadEF | PLR-AF | D-AF | ThrAF | LoadAF | PLR-BE | D-BE | ThrBE | LoadBE | PLR-FA | D-FA | ThrFA | LoadFA | DTFA |  PLR-FB | D-FB | ThrFB | LoadFB | DTFB | 
   1 |  0,00 | 13,542 | 718,07 | 718,07 | 730,36 |  0,00 | 0,657 | 44,35 | 44,35 |  0,00 | 4,465 | 323,56 | 323,56 |  0,00 | 33,483 | 315,35 | 315,35 |  0,00 | 183,948 | 34,81 | 34,81 | 387,035 |   NaN | NaN | 0,00 | 0,00 | NaN
   2 |  0,00 | 16,836 | 718,88 | 718,88 | 732,62 |  0,00 | 0,669 | 44,35 | 44,35 |  0,00 | 0,795 | 322,75 | 322,75 |  0,00 | 7,412 | 316,97 | 316,97 |  0,00 | 900,351 | 34,81 | 34,81 | 1820,608 |   NaN | NaN | 0,00 | 0,00 | NaN
   3 |  0,00 | 15,952 | 712,93 | 712,93 | 724,67 |  0,00 | 0,606 | 44,35 | 44,35 |  0,00 | 0,707 | 316,60 | 316,60 |  0,00 | 6,675 | 317,17 | 317,17 |  0,00 | 855,624 | 34,81 | 34,81 | 1730,608 |   NaN | NaN | 0,00 | 0,00 | NaN
   4 |  0,00 | 11,467 | 721,65 | 721,65 | 733,33 |  0,00 | 0,611 | 44,35 | 44,35 |  0,00 | 9,612 | 322,58 | 322,58 |  0,00 | 24,317 | 319,91 | 319,91 |  0,00 | 117,737 | 34,81 | 34,81 | 251,882 |   NaN | NaN | 0,00 | 0,00 | NaN
   5 |  0,00 | 22,506 | 714,69 | 714,69 | 726,45 |  0,00 | 0,637 | 44,35 | 44,35 |  0,00 | 0,836 | 318,19 | 318,19 |  0,00 | 6,842 | 317,34 | 317,34 |  0,00 | 1262,155 | 34,81 | 34,81 | 2543,912 |   NaN | NaN | 0,00 | 0,00 | NaN
   6 |  0,00 | 18,554 | 719,46 | 719,46 | 731,20 |  0,00 | 0,585 | 44,35 | 44,35 |  0,00 | 0,707 | 321,51 | 321,51 |  0,00 | 7,458 | 318,78 | 318,78 |  0,00 | 1011,241 | 34,81 | 34,81 | 2042,499 |   NaN | NaN | 0,00 | 0,00 | NaN
   7 |  0,00 | 12,755 | 718,04 | 718,04 | 729,75 |  0,00 | 0,604 | 44,35 | 44,35 |  0,00 | 0,783 | 320,47 | 320,47 |  0,00 | 23,106 | 318,41 | 318,41 |  0,00 | 373,787 | 34,81 | 34,81 | 767,241 |   NaN | NaN | 0,00 | 0,00 | NaN
   8 |  0,00 | 16,802 | 718,39 | 718,39 | 730,52 |  0,00 | 0,654 | 44,35 | 44,35 |  0,00 | 0,765 | 318,51 | 318,51 |  0,00 | 5,448 | 320,73 | 320,73 |  0,00 | 931,462 | 34,81 | 34,81 | 1882,998 |   NaN | NaN | 0,00 | 0,00 | NaN
   9 |  0,00 | 13,218 | 720,14 | 720,14 | 731,86 |  0,00 | 0,593 | 44,35 | 44,35 |  0,00 | 0,621 | 320,14 | 320,14 |  0,00 | 11,453 | 320,84 | 320,84 |  0,00 | 606,917 | 34,81 | 34,81 | 1233,379 |   NaN | NaN | 0,00 | 0,00 | NaN
  10 |  0,00 | 12,268 | 715,18 | 715,18 | 727,28 |  0,00 | 0,655 | 44,35 | 44,35 |  0,00 | 6,242 | 318,52 | 318,52 |  0,00 | 27,872 | 317,50 | 317,50 |  0,00 | 165,112 | 34,81 | 34,81 | 348,721 |   NaN | NaN | 0,00 | 0,00 | NaN
  11 |  0,00 | 30,549 | 715,13 | 715,13 | 726,85 |  0,00 | 0,594 | 44,35 | 44,35 |  0,00 | 0,922 | 315,93 | 315,93 |  0,00 | 5,841 | 320,04 | 320,04 |  0,00 | 1783,293 | 34,81 | 34,81 | 3587,016 |   NaN | NaN | 0,00 | 0,00 | NaN
  12 |  0,00 | 19,418 | 718,13 | 718,13 | 730,41 |  0,00 | 0,656 | 44,35 | 44,35 |  0,00 | 0,740 | 318,74 | 318,74 |  0,00 | 7,300 | 320,23 | 320,23 |  0,00 | 1064,034 | 34,81 | 34,81 | 2147,543 |   NaN | NaN | 0,00 | 0,00 | NaN
  13 |  0,00 | 16,152 | 709,69 | 709,69 | 721,43 |  0,00 | 0,621 | 44,35 | 44,35 |  0,00 | 0,676 | 317,19 | 317,19 |  0,00 | 5,087 | 313,35 | 313,35 |  0,00 | 893,695 | 34,81 | 34,81 | 1807,477 |   NaN | NaN | 0,00 | 0,00 | NaN
  14 |  0,00 | 21,850 | 718,83 | 718,83 | 731,66 |  0,00 | 0,662 | 44,35 | 44,35 |  0,00 | 1,016 | 319,67 | 319,67 |  0,00 | 5,598 | 319,99 | 319,99 |  0,00 | 1242,456 | 34,81 | 34,81 | 2504,390 |   NaN | NaN | 0,00 | 0,00 | NaN
  15 |  0,00 | 12,309 | 713,59 | 713,59 | 725,84 |  0,00 | 0,656 | 44,35 | 44,35 |  0,00 | 0,720 | 313,64 | 313,64 |  0,00 | 20,236 | 320,79 | 320,79 |  0,00 | 389,623 | 34,81 | 34,81 | 799,591 |   NaN | NaN | 0,00 | 0,00 | NaN
  16 |  0,00 | 13,917 | 725,66 | 725,66 | 737,56 |  0,00 | 0,648 | 44,35 | 44,35 |  0,00 | 0,733 | 320,99 | 320,99 |  0,00 | 6,966 | 325,51 | 325,51 |  0,00 | 727,856 | 34,81 | 34,81 | 1475,308 |   NaN | NaN | 0,00 | 0,00 | NaN
  17 |  0,00 | 14,710 | 719,53 | 719,53 | 732,10 |  0,00 | 0,660 | 44,35 | 44,35 |  0,00 | 0,692 | 321,75 | 321,75 |  0,00 | 12,115 | 318,62 | 318,62 |  0,00 | 687,211 | 34,81 | 34,81 | 1394,037 |   NaN | NaN | 0,00 | 0,00 | NaN
  18 |  0,00 | 32,606 | 714,33 | 714,33 | 726,09 |  0,00 | 0,637 | 44,35 | 44,35 |  0,00 | 0,789 | 317,37 | 317,37 |  0,00 | 5,341 | 317,80 | 317,80 |  0,00 | 1921,281 | 34,81 | 34,81 | 3862,177 |   NaN | NaN | 0,00 | 0,00 | NaN
  19 |  0,00 | 26,361 | 708,65 | 708,65 | 720,36 |  0,00 | 0,628 | 44,35 | 44,35 |  0,00 | 0,968 | 313,70 | 313,70 |  0,00 | 4,741 | 315,79 | 315,79 |  0,00 | 1529,863 | 34,81 | 34,81 | 3079,831 |   NaN | NaN | 0,00 | 0,00 | NaN
  20 |  0,00 | 31,284 | 711,14 | 711,14 | 722,89 |  0,00 | 0,624 | 44,35 | 44,35 |  0,00 | 0,961 | 318,82 | 318,82 |  0,00 | 6,278 | 313,17 | 313,17 |  0,00 | 1816,023 | 34,81 | 34,81 | 3652,506 |   NaN | NaN | 0,00 | 0,00 | NaN
  21 |  0,00 | 12,196 | 707,09 | 707,09 | 718,83 |  0,00 | 0,628 | 44,35 | 44,35 |  0,00 | 1,023 | 315,55 | 315,55 |  0,00 | 26,455 | 312,38 | 312,38 |  0,00 | 277,728 | 34,81 | 34,81 | 574,565 |   NaN | NaN | 0,00 | 0,00 | NaN
  22 |  0,00 | 23,337 | 721,40 | 721,40 | 734,77 |  0,00 | 0,667 | 44,35 | 44,35 |  0,00 | 0,957 | 324,78 | 324,78 |  0,00 | 7,114 | 317,46 | 317,46 |  0,00 | 1314,853 | 34,81 | 34,81 | 2649,589 |   NaN | NaN | 0,00 | 0,00 | NaN
  23 |  0,00 | 29,019 | 717,10 | 717,10 | 729,04 |  0,00 | 0,649 | 44,35 | 44,35 |  0,00 | 1,045 | 319,11 | 319,11 |  0,00 | 6,277 | 318,83 | 318,83 |  0,00 | 1679,538 | 34,81 | 34,81 | 3379,009 |   NaN | NaN | 0,00 | 0,00 | NaN
  24 |  0,00 | 16,834 | 720,32 | 720,32 | 732,05 |  0,00 | 0,611 | 44,35 | 44,35 |  0,00 | 0,710 | 319,18 | 319,18 |  0,00 | 7,191 | 321,98 | 321,98 |  0,00 | 906,607 | 34,81 | 34,81 | 1833,158 |   NaN | NaN | 0,00 | 0,00 | NaN
  25 |  0,00 | 12,306 | 720,89 | 720,89 | 734,41 |  0,00 | 0,668 | 44,35 | 44,35 |  0,00 | 0,729 | 317,43 | 317,43 |  0,00 | 16,555 | 324,30 | 324,30 |  0,00 | 454,498 | 34,81 | 34,81 | 928,604 |   NaN | NaN | 0,00 | 0,00 | NaN
  26 |  0,00 | 12,381 | 713,97 | 713,97 | 726,97 |  0,00 | 0,664 | 44,35 | 44,35 |  0,00 | 1,006 | 318,00 | 318,00 |  0,00 | 21,861 | 316,82 | 316,82 |  0,00 | 365,504 | 34,81 | 34,81 | 750,262 |   NaN | NaN | 0,00 | 0,00 | NaN
  27 |  0,00 | 32,482 | 714,13 | 714,13 | 725,85 |  0,00 | 0,591 | 44,35 | 44,35 |  0,00 | 0,741 | 319,88 | 319,88 |  0,00 | 3,683 | 315,09 | 315,09 |  0,00 | 1944,317 | 34,81 | 34,81 | 3908,662 |   NaN | NaN | 0,00 | 0,00 | NaN
  28 |  0,00 | 29,399 | 708,71 | 708,71 | 721,02 |  0,00 | 0,657 | 44,35 | 44,35 |  0,00 | 0,966 | 317,62 | 317,62 |  0,00 | 6,574 | 311,93 | 311,93 |  0,00 | 1688,607 | 34,81 | 34,81 | 3397,122 |   NaN | NaN | 0,00 | 0,00 | NaN
  29 |  0,00 | 29,381 | 718,56 | 718,56 | 730,30 |  0,00 | 0,637 | 44,35 | 44,35 |  0,00 | 0,916 | 319,55 | 319,55 |  0,00 | 3,511 | 319,85 | 319,85 |  0,00 | 1754,617 | 34,81 | 34,81 | 3529,638 |   NaN | NaN | 0,00 | 0,00 | NaN
  30 |  0,00 | 31,561 | 713,79 | 713,79 | 727,18 |  0,00 | 0,667 | 44,35 | 44,35 |  0,00 | 0,793 | 317,44 | 317,44 |  0,00 | 4,634 | 317,19 | 317,19 |  0,00 | 1866,508 | 34,81 | 34,81 | 3753,311 |   NaN | NaN | 0,00 | 0,00 | NaN
  31 |  0,00 | 28,590 | 713,51 | 713,51 | 725,23 |  0,00 | 0,634 | 44,35 | 44,35 |  0,00 | 1,077 | 319,31 | 319,31 |  0,00 | 4,022 | 315,04 | 315,04 |  0,00 | 1686,829 | 34,81 | 34,81 | 3393,632 |   NaN | NaN | 0,00 | 0,00 | NaN
  32 |  0,00 | 30,611 | 718,13 | 718,13 | 729,85 |  0,00 | 0,590 | 44,35 | 44,35 |  0,00 | 1,053 | 319,08 | 319,08 |  0,00 | 5,956 | 319,90 | 319,90 |  0,00 | 1788,043 | 34,81 | 34,81 | 3596,591 |   NaN | NaN | 0,00 | 0,00 | NaN
  33 |  0,00 | 31,585 | 713,28 | 713,28 | 725,46 |  0,00 | 0,656 | 44,35 | 44,35 |  0,00 | 1,125 | 315,96 | 315,96 |  0,00 | 6,244 | 318,16 | 318,16 |  0,00 | 1833,638 | 34,81 | 34,81 | 3687,705 |   NaN | NaN | 0,00 | 0,00 | NaN
  34 |  0,00 | 33,199 | 714,23 | 714,23 | 726,10 |  0,00 | 0,647 | 44,35 | 44,35 |  0,00 | 0,704 | 317,87 | 317,87 |  0,00 | 2,775 | 317,20 | 317,20 |  0,00 | 2004,026 | 34,81 | 34,81 | 4028,416 |   NaN | NaN | 0,00 | 0,00 | NaN
  35 |  0,00 | 34,385 | 720,74 | 720,74 | 732,44 |  0,00 | 0,596 | 44,35 | 44,35 |  0,00 | 0,632 | 320,85 | 320,85 |  0,00 | 3,871 | 320,73 | 320,73 |  0,00 | 2073,145 | 34,81 | 34,81 | 4166,416 |   NaN | NaN | 0,00 | 0,00 | NaN
  36 |  0,00 | 32,761 | 714,45 | 714,45 | 726,42 |  0,00 | 0,649 | 44,35 | 44,35 |  0,00 | 0,807 | 315,27 | 315,27 |  0,00 | 3,095 | 320,02 | 320,02 |  0,00 | 1969,111 | 34,81 | 34,81 | 3958,362 |   NaN | NaN | 0,00 | 0,00 | NaN
  37 |  0,00 | 29,976 | 721,82 | 721,82 | 733,56 |  0,00 | 0,632 | 44,35 | 44,35 |  0,00 | 0,957 | 323,37 | 323,37 |  0,00 | 3,992 | 319,30 | 319,30 |  0,00 | 1788,486 | 34,81 | 34,81 | 3597,437 |   NaN | NaN | 0,00 | 0,00 | NaN
  38 |  0,00 | 31,424 | 719,76 | 719,76 | 731,50 |  0,00 | 0,623 | 44,35 | 44,35 |  0,00 | 0,670 | 319,92 | 319,92 |  0,00 | 3,930 | 320,68 | 320,68 |  0,00 | 1882,483 | 34,81 | 34,81 | 3785,043 |   NaN | NaN | 0,00 | 0,00 | NaN
  39 |  0,00 | 31,053 | 706,63 | 706,63 | 720,01 |  0,00 | 0,667 | 44,35 | 44,35 |  0,00 | 0,729 | 315,54 | 315,54 |  0,00 | 4,597 | 311,94 | 311,94 |  0,00 | 1825,543 | 34,81 | 34,81 | 3671,584 |   NaN | NaN | 0,00 | 0,00 | NaN
  40 |  0,00 | 32,520 | 709,22 | 709,22 | 722,61 |  0,00 | 0,667 | 44,35 | 44,35 |  0,00 | 0,748 | 318,40 | 318,40 |  0,00 | 3,489 | 311,66 | 311,66 |  0,00 | 1940,040 | 34,81 | 34,81 | 3899,936 |   NaN | NaN | 0,00 | 0,00 | NaN
  41 |  0,00 | 29,333 | 719,70 | 719,70 | 731,65 |  0,00 | 0,650 | 44,35 | 44,35 |  0,00 | 0,910 | 316,37 | 316,37 |  0,00 | 5,280 | 324,17 | 324,17 |  0,00 | 1721,712 | 34,81 | 34,81 | 3463,565 |   NaN | NaN | 0,00 | 0,00 | NaN
  42 |  0,00 | 29,589 | 720,44 | 720,44 | 732,16 |  0,00 | 0,596 | 44,35 | 44,35 |  0,00 | 0,813 | 320,25 | 320,25 |  0,00 | 4,546 | 321,03 | 321,03 |  0,00 | 1755,660 | 34,81 | 34,81 | 3531,769 |   NaN | NaN | 0,00 | 0,00 | NaN
  43 |  0,00 | 31,112 | 726,44 | 726,44 | 739,76 |  0,00 | 0,674 | 44,35 | 44,35 |  0,00 | 0,796 | 323,86 | 323,86 |  0,00 | 6,283 | 323,42 | 323,42 |  0,00 | 1828,253 | 34,81 | 34,81 | 3676,896 |   NaN | NaN | 0,00 | 0,00 | NaN
  44 |  0,00 | 29,243 | 719,53 | 719,53 | 731,23 |  0,00 | 0,586 | 44,35 | 44,35 |  0,00 | 1,319 | 318,42 | 318,42 |  0,00 | 5,260 | 321,95 | 321,95 |  0,00 | 1711,354 | 34,81 | 34,81 | 3442,744 |   NaN | NaN | 0,00 | 0,00 | NaN
  45 |  0,00 | 29,808 | 714,91 | 714,91 | 728,85 |  0,00 | 0,670 | 44,35 | 44,35 |  0,00 | 0,859 | 321,98 | 321,98 |  0,00 | 5,357 | 313,76 | 313,76 |  0,00 | 1745,318 | 34,81 | 34,81 | 3511,033 |   NaN | NaN | 0,00 | 0,00 | NaN
  46 |  0,00 | 31,037 | 715,47 | 715,47 | 727,19 |  0,00 | 0,610 | 44,35 | 44,35 |  0,00 | 0,820 | 316,61 | 316,61 |  0,00 | 6,147 | 319,70 | 319,70 |  0,00 | 1810,828 | 34,81 | 34,81 | 3642,131 |   NaN | NaN | 0,00 | 0,00 | NaN
  47 |  0,00 | 29,370 | 714,69 | 714,69 | 726,40 |  0,00 | 0,607 | 44,35 | 44,35 |  0,00 | 0,987 | 319,89 | 319,89 |  0,00 | 8,019 | 315,64 | 315,64 |  0,00 | 1671,194 | 34,81 | 34,81 | 3362,274 |   NaN | NaN | 0,00 | 0,00 | NaN
  48 |  0,00 | 28,917 | 713,47 | 713,47 | 725,22 |  0,00 | 0,637 | 44,35 | 44,35 |  0,00 | 0,728 | 317,14 | 317,14 |  0,00 | 4,293 | 317,18 | 317,18 |  0,00 | 1708,080 | 34,81 | 34,81 | 3436,311 |   NaN | NaN | 0,00 | 0,00 | NaN
  49 |  0,00 | 28,444 | 713,88 | 713,88 | 725,83 |  0,00 | 0,649 | 44,35 | 44,35 |  0,00 | 0,900 | 319,45 | 319,45 |  0,00 | 4,402 | 315,27 | 315,27 |  0,00 | 1674,044 | 34,81 | 34,81 | 3367,950 |   NaN | NaN | 0,00 | 0,00 | NaN
  50 |  0,00 | 30,677 | 718,72 | 718,72 | 730,45 |  0,00 | 0,604 | 44,35 | 44,35 |  0,00 | 0,749 | 322,03 | 322,03 |  0,00 | 4,738 | 317,53 | 317,53 |  0,00 | 1819,639 | 34,81 | 34,81 | 3659,736 |   NaN | NaN | 0,00 | 0,00 | NaN
  51 |  0,00 | 29,203 | 717,19 | 717,19 | 728,88 |  0,00 | 0,602 | 44,35 | 44,35 |  0,00 | 1,182 | 318,37 | 318,37 |  0,00 | 4,622 | 319,66 | 319,66 |  0,00 | 1718,696 | 34,81 | 34,81 | 3457,548 |   NaN | NaN | 0,00 | 0,00 | NaN
  52 |  0,00 | 30,643 | 714,56 | 714,56 | 726,27 |  0,00 | 0,628 | 44,35 | 44,35 |  0,00 | 1,167 | 314,06 | 314,06 |  0,00 | 8,439 | 321,33 | 321,33 |  0,00 | 1737,918 | 34,81 | 34,81 | 3496,231 |   NaN | NaN | 0,00 | 0,00 | NaN
  53 |  0,00 | 30,232 | 718,02 | 718,02 | 729,73 |  0,00 | 0,615 | 44,35 | 44,35 |  0,00 | 0,938 | 320,89 | 320,89 |  0,00 | 4,289 | 317,98 | 317,98 |  0,00 | 1794,417 | 34,81 | 34,81 | 3609,350 |   NaN | NaN | 0,00 | 0,00 | NaN
  54 |  0,00 | 29,920 | 711,36 | 711,36 | 723,09 |  0,00 | 0,618 | 44,35 | 44,35 |  0,00 | 0,861 | 318,40 | 318,40 |  0,00 | 5,301 | 313,80 | 313,80 |  0,00 | 1749,241 | 34,81 | 34,81 | 3518,906 |   NaN | NaN | 0,00 | 0,00 | NaN
  55 |  0,00 | 31,742 | 713,37 | 713,37 | 725,09 |  0,00 | 0,603 | 44,35 | 44,35 |  0,00 | 0,665 | 315,75 | 315,75 |  0,00 | 4,216 | 318,46 | 318,46 |  0,00 | 1887,714 | 34,81 | 34,81 | 3795,486 |   NaN | NaN | 0,00 | 0,00 | NaN
  56 |  0,00 | 29,310 | 712,40 | 712,40 | 724,11 |  0,00 | 0,609 | 44,35 | 44,35 |  0,00 | 0,993 | 316,12 | 316,12 |  0,00 | 4,915 | 317,13 | 317,13 |  0,00 | 1716,528 | 34,81 | 34,81 | 3453,179 |   NaN | NaN | 0,00 | 0,00 | NaN
  57 |  0,00 | 29,150 | 715,83 | 715,83 | 727,56 |  0,00 | 0,606 | 44,35 | 44,35 |  0,00 | 0,798 | 317,17 | 317,17 |  0,00 | 6,532 | 319,50 | 319,50 |  0,00 | 1686,661 | 34,81 | 34,81 | 3393,333 |   NaN | NaN | 0,00 | 0,00 | NaN
  58 |  0,00 | 29,843 | 716,90 | 716,90 | 728,64 |  0,00 | 0,634 | 44,35 | 44,35 |  0,00 | 1,379 | 318,37 | 318,37 |  0,00 | 8,290 | 319,36 | 319,36 |  0,00 | 1690,655 | 34,81 | 34,81 | 3401,255 |   NaN | NaN | 0,00 | 0,00 | NaN
  59 |  0,00 | 33,238 | 721,54 | 721,54 | 733,66 |  0,00 | 0,653 | 44,35 | 44,35 |  0,00 | 0,681 | 318,19 | 318,19 |  0,00 | 4,376 | 324,20 | 324,20 |  0,00 | 1990,489 | 34,81 | 34,81 | 4001,409 |   NaN | NaN | 0,00 | 0,00 | NaN
  60 |  0,00 | 29,841 | 716,68 | 716,68 | 728,39 |  0,00 | 0,588 | 44,35 | 44,35 |  0,00 | 1,181 | 318,64 | 318,64 |  0,00 | 6,724 | 318,88 | 318,88 |  0,00 | 1721,958 | 34,81 | 34,81 | 3464,043 |   NaN | NaN | 0,00 | 0,00 | NaN
  61 |  0,00 | 30,420 | 720,72 | 720,72 | 732,44 |  0,00 | 0,611 | 44,35 | 44,35 |  0,00 | 0,910 | 320,70 | 320,70 |  0,00 | 4,713 | 320,86 | 320,86 |  0,00 | 1803,257 | 34,81 | 34,81 | 3626,993 |   NaN | NaN | 0,00 | 0,00 | NaN
  62 |  0,00 | 29,057 | 719,69 | 719,69 | 733,90 |  0,00 | 0,672 | 44,35 | 44,35 |  0,00 | 0,886 | 320,72 | 320,72 |  0,00 | 5,080 | 319,81 | 319,81 |  0,00 | 1708,403 | 34,81 | 34,81 | 3436,789 |   NaN | NaN | 0,00 | 0,00 | NaN
  63 |  0,00 | 31,437 | 717,80 | 717,80 | 729,52 |  0,00 | 0,628 | 44,35 | 44,35 |  0,00 | 0,862 | 321,08 | 321,08 |  0,00 | 4,862 | 317,56 | 317,56 |  0,00 | 1861,218 | 34,81 | 34,81 | 3742,672 |   NaN | NaN | 0,00 | 0,00 | NaN
  64 |  0,00 | 30,343 | 711,64 | 711,64 | 725,74 |  0,00 | 0,671 | 44,35 | 44,35 |  0,00 | 1,124 | 317,17 | 317,17 |  0,00 | 6,441 | 315,31 | 315,31 |  0,00 | 1750,409 | 34,81 | 34,81 | 3521,211 |   NaN | NaN | 0,00 | 0,00 | NaN

= = = = = = = = = = = = AVERAGE RESULTS system = = = = = = = = = = = =
meanPLR_system | 0,000000 
meanDelay_system | 25,624477 
meanLoad_system | 716,324758 
meanTHR_system | 716,324758 
meanGate_system | 728,478293 

meanPLR_EF_system | 0,000000 
meanPLR_AF_system | 0,000000 
meanPLR_BE_system | 0,000000 
meanPLR_FLA_system | 0,000000 
meanPLR_FLB_system | NaN 

meanTHR_EF_system | 44,352002 
meanTHR_AF_system | 318,850056 
meanTHR_BE_system | 318,316524 
meanTHR_FLA_system | 35,389401 
meanTHR_FLB_system | 0,000000 

meanLoad_EF_system | 44,352002 
meanLoad_AF_system | 318,850056 
meanLoad_BE_system | 318,316524 
meanLoad_FLA_system | 35,389401 
meanLoad_FLB_system | 0,000000 

meanDELAY_EF_system | 0,632482 
meanDELAY_AF_system | 1,150716 
meanDELAY_BE_system | 8,008108 
meanDELAY_FLA_system | 1433,928696 
meanDELAY_FLB_system | NaN 
meanDELAY_CompleteFLA_system | 2887,822028 
meanDELAY_CompleteFLB_system | NaN 

= = = = = = = = = = = = AVERAGE RESULTS = = = = = = = = = = = =
Packet Loss Ratio: 00,00 (%)
PROCESSED PACKAGES: 2122223125 
DISCARTED PACKAGES: 0 
TOTAL PACKAGES: 2122223125 
AVERAGE DELAY: 4667,09 (ms) 
AVERAGE THROUGHPUT: 716,32 (Mbps) 
GRANTED THROUGHPUT: 46622,61 (Mbps) By 64 ONUs
EFFECTIVE THROUGHPUT: 45844,78 (Mbps) By 64 ONUs
TOTAL LOAD: 45844,78 (Mbps) By 64 ONUs
ON Arrival THROUGHPUT: 0,00 (Mbps) By 64 ONUs
FINISHTIMEFL: 179,036658 
FINISHTIME: 182,036658 


fileName | IPACT_LEAKYBUCKET_4_30_85_0 
