
ONU ID 	|  PLR(%) | Delay(ms) | Throughput(Mbps) | Granted Throughput(Mbps) | Total Load (Mbps) 

  ID |  PLR(%) |  D  | Thr |  Gates  |  Load  | PLR-EF | D-EF | ThrEF | LoadEF | PLR-AF | D-AF | ThrAF | LoadAF | PLR-BE | D-BE | ThrBE | LoadBE | PLR-FA | D-FA | ThrFA | LoadFA | DTFA |  PLR-FB | D-FB | ThrFB | LoadFB | DTFB | 
   1 |  0,00 | 0,429 | 568,08 | 568,08 | 608,07 |  0,00 | 0,145 | 44,35 | 44,35 |  0,00 | 0,289 | 247,05 | 247,05 |  0,00 | 0,401 | 240,56 | 240,56 |  0,00 | 10,029 | 36,12 | 36,12 | 41,407 |   NaN | NaN | 0,00 | 0,00 | NaN
   2 |  0,00 | 1,804 | 570,52 | 570,52 | 615,02 |  0,00 | 0,157 | 44,35 | 44,35 |  0,00 | 0,168 | 247,01 | 247,01 |  0,00 | 0,217 | 243,04 | 243,04 |  0,00 | 86,382 | 36,12 | 36,12 | 193,229 |   NaN | NaN | 0,00 | 0,00 | NaN
   3 |  0,00 | 1,656 | 565,82 | 565,82 | 602,14 |  0,00 | 0,094 | 44,35 | 44,35 |  0,00 | 0,105 | 243,10 | 243,10 |  0,00 | 0,291 | 242,25 | 242,25 |  0,00 | 79,691 | 36,12 | 36,12 | 175,142 |   NaN | NaN | 0,00 | 0,00 | NaN
   4 |  0,00 | 0,387 | 571,85 | 571,85 | 608,30 |  0,00 | 0,099 | 44,35 | 44,35 |  0,00 | 0,244 | 247,28 | 247,28 |  0,00 | 0,435 | 244,10 | 244,10 |  0,00 | 9,193 | 36,12 | 36,12 | 39,335 |   NaN | NaN | 0,00 | 0,00 | NaN
   5 |  0,00 | 2,313 | 566,90 | 566,90 | 603,67 |  0,00 | 0,125 | 44,35 | 44,35 |  0,00 | 0,128 | 243,64 | 243,64 |  0,00 | 0,253 | 242,79 | 242,79 |  0,00 | 113,766 | 36,12 | 36,12 | 248,270 |   NaN | NaN | 0,00 | 0,00 | NaN
   6 |  0,00 | 1,856 | 570,36 | 570,36 | 606,10 |  0,00 | 0,075 | 44,35 | 44,35 |  0,00 | 0,085 | 245,38 | 245,38 |  0,00 | 0,318 | 244,51 | 244,51 |  0,00 | 91,028 | 36,12 | 36,12 | 204,224 |   NaN | NaN | 0,00 | 0,00 | NaN
   7 |  0,00 | 0,676 | 569,48 | 569,48 | 605,79 |  0,00 | 0,092 | 44,35 | 44,35 |  0,00 | 0,103 | 245,14 | 245,14 |  0,00 | 0,294 | 243,88 | 243,88 |  0,00 | 28,231 | 36,12 | 36,12 | 78,179 |   NaN | NaN | 0,00 | 0,00 | NaN
   8 |  0,00 | 1,771 | 568,95 | 568,95 | 608,00 |  0,00 | 0,142 | 44,35 | 44,35 |  0,00 | 0,150 | 243,29 | 243,29 |  0,00 | 0,238 | 245,19 | 245,19 |  0,00 | 84,855 | 36,12 | 36,12 | 194,161 |   NaN | NaN | 0,00 | 0,00 | NaN
   9 |  0,00 | 1,013 | 570,42 | 570,42 | 606,67 |  0,00 | 0,081 | 44,35 | 44,35 |  0,00 | 0,086 | 244,55 | 244,55 |  0,00 | 0,303 | 245,41 | 245,41 |  0,00 | 46,437 | 36,12 | 36,12 | 113,962 |   NaN | NaN | 0,00 | 0,00 | NaN
  10 |  0,00 | 0,437 | 567,43 | 567,43 | 606,71 |  0,00 | 0,142 | 44,35 | 44,35 |  0,00 | 0,307 | 244,04 | 244,04 |  0,00 | 0,404 | 242,92 | 242,92 |  0,00 | 10,264 | 36,12 | 36,12 | 41,101 |   NaN | NaN | 0,00 | 0,00 | NaN
  11 |  0,00 | 6,068 | 565,87 | 565,87 | 602,10 |  0,00 | 0,082 | 44,35 | 44,35 |  0,00 | 0,123 | 241,11 | 241,11 |  0,00 | 0,334 | 244,29 | 244,29 |  0,00 | 311,492 | 36,12 | 36,12 | 661,276 |   NaN | NaN | 0,00 | 0,00 | NaN
  12 |  0,00 | 1,927 | 568,04 | 568,04 | 607,75 |  0,00 | 0,144 | 44,35 | 44,35 |  0,00 | 0,150 | 243,71 | 243,71 |  0,00 | 0,227 | 243,86 | 243,86 |  0,00 | 93,076 | 36,12 | 36,12 | 208,526 |   NaN | NaN | 0,00 | 0,00 | NaN
  13 |  0,00 | 1,781 | 563,35 | 563,35 | 599,74 |  0,00 | 0,109 | 44,35 | 44,35 |  0,00 | 0,115 | 242,56 | 242,56 |  0,00 | 0,271 | 240,31 | 240,31 |  0,00 | 85,798 | 36,12 | 36,12 | 191,014 |   NaN | NaN | 0,00 | 0,00 | NaN
  14 |  0,00 | 2,287 | 569,53 | 569,53 | 611,11 |  0,00 | 0,150 | 44,35 | 44,35 |  0,00 | 0,156 | 244,48 | 244,48 |  0,00 | 0,223 | 244,59 | 244,59 |  0,00 | 112,015 | 36,12 | 36,12 | 244,168 |   NaN | NaN | 0,00 | 0,00 | NaN
  15 |  0,00 | 0,698 | 565,98 | 565,98 | 605,72 |  0,00 | 0,144 | 44,35 | 44,35 |  0,00 | 0,148 | 239,94 | 239,94 |  0,00 | 0,233 | 245,58 | 245,58 |  0,00 | 28,147 | 36,12 | 36,12 | 78,770 |   NaN | NaN | 0,00 | 0,00 | NaN
  16 |  0,00 | 1,276 | 574,23 | 574,23 | 611,96 |  0,00 | 0,136 | 44,35 | 44,35 |  0,00 | 0,144 | 244,85 | 244,85 |  0,00 | 0,238 | 248,91 | 248,91 |  0,00 | 59,225 | 36,12 | 36,12 | 140,011 |   NaN | NaN | 0,00 | 0,00 | NaN
  17 |  0,00 | 1,214 | 570,37 | 570,37 | 611,32 |  0,00 | 0,148 | 44,35 | 44,35 |  0,00 | 0,153 | 245,79 | 245,79 |  0,00 | 0,223 | 244,11 | 244,11 |  0,00 | 55,490 | 36,12 | 36,12 | 131,290 |   NaN | NaN | 0,00 | 0,00 | NaN
  18 |  0,00 | 4,397 | 565,65 | 565,65 | 602,38 |  0,00 | 0,125 | 44,35 | 44,35 |  0,00 | 0,136 | 242,42 | 242,42 |  0,00 | 0,260 | 242,76 | 242,76 |  0,00 | 223,096 | 36,12 | 36,12 | 531,940 |   NaN | NaN | 0,00 | 0,00 | NaN
  19 |  0,00 | 4,430 | 561,61 | 561,61 | 598,11 |  0,00 | 0,116 | 44,35 | 44,35 |  0,00 | 0,121 | 239,74 | 239,74 |  0,00 | 0,264 | 241,40 | 241,40 |  0,00 | 224,311 | 36,12 | 36,12 | 409,648 |   NaN | NaN | 0,00 | 0,00 | NaN
  20 |  0,00 | 5,766 | 564,49 | 564,49 | 600,87 |  0,00 | 0,112 | 44,35 | 44,35 |  0,00 | 0,136 | 244,18 | 244,18 |  0,00 | 0,293 | 239,84 | 239,84 |  0,00 | 294,788 | 36,12 | 36,12 | 653,525 |   NaN | NaN | 0,00 | 0,00 | NaN
  21 |  0,00 | 0,438 | 559,85 | 559,85 | 596,31 |  0,00 | 0,116 | 44,35 | 44,35 |  0,00 | 0,124 | 240,40 | 240,40 |  0,00 | 0,277 | 238,98 | 238,98 |  0,00 | 14,857 | 36,12 | 36,12 | 50,712 |   NaN | NaN | 0,00 | 0,00 | NaN
  22 |  0,00 | 2,398 | 571,67 | 571,67 | 615,05 |  0,00 | 0,155 | 44,35 | 44,35 |  0,00 | 0,158 | 248,41 | 248,41 |  0,00 | 0,220 | 242,79 | 242,79 |  0,00 | 118,068 | 36,12 | 36,12 | 258,437 |   NaN | NaN | 0,00 | 0,00 | NaN
  23 |  0,00 | 6,162 | 567,68 | 567,68 | 605,61 |  0,00 | 0,137 | 44,35 | 44,35 |  0,00 | 0,226 | 243,64 | 243,64 |  0,00 | 0,280 | 243,57 | 243,57 |  0,00 | 314,952 | 36,12 | 36,12 | 597,241 |   NaN | NaN | 0,00 | 0,00 | NaN
  24 |  0,00 | 1,776 | 570,97 | 570,97 | 607,26 |  0,00 | 0,098 | 44,35 | 44,35 |  0,00 | 0,107 | 244,03 | 244,03 |  0,00 | 0,283 | 246,47 | 246,47 |  0,00 | 86,361 | 36,12 | 36,12 | 194,172 |   NaN | NaN | 0,00 | 0,00 | NaN
  25 |  0,00 | 0,771 | 571,74 | 571,74 | 615,73 |  0,00 | 0,156 | 44,35 | 44,35 |  0,00 | 0,163 | 243,17 | 243,17 |  0,00 | 0,216 | 248,10 | 248,10 |  0,00 | 31,863 | 36,12 | 36,12 | 84,999 |   NaN | NaN | 0,00 | 0,00 | NaN
  26 |  0,00 | 0,698 | 565,89 | 565,89 | 608,34 |  0,00 | 0,152 | 44,35 | 44,35 |  0,00 | 0,168 | 243,36 | 243,36 |  0,00 | 0,229 | 242,07 | 242,07 |  0,00 | 27,692 | 36,12 | 36,12 | 74,918 |   NaN | NaN | 0,00 | 0,00 | NaN
  27 |  0,00 | 4,184 | 565,97 | 565,97 | 602,10 |  0,00 | 0,079 | 44,35 | 44,35 |  0,00 | 0,093 | 244,84 | 244,84 |  0,00 | 0,312 | 240,65 | 240,65 |  0,00 | 213,076 | 36,12 | 36,12 | 498,060 |   NaN | NaN | 0,00 | 0,00 | NaN
  28 |  0,00 | 6,290 | 563,02 | 563,02 | 602,87 |  0,00 | 0,145 | 44,35 | 44,35 |  0,00 | 0,224 | 243,86 | 243,86 |  0,00 | 0,387 | 238,70 | 238,70 |  0,00 | 318,708 | 36,12 | 36,12 | 608,108 |   NaN | NaN | 0,00 | 0,00 | NaN
  29 |  0,00 | 6,259 | 569,65 | 569,65 | 606,36 |  0,00 | 0,124 | 44,35 | 44,35 |  0,00 | 0,159 | 244,50 | 244,50 |  0,00 | 0,305 | 244,68 | 244,68 |  0,00 | 321,547 | 36,12 | 36,12 | 657,079 |   NaN | NaN | 0,00 | 0,00 | NaN
  30 |  0,00 | 5,023 | 565,95 | 565,95 | 609,51 |  0,00 | 0,155 | 44,35 | 44,35 |  0,00 | 0,166 | 242,28 | 242,28 |  0,00 | 0,225 | 243,20 | 243,20 |  0,00 | 255,419 | 36,12 | 36,12 | 605,043 |   NaN | NaN | 0,00 | 0,00 | NaN
  31 |  0,00 | 6,253 | 565,93 | 565,93 | 602,57 |  0,00 | 0,122 | 44,35 | 44,35 |  0,00 | 0,245 | 244,52 | 244,52 |  0,00 | 0,322 | 240,93 | 240,93 |  0,00 | 318,827 | 36,12 | 36,12 | 606,450 |   NaN | NaN | 0,00 | 0,00 | NaN
  32 |  0,00 | 6,009 | 569,77 | 569,77 | 605,92 |  0,00 | 0,078 | 44,35 | 44,35 |  0,00 | 0,127 | 244,01 | 244,01 |  0,00 | 0,379 | 245,29 | 245,29 |  0,00 | 309,017 | 36,12 | 36,12 | 660,595 |   NaN | NaN | 0,00 | 0,00 | NaN
  33 |  0,00 | 5,544 | 566,30 | 566,30 | 605,67 |  0,00 | 0,143 | 44,35 | 44,35 |  0,00 | 0,194 | 242,71 | 242,71 |  0,00 | 0,277 | 243,12 | 243,12 |  0,00 | 282,216 | 36,12 | 36,12 | 640,777 |   NaN | NaN | 0,00 | 0,00 | NaN
  34 |  0,00 | 3,945 | 566,20 | 566,20 | 603,78 |  0,00 | 0,135 | 44,35 | 44,35 |  0,00 | 0,142 | 243,60 | 243,60 |  0,00 | 0,244 | 242,13 | 242,13 |  0,00 | 199,269 | 36,12 | 36,12 | 443,247 |   NaN | NaN | 0,00 | 0,00 | NaN
  35 |  0,00 | 3,847 | 571,98 | 571,98 | 608,24 |  0,00 | 0,084 | 44,35 | 44,35 |  0,00 | 0,090 | 245,53 | 245,53 |  0,00 | 0,296 | 245,97 | 245,97 |  0,00 | 196,595 | 36,12 | 36,12 | 423,574 |   NaN | NaN | 0,00 | 0,00 | NaN
  36 |  0,00 | 4,051 | 566,41 | 566,41 | 604,47 |  0,00 | 0,137 | 44,35 | 44,35 |  0,00 | 0,156 | 240,72 | 240,72 |  0,00 | 0,244 | 245,22 | 245,22 |  0,00 | 204,697 | 36,12 | 36,12 | 469,003 |   NaN | NaN | 0,00 | 0,00 | NaN
  37 |  0,00 | 6,010 | 571,68 | 571,68 | 608,24 |  0,00 | 0,120 | 44,35 | 44,35 |  0,00 | 0,163 | 247,12 | 247,12 |  0,00 | 0,278 | 244,09 | 244,09 |  0,00 | 309,417 | 36,12 | 36,12 | 661,275 |   NaN | NaN | 0,00 | 0,00 | NaN
  38 |  0,00 | 4,789 | 570,29 | 570,29 | 606,72 |  0,00 | 0,111 | 44,35 | 44,35 |  0,00 | 0,115 | 245,02 | 245,02 |  0,00 | 0,266 | 244,81 | 244,81 |  0,00 | 245,428 | 36,12 | 36,12 | 585,149 |   NaN | NaN | 0,00 | 0,00 | NaN
  39 |  0,00 | 5,678 | 559,82 | 559,82 | 603,27 |  0,00 | 0,155 | 44,35 | 44,35 |  0,00 | 0,159 | 240,65 | 240,65 |  0,00 | 0,238 | 238,70 | 238,70 |  0,00 | 288,061 | 36,12 | 36,12 | 647,385 |   NaN | NaN | 0,00 | 0,00 | NaN
  40 |  0,00 | 4,261 | 563,14 | 563,14 | 606,56 |  0,00 | 0,155 | 44,35 | 44,35 |  0,00 | 0,164 | 243,79 | 243,79 |  0,00 | 0,236 | 238,88 | 238,88 |  0,00 | 214,604 | 36,12 | 36,12 | 503,984 |   NaN | NaN | 0,00 | 0,00 | NaN
  41 |  0,00 | 6,343 | 570,42 | 570,42 | 608,65 |  0,00 | 0,137 | 44,35 | 44,35 |  0,00 | 0,199 | 241,49 | 241,49 |  0,00 | 0,333 | 248,47 | 248,47 |  0,00 | 324,982 | 36,12 | 36,12 | 639,692 |   NaN | NaN | 0,00 | 0,00 | NaN
  42 |  0,00 | 6,208 | 572,33 | 572,33 | 608,65 |  0,00 | 0,083 | 44,35 | 44,35 |  0,00 | 0,118 | 245,60 | 245,60 |  0,00 | 0,339 | 246,26 | 246,26 |  0,00 | 320,839 | 36,12 | 36,12 | 656,623 |   NaN | NaN | 0,00 | 0,00 | NaN
  43 |  0,00 | 5,567 | 574,99 | 574,99 | 617,32 |  0,00 | 0,162 | 44,35 | 44,35 |  0,00 | 0,173 | 247,85 | 247,85 |  0,00 | 0,231 | 246,67 | 246,67 |  0,00 | 286,239 | 36,12 | 36,12 | 645,489 |   NaN | NaN | 0,00 | 0,00 | NaN
  44 |  0,00 | 6,342 | 570,32 | 570,32 | 606,17 |  0,00 | 0,075 | 44,35 | 44,35 |  0,00 | 0,247 | 243,35 | 243,35 |  0,00 | 0,455 | 246,50 | 246,50 |  0,00 | 324,318 | 36,12 | 36,12 | 631,308 |   NaN | NaN | 0,00 | 0,00 | NaN
  45 |  0,00 | 6,331 | 566,83 | 566,83 | 611,97 |  0,00 | 0,158 | 44,35 | 44,35 |  0,00 | 0,205 | 246,26 | 246,26 |  0,00 | 0,309 | 240,10 | 240,10 |  0,00 | 322,890 | 36,12 | 36,12 | 653,068 |   NaN | NaN | 0,00 | 0,00 | NaN
  46 |  0,00 | 5,788 | 567,23 | 567,23 | 603,59 |  0,00 | 0,097 | 44,35 | 44,35 |  0,00 | 0,119 | 241,98 | 241,98 |  0,00 | 0,306 | 244,78 | 244,78 |  0,00 | 297,126 | 36,12 | 36,12 | 654,618 |   NaN | NaN | 0,00 | 0,00 | NaN
  47 |  0,00 | 6,102 | 566,34 | 566,34 | 602,68 |  0,00 | 0,095 | 44,35 | 44,35 |  0,00 | 0,182 | 244,81 | 244,81 |  0,00 | 0,344 | 241,07 | 241,07 |  0,00 | 312,194 | 36,12 | 36,12 | 587,519 |   NaN | NaN | 0,00 | 0,00 | NaN
  48 |  0,00 | 6,314 | 565,47 | 565,47 | 602,22 |  0,00 | 0,125 | 44,35 | 44,35 |  0,00 | 0,151 | 242,27 | 242,27 |  0,00 | 0,338 | 242,74 | 242,74 |  0,00 | 322,779 | 36,12 | 36,12 | 627,398 |   NaN | NaN | 0,00 | 0,00 | NaN
  49 |  0,00 | 6,160 | 566,08 | 566,08 | 604,07 |  0,00 | 0,137 | 44,35 | 44,35 |  0,00 | 0,207 | 244,18 | 244,18 |  0,00 | 0,372 | 241,43 | 241,43 |  0,00 | 313,419 | 36,12 | 36,12 | 590,767 |   NaN | NaN | 0,00 | 0,00 | NaN
  50 |  0,00 | 5,649 | 569,66 | 569,66 | 605,97 |  0,00 | 0,091 | 44,35 | 44,35 |  0,00 | 0,102 | 245,89 | 245,89 |  0,00 | 0,294 | 243,30 | 243,30 |  0,00 | 291,037 | 36,12 | 36,12 | 647,614 |   NaN | NaN | 0,00 | 0,00 | NaN
  51 |  0,00 | 6,342 | 568,36 | 568,36 | 604,66 |  0,00 | 0,089 | 44,35 | 44,35 |  0,00 | 0,256 | 243,23 | 243,23 |  0,00 | 0,397 | 244,66 | 244,66 |  0,00 | 324,024 | 36,12 | 36,12 | 636,491 |   NaN | NaN | 0,00 | 0,00 | NaN
  52 |  0,00 | 6,349 | 567,98 | 567,98 | 604,50 |  0,00 | 0,116 | 44,35 | 44,35 |  0,00 | 0,216 | 240,71 | 240,71 |  0,00 | 0,429 | 246,80 | 246,80 |  0,00 | 323,620 | 36,12 | 36,12 | 649,149 |   NaN | NaN | 0,00 | 0,00 | NaN
  53 |  0,00 | 5,946 | 568,92 | 568,92 | 605,26 |  0,00 | 0,103 | 44,35 | 44,35 |  0,00 | 0,134 | 245,35 | 245,35 |  0,00 | 0,283 | 243,10 | 243,10 |  0,00 | 305,933 | 36,12 | 36,12 | 658,990 |   NaN | NaN | 0,00 | 0,00 | NaN
  54 |  0,00 | 6,304 | 563,79 | 563,79 | 600,14 |  0,00 | 0,106 | 44,35 | 44,35 |  0,00 | 0,159 | 243,64 | 243,64 |  0,00 | 0,336 | 239,68 | 239,68 |  0,00 | 322,253 | 36,12 | 36,12 | 654,683 |   NaN | NaN | 0,00 | 0,00 | NaN
  55 |  0,00 | 4,737 | 565,03 | 565,03 | 601,33 |  0,00 | 0,091 | 44,35 | 44,35 |  0,00 | 0,099 | 241,08 | 241,08 |  0,00 | 0,294 | 243,48 | 243,48 |  0,00 | 241,812 | 36,12 | 36,12 | 580,434 |   NaN | NaN | 0,00 | 0,00 | NaN
  56 |  0,00 | 6,356 | 564,48 | 564,48 | 600,82 |  0,00 | 0,096 | 44,35 | 44,35 |  0,00 | 0,176 | 241,80 | 241,80 |  0,00 | 0,381 | 242,20 | 242,20 |  0,00 | 324,551 | 36,12 | 36,12 | 635,387 |   NaN | NaN | 0,00 | 0,00 | NaN
  57 |  0,00 | 6,214 | 567,40 | 567,40 | 603,75 |  0,00 | 0,093 | 44,35 | 44,35 |  0,00 | 0,131 | 243,01 | 243,01 |  0,00 | 0,374 | 243,91 | 243,91 |  0,00 | 318,731 | 36,12 | 36,12 | 606,264 |   NaN | NaN | 0,00 | 0,00 | NaN
  58 |  0,00 | 6,284 | 568,46 | 568,46 | 605,18 |  0,00 | 0,122 | 44,35 | 44,35 |  0,00 | 0,301 | 244,10 | 244,10 |  0,00 | 0,408 | 243,89 | 243,89 |  0,00 | 319,404 | 36,12 | 36,12 | 610,339 |   NaN | NaN | 0,00 | 0,00 | NaN
  59 |  0,00 | 3,960 | 571,61 | 571,61 | 610,49 |  0,00 | 0,141 | 44,35 | 44,35 |  0,00 | 0,143 | 243,36 | 243,36 |  0,00 | 0,234 | 247,77 | 247,77 |  0,00 | 201,107 | 36,12 | 36,12 | 451,535 |   NaN | NaN | 0,00 | 0,00 | NaN
  60 |  0,00 | 6,364 | 567,57 | 567,57 | 603,58 |  0,00 | 0,077 | 44,35 | 44,35 |  0,00 | 0,226 | 243,48 | 243,48 |  0,00 | 0,446 | 243,62 | 243,62 |  0,00 | 325,019 | 36,12 | 36,12 | 639,626 |   NaN | NaN | 0,00 | 0,00 | NaN
  61 |  0,00 | 5,866 | 571,00 | 571,00 | 607,36 |  0,00 | 0,098 | 44,35 | 44,35 |  0,00 | 0,127 | 245,34 | 245,34 |  0,00 | 0,307 | 245,19 | 245,19 |  0,00 | 302,232 | 36,12 | 36,12 | 658,430 |   NaN | NaN | 0,00 | 0,00 | NaN
  62 |  0,00 | 6,317 | 570,84 | 570,84 | 616,71 |  0,00 | 0,160 | 44,35 | 44,35 |  0,00 | 0,237 | 245,69 | 245,69 |  0,00 | 0,265 | 244,68 | 244,68 |  0,00 | 323,541 | 36,12 | 36,12 | 628,516 |   NaN | NaN | 0,00 | 0,00 | NaN
  63 |  0,00 | 5,074 | 568,45 | 568,45 | 604,89 |  0,00 | 0,115 | 44,35 | 44,35 |  0,00 | 0,129 | 245,20 | 245,20 |  0,00 | 0,269 | 242,79 | 242,79 |  0,00 | 259,690 | 36,12 | 36,12 | 610,939 |   NaN | NaN | 0,00 | 0,00 | NaN
  64 |  0,00 | 6,365 | 564,92 | 564,92 | 610,42 |  0,00 | 0,159 | 44,35 | 44,35 |  0,00 | 0,247 | 242,79 | 242,79 |  0,00 | 0,382 | 241,66 | 241,66 |  0,00 | 322,576 | 36,12 | 36,12 | 655,804 |   NaN | NaN | 0,00 | 0,00 | NaN

= = = = = = = = = = = = AVERAGE RESULTS system = = = = = = = = = = = =
meanPLR_system | 0,000000 
meanDelay_system | 4,216496 
meanLoad_system | 567,832874 
meanTHR_system | 567,832874 
meanGate_system | 606,195283 

meanPLR_EF_system | 0,000000 
meanPLR_AF_system | 0,000000 
meanPLR_BE_system | 0,000000 
meanPLR_FLA_system | 0,000000 
meanPLR_FLB_system | NaN 

meanTHR_EF_system | 44,352004 
meanTHR_AF_system | 243,873404 
meanTHR_BE_system | 243,490582 
meanTHR_FLA_system | 36,745258 
meanTHR_FLB_system | 0,000000 

meanLoad_EF_system | 44,352004 
meanLoad_AF_system | 243,873404 
meanLoad_BE_system | 243,490582 
meanLoad_FLA_system | 36,745258 
meanLoad_FLB_system | 0,000000 

meanDELAY_EF_system | 0,120353 
meanDELAY_AF_system | 0,163604 
meanDELAY_BE_system | 0,302501 
meanDELAY_FLA_system | 213,254742 
meanDELAY_FLB_system | NaN 
meanDELAY_CompleteFLA_system | 450,938575 
meanDELAY_CompleteFLB_system | NaN 

= = = = = = = = = = = = AVERAGE RESULTS = = = = = = = = = = = =
Packet Loss Ratio: 00,00 (%)
PROCESSED PACKAGES: 1782299800 
DISCARTED PACKAGES: 0 
TOTAL PACKAGES: 1782299800 
AVERAGE DELAY: 669,21 (ms) 
AVERAGE THROUGHPUT: 567,83 (Mbps) 
GRANTED THROUGHPUT: 38796,50 (Mbps) By 64 ONUs
EFFECTIVE THROUGHPUT: 36341,30 (Mbps) By 64 ONUs
TOTAL LOAD: 36341,30 (Mbps) By 64 ONUs
ON Arrival THROUGHPUT: 0,00 (Mbps) By 64 ONUs
FINISHTIMEFL: 172,430415 
FINISHTIME: 175,430415 


fileName | IPACT_LBCONSTANTTOKENSBYCYCLE_4_30_65_0 
