
ONU ID 	|  PLR(%) | Delay(ms) | Throughput(Mbps) | Granted Throughput(Mbps) | Total Load (Mbps) 

  ID |  PLR(%) |  D  | Thr |  Gates  |  Load  | PLR-EF | D-EF | ThrEF | LoadEF | PLR-AF | D-AF | ThrAF | LoadAF | PLR-BE | D-BE | ThrBE | LoadBE | PLR-FA | D-FA | ThrFA | LoadFA | DTFA |  PLR-FB | D-FB | ThrFB | LoadFB | DTFB | 
   1 |  0,00 | 1,231 | 680,09 | 680,09 | 700,46 |  0,00 | 0,422 | 44,35 | 44,35 |  0,00 | 0,951 | 303,93 | 303,93 |  0,00 | 1,337 | 295,88 | 295,88 |  0,00 | 25,474 | 35,93 | 35,93 | 73,898 |   NaN | NaN | 0,00 | 0,00 | NaN
   2 |  0,00 | 1,837 | 682,47 | 682,47 | 705,12 |  0,00 | 0,434 | 44,35 | 44,35 |  0,00 | 1,446 | 303,59 | 303,59 |  0,00 | 2,229 | 298,59 | 298,59 |  0,00 | 39,046 | 35,93 | 35,93 | 100,685 |   NaN | NaN | 0,00 | 0,00 | NaN
   3 |  0,00 | 1,592 | 678,07 | 678,07 | 697,24 |  0,00 | 0,370 | 44,35 | 44,35 |  0,00 | 1,223 | 299,53 | 299,53 |  0,00 | 1,667 | 298,25 | 298,25 |  0,00 | 38,513 | 35,93 | 35,93 | 91,541 |   NaN | NaN | 0,00 | 0,00 | NaN
   4 |  0,00 | 1,157 | 684,83 | 684,83 | 704,09 |  0,00 | 0,376 | 44,35 | 44,35 |  0,00 | 0,824 | 304,24 | 304,24 |  0,00 | 1,311 | 300,32 | 300,32 |  0,00 | 24,704 | 35,93 | 35,93 | 70,256 |   NaN | NaN | 0,00 | 0,00 | NaN
   5 |  0,00 | 1,482 | 678,83 | 678,83 | 698,08 |  0,00 | 0,401 | 44,35 | 44,35 |  0,00 | 1,112 | 299,76 | 299,76 |  0,00 | 1,683 | 298,78 | 298,78 |  0,00 | 32,754 | 35,93 | 35,93 | 86,777 |   NaN | NaN | 0,00 | 0,00 | NaN
   6 |  0,00 | 1,190 | 682,83 | 682,83 | 702,04 |  0,00 | 0,350 | 44,35 | 44,35 |  0,00 | 0,858 | 301,64 | 301,64 |  0,00 | 1,412 | 300,91 | 300,91 |  0,00 | 25,166 | 35,93 | 35,93 | 71,485 |   NaN | NaN | 0,00 | 0,00 | NaN
   7 |  0,00 | 1,582 | 681,92 | 681,92 | 701,06 |  0,00 | 0,368 | 44,35 | 44,35 |  0,00 | 1,142 | 301,84 | 301,84 |  0,00 | 2,029 | 299,80 | 299,80 |  0,00 | 33,627 | 35,93 | 35,93 | 89,298 |   NaN | NaN | 0,00 | 0,00 | NaN
   8 |  0,00 | 1,347 | 681,78 | 681,78 | 701,79 |  0,00 | 0,418 | 44,35 | 44,35 |  0,00 | 1,033 | 299,74 | 299,74 |  0,00 | 1,585 | 301,76 | 301,76 |  0,00 | 27,094 | 35,93 | 35,93 | 76,187 |   NaN | NaN | 0,00 | 0,00 | NaN
   9 |  0,00 | 1,101 | 683,52 | 683,52 | 702,77 |  0,00 | 0,358 | 44,35 | 44,35 |  0,00 | 0,832 | 301,29 | 301,29 |  0,00 | 1,227 | 301,95 | 301,95 |  0,00 | 22,997 | 35,93 | 35,93 | 67,340 |   NaN | NaN | 0,00 | 0,00 | NaN
  10 |  0,00 | 1,210 | 679,23 | 679,23 | 699,26 |  0,00 | 0,419 | 44,35 | 44,35 |  0,00 | 0,924 | 300,01 | 300,01 |  0,00 | 1,210 | 298,94 | 298,94 |  0,00 | 26,628 | 35,93 | 35,93 | 74,244 |   NaN | NaN | 0,00 | 0,00 | NaN
  11 |  0,00 | 10,821 | 678,04 | 678,04 | 697,23 |  0,00 | 0,358 | 44,35 | 44,35 |  0,00 | 7,332 | 296,83 | 296,83 |  0,00 | 26,484 | 300,93 | 300,93 |  0,00 | 94,701 | 35,93 | 35,93 | 220,048 |   NaN | NaN | 0,00 | 0,00 | NaN
  12 |  0,00 | 1,136 | 680,38 | 680,38 | 700,72 |  0,00 | 0,421 | 44,35 | 44,35 |  0,00 | 0,930 | 300,00 | 300,00 |  0,00 | 1,188 | 300,10 | 300,10 |  0,00 | 22,443 | 35,93 | 35,93 | 66,608 |   NaN | NaN | 0,00 | 0,00 | NaN
  13 |  0,00 | 1,733 | 673,89 | 673,89 | 693,00 |  0,00 | 0,385 | 44,35 | 44,35 |  0,00 | 1,375 | 298,36 | 298,36 |  0,00 | 2,080 | 295,26 | 295,26 |  0,00 | 37,598 | 35,93 | 35,93 | 97,802 |   NaN | NaN | 0,00 | 0,00 | NaN
  14 |  0,00 | 1,495 | 681,56 | 681,56 | 702,69 |  0,00 | 0,427 | 44,35 | 44,35 |  0,00 | 1,094 | 300,67 | 300,67 |  0,00 | 1,641 | 300,61 | 300,61 |  0,00 | 33,748 | 35,93 | 35,93 | 85,766 |   NaN | NaN | 0,00 | 0,00 | NaN
  15 |  0,00 | 1,481 | 677,62 | 677,62 | 697,89 |  0,00 | 0,421 | 44,35 | 44,35 |  0,00 | 1,151 | 295,38 | 295,38 |  0,00 | 1,855 | 301,95 | 301,95 |  0,00 | 28,731 | 35,93 | 35,93 | 81,248 |   NaN | NaN | 0,00 | 0,00 | NaN
  16 |  0,00 | 1,307 | 687,56 | 687,56 | 707,15 |  0,00 | 0,412 | 44,35 | 44,35 |  0,00 | 0,917 | 301,41 | 301,41 |  0,00 | 1,720 | 305,87 | 305,87 |  0,00 | 24,503 | 35,93 | 35,93 | 70,178 |   NaN | NaN | 0,00 | 0,00 | NaN
  17 |  0,00 | 1,180 | 683,00 | 683,00 | 703,91 |  0,00 | 0,425 | 44,35 | 44,35 |  0,00 | 0,890 | 302,36 | 302,36 |  0,00 | 1,234 | 300,36 | 300,36 |  0,00 | 24,913 | 35,93 | 35,93 | 70,064 |   NaN | NaN | 0,00 | 0,00 | NaN
  18 |  0,00 | 2,480 | 677,52 | 677,52 | 696,79 |  0,00 | 0,402 | 44,35 | 44,35 |  0,00 | 1,990 | 298,09 | 298,09 |  0,00 | 3,593 | 299,15 | 299,15 |  0,00 | 47,676 | 35,93 | 35,93 | 119,132 |   NaN | NaN | 0,00 | 0,00 | NaN
  19 |  0,00 | 8,308 | 672,33 | 672,33 | 691,53 |  0,00 | 0,392 | 44,35 | 44,35 |  0,00 | 7,226 | 295,06 | 295,06 |  0,00 | 16,172 | 296,99 | 296,99 |  0,00 | 111,985 | 35,93 | 35,93 | 241,163 |   NaN | NaN | 0,00 | 0,00 | NaN
  20 |  0,00 | 8,239 | 676,41 | 676,41 | 695,55 |  0,00 | 0,388 | 44,35 | 44,35 |  0,00 | 5,315 | 300,85 | 300,85 |  0,00 | 19,796 | 295,28 | 295,28 |  0,00 | 83,113 | 35,93 | 35,93 | 196,755 |   NaN | NaN | 0,00 | 0,00 | NaN
  21 |  0,00 | 1,142 | 670,39 | 670,39 | 689,64 |  0,00 | 0,393 | 44,35 | 44,35 |  0,00 | 0,874 | 296,20 | 296,20 |  0,00 | 1,208 | 293,92 | 293,92 |  0,00 | 24,095 | 35,93 | 35,93 | 69,375 |   NaN | NaN | 0,00 | 0,00 | NaN
  22 |  0,00 | 1,824 | 685,37 | 685,37 | 707,51 |  0,00 | 0,431 | 44,35 | 44,35 |  0,00 | 1,429 | 305,95 | 305,95 |  0,00 | 2,154 | 299,14 | 299,14 |  0,00 | 39,856 | 35,93 | 35,93 | 93,528 |   NaN | NaN | 0,00 | 0,00 | NaN
  23 |  0,00 | 12,419 | 680,70 | 680,70 | 700,22 |  0,00 | 0,413 | 44,35 | 44,35 |  0,00 | 10,221 | 300,53 | 300,53 |  0,00 | 28,199 | 299,89 | 299,89 |  0,00 | 116,425 | 35,93 | 35,93 | 252,715 |   NaN | NaN | 0,00 | 0,00 | NaN
  24 |  0,00 | 1,763 | 683,84 | 683,84 | 702,96 |  0,00 | 0,375 | 44,35 | 44,35 |  0,00 | 1,354 | 300,32 | 300,32 |  0,00 | 2,228 | 303,25 | 303,25 |  0,00 | 37,511 | 35,93 | 35,93 | 97,178 |   NaN | NaN | 0,00 | 0,00 | NaN
  25 |  0,00 | 1,157 | 685,35 | 685,35 | 707,84 |  0,00 | 0,432 | 44,35 | 44,35 |  0,00 | 0,918 | 299,39 | 299,39 |  0,00 | 1,129 | 305,68 | 305,68 |  0,00 | 24,521 | 35,93 | 35,93 | 70,921 |   NaN | NaN | 0,00 | 0,00 | NaN
  26 |  0,00 | 1,570 | 677,62 | 677,62 | 699,20 |  0,00 | 0,429 | 44,35 | 44,35 |  0,00 | 1,260 | 299,48 | 299,48 |  0,00 | 1,662 | 297,86 | 297,86 |  0,00 | 35,212 | 35,93 | 35,93 | 89,581 |   NaN | NaN | 0,00 | 0,00 | NaN
  27 |  0,00 | 2,089 | 678,12 | 678,12 | 697,25 |  0,00 | 0,355 | 44,35 | 44,35 |  0,00 | 1,723 | 301,40 | 301,40 |  0,00 | 2,829 | 296,43 | 296,43 |  0,00 | 42,233 | 35,93 | 35,93 | 108,156 |   NaN | NaN | 0,00 | 0,00 | NaN
  28 |  0,00 | 11,594 | 674,23 | 674,23 | 694,47 |  0,00 | 0,421 | 44,35 | 44,35 |  0,00 | 8,163 | 300,05 | 300,05 |  0,00 | 27,472 | 293,90 | 293,90 |  0,00 | 116,335 | 35,93 | 35,93 | 253,081 |   NaN | NaN | 0,00 | 0,00 | NaN
  29 |  0,00 | 10,615 | 682,36 | 682,36 | 701,66 |  0,00 | 0,401 | 44,35 | 44,35 |  0,00 | 8,133 | 300,76 | 300,76 |  0,00 | 24,253 | 301,32 | 301,32 |  0,00 | 104,559 | 35,93 | 35,93 | 237,688 |   NaN | NaN | 0,00 | 0,00 | NaN
  30 |  0,00 | 3,931 | 677,98 | 677,98 | 700,17 |  0,00 | 0,431 | 44,35 | 44,35 |  0,00 | 2,902 | 298,39 | 298,39 |  0,00 | 7,344 | 299,31 | 299,31 |  0,00 | 59,033 | 35,93 | 35,93 | 146,548 |   NaN | NaN | 0,00 | 0,00 | NaN
  31 |  0,00 | 12,597 | 677,79 | 677,79 | 696,93 |  0,00 | 0,398 | 44,35 | 44,35 |  0,00 | 10,034 | 300,78 | 300,78 |  0,00 | 29,250 | 296,73 | 296,73 |  0,00 | 116,473 | 35,93 | 35,93 | 253,079 |   NaN | NaN | 0,00 | 0,00 | NaN
  32 |  0,00 | 9,932 | 682,67 | 682,67 | 701,84 |  0,00 | 0,354 | 44,35 | 44,35 |  0,00 | 6,992 | 300,73 | 300,73 |  0,00 | 23,605 | 301,65 | 301,65 |  0,00 | 93,265 | 35,93 | 35,93 | 217,050 |   NaN | NaN | 0,00 | 0,00 | NaN
  33 |  0,00 | 6,971 | 678,12 | 678,12 | 698,20 |  0,00 | 0,420 | 44,35 | 44,35 |  0,00 | 4,800 | 298,61 | 298,61 |  0,00 | 15,927 | 299,24 | 299,24 |  0,00 | 73,731 | 35,93 | 35,93 | 179,836 |   NaN | NaN | 0,00 | 0,00 | NaN
  34 |  0,00 | 1,495 | 677,79 | 677,79 | 697,28 |  0,00 | 0,411 | 44,35 | 44,35 |  0,00 | 1,132 | 299,87 | 299,87 |  0,00 | 2,019 | 297,64 | 297,64 |  0,00 | 27,683 | 35,93 | 35,93 | 80,540 |   NaN | NaN | 0,00 | 0,00 | NaN
  35 |  0,00 | 1,113 | 685,25 | 685,25 | 704,50 |  0,00 | 0,360 | 44,35 | 44,35 |  0,00 | 0,754 | 302,11 | 302,11 |  0,00 | 1,302 | 302,86 | 302,86 |  0,00 | 23,685 | 35,93 | 35,93 | 68,664 |   NaN | NaN | 0,00 | 0,00 | NaN
  36 |  0,00 | 1,809 | 678,31 | 678,31 | 697,92 |  0,00 | 0,414 | 44,35 | 44,35 |  0,00 | 1,460 | 296,21 | 296,21 |  0,00 | 2,294 | 301,82 | 301,82 |  0,00 | 36,501 | 35,93 | 35,93 | 96,445 |   NaN | NaN | 0,00 | 0,00 | NaN
  37 |  0,00 | 11,003 | 685,32 | 685,32 | 704,57 |  0,00 | 0,396 | 44,35 | 44,35 |  0,00 | 7,866 | 304,66 | 304,66 |  0,00 | 26,768 | 300,38 | 300,38 |  0,00 | 93,376 | 35,93 | 35,93 | 216,991 |   NaN | NaN | 0,00 | 0,00 | NaN
  38 |  0,00 | 3,518 | 683,63 | 683,63 | 702,81 |  0,00 | 0,388 | 44,35 | 44,35 |  0,00 | 2,603 | 301,61 | 301,61 |  0,00 | 6,328 | 301,74 | 301,74 |  0,00 | 56,310 | 35,93 | 35,93 | 137,154 |   NaN | NaN | 0,00 | 0,00 | NaN
  39 |  0,00 | 7,317 | 670,51 | 670,51 | 692,60 |  0,00 | 0,431 | 44,35 | 44,35 |  0,00 | 4,390 | 296,07 | 296,07 |  0,00 | 17,448 | 294,16 | 294,16 |  0,00 | 78,672 | 35,93 | 35,93 | 188,539 |   NaN | NaN | 0,00 | 0,00 | NaN
  40 |  0,00 | 2,136 | 674,29 | 674,29 | 696,37 |  0,00 | 0,431 | 44,35 | 44,35 |  0,00 | 1,773 | 300,18 | 300,18 |  0,00 | 2,691 | 293,83 | 293,83 |  0,00 | 44,379 | 35,93 | 35,93 | 110,838 |   NaN | NaN | 0,00 | 0,00 | NaN
  41 |  0,00 | 12,718 | 683,97 | 683,97 | 703,63 |  0,00 | 0,414 | 44,35 | 44,35 |  0,00 | 10,176 | 297,69 | 297,69 |  0,00 | 29,289 | 306,00 | 306,00 |  0,00 | 111,872 | 35,93 | 35,93 | 248,153 |   NaN | NaN | 0,00 | 0,00 | NaN
  42 |  0,00 | 10,856 | 685,39 | 685,39 | 704,56 |  0,00 | 0,360 | 44,35 | 44,35 |  0,00 | 7,906 | 302,20 | 302,20 |  0,00 | 25,404 | 302,91 | 302,91 |  0,00 | 104,198 | 35,93 | 35,93 | 237,365 |   NaN | NaN | 0,00 | 0,00 | NaN
  43 |  0,00 | 8,328 | 688,93 | 688,93 | 710,81 |  0,00 | 0,438 | 44,35 | 44,35 |  0,00 | 5,098 | 305,12 | 305,12 |  0,00 | 20,366 | 303,54 | 303,54 |  0,00 | 77,076 | 35,93 | 35,93 | 185,170 |   NaN | NaN | 0,00 | 0,00 | NaN
  44 |  0,00 | 11,923 | 682,94 | 682,94 | 702,07 |  0,00 | 0,350 | 44,35 | 44,35 |  0,00 | 8,052 | 299,42 | 299,42 |  0,00 | 28,581 | 303,25 | 303,25 |  0,00 | 113,940 | 35,93 | 35,93 | 250,591 |   NaN | NaN | 0,00 | 0,00 | NaN
  45 |  0,00 | 12,355 | 677,84 | 677,84 | 700,85 |  0,00 | 0,435 | 44,35 | 44,35 |  0,00 | 9,747 | 302,71 | 302,71 |  0,00 | 29,300 | 294,85 | 294,85 |  0,00 | 106,985 | 35,93 | 35,93 | 241,470 |   NaN | NaN | 0,00 | 0,00 | NaN
  46 |  0,00 | 8,850 | 679,32 | 679,32 | 698,48 |  0,00 | 0,374 | 44,35 | 44,35 |  0,00 | 5,951 | 297,99 | 297,99 |  0,00 | 21,113 | 301,05 | 301,05 |  0,00 | 84,738 | 35,93 | 35,93 | 199,718 |   NaN | NaN | 0,00 | 0,00 | NaN
  47 |  0,00 | 11,566 | 678,77 | 678,77 | 697,85 |  0,00 | 0,371 | 44,35 | 44,35 |  0,00 | 9,034 | 301,64 | 301,64 |  0,00 | 26,420 | 296,85 | 296,85 |  0,00 | 116,501 | 35,93 | 35,93 | 252,653 |   NaN | NaN | 0,00 | 0,00 | NaN
  48 |  0,00 | 12,020 | 677,15 | 677,15 | 696,34 |  0,00 | 0,401 | 44,35 | 44,35 |  0,00 | 8,976 | 298,21 | 298,21 |  0,00 | 28,149 | 298,66 | 298,66 |  0,00 | 114,336 | 35,93 | 35,93 | 251,268 |   NaN | NaN | 0,00 | 0,00 | NaN
  49 |  0,00 | 12,239 | 678,51 | 678,51 | 698,07 |  0,00 | 0,413 | 44,35 | 44,35 |  0,00 | 9,737 | 300,73 | 300,73 |  0,00 | 28,111 | 297,50 | 297,50 |  0,00 | 116,900 | 35,93 | 35,93 | 253,264 |   NaN | NaN | 0,00 | 0,00 | NaN
  50 |  0,00 | 8,536 | 682,60 | 682,60 | 701,75 |  0,00 | 0,368 | 44,35 | 44,35 |  0,00 | 5,901 | 302,81 | 302,81 |  0,00 | 20,349 | 299,51 | 299,51 |  0,00 | 80,878 | 35,93 | 35,93 | 192,435 |   NaN | NaN | 0,00 | 0,00 | NaN
  51 |  0,00 | 12,776 | 680,88 | 680,88 | 699,99 |  0,00 | 0,366 | 44,35 | 44,35 |  0,00 | 9,699 | 299,64 | 299,64 |  0,00 | 30,332 | 300,96 | 300,96 |  0,00 | 112,246 | 35,93 | 35,93 | 248,452 |   NaN | NaN | 0,00 | 0,00 | NaN
  52 |  0,00 | 11,797 | 680,23 | 680,23 | 699,39 |  0,00 | 0,392 | 44,35 | 44,35 |  0,00 | 9,190 | 296,28 | 296,28 |  0,00 | 27,197 | 303,67 | 303,67 |  0,00 | 108,688 | 35,93 | 35,93 | 244,156 |   NaN | NaN | 0,00 | 0,00 | NaN
  53 |  0,00 | 9,396 | 681,36 | 681,36 | 700,51 |  0,00 | 0,379 | 44,35 | 44,35 |  0,00 | 6,420 | 301,86 | 301,86 |  0,00 | 22,392 | 299,22 | 299,22 |  0,00 | 91,040 | 35,93 | 35,93 | 212,388 |   NaN | NaN | 0,00 | 0,00 | NaN
  54 |  0,00 | 11,887 | 675,26 | 675,26 | 694,45 |  0,00 | 0,382 | 44,35 | 44,35 |  0,00 | 8,945 | 299,99 | 299,99 |  0,00 | 28,464 | 294,99 | 294,99 |  0,00 | 105,984 | 35,93 | 35,93 | 240,064 |   NaN | NaN | 0,00 | 0,00 | NaN
  55 |  0,00 | 3,762 | 676,78 | 676,78 | 695,95 |  0,00 | 0,367 | 44,35 | 44,35 |  0,00 | 2,528 | 296,49 | 296,49 |  0,00 | 7,452 | 300,01 | 300,01 |  0,00 | 54,701 | 35,93 | 35,93 | 132,444 |   NaN | NaN | 0,00 | 0,00 | NaN
  56 |  0,00 | 11,318 | 676,64 | 676,64 | 695,77 |  0,00 | 0,373 | 44,35 | 44,35 |  0,00 | 8,137 | 297,88 | 297,88 |  0,00 | 26,475 | 298,48 | 298,48 |  0,00 | 113,245 | 35,93 | 35,93 | 249,761 |   NaN | NaN | 0,00 | 0,00 | NaN
  57 |  0,00 | 12,095 | 679,51 | 679,51 | 698,61 |  0,00 | 0,370 | 44,35 | 44,35 |  0,00 | 8,287 | 299,11 | 299,11 |  0,00 | 28,963 | 300,12 | 300,12 |  0,00 | 116,535 | 35,93 | 35,93 | 253,063 |   NaN | NaN | 0,00 | 0,00 | NaN
  58 |  0,00 | 11,959 | 681,12 | 681,12 | 700,31 |  0,00 | 0,399 | 44,35 | 44,35 |  0,00 | 9,158 | 300,56 | 300,56 |  0,00 | 27,564 | 300,27 | 300,27 |  0,00 | 116,189 | 35,93 | 35,93 | 252,911 |   NaN | NaN | 0,00 | 0,00 | NaN
  59 |  0,00 | 1,601 | 684,32 | 684,32 | 704,19 |  0,00 | 0,418 | 44,35 | 44,35 |  0,00 | 1,131 | 299,45 | 299,45 |  0,00 | 2,069 | 304,59 | 304,59 |  0,00 | 32,789 | 35,93 | 35,93 | 88,423 |   NaN | NaN | 0,00 | 0,00 | NaN
  60 |  0,00 | 11,448 | 679,83 | 679,83 | 698,92 |  0,00 | 0,352 | 44,35 | 44,35 |  0,00 | 9,856 | 299,47 | 299,47 |  0,00 | 25,291 | 300,08 | 300,08 |  0,00 | 112,040 | 35,93 | 35,93 | 248,331 |   NaN | NaN | 0,00 | 0,00 | NaN
  61 |  0,00 | 9,289 | 683,94 | 683,94 | 703,11 |  0,00 | 0,375 | 44,35 | 44,35 |  0,00 | 6,283 | 301,62 | 301,62 |  0,00 | 22,217 | 302,03 | 302,03 |  0,00 | 87,849 | 35,93 | 35,93 | 206,297 |   NaN | NaN | 0,00 | 0,00 | NaN
  62 |  0,00 | 11,853 | 683,86 | 683,86 | 707,25 |  0,00 | 0,437 | 44,35 | 44,35 |  0,00 | 9,907 | 301,84 | 301,84 |  0,00 | 26,421 | 301,73 | 301,73 |  0,00 | 114,182 | 35,93 | 35,93 | 250,961 |   NaN | NaN | 0,00 | 0,00 | NaN
  63 |  0,00 | 5,426 | 680,74 | 680,74 | 699,94 |  0,00 | 0,392 | 44,35 | 44,35 |  0,00 | 3,673 | 301,67 | 301,67 |  0,00 | 12,011 | 298,80 | 298,80 |  0,00 | 63,128 | 35,93 | 35,93 | 153,740 |   NaN | NaN | 0,00 | 0,00 | NaN
  64 |  0,00 | 11,956 | 676,58 | 676,58 | 699,80 |  0,00 | 0,435 | 44,35 | 44,35 |  0,00 | 9,168 | 298,72 | 298,72 |  0,00 | 28,261 | 297,58 | 297,58 |  0,00 | 105,923 | 35,93 | 35,93 | 240,003 |   NaN | NaN | 0,00 | 0,00 | NaN

= = = = = = = = = = = = AVERAGE RESULTS system = = = = = = = = = = = =
meanPLR_system | 0,000000 
meanDelay_system | 6,310297 
meanLoad_system | 680,125243 
meanTHR_system | 680,125243 
meanGate_system | 700,076945 

meanPLR_EF_system | 0,000000 
meanPLR_AF_system | 0,000000 
meanPLR_BE_system | 0,000000 
meanPLR_FLA_system | 0,000000 
meanPLR_FLB_system | NaN 

meanTHR_EF_system | 44,352002 
meanTHR_AF_system | 300,170711 
meanTHR_BE_system | 299,673066 
meanTHR_FLA_system | 36,551276 
meanTHR_FLB_system | 0,000000 

meanLoad_EF_system | 44,352002 
meanLoad_AF_system | 300,170711 
meanLoad_BE_system | 299,673066 
meanLoad_FLA_system | 36,551276 
meanLoad_FLB_system | 0,000000 

meanDELAY_EF_system | 0,396714 
meanDELAY_AF_system | 4,692275 
meanDELAY_BE_system | 13,902452 
meanDELAY_FLA_system | 68,925557 
meanDELAY_FLB_system | NaN 
meanDELAY_CompleteFLA_system | 161,741634 
meanDELAY_CompleteFLB_system | NaN 

= = = = = = = = = = = = AVERAGE RESULTS = = = = = = = = = = = =
Packet Loss Ratio: 00,00 (%)
PROCESSED PACKAGES: 1990778096 
DISCARTED PACKAGES: 0 
TOTAL PACKAGES: 1990778096 
AVERAGE DELAY: 1112,85 (ms) 
AVERAGE THROUGHPUT: 680,13 (Mbps) 
GRANTED THROUGHPUT: 44804,92 (Mbps) By 64 ONUs
EFFECTIVE THROUGHPUT: 43528,02 (Mbps) By 64 ONUs
TOTAL LOAD: 43528,02 (Mbps) By 64 ONUs
ON Arrival THROUGHPUT: 0,00 (Mbps) By 64 ONUs
FINISHTIMEFL: 173,345522 
FINISHTIME: 176,345522 


fileName | IPACT_STRICTPRIORITY_4_30_80_0 
