
ONU ID 	|  PLR(%) | Delay(ms) | Throughput(Mbps) | Granted Throughput(Mbps) | Total Load (Mbps) 

  ID |  PLR(%) |  D  | Thr |  Gates  |  Load  | PLR-EF | D-EF | ThrEF | LoadEF | PLR-AF | D-AF | ThrAF | LoadAF | PLR-BE | D-BE | ThrBE | LoadBE | PLR-FA | D-FA | ThrFA | LoadFA | DTFA |  PLR-FB | D-FB | ThrFB | LoadFB | DTFB | 
   1 |  6,71 | 289,191 | 755,27 | 809,59 | 759,54 |  0,00 | 1,408 | 44,35 | 44,35 |  0,00 | 11,046 | 365,22 | 365,22 | 15,28 | 1112,856 | 301,16 | 355,47 |  0,00 | 221,731 | 44,54 | 44,54 | 462,721 |   NaN | NaN | 0,00 | 0,00 | NaN
   2 |  7,20 | 279,999 | 754,06 | 812,52 | 758,38 |  0,00 | 1,420 | 44,35 | 44,35 |  0,00 | 3,150 | 363,91 | 363,91 | 16,25 | 1041,744 | 301,25 | 359,72 |  0,00 | 767,196 | 44,54 | 44,54 | 1553,599 |   NaN | NaN | 0,00 | 0,00 | NaN
   3 |  6,34 | 266,323 | 755,52 | 806,65 | 759,81 |  0,00 | 1,356 | 44,35 | 44,35 |  0,00 | 1,834 | 360,40 | 360,40 | 14,31 | 977,079 | 306,23 | 357,36 |  0,00 | 735,447 | 44,54 | 44,54 | 1490,075 |   NaN | NaN | 0,00 | 0,00 | NaN
   4 |  7,33 | 295,621 | 755,22 | 814,96 | 759,58 |  0,00 | 1,362 | 44,35 | 44,35 |  0,00 | 22,679 | 366,07 | 366,07 | 16,59 | 1132,558 | 300,26 | 360,00 |  0,00 | 156,566 | 44,54 | 44,54 | 332,260 |   NaN | NaN | 0,00 | 0,00 | NaN
   5 |  6,52 | 265,142 | 755,02 | 807,71 | 759,30 |  0,00 | 1,387 | 44,35 | 44,35 |  0,00 | 2,062 | 359,19 | 359,19 | 14,65 | 945,966 | 306,94 | 359,63 |  0,00 | 1038,117 | 44,54 | 44,54 | 2095,277 |   NaN | NaN | 0,00 | 0,00 | NaN
   6 |  7,16 | 278,027 | 754,81 | 812,98 | 759,07 |  0,00 | 1,336 | 44,35 | 44,35 |  0,00 | 2,193 | 363,62 | 363,62 | 16,14 | 1025,825 | 302,30 | 360,47 |  0,00 | 850,706 | 44,54 | 44,54 | 1720,491 |   NaN | NaN | 0,00 | 0,00 | NaN
   7 |  6,75 | 278,356 | 755,09 | 809,72 | 759,37 |  0,00 | 1,354 | 44,35 | 44,35 |  0,00 | 4,310 | 361,46 | 361,46 | 15,20 | 1054,196 | 304,74 | 359,37 |  0,00 | 369,585 | 44,54 | 44,54 | 758,375 |   NaN | NaN | 0,00 | 0,00 | NaN
   8 |  6,83 | 279,950 | 755,27 | 810,61 | 759,57 |  0,00 | 1,404 | 44,35 | 44,35 |  0,00 | 2,163 | 358,74 | 358,74 | 15,25 | 1019,685 | 307,64 | 362,98 |  0,00 | 798,694 | 44,54 | 44,54 | 1616,599 |   NaN | NaN | 0,00 | 0,00 | NaN
   9 |  7,10 | 281,677 | 755,07 | 812,79 | 759,36 |  0,00 | 1,344 | 44,35 | 44,35 |  0,00 | 2,472 | 362,74 | 362,74 | 15,98 | 1060,121 | 303,44 | 361,16 |  0,00 | 542,071 | 44,54 | 44,54 | 1103,277 |   NaN | NaN | 0,00 | 0,00 | NaN
  10 |  6,57 | 283,429 | 755,18 | 808,29 | 759,49 |  0,00 | 1,405 | 44,35 | 44,35 |  0,00 | 13,731 | 360,45 | 360,45 | 14,80 | 1071,687 | 305,84 | 358,95 |  0,00 | 203,974 | 44,54 | 44,54 | 427,193 |   NaN | NaN | 0,00 | 0,00 | NaN
  11 |  6,50 | 262,505 | 753,38 | 805,76 | 757,67 |  0,00 | 1,345 | 44,35 | 44,35 |  0,00 | 1,941 | 355,64 | 355,64 | 14,50 | 898,695 | 308,85 | 361,22 |  0,00 | 1435,116 | 44,54 | 44,54 | 2889,326 |   NaN | NaN | 0,00 | 0,00 | NaN
  12 |  6,68 | 276,536 | 755,27 | 809,32 | 759,58 |  0,00 | 1,407 | 44,35 | 44,35 |  0,00 | 2,156 | 360,15 | 360,15 | 15,00 | 1004,336 | 306,23 | 360,28 |  0,00 | 888,961 | 44,54 | 44,54 | 1796,981 |   NaN | NaN | 0,00 | 0,00 | NaN
  13 |  5,89 | 264,165 | 754,64 | 801,89 | 758,93 |  0,00 | 1,371 | 44,35 | 44,35 |  0,00 | 2,160 | 357,86 | 357,86 | 13,31 | 959,981 | 307,89 | 355,14 |  0,00 | 768,888 | 44,54 | 44,54 | 1556,880 |   NaN | NaN | 0,00 | 0,00 | NaN
  14 |  7,03 | 269,694 | 754,23 | 811,27 | 758,53 |  0,00 | 1,413 | 44,35 | 44,35 |  0,00 | 2,214 | 361,10 | 361,10 | 15,79 | 972,617 | 304,24 | 361,28 |  0,00 | 1023,676 | 44,54 | 44,54 | 2066,499 |   NaN | NaN | 0,00 | 0,00 | NaN
  15 |  6,52 | 281,104 | 753,55 | 806,14 | 757,85 |  0,00 | 1,407 | 44,35 | 44,35 |  0,00 | 4,560 | 354,86 | 354,86 | 14,51 | 1045,056 | 309,80 | 362,39 |  0,00 | 376,468 | 44,54 | 44,54 | 772,049 |   NaN | NaN | 0,00 | 0,00 | NaN
  16 |  7,86 | 289,042 | 754,42 | 818,78 | 758,71 |  0,00 | 1,398 | 44,35 | 44,35 |  0,00 | 2,667 | 361,89 | 361,89 | 17,49 | 1080,478 | 303,64 | 368,00 |  0,00 | 634,300 | 44,54 | 44,54 | 1287,713 |   NaN | NaN | 0,00 | 0,00 | NaN
  17 |  7,09 | 281,612 | 754,26 | 811,80 | 758,56 |  0,00 | 1,411 | 44,35 | 44,35 |  0,00 | 2,220 | 362,54 | 362,54 | 15,97 | 1056,390 | 302,83 | 360,37 |  0,00 | 606,299 | 44,54 | 44,54 | 1231,776 |   NaN | NaN | 0,00 | 0,00 | NaN
  18 |  6,40 | 259,753 | 754,32 | 805,92 | 758,61 |  0,00 | 1,388 | 44,35 | 44,35 |  0,00 | 2,325 | 357,56 | 357,56 | 14,35 | 882,970 | 307,87 | 359,47 |  0,00 | 1543,595 | 44,54 | 44,54 | 3106,281 |   NaN | NaN | 0,00 | 0,00 | NaN
  19 |  5,64 | 263,849 | 754,62 | 799,74 | 758,90 |  0,00 | 1,379 | 44,35 | 44,35 |  0,00 | 2,431 | 353,96 | 353,96 | 12,64 | 910,342 | 311,77 | 356,89 |  0,00 | 1244,098 | 44,54 | 44,54 | 2507,118 |   NaN | NaN | 0,00 | 0,00 | NaN
  20 |  6,24 | 265,679 | 754,71 | 804,91 | 759,00 |  0,00 | 1,374 | 44,35 | 44,35 |  0,00 | 1,744 | 361,38 | 361,38 | 14,16 | 923,407 | 304,43 | 354,64 |  0,00 | 1459,163 | 44,54 | 44,54 | 2937,600 |   NaN | NaN | 0,00 | 0,00 | NaN
  21 |  5,33 | 271,377 | 754,67 | 797,19 | 758,96 |  0,00 | 1,379 | 44,35 | 44,35 |  0,00 | 6,178 | 355,24 | 355,24 | 12,04 | 1011,053 | 310,54 | 353,06 |  0,00 | 292,545 | 44,54 | 44,54 | 604,199 |   NaN | NaN | 0,00 | 0,00 | NaN
  22 |  7,47 | 278,775 | 755,12 | 816,07 | 759,44 |  0,00 | 1,417 | 44,35 | 44,35 |  0,00 | 2,387 | 367,75 | 367,75 | 16,96 | 1023,756 | 298,49 | 359,43 |  0,00 | 1076,885 | 44,54 | 44,54 | 2172,866 |   NaN | NaN | 0,00 | 0,00 | NaN
  23 |  6,82 | 268,964 | 754,79 | 810,02 | 759,10 |  0,00 | 1,399 | 44,35 | 44,35 |  0,00 | 2,252 | 360,66 | 360,66 | 15,32 | 941,190 | 305,24 | 360,47 |  0,00 | 1357,131 | 44,54 | 44,54 | 2733,362 |   NaN | NaN | 0,00 | 0,00 | NaN
  24 |  6,96 | 277,828 | 755,30 | 811,84 | 759,58 |  0,00 | 1,361 | 44,35 | 44,35 |  0,00 | 1,860 | 359,80 | 359,80 | 15,57 | 1017,876 | 306,61 | 363,15 |  0,00 | 768,802 | 44,54 | 44,54 | 1556,870 |   NaN | NaN | 0,00 | 0,00 | NaN
  25 |  7,44 | 288,133 | 754,85 | 815,53 | 759,16 |  0,00 | 1,418 | 44,35 | 44,35 |  0,00 | 3,173 | 358,94 | 358,94 | 16,50 | 1081,072 | 307,02 | 367,70 |  0,00 | 426,799 | 44,54 | 44,54 | 872,759 |   NaN | NaN | 0,00 | 0,00 | NaN
  26 |  6,36 | 282,013 | 754,69 | 805,91 | 758,98 |  0,00 | 1,415 | 44,35 | 44,35 |  0,00 | 3,906 | 359,10 | 359,10 | 14,31 | 1062,472 | 306,70 | 357,93 |  0,00 | 356,190 | 44,54 | 44,54 | 731,439 |   NaN | NaN | 0,00 | 0,00 | NaN
  27 |  6,25 | 261,137 | 754,82 | 805,17 | 759,11 |  0,00 | 1,341 | 44,35 | 44,35 |  0,00 | 1,857 | 361,18 | 361,18 | 14,18 | 896,951 | 304,75 | 355,10 |  0,00 | 1557,704 | 44,54 | 44,54 | 3134,383 |   NaN | NaN | 0,00 | 0,00 | NaN
  28 |  5,91 | 264,208 | 754,09 | 801,42 | 758,38 |  0,00 | 1,408 | 44,35 | 44,35 |  0,00 | 2,161 | 359,59 | 359,59 | 13,41 | 920,786 | 305,61 | 352,94 |  0,00 | 1363,666 | 44,54 | 44,54 | 2746,388 |   NaN | NaN | 0,00 | 0,00 | NaN
  29 |  7,21 | 267,709 | 754,67 | 813,35 | 758,96 |  0,00 | 1,387 | 44,35 | 44,35 |  0,00 | 2,008 | 361,90 | 361,90 | 16,19 | 935,919 | 303,87 | 362,55 |  0,00 | 1414,976 | 44,54 | 44,54 | 2849,063 |   NaN | NaN | 0,00 | 0,00 | NaN
  30 |  6,33 | 263,576 | 754,55 | 805,52 | 758,85 |  0,00 | 1,417 | 44,35 | 44,35 |  0,00 | 2,455 | 357,07 | 357,07 | 14,18 | 899,364 | 308,59 | 359,56 |  0,00 | 1495,832 | 44,54 | 44,54 | 3010,772 |   NaN | NaN | 0,00 | 0,00 | NaN
  31 |  6,24 | 263,398 | 755,14 | 805,43 | 759,44 |  0,00 | 1,384 | 44,35 | 44,35 |  0,00 | 1,778 | 360,87 | 360,87 | 14,14 | 919,451 | 305,39 | 355,67 |  0,00 | 1361,268 | 44,54 | 44,54 | 2741,543 |   NaN | NaN | 0,00 | 0,00 | NaN
  32 |  6,93 | 266,823 | 755,04 | 811,26 | 759,32 |  0,00 | 1,341 | 44,35 | 44,35 |  0,00 | 2,472 | 360,54 | 360,54 | 15,54 | 925,401 | 305,61 | 361,83 |  0,00 | 1439,125 | 44,54 | 44,54 | 2897,239 |   NaN | NaN | 0,00 | 0,00 | NaN
  33 |  6,30 | 259,441 | 754,92 | 805,64 | 759,21 |  0,00 | 1,406 | 44,35 | 44,35 |  0,00 | 2,266 | 358,50 | 358,50 | 14,16 | 888,502 | 307,53 | 358,25 |  0,00 | 1473,937 | 44,54 | 44,54 | 2966,978 |   NaN | NaN | 0,00 | 0,00 | NaN
  34 |  6,30 | 263,064 | 754,55 | 805,30 | 758,83 |  0,00 | 1,397 | 44,35 | 44,35 |  0,00 | 2,095 | 359,81 | 359,81 | 14,23 | 897,319 | 305,84 | 356,60 |  0,00 | 1604,786 | 44,54 | 44,54 | 3228,722 |   NaN | NaN | 0,00 | 0,00 | NaN
  35 |  7,34 | 265,571 | 754,73 | 814,52 | 759,01 |  0,00 | 1,346 | 44,35 | 44,35 |  0,00 | 2,021 | 362,98 | 362,98 | 16,49 | 912,006 | 302,86 | 362,65 |  0,00 | 1656,219 | 44,54 | 44,54 | 3331,511 |   NaN | NaN | 0,00 | 0,00 | NaN
  36 |  6,37 | 260,413 | 755,49 | 806,92 | 759,78 |  0,00 | 1,399 | 44,35 | 44,35 |  0,00 | 2,232 | 355,88 | 355,88 | 14,20 | 875,956 | 310,72 | 362,14 |  0,00 | 1577,112 | 44,54 | 44,54 | 3173,245 |   NaN | NaN | 0,00 | 0,00 | NaN
  37 |  7,42 | 273,090 | 755,49 | 816,03 | 759,78 |  0,00 | 1,382 | 44,35 | 44,35 |  0,00 | 2,431 | 366,07 | 366,07 | 16,77 | 966,253 | 300,53 | 361,07 |  0,00 | 1440,433 | 44,54 | 44,54 | 2899,928 |   NaN | NaN | 0,00 | 0,00 | NaN
  38 |  7,07 | 264,396 | 754,90 | 812,37 | 759,18 |  0,00 | 1,374 | 44,35 | 44,35 |  0,00 | 1,703 | 362,47 | 362,47 | 15,92 | 917,347 | 303,54 | 361,01 |  0,00 | 1513,642 | 44,54 | 44,54 | 3046,344 |   NaN | NaN | 0,00 | 0,00 | NaN
  39 |  5,32 | 254,749 | 754,04 | 796,37 | 758,38 |  0,00 | 1,417 | 44,35 | 44,35 |  0,00 | 1,764 | 355,03 | 355,03 | 12,01 | 863,325 | 310,12 | 352,45 |  0,00 | 1468,531 | 44,54 | 44,54 | 2956,116 |   NaN | NaN | 0,00 | 0,00 | NaN
  40 |  5,75 | 254,513 | 754,71 | 800,73 | 759,02 |  0,00 | 1,417 | 44,35 | 44,35 |  0,00 | 1,998 | 358,96 | 358,96 | 13,04 | 865,385 | 306,86 | 352,89 |  0,00 | 1550,787 | 44,54 | 44,54 | 3120,494 |   NaN | NaN | 0,00 | 0,00 | NaN
  41 |  7,19 | 267,889 | 754,62 | 813,10 | 758,92 |  0,00 | 1,400 | 44,35 | 44,35 |  0,00 | 2,138 | 356,99 | 356,99 | 15,93 | 923,953 | 308,74 | 367,22 |  0,00 | 1390,752 | 44,54 | 44,54 | 2800,592 |   NaN | NaN | 0,00 | 0,00 | NaN
  42 |  7,40 | 267,890 | 754,95 | 815,26 | 759,24 |  0,00 | 1,346 | 44,35 | 44,35 |  0,00 | 1,797 | 363,34 | 363,34 | 16,61 | 941,064 | 302,72 | 363,03 |  0,00 | 1415,215 | 44,54 | 44,54 | 2849,601 |   NaN | NaN | 0,00 | 0,00 | NaN
  43 |  7,76 | 268,450 | 755,30 | 818,83 | 759,59 |  0,00 | 1,424 | 44,35 | 44,35 |  0,00 | 1,661 | 366,20 | 366,20 | 17,47 | 947,289 | 300,21 | 363,74 |  0,00 | 1464,042 | 44,54 | 44,54 | 2947,154 |   NaN | NaN | 0,00 | 0,00 | NaN
  44 |  7,03 | 271,802 | 755,16 | 812,26 | 759,45 |  0,00 | 1,336 | 44,35 | 44,35 |  0,00 | 1,957 | 359,01 | 359,01 | 15,67 | 945,219 | 307,26 | 364,35 |  0,00 | 1381,246 | 44,54 | 44,54 | 2781,617 |   NaN | NaN | 0,00 | 0,00 | NaN
  45 |  6,37 | 263,616 | 755,32 | 806,75 | 759,64 |  0,00 | 1,421 | 44,35 | 44,35 |  0,00 | 2,113 | 363,77 | 363,77 | 14,52 | 924,803 | 302,66 | 354,08 |  0,00 | 1409,125 | 44,54 | 44,54 | 2837,327 |   NaN | NaN | 0,00 | 0,00 | NaN
  46 |  6,73 | 259,483 | 754,57 | 808,98 | 758,87 |  0,00 | 1,360 | 44,35 | 44,35 |  0,00 | 1,698 | 358,22 | 358,22 | 15,03 | 889,982 | 307,46 | 361,87 |  0,00 | 1461,002 | 44,54 | 44,54 | 2941,105 |   NaN | NaN | 0,00 | 0,00 | NaN
  47 |  6,45 | 264,221 | 754,73 | 806,81 | 759,02 |  0,00 | 1,358 | 44,35 | 44,35 |  0,00 | 1,880 | 360,35 | 360,35 | 14,56 | 923,065 | 305,49 | 357,57 |  0,00 | 1349,034 | 44,54 | 44,54 | 2717,191 |   NaN | NaN | 0,00 | 0,00 | NaN
  48 |  6,32 | 257,696 | 753,82 | 804,65 | 758,11 |  0,00 | 1,387 | 44,35 | 44,35 |  0,00 | 2,103 | 357,77 | 357,77 | 14,20 | 889,096 | 307,17 | 358,00 |  0,00 | 1381,726 | 44,54 | 44,54 | 2782,544 |   NaN | NaN | 0,00 | 0,00 | NaN
  49 |  6,44 | 264,251 | 754,56 | 806,46 | 758,86 |  0,00 | 1,400 | 44,35 | 44,35 |  0,00 | 2,021 | 359,82 | 359,82 | 14,51 | 921,430 | 305,85 | 357,75 |  0,00 | 1351,937 | 44,54 | 44,54 | 2723,074 |   NaN | NaN | 0,00 | 0,00 | NaN
  50 |  6,92 | 267,143 | 755,00 | 811,10 | 759,29 |  0,00 | 1,354 | 44,35 | 44,35 |  0,00 | 1,840 | 362,93 | 362,93 | 15,61 | 932,404 | 303,18 | 359,28 |  0,00 | 1470,444 | 44,54 | 44,54 | 2960,012 |   NaN | NaN | 0,00 | 0,00 | NaN
  51 |  6,67 | 266,154 | 754,71 | 808,67 | 758,98 |  0,00 | 1,352 | 44,35 | 44,35 |  0,00 | 1,864 | 358,71 | 358,71 | 14,94 | 922,887 | 307,11 | 361,07 |  0,00 | 1386,010 | 44,54 | 44,54 | 2791,049 |   NaN | NaN | 0,00 | 0,00 | NaN
  52 |  6,87 | 272,649 | 754,46 | 810,09 | 758,75 |  0,00 | 1,378 | 44,35 | 44,35 |  0,00 | 1,981 | 356,46 | 356,46 | 15,25 | 940,779 | 309,11 | 364,74 |  0,00 | 1399,174 | 44,54 | 44,54 | 2817,442 |   NaN | NaN | 0,00 | 0,00 | NaN
  53 |  6,91 | 266,044 | 754,71 | 810,71 | 759,01 |  0,00 | 1,366 | 44,35 | 44,35 |  0,00 | 1,756 | 362,71 | 362,71 | 15,59 | 929,798 | 303,11 | 359,10 |  0,00 | 1445,409 | 44,54 | 44,54 | 2909,838 |   NaN | NaN | 0,00 | 0,00 | NaN
  54 |  5,82 | 259,015 | 755,41 | 802,13 | 759,71 |  0,00 | 1,368 | 44,35 | 44,35 |  0,00 | 2,452 | 359,37 | 359,37 | 13,20 | 893,289 | 307,15 | 353,87 |  0,00 | 1406,875 | 44,54 | 44,54 | 2832,774 |   NaN | NaN | 0,00 | 0,00 | NaN
  55 |  6,17 | 264,586 | 754,80 | 804,44 | 759,09 |  0,00 | 1,353 | 44,35 | 44,35 |  0,00 | 1,900 | 356,51 | 356,51 | 13,83 | 900,358 | 309,40 | 359,05 |  0,00 | 1514,484 | 44,54 | 44,54 | 3047,807 |   NaN | NaN | 0,00 | 0,00 | NaN
  56 |  6,08 | 258,687 | 754,91 | 803,77 | 759,20 |  0,00 | 1,359 | 44,35 | 44,35 |  0,00 | 1,786 | 357,82 | 357,82 | 13,68 | 891,070 | 308,19 | 357,05 |  0,00 | 1383,326 | 44,54 | 44,54 | 2785,692 |   NaN | NaN | 0,00 | 0,00 | NaN
  57 |  6,46 | 259,318 | 754,90 | 807,04 | 759,20 |  0,00 | 1,356 | 44,35 | 44,35 |  0,00 | 2,125 | 358,29 | 358,29 | 14,49 | 896,185 | 307,73 | 359,86 |  0,00 | 1362,018 | 44,54 | 44,54 | 2743,122 |   NaN | NaN | 0,00 | 0,00 | NaN
  58 |  6,68 | 269,702 | 755,50 | 809,60 | 759,79 |  0,00 | 1,385 | 44,35 | 44,35 |  0,00 | 2,192 | 360,28 | 360,28 | 15,01 | 940,471 | 306,33 | 360,43 |  0,00 | 1366,329 | 44,54 | 44,54 | 2751,815 |   NaN | NaN | 0,00 | 0,00 | NaN
  59 |  7,25 | 260,252 | 755,58 | 814,67 | 759,87 |  0,00 | 1,404 | 44,35 | 44,35 |  0,00 | 1,732 | 359,37 | 359,37 | 16,13 | 883,555 | 307,32 | 366,41 |  0,00 | 1599,804 | 44,54 | 44,54 | 3218,611 |   NaN | NaN | 0,00 | 0,00 | NaN
  60 |  6,57 | 266,323 | 754,17 | 807,24 | 758,46 |  0,00 | 1,339 | 44,35 | 44,35 |  0,00 | 1,702 | 359,56 | 359,56 | 14,79 | 926,814 | 305,72 | 358,79 |  0,00 | 1392,218 | 44,54 | 44,54 | 2803,548 |   NaN | NaN | 0,00 | 0,00 | NaN
  61 |  7,21 | 273,559 | 755,30 | 813,95 | 759,59 |  0,00 | 1,361 | 44,35 | 44,35 |  0,00 | 1,897 | 362,48 | 362,48 | 16,18 | 956,845 | 303,93 | 362,57 |  0,00 | 1451,408 | 44,54 | 44,54 | 2922,022 |   NaN | NaN | 0,00 | 0,00 | NaN
  62 |  7,26 | 261,515 | 754,20 | 813,27 | 758,53 |  0,00 | 1,423 | 44,35 | 44,35 |  0,00 | 1,868 | 362,08 | 362,08 | 16,31 | 916,081 | 303,23 | 362,30 |  0,00 | 1381,797 | 44,54 | 44,54 | 2782,505 |   NaN | NaN | 0,00 | 0,00 | NaN
  63 |  6,82 | 265,018 | 754,80 | 810,04 | 759,09 |  0,00 | 1,378 | 44,35 | 44,35 |  0,00 | 2,286 | 362,26 | 362,26 | 15,39 | 919,558 | 303,64 | 358,88 |  0,00 | 1498,775 | 44,54 | 44,54 | 3016,709 |   NaN | NaN | 0,00 | 0,00 | NaN
  64 |  5,93 | 260,353 | 755,05 | 802,64 | 759,37 |  0,00 | 1,421 | 44,35 | 44,35 |  0,00 | 1,942 | 357,67 | 357,67 | 13,36 | 894,711 | 308,49 | 356,08 |  0,00 | 1407,638 | 44,54 | 44,54 | 2834,450 |   NaN | NaN | 0,00 | 0,00 | NaN

= = = = = = = = = = = = AVERAGE RESULTS system = = = = = = = = = = = =
meanPLR_system | 6,668620 
meanDelay_system | 269,006958 
meanLoad_system | 808,756270 
meanTHR_system | 754,796706 
meanGate_system | 759,092270 

meanPLR_EF_system | 0,000000 
meanPLR_AF_system | 0,000000 
meanPLR_BE_system | 14,993652 
meanPLR_FLA_system | 0,000000 
meanPLR_FLB_system | NaN 

meanTHR_EF_system | 44,352003 
meanTHR_AF_system | 360,203149 
meanTHR_BE_system | 305,702224 
meanTHR_FLA_system | 45,336062 
meanTHR_FLB_system | 0,000000 

meanLoad_EF_system | 44,352003 
meanLoad_AF_system | 360,203149 
meanLoad_BE_system | 359,661787 
meanLoad_FLA_system | 45,336062 
meanLoad_FLB_system | 0,000000 

meanDELAY_EF_system | 1,382815 
meanDELAY_AF_system | 2,902266 
meanDELAY_BE_system | 953,876255 
meanDELAY_FLA_system | 1170,793906 
meanDELAY_FLB_system | NaN 
meanDELAY_CompleteFLA_system | 2360,686129 
meanDELAY_CompleteFLB_system | NaN 

= = = = = = = = = = = = AVERAGE RESULTS = = = = = = = = = = = =
Packet Loss Ratio: 06,67 (%)
PROCESSED PACKAGES: 2048872885 
DISCARTED PACKAGES: 92011715 
TOTAL PACKAGES: 2140884600 
AVERAGE DELAY: 50448,34 (ms) 
AVERAGE THROUGHPUT: 754,80 (Mbps) 
GRANTED THROUGHPUT: 48581,91 (Mbps) By 64 ONUs
EFFECTIVE THROUGHPUT: 48306,99 (Mbps) By 64 ONUs
TOTAL LOAD: 51760,40 (Mbps) By 64 ONUs
ON Arrival THROUGHPUT: 0,00 (Mbps) By 64 ONUs
FINISHTIMEFL: 167,707552 
FINISHTIME: 170,707552 


fileName | IPACT_LEAKYBUCKET_3_36_96_0 
