
ONU ID 	|  PLR(%) | Delay(ms) | Throughput(Mbps) | Granted Throughput(Mbps) | Total Load (Mbps) 

  ID |  PLR(%) |  D  | Thr |  Gates  |  Load  | PLR-EF | D-EF | ThrEF | LoadEF | PLR-AF | D-AF | ThrAF | LoadAF | PLR-BE | D-BE | ThrBE | LoadBE | PLR-FA | D-FA | ThrFA | LoadFA | DTFA |  PLR-FB | D-FB | ThrFB | LoadFB | DTFB | 
   1 | 15,90 | 301,568 | 755,70 | 898,58 | 759,97 |  0,00 | 1,408 | 44,35 | 44,35 |  0,00 | 43,983 | 373,58 | 373,58 | 39,39 | 1455,802 | 219,90 | 362,78 |  0,00 | 194,346 | 117,87 | 117,87 | 407,787 |   NaN | NaN | 0,00 | 0,00 | NaN
   2 | 15,92 | 289,510 | 754,81 | 897,72 | 759,10 |  0,00 | 1,420 | 44,35 | 44,35 |  0,00 | 8,356 | 366,22 | 366,22 | 38,70 | 1361,483 | 226,37 | 369,28 |  0,00 | 370,443 | 117,87 | 117,87 | 759,998 |   NaN | NaN | 0,00 | 0,00 | NaN
   3 | 16,26 | 293,224 | 755,93 | 902,67 | 760,19 |  0,00 | 1,357 | 44,35 | 44,35 |  0,00 | 8,460 | 371,56 | 371,56 | 39,78 | 1411,889 | 222,15 | 368,89 |  0,00 | 358,836 | 117,87 | 117,87 | 736,872 |   NaN | NaN | 0,00 | 0,00 | NaN
   4 | 16,32 | 300,293 | 755,22 | 902,52 | 759,49 |  0,00 | 1,362 | 44,35 | 44,35 |  0,00 | 50,469 | 373,94 | 373,94 | 40,21 | 1449,289 | 219,06 | 366,36 |  0,00 | 172,117 | 117,87 | 117,87 | 363,358 |   NaN | NaN | 0,00 | 0,00 | NaN
   5 | 15,64 | 284,517 | 755,80 | 895,95 | 760,08 |  0,00 | 1,388 | 44,35 | 44,35 |  0,00 | 7,886 | 367,82 | 367,82 | 38,30 | 1317,286 | 225,76 | 365,91 |  0,00 | 458,969 | 117,87 | 117,87 | 937,078 |   NaN | NaN | 0,00 | 0,00 | NaN
   6 | 16,37 | 292,626 | 756,02 | 903,98 | 760,27 |  0,00 | 1,336 | 44,35 | 44,35 |  0,00 | 8,273 | 372,45 | 372,45 | 40,07 | 1402,445 | 221,35 | 369,31 |  0,00 | 398,047 | 117,87 | 117,87 | 815,302 |   NaN | NaN | 0,00 | 0,00 | NaN
   7 | 15,74 | 296,925 | 755,66 | 896,79 | 759,90 |  0,00 | 1,355 | 44,35 | 44,35 |  0,00 | 28,878 | 368,27 | 368,27 | 38,53 | 1410,500 | 225,16 | 366,29 |  0,00 | 240,998 | 117,87 | 117,87 | 501,184 |   NaN | NaN | 0,00 | 0,00 | NaN
   8 | 16,39 | 293,121 | 754,19 | 902,03 | 758,47 |  0,00 | 1,405 | 44,35 | 44,35 |  0,00 | 8,875 | 368,17 | 368,17 | 39,78 | 1391,241 | 223,81 | 371,65 |  0,00 | 380,814 | 117,87 | 117,87 | 780,775 |   NaN | NaN | 0,00 | 0,00 | NaN
   9 | 16,05 | 292,974 | 756,32 | 900,93 | 760,57 |  0,00 | 1,344 | 44,35 | 44,35 |  0,00 | 14,595 | 372,28 | 372,28 | 39,47 | 1419,529 | 221,81 | 366,43 |  0,00 | 298,516 | 117,87 | 117,87 | 616,161 |   NaN | NaN | 0,00 | 0,00 | NaN
  10 | 15,83 | 299,647 | 756,20 | 898,47 | 760,46 |  0,00 | 1,405 | 44,35 | 44,35 |  0,00 | 39,303 | 369,83 | 369,83 | 38,83 | 1428,498 | 224,15 | 366,42 |  0,00 | 189,776 | 117,87 | 117,87 | 398,716 |   NaN | NaN | 0,00 | 0,00 | NaN
  11 | 14,99 | 279,599 | 755,23 | 888,39 | 759,48 |  0,00 | 1,345 | 44,35 | 44,35 |  0,00 | 3,398 | 360,22 | 360,22 | 36,39 | 1225,384 | 232,79 | 365,95 |  0,00 | 587,179 | 117,87 | 117,87 | 1193,437 |   NaN | NaN | 0,00 | 0,00 | NaN
  12 | 16,05 | 290,199 | 755,97 | 900,53 | 760,25 |  0,00 | 1,407 | 44,35 | 44,35 |  0,00 | 6,238 | 369,06 | 369,06 | 39,15 | 1368,780 | 224,69 | 369,25 |  0,00 | 410,534 | 117,87 | 117,87 | 840,265 |   NaN | NaN | 0,00 | 0,00 | NaN
  13 | 15,18 | 290,166 | 754,81 | 889,87 | 759,09 |  0,00 | 1,372 | 44,35 | 44,35 |  0,00 | 9,018 | 364,13 | 364,13 | 37,15 | 1351,567 | 228,47 | 363,52 |  0,00 | 370,824 | 117,87 | 117,87 | 760,811 |   NaN | NaN | 0,00 | 0,00 | NaN
  14 | 16,29 | 287,985 | 755,08 | 902,03 | 759,36 |  0,00 | 1,413 | 44,35 | 44,35 |  0,00 | 6,247 | 370,31 | 370,31 | 39,77 | 1356,674 | 222,55 | 369,50 |  0,00 | 454,364 | 117,87 | 117,87 | 927,921 |   NaN | NaN | 0,00 | 0,00 | NaN
  15 | 15,55 | 297,792 | 755,17 | 894,19 | 759,43 |  0,00 | 1,407 | 44,35 | 44,35 |  0,00 | 27,434 | 363,41 | 363,41 | 37,72 | 1389,103 | 229,53 | 368,56 |  0,00 | 245,516 | 117,87 | 117,87 | 510,108 |   NaN | NaN | 0,00 | 0,00 | NaN
  16 | 16,44 | 294,478 | 755,54 | 904,21 | 759,81 |  0,00 | 1,399 | 44,35 | 44,35 |  0,00 | 15,593 | 368,80 | 368,80 | 39,84 | 1399,553 | 224,52 | 373,18 |  0,00 | 327,910 | 117,87 | 117,87 | 674,912 |   NaN | NaN | 0,00 | 0,00 | NaN
  17 | 15,96 | 295,091 | 755,60 | 899,10 | 759,88 |  0,00 | 1,411 | 44,35 | 44,35 |  0,00 | 15,647 | 367,51 | 367,51 | 38,85 | 1396,472 | 225,87 | 369,37 |  0,00 | 317,827 | 117,87 | 117,87 | 654,778 |   NaN | NaN | 0,00 | 0,00 | NaN
  18 | 15,81 | 281,764 | 755,37 | 897,23 | 759,65 |  0,00 | 1,388 | 44,35 | 44,35 |  0,00 | 3,782 | 366,67 | 366,67 | 38,51 | 1260,454 | 226,48 | 368,34 |  0,00 | 622,157 | 117,87 | 117,87 | 1263,656 |   NaN | NaN | 0,00 | 0,00 | NaN
  19 | 15,13 | 282,391 | 756,00 | 890,79 | 760,26 |  0,00 | 1,379 | 44,35 | 44,35 |  0,00 | 3,803 | 362,18 | 362,18 | 36,79 | 1262,591 | 231,60 | 366,39 |  0,00 | 524,889 | 117,87 | 117,87 | 1068,979 |   NaN | NaN | 0,00 | 0,00 | NaN
  20 | 15,25 | 279,929 | 755,93 | 891,97 | 760,21 |  0,00 | 1,375 | 44,35 | 44,35 |  0,00 | 4,353 | 368,17 | 368,17 | 37,63 | 1263,362 | 225,54 | 361,58 |  0,00 | 595,400 | 117,87 | 117,87 | 1209,884 |   NaN | NaN | 0,00 | 0,00 | NaN
  21 | 14,86 | 295,860 | 755,84 | 887,77 | 760,10 |  0,00 | 1,379 | 44,35 | 44,35 |  0,00 | 31,928 | 364,08 | 364,08 | 36,50 | 1380,741 | 229,54 | 361,47 |  0,00 | 216,788 | 117,87 | 117,87 | 452,770 |   NaN | NaN | 0,00 | 0,00 | NaN
  22 | 16,69 | 288,406 | 754,51 | 905,63 | 758,81 |  0,00 | 1,418 | 44,35 | 44,35 |  0,00 | 6,824 | 378,50 | 378,50 | 41,41 | 1407,613 | 213,79 | 364,92 |  0,00 | 471,781 | 117,87 | 117,87 | 962,696 |   NaN | NaN | 0,00 | 0,00 | NaN
  23 | 16,17 | 284,300 | 755,18 | 900,84 | 759,48 |  0,00 | 1,400 | 44,35 | 44,35 |  0,00 | 4,315 | 370,81 | 370,81 | 39,60 | 1313,106 | 222,14 | 367,81 |  0,00 | 563,089 | 117,87 | 117,87 | 1145,285 |   NaN | NaN | 0,00 | 0,00 | NaN
  24 | 16,09 | 289,588 | 754,15 | 898,77 | 758,41 |  0,00 | 1,361 | 44,35 | 44,35 |  0,00 | 9,328 | 366,67 | 366,67 | 39,10 | 1366,412 | 225,26 | 369,88 |  0,00 | 370,799 | 117,87 | 117,87 | 760,707 |   NaN | NaN | 0,00 | 0,00 | NaN
  25 | 17,00 | 299,264 | 755,19 | 909,84 | 759,49 |  0,00 | 1,419 | 44,35 | 44,35 |  0,00 | 23,545 | 368,54 | 368,54 | 40,80 | 1429,243 | 224,43 | 379,09 |  0,00 | 260,469 | 117,87 | 117,87 | 540,111 |   NaN | NaN | 0,00 | 0,00 | NaN
  26 | 15,55 | 293,793 | 756,21 | 895,49 | 760,50 |  0,00 | 1,415 | 44,35 | 44,35 |  0,00 | 27,366 | 366,00 | 366,00 | 37,92 | 1381,729 | 227,99 | 367,26 |  0,00 | 236,794 | 117,87 | 117,87 | 492,737 |   NaN | NaN | 0,00 | 0,00 | NaN
  27 | 15,18 | 277,159 | 756,07 | 891,39 | 760,35 |  0,00 | 1,342 | 44,35 | 44,35 |  0,00 | 3,699 | 367,95 | 367,95 | 37,46 | 1239,529 | 225,90 | 361,22 |  0,00 | 627,401 | 117,87 | 117,87 | 1274,227 |   NaN | NaN | 0,00 | 0,00 | NaN
  28 | 15,11 | 284,516 | 755,53 | 890,03 | 759,82 |  0,00 | 1,408 | 44,35 | 44,35 |  0,00 | 4,199 | 367,01 | 367,01 | 37,28 | 1290,327 | 226,30 | 360,80 |  0,00 | 564,876 | 117,87 | 117,87 | 1148,874 |   NaN | NaN | 0,00 | 0,00 | NaN
  29 | 16,08 | 281,649 | 755,54 | 900,32 | 759,82 |  0,00 | 1,387 | 44,35 | 44,35 |  0,00 | 3,229 | 370,51 | 370,51 | 39,39 | 1292,469 | 222,81 | 367,59 |  0,00 | 580,738 | 117,87 | 117,87 | 1180,500 |   NaN | NaN | 0,00 | 0,00 | NaN
  30 | 15,19 | 280,294 | 755,57 | 890,90 | 759,87 |  0,00 | 1,418 | 44,35 | 44,35 |  0,00 | 3,199 | 363,32 | 363,32 | 37,04 | 1238,346 | 230,02 | 365,36 |  0,00 | 608,545 | 117,87 | 117,87 | 1236,276 |   NaN | NaN | 0,00 | 0,00 | NaN
  31 | 15,54 | 284,248 | 755,81 | 894,88 | 760,09 |  0,00 | 1,385 | 44,35 | 44,35 |  0,00 | 3,485 | 366,13 | 366,13 | 37,94 | 1284,402 | 227,46 | 366,53 |  0,00 | 563,178 | 117,87 | 117,87 | 1145,488 |   NaN | NaN | 0,00 | 0,00 | NaN
  32 | 15,31 | 282,069 | 756,17 | 892,88 | 760,45 |  0,00 | 1,341 | 44,35 | 44,35 |  0,00 | 5,294 | 363,45 | 363,45 | 37,23 | 1247,752 | 230,49 | 367,21 |  0,00 | 588,402 | 117,87 | 117,87 | 1195,861 |   NaN | NaN | 0,00 | 0,00 | NaN
  33 | 15,38 | 281,265 | 756,62 | 894,14 | 760,91 |  0,00 | 1,407 | 44,35 | 44,35 |  0,00 | 3,658 | 363,53 | 363,53 | 37,33 | 1241,278 | 230,87 | 368,39 |  0,00 | 599,768 | 117,87 | 117,87 | 1218,591 |   NaN | NaN | 0,00 | 0,00 | NaN
  34 | 14,68 | 279,034 | 755,85 | 885,85 | 760,13 |  0,00 | 1,398 | 44,35 | 44,35 |  0,00 | 2,884 | 364,81 | 364,81 | 36,23 | 1230,236 | 228,82 | 358,82 |  0,00 | 643,077 | 117,87 | 117,87 | 1305,965 |   NaN | NaN | 0,00 | 0,00 | NaN
  35 | 16,09 | 277,660 | 757,21 | 902,40 | 761,49 |  0,00 | 1,347 | 44,35 | 44,35 |  0,00 | 2,549 | 370,61 | 370,61 | 39,29 | 1244,807 | 224,38 | 369,57 |  0,00 | 657,250 | 117,87 | 117,87 | 1333,718 |   NaN | NaN | 0,00 | 0,00 | NaN
  36 | 15,13 | 280,058 | 756,01 | 890,76 | 760,28 |  0,00 | 1,400 | 44,35 | 44,35 |  0,00 | 2,982 | 361,05 | 361,05 | 36,67 | 1217,172 | 232,74 | 367,49 |  0,00 | 633,173 | 117,87 | 117,87 | 1285,913 |   NaN | NaN | 0,00 | 0,00 | NaN
  37 | 16,36 | 283,935 | 755,40 | 903,14 | 759,67 |  0,00 | 1,383 | 44,35 | 44,35 |  0,00 | 4,393 | 373,53 | 373,53 | 40,21 | 1318,718 | 219,65 | 367,39 |  0,00 | 588,434 | 117,87 | 117,87 | 1196,055 |   NaN | NaN | 0,00 | 0,00 | NaN
  38 | 15,65 | 280,174 | 756,15 | 896,48 | 760,42 |  0,00 | 1,374 | 44,35 | 44,35 |  0,00 | 4,517 | 368,62 | 368,62 | 38,38 | 1261,367 | 225,31 | 365,65 |  0,00 | 613,045 | 117,87 | 117,87 | 1245,265 |   NaN | NaN | 0,00 | 0,00 | NaN
  39 | 14,98 | 278,667 | 755,09 | 888,15 | 759,39 |  0,00 | 1,417 | 44,35 | 44,35 |  0,00 | 4,072 | 364,75 | 364,75 | 36,84 | 1240,979 | 228,11 | 361,17 |  0,00 | 598,304 | 117,87 | 117,87 | 1215,751 |   NaN | NaN | 0,00 | 0,00 | NaN
  40 | 15,01 | 280,500 | 755,82 | 889,33 | 760,11 |  0,00 | 1,418 | 44,35 | 44,35 |  0,00 | 3,396 | 363,68 | 363,68 | 36,74 | 1234,448 | 229,93 | 363,43 |  0,00 | 625,970 | 117,87 | 117,87 | 1271,335 |   NaN | NaN | 0,00 | 0,00 | NaN
  41 | 16,07 | 279,746 | 755,54 | 900,22 | 759,81 |  0,00 | 1,401 | 44,35 | 44,35 |  0,00 | 3,720 | 366,31 | 366,31 | 38,93 | 1260,179 | 227,01 | 371,69 |  0,00 | 572,564 | 117,87 | 117,87 | 1164,179 |   NaN | NaN | 0,00 | 0,00 | NaN
  42 | 16,07 | 282,458 | 755,00 | 899,52 | 759,28 |  0,00 | 1,347 | 44,35 | 44,35 |  0,00 | 4,300 | 367,75 | 367,75 | 39,11 | 1282,166 | 225,03 | 369,55 |  0,00 | 580,707 | 117,87 | 117,87 | 1180,496 |   NaN | NaN | 0,00 | 0,00 | NaN
  43 | 16,39 | 282,231 | 754,77 | 902,73 | 759,05 |  0,00 | 1,425 | 44,35 | 44,35 |  0,00 | 4,254 | 369,59 | 369,59 | 39,89 | 1286,854 | 222,96 | 370,93 |  0,00 | 598,204 | 117,87 | 117,87 | 1215,549 |   NaN | NaN | 0,00 | 0,00 | NaN
  44 | 16,43 | 284,531 | 755,46 | 903,96 | 759,74 |  0,00 | 1,337 | 44,35 | 44,35 |  0,00 | 3,440 | 367,37 | 367,37 | 39,67 | 1292,215 | 225,88 | 374,37 |  0,00 | 569,525 | 117,87 | 117,87 | 1158,067 |   NaN | NaN | 0,00 | 0,00 | NaN
  45 | 16,14 | 282,101 | 755,91 | 901,44 | 760,22 |  0,00 | 1,421 | 44,35 | 44,35 |  0,00 | 5,579 | 375,57 | 375,57 | 40,02 | 1319,355 | 218,12 | 363,66 |  0,00 | 579,124 | 117,87 | 117,87 | 1177,378 |   NaN | NaN | 0,00 | 0,00 | NaN
  46 | 15,36 | 278,369 | 755,70 | 892,88 | 759,96 |  0,00 | 1,361 | 44,35 | 44,35 |  0,00 | 3,921 | 361,86 | 361,86 | 37,20 | 1222,849 | 231,62 | 368,80 |  0,00 | 595,423 | 117,87 | 117,87 | 1209,963 |   NaN | NaN | 0,00 | 0,00 | NaN
  47 | 15,02 | 283,627 | 756,49 | 890,20 | 760,76 |  0,00 | 1,358 | 44,35 | 44,35 |  0,00 | 3,946 | 367,29 | 367,29 | 37,07 | 1285,332 | 226,98 | 360,69 |  0,00 | 560,118 | 117,87 | 117,87 | 1139,416 |   NaN | NaN | 0,00 | 0,00 | NaN
  48 | 15,13 | 284,855 | 755,76 | 890,55 | 760,04 |  0,00 | 1,388 | 44,35 | 44,35 |  0,00 | 3,720 | 363,63 | 363,63 | 36,96 | 1271,649 | 229,91 | 364,69 |  0,00 | 569,499 | 117,87 | 117,87 | 1158,098 |   NaN | NaN | 0,00 | 0,00 | NaN
  49 | 15,11 | 283,968 | 755,52 | 890,01 | 759,81 |  0,00 | 1,400 | 44,35 | 44,35 |  0,00 | 4,483 | 364,74 | 364,74 | 37,04 | 1275,902 | 228,56 | 363,05 |  0,00 | 560,034 | 117,87 | 117,87 | 1139,184 |   NaN | NaN | 0,00 | 0,00 | NaN
  50 | 15,50 | 278,122 | 755,27 | 893,81 | 759,55 |  0,00 | 1,355 | 44,35 | 44,35 |  0,00 | 3,762 | 368,03 | 368,03 | 38,11 | 1256,448 | 225,02 | 363,56 |  0,00 | 598,408 | 117,87 | 117,87 | 1216,002 |   NaN | NaN | 0,00 | 0,00 | NaN
  51 | 15,39 | 282,478 | 755,25 | 892,57 | 759,52 |  0,00 | 1,353 | 44,35 | 44,35 |  0,00 | 4,345 | 362,70 | 362,70 | 37,35 | 1255,323 | 230,33 | 367,65 |  0,00 | 573,363 | 117,87 | 117,87 | 1165,765 |   NaN | NaN | 0,00 | 0,00 | NaN
  52 | 15,58 | 281,164 | 755,66 | 895,12 | 759,94 |  0,00 | 1,379 | 44,35 | 44,35 |  0,00 | 4,540 | 362,71 | 362,71 | 37,67 | 1245,376 | 230,73 | 370,19 |  0,00 | 576,332 | 117,87 | 117,87 | 1171,724 |   NaN | NaN | 0,00 | 0,00 | NaN
  53 | 15,85 | 285,899 | 756,24 | 898,63 | 760,50 |  0,00 | 1,366 | 44,35 | 44,35 |  0,00 | 3,388 | 366,53 | 366,53 | 38,50 | 1285,792 | 227,49 | 369,88 |  0,00 | 590,297 | 117,87 | 117,87 | 1199,648 |   NaN | NaN | 0,00 | 0,00 | NaN
  54 | 15,02 | 281,590 | 756,25 | 889,88 | 760,53 |  0,00 | 1,369 | 44,35 | 44,35 |  0,00 | 4,307 | 367,43 | 367,43 | 37,09 | 1271,121 | 226,60 | 360,23 |  0,00 | 579,255 | 117,87 | 117,87 | 1177,588 |   NaN | NaN | 0,00 | 0,00 | NaN
  55 | 15,60 | 283,421 | 756,21 | 896,03 | 760,48 |  0,00 | 1,354 | 44,35 | 44,35 |  0,00 | 3,430 | 365,01 | 365,01 | 37,91 | 1259,228 | 228,98 | 368,81 |  0,00 | 612,997 | 117,87 | 117,87 | 1245,253 |   NaN | NaN | 0,00 | 0,00 | NaN
  56 | 14,99 | 282,570 | 755,36 | 888,59 | 759,64 |  0,00 | 1,359 | 44,35 | 44,35 |  0,00 | 3,971 | 365,04 | 365,04 | 36,87 | 1269,098 | 228,10 | 361,33 |  0,00 | 570,777 | 117,87 | 117,87 | 1160,631 |   NaN | NaN | 0,00 | 0,00 | NaN
  57 | 15,49 | 281,609 | 756,25 | 894,86 | 760,53 |  0,00 | 1,357 | 44,35 | 44,35 |  0,00 | 4,467 | 365,14 | 365,14 | 37,72 | 1262,323 | 228,88 | 367,49 |  0,00 | 563,165 | 117,87 | 117,87 | 1145,544 |   NaN | NaN | 0,00 | 0,00 | NaN
  58 | 15,68 | 284,601 | 755,81 | 896,36 | 760,08 |  0,00 | 1,385 | 44,35 | 44,35 |  0,00 | 4,342 | 368,81 | 368,81 | 38,47 | 1300,107 | 224,79 | 365,33 |  0,00 | 564,772 | 117,87 | 117,87 | 1148,708 |   NaN | NaN | 0,00 | 0,00 | NaN
  59 | 16,23 | 278,900 | 755,86 | 902,31 | 760,14 |  0,00 | 1,404 | 44,35 | 44,35 |  0,00 | 3,302 | 366,15 | 366,15 | 39,16 | 1236,515 | 227,49 | 373,94 |  0,00 | 639,671 | 117,87 | 117,87 | 1298,784 |   NaN | NaN | 0,00 | 0,00 | NaN
  60 | 15,84 | 283,022 | 754,96 | 897,06 | 759,21 |  0,00 | 1,339 | 44,35 | 44,35 |  0,00 | 3,751 | 368,46 | 368,46 | 38,78 | 1292,732 | 224,28 | 366,38 |  0,00 | 572,449 | 117,87 | 117,87 | 1163,916 |   NaN | NaN | 0,00 | 0,00 | NaN
  61 | 16,30 | 283,460 | 754,87 | 901,85 | 759,13 |  0,00 | 1,362 | 44,35 | 44,35 |  0,00 | 4,877 | 369,73 | 369,73 | 39,74 | 1294,870 | 222,91 | 369,90 |  0,00 | 592,475 | 117,87 | 117,87 | 1204,065 |   NaN | NaN | 0,00 | 0,00 | NaN
  62 | 16,03 | 285,045 | 755,09 | 899,27 | 759,40 |  0,00 | 1,423 | 44,35 | 44,35 |  0,00 | 4,485 | 366,49 | 366,49 | 38,91 | 1290,381 | 226,38 | 370,56 |  0,00 | 569,362 | 117,87 | 117,87 | 1157,819 |   NaN | NaN | 0,00 | 0,00 | NaN
  63 | 15,99 | 280,293 | 755,83 | 899,71 | 760,09 |  0,00 | 1,378 | 44,35 | 44,35 |  0,00 | 3,536 | 370,71 | 370,71 | 39,23 | 1277,265 | 222,90 | 366,78 |  0,00 | 608,557 | 117,87 | 117,87 | 1236,182 |   NaN | NaN | 0,00 | 0,00 | NaN
  64 | 14,73 | 279,901 | 755,75 | 886,35 | 760,07 |  0,00 | 1,422 | 44,35 | 44,35 |  0,00 | 4,140 | 363,38 | 363,38 | 36,20 | 1241,965 | 230,15 | 360,75 |  0,00 | 579,113 | 117,87 | 117,87 | 1177,276 |   NaN | NaN | 0,00 | 0,00 | NaN

= = = = = = = = = = = = AVERAGE RESULTS system = = = = = = = = = = = =
meanPLR_system | 15,704474 
meanDelay_system | 285,628074 
meanLoad_system | 896,420048 
meanTHR_system | 755,613216 
meanGate_system | 759,890397 

meanPLR_EF_system | 0,000000 
meanPLR_AF_system | 0,000000 
meanPLR_BE_system | 38,371817 
meanPLR_FLA_system | 0,000000 
meanPLR_FLB_system | NaN 

meanTHR_EF_system | 44,352003 
meanTHR_AF_system | 367,320849 
meanTHR_BE_system | 226,071462 
meanTHR_FLA_system | 120,844291 
meanTHR_FLB_system | 0,000000 

meanLoad_EF_system | 44,352003 
meanLoad_AF_system | 367,320849 
meanLoad_BE_system | 366,878295 
meanLoad_FLA_system | 120,844291 
meanLoad_FLB_system | 0,000000 

meanDELAY_EF_system | 1,383378 
meanDELAY_AF_system | 8,866544 
meanDELAY_BE_system | 1308,087772 
meanDELAY_FLA_system | 501,680262 
meanDELAY_FLB_system | NaN 
meanDELAY_CompleteFLA_system | 1022,520919 
meanDELAY_CompleteFLB_system | NaN 

= = = = = = = = = = = = AVERAGE RESULTS = = = = = = = = = = = =
Packet Loss Ratio: 15,71 (%)
PROCESSED PACKAGES: 1421431245 
DISCARTED PACKAGES: 171844193 
TOTAL PACKAGES: 1593275438 
AVERAGE DELAY: 52064,57 (ms) 
AVERAGE THROUGHPUT: 755,61 (Mbps) 
GRANTED THROUGHPUT: 48632,99 (Mbps) By 64 ONUs
EFFECTIVE THROUGHPUT: 48359,25 (Mbps) By 64 ONUs
TOTAL LOAD: 57370,88 (Mbps) By 64 ONUs
ON Arrival THROUGHPUT: 0,00 (Mbps) By 64 ONUs
FINISHTIMEFL: 118,843843 
FINISHTIME: 121,843843 


fileName | IPACT_LEAKYBUCKET_1_68_98_0 
