
ONU ID 	|  PLR(%) | Delay(ms) | Throughput(Mbps) | Granted Throughput(Mbps) | Total Load (Mbps) 

  ID |  PLR(%) |  D  | Thr |  Gates  |  Load  | PLR-EF | D-EF | ThrEF | LoadEF | PLR-AF | D-AF | ThrAF | LoadAF | PLR-BE | D-BE | ThrBE | LoadBE | PLR-FA | D-FA | ThrFA | LoadFA | DTFA |  PLR-FB | D-FB | ThrFB | LoadFB | DTFB | 
   1 |  0,00 | 0,981 | 653,82 | 653,82 | 680,19 |  0,00 | 0,311 | 44,35 | 44,35 |  0,00 | 0,751 | 285,18 | 285,18 |  0,00 | 0,901 | 277,02 | 277,02 |  0,00 | 17,952 | 47,27 | 47,27 | 59,404 |   NaN | NaN | 0,00 | 0,00 | NaN
   2 |  0,00 | 1,825 | 655,38 | 655,38 | 684,62 |  0,00 | 0,323 | 44,35 | 44,35 |  0,00 | 0,507 | 283,04 | 283,04 |  0,00 | 0,708 | 280,72 | 280,72 |  0,00 | 59,396 | 47,27 | 47,27 | 176,269 |   NaN | NaN | 0,00 | 0,00 | NaN
   3 |  0,00 | 1,478 | 650,53 | 650,53 | 674,90 |  0,00 | 0,259 | 44,35 | 44,35 |  0,00 | 0,465 | 280,56 | 280,56 |  0,00 | 0,739 | 278,36 | 278,36 |  0,00 | 45,532 | 47,27 | 47,27 | 132,881 |   NaN | NaN | 0,00 | 0,00 | NaN
   4 |  0,00 | 0,913 | 658,17 | 658,17 | 682,85 |  0,00 | 0,265 | 44,35 | 44,35 |  0,00 | 0,631 | 286,03 | 286,03 |  0,00 | 0,884 | 280,52 | 280,52 |  0,00 | 17,493 | 47,27 | 47,27 | 55,548 |   NaN | NaN | 0,00 | 0,00 | NaN
   5 |  0,00 | 2,713 | 653,26 | 653,26 | 677,79 |  0,00 | 0,290 | 44,35 | 44,35 |  0,00 | 0,303 | 281,06 | 281,06 |  0,00 | 0,442 | 280,58 | 280,58 |  0,00 | 103,849 | 47,27 | 47,27 | 265,463 |   NaN | NaN | 0,00 | 0,00 | NaN
   6 |  0,00 | 1,376 | 658,02 | 658,02 | 682,34 |  0,00 | 0,239 | 44,35 | 44,35 |  0,00 | 0,261 | 284,50 | 284,50 |  0,00 | 0,507 | 281,90 | 281,90 |  0,00 | 46,666 | 47,27 | 47,27 | 168,072 |   NaN | NaN | 0,00 | 0,00 | NaN
   7 |  0,00 | 1,215 | 654,02 | 654,02 | 678,55 |  0,00 | 0,257 | 44,35 | 44,35 |  0,00 | 0,894 | 281,89 | 281,89 |  0,00 | 1,183 | 280,51 | 280,51 |  0,00 | 24,435 | 47,27 | 47,27 | 71,448 |   NaN | NaN | 0,00 | 0,00 | NaN
   8 |  0,00 | 1,379 | 655,24 | 655,24 | 680,94 |  0,00 | 0,307 | 44,35 | 44,35 |  0,00 | 0,417 | 280,21 | 280,21 |  0,00 | 0,555 | 283,42 | 283,42 |  0,00 | 42,986 | 47,27 | 47,27 | 159,602 |   NaN | NaN | 0,00 | 0,00 | NaN
   9 |  0,00 | 0,904 | 657,20 | 657,20 | 681,75 |  0,00 | 0,247 | 44,35 | 44,35 |  0,00 | 0,453 | 283,96 | 283,96 |  0,00 | 0,803 | 281,62 | 281,62 |  0,00 | 20,349 | 47,27 | 47,27 | 70,428 |   NaN | NaN | 0,00 | 0,00 | NaN
  10 |  0,00 | 1,045 | 652,54 | 652,54 | 678,43 |  0,00 | 0,308 | 44,35 | 44,35 |  0,00 | 0,717 | 280,73 | 280,73 |  0,00 | 0,897 | 280,20 | 280,20 |  0,00 | 21,192 | 47,27 | 47,27 | 61,787 |   NaN | NaN | 0,00 | 0,00 | NaN
  11 |  0,00 | 8,906 | 651,78 | 651,78 | 676,09 |  0,00 | 0,247 | 44,35 | 44,35 |  0,00 | 0,498 | 278,07 | 278,07 |  0,00 | 0,990 | 282,09 | 282,09 |  0,00 | 365,242 | 47,27 | 47,27 | 935,765 |   NaN | NaN | 0,00 | 0,00 | NaN
  12 |  0,00 | 1,385 | 652,79 | 652,79 | 678,82 |  0,00 | 0,310 | 44,35 | 44,35 |  0,00 | 0,320 | 279,98 | 279,98 |  0,00 | 0,418 | 281,19 | 281,19 |  0,00 | 45,745 | 47,27 | 47,27 | 157,535 |   NaN | NaN | 0,00 | 0,00 | NaN
  13 |  0,00 | 1,714 | 648,98 | 648,98 | 673,35 |  0,00 | 0,275 | 44,35 | 44,35 |  0,00 | 0,388 | 279,21 | 279,21 |  0,00 | 0,700 | 278,15 | 278,15 |  0,00 | 56,682 | 47,27 | 47,27 | 171,727 |   NaN | NaN | 0,00 | 0,00 | NaN
  14 |  0,00 | 2,519 | 655,93 | 655,93 | 683,19 |  0,00 | 0,316 | 44,35 | 44,35 |  0,00 | 0,334 | 281,38 | 281,38 |  0,00 | 0,400 | 282,93 | 282,93 |  0,00 | 95,221 | 47,27 | 47,27 | 245,765 |   NaN | NaN | 0,00 | 0,00 | NaN
  15 |  0,00 | 1,097 | 652,54 | 652,54 | 678,81 |  0,00 | 0,310 | 44,35 | 44,35 |  0,00 | 0,822 | 277,46 | 277,46 |  0,00 | 1,118 | 283,47 | 283,47 |  0,00 | 19,743 | 47,27 | 47,27 | 67,241 |   NaN | NaN | 0,00 | 0,00 | NaN
  16 |  0,00 | 1,055 | 661,57 | 661,57 | 686,64 |  0,00 | 0,301 | 44,35 | 44,35 |  0,00 | 0,460 | 282,88 | 282,88 |  0,00 | 0,615 | 287,07 | 287,07 |  0,00 | 27,971 | 47,27 | 47,27 | 97,333 |   NaN | NaN | 0,00 | 0,00 | NaN
  17 |  0,00 | 1,069 | 657,42 | 657,42 | 684,36 |  0,00 | 0,314 | 44,35 | 44,35 |  0,00 | 0,540 | 283,54 | 283,54 |  0,00 | 0,677 | 282,26 | 282,26 |  0,00 | 26,627 | 47,27 | 47,27 | 86,128 |   NaN | NaN | 0,00 | 0,00 | NaN
  18 |  0,00 | 5,763 | 650,87 | 650,87 | 675,33 |  0,00 | 0,291 | 44,35 | 44,35 |  0,00 | 0,400 | 278,71 | 278,71 |  0,00 | 0,519 | 280,54 | 280,54 |  0,00 | 234,074 | 47,27 | 47,27 | 952,950 |   NaN | NaN | 0,00 | 0,00 | NaN
  19 |  0,00 | 6,296 | 647,50 | 647,50 | 671,92 |  0,00 | 0,282 | 44,35 | 44,35 |  0,00 | 0,489 | 277,11 | 277,11 |  0,00 | 0,703 | 278,77 | 278,77 |  0,00 | 253,569 | 47,27 | 47,27 | 600,348 |   NaN | NaN | 0,00 | 0,00 | NaN
  20 |  0,00 | 8,441 | 650,75 | 650,75 | 675,10 |  0,00 | 0,277 | 44,35 | 44,35 |  0,00 | 0,373 | 282,11 | 282,11 |  0,00 | 1,249 | 277,02 | 277,02 |  0,00 | 342,791 | 47,27 | 47,27 | 950,031 |   NaN | NaN | 0,00 | 0,00 | NaN
  21 |  0,00 | 0,936 | 643,82 | 643,82 | 668,52 |  0,00 | 0,282 | 44,35 | 44,35 |  0,00 | 0,654 | 276,13 | 276,13 |  0,00 | 0,880 | 276,07 | 276,07 |  0,00 | 17,817 | 47,27 | 47,27 | 56,948 |   NaN | NaN | 0,00 | 0,00 | NaN
  22 |  0,00 | 3,276 | 659,24 | 659,24 | 687,68 |  0,00 | 0,320 | 44,35 | 44,35 |  0,00 | 0,338 | 287,66 | 287,66 |  0,00 | 0,404 | 279,95 | 279,95 |  0,00 | 128,485 | 47,27 | 47,27 | 319,996 |   NaN | NaN | 0,00 | 0,00 | NaN
  23 |  0,00 | 9,085 | 655,12 | 655,12 | 680,15 |  0,00 | 0,302 | 44,35 | 44,35 |  0,00 | 0,680 | 282,14 | 282,14 |  0,00 | 0,827 | 281,36 | 281,36 |  0,00 | 372,848 | 47,27 | 47,27 | 839,853 |   NaN | NaN | 0,00 | 0,00 | NaN
  24 |  0,00 | 1,670 | 654,67 | 654,67 | 679,01 |  0,00 | 0,264 | 44,35 | 44,35 |  0,00 | 0,470 | 280,77 | 280,77 |  0,00 | 0,819 | 282,28 | 282,28 |  0,00 | 52,962 | 47,27 | 47,27 | 162,268 |   NaN | NaN | 0,00 | 0,00 | NaN
  25 |  0,00 | 0,962 | 659,26 | 659,26 | 688,38 |  0,00 | 0,321 | 44,35 | 44,35 |  0,00 | 0,681 | 281,40 | 281,40 |  0,00 | 0,851 | 286,25 | 286,25 |  0,00 | 18,251 | 47,27 | 47,27 | 60,575 |   NaN | NaN | 0,00 | 0,00 | NaN
  26 |  0,00 | 1,234 | 652,38 | 652,38 | 680,24 |  0,00 | 0,318 | 44,35 | 44,35 |  0,00 | 0,888 | 281,60 | 281,60 |  0,00 | 1,100 | 279,16 | 279,16 |  0,00 | 25,049 | 47,27 | 47,27 | 70,984 |   NaN | NaN | 0,00 | 0,00 | NaN
  27 |  0,00 | 5,407 | 649,91 | 649,91 | 674,25 |  0,00 | 0,244 | 44,35 | 44,35 |  0,00 | 0,283 | 281,06 | 281,06 |  0,00 | 0,572 | 277,23 | 277,23 |  0,00 | 220,093 | 47,27 | 47,27 | 949,541 |   NaN | NaN | 0,00 | 0,00 | NaN
  28 |  0,00 | 8,963 | 648,41 | 648,41 | 674,56 |  0,00 | 0,310 | 44,35 | 44,35 |  0,00 | 0,748 | 280,13 | 280,13 |  0,00 | 1,329 | 276,67 | 276,67 |  0,00 | 358,881 | 47,27 | 47,27 | 828,295 |   NaN | NaN | 0,00 | 0,00 | NaN
  29 |  0,00 | 8,942 | 657,51 | 657,51 | 681,97 |  0,00 | 0,290 | 44,35 | 44,35 |  0,00 | 0,579 | 282,68 | 282,68 |  0,00 | 1,253 | 283,21 | 283,21 |  0,00 | 364,023 | 47,27 | 47,27 | 898,796 |   NaN | NaN | 0,00 | 0,00 | NaN
  30 |  0,00 | 7,424 | 650,44 | 650,44 | 679,04 |  0,00 | 0,320 | 44,35 | 44,35 |  0,00 | 0,478 | 278,46 | 278,46 |  0,00 | 1,140 | 280,36 | 280,36 |  0,00 | 297,587 | 47,27 | 47,27 | 967,437 |   NaN | NaN | 0,00 | 0,00 | NaN
  31 |  0,00 | 8,609 | 652,32 | 652,32 | 676,76 |  0,00 | 0,287 | 44,35 | 44,35 |  0,00 | 0,481 | 282,84 | 282,84 |  0,00 | 1,215 | 277,85 | 277,85 |  0,00 | 349,544 | 47,27 | 47,27 | 813,173 |   NaN | NaN | 0,00 | 0,00 | NaN
  32 |  0,00 | 8,972 | 656,17 | 656,17 | 680,50 |  0,00 | 0,243 | 44,35 | 44,35 |  0,00 | 0,479 | 282,00 | 282,00 |  0,00 | 1,486 | 282,55 | 282,55 |  0,00 | 364,327 | 47,27 | 47,27 | 943,348 |   NaN | NaN | 0,00 | 0,00 | NaN
  33 |  0,00 | 8,245 | 651,71 | 651,71 | 677,53 |  0,00 | 0,309 | 44,35 | 44,35 |  0,00 | 0,586 | 280,14 | 280,14 |  0,00 | 1,309 | 279,96 | 279,96 |  0,00 | 330,789 | 47,27 | 47,27 | 965,153 |   NaN | NaN | 0,00 | 0,00 | NaN
  34 |  0,00 | 4,114 | 650,46 | 650,46 | 675,31 |  0,00 | 0,300 | 44,35 | 44,35 |  0,00 | 0,322 | 280,08 | 280,08 |  0,00 | 0,445 | 278,76 | 278,76 |  0,00 | 163,919 | 47,27 | 47,27 | 791,775 |   NaN | NaN | 0,00 | 0,00 | NaN
  35 |  0,00 | 2,970 | 658,43 | 658,43 | 682,79 |  0,00 | 0,249 | 44,35 | 44,35 |  0,00 | 0,267 | 283,63 | 283,63 |  0,00 | 0,468 | 283,19 | 283,19 |  0,00 | 116,472 | 47,27 | 47,27 | 506,300 |   NaN | NaN | 0,00 | 0,00 | NaN
  36 |  0,00 | 4,783 | 651,96 | 651,96 | 677,03 |  0,00 | 0,303 | 44,35 | 44,35 |  0,00 | 0,370 | 277,46 | 277,46 |  0,00 | 0,500 | 282,89 | 282,89 |  0,00 | 191,988 | 47,27 | 47,27 | 888,389 |   NaN | NaN | 0,00 | 0,00 | NaN
  37 |  0,00 | 8,807 | 658,63 | 658,63 | 683,03 |  0,00 | 0,285 | 44,35 | 44,35 |  0,00 | 0,614 | 284,93 | 284,93 |  0,00 | 0,988 | 282,08 | 282,08 |  0,00 | 361,169 | 47,27 | 47,27 | 939,177 |   NaN | NaN | 0,00 | 0,00 | NaN
  38 |  0,00 | 6,528 | 657,36 | 657,36 | 681,73 |  0,00 | 0,277 | 44,35 | 44,35 |  0,00 | 0,323 | 283,90 | 283,90 |  0,00 | 0,632 | 281,85 | 281,85 |  0,00 | 268,693 | 47,27 | 47,27 | 951,345 |   NaN | NaN | 0,00 | 0,00 | NaN
  39 |  0,00 | 8,612 | 645,42 | 645,42 | 673,91 |  0,00 | 0,320 | 44,35 | 44,35 |  0,00 | 0,419 | 277,92 | 277,92 |  0,00 | 0,771 | 275,88 | 275,88 |  0,00 | 352,363 | 47,27 | 47,27 | 983,877 |   NaN | NaN | 0,00 | 0,00 | NaN
  40 |  0,00 | 5,553 | 647,87 | 647,87 | 676,35 |  0,00 | 0,320 | 44,35 | 44,35 |  0,00 | 0,427 | 280,38 | 280,38 |  0,00 | 0,540 | 275,87 | 275,87 |  0,00 | 223,227 | 47,27 | 47,27 | 935,165 |   NaN | NaN | 0,00 | 0,00 | NaN
  41 |  0,00 | 9,337 | 657,93 | 657,93 | 683,09 |  0,00 | 0,303 | 44,35 | 44,35 |  0,00 | 0,727 | 279,44 | 279,44 |  0,00 | 1,650 | 286,87 | 286,87 |  0,00 | 374,827 | 47,27 | 47,27 | 877,417 |   NaN | NaN | 0,00 | 0,00 | NaN
  42 |  0,00 | 9,101 | 660,30 | 660,30 | 684,62 |  0,00 | 0,249 | 44,35 | 44,35 |  0,00 | 0,436 | 284,22 | 284,22 |  0,00 | 1,350 | 284,46 | 284,46 |  0,00 | 373,154 | 47,27 | 47,27 | 911,437 |   NaN | NaN | 0,00 | 0,00 | NaN
  43 |  0,00 | 8,352 | 661,10 | 661,10 | 689,16 |  0,00 | 0,327 | 44,35 | 44,35 |  0,00 | 0,363 | 285,45 | 285,45 |  0,00 | 0,940 | 284,04 | 284,04 |  0,00 | 344,558 | 47,27 | 47,27 | 962,850 |   NaN | NaN | 0,00 | 0,00 | NaN
  44 |  0,00 | 9,060 | 657,44 | 657,44 | 681,77 |  0,00 | 0,239 | 44,35 | 44,35 |  0,00 | 0,461 | 281,71 | 281,71 |  0,00 | 1,255 | 284,11 | 284,11 |  0,00 | 371,415 | 47,27 | 47,27 | 863,354 |   NaN | NaN | 0,00 | 0,00 | NaN
  45 |  0,00 | 9,400 | 652,79 | 652,79 | 682,46 |  0,00 | 0,324 | 44,35 | 44,35 |  0,00 | 0,589 | 284,20 | 284,20 |  0,00 | 1,270 | 276,97 | 276,97 |  0,00 | 381,494 | 47,27 | 47,27 | 913,200 |   NaN | NaN | 0,00 | 0,00 | NaN
  46 |  0,00 | 8,448 | 653,40 | 653,40 | 677,72 |  0,00 | 0,263 | 44,35 | 44,35 |  0,00 | 0,396 | 279,02 | 279,02 |  0,00 | 0,756 | 282,77 | 282,77 |  0,00 | 349,266 | 47,27 | 47,27 | 962,354 |   NaN | NaN | 0,00 | 0,00 | NaN
  47 |  0,00 | 8,719 | 651,15 | 651,15 | 675,46 |  0,00 | 0,261 | 44,35 | 44,35 |  0,00 | 0,501 | 280,25 | 280,25 |  0,00 | 1,398 | 279,29 | 279,29 |  0,00 | 352,179 | 47,27 | 47,27 | 803,821 |   NaN | NaN | 0,00 | 0,00 | NaN
  48 |  0,00 | 8,894 | 651,42 | 651,42 | 675,92 |  0,00 | 0,290 | 44,35 | 44,35 |  0,00 | 0,658 | 280,20 | 280,20 |  0,00 | 0,993 | 279,60 | 279,60 |  0,00 | 362,012 | 47,27 | 47,27 | 848,377 |   NaN | NaN | 0,00 | 0,00 | NaN
  49 |  0,00 | 8,657 | 651,21 | 651,21 | 676,30 |  0,00 | 0,303 | 44,35 | 44,35 |  0,00 | 0,529 | 280,56 | 280,56 |  0,00 | 1,618 | 279,04 | 279,04 |  0,00 | 345,915 | 47,27 | 47,27 | 801,494 |   NaN | NaN | 0,00 | 0,00 | NaN
  50 |  0,00 | 8,336 | 653,60 | 653,60 | 677,94 |  0,00 | 0,257 | 44,35 | 44,35 |  0,00 | 0,402 | 281,94 | 281,94 |  0,00 | 1,013 | 280,04 | 280,04 |  0,00 | 341,785 | 47,27 | 47,27 | 975,248 |   NaN | NaN | 0,00 | 0,00 | NaN
  51 |  0,00 | 8,896 | 654,40 | 654,40 | 678,71 |  0,00 | 0,255 | 44,35 | 44,35 |  0,00 | 0,481 | 280,29 | 280,29 |  0,00 | 1,175 | 282,49 | 282,49 |  0,00 | 363,679 | 47,27 | 47,27 | 858,381 |   NaN | NaN | 0,00 | 0,00 | NaN
  52 |  0,00 | 9,330 | 654,35 | 654,35 | 678,76 |  0,00 | 0,281 | 44,35 | 44,35 |  0,00 | 0,526 | 277,65 | 277,65 |  0,00 | 1,612 | 285,08 | 285,08 |  0,00 | 376,489 | 47,27 | 47,27 | 890,368 |   NaN | NaN | 0,00 | 0,00 | NaN
  53 |  0,00 | 8,492 | 654,05 | 654,05 | 678,40 |  0,00 | 0,269 | 44,35 | 44,35 |  0,00 | 0,405 | 282,46 | 282,46 |  0,00 | 0,713 | 279,97 | 279,97 |  0,00 | 351,727 | 47,27 | 47,27 | 933,035 |   NaN | NaN | 0,00 | 0,00 | NaN
  54 |  0,00 | 9,246 | 649,54 | 649,54 | 673,87 |  0,00 | 0,271 | 44,35 | 44,35 |  0,00 | 0,634 | 280,79 | 280,79 |  0,00 | 1,215 | 277,13 | 277,13 |  0,00 | 374,802 | 47,27 | 47,27 | 900,986 |   NaN | NaN | 0,00 | 0,00 | NaN
  55 |  0,00 | 6,603 | 649,63 | 649,63 | 673,97 |  0,00 | 0,256 | 44,35 | 44,35 |  0,00 | 0,356 | 277,98 | 277,98 |  0,00 | 0,756 | 280,04 | 280,04 |  0,00 | 268,700 | 47,27 | 47,27 | 955,737 |   NaN | NaN | 0,00 | 0,00 | NaN
  56 |  0,00 | 8,948 | 648,62 | 648,62 | 672,95 |  0,00 | 0,262 | 44,35 | 44,35 |  0,00 | 0,485 | 278,77 | 278,77 |  0,00 | 1,243 | 278,22 | 278,22 |  0,00 | 363,111 | 47,27 | 47,27 | 853,963 |   NaN | NaN | 0,00 | 0,00 | NaN
  57 |  0,00 | 9,001 | 652,22 | 652,22 | 676,58 |  0,00 | 0,259 | 44,35 | 44,35 |  0,00 | 0,599 | 279,48 | 279,48 |  0,00 | 1,550 | 281,12 | 281,12 |  0,00 | 361,901 | 47,27 | 47,27 | 830,714 |   NaN | NaN | 0,00 | 0,00 | NaN
  58 |  0,00 | 8,891 | 656,02 | 656,02 | 680,49 |  0,00 | 0,288 | 44,35 | 44,35 |  0,00 | 0,547 | 283,10 | 283,10 |  0,00 | 1,130 | 281,30 | 281,30 |  0,00 | 363,118 | 47,27 | 47,27 | 836,425 |   NaN | NaN | 0,00 | 0,00 | NaN
  59 |  0,00 | 4,036 | 658,06 | 658,06 | 683,54 |  0,00 | 0,307 | 44,35 | 44,35 |  0,00 | 0,329 | 280,03 | 280,03 |  0,00 | 0,448 | 286,42 | 286,42 |  0,00 | 161,412 | 47,27 | 47,27 | 812,659 |   NaN | NaN | 0,00 | 0,00 | NaN
  60 |  0,00 | 9,091 | 653,02 | 653,02 | 677,33 |  0,00 | 0,242 | 44,35 | 44,35 |  0,00 | 0,383 | 281,60 | 281,60 |  0,00 | 1,130 | 279,80 | 279,80 |  0,00 | 373,614 | 47,27 | 47,27 | 877,083 |   NaN | NaN | 0,00 | 0,00 | NaN
  61 |  0,00 | 8,695 | 657,61 | 657,61 | 681,96 |  0,00 | 0,264 | 44,35 | 44,35 |  0,00 | 0,377 | 282,96 | 282,96 |  0,00 | 1,002 | 283,04 | 283,04 |  0,00 | 358,839 | 47,27 | 47,27 | 956,725 |   NaN | NaN | 0,00 | 0,00 | NaN
  62 |  0,00 | 8,787 | 656,42 | 656,42 | 686,65 |  0,00 | 0,326 | 44,35 | 44,35 |  0,00 | 0,567 | 281,62 | 281,62 |  0,00 | 1,053 | 283,19 | 283,19 |  0,00 | 358,551 | 47,27 | 47,27 | 841,946 |   NaN | NaN | 0,00 | 0,00 | NaN
  63 |  0,00 | 7,623 | 654,15 | 654,15 | 678,55 |  0,00 | 0,281 | 44,35 | 44,35 |  0,00 | 0,434 | 282,60 | 282,60 |  0,00 | 0,922 | 279,94 | 279,94 |  0,00 | 310,987 | 47,27 | 47,27 | 994,445 |   NaN | NaN | 0,00 | 0,00 | NaN
  64 |  0,00 | 9,265 | 648,18 | 648,18 | 678,12 |  0,00 | 0,324 | 44,35 | 44,35 |  0,00 | 0,562 | 278,36 | 278,36 |  0,00 | 1,191 | 278,20 | 278,20 |  0,00 | 375,215 | 47,27 | 47,27 | 903,819 |   NaN | NaN | 0,00 | 0,00 | NaN

= = = = = = = = = = = = AVERAGE RESULTS system = = = = = = = = = = = =
meanPLR_system | 0,000000 
meanDelay_system | 5,818411 
meanLoad_system | 653,687365 
meanTHR_system | 653,687365 
meanGate_system | 679,203544 

meanPLR_EF_system | 0,000000 
meanPLR_AF_system | 0,000000 
meanPLR_BE_system | 0,000000 
meanPLR_FLA_system | 0,000000 
meanPLR_FLB_system | NaN 

meanTHR_EF_system | 44,352003 
meanTHR_AF_system | 281,212106 
meanTHR_BE_system | 280,857567 
meanTHR_FLA_system | 48,163930 
meanTHR_FLB_system | 0,000000 

meanLoad_EF_system | 44,352003 
meanLoad_AF_system | 281,212106 
meanLoad_BE_system | 280,857567 
meanLoad_FLA_system | 48,163930 
meanLoad_FLB_system | 0,000000 

meanDELAY_EF_system | 0,285807 
meanDELAY_AF_system | 0,497724 
meanDELAY_BE_system | 0,936251 
meanDELAY_FLA_system | 231,324220 
meanDELAY_FLB_system | NaN 
meanDELAY_CompleteFLA_system | 636,311871 
meanDELAY_CompleteFLB_system | NaN 

= = = = = = = = = = = = AVERAGE RESULTS = = = = = = = = = = = =
Packet Loss Ratio: 00,00 (%)
PROCESSED PACKAGES: 1764619438 
DISCARTED PACKAGES: 0 
TOTAL PACKAGES: 1764619438 
AVERAGE DELAY: 997,05 (ms) 
AVERAGE THROUGHPUT: 653,69 (Mbps) 
GRANTED THROUGHPUT: 43469,03 (Mbps) By 64 ONUs
EFFECTIVE THROUGHPUT: 41835,99 (Mbps) By 64 ONUs
TOTAL LOAD: 41835,99 (Mbps) By 64 ONUs
ON Arrival THROUGHPUT: 0,00 (Mbps) By 64 ONUs
FINISHTIMEFL: 157,860872 
FINISHTIME: 160,860872 


fileName | IPACT_LBVARIBLETOKENSBYCYCLE_3_36_75_0 
