
ONU ID 	|  PLR(%) | Delay(ms) | Throughput(Mbps) | Granted Throughput(Mbps) | Total Load (Mbps) 

  ID |  PLR(%) |  D  | Thr |  Gates  |  Load  | PLR-EF | D-EF | ThrEF | LoadEF | PLR-AF | D-AF | ThrAF | LoadAF | PLR-BE | D-BE | ThrBE | LoadBE | PLR-FA | D-FA | ThrFA | LoadFA | DTFA |  PLR-FB | D-FB | ThrFB | LoadFB | DTFB | 
   1 |  1,87 | 229,665 | 755,86 | 770,25 | 760,47 |  0,00 | 1,403 | 44,35 | 44,35 |  0,00 | 16,120 | 349,98 | 349,98 |  4,22 | 815,299 | 326,94 | 341,33 |  0,00 | 139,006 | 34,59 | 34,59 | 299,983 |   NaN | NaN | 0,00 | 0,00 | NaN
   2 |  2,25 | 216,764 | 754,94 | 772,31 | 759,30 |  0,00 | 1,415 | 44,35 | 44,35 |  0,00 | 4,227 | 350,01 | 350,01 |  5,06 | 768,784 | 325,99 | 343,36 |  0,00 | 379,134 | 34,59 | 34,59 | 1161,321 |   NaN | NaN | 0,00 | 0,00 | NaN
   3 |  1,87 | 208,068 | 750,89 | 765,21 | 755,21 |  0,00 | 1,351 | 44,35 | 44,35 |  0,00 | 3,393 | 342,80 | 342,80 |  4,17 | 726,898 | 329,15 | 343,47 |  0,00 | 405,555 | 34,59 | 34,59 | 1241,063 |   NaN | NaN | 0,00 | 0,00 | NaN
   4 |  2,35 | 229,902 | 755,71 | 773,94 | 760,31 |  0,00 | 1,357 | 44,35 | 44,35 |  0,00 | 15,632 | 349,01 | 349,01 |  5,27 | 814,703 | 327,76 | 345,99 |  0,00 | 139,021 | 34,59 | 34,59 | 298,172 |   NaN | NaN | 0,00 | 0,00 | NaN
   5 |  1,64 | 217,716 | 753,89 | 766,44 | 758,20 |  0,00 | 1,382 | 44,35 | 44,35 |  0,00 | 2,437 | 344,47 | 344,47 |  3,66 | 750,242 | 330,48 | 343,03 |  0,00 | 611,289 | 34,59 | 34,59 | 1858,394 |   NaN | NaN | 0,00 | 0,00 | NaN
   6 |  2,13 | 227,872 | 755,60 | 772,03 | 759,90 |  0,00 | 1,331 | 44,35 | 44,35 |  0,00 | 2,785 | 347,80 | 347,80 |  4,76 | 801,533 | 328,86 | 345,29 |  0,00 | 435,642 | 34,59 | 34,59 | 1331,364 |   NaN | NaN | 0,00 | 0,00 | NaN
   7 |  2,10 | 224,055 | 753,26 | 769,45 | 757,80 |  0,00 | 1,349 | 44,35 | 44,35 |  0,00 | 16,335 | 346,20 | 346,20 |  4,70 | 789,823 | 328,12 | 344,31 |  0,00 | 147,093 | 34,59 | 34,59 | 353,696 |   NaN | NaN | 0,00 | 0,00 | NaN
   8 |  2,11 | 215,967 | 755,07 | 771,35 | 759,42 |  0,00 | 1,399 | 44,35 | 44,35 |  0,00 | 5,436 | 345,15 | 345,15 |  4,69 | 752,650 | 330,98 | 347,27 |  0,00 | 389,560 | 34,59 | 34,59 | 1192,993 |   NaN | NaN | 0,00 | 0,00 | NaN
   9 |  2,22 | 223,717 | 755,49 | 772,63 | 759,96 |  0,00 | 1,339 | 44,35 | 44,35 |  0,00 | 10,833 | 346,55 | 346,55 |  4,94 | 787,605 | 330,00 | 347,14 |  0,00 | 210,944 | 34,59 | 34,59 | 592,748 |   NaN | NaN | 0,00 | 0,00 | NaN
  10 |  1,64 | 218,948 | 754,79 | 767,39 | 759,39 |  0,00 | 1,400 | 44,35 | 44,35 |  0,00 | 15,936 | 344,83 | 344,83 |  3,67 | 765,991 | 331,02 | 343,63 |  0,00 | 139,115 | 34,59 | 34,59 | 302,098 |   NaN | NaN | 0,00 | 0,00 | NaN
  11 |  1,80 | 208,652 | 753,27 | 767,06 | 757,58 |  0,00 | 1,340 | 44,35 | 44,35 |  0,00 | 1,840 | 342,08 | 342,08 |  3,99 | 697,031 | 332,25 | 346,03 |  0,00 | 914,647 | 34,59 | 34,59 | 2769,945 |   NaN | NaN | 0,00 | 0,00 | NaN
  12 |  2,03 | 196,528 | 755,28 | 770,95 | 759,61 |  0,00 | 1,402 | 44,35 | 44,35 |  0,00 | 2,656 | 345,34 | 345,34 |  4,52 | 679,657 | 331,00 | 346,67 |  0,00 | 491,910 | 34,59 | 34,59 | 1500,092 |   NaN | NaN | 0,00 | 0,00 | NaN
  13 |  1,48 | 213,285 | 750,39 | 761,69 | 754,72 |  0,00 | 1,367 | 44,35 | 44,35 |  0,00 | 5,036 | 343,40 | 343,40 |  3,33 | 747,653 | 328,05 | 339,35 |  0,00 | 378,830 | 34,59 | 34,59 | 1158,320 |   NaN | NaN | 0,00 | 0,00 | NaN
  14 |  2,48 | 226,340 | 752,40 | 771,50 | 756,75 |  0,00 | 1,408 | 44,35 | 44,35 |  0,00 | 2,175 | 346,40 | 346,40 |  5,52 | 787,253 | 327,06 | 346,17 |  0,00 | 636,201 | 34,59 | 34,59 | 1932,915 |   NaN | NaN | 0,00 | 0,00 | NaN
  15 |  1,53 | 223,310 | 754,31 | 766,04 | 758,85 |  0,00 | 1,402 | 44,35 | 44,35 |  0,00 | 16,121 | 339,63 | 339,63 |  3,38 | 769,753 | 335,74 | 347,47 |  0,00 | 158,033 | 34,59 | 34,59 | 405,172 |   NaN | NaN | 0,00 | 0,00 | NaN
  16 |  3,01 | 259,817 | 755,28 | 778,70 | 759,66 |  0,00 | 1,393 | 44,35 | 44,35 |  0,00 | 9,089 | 346,87 | 346,87 |  6,64 | 919,304 | 329,47 | 352,89 |  0,00 | 255,622 | 34,59 | 34,59 | 771,309 |   NaN | NaN | 0,00 | 0,00 | NaN
  17 |  2,23 | 235,251 | 753,98 | 771,20 | 758,42 |  0,00 | 1,406 | 44,35 | 44,35 |  0,00 | 9,721 | 347,48 | 347,48 |  4,99 | 833,915 | 327,56 | 344,77 |  0,00 | 245,671 | 34,59 | 34,59 | 723,270 |   NaN | NaN | 0,00 | 0,00 | NaN
  18 |  1,68 | 207,142 | 753,48 | 766,38 | 757,79 |  0,00 | 1,383 | 44,35 | 44,35 |  0,00 | 2,038 | 343,59 | 343,59 |  3,75 | 687,961 | 330,95 | 343,85 |  0,00 | 1028,047 | 34,59 | 34,59 | 3111,478 |   NaN | NaN | 0,00 | 0,00 | NaN
  19 |  0,90 | 173,610 | 753,14 | 760,00 | 757,44 |  0,00 | 1,374 | 44,35 | 44,35 |  0,00 | 1,932 | 339,19 | 339,19 |  2,01 | 574,854 | 335,02 | 341,88 |  0,00 | 753,766 | 34,59 | 34,59 | 2286,063 |   NaN | NaN | 0,00 | 0,00 | NaN
  20 |  1,48 | 186,596 | 751,99 | 763,32 | 756,30 |  0,00 | 1,369 | 44,35 | 44,35 |  0,00 | 2,110 | 345,21 | 345,21 |  3,34 | 622,684 | 327,84 | 339,16 |  0,00 | 955,205 | 34,59 | 34,59 | 2892,007 |   NaN | NaN | 0,00 | 0,00 | NaN
  21 |  1,02 | 188,606 | 750,34 | 758,05 | 754,91 |  0,00 | 1,374 | 44,35 | 44,35 |  0,00 | 16,396 | 340,96 | 340,96 |  2,28 | 654,360 | 330,44 | 338,14 |  0,00 | 145,136 | 34,59 | 34,59 | 346,320 |   NaN | NaN | 0,00 | 0,00 | NaN
  22 |  2,46 | 244,310 | 755,02 | 774,09 | 759,39 |  0,00 | 1,412 | 44,35 | 44,35 |  0,00 | 2,166 | 351,22 | 351,22 |  5,54 | 858,566 | 324,86 | 343,93 |  0,00 | 673,981 | 34,59 | 34,59 | 2046,412 |   NaN | NaN | 0,00 | 0,00 | NaN
  23 |  1,87 | 211,785 | 755,34 | 769,75 | 759,68 |  0,00 | 1,394 | 44,35 | 44,35 |  0,00 | 2,060 | 345,65 | 345,65 |  4,17 | 716,361 | 330,75 | 345,16 |  0,00 | 850,358 | 34,59 | 34,59 | 2575,903 |   NaN | NaN | 0,00 | 0,00 | NaN
  24 |  2,42 | 239,264 | 754,45 | 773,13 | 758,77 |  0,00 | 1,356 | 44,35 | 44,35 |  0,00 | 5,340 | 345,84 | 345,84 |  5,36 | 840,061 | 329,67 | 348,35 |  0,00 | 385,540 | 34,59 | 34,59 | 1180,106 |   NaN | NaN | 0,00 | 0,00 | NaN
  25 |  2,32 | 244,712 | 755,62 | 773,60 | 760,15 |  0,00 | 1,413 | 44,35 | 44,35 |  0,00 | 12,734 | 343,90 | 343,90 |  5,13 | 857,319 | 332,79 | 350,77 |  0,00 | 166,417 | 34,59 | 34,59 | 444,443 |   NaN | NaN | 0,00 | 0,00 | NaN
  26 |  1,48 | 226,162 | 754,61 | 765,92 | 759,18 |  0,00 | 1,410 | 44,35 | 44,35 |  0,00 | 17,196 | 344,39 | 344,39 |  3,30 | 789,668 | 331,28 | 342,59 |  0,00 | 149,368 | 34,59 | 34,59 | 360,301 |   NaN | NaN | 0,00 | 0,00 | NaN
  27 |  1,64 | 181,617 | 753,80 | 766,33 | 758,10 |  0,00 | 1,336 | 44,35 | 44,35 |  0,00 | 1,721 | 346,75 | 346,75 |  3,68 | 601,980 | 328,11 | 340,64 |  0,00 | 1017,559 | 34,59 | 34,59 | 3079,922 |   NaN | NaN | 0,00 | 0,00 | NaN
  28 |  1,19 | 190,068 | 751,54 | 760,57 | 755,88 |  0,00 | 1,403 | 44,35 | 44,35 |  0,00 | 1,868 | 344,02 | 344,02 |  2,67 | 636,829 | 328,58 | 337,61 |  0,00 | 904,302 | 34,59 | 34,59 | 2737,707 |   NaN | NaN | 0,00 | 0,00 | NaN
  29 |  2,21 | 224,465 | 753,42 | 770,44 | 757,72 |  0,00 | 1,382 | 44,35 | 44,35 |  0,00 | 1,795 | 345,62 | 345,62 |  4,92 | 764,423 | 328,87 | 345,88 |  0,00 | 872,075 | 34,59 | 34,59 | 2641,609 |   NaN | NaN | 0,00 | 0,00 | NaN
  30 |  1,60 | 195,049 | 753,63 | 765,87 | 757,97 |  0,00 | 1,412 | 44,35 | 44,35 |  0,00 | 1,875 | 343,38 | 343,38 |  3,56 | 648,031 | 331,31 | 343,55 |  0,00 | 951,204 | 34,59 | 34,59 | 2881,098 |   NaN | NaN | 0,00 | 0,00 | NaN
  31 |  1,49 | 208,973 | 754,28 | 765,68 | 758,59 |  0,00 | 1,379 | 44,35 | 44,35 |  0,00 | 1,953 | 345,63 | 345,63 |  3,34 | 706,433 | 329,70 | 341,11 |  0,00 | 875,682 | 34,59 | 34,59 | 2652,026 |   NaN | NaN | 0,00 | 0,00 | NaN
  32 |  2,28 | 196,465 | 753,55 | 771,10 | 757,85 |  0,00 | 1,336 | 44,35 | 44,35 |  0,00 | 2,258 | 345,58 | 345,58 |  5,07 | 659,290 | 329,03 | 346,59 |  0,00 | 916,823 | 34,59 | 34,59 | 2776,615 |   NaN | NaN | 0,00 | 0,00 | NaN
  33 |  1,53 | 196,425 | 753,08 | 764,80 | 757,39 |  0,00 | 1,401 | 44,35 | 44,35 |  0,00 | 2,156 | 341,94 | 341,94 |  3,41 | 645,399 | 332,20 | 343,92 |  0,00 | 1046,296 | 34,59 | 34,59 | 3165,816 |   NaN | NaN | 0,00 | 0,00 | NaN
  34 |  1,81 | 193,546 | 752,83 | 766,68 | 757,13 |  0,00 | 1,392 | 44,35 | 44,35 |  0,00 | 1,778 | 344,46 | 344,46 |  4,04 | 638,119 | 329,43 | 343,28 |  0,00 | 1090,612 | 34,59 | 34,59 | 3300,182 |   NaN | NaN | 0,00 | 0,00 | NaN
  35 |  2,33 | 236,860 | 754,79 | 772,79 | 759,08 |  0,00 | 1,341 | 44,35 | 44,35 |  0,00 | 1,730 | 347,28 | 347,28 |  5,20 | 799,609 | 328,56 | 346,57 |  0,00 | 1079,910 | 34,59 | 34,59 | 3268,350 |   NaN | NaN | 0,00 | 0,00 | NaN
  36 |  1,72 | 185,706 | 752,96 | 766,14 | 757,28 |  0,00 | 1,395 | 44,35 | 44,35 |  0,00 | 1,761 | 341,18 | 341,18 |  3,81 | 604,719 | 332,85 | 346,02 |  0,00 | 1071,056 | 34,59 | 34,59 | 3240,618 |   NaN | NaN | 0,00 | 0,00 | NaN
  37 |  2,47 | 221,546 | 755,30 | 774,44 | 759,59 |  0,00 | 1,377 | 44,35 | 44,35 |  0,00 | 1,885 | 350,07 | 350,07 |  5,54 | 760,502 | 326,29 | 345,43 |  0,00 | 878,101 | 34,59 | 34,59 | 2660,259 |   NaN | NaN | 0,00 | 0,00 | NaN
  38 |  2,30 | 234,258 | 755,38 | 773,13 | 759,69 |  0,00 | 1,369 | 44,35 | 44,35 |  0,00 | 1,530 | 346,77 | 346,77 |  5,11 | 794,597 | 329,68 | 347,42 |  0,00 | 961,229 | 34,59 | 34,59 | 2910,869 |   NaN | NaN | 0,00 | 0,00 | NaN
  39 |  0,77 | 156,426 | 752,45 | 758,28 | 756,79 |  0,00 | 1,412 | 44,35 | 44,35 |  0,00 | 1,588 | 341,62 | 341,62 |  1,73 | 506,384 | 331,89 | 337,72 |  0,00 | 969,039 | 34,59 | 34,59 | 2934,308 |   NaN | NaN | 0,00 | 0,00 | NaN
  40 |  1,20 | 183,184 | 751,53 | 760,70 | 755,88 |  0,00 | 1,412 | 44,35 | 44,35 |  0,00 | 1,625 | 344,47 | 344,47 |  2,72 | 604,399 | 328,12 | 337,28 |  0,00 | 1053,614 | 34,59 | 34,59 | 3188,037 |   NaN | NaN | 0,00 | 0,00 | NaN
  41 |  2,62 | 224,662 | 751,02 | 771,21 | 755,34 |  0,00 | 1,395 | 44,35 | 44,35 |  0,00 | 1,778 | 341,80 | 341,80 |  5,76 | 759,093 | 330,28 | 350,48 |  0,00 | 888,884 | 34,59 | 34,59 | 2691,790 |   NaN | NaN | 0,00 | 0,00 | NaN
  42 |  2,52 | 224,143 | 754,15 | 773,66 | 758,45 |  0,00 | 1,341 | 44,35 | 44,35 |  0,00 | 1,696 | 346,93 | 346,93 |  5,61 | 762,522 | 328,29 | 347,79 |  0,00 | 916,919 | 34,59 | 34,59 | 2776,095 |   NaN | NaN | 0,00 | 0,00 | NaN
  43 |  3,18 | 232,628 | 754,19 | 778,93 | 758,53 |  0,00 | 1,419 | 44,35 | 44,35 |  0,00 | 1,818 | 350,04 | 350,04 |  7,07 | 798,695 | 325,21 | 349,96 |  0,00 | 953,064 | 34,59 | 34,59 | 2885,807 |   NaN | NaN | 0,00 | 0,00 | NaN
  44 |  2,09 | 232,809 | 755,96 | 772,12 | 760,26 |  0,00 | 1,332 | 44,35 | 44,35 |  0,00 | 2,405 | 344,94 | 344,94 |  4,64 | 784,204 | 332,09 | 348,25 |  0,00 | 944,480 | 34,59 | 34,59 | 2858,712 |   NaN | NaN | 0,00 | 0,00 | NaN
  45 |  1,66 | 192,773 | 753,90 | 766,63 | 758,26 |  0,00 | 1,416 | 44,35 | 44,35 |  0,00 | 1,820 | 348,07 | 348,07 |  3,75 | 651,406 | 326,89 | 339,62 |  0,00 | 902,904 | 34,59 | 34,59 | 2734,381 |   NaN | NaN | 0,00 | 0,00 | NaN
  46 |  1,93 | 207,361 | 754,40 | 769,25 | 758,71 |  0,00 | 1,355 | 44,35 | 44,35 |  0,00 | 1,831 | 343,55 | 343,55 |  4,28 | 691,067 | 331,91 | 346,75 |  0,00 | 965,822 | 34,59 | 34,59 | 2923,738 |   NaN | NaN | 0,00 | 0,00 | NaN
  47 |  1,79 | 203,996 | 752,98 | 766,68 | 757,29 |  0,00 | 1,353 | 44,35 | 44,35 |  0,00 | 1,969 | 345,74 | 345,74 |  4,01 | 691,543 | 328,29 | 342,00 |  0,00 | 854,112 | 34,59 | 34,59 | 2587,266 |   NaN | NaN | 0,00 | 0,00 | NaN
  48 |  1,56 | 232,500 | 754,14 | 766,11 | 758,46 |  0,00 | 1,382 | 44,35 | 44,35 |  0,00 | 1,498 | 343,68 | 343,68 |  3,48 | 785,039 | 331,53 | 343,49 |  0,00 | 928,333 | 34,59 | 34,59 | 2810,175 |   NaN | NaN | 0,00 | 0,00 | NaN
  49 |  1,74 | 188,505 | 752,55 | 765,88 | 756,87 |  0,00 | 1,395 | 44,35 | 44,35 |  0,00 | 1,757 | 345,48 | 345,48 |  3,90 | 636,797 | 328,12 | 341,46 |  0,00 | 832,151 | 34,59 | 34,59 | 2521,225 |   NaN | NaN | 0,00 | 0,00 | NaN
  50 |  2,09 | 211,326 | 754,70 | 770,81 | 759,01 |  0,00 | 1,349 | 44,35 | 44,35 |  0,00 | 1,676 | 348,07 | 348,07 |  4,68 | 715,981 | 327,70 | 343,80 |  0,00 | 944,758 | 34,59 | 34,59 | 2861,083 |   NaN | NaN | 0,00 | 0,00 | NaN
  51 |  1,95 | 210,019 | 754,38 | 769,38 | 758,69 |  0,00 | 1,347 | 44,35 | 44,35 |  0,00 | 2,084 | 344,59 | 344,59 |  4,34 | 706,582 | 330,85 | 345,86 |  0,00 | 890,249 | 34,59 | 34,59 | 2696,023 |   NaN | NaN | 0,00 | 0,00 | NaN
  52 |  1,89 | 211,823 | 752,30 | 766,77 | 756,61 |  0,00 | 1,374 | 44,35 | 44,35 |  0,00 | 2,175 | 340,30 | 340,30 |  4,16 | 708,554 | 333,05 | 347,53 |  0,00 | 862,702 | 34,59 | 34,59 | 2613,469 |   NaN | NaN | 0,00 | 0,00 | NaN
  53 |  1,98 | 206,350 | 754,84 | 770,07 | 759,15 |  0,00 | 1,361 | 44,35 | 44,35 |  0,00 | 2,029 | 346,95 | 346,95 |  4,42 | 694,925 | 328,95 | 344,18 |  0,00 | 943,323 | 34,59 | 34,59 | 2856,348 |   NaN | NaN | 0,00 | 0,00 | NaN
  54 |  1,30 | 200,723 | 753,17 | 763,09 | 757,48 |  0,00 | 1,363 | 44,35 | 44,35 |  0,00 | 1,743 | 344,64 | 344,64 |  2,92 | 671,471 | 329,60 | 339,52 |  0,00 | 959,888 | 34,59 | 34,59 | 2905,374 |   NaN | NaN | 0,00 | 0,00 | NaN
  55 |  1,54 | 183,516 | 753,78 | 765,59 | 758,10 |  0,00 | 1,348 | 44,35 | 44,35 |  0,00 | 1,535 | 341,83 | 341,83 |  3,42 | 600,849 | 333,01 | 344,82 |  0,00 | 1006,215 | 34,59 | 34,59 | 3046,040 |   NaN | NaN | 0,00 | 0,00 | NaN
  56 |  1,45 | 189,652 | 753,49 | 764,56 | 757,81 |  0,00 | 1,354 | 44,35 | 44,35 |  0,00 | 1,864 | 342,18 | 342,18 |  3,22 | 628,157 | 332,37 | 343,45 |  0,00 | 921,680 | 34,59 | 34,59 | 2790,219 |   NaN | NaN | 0,00 | 0,00 | NaN
  57 |  1,98 | 208,640 | 753,16 | 768,38 | 757,47 |  0,00 | 1,351 | 44,35 | 44,35 |  0,00 | 1,787 | 343,34 | 343,34 |  4,40 | 702,419 | 330,87 | 346,10 |  0,00 | 872,162 | 34,59 | 34,59 | 2641,071 |   NaN | NaN | 0,00 | 0,00 | NaN
  58 |  1,79 | 231,020 | 754,66 | 768,45 | 758,97 |  0,00 | 1,380 | 44,35 | 44,35 |  0,00 | 2,387 | 344,46 | 344,46 |  4,00 | 784,143 | 331,26 | 345,05 |  0,00 | 848,727 | 34,59 | 34,59 | 2571,046 |   NaN | NaN | 0,00 | 0,00 | NaN
  59 |  2,44 | 228,428 | 755,17 | 774,03 | 759,48 |  0,00 | 1,399 | 44,35 | 44,35 |  0,00 | 1,519 | 344,42 | 344,42 |  5,38 | 763,991 | 331,80 | 350,67 |  0,00 | 1040,798 | 34,59 | 34,59 | 3150,424 |   NaN | NaN | 0,00 | 0,00 | NaN
  60 |  1,91 | 218,310 | 754,29 | 768,94 | 758,60 |  0,00 | 1,334 | 44,35 | 44,35 |  0,00 | 2,169 | 344,82 | 344,82 |  4,24 | 740,024 | 330,53 | 345,18 |  0,00 | 843,003 | 34,59 | 34,59 | 2554,207 |   NaN | NaN | 0,00 | 0,00 | NaN
  61 |  2,22 | 224,088 | 755,63 | 772,82 | 759,93 |  0,00 | 1,356 | 44,35 | 44,35 |  0,00 | 2,015 | 346,50 | 346,50 |  4,95 | 757,591 | 330,19 | 347,38 |  0,00 | 939,586 | 34,59 | 34,59 | 2844,843 |   NaN | NaN | 0,00 | 0,00 | NaN
  62 |  2,28 | 232,516 | 754,32 | 771,89 | 758,69 |  0,00 | 1,418 | 44,35 | 44,35 |  0,00 | 1,705 | 347,22 | 347,22 |  5,08 | 794,757 | 328,16 | 345,73 |  0,00 | 888,202 | 34,59 | 34,59 | 2689,646 |   NaN | NaN | 0,00 | 0,00 | NaN
  63 |  1,99 | 209,086 | 754,13 | 769,43 | 758,44 |  0,00 | 1,373 | 44,35 | 44,35 |  0,00 | 1,944 | 347,03 | 347,03 |  4,46 | 702,973 | 328,16 | 343,47 |  0,00 | 998,101 | 34,59 | 34,59 | 3021,701 |   NaN | NaN | 0,00 | 0,00 | NaN
  64 |  1,55 | 198,396 | 751,65 | 763,47 | 756,01 |  0,00 | 1,416 | 44,35 | 44,35 |  0,00 | 2,043 | 343,57 | 343,57 |  3,46 | 663,057 | 329,15 | 340,96 |  0,00 | 950,273 | 34,59 | 34,59 | 2876,225 |   NaN | NaN | 0,00 | 0,00 | NaN

= = = = = = = = = = = = AVERAGE RESULTS system = = = = = = = = = = = =
meanPLR_system | 1,911693 
meanDelay_system | 212,592244 
meanLoad_system | 768,553828 
meanTHR_system | 753,841776 
meanGate_system | 758,198582 

meanPLR_EF_system | 0,000000 
meanPLR_AF_system | 0,000000 
meanPLR_BE_system | 4,262620 
meanPLR_FLA_system | 0,000000 
meanPLR_FLB_system | NaN 

meanTHR_EF_system | 44,352002 
meanTHR_AF_system | 345,108040 
meanTHR_BE_system | 329,795502 
meanTHR_FLA_system | 35,162047 
meanTHR_FLB_system | 0,000000 

meanLoad_EF_system | 44,352002 
meanLoad_AF_system | 345,108040 
meanLoad_BE_system | 344,507554 
meanLoad_FLA_system | 35,162047 
meanLoad_FLB_system | 0,000000 

meanDELAY_EF_system | 1,377965 
meanDELAY_AF_system | 4,258040 
meanDELAY_BE_system | 724,632518 
meanDELAY_FLA_system | 733,889520 
meanDELAY_FLB_system | NaN 
meanDELAY_CompleteFLA_system | 2210,628340 
meanDELAY_CompleteFLB_system | NaN 

= = = = = = = = = = = = AVERAGE RESULTS = = = = = = = = = = = =
Packet Loss Ratio: 01,91 (%)
PROCESSED PACKAGES: 2205158044 
DISCARTED PACKAGES: 26900168 
TOTAL PACKAGES: 2232058212 
AVERAGE DELAY: 39987,26 (ms) 
AVERAGE THROUGHPUT: 753,84 (Mbps) 
GRANTED THROUGHPUT: 48524,71 (Mbps) By 64 ONUs
EFFECTIVE THROUGHPUT: 48245,87 (Mbps) By 64 ONUs
TOTAL LOAD: 49187,44 (Mbps) By 64 ONUs
ON Arrival THROUGHPUT: 0,00 (Mbps) By 64 ONUs
FINISHTIMEFL: 180,194285 
FINISHTIME: 183,194285 


fileName | IPACT_LBVARIBLETOKENSBYCYCLE_4_30_92_0 
