
ONU ID 	|  PLR(%) | Delay(ms) | Throughput(Mbps) | Granted Throughput(Mbps) | Total Load (Mbps) 

  ID |  PLR(%) |  D  | Thr |  Gates  |  Load  | PLR-EF | D-EF | ThrEF | LoadEF | PLR-AF | D-AF | ThrAF | LoadAF | PLR-BE | D-BE | ThrBE | LoadBE | PLR-FA | D-FA | ThrFA | LoadFA | DTFA |  PLR-FB | D-FB | ThrFB | LoadFB | DTFB | 
   1 |  0,00 | 1,558 | 503,95 | 503,95 | 548,58 |  0,00 | 0,124 | 44,35 | 44,35 |  0,00 | 0,326 | 209,20 | 209,20 |  0,00 | 0,426 | 203,25 | 203,25 |  0,00 | 49,951 | 47,16 | 47,16 | 121,191 |   NaN | NaN | 0,00 | 0,00 | NaN
   2 |  0,00 | 16,985 | 505,08 | 505,08 | 554,64 |  0,00 | 0,136 | 44,35 | 44,35 |  0,00 | 0,142 | 207,70 | 207,70 |  0,00 | 0,205 | 205,87 | 205,87 |  0,00 | 634,357 | 47,16 | 47,16 | 1288,986 |   NaN | NaN | 0,00 | 0,00 | NaN
   3 |  0,00 | 16,163 | 501,54 | 501,54 | 541,03 |  0,00 | 0,073 | 44,35 | 44,35 |  0,00 | 0,078 | 205,94 | 205,94 |  0,00 | 0,271 | 204,09 | 204,09 |  0,00 | 602,384 | 47,16 | 47,16 | 1225,155 |   NaN | NaN | 0,00 | 0,00 | NaN
   4 |  0,00 | 0,606 | 507,05 | 507,05 | 546,85 |  0,00 | 0,078 | 44,35 | 44,35 |  0,00 | 0,351 | 209,66 | 209,66 |  0,00 | 0,506 | 205,88 | 205,88 |  0,00 | 14,215 | 47,16 | 47,16 | 47,668 |   NaN | NaN | 0,00 | 0,00 | NaN
   5 |  0,00 | 24,203 | 503,12 | 503,12 | 543,58 |  0,00 | 0,104 | 44,35 | 44,35 |  0,00 | 0,109 | 205,95 | 205,95 |  0,00 | 0,235 | 205,66 | 205,66 |  0,00 | 905,121 | 47,16 | 47,16 | 1830,635 |   NaN | NaN | 0,00 | 0,00 | NaN
   6 |  0,00 | 19,117 | 507,08 | 507,08 | 545,57 |  0,00 | 0,056 | 44,35 | 44,35 |  0,00 | 0,063 | 208,78 | 208,78 |  0,00 | 0,298 | 206,79 | 206,79 |  0,00 | 717,693 | 47,16 | 47,16 | 1455,754 |   NaN | NaN | 0,00 | 0,00 | NaN
   7 |  0,00 | 6,401 | 503,73 | 503,73 | 543,23 |  0,00 | 0,071 | 44,35 | 44,35 |  0,00 | 0,077 | 206,65 | 206,65 |  0,00 | 0,274 | 205,57 | 205,57 |  0,00 | 236,552 | 47,16 | 47,16 | 493,580 |   NaN | NaN | 0,00 | 0,00 | NaN
   8 |  0,00 | 17,815 | 504,55 | 504,55 | 548,18 |  0,00 | 0,121 | 44,35 | 44,35 |  0,00 | 0,126 | 205,49 | 205,49 |  0,00 | 0,214 | 207,55 | 207,55 |  0,00 | 665,652 | 47,16 | 47,16 | 1351,640 |   NaN | NaN | 0,00 | 0,00 | NaN
   9 |  0,00 | 10,952 | 506,20 | 506,20 | 545,53 |  0,00 | 0,061 | 44,35 | 44,35 |  0,00 | 0,067 | 208,29 | 208,29 |  0,00 | 0,287 | 206,40 | 206,40 |  0,00 | 409,033 | 47,16 | 47,16 | 838,469 |   NaN | NaN | 0,00 | 0,00 | NaN
  10 |  0,00 | 0,811 | 503,23 | 503,23 | 547,20 |  0,00 | 0,122 | 44,35 | 44,35 |  0,00 | 0,381 | 205,99 | 205,99 |  0,00 | 0,513 | 205,72 | 205,72 |  0,00 | 20,671 | 47,16 | 47,16 | 60,598 |   NaN | NaN | 0,00 | 0,00 | NaN
  11 |  0,00 | 34,804 | 502,48 | 502,48 | 541,88 |  0,00 | 0,062 | 44,35 | 44,35 |  0,00 | 0,109 | 204,12 | 204,12 |  0,00 | 0,316 | 206,85 | 206,85 |  0,00 | 1302,931 | 47,16 | 47,16 | 2626,366 |   NaN | NaN | 0,00 | 0,00 | NaN
  12 |  0,00 | 20,252 | 502,91 | 502,91 | 547,31 |  0,00 | 0,124 | 44,35 | 44,35 |  0,00 | 0,127 | 205,31 | 205,31 |  0,00 | 0,213 | 206,09 | 206,09 |  0,00 | 755,914 | 47,16 | 47,16 | 1532,195 |   NaN | NaN | 0,00 | 0,00 | NaN
  13 |  0,00 | 17,093 | 500,05 | 500,05 | 539,79 |  0,00 | 0,088 | 44,35 | 44,35 |  0,00 | 0,097 | 204,70 | 204,70 |  0,00 | 0,252 | 203,84 | 203,84 |  0,00 | 636,002 | 47,16 | 47,16 | 1292,462 |   NaN | NaN | 0,00 | 0,00 | NaN
  14 |  0,00 | 23,776 | 505,45 | 505,45 | 551,91 |  0,00 | 0,130 | 44,35 | 44,35 |  0,00 | 0,135 | 206,43 | 206,43 |  0,00 | 0,208 | 207,51 | 207,51 |  0,00 | 890,701 | 47,16 | 47,16 | 1801,801 |   NaN | NaN | 0,00 | 0,00 | NaN
  15 |  0,00 | 6,616 | 502,83 | 502,83 | 547,18 |  0,00 | 0,123 | 44,35 | 44,35 |  0,00 | 0,128 | 203,42 | 203,42 |  0,00 | 0,211 | 207,89 | 207,89 |  0,00 | 243,429 | 47,16 | 47,16 | 507,307 |   NaN | NaN | 0,00 | 0,00 | NaN
  16 |  0,00 | 13,379 | 509,40 | 509,40 | 551,43 |  0,00 | 0,115 | 44,35 | 44,35 |  0,00 | 0,120 | 207,27 | 207,27 |  0,00 | 0,221 | 210,62 | 210,62 |  0,00 | 501,236 | 47,16 | 47,16 | 1022,898 |   NaN | NaN | 0,00 | 0,00 | NaN
  17 |  0,00 | 12,688 | 506,30 | 506,30 | 551,99 |  0,00 | 0,128 | 44,35 | 44,35 |  0,00 | 0,131 | 207,82 | 207,82 |  0,00 | 0,210 | 206,97 | 206,97 |  0,00 | 473,251 | 47,16 | 47,16 | 967,001 |   NaN | NaN | 0,00 | 0,00 | NaN
  18 |  0,00 | 37,701 | 502,06 | 502,06 | 542,52 |  0,00 | 0,104 | 44,35 | 44,35 |  0,00 | 0,116 | 204,41 | 204,41 |  0,00 | 0,233 | 206,14 | 206,14 |  0,00 | 1410,840 | 47,16 | 47,16 | 2841,874 |   NaN | NaN | 0,00 | 0,00 | NaN
  19 |  0,00 | 29,796 | 499,29 | 499,29 | 539,25 |  0,00 | 0,095 | 44,35 | 44,35 |  0,00 | 0,101 | 203,41 | 203,41 |  0,00 | 0,242 | 204,37 | 204,37 |  0,00 | 1111,046 | 47,16 | 47,16 | 2242,443 |   NaN | NaN | 0,00 | 0,00 | NaN
  20 |  0,00 | 35,470 | 501,80 | 501,80 | 541,56 |  0,00 | 0,091 | 44,35 | 44,35 |  0,00 | 0,105 | 207,12 | 207,12 |  0,00 | 0,278 | 203,16 | 203,16 |  0,00 | 1326,674 | 47,16 | 47,16 | 2673,978 |   NaN | NaN | 0,00 | 0,00 | NaN
  21 |  0,00 | 4,317 | 496,62 | 496,62 | 536,49 |  0,00 | 0,095 | 44,35 | 44,35 |  0,00 | 0,125 | 202,72 | 202,72 |  0,00 | 0,286 | 202,39 | 202,39 |  0,00 | 155,951 | 47,16 | 47,16 | 332,417 |   NaN | NaN | 0,00 | 0,00 | NaN
  22 |  0,00 | 25,122 | 507,91 | 507,91 | 556,26 |  0,00 | 0,134 | 44,35 | 44,35 |  0,00 | 0,140 | 211,11 | 211,11 |  0,00 | 0,203 | 205,29 | 205,29 |  0,00 | 943,832 | 47,16 | 47,16 | 1908,026 |   NaN | NaN | 0,00 | 0,00 | NaN
  23 |  0,00 | 32,711 | 504,64 | 504,64 | 546,89 |  0,00 | 0,116 | 44,35 | 44,35 |  0,00 | 0,201 | 206,78 | 206,78 |  0,00 | 0,262 | 206,34 | 206,34 |  0,00 | 1225,629 | 47,16 | 47,16 | 2471,369 |   NaN | NaN | 0,00 | 0,00 | NaN
  24 |  0,00 | 17,004 | 504,65 | 504,65 | 544,20 |  0,00 | 0,078 | 44,35 | 44,35 |  0,00 | 0,083 | 206,05 | 206,05 |  0,00 | 0,271 | 207,08 | 207,08 |  0,00 | 635,893 | 47,16 | 47,16 | 1292,282 |   NaN | NaN | 0,00 | 0,00 | NaN
  25 |  0,00 | 7,922 | 507,80 | 507,80 | 556,83 |  0,00 | 0,135 | 44,35 | 44,35 |  0,00 | 0,139 | 206,35 | 206,35 |  0,00 | 0,201 | 209,94 | 209,94 |  0,00 | 293,784 | 47,16 | 47,16 | 607,987 |   NaN | NaN | 0,00 | 0,00 | NaN
  26 |  0,00 | 6,082 | 502,77 | 502,77 | 550,07 |  0,00 | 0,131 | 44,35 | 44,35 |  0,00 | 0,134 | 206,43 | 206,43 |  0,00 | 0,204 | 204,83 | 204,83 |  0,00 | 223,143 | 47,16 | 47,16 | 466,722 |   NaN | NaN | 0,00 | 0,00 | NaN
  27 |  0,00 | 38,090 | 500,93 | 500,93 | 540,07 |  0,00 | 0,059 | 44,35 | 44,35 |  0,00 | 0,064 | 206,18 | 206,18 |  0,00 | 0,292 | 203,24 | 203,24 |  0,00 | 1424,857 | 47,16 | 47,16 | 2870,085 |   NaN | NaN | 0,00 | 0,00 | NaN
  28 |  0,00 | 33,071 | 499,95 | 499,95 | 544,58 |  0,00 | 0,124 | 44,35 | 44,35 |  0,00 | 0,243 | 205,60 | 205,60 |  0,00 | 0,321 | 202,83 | 202,83 |  0,00 | 1232,147 | 47,16 | 47,16 | 2484,504 |   NaN | NaN | 0,00 | 0,00 | NaN
  29 |  0,00 | 34,150 | 506,57 | 506,57 | 546,89 |  0,00 | 0,104 | 44,35 | 44,35 |  0,00 | 0,153 | 207,32 | 207,32 |  0,00 | 0,277 | 207,73 | 207,73 |  0,00 | 1283,022 | 47,16 | 47,16 | 2586,387 |   NaN | NaN | 0,00 | 0,00 | NaN
  30 |  0,00 | 36,468 | 501,44 | 501,44 | 549,99 |  0,00 | 0,134 | 44,35 | 44,35 |  0,00 | 0,144 | 204,25 | 204,25 |  0,00 | 0,205 | 205,67 | 205,67 |  0,00 | 1363,094 | 47,16 | 47,16 | 2746,411 |   NaN | NaN | 0,00 | 0,00 | NaN
  31 |  0,00 | 32,878 | 502,66 | 502,66 | 542,85 |  0,00 | 0,101 | 44,35 | 44,35 |  0,00 | 0,152 | 207,34 | 207,34 |  0,00 | 0,322 | 203,81 | 203,81 |  0,00 | 1229,780 | 47,16 | 47,16 | 2479,727 |   NaN | NaN | 0,00 | 0,00 | NaN
  32 |  0,00 | 34,785 | 505,75 | 505,75 | 544,88 |  0,00 | 0,059 | 44,35 | 44,35 |  0,00 | 0,086 | 206,95 | 206,95 |  0,00 | 0,339 | 207,29 | 207,29 |  0,00 | 1306,895 | 47,16 | 47,16 | 2634,218 |   NaN | NaN | 0,00 | 0,00 | NaN
  33 |  0,00 | 35,873 | 502,31 | 502,31 | 546,33 |  0,00 | 0,123 | 44,35 | 44,35 |  0,00 | 0,161 | 205,48 | 205,48 |  0,00 | 0,268 | 205,32 | 205,32 |  0,00 | 1341,800 | 47,16 | 47,16 | 2704,152 |   NaN | NaN | 0,00 | 0,00 | NaN
  34 |  0,00 | 39,353 | 501,56 | 501,56 | 543,44 |  0,00 | 0,114 | 44,35 | 44,35 |  0,00 | 0,119 | 205,57 | 205,57 |  0,00 | 0,226 | 204,48 | 204,48 |  0,00 | 1471,981 | 47,16 | 47,16 | 2964,366 |   NaN | NaN | 0,00 | 0,00 | NaN
  35 |  0,00 | 40,459 | 507,04 | 507,04 | 546,44 |  0,00 | 0,063 | 44,35 | 44,35 |  0,00 | 0,072 | 208,01 | 208,01 |  0,00 | 0,281 | 207,52 | 207,52 |  0,00 | 1523,561 | 47,16 | 47,16 | 3067,454 |   NaN | NaN | 0,00 | 0,00 | NaN
  36 |  0,00 | 38,580 | 502,32 | 502,32 | 544,78 |  0,00 | 0,116 | 44,35 | 44,35 |  0,00 | 0,124 | 203,43 | 203,43 |  0,00 | 0,220 | 207,38 | 207,38 |  0,00 | 1444,234 | 47,16 | 47,16 | 2908,840 |   NaN | NaN | 0,00 | 0,00 | NaN
  37 |  0,00 | 34,782 | 507,23 | 507,23 | 547,27 |  0,00 | 0,099 | 44,35 | 44,35 |  0,00 | 0,132 | 208,90 | 208,90 |  0,00 | 0,264 | 206,82 | 206,82 |  0,00 | 1308,224 | 47,16 | 47,16 | 2636,970 |   NaN | NaN | 0,00 | 0,00 | NaN
  38 |  0,00 | 36,722 | 506,45 | 506,45 | 546,16 |  0,00 | 0,090 | 44,35 | 44,35 |  0,00 | 0,096 | 208,30 | 208,30 |  0,00 | 0,250 | 206,64 | 206,64 |  0,00 | 1380,843 | 47,16 | 47,16 | 2782,069 |   NaN | NaN | 0,00 | 0,00 | NaN
  39 |  0,00 | 35,885 | 497,73 | 497,73 | 546,12 |  0,00 | 0,134 | 44,35 | 44,35 |  0,00 | 0,144 | 203,87 | 203,87 |  0,00 | 0,215 | 202,35 | 202,35 |  0,00 | 1335,906 | 47,16 | 47,16 | 2692,324 |   NaN | NaN | 0,00 | 0,00 | NaN
  40 |  0,00 | 38,011 | 499,38 | 499,38 | 547,77 |  0,00 | 0,134 | 44,35 | 44,35 |  0,00 | 0,146 | 205,51 | 205,51 |  0,00 | 0,208 | 202,36 | 202,36 |  0,00 | 1418,004 | 47,16 | 47,16 | 2856,315 |   NaN | NaN | 0,00 | 0,00 | NaN
  41 |  0,00 | 33,544 | 506,96 | 506,96 | 549,54 |  0,00 | 0,117 | 44,35 | 44,35 |  0,00 | 0,222 | 205,07 | 205,07 |  0,00 | 0,375 | 210,38 | 210,38 |  0,00 | 1259,092 | 47,16 | 47,16 | 2538,725 |   NaN | NaN | 0,00 | 0,00 | NaN
  42 |  0,00 | 34,065 | 508,53 | 508,53 | 547,91 |  0,00 | 0,063 | 44,35 | 44,35 |  0,00 | 0,109 | 208,39 | 208,39 |  0,00 | 0,325 | 208,63 | 208,63 |  0,00 | 1283,211 | 47,16 | 47,16 | 2586,963 |   NaN | NaN | 0,00 | 0,00 | NaN
  43 |  0,00 | 35,340 | 509,01 | 509,01 | 555,51 |  0,00 | 0,141 | 44,35 | 44,35 |  0,00 | 0,145 | 209,20 | 209,20 |  0,00 | 0,200 | 208,29 | 208,29 |  0,00 | 1331,291 | 47,16 | 47,16 | 2683,174 |   NaN | NaN | 0,00 | 0,00 | NaN
  44 |  0,00 | 33,263 | 506,41 | 506,41 | 544,97 |  0,00 | 0,056 | 44,35 | 44,35 |  0,00 | 0,098 | 206,47 | 206,47 |  0,00 | 0,427 | 208,43 | 208,43 |  0,00 | 1249,659 | 47,16 | 47,16 | 2519,770 |   NaN | NaN | 0,00 | 0,00 | NaN
  45 |  0,00 | 34,153 | 502,82 | 502,82 | 552,94 |  0,00 | 0,138 | 44,35 | 44,35 |  0,00 | 0,190 | 208,39 | 208,39 |  0,00 | 0,278 | 202,91 | 202,91 |  0,00 | 1277,196 | 47,16 | 47,16 | 2574,918 |   NaN | NaN | 0,00 | 0,00 | NaN
  46 |  0,00 | 35,442 | 503,48 | 503,48 | 543,00 |  0,00 | 0,077 | 44,35 | 44,35 |  0,00 | 0,098 | 204,54 | 204,54 |  0,00 | 0,282 | 207,43 | 207,43 |  0,00 | 1328,562 | 47,16 | 47,16 | 2677,602 |   NaN | NaN | 0,00 | 0,00 | NaN
  47 |  0,00 | 32,569 | 502,10 | 502,10 | 541,65 |  0,00 | 0,074 | 44,35 | 44,35 |  0,00 | 0,138 | 205,60 | 205,60 |  0,00 | 0,366 | 204,99 | 204,99 |  0,00 | 1217,509 | 47,16 | 47,16 | 2455,149 |   NaN | NaN | 0,00 | 0,00 | NaN
  48 |  0,00 | 33,457 | 501,95 | 501,95 | 542,37 |  0,00 | 0,104 | 44,35 | 44,35 |  0,00 | 0,190 | 205,52 | 205,52 |  0,00 | 0,319 | 204,92 | 204,92 |  0,00 | 1250,225 | 47,16 | 47,16 | 2520,628 |   NaN | NaN | 0,00 | 0,00 | NaN
  49 |  0,00 | 32,658 | 501,94 | 501,94 | 544,37 |  0,00 | 0,116 | 44,35 | 44,35 |  0,00 | 0,165 | 205,74 | 205,74 |  0,00 | 0,287 | 204,69 | 204,69 |  0,00 | 1220,301 | 47,16 | 47,16 | 2460,670 |   NaN | NaN | 0,00 | 0,00 | NaN
  50 |  0,00 | 35,656 | 504,07 | 504,07 | 543,59 |  0,00 | 0,071 | 44,35 | 44,35 |  0,00 | 0,082 | 206,92 | 206,92 |  0,00 | 0,280 | 205,64 | 205,64 |  0,00 | 1337,663 | 47,16 | 47,16 | 2695,888 |   NaN | NaN | 0,00 | 0,00 | NaN
  51 |  0,00 | 33,454 | 504,32 | 504,32 | 543,84 |  0,00 | 0,069 | 44,35 | 44,35 |  0,00 | 0,120 | 205,46 | 205,46 |  0,00 | 0,339 | 207,35 | 207,35 |  0,00 | 1254,304 | 47,16 | 47,16 | 2529,190 |   NaN | NaN | 0,00 | 0,00 | NaN
  52 |  0,00 | 33,824 | 504,38 | 504,38 | 544,29 |  0,00 | 0,095 | 44,35 | 44,35 |  0,00 | 0,143 | 203,69 | 203,69 |  0,00 | 0,348 | 209,18 | 209,18 |  0,00 | 1267,364 | 47,16 | 47,16 | 2555,308 |   NaN | NaN | 0,00 | 0,00 | NaN
  53 |  0,00 | 35,014 | 504,13 | 504,13 | 543,73 |  0,00 | 0,082 | 44,35 | 44,35 |  0,00 | 0,098 | 207,21 | 207,21 |  0,00 | 0,277 | 205,41 | 205,41 |  0,00 | 1313,140 | 47,16 | 47,16 | 2646,677 |   NaN | NaN | 0,00 | 0,00 | NaN
  54 |  0,00 | 34,142 | 500,60 | 500,60 | 540,23 |  0,00 | 0,085 | 44,35 | 44,35 |  0,00 | 0,148 | 205,99 | 205,99 |  0,00 | 0,312 | 203,10 | 203,10 |  0,00 | 1274,965 | 47,16 | 47,16 | 2570,522 |   NaN | NaN | 0,00 | 0,00 | NaN
  55 |  0,00 | 36,960 | 500,74 | 500,74 | 540,26 |  0,00 | 0,070 | 44,35 | 44,35 |  0,00 | 0,078 | 203,83 | 203,83 |  0,00 | 0,278 | 205,39 | 205,39 |  0,00 | 1381,626 | 47,16 | 47,16 | 2783,689 |   NaN | NaN | 0,00 | 0,00 | NaN
  56 |  0,00 | 33,558 | 499,90 | 499,90 | 539,45 |  0,00 | 0,076 | 44,35 | 44,35 |  0,00 | 0,125 | 204,46 | 204,46 |  0,00 | 0,404 | 203,93 | 203,93 |  0,00 | 1251,694 | 47,16 | 47,16 | 2523,881 |   NaN | NaN | 0,00 | 0,00 | NaN
  57 |  0,00 | 32,897 | 502,33 | 502,33 | 541,89 |  0,00 | 0,073 | 44,35 | 44,35 |  0,00 | 0,167 | 204,79 | 204,79 |  0,00 | 0,321 | 206,03 | 206,03 |  0,00 | 1230,518 | 47,16 | 47,16 | 2481,120 |   NaN | NaN | 0,00 | 0,00 | NaN
  58 |  0,00 | 32,936 | 504,88 | 504,88 | 545,12 |  0,00 | 0,101 | 44,35 | 44,35 |  0,00 | 0,166 | 207,35 | 207,35 |  0,00 | 0,305 | 206,01 | 206,01 |  0,00 | 1234,819 | 47,16 | 47,16 | 2489,925 |   NaN | NaN | 0,00 | 0,00 | NaN
  59 |  0,00 | 38,991 | 507,15 | 507,15 | 550,57 |  0,00 | 0,121 | 44,35 | 44,35 |  0,00 | 0,124 | 205,44 | 205,44 |  0,00 | 0,215 | 210,21 | 210,21 |  0,00 | 1467,008 | 47,16 | 47,16 | 2954,343 |   NaN | NaN | 0,00 | 0,00 | NaN
  60 |  0,00 | 33,640 | 503,28 | 503,28 | 542,18 |  0,00 | 0,057 | 44,35 | 44,35 |  0,00 | 0,081 | 206,49 | 206,49 |  0,00 | 0,332 | 205,28 | 205,28 |  0,00 | 1260,516 | 47,16 | 47,16 | 2541,568 |   NaN | NaN | 0,00 | 0,00 | NaN
  61 |  0,00 | 35,080 | 506,56 | 506,56 | 546,12 |  0,00 | 0,078 | 44,35 | 44,35 |  0,00 | 0,095 | 207,30 | 207,30 |  0,00 | 0,296 | 207,75 | 207,75 |  0,00 | 1319,146 | 47,16 | 47,16 | 2658,714 |   NaN | NaN | 0,00 | 0,00 | NaN
  62 |  0,00 | 33,338 | 505,84 | 505,84 | 556,75 |  0,00 | 0,140 | 44,35 | 44,35 |  0,00 | 0,217 | 206,58 | 206,58 |  0,00 | 0,285 | 207,74 | 207,74 |  0,00 | 1250,173 | 47,16 | 47,16 | 2520,821 |   NaN | NaN | 0,00 | 0,00 | NaN
  63 |  0,00 | 36,425 | 504,02 | 504,02 | 543,91 |  0,00 | 0,095 | 44,35 | 44,35 |  0,00 | 0,103 | 207,20 | 207,20 |  0,00 | 0,251 | 205,31 | 205,31 |  0,00 | 1366,023 | 47,16 | 47,16 | 2752,339 |   NaN | NaN | 0,00 | 0,00 | NaN
  64 |  0,00 | 34,215 | 499,88 | 499,88 | 550,44 |  0,00 | 0,138 | 44,35 | 44,35 |  0,00 | 0,176 | 204,18 | 204,18 |  0,00 | 0,265 | 204,19 | 204,19 |  0,00 | 1275,764 | 47,16 | 47,16 | 2572,096 |   NaN | NaN | 0,00 | 0,00 | NaN

= = = = = = = = = = = = AVERAGE RESULTS system = = = = = = = = = = = =
meanPLR_system | 0,000000 
meanDelay_system | 27,704288 
meanLoad_system | 503,735976 
meanTHR_system | 503,735976 
meanGate_system | 545,970629 

meanPLR_EF_system | 0,000000 
meanPLR_AF_system | 0,000000 
meanPLR_BE_system | 0,000000 
meanPLR_FLA_system | 0,000000 
meanPLR_FLB_system | NaN 

meanTHR_EF_system | 44,352002 
meanTHR_AF_system | 206,243793 
meanTHR_BE_system | 205,980291 
meanTHR_FLA_system | 48,054076 
meanTHR_FLB_system | 0,000000 

meanLoad_EF_system | 44,352002 
meanLoad_AF_system | 206,243793 
meanLoad_BE_system | 205,980291 
meanLoad_FLA_system | 48,054076 
meanLoad_FLB_system | 0,000000 

meanDELAY_EF_system | 0,099764 
meanDELAY_AF_system | 0,137874 
meanDELAY_BE_system | 0,282777 
meanDELAY_FLA_system | 1036,749978 
meanDELAY_FLB_system | NaN 
meanDELAY_CompleteFLA_system | 2093,879833 
meanDELAY_CompleteFLB_system | NaN 

= = = = = = = = = = = = AVERAGE RESULTS = = = = = = = = = = = =
Packet Loss Ratio: 00,00 (%)
PROCESSED PACKAGES: 1525681763 
DISCARTED PACKAGES: 0 
TOTAL PACKAGES: 1525681763 
AVERAGE DELAY: 4095,93 (ms) 
AVERAGE THROUGHPUT: 503,74 (Mbps) 
GRANTED THROUGHPUT: 34942,12 (Mbps) By 64 ONUs
EFFECTIVE THROUGHPUT: 32239,10 (Mbps) By 64 ONUs
TOTAL LOAD: 32239,10 (Mbps) By 64 ONUs
ON Arrival THROUGHPUT: 0,00 (Mbps) By 64 ONUs
FINISHTIMEFL: 158,221749 
FINISHTIME: 161,221749 


fileName | IPACT_LEAKYBUCKET_3_36_55_0 
