
ONU ID 	|  PLR(%) | Delay(ms) | Throughput(Mbps) | Granted Throughput(Mbps) | Total Load (Mbps) 

  ID |  PLR(%) |  D  | Thr |  Gates  |  Load  | PLR-EF | D-EF | ThrEF | LoadEF | PLR-AF | D-AF | ThrAF | LoadAF | PLR-BE | D-BE | ThrBE | LoadBE | PLR-FA | D-FA | ThrFA | LoadFA | DTFA |  PLR-FB | D-FB | ThrFB | LoadFB | DTFB | 
   1 |  0,00 | 1,578 | 675,87 | 675,87 | 697,72 |  0,00 | 0,492 | 44,35 | 44,35 |  0,00 | 1,180 | 286,74 | 286,74 |  0,00 | 1,526 | 277,17 | 277,17 |  0,00 | 20,430 | 67,62 | 67,62 | 63,261 |   NaN | NaN | 0,00 | 0,00 | NaN
   2 |  0,00 | 3,108 | 676,00 | 676,00 | 700,23 |  0,00 | 0,503 | 44,35 | 44,35 |  0,00 | 2,586 | 280,55 | 280,55 |  0,00 | 3,160 | 283,48 | 283,48 |  0,00 | 43,402 | 67,62 | 67,62 | 104,287 |   NaN | NaN | 0,00 | 0,00 | NaN
   3 |  0,00 | 2,871 | 677,40 | 677,40 | 697,71 |  0,00 | 0,440 | 44,35 | 44,35 |  0,00 | 2,326 | 283,62 | 283,62 |  0,00 | 3,170 | 281,81 | 281,81 |  0,00 | 39,013 | 67,62 | 67,62 | 93,985 |   NaN | NaN | 0,00 | 0,00 | NaN
   4 |  0,00 | 1,490 | 677,92 | 677,92 | 698,49 |  0,00 | 0,446 | 44,35 | 44,35 |  0,00 | 1,105 | 286,21 | 286,21 |  0,00 | 1,522 | 279,74 | 279,74 |  0,00 | 19,004 | 67,62 | 67,62 | 57,789 |   NaN | NaN | 0,00 | 0,00 | NaN
   5 |  0,00 | 10,722 | 672,34 | 672,34 | 692,83 |  0,00 | 0,471 | 44,35 | 44,35 |  0,00 | 10,656 | 280,92 | 280,92 |  0,00 | 17,339 | 279,45 | 279,45 |  0,00 | 103,803 | 67,62 | 67,62 | 217,186 |   NaN | NaN | 0,00 | 0,00 | NaN
   6 |  0,00 | 4,377 | 679,46 | 679,46 | 699,67 |  0,00 | 0,419 | 44,35 | 44,35 |  0,00 | 3,276 | 285,00 | 285,00 |  0,00 | 6,115 | 282,49 | 282,49 |  0,00 | 55,075 | 67,62 | 67,62 | 122,141 |   NaN | NaN | 0,00 | 0,00 | NaN
   7 |  0,00 | 1,753 | 674,69 | 674,69 | 695,09 |  0,00 | 0,438 | 44,35 | 44,35 |  0,00 | 1,343 | 282,06 | 282,06 |  0,00 | 1,744 | 280,66 | 280,66 |  0,00 | 23,537 | 67,62 | 67,62 | 68,636 |   NaN | NaN | 0,00 | 0,00 | NaN
   8 |  0,00 | 3,176 | 677,99 | 677,99 | 699,25 |  0,00 | 0,488 | 44,35 | 44,35 |  0,00 | 2,379 | 281,41 | 281,41 |  0,00 | 3,793 | 284,60 | 284,60 |  0,00 | 42,296 | 67,62 | 67,62 | 102,782 |   NaN | NaN | 0,00 | 0,00 | NaN
   9 |  0,00 | 1,418 | 676,87 | 676,87 | 697,43 |  0,00 | 0,428 | 44,35 | 44,35 |  0,00 | 0,987 | 284,54 | 284,54 |  0,00 | 1,496 | 280,36 | 280,36 |  0,00 | 18,132 | 67,62 | 67,62 | 56,406 |   NaN | NaN | 0,00 | 0,00 | NaN
  10 |  0,00 | 1,758 | 674,95 | 674,95 | 696,54 |  0,00 | 0,489 | 44,35 | 44,35 |  0,00 | 1,188 | 282,07 | 282,07 |  0,00 | 1,946 | 280,91 | 280,91 |  0,00 | 22,609 | 67,62 | 67,62 | 65,609 |   NaN | NaN | 0,00 | 0,00 | NaN
  11 |  0,00 | 18,328 | 668,18 | 668,18 | 688,39 |  0,00 | 0,428 | 44,35 | 44,35 |  0,00 | 14,363 | 275,73 | 275,73 |  0,00 | 43,764 | 280,48 | 280,48 |  0,00 | 101,524 | 67,62 | 67,62 | 235,705 |   NaN | NaN | 0,00 | 0,00 | NaN
  12 |  0,00 | 5,241 | 676,80 | 676,80 | 698,43 |  0,00 | 0,491 | 44,35 | 44,35 |  0,00 | 4,506 | 282,57 | 282,57 |  0,00 | 6,958 | 282,26 | 282,26 |  0,00 | 64,294 | 67,62 | 67,62 | 137,677 |   NaN | NaN | 0,00 | 0,00 | NaN
  13 |  0,00 | 3,085 | 668,78 | 668,78 | 689,06 |  0,00 | 0,455 | 44,35 | 44,35 |  0,00 | 2,412 | 278,41 | 278,41 |  0,00 | 3,495 | 278,40 | 278,40 |  0,00 | 42,091 | 67,62 | 67,62 | 102,256 |   NaN | NaN | 0,00 | 0,00 | NaN
  14 |  0,00 | 10,544 | 677,15 | 677,15 | 699,73 |  0,00 | 0,496 | 44,35 | 44,35 |  0,00 | 10,166 | 283,42 | 283,42 |  0,00 | 17,218 | 281,76 | 281,76 |  0,00 | 102,333 | 67,62 | 67,62 | 213,024 |   NaN | NaN | 0,00 | 0,00 | NaN
  15 |  0,00 | 1,638 | 673,24 | 673,24 | 695,00 |  0,00 | 0,491 | 44,35 | 44,35 |  0,00 | 1,208 | 278,25 | 278,25 |  0,00 | 1,606 | 283,03 | 283,03 |  0,00 | 21,346 | 67,62 | 67,62 | 65,444 |   NaN | NaN | 0,00 | 0,00 | NaN
  16 |  0,00 | 1,646 | 679,73 | 679,73 | 700,69 |  0,00 | 0,482 | 44,35 | 44,35 |  0,00 | 1,237 | 282,01 | 282,01 |  0,00 | 1,561 | 285,75 | 285,75 |  0,00 | 21,905 | 67,62 | 67,62 | 64,296 |   NaN | NaN | 0,00 | 0,00 | NaN
  17 |  0,00 | 1,650 | 676,93 | 676,93 | 699,41 |  0,00 | 0,495 | 44,35 | 44,35 |  0,00 | 1,233 | 281,43 | 281,43 |  0,00 | 1,554 | 283,53 | 283,53 |  0,00 | 21,927 | 67,62 | 67,62 | 63,429 |   NaN | NaN | 0,00 | 0,00 | NaN
  18 |  0,00 | 5,427 | 674,05 | 674,05 | 694,34 |  0,00 | 0,471 | 44,35 | 44,35 |  0,00 | 4,190 | 280,63 | 280,63 |  0,00 | 10,366 | 281,44 | 281,44 |  0,00 | 45,991 | 67,62 | 67,62 | 123,075 |   NaN | NaN | 0,00 | 0,00 | NaN
  19 |  0,00 | 15,891 | 669,63 | 669,63 | 689,86 |  0,00 | 0,462 | 44,35 | 44,35 |  0,00 | 14,629 | 277,11 | 277,11 |  0,00 | 32,135 | 280,55 | 280,55 |  0,00 | 115,474 | 67,62 | 67,62 | 249,048 |   NaN | NaN | 0,00 | 0,00 | NaN
  20 |  0,00 | 19,114 | 671,43 | 671,43 | 691,68 |  0,00 | 0,458 | 44,35 | 44,35 |  0,00 | 14,522 | 282,59 | 282,59 |  0,00 | 48,353 | 276,87 | 276,87 |  0,00 | 91,864 | 67,62 | 67,62 | 220,957 |   NaN | NaN | 0,00 | 0,00 | NaN
  21 |  0,00 | 1,674 | 667,45 | 667,45 | 687,98 |  0,00 | 0,463 | 44,35 | 44,35 |  0,00 | 1,225 | 277,84 | 277,84 |  0,00 | 1,674 | 277,64 | 277,64 |  0,00 | 22,175 | 67,62 | 67,62 | 63,363 |   NaN | NaN | 0,00 | 0,00 | NaN
  22 |  0,00 | 12,100 | 680,92 | 680,92 | 704,52 |  0,00 | 0,501 | 44,35 | 44,35 |  0,00 | 12,028 | 289,14 | 289,14 |  0,00 | 20,759 | 279,81 | 279,81 |  0,00 | 108,187 | 67,62 | 67,62 | 229,347 |   NaN | NaN | 0,00 | 0,00 | NaN
  23 |  0,00 | 19,014 | 678,77 | 678,77 | 699,38 |  0,00 | 0,483 | 44,35 | 44,35 |  0,00 | 16,354 | 284,60 | 284,60 |  0,00 | 42,327 | 282,20 | 282,20 |  0,00 | 117,306 | 67,62 | 67,62 | 254,875 |   NaN | NaN | 0,00 | 0,00 | NaN
  24 |  0,00 | 3,048 | 675,70 | 675,70 | 696,00 |  0,00 | 0,445 | 44,35 | 44,35 |  0,00 | 2,369 | 280,70 | 280,70 |  0,00 | 3,530 | 283,04 | 283,04 |  0,00 | 41,138 | 67,62 | 67,62 | 100,917 |   NaN | NaN | 0,00 | 0,00 | NaN
  25 |  0,00 | 1,474 | 683,93 | 683,93 | 708,16 |  0,00 | 0,502 | 44,35 | 44,35 |  0,00 | 1,083 | 282,31 | 282,31 |  0,00 | 1,495 | 289,65 | 289,65 |  0,00 | 18,045 | 67,62 | 67,62 | 58,019 |   NaN | NaN | 0,00 | 0,00 | NaN
  26 |  0,00 | 1,786 | 673,39 | 673,39 | 696,56 |  0,00 | 0,499 | 44,35 | 44,35 |  0,00 | 1,364 | 280,62 | 280,62 |  0,00 | 1,644 | 280,81 | 280,81 |  0,00 | 24,280 | 67,62 | 67,62 | 69,757 |   NaN | NaN | 0,00 | 0,00 | NaN
  27 |  0,00 | 4,265 | 670,54 | 670,54 | 690,69 |  0,00 | 0,425 | 44,35 | 44,35 |  0,00 | 3,012 | 281,73 | 281,73 |  0,00 | 7,876 | 276,84 | 276,84 |  0,00 | 40,211 | 67,62 | 67,62 | 108,617 |   NaN | NaN | 0,00 | 0,00 | NaN
  28 |  0,00 | 19,819 | 669,45 | 669,45 | 690,96 |  0,00 | 0,491 | 44,35 | 44,35 |  0,00 | 17,168 | 280,88 | 280,88 |  0,00 | 45,145 | 276,61 | 276,61 |  0,00 | 117,039 | 67,62 | 67,62 | 254,422 |   NaN | NaN | 0,00 | 0,00 | NaN
  29 |  0,00 | 18,759 | 677,96 | 677,96 | 698,28 |  0,00 | 0,470 | 44,35 | 44,35 |  0,00 | 15,479 | 284,29 | 284,29 |  0,00 | 43,574 | 281,71 | 281,71 |  0,00 | 106,982 | 67,62 | 67,62 | 242,763 |   NaN | NaN | 0,00 | 0,00 | NaN
  30 |  0,00 | 12,040 | 670,47 | 670,47 | 694,10 |  0,00 | 0,501 | 44,35 | 44,35 |  0,00 | 8,674 | 279,54 | 279,54 |  0,00 | 28,730 | 278,97 | 278,97 |  0,00 | 70,695 | 67,62 | 67,62 | 181,483 |   NaN | NaN | 0,00 | 0,00 | NaN
  31 |  0,00 | 21,091 | 672,52 | 672,52 | 692,72 |  0,00 | 0,468 | 44,35 | 44,35 |  0,00 | 18,409 | 280,06 | 280,06 |  0,00 | 48,528 | 280,49 | 280,49 |  0,00 | 117,361 | 67,62 | 67,62 | 254,867 |   NaN | NaN | 0,00 | 0,00 | NaN
  32 |  0,00 | 17,989 | 672,32 | 672,32 | 692,52 |  0,00 | 0,424 | 44,35 | 44,35 |  0,00 | 13,830 | 278,94 | 278,94 |  0,00 | 43,128 | 281,41 | 281,41 |  0,00 | 100,057 | 67,62 | 67,62 | 233,123 |   NaN | NaN | 0,00 | 0,00 | NaN
  33 |  0,00 | 15,536 | 671,50 | 671,50 | 692,92 |  0,00 | 0,490 | 44,35 | 44,35 |  0,00 | 10,786 | 278,19 | 278,19 |  0,00 | 38,632 | 281,34 | 281,34 |  0,00 | 82,813 | 67,62 | 67,62 | 205,213 |   NaN | NaN | 0,00 | 0,00 | NaN
  34 |  0,00 | 1,821 | 666,68 | 666,68 | 687,52 |  0,00 | 0,481 | 44,35 | 44,35 |  0,00 | 1,438 | 280,10 | 280,10 |  0,00 | 1,989 | 274,61 | 274,61 |  0,00 | 22,374 | 67,62 | 67,62 | 70,345 |   NaN | NaN | 0,00 | 0,00 | NaN
  35 |  0,00 | 1,276 | 677,89 | 677,89 | 698,49 |  0,00 | 0,430 | 44,35 | 44,35 |  0,00 | 0,943 | 283,20 | 283,20 |  0,00 | 1,273 | 282,72 | 282,72 |  0,00 | 15,806 | 67,62 | 67,62 | 53,152 |   NaN | NaN | 0,00 | 0,00 | NaN
  36 |  0,00 | 2,811 | 669,25 | 669,25 | 690,08 |  0,00 | 0,483 | 44,35 | 44,35 |  0,00 | 2,268 | 276,00 | 276,00 |  0,00 | 3,566 | 281,27 | 281,27 |  0,00 | 33,788 | 67,62 | 67,62 | 94,204 |   NaN | NaN | 0,00 | 0,00 | NaN
  37 |  0,00 | 18,383 | 679,95 | 679,95 | 700,23 |  0,00 | 0,466 | 44,35 | 44,35 |  0,00 | 15,350 | 286,23 | 286,23 |  0,00 | 42,901 | 281,75 | 281,75 |  0,00 | 101,883 | 67,62 | 67,62 | 236,171 |   NaN | NaN | 0,00 | 0,00 | NaN
  38 |  0,00 | 8,144 | 672,76 | 672,76 | 693,04 |  0,00 | 0,457 | 44,35 | 44,35 |  0,00 | 6,964 | 281,47 | 281,47 |  0,00 | 16,537 | 279,33 | 279,33 |  0,00 | 60,134 | 67,62 | 67,62 | 157,601 |   NaN | NaN | 0,00 | 0,00 | NaN
  39 |  0,00 | 17,547 | 667,65 | 667,65 | 691,11 |  0,00 | 0,501 | 44,35 | 44,35 |  0,00 | 13,217 | 278,48 | 278,48 |  0,00 | 43,706 | 277,20 | 277,20 |  0,00 | 88,709 | 67,62 | 67,62 | 214,753 |   NaN | NaN | 0,00 | 0,00 | NaN
  40 |  0,00 | 4,324 | 668,36 | 668,36 | 691,90 |  0,00 | 0,501 | 44,35 | 44,35 |  0,00 | 3,346 | 279,16 | 279,16 |  0,00 | 7,383 | 277,24 | 277,24 |  0,00 | 42,014 | 67,62 | 67,62 | 112,659 |   NaN | NaN | 0,00 | 0,00 | NaN
  41 |  0,00 | 20,724 | 676,57 | 676,57 | 697,38 |  0,00 | 0,484 | 44,35 | 44,35 |  0,00 | 16,316 | 279,65 | 279,65 |  0,00 | 49,133 | 284,95 | 284,95 |  0,00 | 114,075 | 67,62 | 67,62 | 251,494 |   NaN | NaN | 0,00 | 0,00 | NaN
  42 |  0,00 | 19,513 | 679,43 | 679,43 | 699,64 |  0,00 | 0,429 | 44,35 | 44,35 |  0,00 | 15,065 | 283,23 | 283,23 |  0,00 | 46,364 | 284,23 | 284,23 |  0,00 | 110,118 | 67,62 | 67,62 | 246,967 |   NaN | NaN | 0,00 | 0,00 | NaN
  43 |  0,00 | 15,445 | 678,71 | 678,71 | 701,85 |  0,00 | 0,508 | 44,35 | 44,35 |  0,00 | 11,265 | 283,08 | 283,08 |  0,00 | 37,168 | 283,66 | 283,66 |  0,00 | 86,603 | 67,62 | 67,62 | 211,627 |   NaN | NaN | 0,00 | 0,00 | NaN
  44 |  0,00 | 20,370 | 679,57 | 679,57 | 699,68 |  0,00 | 0,420 | 44,35 | 44,35 |  0,00 | 16,296 | 281,89 | 281,89 |  0,00 | 47,627 | 285,71 | 285,71 |  0,00 | 115,715 | 67,62 | 67,62 | 253,372 |   NaN | NaN | 0,00 | 0,00 | NaN
  45 |  0,00 | 19,736 | 677,66 | 677,66 | 701,95 |  0,00 | 0,504 | 44,35 | 44,35 |  0,00 | 16,066 | 287,55 | 287,55 |  0,00 | 46,526 | 278,14 | 278,14 |  0,00 | 111,819 | 67,62 | 67,62 | 249,139 |   NaN | NaN | 0,00 | 0,00 | NaN
  46 |  0,00 | 16,249 | 670,75 | 670,75 | 690,94 |  0,00 | 0,444 | 44,35 | 44,35 |  0,00 | 12,087 | 276,45 | 276,45 |  0,00 | 39,081 | 282,33 | 282,33 |  0,00 | 90,853 | 67,62 | 67,62 | 219,339 |   NaN | NaN | 0,00 | 0,00 | NaN
  47 |  0,00 | 20,894 | 669,15 | 669,15 | 689,29 |  0,00 | 0,441 | 44,35 | 44,35 |  0,00 | 18,682 | 281,07 | 281,07 |  0,00 | 47,991 | 276,11 | 276,11 |  0,00 | 117,090 | 67,62 | 67,62 | 254,271 |   NaN | NaN | 0,00 | 0,00 | NaN
  48 |  0,00 | 20,182 | 669,48 | 669,48 | 689,78 |  0,00 | 0,471 | 44,35 | 44,35 |  0,00 | 17,141 | 277,84 | 277,84 |  0,00 | 46,459 | 279,68 | 279,68 |  0,00 | 115,943 | 67,62 | 67,62 | 253,643 |   NaN | NaN | 0,00 | 0,00 | NaN
  49 |  0,00 | 18,576 | 669,07 | 669,07 | 689,74 |  0,00 | 0,483 | 44,35 | 44,35 |  0,00 | 14,578 | 279,47 | 279,47 |  0,00 | 42,688 | 277,63 | 277,63 |  0,00 | 117,417 | 67,62 | 67,62 | 254,792 |   NaN | NaN | 0,00 | 0,00 | NaN
  50 |  0,00 | 15,965 | 672,50 | 672,50 | 692,75 |  0,00 | 0,438 | 44,35 | 44,35 |  0,00 | 12,605 | 281,84 | 281,84 |  0,00 | 38,443 | 278,68 | 278,68 |  0,00 | 86,018 | 67,62 | 67,62 | 211,141 |   NaN | NaN | 0,00 | 0,00 | NaN
  51 |  0,00 | 18,699 | 671,83 | 671,83 | 692,00 |  0,00 | 0,436 | 44,35 | 44,35 |  0,00 | 15,542 | 278,20 | 278,20 |  0,00 | 42,352 | 281,67 | 281,67 |  0,00 | 114,222 | 67,62 | 67,62 | 251,784 |   NaN | NaN | 0,00 | 0,00 | NaN
  52 |  0,00 | 20,415 | 673,26 | 673,26 | 693,47 |  0,00 | 0,462 | 44,35 | 44,35 |  0,00 | 18,107 | 277,69 | 277,69 |  0,00 | 46,628 | 283,60 | 283,60 |  0,00 | 111,437 | 67,62 | 67,62 | 248,417 |   NaN | NaN | 0,00 | 0,00 | NaN
  53 |  0,00 | 18,642 | 675,24 | 675,24 | 695,47 |  0,00 | 0,449 | 44,35 | 44,35 |  0,00 | 14,549 | 281,26 | 281,26 |  0,00 | 44,865 | 282,00 | 282,00 |  0,00 | 100,412 | 67,62 | 67,62 | 233,778 |   NaN | NaN | 0,00 | 0,00 | NaN
  54 |  0,00 | 19,507 | 668,40 | 668,40 | 688,59 |  0,00 | 0,452 | 44,35 | 44,35 |  0,00 | 16,451 | 280,53 | 280,53 |  0,00 | 45,551 | 275,90 | 275,90 |  0,00 | 111,062 | 67,62 | 67,62 | 248,113 |   NaN | NaN | 0,00 | 0,00 | NaN
  55 |  0,00 | 9,745 | 674,71 | 674,71 | 694,97 |  0,00 | 0,437 | 44,35 | 44,35 |  0,00 | 6,749 | 280,41 | 280,41 |  0,00 | 22,719 | 282,33 | 282,33 |  0,00 | 61,942 | 67,62 | 67,62 | 162,485 |   NaN | NaN | 0,00 | 0,00 | NaN
  56 |  0,00 | 19,575 | 668,73 | 668,73 | 688,87 |  0,00 | 0,442 | 44,35 | 44,35 |  0,00 | 16,380 | 279,52 | 279,52 |  0,00 | 45,217 | 277,23 | 277,23 |  0,00 | 115,259 | 67,62 | 67,62 | 252,887 |   NaN | NaN | 0,00 | 0,00 | NaN
  57 |  0,00 | 19,703 | 672,93 | 672,93 | 693,07 |  0,00 | 0,440 | 44,35 | 44,35 |  0,00 | 16,191 | 279,33 | 279,33 |  0,00 | 45,262 | 281,64 | 281,64 |  0,00 | 117,253 | 67,62 | 67,62 | 254,711 |   NaN | NaN | 0,00 | 0,00 | NaN
  58 |  0,00 | 18,675 | 673,88 | 673,88 | 694,10 |  0,00 | 0,468 | 44,35 | 44,35 |  0,00 | 15,989 | 281,99 | 281,99 |  0,00 | 41,564 | 279,92 | 279,92 |  0,00 | 117,182 | 67,62 | 67,62 | 254,313 |   NaN | NaN | 0,00 | 0,00 | NaN
  59 |  0,00 | 2,216 | 678,10 | 678,10 | 699,35 |  0,00 | 0,488 | 44,35 | 44,35 |  0,00 | 1,690 | 280,35 | 280,35 |  0,00 | 2,725 | 285,78 | 285,78 |  0,00 | 26,574 | 67,62 | 67,62 | 79,664 |   NaN | NaN | 0,00 | 0,00 | NaN
  60 |  0,00 | 19,072 | 675,15 | 675,15 | 695,30 |  0,00 | 0,422 | 44,35 | 44,35 |  0,00 | 16,074 | 281,96 | 281,96 |  0,00 | 43,427 | 281,23 | 281,23 |  0,00 | 113,864 | 67,62 | 67,62 | 251,368 |   NaN | NaN | 0,00 | 0,00 | NaN
  61 |  0,00 | 18,022 | 679,14 | 679,14 | 699,35 |  0,00 | 0,445 | 44,35 | 44,35 |  0,00 | 13,864 | 284,04 | 284,04 |  0,00 | 43,341 | 283,14 | 283,14 |  0,00 | 98,177 | 67,62 | 67,62 | 230,656 |   NaN | NaN | 0,00 | 0,00 | NaN
  62 |  0,00 | 20,496 | 675,82 | 675,82 | 700,54 |  0,00 | 0,506 | 44,35 | 44,35 |  0,00 | 15,965 | 280,44 | 280,44 |  0,00 | 48,507 | 283,41 | 283,41 |  0,00 | 115,593 | 67,62 | 67,62 | 253,243 |   NaN | NaN | 0,00 | 0,00 | NaN
  63 |  0,00 | 11,732 | 677,41 | 677,41 | 697,75 |  0,00 | 0,462 | 44,35 | 44,35 |  0,00 | 7,804 | 284,47 | 284,47 |  0,00 | 28,775 | 280,96 | 280,96 |  0,00 | 67,793 | 67,62 | 67,62 | 175,022 |   NaN | NaN | 0,00 | 0,00 | NaN
  64 |  0,00 | 20,751 | 667,03 | 667,03 | 691,61 |  0,00 | 0,505 | 44,35 | 44,35 |  0,00 | 16,531 | 278,59 | 278,59 |  0,00 | 50,266 | 276,47 | 276,47 |  0,00 | 110,671 | 67,62 | 67,62 | 247,797 |   NaN | NaN | 0,00 | 0,00 | NaN

= = = = = = = = = = = = AVERAGE RESULTS system = = = = = = = = = = = =
meanPLR_system | 0,000000 
meanDelay_system | 11,603456 
meanLoad_system | 674,084470 
meanTHR_system | 674,084470 
meanGate_system | 695,252488 

meanPLR_EF_system | 0,000000 
meanPLR_AF_system | 0,000000 
meanPLR_BE_system | 0,000000 
meanPLR_FLA_system | 0,000000 
meanPLR_FLB_system | NaN 

meanTHR_EF_system | 44,352003 
meanTHR_AF_system | 281,243820 
meanTHR_BE_system | 280,871947 
meanTHR_FLA_system | 69,280230 
meanTHR_FLB_system | 0,000000 

meanLoad_EF_system | 44,352003 
meanLoad_AF_system | 281,243820 
meanLoad_BE_system | 280,871947 
meanLoad_FLA_system | 69,280230 
meanLoad_FLB_system | 0,000000 

meanDELAY_EF_system | 0,466558 
meanDELAY_AF_system | 9,418467 
meanDELAY_BE_system | 25,717094 
meanDELAY_FLA_system | 74,908399 
meanDELAY_FLB_system | NaN 
meanDELAY_CompleteFLA_system | 174,572921 
meanDELAY_CompleteFLB_system | NaN 

= = = = = = = = = = = = AVERAGE RESULTS = = = = = = = = = = = =
Packet Loss Ratio: 00,00 (%)
PROCESSED PACKAGES: 1384178824 
DISCARTED PACKAGES: 0 
TOTAL PACKAGES: 1384178824 
AVERAGE DELAY: 2007,68 (ms) 
AVERAGE THROUGHPUT: 674,08 (Mbps) 
GRANTED THROUGHPUT: 44496,16 (Mbps) By 64 ONUs
EFFECTIVE THROUGHPUT: 43141,41 (Mbps) By 64 ONUs
TOTAL LOAD: 43141,41 (Mbps) By 64 ONUs
ON Arrival THROUGHPUT: 0,00 (Mbps) By 64 ONUs
FINISHTIMEFL: 121,939549 
FINISHTIME: 124,939549 


fileName | IPACT_STRICTPRIORITY_2_40_75_0 
