
ONU ID 	|  PLR(%) | Delay(ms) | Throughput(Mbps) | Granted Throughput(Mbps) | Total Load (Mbps) 

  ID |  PLR(%) |  D  | Thr |  Gates  |  Load  | PLR-EF | D-EF | ThrEF | LoadEF | PLR-AF | D-AF | ThrAF | LoadAF | PLR-BE | D-BE | ThrBE | LoadBE | PLR-FA | D-FA | ThrFA | LoadFA | DTFA |  PLR-FB | D-FB | ThrFB | LoadFB | DTFB | 
   1 |  0,00 | 2,979 | 717,72 | 717,72 | 729,82 |  0,00 | 0,697 | 44,35 | 44,35 |  0,00 | 1,923 | 323,14 | 323,14 |  0,00 | 5,380 | 314,53 | 314,53 |  0,00 | 41,905 | 35,70 | 35,70 | 106,839 |   NaN | NaN | 0,00 | 0,00 | NaN
   2 |  0,00 | 7,509 | 719,95 | 719,95 | 733,44 |  0,00 | 0,709 | 44,35 | 44,35 |  0,00 | 1,963 | 322,83 | 322,83 |  0,00 | 11,343 | 317,06 | 317,06 |  0,00 | 218,840 | 35,70 | 35,70 | 595,846 |   NaN | NaN | 0,00 | 0,00 | NaN
   3 |  0,00 | 7,332 | 715,22 | 715,22 | 726,77 |  0,00 | 0,645 | 44,35 | 44,35 |  0,00 | 3,124 | 318,11 | 318,11 |  0,00 | 12,687 | 317,06 | 317,06 |  0,00 | 166,372 | 35,70 | 35,70 | 443,195 |   NaN | NaN | 0,00 | 0,00 | NaN
   4 |  0,00 | 3,238 | 722,23 | 722,23 | 733,76 |  0,00 | 0,651 | 44,35 | 44,35 |  0,00 | 1,938 | 323,16 | 323,16 |  0,00 | 6,154 | 319,02 | 319,02 |  0,00 | 45,173 | 35,70 | 35,70 | 107,635 |   NaN | NaN | 0,00 | 0,00 | NaN
   5 |  0,00 | 12,359 | 715,99 | 715,99 | 727,56 |  0,00 | 0,676 | 44,35 | 44,35 |  0,00 | 0,894 | 318,44 | 318,44 |  0,00 | 15,739 | 317,50 | 317,50 |  0,00 | 459,478 | 35,70 | 35,70 | 1234,302 |   NaN | NaN | 0,00 | 0,00 | NaN
   6 |  0,00 | 9,149 | 719,93 | 719,93 | 731,46 |  0,00 | 0,624 | 44,35 | 44,35 |  0,00 | 1,567 | 320,38 | 320,38 |  0,00 | 14,573 | 319,50 | 319,50 |  0,00 | 272,800 | 35,70 | 35,70 | 758,623 |   NaN | NaN | 0,00 | 0,00 | NaN
   7 |  0,00 | 4,100 | 719,86 | 719,86 | 731,42 |  0,00 | 0,643 | 44,35 | 44,35 |  0,00 | 2,663 | 320,88 | 320,88 |  0,00 | 8,003 | 318,93 | 318,93 |  0,00 | 54,776 | 35,70 | 35,70 | 142,834 |   NaN | NaN | 0,00 | 0,00 | NaN
   8 |  0,00 | 7,589 | 718,82 | 718,82 | 730,72 |  0,00 | 0,693 | 44,35 | 44,35 |  0,00 | 2,067 | 318,24 | 318,24 |  0,00 | 11,879 | 320,53 | 320,53 |  0,00 | 211,384 | 35,70 | 35,70 | 592,751 |   NaN | NaN | 0,00 | 0,00 | NaN
   9 |  0,00 | 3,582 | 720,10 | 720,10 | 731,67 |  0,00 | 0,633 | 44,35 | 44,35 |  0,00 | 2,183 | 319,35 | 319,35 |  0,00 | 5,561 | 320,70 | 320,70 |  0,00 | 72,159 | 35,70 | 35,70 | 179,856 |   NaN | NaN | 0,00 | 0,00 | NaN
  10 |  0,00 | 2,775 | 716,09 | 716,09 | 728,01 |  0,00 | 0,694 | 44,35 | 44,35 |  0,00 | 2,006 | 318,54 | 318,54 |  0,00 | 4,289 | 317,50 | 317,50 |  0,00 | 45,738 | 35,70 | 35,70 | 111,745 |   NaN | NaN | 0,00 | 0,00 | NaN
  11 |  0,00 | 15,781 | 715,05 | 715,05 | 726,59 |  0,00 | 0,633 | 44,35 | 44,35 |  0,00 | 0,964 | 315,13 | 315,13 |  0,00 | 12,441 | 319,86 | 319,86 |  0,00 | 721,863 | 35,70 | 35,70 | 2094,732 |   NaN | NaN | 0,00 | 0,00 | NaN
  12 |  0,00 | 10,022 | 717,80 | 717,80 | 729,85 |  0,00 | 0,696 | 44,35 | 44,35 |  0,00 | 0,959 | 318,64 | 318,64 |  0,00 | 15,655 | 319,11 | 319,11 |  0,00 | 315,863 | 35,70 | 35,70 | 870,261 |   NaN | NaN | 0,00 | 0,00 | NaN
  13 |  0,00 | 7,310 | 711,54 | 711,54 | 723,08 |  0,00 | 0,660 | 44,35 | 44,35 |  0,00 | 1,890 | 317,52 | 317,52 |  0,00 | 11,815 | 313,96 | 313,96 |  0,00 | 200,507 | 35,70 | 35,70 | 545,682 |   NaN | NaN | 0,00 | 0,00 | NaN
  14 |  0,00 | 12,623 | 718,81 | 718,81 | 731,37 |  0,00 | 0,702 | 44,35 | 44,35 |  0,00 | 1,059 | 319,50 | 319,50 |  0,00 | 17,162 | 319,26 | 319,26 |  0,00 | 448,508 | 35,70 | 35,70 | 1217,318 |   NaN | NaN | 0,00 | 0,00 | NaN
  15 |  0,00 | 3,582 | 714,29 | 714,29 | 726,39 |  0,00 | 0,696 | 44,35 | 44,35 |  0,00 | 2,288 | 313,61 | 313,61 |  0,00 | 6,643 | 320,63 | 320,63 |  0,00 | 50,062 | 35,70 | 35,70 | 134,378 |   NaN | NaN | 0,00 | 0,00 | NaN
  16 |  0,00 | 5,346 | 726,13 | 726,13 | 737,84 |  0,00 | 0,687 | 44,35 | 44,35 |  0,00 | 2,743 | 320,70 | 320,70 |  0,00 | 8,760 | 325,37 | 325,37 |  0,00 | 114,813 | 35,70 | 35,70 | 308,378 |   NaN | NaN | 0,00 | 0,00 | NaN
  17 |  0,00 | 4,592 | 720,93 | 720,93 | 733,35 |  0,00 | 0,700 | 44,35 | 44,35 |  0,00 | 2,167 | 321,87 | 321,87 |  0,00 | 6,969 | 319,01 | 319,01 |  0,00 | 109,350 | 35,70 | 35,70 | 282,543 |   NaN | NaN | 0,00 | 0,00 | NaN
  18 |  0,00 | 12,034 | 715,06 | 715,06 | 726,63 |  0,00 | 0,677 | 44,35 | 44,35 |  0,00 | 0,833 | 317,11 | 317,11 |  0,00 | 6,432 | 317,90 | 317,90 |  0,00 | 595,854 | 35,70 | 35,70 | 2144,016 |   NaN | NaN | 0,00 | 0,00 | NaN
  19 |  0,00 | 15,134 | 709,70 | 709,70 | 721,22 |  0,00 | 0,667 | 44,35 | 44,35 |  0,00 | 1,020 | 313,72 | 313,72 |  0,00 | 16,152 | 315,93 | 315,93 |  0,00 | 616,946 | 35,70 | 35,70 | 1698,741 |   NaN | NaN | 0,00 | 0,00 | NaN
  20 |  0,00 | 16,367 | 713,04 | 713,04 | 724,55 |  0,00 | 0,663 | 44,35 | 44,35 |  0,00 | 1,009 | 319,16 | 319,16 |  0,00 | 12,810 | 313,82 | 313,82 |  0,00 | 752,204 | 35,70 | 35,70 | 2221,234 |   NaN | NaN | 0,00 | 0,00 | NaN
  21 |  0,00 | 2,894 | 707,75 | 707,75 | 719,34 |  0,00 | 0,668 | 44,35 | 44,35 |  0,00 | 2,041 | 314,98 | 314,98 |  0,00 | 4,640 | 312,72 | 312,72 |  0,00 | 47,522 | 35,70 | 35,70 | 112,894 |   NaN | NaN | 0,00 | 0,00 | NaN
  22 |  0,00 | 12,857 | 722,45 | 722,45 | 735,54 |  0,00 | 0,706 | 44,35 | 44,35 |  0,00 | 1,003 | 324,97 | 324,97 |  0,00 | 16,523 | 317,42 | 317,42 |  0,00 | 478,268 | 35,70 | 35,70 | 1294,393 |   NaN | NaN | 0,00 | 0,00 | NaN
  23 |  0,00 | 16,220 | 718,15 | 718,15 | 729,87 |  0,00 | 0,688 | 44,35 | 44,35 |  0,00 | 1,077 | 319,17 | 319,17 |  0,00 | 15,200 | 318,93 | 318,93 |  0,00 | 702,027 | 35,70 | 35,70 | 1958,682 |   NaN | NaN | 0,00 | 0,00 | NaN
  24 |  0,00 | 6,800 | 721,01 | 721,01 | 732,54 |  0,00 | 0,650 | 44,35 | 44,35 |  0,00 | 1,379 | 319,03 | 319,03 |  0,00 | 8,318 | 321,92 | 321,92 |  0,00 | 236,012 | 35,70 | 35,70 | 641,512 |   NaN | NaN | 0,00 | 0,00 | NaN
  25 |  0,00 | 2,691 | 722,31 | 722,31 | 735,61 |  0,00 | 0,707 | 44,35 | 44,35 |  0,00 | 1,519 | 317,79 | 317,79 |  0,00 | 4,838 | 324,47 | 324,47 |  0,00 | 38,393 | 35,70 | 35,70 | 105,097 |   NaN | NaN | 0,00 | 0,00 | NaN
  26 |  0,00 | 3,828 | 713,75 | 713,75 | 726,62 |  0,00 | 0,704 | 44,35 | 44,35 |  0,00 | 2,625 | 317,76 | 317,76 |  0,00 | 6,642 | 315,94 | 315,94 |  0,00 | 60,229 | 35,70 | 35,70 | 148,782 |   NaN | NaN | 0,00 | 0,00 | NaN
  27 |  0,00 | 11,832 | 715,43 | 715,43 | 726,97 |  0,00 | 0,630 | 44,35 | 44,35 |  0,00 | 0,780 | 320,32 | 320,32 |  0,00 | 7,210 | 315,06 | 315,06 |  0,00 | 573,816 | 35,70 | 35,70 | 2149,503 |   NaN | NaN | 0,00 | 0,00 | NaN
  28 |  0,00 | 17,893 | 710,44 | 710,44 | 722,56 |  0,00 | 0,696 | 44,35 | 44,35 |  0,00 | 1,019 | 318,14 | 318,14 |  0,00 | 20,724 | 312,25 | 312,25 |  0,00 | 712,263 | 35,70 | 35,70 | 1988,549 |   NaN | NaN | 0,00 | 0,00 | NaN
  29 |  0,00 | 16,930 | 719,89 | 719,89 | 731,44 |  0,00 | 0,676 | 44,35 | 44,35 |  0,00 | 0,953 | 319,81 | 319,81 |  0,00 | 16,333 | 320,03 | 320,03 |  0,00 | 729,363 | 35,70 | 35,70 | 2086,733 |   NaN | NaN | 0,00 | 0,00 | NaN
  30 |  0,00 | 14,269 | 714,70 | 714,70 | 727,85 |  0,00 | 0,706 | 44,35 | 44,35 |  0,00 | 0,831 | 317,06 | 317,06 |  0,00 | 8,929 | 317,59 | 317,59 |  0,00 | 689,800 | 35,70 | 35,70 | 2217,379 |   NaN | NaN | 0,00 | 0,00 | NaN
  31 |  0,00 | 16,158 | 714,45 | 714,45 | 725,99 |  0,00 | 0,673 | 44,35 | 44,35 |  0,00 | 1,128 | 319,60 | 319,60 |  0,00 | 15,697 | 314,80 | 314,80 |  0,00 | 689,658 | 35,70 | 35,70 | 1935,094 |   NaN | NaN | 0,00 | 0,00 | NaN
  32 |  0,00 | 16,414 | 719,42 | 719,42 | 730,95 |  0,00 | 0,629 | 44,35 | 44,35 |  0,00 | 1,094 | 319,30 | 319,30 |  0,00 | 15,102 | 320,07 | 320,07 |  0,00 | 717,012 | 35,70 | 35,70 | 2103,727 |   NaN | NaN | 0,00 | 0,00 | NaN
  33 |  0,00 | 15,055 | 714,94 | 714,94 | 726,88 |  0,00 | 0,695 | 44,35 | 44,35 |  0,00 | 1,167 | 316,92 | 316,92 |  0,00 | 10,472 | 317,97 | 317,97 |  0,00 | 706,579 | 35,70 | 35,70 | 2154,736 |   NaN | NaN | 0,00 | 0,00 | NaN
  34 |  0,00 | 8,939 | 715,53 | 715,53 | 727,18 |  0,00 | 0,686 | 44,35 | 44,35 |  0,00 | 0,740 | 318,56 | 318,56 |  0,00 | 3,339 | 316,92 | 316,92 |  0,00 | 460,249 | 35,70 | 35,70 | 1989,383 |   NaN | NaN | 0,00 | 0,00 | NaN
  35 |  0,00 | 7,519 | 722,69 | 722,69 | 734,22 |  0,00 | 0,635 | 44,35 | 44,35 |  0,00 | 0,672 | 320,97 | 320,97 |  0,00 | 4,262 | 321,67 | 321,67 |  0,00 | 362,101 | 35,70 | 35,70 | 1783,251 |   NaN | NaN | 0,00 | 0,00 | NaN
  36 |  0,00 | 10,920 | 715,01 | 715,01 | 726,77 |  0,00 | 0,688 | 44,35 | 44,35 |  0,00 | 0,852 | 314,56 | 314,56 |  0,00 | 6,622 | 320,41 | 320,41 |  0,00 | 523,207 | 35,70 | 35,70 | 2076,173 |   NaN | NaN | 0,00 | 0,00 | NaN
  37 |  0,00 | 16,580 | 723,28 | 723,28 | 734,84 |  0,00 | 0,671 | 44,35 | 44,35 |  0,00 | 1,003 | 323,59 | 323,59 |  0,00 | 14,470 | 319,63 | 319,63 |  0,00 | 741,839 | 35,70 | 35,70 | 2155,168 |   NaN | NaN | 0,00 | 0,00 | NaN
  38 |  0,00 | 13,497 | 720,98 | 720,98 | 732,50 |  0,00 | 0,663 | 44,35 | 44,35 |  0,00 | 0,714 | 320,30 | 320,30 |  0,00 | 7,839 | 320,64 | 320,64 |  0,00 | 667,050 | 35,70 | 35,70 | 2217,496 |   NaN | NaN | 0,00 | 0,00 | NaN
  39 |  0,00 | 14,446 | 706,75 | 706,75 | 719,89 |  0,00 | 0,706 | 44,35 | 44,35 |  0,00 | 0,779 | 314,63 | 314,63 |  0,00 | 9,210 | 312,06 | 312,06 |  0,00 | 693,405 | 35,70 | 35,70 | 2110,934 |   NaN | NaN | 0,00 | 0,00 | NaN
  40 |  0,00 | 12,334 | 710,97 | 710,97 | 724,12 |  0,00 | 0,706 | 44,35 | 44,35 |  0,00 | 0,788 | 318,74 | 318,74 |  0,00 | 6,454 | 312,18 | 312,18 |  0,00 | 613,109 | 35,70 | 35,70 | 2246,843 |   NaN | NaN | 0,00 | 0,00 | NaN
  41 |  0,00 | 16,537 | 721,15 | 721,15 | 732,91 |  0,00 | 0,689 | 44,35 | 44,35 |  0,00 | 0,946 | 316,29 | 316,29 |  0,00 | 16,253 | 324,80 | 324,80 |  0,00 | 703,698 | 35,70 | 35,70 | 1997,494 |   NaN | NaN | 0,00 | 0,00 | NaN
  42 |  0,00 | 16,508 | 722,37 | 722,37 | 733,88 |  0,00 | 0,635 | 44,35 | 44,35 |  0,00 | 0,860 | 320,84 | 320,84 |  0,00 | 16,231 | 321,47 | 321,47 |  0,00 | 708,854 | 35,70 | 35,70 | 2033,328 |   NaN | NaN | 0,00 | 0,00 | NaN
  43 |  0,00 | 16,021 | 727,24 | 727,24 | 740,31 |  0,00 | 0,713 | 44,35 | 44,35 |  0,00 | 0,832 | 324,40 | 324,40 |  0,00 | 15,577 | 322,78 | 322,78 |  0,00 | 691,105 | 35,70 | 35,70 | 2116,409 |   NaN | NaN | 0,00 | 0,00 | NaN
  44 |  0,00 | 16,209 | 720,15 | 720,15 | 731,68 |  0,00 | 0,625 | 44,35 | 44,35 |  0,00 | 1,373 | 318,32 | 318,32 |  0,00 | 14,192 | 321,78 | 321,78 |  0,00 | 714,687 | 35,70 | 35,70 | 2013,771 |   NaN | NaN | 0,00 | 0,00 | NaN
  45 |  0,00 | 15,691 | 715,22 | 715,22 | 728,84 |  0,00 | 0,710 | 44,35 | 44,35 |  0,00 | 0,899 | 322,04 | 322,04 |  0,00 | 12,301 | 313,13 | 313,13 |  0,00 | 721,948 | 35,70 | 35,70 | 2047,932 |   NaN | NaN | 0,00 | 0,00 | NaN
  46 |  0,00 | 15,551 | 716,28 | 716,28 | 727,79 |  0,00 | 0,649 | 44,35 | 44,35 |  0,00 | 0,856 | 316,49 | 316,49 |  0,00 | 12,288 | 319,74 | 319,74 |  0,00 | 712,853 | 35,70 | 35,70 | 2123,789 |   NaN | NaN | 0,00 | 0,00 | NaN
  47 |  0,00 | 16,855 | 715,85 | 715,85 | 727,38 |  0,00 | 0,647 | 44,35 | 44,35 |  0,00 | 1,038 | 319,83 | 319,83 |  0,00 | 16,536 | 315,97 | 315,97 |  0,00 | 720,698 | 35,70 | 35,70 | 1975,770 |   NaN | NaN | 0,00 | 0,00 | NaN
  48 |  0,00 | 15,862 | 714,28 | 714,28 | 725,84 |  0,00 | 0,676 | 44,35 | 44,35 |  0,00 | 0,764 | 316,97 | 316,97 |  0,00 | 13,272 | 317,25 | 317,25 |  0,00 | 716,125 | 35,70 | 35,70 | 2013,154 |   NaN | NaN | 0,00 | 0,00 | NaN
  49 |  0,00 | 16,859 | 714,62 | 714,62 | 726,37 |  0,00 | 0,689 | 44,35 | 44,35 |  0,00 | 0,947 | 318,77 | 318,77 |  0,00 | 17,161 | 315,80 | 315,80 |  0,00 | 710,005 | 35,70 | 35,70 | 1975,841 |   NaN | NaN | 0,00 | 0,00 | NaN
  50 |  0,00 | 16,144 | 719,72 | 719,72 | 731,25 |  0,00 | 0,643 | 44,35 | 44,35 |  0,00 | 0,786 | 321,68 | 321,68 |  0,00 | 14,546 | 317,98 | 317,98 |  0,00 | 716,452 | 35,70 | 35,70 | 2156,360 |   NaN | NaN | 0,00 | 0,00 | NaN
  51 |  0,00 | 15,803 | 718,03 | 718,03 | 729,57 |  0,00 | 0,641 | 44,35 | 44,35 |  0,00 | 1,230 | 317,99 | 317,99 |  0,00 | 13,861 | 319,99 | 319,99 |  0,00 | 696,852 | 35,70 | 35,70 | 1971,480 |   NaN | NaN | 0,00 | 0,00 | NaN
  52 |  0,00 | 16,627 | 716,50 | 716,50 | 728,05 |  0,00 | 0,667 | 44,35 | 44,35 |  0,00 | 1,213 | 314,20 | 314,20 |  0,00 | 14,192 | 322,25 | 322,25 |  0,00 | 738,637 | 35,70 | 35,70 | 2087,641 |   NaN | NaN | 0,00 | 0,00 | NaN
  53 |  0,00 | 16,028 | 719,05 | 719,05 | 730,57 |  0,00 | 0,655 | 44,35 | 44,35 |  0,00 | 0,992 | 321,16 | 321,16 |  0,00 | 13,151 | 317,84 | 317,84 |  0,00 | 728,426 | 35,70 | 35,70 | 2122,355 |   NaN | NaN | 0,00 | 0,00 | NaN
  54 |  0,00 | 17,071 | 712,46 | 712,46 | 724,00 |  0,00 | 0,657 | 44,35 | 44,35 |  0,00 | 0,908 | 319,34 | 319,34 |  0,00 | 17,969 | 313,07 | 313,07 |  0,00 | 711,623 | 35,70 | 35,70 | 2039,524 |   NaN | NaN | 0,00 | 0,00 | NaN
  55 |  0,00 | 12,321 | 713,87 | 713,87 | 725,41 |  0,00 | 0,642 | 44,35 | 44,35 |  0,00 | 0,704 | 315,33 | 315,33 |  0,00 | 5,167 | 318,49 | 318,49 |  0,00 | 636,781 | 35,70 | 35,70 | 2140,032 |   NaN | NaN | 0,00 | 0,00 | NaN
  56 |  0,00 | 15,764 | 713,26 | 713,26 | 724,80 |  0,00 | 0,648 | 44,35 | 44,35 |  0,00 | 1,034 | 316,25 | 316,25 |  0,00 | 12,218 | 316,95 | 316,95 |  0,00 | 723,397 | 35,70 | 35,70 | 2042,882 |   NaN | NaN | 0,00 | 0,00 | NaN
  57 |  0,00 | 17,894 | 716,36 | 716,36 | 727,87 |  0,00 | 0,645 | 44,35 | 44,35 |  0,00 | 0,848 | 317,40 | 317,40 |  0,00 | 21,717 | 318,91 | 318,91 |  0,00 | 698,339 | 35,70 | 35,70 | 1950,547 |   NaN | NaN | 0,00 | 0,00 | NaN
  58 |  0,00 | 15,707 | 718,34 | 718,34 | 729,87 |  0,00 | 0,674 | 44,35 | 44,35 |  0,00 | 1,430 | 319,26 | 319,26 |  0,00 | 13,807 | 319,03 | 319,03 |  0,00 | 688,517 | 35,70 | 35,70 | 1942,700 |   NaN | NaN | 0,00 | 0,00 | NaN
  59 |  0,00 | 9,583 | 722,25 | 722,25 | 734,13 |  0,00 | 0,693 | 44,35 | 44,35 |  0,00 | 0,710 | 318,13 | 318,13 |  0,00 | 5,008 | 324,07 | 324,07 |  0,00 | 473,526 | 35,70 | 35,70 | 1971,226 |   NaN | NaN | 0,00 | 0,00 | NaN
  60 |  0,00 | 16,867 | 717,65 | 717,65 | 729,19 |  0,00 | 0,627 | 44,35 | 44,35 |  0,00 | 1,233 | 318,87 | 318,87 |  0,00 | 17,257 | 318,73 | 318,73 |  0,00 | 705,744 | 35,70 | 35,70 | 1985,654 |   NaN | NaN | 0,00 | 0,00 | NaN
  61 |  0,00 | 15,229 | 720,79 | 720,79 | 732,31 |  0,00 | 0,650 | 44,35 | 44,35 |  0,00 | 0,962 | 320,42 | 320,42 |  0,00 | 11,749 | 320,32 | 320,32 |  0,00 | 703,461 | 35,70 | 35,70 | 2101,041 |   NaN | NaN | 0,00 | 0,00 | NaN
  62 |  0,00 | 18,135 | 720,96 | 720,96 | 734,82 |  0,00 | 0,712 | 44,35 | 44,35 |  0,00 | 0,931 | 320,35 | 320,35 |  0,00 | 23,540 | 320,55 | 320,55 |  0,00 | 681,431 | 35,70 | 35,70 | 1934,638 |   NaN | NaN | 0,00 | 0,00 | NaN
  63 |  0,00 | 14,016 | 717,40 | 717,40 | 728,93 |  0,00 | 0,667 | 44,35 | 44,35 |  0,00 | 0,910 | 320,08 | 320,08 |  0,00 | 8,949 | 317,26 | 317,26 |  0,00 | 675,751 | 35,70 | 35,70 | 2159,672 |   NaN | NaN | 0,00 | 0,00 | NaN
  64 |  0,00 | 16,601 | 712,58 | 712,58 | 726,36 |  0,00 | 0,710 | 44,35 | 44,35 |  0,00 | 1,167 | 316,89 | 316,89 |  0,00 | 13,318 | 315,64 | 315,64 |  0,00 | 752,609 | 35,70 | 35,70 | 2132,181 |   NaN | NaN | 0,00 | 0,00 | NaN

= = = = = = = = = = = = AVERAGE RESULTS system = = = = = = = = = = = =
meanPLR_system | 0,000000 
meanDelay_system | 12,208801 
meanLoad_system | 717,258366 
meanTHR_system | 717,258366 
meanGate_system | 729,208332 

meanPLR_EF_system | 0,000000 
meanPLR_AF_system | 0,000000 
meanPLR_BE_system | 0,000000 
meanPLR_FLA_system | 0,000000 
meanPLR_FLB_system | NaN 

meanTHR_EF_system | 44,352003 
meanTHR_AF_system | 318,867454 
meanTHR_BE_system | 318,338511 
meanTHR_FLA_system | 36,314240 
meanTHR_FLB_system | 0,000000 

meanLoad_EF_system | 44,352003 
meanLoad_AF_system | 318,867454 
meanLoad_BE_system | 318,338511 
meanLoad_FLA_system | 36,314240 
meanLoad_FLB_system | 0,000000 

meanDELAY_EF_system | 0,671760 
meanDELAY_AF_system | 1,265568 
meanDELAY_BE_system | 11,773928 
meanDELAY_FLA_system | 510,750208 
meanDELAY_FLB_system | NaN 
meanDELAY_CompleteFLA_system | 1535,979032 
meanDELAY_CompleteFLB_system | NaN 

= = = = = = = = = = = = AVERAGE RESULTS = = = = = = = = = = = =
Packet Loss Ratio: 00,00 (%)
PROCESSED PACKAGES: 2069986428 
DISCARTED PACKAGES: 0 
TOTAL PACKAGES: 2069986428 
AVERAGE DELAY: 2224,58 (ms) 
AVERAGE THROUGHPUT: 717,26 (Mbps) 
GRANTED THROUGHPUT: 46669,33 (Mbps) By 64 ONUs
EFFECTIVE THROUGHPUT: 45904,54 (Mbps) By 64 ONUs
TOTAL LOAD: 45904,54 (Mbps) By 64 ONUs
ON Arrival THROUGHPUT: 0,00 (Mbps) By 64 ONUs
FINISHTIMEFL: 174,477009 
FINISHTIME: 177,477009 


fileName | IPACT_LBVARIBLETOKENSBYCYCLE_4_30_85_0 
