
ONU ID 	|  PLR(%) | Delay(ms) | Throughput(Mbps) | Granted Throughput(Mbps) | Total Load (Mbps) 

  ID |  PLR(%) |  D  | Thr |  Gates  |  Load  | PLR-EF | D-EF | ThrEF | LoadEF | PLR-AF | D-AF | ThrAF | LoadAF | PLR-BE | D-BE | ThrBE | LoadBE | PLR-FA | D-FA | ThrFA | LoadFA | DTFA |  PLR-FB | D-FB | ThrFB | LoadFB | DTFB | 
   1 |  3,12 | 251,347 | 755,27 | 779,63 | 759,56 |  0,00 | 1,405 | 44,35 | 44,35 |  0,00 | 10,148 | 350,07 | 350,07 |  7,15 | 918,855 | 316,29 | 340,65 |  0,00 | 220,956 | 44,55 | 44,55 | 461,118 |   NaN | NaN | 0,00 | 0,00 | NaN
   2 |  3,62 | 247,624 | 753,86 | 782,17 | 758,21 |  0,00 | 1,417 | 44,35 | 44,35 |  0,00 | 2,823 | 348,66 | 348,66 |  8,22 | 871,005 | 316,29 | 344,61 |  0,00 | 766,411 | 44,55 | 44,55 | 1551,877 |   NaN | NaN | 0,00 | 0,00 | NaN
   3 |  2,98 | 216,502 | 753,55 | 776,66 | 757,88 |  0,00 | 1,354 | 44,35 | 44,35 |  0,00 | 1,744 | 345,37 | 345,37 |  6,75 | 750,163 | 319,27 | 342,39 |  0,00 | 734,642 | 44,55 | 44,55 | 1488,370 |   NaN | NaN | 0,00 | 0,00 | NaN
   4 |  3,75 | 265,831 | 755,29 | 784,68 | 759,68 |  0,00 | 1,359 | 44,35 | 44,35 |  0,00 | 21,093 | 350,76 | 350,76 |  8,52 | 968,218 | 315,63 | 345,02 |  0,00 | 155,887 | 44,55 | 44,55 | 330,878 |   NaN | NaN | 0,00 | 0,00 | NaN
   5 |  2,97 | 233,292 | 754,59 | 777,69 | 758,90 |  0,00 | 1,385 | 44,35 | 44,35 |  0,00 | 1,839 | 344,13 | 344,13 |  6,70 | 785,356 | 321,55 | 344,65 |  0,00 | 1037,279 | 44,55 | 44,55 | 2093,594 |   NaN | NaN | 0,00 | 0,00 | NaN
   6 |  3,61 | 242,662 | 754,41 | 782,71 | 758,72 |  0,00 | 1,333 | 44,35 | 44,35 |  0,00 | 2,037 | 348,46 | 348,46 |  8,19 | 845,401 | 317,05 | 345,34 |  0,00 | 849,896 | 44,55 | 44,55 | 1718,815 |   NaN | NaN | 0,00 | 0,00 | NaN
   7 |  3,17 | 233,911 | 754,89 | 779,62 | 759,21 |  0,00 | 1,352 | 44,35 | 44,35 |  0,00 | 3,626 | 346,35 | 346,35 |  7,18 | 840,318 | 319,65 | 344,37 |  0,00 | 368,791 | 44,55 | 44,55 | 756,749 |   NaN | NaN | 0,00 | 0,00 | NaN
   8 |  3,20 | 242,345 | 755,48 | 780,48 | 759,81 |  0,00 | 1,402 | 44,35 | 44,35 |  0,00 | 2,036 | 343,75 | 343,75 |  7,19 | 833,676 | 322,82 | 347,83 |  0,00 | 797,917 | 44,55 | 44,55 | 1615,009 |   NaN | NaN | 0,00 | 0,00 | NaN
   9 |  3,49 | 247,439 | 755,22 | 782,55 | 759,53 |  0,00 | 1,342 | 44,35 | 44,35 |  0,00 | 2,173 | 347,55 | 347,55 |  7,90 | 882,019 | 318,77 | 346,10 |  0,00 | 541,248 | 44,55 | 44,55 | 1101,725 |   NaN | NaN | 0,00 | 0,00 | NaN
  10 |  3,05 | 249,235 | 754,80 | 778,51 | 759,13 |  0,00 | 1,403 | 44,35 | 44,35 |  0,00 | 12,206 | 345,61 | 345,61 |  6,89 | 898,255 | 320,29 | 343,99 |  0,00 | 203,234 | 44,55 | 44,55 | 425,779 |   NaN | NaN | 0,00 | 0,00 | NaN
  11 |  2,93 | 220,037 | 753,05 | 775,79 | 757,36 |  0,00 | 1,342 | 44,35 | 44,35 |  0,00 | 1,867 | 340,77 | 340,77 |  6,57 | 702,019 | 323,37 | 346,12 |  0,00 | 1434,232 | 44,55 | 44,55 | 2887,676 |   NaN | NaN | 0,00 | 0,00 | NaN
  12 |  3,07 | 231,643 | 755,32 | 779,23 | 759,64 |  0,00 | 1,404 | 44,35 | 44,35 |  0,00 | 1,886 | 345,12 | 345,12 |  6,93 | 791,258 | 321,29 | 345,21 |  0,00 | 888,143 | 44,55 | 44,55 | 1795,240 |   NaN | NaN | 0,00 | 0,00 | NaN
  13 |  2,50 | 214,886 | 752,85 | 772,12 | 757,18 |  0,00 | 1,369 | 44,35 | 44,35 |  0,00 | 2,045 | 342,95 | 342,95 |  5,66 | 736,803 | 321,00 | 340,27 |  0,00 | 768,104 | 44,55 | 44,55 | 1555,263 |   NaN | NaN | 0,00 | 0,00 | NaN
  14 |  3,66 | 234,169 | 752,62 | 781,19 | 756,97 |  0,00 | 1,410 | 44,35 | 44,35 |  0,00 | 2,081 | 346,16 | 346,16 |  8,25 | 797,698 | 317,56 | 346,13 |  0,00 | 1022,819 | 44,55 | 44,55 | 2064,802 |   NaN | NaN | 0,00 | 0,00 | NaN
  15 |  2,97 | 248,934 | 753,16 | 776,19 | 757,49 |  0,00 | 1,404 | 44,35 | 44,35 |  0,00 | 3,835 | 339,97 | 339,97 |  6,63 | 881,497 | 324,28 | 347,32 |  0,00 | 375,681 | 44,55 | 44,55 | 770,432 |   NaN | NaN | 0,00 | 0,00 | NaN
  16 |  4,34 | 265,220 | 754,18 | 788,39 | 758,50 |  0,00 | 1,396 | 44,35 | 44,35 |  0,00 | 2,345 | 346,83 | 346,83 |  9,70 | 941,610 | 318,45 | 352,66 |  0,00 | 633,502 | 44,55 | 44,55 | 1286,200 |   NaN | NaN | 0,00 | 0,00 | NaN
  17 |  3,54 | 244,732 | 754,13 | 781,83 | 758,47 |  0,00 | 1,409 | 44,35 | 44,35 |  0,00 | 2,014 | 347,36 | 347,36 |  8,02 | 869,111 | 317,86 | 345,57 |  0,00 | 605,516 | 44,55 | 44,55 | 1230,096 |   NaN | NaN | 0,00 | 0,00 | NaN
  18 |  2,96 | 218,727 | 753,23 | 776,22 | 757,52 |  0,00 | 1,385 | 44,35 | 44,35 |  0,00 | 2,129 | 342,82 | 342,82 |  6,67 | 693,037 | 321,51 | 344,50 |  0,00 | 1542,676 | 44,55 | 44,55 | 3104,400 |   NaN | NaN | 0,00 | 0,00 | NaN
  19 |  2,10 | 217,940 | 754,01 | 770,19 | 758,31 |  0,00 | 1,376 | 44,35 | 44,35 |  0,00 | 2,216 | 339,29 | 339,29 |  4,73 | 703,220 | 325,81 | 341,99 |  0,00 | 1243,203 | 44,55 | 44,55 | 2505,456 |   NaN | NaN | 0,00 | 0,00 | NaN
  20 |  2,68 | 226,535 | 754,33 | 775,14 | 758,62 |  0,00 | 1,372 | 44,35 | 44,35 |  0,00 | 1,671 | 346,27 | 346,27 |  6,12 | 734,860 | 319,16 | 339,97 |  0,00 | 1458,263 | 44,55 | 44,55 | 2935,627 |   NaN | NaN | 0,00 | 0,00 | NaN
  21 |  1,88 | 213,772 | 753,30 | 767,70 | 757,61 |  0,00 | 1,376 | 44,35 | 44,35 |  0,00 | 5,206 | 340,49 | 340,49 |  4,26 | 757,864 | 323,90 | 338,31 |  0,00 | 291,756 | 44,55 | 44,55 | 602,670 |   NaN | NaN | 0,00 | 0,00 | NaN
  22 |  3,94 | 247,869 | 754,80 | 785,73 | 759,15 |  0,00 | 1,415 | 44,35 | 44,35 |  0,00 | 2,217 | 352,43 | 352,43 |  8,98 | 857,651 | 313,47 | 344,40 |  0,00 | 1076,059 | 44,55 | 44,55 | 2171,185 |   NaN | NaN | 0,00 | 0,00 | NaN
  23 |  3,21 | 230,013 | 755,09 | 780,12 | 759,42 |  0,00 | 1,397 | 44,35 | 44,35 |  0,00 | 2,135 | 345,70 | 345,70 |  7,25 | 752,278 | 320,48 | 345,52 |  0,00 | 1356,349 | 44,55 | 44,55 | 2731,755 |   NaN | NaN | 0,00 | 0,00 | NaN
  24 |  3,40 | 238,907 | 754,99 | 781,60 | 759,31 |  0,00 | 1,359 | 44,35 | 44,35 |  0,00 | 1,713 | 344,74 | 344,74 |  7,65 | 826,900 | 321,34 | 347,95 |  0,00 | 768,015 | 44,55 | 44,55 | 1555,146 |   NaN | NaN | 0,00 | 0,00 | NaN
  25 |  3,85 | 257,015 | 755,05 | 785,28 | 759,41 |  0,00 | 1,416 | 44,35 | 44,35 |  0,00 | 2,841 | 344,05 | 344,05 |  8,58 | 916,025 | 322,09 | 352,33 |  0,00 | 425,983 | 44,55 | 44,55 | 871,153 |   NaN | NaN | 0,00 | 0,00 | NaN
  26 |  2,79 | 251,119 | 754,42 | 776,08 | 758,74 |  0,00 | 1,412 | 44,35 | 44,35 |  0,00 | 3,361 | 344,18 | 344,18 |  6,32 | 900,498 | 321,33 | 343,00 |  0,00 | 355,396 | 44,55 | 44,55 | 729,989 |   NaN | NaN | 0,00 | 0,00 | NaN
  27 |  2,63 | 212,738 | 755,09 | 775,49 | 759,40 |  0,00 | 1,339 | 44,35 | 44,35 |  0,00 | 1,742 | 346,19 | 346,19 |  5,99 | 674,656 | 320,00 | 340,39 |  0,00 | 1556,764 | 44,55 | 44,55 | 3132,585 |   NaN | NaN | 0,00 | 0,00 | NaN
  28 |  2,47 | 220,933 | 752,73 | 771,77 | 757,06 |  0,00 | 1,405 | 44,35 | 44,35 |  0,00 | 2,074 | 344,65 | 344,65 |  5,63 | 719,470 | 319,18 | 338,22 |  0,00 | 1362,871 | 44,55 | 44,55 | 2744,783 |   NaN | NaN | 0,00 | 0,00 | NaN
  29 |  3,74 | 237,204 | 754,04 | 783,31 | 758,36 |  0,00 | 1,385 | 44,35 | 44,35 |  0,00 | 1,942 | 346,74 | 346,74 |  8,42 | 779,386 | 318,40 | 347,67 |  0,00 | 1414,137 | 44,55 | 44,55 | 2847,479 |   NaN | NaN | 0,00 | 0,00 | NaN
  30 |  2,76 | 212,597 | 754,24 | 775,66 | 758,56 |  0,00 | 1,415 | 44,35 | 44,35 |  0,00 | 2,291 | 342,18 | 342,18 |  6,22 | 670,892 | 323,15 | 344,58 |  0,00 | 1494,885 | 44,55 | 44,55 | 3008,834 |   NaN | NaN | 0,00 | 0,00 | NaN
  31 |  2,83 | 221,035 | 753,69 | 775,67 | 758,01 |  0,00 | 1,382 | 44,35 | 44,35 |  0,00 | 1,717 | 345,76 | 345,76 |  6,44 | 721,442 | 319,02 | 341,00 |  0,00 | 1360,497 | 44,55 | 44,55 | 2740,025 |   NaN | NaN | 0,00 | 0,00 | NaN
  32 |  3,39 | 222,667 | 754,80 | 781,27 | 759,11 |  0,00 | 1,338 | 44,35 | 44,35 |  0,00 | 2,236 | 345,58 | 345,58 |  7,63 | 719,092 | 320,32 | 346,79 |  0,00 | 1438,228 | 44,55 | 44,55 | 2895,445 |   NaN | NaN | 0,00 | 0,00 | NaN
  33 |  2,84 | 223,383 | 753,64 | 775,66 | 757,96 |  0,00 | 1,404 | 44,35 | 44,35 |  0,00 | 2,077 | 343,46 | 343,46 |  6,41 | 716,213 | 321,27 | 343,29 |  0,00 | 1473,074 | 44,55 | 44,55 | 2965,258 |   NaN | NaN | 0,00 | 0,00 | NaN
  34 |  2,80 | 209,775 | 753,75 | 775,45 | 758,07 |  0,00 | 1,395 | 44,35 | 44,35 |  0,00 | 1,938 | 344,82 | 344,82 |  6,35 | 658,941 | 320,03 | 341,73 |  0,00 | 1603,750 | 44,55 | 44,55 | 3226,773 |   NaN | NaN | 0,00 | 0,00 | NaN
  35 |  3,80 | 236,606 | 754,52 | 784,35 | 758,82 |  0,00 | 1,344 | 44,35 | 44,35 |  0,00 | 1,835 | 347,81 | 347,81 |  8,58 | 761,050 | 317,81 | 347,64 |  0,00 | 1655,015 | 44,55 | 44,55 | 3329,245 |   NaN | NaN | 0,00 | 0,00 | NaN
  36 |  2,71 | 215,023 | 755,90 | 776,97 | 760,23 |  0,00 | 1,397 | 44,35 | 44,35 |  0,00 | 2,061 | 341,00 | 341,00 |  6,07 | 669,500 | 326,00 | 347,06 |  0,00 | 1576,175 | 44,55 | 44,55 | 3171,343 |   NaN | NaN | 0,00 | 0,00 | NaN
  37 |  3,81 | 244,502 | 755,78 | 785,71 | 760,10 |  0,00 | 1,380 | 44,35 | 44,35 |  0,00 | 2,252 | 350,79 | 350,79 |  8,65 | 811,586 | 316,09 | 346,02 |  0,00 | 1439,575 | 44,55 | 44,55 | 2898,242 |   NaN | NaN | 0,00 | 0,00 | NaN
  38 |  3,55 | 236,122 | 754,48 | 782,29 | 758,78 |  0,00 | 1,371 | 44,35 | 44,35 |  0,00 | 1,615 | 347,53 | 347,53 |  8,04 | 769,381 | 318,05 | 345,86 |  0,00 | 1512,716 | 44,55 | 44,55 | 3044,600 |   NaN | NaN | 0,00 | 0,00 | NaN
  39 |  1,79 | 195,383 | 753,14 | 766,87 | 757,49 |  0,00 | 1,415 | 44,35 | 44,35 |  0,00 | 1,704 | 340,26 | 340,26 |  4,07 | 607,772 | 323,98 | 337,71 |  0,00 | 1467,613 | 44,55 | 44,55 | 2954,409 |   NaN | NaN | 0,00 | 0,00 | NaN
  40 |  2,36 | 210,799 | 753,06 | 771,26 | 757,40 |  0,00 | 1,415 | 44,35 | 44,35 |  0,00 | 1,906 | 344,07 | 344,07 |  5,38 | 666,225 | 320,09 | 338,29 |  0,00 | 1549,851 | 44,55 | 44,55 | 3118,675 |   NaN | NaN | 0,00 | 0,00 | NaN
  41 |  3,69 | 226,387 | 754,01 | 782,94 | 758,34 |  0,00 | 1,398 | 44,35 | 44,35 |  0,00 | 2,071 | 342,16 | 342,16 |  8,22 | 729,966 | 322,94 | 351,87 |  0,00 | 1389,934 | 44,55 | 44,55 | 2798,965 |   NaN | NaN | 0,00 | 0,00 | NaN
  42 |  3,91 | 232,933 | 754,35 | 785,04 | 758,66 |  0,00 | 1,344 | 44,35 | 44,35 |  0,00 | 1,704 | 348,31 | 348,31 |  8,82 | 766,776 | 317,14 | 347,83 |  0,00 | 1414,371 | 44,55 | 44,55 | 2847,903 |   NaN | NaN | 0,00 | 0,00 | NaN
  43 |  4,28 | 234,802 | 754,68 | 788,46 | 759,02 |  0,00 | 1,422 | 44,35 | 44,35 |  0,00 | 1,560 | 350,95 | 350,95 |  9,69 | 775,965 | 314,82 | 348,60 |  0,00 | 1463,134 | 44,55 | 44,55 | 2945,328 |   NaN | NaN | 0,00 | 0,00 | NaN
  44 |  3,48 | 241,519 | 754,80 | 782,05 | 759,11 |  0,00 | 1,334 | 44,35 | 44,35 |  0,00 | 1,808 | 344,10 | 344,10 |  7,81 | 790,304 | 321,80 | 349,05 |  0,00 | 1380,453 | 44,55 | 44,55 | 2780,014 |   NaN | NaN | 0,00 | 0,00 | NaN
  45 |  2,76 | 215,658 | 755,24 | 776,68 | 759,58 |  0,00 | 1,418 | 44,35 | 44,35 |  0,00 | 2,001 | 348,46 | 348,46 |  6,32 | 700,918 | 317,88 | 339,32 |  0,00 | 1408,266 | 44,55 | 44,55 | 2835,645 |   NaN | NaN | 0,00 | 0,00 | NaN
  46 |  3,22 | 220,192 | 753,86 | 778,96 | 758,17 |  0,00 | 1,358 | 44,35 | 44,35 |  0,00 | 1,639 | 343,19 | 343,19 |  7,23 | 705,003 | 321,77 | 346,87 |  0,00 | 1460,085 | 44,55 | 44,55 | 2939,381 |   NaN | NaN | 0,00 | 0,00 | NaN
  47 |  2,91 | 216,520 | 754,51 | 777,09 | 758,82 |  0,00 | 1,355 | 44,35 | 44,35 |  0,00 | 1,767 | 345,50 | 345,50 |  6,59 | 703,519 | 320,11 | 342,68 |  0,00 | 1348,227 | 44,55 | 44,55 | 2715,517 |   NaN | NaN | 0,00 | 0,00 | NaN
  48 |  2,88 | 223,093 | 752,58 | 774,88 | 756,92 |  0,00 | 1,385 | 44,35 | 44,35 |  0,00 | 2,036 | 342,88 | 342,88 |  6,50 | 722,486 | 320,80 | 343,10 |  0,00 | 1380,925 | 44,55 | 44,55 | 2780,899 |   NaN | NaN | 0,00 | 0,00 | NaN
  49 |  2,89 | 219,655 | 754,18 | 776,62 | 758,52 |  0,00 | 1,397 | 44,35 | 44,35 |  0,00 | 1,880 | 344,81 | 344,81 |  6,54 | 713,975 | 320,47 | 342,91 |  0,00 | 1351,146 | 44,55 | 44,55 | 2721,214 |   NaN | NaN | 0,00 | 0,00 | NaN
  50 |  3,32 | 231,915 | 755,07 | 780,99 | 759,37 |  0,00 | 1,352 | 44,35 | 44,35 |  0,00 | 1,749 | 347,76 | 347,76 |  7,53 | 756,486 | 318,40 | 344,32 |  0,00 | 1469,519 | 44,55 | 44,55 | 2958,319 |   NaN | NaN | 0,00 | 0,00 | NaN
  51 |  3,23 | 228,052 | 753,53 | 778,69 | 757,83 |  0,00 | 1,350 | 44,35 | 44,35 |  0,00 | 1,787 | 343,87 | 343,87 |  7,27 | 741,328 | 320,76 | 345,92 |  0,00 | 1385,192 | 44,55 | 44,55 | 2789,578 |   NaN | NaN | 0,00 | 0,00 | NaN
  52 |  3,27 | 238,124 | 754,53 | 780,05 | 758,84 |  0,00 | 1,376 | 44,35 | 44,35 |  0,00 | 1,876 | 341,79 | 341,79 |  7,31 | 771,066 | 323,84 | 349,36 |  0,00 | 1398,356 | 44,55 | 44,55 | 2815,958 |   NaN | NaN | 0,00 | 0,00 | NaN
  53 |  3,33 | 228,653 | 754,94 | 780,92 | 759,26 |  0,00 | 1,363 | 44,35 | 44,35 |  0,00 | 1,683 | 347,74 | 347,74 |  7,55 | 746,238 | 318,30 | 344,27 |  0,00 | 1444,518 | 44,55 | 44,55 | 2908,185 |   NaN | NaN | 0,00 | 0,00 | NaN
  54 |  2,37 | 213,729 | 754,31 | 772,58 | 758,63 |  0,00 | 1,366 | 44,35 | 44,35 |  0,00 | 2,265 | 344,48 | 344,48 |  5,39 | 686,481 | 320,93 | 339,20 |  0,00 | 1406,033 | 44,55 | 44,55 | 2831,173 |   NaN | NaN | 0,00 | 0,00 | NaN
  55 |  2,57 | 211,307 | 754,79 | 774,68 | 759,11 |  0,00 | 1,351 | 44,35 | 44,35 |  0,00 | 1,804 | 341,65 | 341,65 |  5,78 | 663,603 | 324,24 | 344,13 |  0,00 | 1513,532 | 44,55 | 44,55 | 3046,118 |   NaN | NaN | 0,00 | 0,00 | NaN
  56 |  2,46 | 208,219 | 754,89 | 773,95 | 759,21 |  0,00 | 1,357 | 44,35 | 44,35 |  0,00 | 1,729 | 342,83 | 342,83 |  5,57 | 664,046 | 323,16 | 342,22 |  0,00 | 1382,533 | 44,55 | 44,55 | 2784,145 |   NaN | NaN | 0,00 | 0,00 | NaN
  57 |  3,07 | 217,353 | 753,52 | 777,36 | 757,84 |  0,00 | 1,354 | 44,35 | 44,35 |  0,00 | 2,006 | 343,48 | 343,48 |  6,91 | 702,570 | 321,14 | 344,98 |  0,00 | 1361,245 | 44,55 | 44,55 | 2741,566 |   NaN | NaN | 0,00 | 0,00 | NaN
  58 |  3,29 | 237,845 | 754,04 | 779,67 | 758,35 |  0,00 | 1,382 | 44,35 | 44,35 |  0,00 | 2,013 | 345,22 | 345,22 |  7,42 | 781,623 | 319,92 | 345,54 |  0,00 | 1365,536 | 44,55 | 44,55 | 2750,161 |   NaN | NaN | 0,00 | 0,00 | NaN
  59 |  3,68 | 222,134 | 755,50 | 784,37 | 759,82 |  0,00 | 1,401 | 44,35 | 44,35 |  0,00 | 1,673 | 344,24 | 344,24 |  8,22 | 701,801 | 322,35 | 351,22 |  0,00 | 1598,827 | 44,55 | 44,55 | 3216,686 |   NaN | NaN | 0,00 | 0,00 | NaN
  60 |  3,07 | 230,144 | 753,51 | 777,34 | 757,83 |  0,00 | 1,336 | 44,35 | 44,35 |  0,00 | 1,612 | 344,52 | 344,52 |  6,93 | 750,697 | 320,08 | 343,91 |  0,00 | 1391,393 | 44,55 | 44,55 | 2801,932 |   NaN | NaN | 0,00 | 0,00 | NaN
  61 |  3,53 | 240,113 | 755,88 | 783,57 | 760,20 |  0,00 | 1,359 | 44,35 | 44,35 |  0,00 | 1,774 | 347,23 | 347,23 |  7,97 | 785,936 | 319,74 | 347,44 |  0,00 | 1450,536 | 44,55 | 44,55 | 2920,281 |   NaN | NaN | 0,00 | 0,00 | NaN
  62 |  3,70 | 231,518 | 753,98 | 782,93 | 758,34 |  0,00 | 1,420 | 44,35 | 44,35 |  0,00 | 1,792 | 346,92 | 346,92 |  8,34 | 760,852 | 318,15 | 347,11 |  0,00 | 1380,990 | 44,55 | 44,55 | 2780,953 |   NaN | NaN | 0,00 | 0,00 | NaN
  63 |  3,25 | 218,303 | 754,49 | 779,80 | 758,81 |  0,00 | 1,376 | 44,35 | 44,35 |  0,00 | 2,127 | 347,05 | 347,05 |  7,36 | 702,026 | 318,53 | 343,85 |  0,00 | 1497,835 | 44,55 | 44,55 | 3014,799 |   NaN | NaN | 0,00 | 0,00 | NaN
  64 |  2,49 | 215,060 | 753,70 | 772,91 | 758,06 |  0,00 | 1,419 | 44,35 | 44,35 |  0,00 | 1,864 | 342,80 | 342,80 |  5,63 | 688,891 | 322,00 | 341,22 |  0,00 | 1406,806 | 44,55 | 44,55 | 2832,806 |   NaN | NaN | 0,00 | 0,00 | NaN

= = = = = = = = = = = = AVERAGE RESULTS system = = = = = = = = = = = =
meanPLR_system | 3,139126 
meanDelay_system | 229,589099 
meanLoad_system | 778,777553 
meanTHR_system | 754,306238 
meanGate_system | 758,629929 

meanPLR_EF_system | 0,000000 
meanPLR_AF_system | 0,000000 
meanPLR_BE_system | 7,090580 
meanPLR_FLA_system | 0,000000 
meanPLR_FLB_system | NaN 

meanTHR_EF_system | 44,352002 
meanTHR_AF_system | 345,196917 
meanTHR_BE_system | 320,205458 
meanTHR_FLA_system | 45,349045 
meanTHR_FLB_system | 0,000000 

meanLoad_EF_system | 44,352002 
meanLoad_AF_system | 345,196917 
meanLoad_BE_system | 344,676773 
meanLoad_FLA_system | 45,349045 
meanLoad_FLB_system | 0,000000 

meanDELAY_EF_system | 1,380456 
meanDELAY_AF_system | 2,670264 
meanDELAY_BE_system | 764,277531 
meanDELAY_FLA_system | 1169,945313 
meanDELAY_FLB_system | NaN 
meanDELAY_CompleteFLA_system | 2359,003578 
meanDELAY_CompleteFLB_system | NaN 

= = = = = = = = = = = = AVERAGE RESULTS = = = = = = = = = = = =
Packet Loss Ratio: 03,14 (%)
PROCESSED PACKAGES: 2047134058 
DISCARTED PACKAGES: 41723506 
TOTAL PACKAGES: 2088857564 
AVERAGE DELAY: 43032,29 (ms) 
AVERAGE THROUGHPUT: 754,31 (Mbps) 
GRANTED THROUGHPUT: 48552,32 (Mbps) By 64 ONUs
EFFECTIVE THROUGHPUT: 48275,60 (Mbps) By 64 ONUs
TOTAL LOAD: 49841,76 (Mbps) By 64 ONUs
ON Arrival THROUGHPUT: 0,00 (Mbps) By 64 ONUs
FINISHTIMEFL: 167,659538 
FINISHTIME: 170,659538 


fileName | IPACT_LEAKYBUCKET_3_36_92_0 
