
ONU ID 	|  PLR(%) | Delay(ms) | Throughput(Mbps) | Granted Throughput(Mbps) | Total Load (Mbps) 

  ID |  PLR(%) |  D  | Thr |  Gates  |  Load  | PLR-EF | D-EF | ThrEF | LoadEF | PLR-AF | D-AF | ThrAF | LoadAF | PLR-BE | D-BE | ThrBE | LoadBE | PLR-FA | D-FA | ThrFA | LoadFA | DTFA |  PLR-FB | D-FB | ThrFB | LoadFB | DTFB | 
   1 |  0,00 | 1,543 | 639,69 | 639,69 | 665,07 |  0,00 | 0,464 | 44,35 | 44,35 |  0,00 | 1,118 | 229,65 | 229,65 |  0,00 | 1,284 | 221,64 | 221,64 |  0,00 | 10,691 | 144,06 | 144,06 | 43,221 |   NaN | NaN | 0,00 | 0,00 | NaN
   2 |  0,00 | 10,716 | 641,16 | 641,16 | 668,55 |  0,00 | 0,475 | 44,35 | 44,35 |  0,00 | 0,595 | 226,33 | 226,33 |  0,00 | 7,084 | 226,42 | 226,42 |  0,00 | 119,004 | 144,06 | 144,06 | 225,123 |   NaN | NaN | 0,00 | 0,00 | NaN
   3 |  0,00 | 9,905 | 642,12 | 642,12 | 664,38 |  0,00 | 0,412 | 44,35 | 44,35 |  0,00 | 0,668 | 227,74 | 227,74 |  0,00 | 7,408 | 225,98 | 225,98 |  0,00 | 107,436 | 144,06 | 144,06 | 204,582 |   NaN | NaN | 0,00 | 0,00 | NaN
   4 |  0,00 | 1,393 | 642,93 | 642,93 | 665,01 |  0,00 | 0,418 | 44,35 | 44,35 |  0,00 | 0,920 | 230,82 | 230,82 |  0,00 | 1,193 | 223,71 | 223,71 |  0,00 | 9,835 | 144,06 | 144,06 | 38,434 |   NaN | NaN | 0,00 | 0,00 | NaN
   5 |  0,00 | 14,822 | 636,48 | 636,48 | 659,21 |  0,00 | 0,443 | 44,35 | 44,35 |  0,00 | 0,667 | 224,42 | 224,42 |  0,00 | 2,518 | 223,65 | 223,65 |  0,00 | 187,258 | 144,06 | 144,06 | 367,894 |   NaN | NaN | 0,00 | 0,00 | NaN
   6 |  0,00 | 12,170 | 641,81 | 641,81 | 663,69 |  0,00 | 0,392 | 44,35 | 44,35 |  0,00 | 0,557 | 228,39 | 228,39 |  0,00 | 6,147 | 225,02 | 225,02 |  0,00 | 142,301 | 144,06 | 144,06 | 270,575 |   NaN | NaN | 0,00 | 0,00 | NaN
   7 |  0,00 | 2,561 | 637,79 | 637,79 | 660,89 |  0,00 | 0,410 | 44,35 | 44,35 |  0,00 | 1,810 | 226,73 | 226,73 |  0,00 | 2,267 | 222,65 | 222,65 |  0,00 | 19,833 | 144,06 | 144,06 | 59,470 |   NaN | NaN | 0,00 | 0,00 | NaN
   8 |  0,00 | 11,124 | 641,24 | 641,24 | 665,35 |  0,00 | 0,460 | 44,35 | 44,35 |  0,00 | 0,534 | 224,39 | 224,39 |  0,00 | 5,975 | 228,45 | 228,45 |  0,00 | 127,954 | 144,06 | 144,06 | 242,162 |   NaN | NaN | 0,00 | 0,00 | NaN
   9 |  0,00 | 5,371 | 643,62 | 643,62 | 665,74 |  0,00 | 0,400 | 44,35 | 44,35 |  0,00 | 2,951 | 228,39 | 228,39 |  0,00 | 4,863 | 226,82 | 226,82 |  0,00 | 46,897 | 144,06 | 144,06 | 101,181 |   NaN | NaN | 0,00 | 0,00 | NaN
  10 |  0,00 | 1,648 | 635,66 | 635,66 | 660,76 |  0,00 | 0,461 | 44,35 | 44,35 |  0,00 | 1,147 | 224,57 | 224,57 |  0,00 | 1,328 | 222,68 | 222,68 |  0,00 | 11,883 | 144,06 | 144,06 | 44,705 |   NaN | NaN | 0,00 | 0,00 | NaN
  11 |  0,00 | 18,281 | 633,62 | 633,62 | 655,86 |  0,00 | 0,400 | 44,35 | 44,35 |  0,00 | 0,613 | 219,34 | 219,34 |  0,00 | 0,916 | 225,87 | 225,87 |  0,00 | 238,236 | 144,06 | 144,06 | 529,166 |   NaN | NaN | 0,00 | 0,00 | NaN
  12 |  0,00 | 12,209 | 641,41 | 641,41 | 666,04 |  0,00 | 0,463 | 44,35 | 44,35 |  0,00 | 0,560 | 226,49 | 226,49 |  0,00 | 2,892 | 226,52 | 226,52 |  0,00 | 151,834 | 144,06 | 144,06 | 290,484 |   NaN | NaN | 0,00 | 0,00 | NaN
  13 |  0,00 | 10,770 | 636,94 | 636,94 | 659,32 |  0,00 | 0,427 | 44,35 | 44,35 |  0,00 | 0,630 | 223,13 | 223,13 |  0,00 | 7,134 | 225,40 | 225,40 |  0,00 | 119,320 | 144,06 | 144,06 | 225,664 |   NaN | NaN | 0,00 | 0,00 | NaN
  14 |  0,00 | 14,333 | 640,55 | 640,55 | 666,37 |  0,00 | 0,468 | 44,35 | 44,35 |  0,00 | 0,658 | 226,54 | 226,54 |  0,00 | 1,546 | 225,60 | 225,60 |  0,00 | 184,076 | 144,06 | 144,06 | 360,663 |   NaN | NaN | 0,00 | 0,00 | NaN
  15 |  0,00 | 2,454 | 636,19 | 636,19 | 661,51 |  0,00 | 0,463 | 44,35 | 44,35 |  0,00 | 1,778 | 221,42 | 221,42 |  0,00 | 1,921 | 226,36 | 226,36 |  0,00 | 19,127 | 144,06 | 144,06 | 58,896 |   NaN | NaN | 0,00 | 0,00 | NaN
  16 |  0,00 | 7,436 | 642,96 | 642,96 | 666,28 |  0,00 | 0,454 | 44,35 | 44,35 |  0,00 | 0,987 | 224,61 | 224,61 |  0,00 | 6,646 | 229,94 | 229,94 |  0,00 | 74,823 | 144,06 | 144,06 | 149,796 |   NaN | NaN | 0,00 | 0,00 | NaN
  17 |  0,00 | 6,724 | 640,31 | 640,31 | 665,55 |  0,00 | 0,467 | 44,35 | 44,35 |  0,00 | 1,422 | 224,72 | 224,72 |  0,00 | 6,469 | 227,18 | 227,18 |  0,00 | 64,341 | 144,06 | 144,06 | 132,409 |   NaN | NaN | 0,00 | 0,00 | NaN
  18 |  0,00 | 11,213 | 636,83 | 636,83 | 659,50 |  0,00 | 0,443 | 44,35 | 44,35 |  0,00 | 0,476 | 222,96 | 222,96 |  0,00 | 0,611 | 225,46 | 225,46 |  0,00 | 144,821 | 144,06 | 144,06 | 411,897 |   NaN | NaN | 0,00 | 0,00 | NaN
  19 |  0,00 | 17,605 | 634,42 | 634,42 | 656,87 |  0,00 | 0,434 | 44,35 | 44,35 |  0,00 | 0,760 | 220,79 | 220,79 |  0,00 | 1,401 | 225,23 | 225,23 |  0,00 | 227,276 | 144,06 | 144,06 | 466,221 |   NaN | NaN | 0,00 | 0,00 | NaN
  20 |  0,00 | 17,435 | 635,99 | 635,99 | 658,38 |  0,00 | 0,430 | 44,35 | 44,35 |  0,00 | 0,782 | 226,29 | 226,29 |  0,00 | 1,158 | 221,29 | 221,29 |  0,00 | 226,044 | 144,06 | 144,06 | 519,324 |   NaN | NaN | 0,00 | 0,00 | NaN
  21 |  0,00 | 1,820 | 632,38 | 632,38 | 654,87 |  0,00 | 0,435 | 44,35 | 44,35 |  0,00 | 1,093 | 222,93 | 222,93 |  0,00 | 1,386 | 221,04 | 221,04 |  0,00 | 14,339 | 144,06 | 144,06 | 44,954 |   NaN | NaN | 0,00 | 0,00 | NaN
  22 |  0,00 | 15,247 | 639,54 | 639,54 | 666,47 |  0,00 | 0,473 | 44,35 | 44,35 |  0,00 | 0,668 | 228,61 | 228,61 |  0,00 | 1,810 | 222,52 | 222,52 |  0,00 | 195,455 | 144,06 | 144,06 | 387,278 |   NaN | NaN | 0,00 | 0,00 | NaN
  23 |  0,00 | 19,073 | 641,43 | 641,43 | 664,97 |  0,00 | 0,455 | 44,35 | 44,35 |  0,00 | 0,800 | 226,09 | 226,09 |  0,00 | 1,324 | 226,93 | 226,93 |  0,00 | 248,645 | 144,06 | 144,06 | 521,890 |   NaN | NaN | 0,00 | 0,00 | NaN
  24 |  0,00 | 10,270 | 639,75 | 639,75 | 662,04 |  0,00 | 0,417 | 44,35 | 44,35 |  0,00 | 0,595 | 226,00 | 226,00 |  0,00 | 5,070 | 225,34 | 225,34 |  0,00 | 119,204 | 144,06 | 144,06 | 225,464 |   NaN | NaN | 0,00 | 0,00 | NaN
  25 |  0,00 | 2,695 | 642,85 | 642,85 | 670,39 |  0,00 | 0,475 | 44,35 | 44,35 |  0,00 | 1,888 | 222,90 | 222,90 |  0,00 | 2,162 | 231,54 | 231,54 |  0,00 | 21,312 | 144,06 | 144,06 | 59,709 |   NaN | NaN | 0,00 | 0,00 | NaN
  26 |  0,00 | 2,572 | 636,77 | 636,77 | 663,76 |  0,00 | 0,471 | 44,35 | 44,35 |  0,00 | 1,858 | 224,49 | 224,49 |  0,00 | 2,086 | 223,87 | 223,87 |  0,00 | 19,957 | 144,06 | 144,06 | 59,070 |   NaN | NaN | 0,00 | 0,00 | NaN
  27 |  0,00 | 9,784 | 634,73 | 634,73 | 656,86 |  0,00 | 0,397 | 44,35 | 44,35 |  0,00 | 0,419 | 222,82 | 222,82 |  0,00 | 0,645 | 223,51 | 223,51 |  0,00 | 125,729 | 144,06 | 144,06 | 379,447 |   NaN | NaN | 0,00 | 0,00 | NaN
  28 |  0,00 | 19,128 | 637,46 | 637,46 | 662,21 |  0,00 | 0,463 | 44,35 | 44,35 |  0,00 | 0,783 | 226,77 | 226,77 |  0,00 | 1,123 | 222,28 | 222,28 |  0,00 | 249,030 | 144,06 | 144,06 | 523,861 |   NaN | NaN | 0,00 | 0,00 | NaN
  29 |  0,00 | 18,794 | 639,54 | 639,54 | 662,17 |  0,00 | 0,442 | 44,35 | 44,35 |  0,00 | 0,810 | 227,10 | 227,10 |  0,00 | 1,228 | 224,03 | 224,03 |  0,00 | 244,769 | 144,06 | 144,06 | 532,270 |   NaN | NaN | 0,00 | 0,00 | NaN
  30 |  0,00 | 14,913 | 631,76 | 631,76 | 658,82 |  0,00 | 0,473 | 44,35 | 44,35 |  0,00 | 0,669 | 221,70 | 221,70 |  0,00 | 0,962 | 221,65 | 221,65 |  0,00 | 191,947 | 144,06 | 144,06 | 478,662 |   NaN | NaN | 0,00 | 0,00 | NaN
  31 |  0,00 | 19,114 | 637,12 | 637,12 | 659,61 |  0,00 | 0,440 | 44,35 | 44,35 |  0,00 | 0,773 | 224,95 | 224,95 |  0,00 | 1,234 | 223,76 | 223,76 |  0,00 | 248,635 | 144,06 | 144,06 | 521,838 |   NaN | NaN | 0,00 | 0,00 | NaN
  32 |  0,00 | 18,354 | 631,74 | 631,74 | 653,82 |  0,00 | 0,397 | 44,35 | 44,35 |  0,00 | 0,779 | 221,54 | 221,54 |  0,00 | 1,404 | 221,80 | 221,80 |  0,00 | 236,943 | 144,06 | 144,06 | 528,558 |   NaN | NaN | 0,00 | 0,00 | NaN
  33 |  0,00 | 16,711 | 634,09 | 634,09 | 658,58 |  0,00 | 0,462 | 44,35 | 44,35 |  0,00 | 0,642 | 221,60 | 221,60 |  0,00 | 1,076 | 224,08 | 224,08 |  0,00 | 216,318 | 144,06 | 144,06 | 508,758 |   NaN | NaN | 0,00 | 0,00 | NaN
  34 |  0,00 | 5,763 | 635,48 | 635,48 | 658,62 |  0,00 | 0,453 | 44,35 | 44,35 |  0,00 | 0,463 | 227,43 | 227,43 |  0,00 | 0,576 | 219,64 | 219,64 |  0,00 | 71,475 | 144,06 | 144,06 | 252,940 |   NaN | NaN | 0,00 | 0,00 | NaN
  35 |  0,00 | 4,088 | 641,14 | 641,14 | 663,28 |  0,00 | 0,403 | 44,35 | 44,35 |  0,00 | 0,407 | 226,47 | 226,47 |  0,00 | 0,624 | 226,26 | 226,26 |  0,00 | 49,566 | 144,06 | 144,06 | 147,256 |   NaN | NaN | 0,00 | 0,00 | NaN
  36 |  0,00 | 8,216 | 633,28 | 633,28 | 656,82 |  0,00 | 0,455 | 44,35 | 44,35 |  0,00 | 0,489 | 220,30 | 220,30 |  0,00 | 0,618 | 224,57 | 224,57 |  0,00 | 104,019 | 144,06 | 144,06 | 336,376 |   NaN | NaN | 0,00 | 0,00 | NaN
  37 |  0,00 | 18,188 | 640,55 | 640,55 | 663,02 |  0,00 | 0,438 | 44,35 | 44,35 |  0,00 | 0,757 | 228,24 | 228,24 |  0,00 | 1,277 | 223,91 | 223,91 |  0,00 | 236,843 | 144,06 | 144,06 | 528,426 |   NaN | NaN | 0,00 | 0,00 | NaN
  38 |  0,00 | 13,860 | 636,65 | 636,65 | 659,02 |  0,00 | 0,429 | 44,35 | 44,35 |  0,00 | 0,724 | 225,52 | 225,52 |  0,00 | 1,250 | 222,72 | 222,72 |  0,00 | 177,939 | 144,06 | 144,06 | 460,245 |   NaN | NaN | 0,00 | 0,00 | NaN
  39 |  0,00 | 16,995 | 632,94 | 632,94 | 659,86 |  0,00 | 0,473 | 44,35 | 44,35 |  0,00 | 0,672 | 222,77 | 222,77 |  0,00 | 0,972 | 221,75 | 221,75 |  0,00 | 220,028 | 144,06 | 144,06 | 513,106 |   NaN | NaN | 0,00 | 0,00 | NaN
  40 |  0,00 | 10,272 | 634,66 | 634,66 | 661,61 |  0,00 | 0,473 | 44,35 | 44,35 |  0,00 | 0,536 | 223,27 | 223,27 |  0,00 | 0,597 | 222,98 | 222,98 |  0,00 | 131,574 | 144,06 | 144,06 | 390,018 |   NaN | NaN | 0,00 | 0,00 | NaN
  41 |  0,00 | 18,943 | 643,75 | 643,75 | 667,39 |  0,00 | 0,456 | 44,35 | 44,35 |  0,00 | 0,711 | 226,87 | 226,87 |  0,00 | 0,838 | 228,47 | 228,47 |  0,00 | 249,101 | 144,06 | 144,06 | 530,576 |   NaN | NaN | 0,00 | 0,00 | NaN
  42 |  0,00 | 18,754 | 640,95 | 640,95 | 663,21 |  0,00 | 0,402 | 44,35 | 44,35 |  0,00 | 0,689 | 225,20 | 225,20 |  0,00 | 1,316 | 227,34 | 227,34 |  0,00 | 244,923 | 144,06 | 144,06 | 532,534 |   NaN | NaN | 0,00 | 0,00 | NaN
  43 |  0,00 | 16,999 | 636,47 | 636,47 | 662,53 |  0,00 | 0,480 | 44,35 | 44,35 |  0,00 | 0,697 | 223,81 | 223,81 |  0,00 | 1,121 | 224,25 | 224,25 |  0,00 | 220,320 | 144,06 | 144,06 | 513,377 |   NaN | NaN | 0,00 | 0,00 | NaN
  44 |  0,00 | 19,069 | 641,10 | 641,10 | 663,05 |  0,00 | 0,393 | 44,35 | 44,35 |  0,00 | 0,642 | 224,77 | 224,77 |  0,00 | 1,220 | 227,91 | 227,91 |  0,00 | 249,667 | 144,06 | 144,06 | 528,488 |   NaN | NaN | 0,00 | 0,00 | NaN
  45 |  0,00 | 18,949 | 639,88 | 639,88 | 667,80 |  0,00 | 0,476 | 44,35 | 44,35 |  0,00 | 0,960 | 229,14 | 229,14 |  0,00 | 1,260 | 222,33 | 222,33 |  0,00 | 246,198 | 144,06 | 144,06 | 532,747 |   NaN | NaN | 0,00 | 0,00 | NaN
  46 |  0,00 | 17,452 | 634,09 | 634,09 | 656,36 |  0,00 | 0,416 | 44,35 | 44,35 |  0,00 | 0,714 | 220,37 | 220,37 |  0,00 | 1,153 | 225,31 | 225,31 |  0,00 | 226,138 | 144,06 | 144,06 | 519,535 |   NaN | NaN | 0,00 | 0,00 | NaN
  47 |  0,00 | 18,979 | 633,30 | 633,30 | 655,60 |  0,00 | 0,413 | 44,35 | 44,35 |  0,00 | 0,527 | 223,75 | 223,75 |  0,00 | 1,025 | 221,15 | 221,15 |  0,00 | 247,398 | 144,06 | 144,06 | 517,865 |   NaN | NaN | 0,00 | 0,00 | NaN
  48 |  0,00 | 19,252 | 631,88 | 631,88 | 654,57 |  0,00 | 0,443 | 44,35 | 44,35 |  0,00 | 0,668 | 221,11 | 221,11 |  0,00 | 1,184 | 222,36 | 222,36 |  0,00 | 249,676 | 144,06 | 144,06 | 528,539 |   NaN | NaN | 0,00 | 0,00 | NaN
  49 |  0,00 | 19,132 | 633,54 | 633,54 | 657,19 |  0,00 | 0,455 | 44,35 | 44,35 |  0,00 | 0,731 | 222,18 | 222,18 |  0,00 | 1,417 | 222,96 | 222,96 |  0,00 | 247,486 | 144,06 | 144,06 | 517,919 |   NaN | NaN | 0,00 | 0,00 | NaN
  50 |  0,00 | 17,021 | 634,98 | 634,98 | 657,23 |  0,00 | 0,410 | 44,35 | 44,35 |  0,00 | 0,714 | 225,31 | 225,31 |  0,00 | 1,274 | 221,26 | 221,26 |  0,00 | 220,270 | 144,06 | 144,06 | 513,333 |   NaN | NaN | 0,00 | 0,00 | NaN
  51 |  0,00 | 19,173 | 635,34 | 635,34 | 657,59 |  0,00 | 0,408 | 44,35 | 44,35 |  0,00 | 0,744 | 223,15 | 223,15 |  0,00 | 1,388 | 223,78 | 223,78 |  0,00 | 248,847 | 144,06 | 144,06 | 530,911 |   NaN | NaN | 0,00 | 0,00 | NaN
  52 |  0,00 | 19,017 | 638,22 | 638,22 | 660,68 |  0,00 | 0,434 | 44,35 | 44,35 |  0,00 | 0,727 | 222,28 | 222,28 |  0,00 | 1,244 | 227,53 | 227,53 |  0,00 | 247,684 | 144,06 | 144,06 | 532,080 |   NaN | NaN | 0,00 | 0,00 | NaN
  53 |  0,00 | 17,892 | 639,98 | 639,98 | 662,30 |  0,00 | 0,421 | 44,35 | 44,35 |  0,00 | 0,605 | 224,80 | 224,80 |  0,00 | 0,950 | 226,77 | 226,77 |  0,00 | 234,197 | 144,06 | 144,06 | 526,402 |   NaN | NaN | 0,00 | 0,00 | NaN
  54 |  0,00 | 19,018 | 632,06 | 632,06 | 654,36 |  0,00 | 0,424 | 44,35 | 44,35 |  0,00 | 0,743 | 224,06 | 224,06 |  0,00 | 1,327 | 219,59 | 219,59 |  0,00 | 246,036 | 144,06 | 144,06 | 532,518 |   NaN | NaN | 0,00 | 0,00 | NaN
  55 |  0,00 | 13,706 | 637,44 | 637,44 | 659,69 |  0,00 | 0,409 | 44,35 | 44,35 |  0,00 | 0,602 | 222,93 | 222,93 |  0,00 | 0,942 | 226,10 | 226,10 |  0,00 | 177,405 | 144,06 | 144,06 | 459,421 |   NaN | NaN | 0,00 | 0,00 | NaN
  56 |  0,00 | 19,277 | 634,33 | 634,33 | 656,61 |  0,00 | 0,414 | 44,35 | 44,35 |  0,00 | 0,748 | 225,28 | 225,28 |  0,00 | 1,567 | 220,64 | 220,64 |  0,00 | 249,448 | 144,06 | 144,06 | 529,418 |   NaN | NaN | 0,00 | 0,00 | NaN
  57 |  0,00 | 19,119 | 636,48 | 636,48 | 658,79 |  0,00 | 0,412 | 44,35 | 44,35 |  0,00 | 0,696 | 222,83 | 222,83 |  0,00 | 1,310 | 225,24 | 225,24 |  0,00 | 248,724 | 144,06 | 144,06 | 521,915 |   NaN | NaN | 0,00 | 0,00 | NaN
  58 |  0,00 | 19,160 | 639,81 | 639,81 | 662,41 |  0,00 | 0,440 | 44,35 | 44,35 |  0,00 | 0,820 | 225,78 | 225,78 |  0,00 | 1,438 | 225,63 | 225,63 |  0,00 | 249,139 | 144,06 | 144,06 | 523,857 |   NaN | NaN | 0,00 | 0,00 | NaN
  59 |  0,00 | 6,586 | 637,37 | 637,37 | 661,43 |  0,00 | 0,460 | 44,35 | 44,35 |  0,00 | 0,496 | 223,66 | 223,66 |  0,00 | 0,638 | 225,31 | 225,31 |  0,00 | 82,354 | 144,06 | 144,06 | 285,578 |   NaN | NaN | 0,00 | 0,00 | NaN
  60 |  0,00 | 19,098 | 637,78 | 637,78 | 659,84 |  0,00 | 0,395 | 44,35 | 44,35 |  0,00 | 0,778 | 225,58 | 225,58 |  0,00 | 1,125 | 223,79 | 223,79 |  0,00 | 249,162 | 144,06 | 144,06 | 530,457 |   NaN | NaN | 0,00 | 0,00 | NaN
  61 |  0,00 | 17,737 | 640,37 | 640,37 | 662,69 |  0,00 | 0,417 | 44,35 | 44,35 |  0,00 | 0,715 | 227,19 | 227,19 |  0,00 | 1,246 | 224,77 | 224,77 |  0,00 | 231,061 | 144,06 | 144,06 | 523,994 |   NaN | NaN | 0,00 | 0,00 | NaN
  62 |  0,00 | 19,220 | 638,58 | 638,58 | 667,00 |  0,00 | 0,478 | 44,35 | 44,35 |  0,00 | 0,831 | 225,19 | 225,19 |  0,00 | 1,325 | 224,98 | 224,98 |  0,00 | 249,677 | 144,06 | 144,06 | 528,460 |   NaN | NaN | 0,00 | 0,00 | NaN
  63 |  0,00 | 14,711 | 642,38 | 642,38 | 664,80 |  0,00 | 0,434 | 44,35 | 44,35 |  0,00 | 0,562 | 228,15 | 228,15 |  0,00 | 0,899 | 225,82 | 225,82 |  0,00 | 191,943 | 144,06 | 144,06 | 478,497 |   NaN | NaN | 0,00 | 0,00 | NaN
  64 |  0,00 | 18,977 | 634,23 | 634,23 | 662,44 |  0,00 | 0,477 | 44,35 | 44,35 |  0,00 | 0,682 | 225,42 | 225,42 |  0,00 | 1,241 | 220,40 | 220,40 |  0,00 | 246,103 | 144,06 | 144,06 | 532,604 |   NaN | NaN | 0,00 | 0,00 | NaN

= = = = = = = = = = = = AVERAGE RESULTS system = = = = = = = = = = = =
meanPLR_system | 0,000000 
meanDelay_system | 13,481453 
meanLoad_system | 637,654708 
meanTHR_system | 637,654708 
meanGate_system | 661,355121 

meanPLR_EF_system | 0,000000 
meanPLR_AF_system | 0,000000 
meanPLR_BE_system | 0,000000 
meanPLR_FLA_system | 0,000000 
meanPLR_FLB_system | NaN 

meanTHR_EF_system | 44,352003 
meanTHR_AF_system | 224,812827 
meanTHR_BE_system | 224,433480 
meanTHR_FLA_system | 148,525838 
meanTHR_FLB_system | 0,000000 

meanLoad_EF_system | 44,352003 
meanLoad_AF_system | 224,812827 
meanLoad_BE_system | 224,433480 
meanLoad_FLA_system | 148,525838 
meanLoad_FLB_system | 0,000000 

meanDELAY_EF_system | 0,438627 
meanDELAY_AF_system | 0,816592 
meanDELAY_BE_system | 1,978678 
meanDELAY_FLA_system | 170,463691 
meanDELAY_FLB_system | NaN 
meanDELAY_CompleteFLA_system | 381,453437 
meanDELAY_CompleteFLB_system | NaN 

= = = = = = = = = = = = AVERAGE RESULTS = = = = = = = = = = = =
Packet Loss Ratio: 00,00 (%)
PROCESSED PACKAGES: 1032049347 
DISCARTED PACKAGES: 0 
TOTAL PACKAGES: 1032049347 
AVERAGE DELAY: 2179,96 (ms) 
AVERAGE THROUGHPUT: 637,65 (Mbps) 
GRANTED THROUGHPUT: 42326,73 (Mbps) By 64 ONUs
EFFECTIVE THROUGHPUT: 40809,90 (Mbps) By 64 ONUs
TOTAL LOAD: 40809,90 (Mbps) By 64 ONUs
ON Arrival THROUGHPUT: 0,00 (Mbps) By 64 ONUs
FINISHTIMEFL: 96,694287 
FINISHTIME: 99,694287 


fileName | IPACT_LBCONSTANTTOKENSBYCYCLE_1_68_60_0 
