
ONU ID 	|  PLR(%) | Delay(ms) | Throughput(Mbps) | Granted Throughput(Mbps) | Total Load (Mbps) 

  ID |  PLR(%) |  D  | Thr |  Gates  |  Load  | PLR-EF | D-EF | ThrEF | LoadEF | PLR-AF | D-AF | ThrAF | LoadAF | PLR-BE | D-BE | ThrBE | LoadBE | PLR-FA | D-FA | ThrFA | LoadFA | DTFA |  PLR-FB | D-FB | ThrFB | LoadFB | DTFB | 
   1 |  0,00 | 0,325 | 493,23 | 493,23 | 537,41 |  0,00 | 0,125 | 44,35 | 44,35 |  0,00 | 0,227 | 209,15 | 209,15 |  0,00 | 0,320 | 203,58 | 203,58 |  0,00 | 6,695 | 36,15 | 36,15 | 34,397 |   NaN | NaN | 0,00 | 0,00 | NaN
   2 |  0,00 | 1,673 | 495,10 | 495,10 | 544,40 |  0,00 | 0,137 | 44,35 | 44,35 |  0,00 | 0,144 | 208,94 | 208,94 |  0,00 | 0,198 | 205,66 | 205,66 |  0,00 | 74,508 | 36,15 | 36,15 | 169,998 |   NaN | NaN | 0,00 | 0,00 | NaN
   3 |  0,00 | 1,541 | 491,10 | 491,10 | 530,39 |  0,00 | 0,074 | 44,35 | 44,35 |  0,00 | 0,081 | 205,66 | 205,66 |  0,00 | 0,273 | 204,93 | 204,93 |  0,00 | 69,293 | 36,15 | 36,15 | 159,024 |   NaN | NaN | 0,00 | 0,00 | NaN
   4 |  0,00 | 0,299 | 496,24 | 496,24 | 535,43 |  0,00 | 0,079 | 44,35 | 44,35 |  0,00 | 0,194 | 209,25 | 209,25 |  0,00 | 0,375 | 206,49 | 206,49 |  0,00 | 6,400 | 36,15 | 36,15 | 33,791 |   NaN | NaN | 0,00 | 0,00 | NaN
   5 |  0,00 | 2,361 | 492,08 | 492,08 | 532,36 |  0,00 | 0,105 | 44,35 | 44,35 |  0,00 | 0,108 | 206,14 | 206,14 |  0,00 | 0,235 | 205,44 | 205,44 |  0,00 | 108,643 | 36,15 | 36,15 | 238,279 |   NaN | NaN | 0,00 | 0,00 | NaN
   6 |  0,00 | 1,925 | 495,06 | 495,06 | 533,21 |  0,00 | 0,057 | 44,35 | 44,35 |  0,00 | 0,065 | 207,64 | 207,64 |  0,00 | 0,302 | 206,91 | 206,91 |  0,00 | 88,686 | 36,15 | 36,15 | 198,464 |   NaN | NaN | 0,00 | 0,00 | NaN
   7 |  0,00 | 0,566 | 493,93 | 493,93 | 533,27 |  0,00 | 0,072 | 44,35 | 44,35 |  0,00 | 0,078 | 207,20 | 207,20 |  0,00 | 0,275 | 206,23 | 206,23 |  0,00 | 21,972 | 36,15 | 36,15 | 65,122 |   NaN | NaN | 0,00 | 0,00 | NaN
   8 |  0,00 | 1,717 | 493,79 | 493,79 | 537,21 |  0,00 | 0,122 | 44,35 | 44,35 |  0,00 | 0,128 | 205,83 | 205,83 |  0,00 | 0,218 | 207,46 | 207,46 |  0,00 | 76,933 | 36,15 | 36,15 | 175,258 |   NaN | NaN | 0,00 | 0,00 | NaN
   9 |  0,00 | 1,009 | 495,06 | 495,06 | 534,19 |  0,00 | 0,062 | 44,35 | 44,35 |  0,00 | 0,067 | 206,92 | 206,92 |  0,00 | 0,287 | 207,64 | 207,64 |  0,00 | 43,870 | 36,15 | 36,15 | 108,741 |   NaN | NaN | 0,00 | 0,00 | NaN
  10 |  0,00 | 0,332 | 492,47 | 492,47 | 535,87 |  0,00 | 0,123 | 44,35 | 44,35 |  0,00 | 0,243 | 206,45 | 206,45 |  0,00 | 0,339 | 205,52 | 205,52 |  0,00 | 6,716 | 36,15 | 36,15 | 34,381 |   NaN | NaN | 0,00 | 0,00 | NaN
  11 |  0,00 | 4,579 | 491,39 | 491,39 | 530,62 |  0,00 | 0,063 | 44,35 | 44,35 |  0,00 | 0,078 | 204,10 | 204,10 |  0,00 | 0,291 | 206,79 | 206,79 |  0,00 | 217,405 | 36,15 | 36,15 | 472,444 |   NaN | NaN | 0,00 | 0,00 | NaN
  12 |  0,00 | 1,971 | 493,10 | 493,10 | 537,27 |  0,00 | 0,124 | 44,35 | 44,35 |  0,00 | 0,130 | 206,24 | 206,24 |  0,00 | 0,211 | 206,36 | 206,36 |  0,00 | 89,252 | 36,15 | 36,15 | 199,916 |   NaN | NaN | 0,00 | 0,00 | NaN
  13 |  0,00 | 1,639 | 489,11 | 489,11 | 528,63 |  0,00 | 0,089 | 44,35 | 44,35 |  0,00 | 0,094 | 205,32 | 205,32 |  0,00 | 0,254 | 203,28 | 203,28 |  0,00 | 73,607 | 36,15 | 36,15 | 168,055 |   NaN | NaN | 0,00 | 0,00 | NaN
  14 |  0,00 | 2,335 | 494,26 | 494,26 | 540,47 |  0,00 | 0,130 | 44,35 | 44,35 |  0,00 | 0,135 | 206,87 | 206,87 |  0,00 | 0,207 | 206,89 | 206,89 |  0,00 | 106,975 | 36,15 | 36,15 | 234,844 |   NaN | NaN | 0,00 | 0,00 | NaN
  15 |  0,00 | 0,619 | 491,06 | 491,06 | 535,25 |  0,00 | 0,124 | 44,35 | 44,35 |  0,00 | 0,127 | 202,95 | 202,95 |  0,00 | 0,214 | 207,60 | 207,60 |  0,00 | 23,234 | 36,15 | 36,15 | 67,819 |   NaN | NaN | 0,00 | 0,00 | NaN
  16 |  0,00 | 1,278 | 498,12 | 498,12 | 539,96 |  0,00 | 0,116 | 44,35 | 44,35 |  0,00 | 0,122 | 207,18 | 207,18 |  0,00 | 0,221 | 210,44 | 210,44 |  0,00 | 55,909 | 36,15 | 36,15 | 132,927 |   NaN | NaN | 0,00 | 0,00 | NaN
  17 |  0,00 | 1,208 | 495,21 | 495,21 | 540,73 |  0,00 | 0,129 | 44,35 | 44,35 |  0,00 | 0,132 | 208,09 | 208,09 |  0,00 | 0,206 | 206,62 | 206,62 |  0,00 | 52,060 | 36,15 | 36,15 | 124,940 |   NaN | NaN | 0,00 | 0,00 | NaN
  18 |  0,00 | 3,847 | 491,32 | 491,32 | 531,57 |  0,00 | 0,105 | 44,35 | 44,35 |  0,00 | 0,111 | 205,33 | 205,33 |  0,00 | 0,237 | 205,49 | 205,49 |  0,00 | 180,859 | 36,15 | 36,15 | 398,865 |   NaN | NaN | 0,00 | 0,00 | NaN
  19 |  0,00 | 3,109 | 487,60 | 487,60 | 527,38 |  0,00 | 0,096 | 44,35 | 44,35 |  0,00 | 0,101 | 202,75 | 202,75 |  0,00 | 0,246 | 204,35 | 204,35 |  0,00 | 144,597 | 36,15 | 36,15 | 301,496 |   NaN | NaN | 0,00 | 0,00 | NaN
  20 |  0,00 | 4,350 | 490,37 | 490,37 | 529,98 |  0,00 | 0,092 | 44,35 | 44,35 |  0,00 | 0,104 | 206,83 | 206,83 |  0,00 | 0,260 | 203,04 | 203,04 |  0,00 | 205,340 | 36,15 | 36,15 | 465,350 |   NaN | NaN | 0,00 | 0,00 | NaN
  21 |  0,00 | 0,376 | 486,23 | 486,23 | 525,87 |  0,00 | 0,096 | 44,35 | 44,35 |  0,00 | 0,102 | 203,50 | 203,50 |  0,00 | 0,254 | 202,22 | 202,22 |  0,00 | 11,947 | 36,15 | 36,15 | 44,906 |   NaN | NaN | 0,00 | 0,00 | NaN
  22 |  0,00 | 2,474 | 496,18 | 496,18 | 544,33 |  0,00 | 0,135 | 44,35 | 44,35 |  0,00 | 0,138 | 210,25 | 210,25 |  0,00 | 0,203 | 205,42 | 205,42 |  0,00 | 113,872 | 36,15 | 36,15 | 248,945 |   NaN | NaN | 0,00 | 0,00 | NaN
  23 |  0,00 | 4,652 | 492,88 | 492,88 | 534,97 |  0,00 | 0,117 | 44,35 | 44,35 |  0,00 | 0,152 | 206,20 | 206,20 |  0,00 | 0,231 | 206,18 | 206,18 |  0,00 | 219,765 | 36,15 | 36,15 | 424,847 |   NaN | NaN | 0,00 | 0,00 | NaN
  24 |  0,00 | 1,647 | 495,62 | 495,62 | 535,01 |  0,00 | 0,079 | 44,35 | 44,35 |  0,00 | 0,084 | 206,47 | 206,47 |  0,00 | 0,265 | 208,64 | 208,64 |  0,00 | 74,748 | 36,15 | 36,15 | 170,541 |   NaN | NaN | 0,00 | 0,00 | NaN
  25 |  0,00 | 0,740 | 496,19 | 496,19 | 544,93 |  0,00 | 0,136 | 44,35 | 44,35 |  0,00 | 0,141 | 205,76 | 205,76 |  0,00 | 0,200 | 209,93 | 209,93 |  0,00 | 28,970 | 36,15 | 36,15 | 79,056 |   NaN | NaN | 0,00 | 0,00 | NaN
  26 |  0,00 | 0,586 | 491,24 | 491,24 | 538,32 |  0,00 | 0,132 | 44,35 | 44,35 |  0,00 | 0,141 | 205,91 | 205,91 |  0,00 | 0,208 | 204,83 | 204,83 |  0,00 | 21,343 | 36,15 | 36,15 | 63,289 |   NaN | NaN | 0,00 | 0,00 | NaN
  27 |  0,00 | 3,846 | 491,44 | 491,44 | 530,36 |  0,00 | 0,060 | 44,35 | 44,35 |  0,00 | 0,069 | 207,28 | 207,28 |  0,00 | 0,293 | 203,65 | 203,65 |  0,00 | 181,895 | 36,15 | 36,15 | 395,171 |   NaN | NaN | 0,00 | 0,00 | NaN
  28 |  0,00 | 4,756 | 488,95 | 488,95 | 533,30 |  0,00 | 0,125 | 44,35 | 44,35 |  0,00 | 0,157 | 206,41 | 206,41 |  0,00 | 0,266 | 202,03 | 202,03 |  0,00 | 223,259 | 36,15 | 36,15 | 433,013 |   NaN | NaN | 0,00 | 0,00 | NaN
  29 |  0,00 | 4,739 | 494,52 | 494,52 | 534,72 |  0,00 | 0,105 | 44,35 | 44,35 |  0,00 | 0,113 | 206,94 | 206,94 |  0,00 | 0,240 | 207,07 | 207,07 |  0,00 | 225,025 | 36,15 | 36,15 | 469,885 |   NaN | NaN | 0,00 | 0,00 | NaN
  30 |  0,00 | 4,002 | 491,43 | 491,43 | 539,74 |  0,00 | 0,135 | 44,35 | 44,35 |  0,00 | 0,142 | 205,18 | 205,18 |  0,00 | 0,204 | 205,74 | 205,74 |  0,00 | 187,657 | 36,15 | 36,15 | 431,367 |   NaN | NaN | 0,00 | 0,00 | NaN
  31 |  0,00 | 4,733 | 491,04 | 491,04 | 531,03 |  0,00 | 0,102 | 44,35 | 44,35 |  0,00 | 0,153 | 206,73 | 206,73 |  0,00 | 0,258 | 203,81 | 203,81 |  0,00 | 223,374 | 36,15 | 36,15 | 431,774 |   NaN | NaN | 0,00 | 0,00 | NaN
  32 |  0,00 | 4,532 | 494,40 | 494,40 | 533,30 |  0,00 | 0,060 | 44,35 | 44,35 |  0,00 | 0,080 | 206,41 | 206,41 |  0,00 | 0,309 | 207,48 | 207,48 |  0,00 | 215,671 | 36,15 | 36,15 | 472,300 |   NaN | NaN | 0,00 | 0,00 | NaN
  33 |  0,00 | 4,229 | 491,41 | 491,41 | 535,25 |  0,00 | 0,124 | 44,35 | 44,35 |  0,00 | 0,147 | 205,23 | 205,23 |  0,00 | 0,228 | 205,68 | 205,68 |  0,00 | 198,729 | 36,15 | 36,15 | 456,219 |   NaN | NaN | 0,00 | 0,00 | NaN
  34 |  0,00 | 3,902 | 491,52 | 491,52 | 533,17 |  0,00 | 0,115 | 44,35 | 44,35 |  0,00 | 0,121 | 206,33 | 206,33 |  0,00 | 0,225 | 204,69 | 204,69 |  0,00 | 183,374 | 36,15 | 36,15 | 391,300 |   NaN | NaN | 0,00 | 0,00 | NaN
  35 |  0,00 | 3,977 | 496,45 | 496,45 | 535,68 |  0,00 | 0,064 | 44,35 | 44,35 |  0,00 | 0,070 | 207,76 | 207,76 |  0,00 | 0,281 | 208,19 | 208,19 |  0,00 | 189,293 | 36,15 | 36,15 | 400,593 |   NaN | NaN | 0,00 | 0,00 | NaN
  36 |  0,00 | 3,860 | 491,66 | 491,66 | 533,90 |  0,00 | 0,117 | 44,35 | 44,35 |  0,00 | 0,129 | 203,61 | 203,61 |  0,00 | 0,222 | 207,56 | 207,56 |  0,00 | 181,208 | 36,15 | 36,15 | 390,452 |   NaN | NaN | 0,00 | 0,00 | NaN
  37 |  0,00 | 4,541 | 496,19 | 496,19 | 536,01 |  0,00 | 0,100 | 44,35 | 44,35 |  0,00 | 0,117 | 209,14 | 209,14 |  0,00 | 0,244 | 206,54 | 206,54 |  0,00 | 215,771 | 36,15 | 36,15 | 472,536 |   NaN | NaN | 0,00 | 0,00 | NaN
  38 |  0,00 | 3,908 | 495,20 | 495,20 | 534,74 |  0,00 | 0,091 | 44,35 | 44,35 |  0,00 | 0,094 | 207,51 | 207,51 |  0,00 | 0,249 | 207,18 | 207,18 |  0,00 | 184,988 | 36,15 | 36,15 | 419,327 |   NaN | NaN | 0,00 | 0,00 | NaN
  39 |  0,00 | 4,309 | 486,02 | 486,02 | 534,18 |  0,00 | 0,135 | 44,35 | 44,35 |  0,00 | 0,137 | 203,64 | 203,64 |  0,00 | 0,212 | 201,87 | 201,87 |  0,00 | 201,445 | 36,15 | 36,15 | 460,729 |   NaN | NaN | 0,00 | 0,00 | NaN
  40 |  0,00 | 3,873 | 488,76 | 488,76 | 536,90 |  0,00 | 0,135 | 44,35 | 44,35 |  0,00 | 0,140 | 206,03 | 206,03 |  0,00 | 0,208 | 202,22 | 202,22 |  0,00 | 180,894 | 36,15 | 36,15 | 394,121 |   NaN | NaN | 0,00 | 0,00 | NaN
  41 |  0,00 | 4,825 | 495,26 | 495,26 | 537,65 |  0,00 | 0,118 | 44,35 | 44,35 |  0,00 | 0,139 | 204,53 | 204,53 |  0,00 | 0,243 | 210,23 | 210,23 |  0,00 | 228,769 | 36,15 | 36,15 | 456,761 |   NaN | NaN | 0,00 | 0,00 | NaN
  42 |  0,00 | 4,703 | 496,79 | 496,79 | 536,02 |  0,00 | 0,064 | 44,35 | 44,35 |  0,00 | 0,074 | 207,93 | 207,93 |  0,00 | 0,286 | 208,36 | 208,36 |  0,00 | 224,787 | 36,15 | 36,15 | 469,862 |   NaN | NaN | 0,00 | 0,00 | NaN
  43 |  0,00 | 4,240 | 498,89 | 498,89 | 545,18 |  0,00 | 0,142 | 44,35 | 44,35 |  0,00 | 0,149 | 209,74 | 209,74 |  0,00 | 0,202 | 208,64 | 208,64 |  0,00 | 200,615 | 36,15 | 36,15 | 459,573 |   NaN | NaN | 0,00 | 0,00 | NaN
  44 |  0,00 | 4,808 | 494,91 | 494,91 | 533,23 |  0,00 | 0,057 | 44,35 | 44,35 |  0,00 | 0,124 | 205,78 | 205,78 |  0,00 | 0,339 | 208,63 | 208,63 |  0,00 | 228,559 | 36,15 | 36,15 | 450,991 |   NaN | NaN | 0,00 | 0,00 | NaN
  45 |  0,00 | 4,799 | 492,03 | 492,03 | 541,96 |  0,00 | 0,138 | 44,35 | 44,35 |  0,00 | 0,152 | 208,37 | 208,37 |  0,00 | 0,216 | 203,16 | 203,16 |  0,00 | 226,365 | 36,15 | 36,15 | 466,962 |   NaN | NaN | 0,00 | 0,00 | NaN
  46 |  0,00 | 4,363 | 492,24 | 492,24 | 531,58 |  0,00 | 0,078 | 44,35 | 44,35 |  0,00 | 0,089 | 204,72 | 204,72 |  0,00 | 0,274 | 207,02 | 207,02 |  0,00 | 206,745 | 36,15 | 36,15 | 466,206 |   NaN | NaN | 0,00 | 0,00 | NaN
  47 |  0,00 | 4,569 | 491,73 | 491,73 | 531,12 |  0,00 | 0,075 | 44,35 | 44,35 |  0,00 | 0,107 | 207,08 | 207,08 |  0,00 | 0,282 | 204,14 | 204,14 |  0,00 | 216,442 | 36,15 | 36,15 | 417,085 |   NaN | NaN | 0,00 | 0,00 | NaN
  48 |  0,00 | 4,806 | 490,89 | 490,89 | 531,17 |  0,00 | 0,105 | 44,35 | 44,35 |  0,00 | 0,117 | 205,01 | 205,01 |  0,00 | 0,263 | 205,37 | 205,37 |  0,00 | 227,169 | 36,15 | 36,15 | 447,613 |   NaN | NaN | 0,00 | 0,00 | NaN
  49 |  0,00 | 4,624 | 491,33 | 491,33 | 533,55 |  0,00 | 0,117 | 44,35 | 44,35 |  0,00 | 0,138 | 206,51 | 206,51 |  0,00 | 0,256 | 204,32 | 204,32 |  0,00 | 217,869 | 36,15 | 36,15 | 419,735 |   NaN | NaN | 0,00 | 0,00 | NaN
  50 |  0,00 | 4,289 | 494,34 | 494,34 | 533,68 |  0,00 | 0,072 | 44,35 | 44,35 |  0,00 | 0,079 | 208,04 | 208,04 |  0,00 | 0,275 | 205,79 | 205,79 |  0,00 | 203,887 | 36,15 | 36,15 | 462,225 |   NaN | NaN | 0,00 | 0,00 | NaN
  51 |  0,00 | 4,801 | 493,17 | 493,17 | 532,49 |  0,00 | 0,070 | 44,35 | 44,35 |  0,00 | 0,122 | 205,79 | 205,79 |  0,00 | 0,294 | 206,87 | 206,87 |  0,00 | 227,994 | 36,15 | 36,15 | 454,542 |   NaN | NaN | 0,00 | 0,00 | NaN
  52 |  0,00 | 4,807 | 493,05 | 493,05 | 532,83 |  0,00 | 0,096 | 44,35 | 44,35 |  0,00 | 0,126 | 203,77 | 203,77 |  0,00 | 0,275 | 208,78 | 208,78 |  0,00 | 227,682 | 36,15 | 36,15 | 464,389 |   NaN | NaN | 0,00 | 0,00 | NaN
  53 |  0,00 | 4,491 | 493,74 | 493,74 | 533,18 |  0,00 | 0,083 | 44,35 | 44,35 |  0,00 | 0,099 | 207,50 | 207,50 |  0,00 | 0,261 | 205,74 | 205,74 |  0,00 | 213,206 | 36,15 | 36,15 | 471,158 |   NaN | NaN | 0,00 | 0,00 | NaN
  54 |  0,00 | 4,773 | 489,52 | 489,52 | 528,96 |  0,00 | 0,086 | 44,35 | 44,35 |  0,00 | 0,103 | 206,18 | 206,18 |  0,00 | 0,270 | 202,84 | 202,84 |  0,00 | 225,809 | 36,15 | 36,15 | 468,015 |   NaN | NaN | 0,00 | 0,00 | NaN
  55 |  0,00 | 3,886 | 490,79 | 490,79 | 530,16 |  0,00 | 0,071 | 44,35 | 44,35 |  0,00 | 0,077 | 204,19 | 204,19 |  0,00 | 0,274 | 206,09 | 206,09 |  0,00 | 183,534 | 36,15 | 36,15 | 415,261 |   NaN | NaN | 0,00 | 0,00 | NaN
  56 |  0,00 | 4,829 | 490,09 | 490,09 | 529,51 |  0,00 | 0,076 | 44,35 | 44,35 |  0,00 | 0,101 | 204,68 | 204,68 |  0,00 | 0,295 | 204,91 | 204,91 |  0,00 | 228,648 | 36,15 | 36,15 | 453,838 |   NaN | NaN | 0,00 | 0,00 | NaN
  57 |  0,00 | 4,702 | 492,58 | 492,58 | 531,94 |  0,00 | 0,074 | 44,35 | 44,35 |  0,00 | 0,089 | 205,67 | 205,67 |  0,00 | 0,297 | 206,41 | 206,41 |  0,00 | 223,255 | 36,15 | 36,15 | 431,639 |   NaN | NaN | 0,00 | 0,00 | NaN
  58 |  0,00 | 4,749 | 493,35 | 493,35 | 533,40 |  0,00 | 0,102 | 44,35 | 44,35 |  0,00 | 0,166 | 206,51 | 206,51 |  0,00 | 0,285 | 206,34 | 206,34 |  0,00 | 224,270 | 36,15 | 36,15 | 434,834 |   NaN | NaN | 0,00 | 0,00 | NaN
  59 |  0,00 | 3,872 | 496,24 | 496,24 | 539,48 |  0,00 | 0,122 | 44,35 | 44,35 |  0,00 | 0,124 | 206,01 | 206,01 |  0,00 | 0,215 | 209,73 | 209,73 |  0,00 | 182,699 | 36,15 | 36,15 | 390,624 |   NaN | NaN | 0,00 | 0,00 | NaN
  60 |  0,00 | 4,821 | 492,74 | 492,74 | 531,36 |  0,00 | 0,058 | 44,35 | 44,35 |  0,00 | 0,103 | 206,07 | 206,07 |  0,00 | 0,321 | 206,17 | 206,17 |  0,00 | 229,079 | 36,15 | 36,15 | 457,235 |   NaN | NaN | 0,00 | 0,00 | NaN
  61 |  0,00 | 4,417 | 495,50 | 495,50 | 534,91 |  0,00 | 0,079 | 44,35 | 44,35 |  0,00 | 0,092 | 207,55 | 207,55 |  0,00 | 0,273 | 207,45 | 207,45 |  0,00 | 210,107 | 36,15 | 36,15 | 469,603 |   NaN | NaN | 0,00 | 0,00 | NaN
  62 |  0,00 | 4,816 | 495,46 | 495,46 | 546,07 |  0,00 | 0,140 | 44,35 | 44,35 |  0,00 | 0,175 | 207,93 | 207,93 |  0,00 | 0,208 | 207,03 | 207,03 |  0,00 | 227,774 | 36,15 | 36,15 | 448,749 |   NaN | NaN | 0,00 | 0,00 | NaN
  63 |  0,00 | 4,006 | 493,47 | 493,47 | 533,16 |  0,00 | 0,096 | 44,35 | 44,35 |  0,00 | 0,104 | 207,41 | 207,41 |  0,00 | 0,248 | 205,56 | 205,56 |  0,00 | 189,248 | 36,15 | 36,15 | 434,926 |   NaN | NaN | 0,00 | 0,00 | NaN
  64 |  0,00 | 4,810 | 490,25 | 490,25 | 540,59 |  0,00 | 0,139 | 44,35 | 44,35 |  0,00 | 0,160 | 205,21 | 205,21 |  0,00 | 0,218 | 204,55 | 204,55 |  0,00 | 226,337 | 36,15 | 36,15 | 469,336 |   NaN | NaN | 0,00 | 0,00 | NaN

= = = = = = = = = = = = AVERAGE RESULTS system = = = = = = = = = = = =
meanPLR_system | 0,000000 
meanDelay_system | 3,377729 
meanLoad_system | 492,895108 
meanTHR_system | 492,895108 
meanGate_system | 534,914054 

meanPLR_EF_system | 0,000000 
meanPLR_AF_system | 0,000000 
meanPLR_BE_system | 0,000000 
meanPLR_FLA_system | 0,000000 
meanPLR_FLB_system | NaN 

meanTHR_EF_system | 44,352003 
meanTHR_AF_system | 206,364271 
meanTHR_BE_system | 206,027484 
meanTHR_FLA_system | 36,780933 
meanTHR_FLB_system | 0,000000 

meanLoad_EF_system | 44,352003 
meanLoad_AF_system | 206,364271 
meanLoad_BE_system | 206,027484 
meanLoad_FLA_system | 36,780933 
meanLoad_FLB_system | 0,000000 

meanDELAY_EF_system | 0,100691 
meanDELAY_AF_system | 0,120358 
meanDELAY_BE_system | 0,255315 
meanDELAY_FLA_system | 158,078623 
meanDELAY_FLB_system | NaN 
meanDELAY_CompleteFLA_system | 337,744439 
meanDELAY_CompleteFLB_system | NaN 

= = = = = = = = = = = = AVERAGE RESULTS = = = = = = = = = = = =
Packet Loss Ratio: 00,00 (%)
PROCESSED PACKAGES: 1648564490 
DISCARTED PACKAGES: 0 
TOTAL PACKAGES: 1648564490 
AVERAGE DELAY: 496,37 (ms) 
AVERAGE THROUGHPUT: 492,90 (Mbps) 
GRANTED THROUGHPUT: 34234,50 (Mbps) By 64 ONUs
EFFECTIVE THROUGHPUT: 31545,29 (Mbps) By 64 ONUs
TOTAL LOAD: 31545,29 (Mbps) By 64 ONUs
ON Arrival THROUGHPUT: 0,00 (Mbps) By 64 ONUs
FINISHTIMEFL: 172,263168 
FINISHTIME: 175,263168 


fileName | IPACT_LBCONSTANTTOKENSBYCYCLE_4_30_55_0 
