
ONU ID 	|  PLR(%) | Delay(ms) | Throughput(Mbps) | Granted Throughput(Mbps) | Total Load (Mbps) 

  ID |  PLR(%) |  D  | Thr |  Gates  |  Load  | PLR-EF | D-EF | ThrEF | LoadEF | PLR-AF | D-AF | ThrAF | LoadAF | PLR-BE | D-BE | ThrBE | LoadBE | PLR-FA | D-FA | ThrFA | LoadFA | DTFA |  PLR-FB | D-FB | ThrFB | LoadFB | DTFB | 
   1 |  5,63 | 282,727 | 754,07 | 799,08 | 758,49 |  0,00 | 1,498 | 44,35 | 44,35 |  0,00 | 1,417 | 364,81 | 364,81 | 12,60 | 1063,264 | 312,09 | 357,10 |  0,00 | 318,813 | 32,82 | 32,82 | 631,577 |   NaN | NaN | 0,00 | 0,00 | NaN
   2 |  5,82 | 275,992 | 753,56 | 800,10 | 757,99 |  0,00 | 1,640 | 44,35 | 44,35 |  0,00 | 1,444 | 364,24 | 364,24 | 12,98 | 1037,376 | 312,14 | 358,68 |  0,00 | 306,269 | 32,82 | 32,82 | 605,923 |   NaN | NaN | 0,00 | 0,00 | NaN
   3 |  4,90 | 264,273 | 754,72 | 793,58 | 759,12 |  0,00 | 1,372 | 44,35 | 44,35 |  0,00 | 1,365 | 357,16 | 357,16 | 10,82 | 969,448 | 320,39 | 359,24 |  0,00 | 287,167 | 32,82 | 32,82 | 581,027 |   NaN | NaN | 0,00 | 0,00 | NaN
   4 |  5,76 | 283,245 | 754,82 | 800,97 | 759,20 |  0,00 | 1,476 | 44,35 | 44,35 |  0,00 | 1,374 | 363,28 | 363,28 | 12,80 | 1060,174 | 314,37 | 360,52 |  0,00 | 286,446 | 32,82 | 32,82 | 588,609 |   NaN | NaN | 0,00 | 0,00 | NaN
   5 |  4,98 | 272,096 | 754,49 | 794,04 | 758,87 |  0,00 | 1,490 | 44,35 | 44,35 |  0,00 | 1,398 | 359,78 | 359,78 | 11,07 | 1007,277 | 317,54 | 357,09 |  0,00 | 281,534 | 32,82 | 32,82 | 584,236 |   NaN | NaN | 0,00 | 0,00 | NaN
   6 |  5,73 | 282,742 | 754,68 | 800,57 | 759,07 |  0,00 | 1,421 | 44,35 | 44,35 |  0,00 | 1,345 | 363,23 | 363,23 | 12,74 | 1057,228 | 314,28 | 360,17 |  0,00 | 308,520 | 32,82 | 32,82 | 625,975 |   NaN | NaN | 0,00 | 0,00 | NaN
   7 |  5,41 | 269,641 | 754,28 | 797,43 | 758,69 |  0,00 | 1,392 | 44,35 | 44,35 |  0,00 | 1,363 | 360,53 | 360,53 | 11,99 | 998,431 | 316,57 | 359,72 |  0,00 | 333,208 | 32,82 | 32,82 | 656,402 |   NaN | NaN | 0,00 | 0,00 | NaN
   8 |  5,72 | 282,667 | 755,13 | 800,95 | 759,55 |  0,00 | 1,424 | 44,35 | 44,35 |  0,00 | 1,414 | 361,14 | 361,14 | 12,64 | 1049,946 | 316,81 | 362,64 |  0,00 | 286,564 | 32,82 | 32,82 | 577,216 |   NaN | NaN | 0,00 | 0,00 | NaN
   9 |  5,86 | 284,687 | 754,97 | 801,93 | 759,36 |  0,00 | 1,557 | 44,35 | 44,35 |  0,00 | 1,354 | 361,91 | 361,91 | 12,94 | 1059,361 | 315,89 | 362,85 |  0,00 | 303,680 | 32,82 | 32,82 | 621,981 |   NaN | NaN | 0,00 | 0,00 | NaN
  10 |  5,23 | 273,614 | 755,20 | 796,85 | 759,60 |  0,00 | 1,459 | 44,35 | 44,35 |  0,00 | 1,413 | 360,10 | 360,10 | 11,59 | 1011,203 | 317,93 | 359,58 |  0,00 | 305,344 | 32,82 | 32,82 | 604,285 |   NaN | NaN | 0,00 | 0,00 | NaN
  11 |  5,33 | 277,433 | 753,51 | 795,92 | 757,92 |  0,00 | 1,411 | 44,35 | 44,35 |  0,00 | 1,354 | 358,42 | 358,42 | 11,77 | 1024,671 | 317,92 | 360,32 |  0,00 | 300,365 | 32,82 | 32,82 | 607,691 |   NaN | NaN | 0,00 | 0,00 | NaN
  12 |  5,58 | 280,186 | 755,14 | 799,81 | 759,57 |  0,00 | 1,448 | 44,35 | 44,35 |  0,00 | 1,416 | 359,74 | 359,74 | 12,31 | 1035,629 | 318,23 | 362,90 |  0,00 | 296,195 | 32,82 | 32,82 | 598,247 |   NaN | NaN | 0,00 | 0,00 | NaN
  13 |  4,44 | 264,739 | 753,66 | 788,67 | 758,09 |  0,00 | 1,427 | 44,35 | 44,35 |  0,00 | 1,382 | 358,05 | 358,05 |  9,91 | 974,702 | 318,43 | 353,45 |  0,00 | 315,029 | 32,82 | 32,82 | 646,897 |   NaN | NaN | 0,00 | 0,00 | NaN
  14 |  5,78 | 277,976 | 754,36 | 800,63 | 758,78 |  0,00 | 1,450 | 44,35 | 44,35 |  0,00 | 1,422 | 360,46 | 360,46 | 12,75 | 1030,707 | 316,72 | 362,99 |  0,00 | 306,025 | 32,82 | 32,82 | 634,231 |   NaN | NaN | 0,00 | 0,00 | NaN
  15 |  5,30 | 281,696 | 753,15 | 795,34 | 757,54 |  0,00 | 1,571 | 44,35 | 44,35 |  0,00 | 1,420 | 355,63 | 355,63 | 11,64 | 1032,466 | 320,34 | 362,53 |  0,00 | 293,433 | 32,82 | 32,82 | 621,003 |   NaN | NaN | 0,00 | 0,00 | NaN
  16 |  6,44 | 292,393 | 753,70 | 805,57 | 758,10 |  0,00 | 1,558 | 44,35 | 44,35 |  0,00 | 1,415 | 361,61 | 361,61 | 14,14 | 1089,672 | 314,91 | 366,78 |  0,00 | 326,094 | 32,82 | 32,82 | 649,712 |   NaN | NaN | 0,00 | 0,00 | NaN
  17 |  5,76 | 282,315 | 754,12 | 800,18 | 758,53 |  0,00 | 1,445 | 44,35 | 44,35 |  0,00 | 1,420 | 363,44 | 363,44 | 12,81 | 1058,322 | 313,50 | 359,56 |  0,00 | 290,644 | 32,82 | 32,82 | 623,771 |   NaN | NaN | 0,00 | 0,00 | NaN
  18 |  4,99 | 278,632 | 754,45 | 794,07 | 758,85 |  0,00 | 1,461 | 44,35 | 44,35 |  0,00 | 1,398 | 358,54 | 358,54 | 11,06 | 1027,618 | 318,73 | 358,36 |  0,00 | 294,321 | 32,82 | 32,82 | 585,471 |   NaN | NaN | 0,00 | 0,00 | NaN
  19 |  4,27 | 278,368 | 754,77 | 788,46 | 759,18 |  0,00 | 1,423 | 44,35 | 44,35 |  0,00 | 1,387 | 354,13 | 354,13 |  9,43 | 1011,062 | 323,46 | 357,15 |  0,00 | 312,240 | 32,82 | 32,82 | 614,600 |   NaN | NaN | 0,00 | 0,00 | NaN
  20 |  4,47 | 267,752 | 753,36 | 788,64 | 757,77 |  0,00 | 1,402 | 44,35 | 44,35 |  0,00 | 1,383 | 359,41 | 359,41 | 10,02 | 991,890 | 316,78 | 352,05 |  0,00 | 294,597 | 32,82 | 32,82 | 602,504 |   NaN | NaN | 0,00 | 0,00 | NaN
  21 |  4,36 | 262,361 | 754,29 | 788,65 | 758,68 |  0,00 | 1,401 | 44,35 | 44,35 |  0,00 | 1,387 | 357,03 | 357,03 |  9,70 | 963,886 | 320,08 | 354,45 |  0,00 | 266,881 | 32,82 | 32,82 | 541,739 |   NaN | NaN | 0,00 | 0,00 | NaN
  22 |  5,95 | 287,064 | 754,90 | 802,62 | 759,35 |  0,00 | 1,515 | 44,35 | 44,35 |  0,00 | 1,436 | 366,46 | 366,46 | 13,29 | 1084,168 | 311,27 | 358,99 |  0,00 | 305,796 | 32,82 | 32,82 | 618,376 |   NaN | NaN | 0,00 | 0,00 | NaN
  23 |  5,40 | 288,683 | 754,42 | 797,49 | 758,82 |  0,00 | 1,548 | 44,35 | 44,35 |  0,00 | 1,410 | 361,04 | 361,04 | 11,99 | 1074,491 | 316,21 | 359,28 |  0,00 | 280,352 | 32,82 | 32,82 | 588,856 |   NaN | NaN | 0,00 | 0,00 | NaN
  24 |  6,07 | 281,684 | 754,79 | 803,56 | 759,22 |  0,00 | 1,400 | 44,35 | 44,35 |  0,00 | 1,370 | 361,77 | 361,77 | 13,37 | 1047,883 | 315,85 | 364,61 |  0,00 | 309,985 | 32,82 | 32,82 | 628,496 |   NaN | NaN | 0,00 | 0,00 | NaN
  25 |  5,76 | 285,438 | 753,83 | 799,90 | 758,27 |  0,00 | 1,444 | 44,35 | 44,35 |  0,00 | 1,428 | 357,62 | 357,62 | 12,62 | 1050,191 | 319,03 | 365,11 |  0,00 | 322,616 | 32,82 | 32,82 | 640,672 |   NaN | NaN | 0,00 | 0,00 | NaN
  26 |  4,95 | 277,914 | 754,93 | 794,27 | 759,39 |  0,00 | 1,460 | 44,35 | 44,35 |  0,00 | 1,423 | 359,38 | 359,38 | 11,00 | 1024,920 | 318,38 | 357,72 |  0,00 | 318,302 | 32,82 | 32,82 | 658,057 |   NaN | NaN | 0,00 | 0,00 | NaN
  27 |  5,20 | 268,646 | 753,10 | 794,43 | 757,50 |  0,00 | 1,468 | 44,35 | 44,35 |  0,00 | 1,356 | 361,36 | 361,36 | 11,61 | 1001,604 | 314,57 | 355,90 |  0,00 | 299,007 | 32,82 | 32,82 | 584,039 |   NaN | NaN | 0,00 | 0,00 | NaN
  28 |  4,30 | 265,964 | 754,64 | 788,52 | 759,07 |  0,00 | 1,448 | 44,35 | 44,35 |  0,00 | 1,417 | 359,00 | 359,00 |  9,62 | 979,777 | 318,46 | 352,35 |  0,00 | 319,419 | 32,82 | 32,82 | 654,630 |   NaN | NaN | 0,00 | 0,00 | NaN
  29 |  5,42 | 278,118 | 754,18 | 797,42 | 758,61 |  0,00 | 1,411 | 44,35 | 44,35 |  0,00 | 1,396 | 359,46 | 359,46 | 11,99 | 1028,435 | 317,54 | 360,79 |  0,00 | 305,274 | 32,82 | 32,82 | 618,991 |   NaN | NaN | 0,00 | 0,00 | NaN
  30 |  5,15 | 278,602 | 754,14 | 795,04 | 758,57 |  0,00 | 1,458 | 44,35 | 44,35 |  0,00 | 1,427 | 358,75 | 358,75 | 11,39 | 1029,485 | 318,21 | 359,12 |  0,00 | 285,251 | 32,82 | 32,82 | 575,635 |   NaN | NaN | 0,00 | 0,00 | NaN
  31 |  5,05 | 277,398 | 754,17 | 794,29 | 758,58 |  0,00 | 1,420 | 44,35 | 44,35 |  0,00 | 1,393 | 360,80 | 360,80 | 11,26 | 1031,383 | 316,19 | 356,31 |  0,00 | 285,587 | 32,82 | 32,82 | 598,319 |   NaN | NaN | 0,00 | 0,00 | NaN
  32 |  5,59 | 284,241 | 755,60 | 800,37 | 759,99 |  0,00 | 1,795 | 44,35 | 44,35 |  0,00 | 1,397 | 361,25 | 361,25 | 12,37 | 1054,331 | 317,17 | 361,94 |  0,00 | 294,314 | 32,82 | 32,82 | 596,718 |   NaN | NaN | 0,00 | 0,00 | NaN
  33 |  4,85 | 270,559 | 754,44 | 792,90 | 758,86 |  0,00 | 1,486 | 44,35 | 44,35 |  0,00 | 1,414 | 357,09 | 357,09 | 10,72 | 992,201 | 320,18 | 358,63 |  0,00 | 304,882 | 32,82 | 32,82 | 619,542 |   NaN | NaN | 0,00 | 0,00 | NaN
  34 |  5,07 | 279,176 | 754,17 | 794,45 | 758,57 |  0,00 | 1,434 | 44,35 | 44,35 |  0,00 | 1,406 | 358,07 | 358,07 | 11,21 | 1029,111 | 318,93 | 359,20 |  0,00 | 289,997 | 32,82 | 32,82 | 580,817 |   NaN | NaN | 0,00 | 0,00 | NaN
  35 |  5,70 | 286,231 | 754,26 | 799,84 | 758,69 |  0,00 | 1,366 | 44,35 | 44,35 |  0,00 | 1,355 | 361,75 | 361,75 | 12,63 | 1066,767 | 315,34 | 360,92 |  0,00 | 300,708 | 32,82 | 32,82 | 634,514 |   NaN | NaN | 0,00 | 0,00 | NaN
  36 |  4,97 | 271,470 | 754,13 | 793,56 | 758,55 |  0,00 | 1,417 | 44,35 | 44,35 |  0,00 | 1,408 | 356,42 | 356,42 | 10,95 | 994,870 | 320,53 | 359,96 |  0,00 | 297,350 | 32,82 | 32,82 | 600,479 |   NaN | NaN | 0,00 | 0,00 | NaN
  37 |  5,90 | 286,600 | 755,04 | 802,37 | 759,45 |  0,00 | 1,445 | 44,35 | 44,35 |  0,00 | 1,396 | 365,33 | 365,33 | 13,15 | 1077,981 | 312,53 | 359,86 |  0,00 | 315,141 | 32,82 | 32,82 | 639,927 |   NaN | NaN | 0,00 | 0,00 | NaN
  38 |  6,07 | 283,825 | 754,25 | 802,97 | 758,64 |  0,00 | 1,418 | 44,35 | 44,35 |  0,00 | 1,385 | 362,78 | 362,78 | 13,42 | 1061,822 | 314,29 | 363,01 |  0,00 | 293,776 | 32,82 | 32,82 | 599,168 |   NaN | NaN | 0,00 | 0,00 | NaN
  39 |  4,13 | 270,558 | 754,87 | 787,37 | 759,32 |  0,00 | 1,458 | 44,35 | 44,35 |  0,00 | 1,428 | 357,61 | 357,61 |  9,22 | 992,358 | 320,09 | 352,59 |  0,00 | 312,228 | 32,82 | 32,82 | 615,984 |   NaN | NaN | 0,00 | 0,00 | NaN
  40 |  4,28 | 269,791 | 753,98 | 787,71 | 758,41 |  0,00 | 1,485 | 44,35 | 44,35 |  0,00 | 1,427 | 358,48 | 358,48 |  9,58 | 994,300 | 318,33 | 352,06 |  0,00 | 308,137 | 32,82 | 32,82 | 643,755 |   NaN | NaN | 0,00 | 0,00 | NaN
  41 |  5,76 | 275,778 | 754,35 | 800,43 | 758,77 |  0,00 | 1,458 | 44,35 | 44,35 |  0,00 | 1,412 | 357,90 | 357,90 | 12,61 | 1015,136 | 319,27 | 365,35 |  0,00 | 295,437 | 32,82 | 32,82 | 603,151 |   NaN | NaN | 0,00 | 0,00 | NaN
  42 |  5,78 | 281,799 | 754,60 | 800,87 | 759,00 |  0,00 | 1,618 | 44,35 | 44,35 |  0,00 | 1,380 | 361,16 | 361,16 | 12,76 | 1046,259 | 316,27 | 362,54 |  0,00 | 313,486 | 32,82 | 32,82 | 628,142 |   NaN | NaN | 0,00 | 0,00 | NaN
  43 |  6,58 | 287,507 | 753,66 | 806,78 | 758,10 |  0,00 | 1,497 | 44,35 | 44,35 |  0,00 | 1,435 | 365,57 | 365,57 | 14,59 | 1086,789 | 310,91 | 364,03 |  0,00 | 284,572 | 32,82 | 32,82 | 615,348 |   NaN | NaN | 0,00 | 0,00 | NaN
  44 |  5,79 | 295,009 | 754,50 | 800,86 | 758,90 |  0,00 | 1,359 | 44,35 | 44,35 |  0,00 | 1,345 | 360,41 | 360,41 | 12,76 | 1095,517 | 316,91 | 363,27 |  0,00 | 299,839 | 32,82 | 32,82 | 604,275 |   NaN | NaN | 0,00 | 0,00 | NaN
  45 |  5,22 | 280,304 | 755,10 | 796,72 | 759,52 |  0,00 | 1,551 | 44,35 | 44,35 |  0,00 | 1,429 | 363,90 | 363,90 | 11,70 | 1049,654 | 314,02 | 355,64 |  0,00 | 298,350 | 32,82 | 32,82 | 586,582 |   NaN | NaN | 0,00 | 0,00 | NaN
  46 |  5,36 | 285,377 | 753,65 | 796,34 | 758,05 |  0,00 | 1,565 | 44,35 | 44,35 |  0,00 | 1,375 | 358,59 | 358,59 | 11,84 | 1053,612 | 317,89 | 360,58 |  0,00 | 311,572 | 32,82 | 32,82 | 620,280 |   NaN | NaN | 0,00 | 0,00 | NaN
  47 |  5,34 | 280,901 | 754,18 | 796,72 | 758,61 |  0,00 | 1,388 | 44,35 | 44,35 |  0,00 | 1,366 | 361,96 | 361,96 | 11,90 | 1047,010 | 315,05 | 357,59 |  0,00 | 311,903 | 32,82 | 32,82 | 632,999 |   NaN | NaN | 0,00 | 0,00 | NaN
  48 |  5,22 | 278,163 | 752,96 | 794,46 | 757,37 |  0,00 | 1,468 | 44,35 | 44,35 |  0,00 | 1,405 | 358,79 | 358,79 | 11,58 | 1030,522 | 317,00 | 358,50 |  0,00 | 285,422 | 32,82 | 32,82 | 577,919 |   NaN | NaN | 0,00 | 0,00 | NaN
  49 |  4,96 | 275,872 | 754,49 | 793,84 | 758,91 |  0,00 | 1,666 | 44,35 | 44,35 |  0,00 | 1,410 | 360,37 | 360,37 | 11,05 | 1020,362 | 316,94 | 356,30 |  0,00 | 335,507 | 32,82 | 32,82 | 661,989 |   NaN | NaN | 0,00 | 0,00 | NaN
  50 |  5,50 | 287,983 | 754,23 | 798,10 | 758,61 |  0,00 | 1,438 | 44,35 | 44,35 |  0,00 | 1,364 | 362,77 | 362,77 | 12,25 | 1077,660 | 314,29 | 358,16 |  0,00 | 291,540 | 32,82 | 32,82 | 592,990 |   NaN | NaN | 0,00 | 0,00 | NaN
  51 |  5,41 | 271,543 | 754,01 | 797,14 | 758,42 |  0,00 | 1,386 | 44,35 | 44,35 |  0,00 | 1,361 | 359,82 | 359,82 | 11,98 | 1006,581 | 317,01 | 360,14 |  0,00 | 286,602 | 32,82 | 32,82 | 582,455 |   NaN | NaN | 0,00 | 0,00 | NaN
  52 |  5,00 | 274,857 | 753,61 | 793,27 | 758,04 |  0,00 | 1,513 | 44,35 | 44,35 |  0,00 | 1,393 | 354,39 | 354,39 | 10,96 | 1002,138 | 322,05 | 361,71 |  0,00 | 298,236 | 32,82 | 32,82 | 616,255 |   NaN | NaN | 0,00 | 0,00 | NaN
  53 |  5,51 | 287,445 | 754,54 | 798,53 | 758,95 |  0,00 | 1,405 | 44,35 | 44,35 |  0,00 | 1,375 | 361,45 | 361,45 | 12,22 | 1069,819 | 315,92 | 359,91 |  0,00 | 300,483 | 32,82 | 32,82 | 613,830 |   NaN | NaN | 0,00 | 0,00 | NaN
  54 |  4,67 | 269,336 | 754,95 | 791,95 | 759,32 |  0,00 | 1,721 | 44,35 | 44,35 |  0,00 | 1,393 | 359,73 | 359,73 | 10,42 | 995,865 | 318,05 | 355,05 |  0,00 | 276,054 | 32,82 | 32,82 | 561,361 |   NaN | NaN | 0,00 | 0,00 | NaN
  55 |  5,00 | 278,018 | 754,21 | 793,86 | 758,61 |  0,00 | 1,369 | 44,35 | 44,35 |  0,00 | 1,362 | 356,88 | 356,88 | 11,02 | 1020,787 | 320,15 | 359,80 |  0,00 | 298,953 | 32,82 | 32,82 | 594,152 |   NaN | NaN | 0,00 | 0,00 | NaN
  56 |  4,87 | 271,756 | 754,16 | 792,74 | 758,57 |  0,00 | 1,550 | 44,35 | 44,35 |  0,00 | 1,372 | 357,19 | 357,19 | 10,77 | 997,456 | 319,80 | 358,38 |  0,00 | 301,385 | 32,82 | 32,82 | 609,245 |   NaN | NaN | 0,00 | 0,00 | NaN
  57 |  5,41 | 264,184 | 753,66 | 796,77 | 758,07 |  0,00 | 1,424 | 44,35 | 44,35 |  0,00 | 1,365 | 359,15 | 359,15 | 11,96 | 977,011 | 317,34 | 360,45 |  0,00 | 290,828 | 32,82 | 32,82 | 596,897 |   NaN | NaN | 0,00 | 0,00 | NaN
  58 |  5,31 | 275,282 | 754,99 | 797,30 | 759,41 |  0,00 | 1,408 | 44,35 | 44,35 |  0,00 | 1,394 | 359,81 | 359,81 | 11,74 | 1016,823 | 318,00 | 360,32 |  0,00 | 307,836 | 32,82 | 32,82 | 595,098 |   NaN | NaN | 0,00 | 0,00 | NaN
  59 |  5,85 | 284,764 | 754,83 | 801,71 | 759,23 |  0,00 | 1,480 | 44,35 | 44,35 |  0,00 | 1,413 | 359,90 | 359,90 | 12,86 | 1052,651 | 317,75 | 364,63 |  0,00 | 317,394 | 32,82 | 32,82 | 623,313 |   NaN | NaN | 0,00 | 0,00 | NaN
  60 |  5,46 | 284,489 | 753,73 | 797,27 | 758,14 |  0,00 | 1,382 | 44,35 | 44,35 |  0,00 | 1,348 | 360,80 | 360,80 | 12,12 | 1058,532 | 315,76 | 359,29 |  0,00 | 296,947 | 32,82 | 32,82 | 601,517 |   NaN | NaN | 0,00 | 0,00 | NaN
  61 |  5,79 | 288,129 | 755,17 | 801,59 | 759,59 |  0,00 | 1,630 | 44,35 | 44,35 |  0,00 | 1,391 | 362,13 | 362,13 | 12,81 | 1073,305 | 315,86 | 362,28 |  0,00 | 294,095 | 32,82 | 32,82 | 605,346 |   NaN | NaN | 0,00 | 0,00 | NaN
  62 |  5,74 | 282,611 | 754,43 | 800,34 | 758,87 |  0,00 | 1,462 | 44,35 | 44,35 |  0,00 | 1,433 | 362,09 | 362,09 | 12,71 | 1053,202 | 315,16 | 361,07 |  0,00 | 310,364 | 32,82 | 32,82 | 644,927 |   NaN | NaN | 0,00 | 0,00 | NaN
  63 |  5,55 | 276,047 | 753,56 | 797,81 | 757,98 |  0,00 | 1,394 | 44,35 | 44,35 |  0,00 | 1,387 | 362,05 | 362,05 | 12,34 | 1029,619 | 314,34 | 358,58 |  0,00 | 323,138 | 32,82 | 32,82 | 642,915 |   NaN | NaN | 0,00 | 0,00 | NaN
  64 |  4,70 | 261,162 | 753,53 | 790,73 | 757,96 |  0,00 | 1,464 | 44,35 | 44,35 |  0,00 | 1,430 | 356,70 | 356,70 | 10,42 | 956,886 | 319,66 | 356,86 |  0,00 | 319,961 | 32,82 | 32,82 | 623,921 |   NaN | NaN | 0,00 | 0,00 | NaN

= = = = = = = = = = = = AVERAGE RESULTS system = = = = = = = = = = = =
meanPLR_system | 5,333291 
meanDelay_system | 278,215842 
meanLoad_system | 796,822036 
meanTHR_system | 754,301733 
meanGate_system | 758,716157 

meanPLR_EF_system | 0,000000 
meanPLR_AF_system | 0,000000 
meanPLR_BE_system | 11,819901 
meanPLR_FLA_system | 0,000000 
meanPLR_FLB_system | NaN 

meanTHR_EF_system | 44,352003 
meanTHR_AF_system | 360,165316 
meanTHR_BE_system | 316,962450 
meanTHR_FLA_system | 33,340093 
meanTHR_FLB_system | 0,000000 

meanLoad_EF_system | 44,352003 
meanLoad_AF_system | 360,165316 
meanLoad_BE_system | 359,482753 
meanLoad_FLA_system | 33,340093 
meanLoad_FLB_system | 0,000000 

meanDELAY_EF_system | 1,471811 
meanDELAY_AF_system | 1,395032 
meanDELAY_BE_system | 1031,306339 
meanDELAY_FLA_system | 301,740582 
meanDELAY_FLB_system | NaN 
meanDELAY_CompleteFLA_system | 611,484057 
meanDELAY_CompleteFLB_system | NaN 

= = = = = = = = = = = = AVERAGE RESULTS = = = = = = = = = = = =
Packet Loss Ratio: 05,34 (%)
PROCESSED PACKAGES: 2326571965 
DISCARTED PACKAGES: 81917762 
TOTAL PACKAGES: 2408489727 
AVERAGE DELAY: 52392,51 (ms) 
AVERAGE THROUGHPUT: 754,30 (Mbps) 
GRANTED THROUGHPUT: 48557,83 (Mbps) By 64 ONUs
EFFECTIVE THROUGHPUT: 48275,31 (Mbps) By 64 ONUs
TOTAL LOAD: 50996,61 (Mbps) By 64 ONUs
ON Arrival THROUGHPUT: 0,00 (Mbps) By 64 ONUs
FINISHTIMEFL: 190,041464 
FINISHTIME: 193,041464 


fileName | IPACT_STRICTPRIORITYFIRSTAF_4_30_96_0 
