
ONU ID 	|  PLR(%) | Delay(ms) | Throughput(Mbps) | Granted Throughput(Mbps) | Total Load (Mbps) 

  ID |  PLR(%) |  D  | Thr |  Gates  |  Load  | PLR-EF | D-EF | ThrEF | LoadEF | PLR-AF | D-AF | ThrAF | LoadAF | PLR-BE | D-BE | ThrBE | LoadBE | PLR-FA | D-FA | ThrFA | LoadFA | DTFA |  PLR-FB | D-FB | ThrFB | LoadFB | DTFB | 
   1 |  0,00 | 41,505 | 729,10 | 729,10 | 738,93 |  0,00 | 0,961 | 44,35 | 44,35 |  0,00 | 23,650 | 286,37 | 286,37 |  0,00 | 103,747 | 277,31 | 277,31 |  0,00 | 170,741 | 121,07 | 121,07 | 360,507 |   NaN | NaN | 0,00 | 0,00 | NaN
   2 |  0,00 | 37,622 | 727,93 | 727,93 | 738,76 |  0,00 | 0,973 | 44,35 | 44,35 |  0,00 | 1,334 | 279,92 | 279,92 |  0,00 | 68,666 | 282,59 | 282,59 |  0,00 | 346,877 | 121,07 | 121,07 | 713,072 |   NaN | NaN | 0,00 | 0,00 | NaN
   3 |  0,00 | 38,979 | 731,67 | 731,67 | 741,01 |  0,00 | 0,910 | 44,35 | 44,35 |  0,00 | 1,705 | 284,28 | 284,28 |  0,00 | 77,146 | 281,96 | 281,96 |  0,00 | 335,273 | 121,07 | 121,07 | 689,830 |   NaN | NaN | 0,00 | 0,00 | NaN
   4 |  0,00 | 41,505 | 732,56 | 732,56 | 741,87 |  0,00 | 0,915 | 44,35 | 44,35 |  0,00 | 34,406 | 287,44 | 287,44 |  0,00 | 97,403 | 279,69 | 279,69 |  0,00 | 148,487 | 121,07 | 121,07 | 316,088 |   NaN | NaN | 0,00 | 0,00 | NaN
   5 |  0,00 | 37,170 | 725,86 | 725,86 | 735,27 |  0,00 | 0,941 | 44,35 | 44,35 |  0,00 | 1,504 | 281,51 | 281,51 |  0,00 | 46,996 | 278,93 | 278,93 |  0,00 | 435,239 | 121,07 | 121,07 | 890,103 |   NaN | NaN | 0,00 | 0,00 | NaN
   6 |  0,00 | 38,930 | 732,59 | 732,59 | 741,92 |  0,00 | 0,889 | 44,35 | 44,35 |  0,00 | 1,709 | 284,85 | 284,85 |  0,00 | 68,091 | 282,31 | 282,31 |  0,00 | 374,444 | 121,07 | 121,07 | 768,229 |   NaN | NaN | 0,00 | 0,00 | NaN
   7 |  0,00 | 42,178 | 727,70 | 727,70 | 737,01 |  0,00 | 0,908 | 44,35 | 44,35 |  0,00 | 10,190 | 281,18 | 281,18 |  0,00 | 108,180 | 281,10 | 281,10 |  0,00 | 217,409 | 121,07 | 121,07 | 453,982 |   NaN | NaN | 0,00 | 0,00 | NaN
   8 |  0,00 | 39,293 | 732,77 | 732,77 | 742,52 |  0,00 | 0,958 | 44,35 | 44,35 |  0,00 | 1,552 | 282,43 | 282,43 |  0,00 | 72,875 | 284,92 | 284,92 |  0,00 | 357,236 | 121,07 | 121,07 | 733,843 |   NaN | NaN | 0,00 | 0,00 | NaN
   9 |  0,00 | 40,252 | 730,49 | 730,49 | 739,84 |  0,00 | 0,897 | 44,35 | 44,35 |  0,00 | 2,887 | 284,08 | 284,08 |  0,00 | 95,005 | 281,00 | 281,00 |  0,00 | 274,930 | 121,07 | 121,07 | 569,122 |   NaN | NaN | 0,00 | 0,00 | NaN
  10 |  0,00 | 40,565 | 728,78 | 728,78 | 738,48 |  0,00 | 0,958 | 44,35 | 44,35 |  0,00 | 24,763 | 282,46 | 282,46 |  0,00 | 98,837 | 280,90 | 280,90 |  0,00 | 166,165 | 121,07 | 121,07 | 351,378 |   NaN | NaN | 0,00 | 0,00 | NaN
  11 |  0,00 | 39,656 | 721,97 | 721,97 | 731,36 |  0,00 | 0,898 | 44,35 | 44,35 |  0,00 | 1,180 | 276,50 | 276,50 |  0,00 | 27,329 | 280,06 | 280,06 |  0,00 | 563,180 | 121,07 | 121,07 | 1146,184 |   NaN | NaN | 0,00 | 0,00 | NaN
  12 |  0,00 | 37,911 | 730,99 | 730,99 | 740,84 |  0,00 | 0,960 | 44,35 | 44,35 |  0,00 | 1,239 | 282,61 | 282,61 |  0,00 | 61,144 | 282,96 | 282,96 |  0,00 | 386,912 | 121,07 | 121,07 | 793,192 |   NaN | NaN | 0,00 | 0,00 | NaN
  13 |  0,00 | 39,573 | 723,06 | 723,06 | 732,42 |  0,00 | 0,925 | 44,35 | 44,35 |  0,00 | 1,795 | 278,33 | 278,33 |  0,00 | 76,227 | 279,31 | 279,31 |  0,00 | 347,239 | 121,07 | 121,07 | 713,766 |   NaN | NaN | 0,00 | 0,00 | NaN
  14 |  0,00 | 37,912 | 732,63 | 732,63 | 742,86 |  0,00 | 0,966 | 44,35 | 44,35 |  0,00 | 1,325 | 284,03 | 284,03 |  0,00 | 51,309 | 283,18 | 283,18 |  0,00 | 430,644 | 121,07 | 121,07 | 880,802 |   NaN | NaN | 0,00 | 0,00 | NaN
  15 |  0,00 | 43,410 | 725,53 | 725,53 | 735,32 |  0,00 | 0,960 | 44,35 | 44,35 |  0,00 | 9,631 | 278,05 | 278,05 |  0,00 | 111,938 | 282,06 | 282,06 |  0,00 | 221,942 | 121,07 | 121,07 | 463,114 |   NaN | NaN | 0,00 | 0,00 | NaN
  16 |  0,00 | 44,173 | 733,95 | 733,95 | 743,48 |  0,00 | 0,951 | 44,35 | 44,35 |  0,00 | 2,157 | 282,00 | 282,00 |  0,00 | 103,261 | 286,53 | 286,53 |  0,00 | 304,339 | 121,07 | 121,07 | 627,864 |   NaN | NaN | 0,00 | 0,00 | NaN
  17 |  0,00 | 42,017 | 729,29 | 729,29 | 739,37 |  0,00 | 0,964 | 44,35 | 44,35 |  0,00 | 2,614 | 281,36 | 281,36 |  0,00 | 97,171 | 282,51 | 282,51 |  0,00 | 294,267 | 121,07 | 121,07 | 607,721 |   NaN | NaN | 0,00 | 0,00 | NaN
  18 |  0,00 | 39,658 | 728,11 | 728,11 | 737,51 |  0,00 | 0,941 | 44,35 | 44,35 |  0,00 | 1,047 | 280,86 | 280,86 |  0,00 | 20,241 | 281,83 | 281,83 |  0,00 | 597,554 | 121,07 | 121,07 | 1215,566 |   NaN | NaN | 0,00 | 0,00 | NaN
  19 |  0,00 | 37,818 | 723,32 | 723,32 | 732,68 |  0,00 | 0,932 | 44,35 | 44,35 |  0,00 | 1,380 | 277,40 | 277,40 |  0,00 | 34,073 | 280,50 | 280,50 |  0,00 | 501,078 | 121,07 | 121,07 | 1021,832 |   NaN | NaN | 0,00 | 0,00 | NaN
  20 |  0,00 | 39,644 | 723,76 | 723,76 | 733,15 |  0,00 | 0,928 | 44,35 | 44,35 |  0,00 | 1,470 | 280,85 | 280,85 |  0,00 | 25,564 | 277,49 | 277,49 |  0,00 | 571,323 | 121,07 | 121,07 | 1162,564 |   NaN | NaN | 0,00 | 0,00 | NaN
  21 |  0,00 | 39,372 | 719,85 | 719,85 | 729,19 |  0,00 | 0,932 | 44,35 | 44,35 |  0,00 | 15,507 | 278,35 | 278,35 |  0,00 | 97,853 | 276,08 | 276,08 |  0,00 | 193,223 | 121,07 | 121,07 | 405,737 |   NaN | NaN | 0,00 | 0,00 | NaN
  22 |  0,00 | 38,664 | 734,40 | 734,40 | 745,03 |  0,00 | 0,971 | 44,35 | 44,35 |  0,00 | 1,408 | 289,12 | 289,12 |  0,00 | 51,117 | 279,86 | 279,86 |  0,00 | 448,032 | 121,07 | 121,07 | 915,675 |   NaN | NaN | 0,00 | 0,00 | NaN
  23 |  0,00 | 38,664 | 731,08 | 731,08 | 740,68 |  0,00 | 0,953 | 44,35 | 44,35 |  0,00 | 1,403 | 283,19 | 283,19 |  0,00 | 29,485 | 282,47 | 282,47 |  0,00 | 539,255 | 121,07 | 121,07 | 1098,143 |   NaN | NaN | 0,00 | 0,00 | NaN
  24 |  0,00 | 42,620 | 729,98 | 729,98 | 739,35 |  0,00 | 0,914 | 44,35 | 44,35 |  0,00 | 1,723 | 281,51 | 281,51 |  0,00 | 88,475 | 283,05 | 283,05 |  0,00 | 347,217 | 121,07 | 121,07 | 713,653 |   NaN | NaN | 0,00 | 0,00 | NaN
  25 |  0,00 | 44,129 | 738,07 | 738,07 | 748,76 |  0,00 | 0,972 | 44,35 | 44,35 |  0,00 | 7,294 | 282,07 | 282,07 |  0,00 | 112,166 | 290,59 | 290,59 |  0,00 | 236,879 | 121,07 | 121,07 | 492,920 |   NaN | NaN | 0,00 | 0,00 | NaN
  26 |  0,00 | 41,382 | 726,89 | 726,89 | 737,20 |  0,00 | 0,968 | 44,35 | 44,35 |  0,00 | 10,628 | 280,11 | 280,11 |  0,00 | 105,179 | 281,36 | 281,36 |  0,00 | 213,218 | 121,07 | 121,07 | 445,599 |   NaN | NaN | 0,00 | 0,00 | NaN
  27 |  0,00 | 39,961 | 722,20 | 722,20 | 731,59 |  0,00 | 0,895 | 44,35 | 44,35 |  0,00 | 0,967 | 281,07 | 281,07 |  0,00 | 20,049 | 275,71 | 275,71 |  0,00 | 602,720 | 121,07 | 121,07 | 1225,758 |   NaN | NaN | 0,00 | 0,00 | NaN
  28 |  0,00 | 38,248 | 723,68 | 723,68 | 733,63 |  0,00 | 0,961 | 44,35 | 44,35 |  0,00 | 1,334 | 281,51 | 281,51 |  0,00 | 27,016 | 276,75 | 276,75 |  0,00 | 541,033 | 121,07 | 121,07 | 1101,670 |   NaN | NaN | 0,00 | 0,00 | NaN
  29 |  0,00 | 39,671 | 730,36 | 730,36 | 739,78 |  0,00 | 0,940 | 44,35 | 44,35 |  0,00 | 1,364 | 283,11 | 283,11 |  0,00 | 29,582 | 281,83 | 281,83 |  0,00 | 556,843 | 121,07 | 121,07 | 1133,412 |   NaN | NaN | 0,00 | 0,00 | NaN
  30 |  0,00 | 38,061 | 721,76 | 721,76 | 732,57 |  0,00 | 0,971 | 44,35 | 44,35 |  0,00 | 1,245 | 277,15 | 277,15 |  0,00 | 15,889 | 279,19 | 279,19 |  0,00 | 584,326 | 121,07 | 121,07 | 1188,815 |   NaN | NaN | 0,00 | 0,00 | NaN
  31 |  0,00 | 37,565 | 725,78 | 725,78 | 735,20 |  0,00 | 0,938 | 44,35 | 44,35 |  0,00 | 1,420 | 280,14 | 280,14 |  0,00 | 24,588 | 280,22 | 280,22 |  0,00 | 539,327 | 121,07 | 121,07 | 1098,284 |   NaN | NaN | 0,00 | 0,00 | NaN
  32 |  0,00 | 39,376 | 724,23 | 724,23 | 733,60 |  0,00 | 0,894 | 44,35 | 44,35 |  0,00 | 1,485 | 278,07 | 278,07 |  0,00 | 25,872 | 280,74 | 280,74 |  0,00 | 564,492 | 121,07 | 121,07 | 1148,799 |   NaN | NaN | 0,00 | 0,00 | NaN
  33 |  0,00 | 40,351 | 725,11 | 725,11 | 734,96 |  0,00 | 0,959 | 44,35 | 44,35 |  0,00 | 1,174 | 277,79 | 277,79 |  0,00 | 27,396 | 281,90 | 281,90 |  0,00 | 575,873 | 121,07 | 121,07 | 1171,458 |   NaN | NaN | 0,00 | 0,00 | NaN
  34 |  0,00 | 39,255 | 720,09 | 720,09 | 729,63 |  0,00 | 0,951 | 44,35 | 44,35 |  0,00 | 0,980 | 279,52 | 279,52 |  0,00 | 13,120 | 275,15 | 275,15 |  0,00 | 618,436 | 121,07 | 121,07 | 1256,966 |   NaN | NaN | 0,00 | 0,00 | NaN
  35 |  0,00 | 41,709 | 731,90 | 731,90 | 741,24 |  0,00 | 0,900 | 44,35 | 44,35 |  0,00 | 0,921 | 283,63 | 283,63 |  0,00 | 20,983 | 282,84 | 282,84 |  0,00 | 633,396 | 121,07 | 121,07 | 1286,699 |   NaN | NaN | 0,00 | 0,00 | NaN
  36 |  0,00 | 39,906 | 722,77 | 722,77 | 732,40 |  0,00 | 0,953 | 44,35 | 44,35 |  0,00 | 1,045 | 275,48 | 275,48 |  0,00 | 17,986 | 281,87 | 281,87 |  0,00 | 608,505 | 121,07 | 121,07 | 1237,368 |   NaN | NaN | 0,00 | 0,00 | NaN
  37 |  0,00 | 39,107 | 733,03 | 733,03 | 742,44 |  0,00 | 0,936 | 44,35 | 44,35 |  0,00 | 1,376 | 285,60 | 285,60 |  0,00 | 25,899 | 282,01 | 282,01 |  0,00 | 564,439 | 121,07 | 121,07 | 1148,760 |   NaN | NaN | 0,00 | 0,00 | NaN
  38 |  0,00 | 40,743 | 726,98 | 726,98 | 736,36 |  0,00 | 0,927 | 44,35 | 44,35 |  0,00 | 1,429 | 282,20 | 282,20 |  0,00 | 26,266 | 279,36 | 279,36 |  0,00 | 588,873 | 121,07 | 121,07 | 1197,837 |   NaN | NaN | 0,00 | 0,00 | NaN
  39 |  0,00 | 38,148 | 721,84 | 721,84 | 732,56 |  0,00 | 0,971 | 44,35 | 44,35 |  0,00 | 1,256 | 279,33 | 279,33 |  0,00 | 18,717 | 277,09 | 277,09 |  0,00 | 574,147 | 121,07 | 121,07 | 1168,317 |   NaN | NaN | 0,00 | 0,00 | NaN
  40 |  0,00 | 41,379 | 721,27 | 721,27 | 732,06 |  0,00 | 0,971 | 44,35 | 44,35 |  0,00 | 1,145 | 278,25 | 278,25 |  0,00 | 25,525 | 277,60 | 277,60 |  0,00 | 601,338 | 121,07 | 121,07 | 1223,086 |   NaN | NaN | 0,00 | 0,00 | NaN
  41 |  0,00 | 39,265 | 731,25 | 731,25 | 740,91 |  0,00 | 0,953 | 44,35 | 44,35 |  0,00 | 1,293 | 280,70 | 280,70 |  0,00 | 29,626 | 285,13 | 285,13 |  0,00 | 548,701 | 121,07 | 121,07 | 1117,097 |   NaN | NaN | 0,00 | 0,00 | NaN
  42 |  0,00 | 40,255 | 730,44 | 730,44 | 739,80 |  0,00 | 0,899 | 44,35 | 44,35 |  0,00 | 1,351 | 281,37 | 281,37 |  0,00 | 31,822 | 283,65 | 283,65 |  0,00 | 556,767 | 121,07 | 121,07 | 1133,314 |   NaN | NaN | 0,00 | 0,00 | NaN
  43 |  0,00 | 40,521 | 731,69 | 731,69 | 742,28 |  0,00 | 0,978 | 44,35 | 44,35 |  0,00 | 1,295 | 282,42 | 282,42 |  0,00 | 29,040 | 283,85 | 283,85 |  0,00 | 574,107 | 121,07 | 121,07 | 1168,213 |   NaN | NaN | 0,00 | 0,00 | NaN
  44 |  0,00 | 38,521 | 734,11 | 734,11 | 743,48 |  0,00 | 0,890 | 44,35 | 44,35 |  0,00 | 1,195 | 281,61 | 281,61 |  0,00 | 27,753 | 287,08 | 287,08 |  0,00 | 545,660 | 121,07 | 121,07 | 1110,955 |   NaN | NaN | 0,00 | 0,00 | NaN
  45 |  0,00 | 39,969 | 730,73 | 730,73 | 741,81 |  0,00 | 0,974 | 44,35 | 44,35 |  0,00 | 1,652 | 287,17 | 287,17 |  0,00 | 31,217 | 278,13 | 278,13 |  0,00 | 555,233 | 121,07 | 121,07 | 1130,184 |   NaN | NaN | 0,00 | 0,00 | NaN
  46 |  0,00 | 39,816 | 724,94 | 724,94 | 734,32 |  0,00 | 0,914 | 44,35 | 44,35 |  0,00 | 1,333 | 276,98 | 276,98 |  0,00 | 26,114 | 282,54 | 282,54 |  0,00 | 571,341 | 121,07 | 121,07 | 1162,599 |   NaN | NaN | 0,00 | 0,00 | NaN
  47 |  0,00 | 38,013 | 721,64 | 721,64 | 731,02 |  0,00 | 0,911 | 44,35 | 44,35 |  0,00 | 1,032 | 280,80 | 280,80 |  0,00 | 27,428 | 275,42 | 275,42 |  0,00 | 536,283 | 121,07 | 121,07 | 1092,198 |   NaN | NaN | 0,00 | 0,00 | NaN
  48 |  0,00 | 39,574 | 722,21 | 722,21 | 731,66 |  0,00 | 0,941 | 44,35 | 44,35 |  0,00 | 1,230 | 278,32 | 278,32 |  0,00 | 31,122 | 278,47 | 278,47 |  0,00 | 545,646 | 121,07 | 121,07 | 1110,959 |   NaN | NaN | 0,00 | 0,00 | NaN
  49 |  0,00 | 37,633 | 721,23 | 721,23 | 730,90 |  0,00 | 0,953 | 44,35 | 44,35 |  0,00 | 1,299 | 277,98 | 277,98 |  0,00 | 25,274 | 277,83 | 277,83 |  0,00 | 536,207 | 121,07 | 121,07 | 1092,090 |   NaN | NaN | 0,00 | 0,00 | NaN
  50 |  0,00 | 39,934 | 725,01 | 725,01 | 734,39 |  0,00 | 0,907 | 44,35 | 44,35 |  0,00 | 1,325 | 281,70 | 281,70 |  0,00 | 26,351 | 277,88 | 277,88 |  0,00 | 574,446 | 121,07 | 121,07 | 1168,633 |   NaN | NaN | 0,00 | 0,00 | NaN
  51 |  0,00 | 39,076 | 723,87 | 723,87 | 733,21 |  0,00 | 0,905 | 44,35 | 44,35 |  0,00 | 1,366 | 277,68 | 277,68 |  0,00 | 28,154 | 280,77 | 280,77 |  0,00 | 549,472 | 121,07 | 121,07 | 1118,719 |   NaN | NaN | 0,00 | 0,00 | NaN
  52 |  0,00 | 40,131 | 725,87 | 725,87 | 735,26 |  0,00 | 0,932 | 44,35 | 44,35 |  0,00 | 1,341 | 277,61 | 277,61 |  0,00 | 31,703 | 282,84 | 282,84 |  0,00 | 552,473 | 121,07 | 121,07 | 1124,598 |   NaN | NaN | 0,00 | 0,00 | NaN
  53 |  0,00 | 38,724 | 728,06 | 728,06 | 737,46 |  0,00 | 0,919 | 44,35 | 44,35 |  0,00 | 1,149 | 279,68 | 279,68 |  0,00 | 23,461 | 282,96 | 282,96 |  0,00 | 566,304 | 121,07 | 121,07 | 1152,515 |   NaN | NaN | 0,00 | 0,00 | NaN
  54 |  0,00 | 40,194 | 720,95 | 720,95 | 730,32 |  0,00 | 0,922 | 44,35 | 44,35 |  0,00 | 1,339 | 280,49 | 280,49 |  0,00 | 31,487 | 275,04 | 275,04 |  0,00 | 555,341 | 121,07 | 121,07 | 1130,382 |   NaN | NaN | 0,00 | 0,00 | NaN
  55 |  0,00 | 40,076 | 726,79 | 726,79 | 736,13 |  0,00 | 0,907 | 44,35 | 44,35 |  0,00 | 1,224 | 279,12 | 279,12 |  0,00 | 23,633 | 282,24 | 282,24 |  0,00 | 588,537 | 121,07 | 121,07 | 1197,435 |   NaN | NaN | 0,00 | 0,00 | NaN
  56 |  0,00 | 38,081 | 721,48 | 721,48 | 730,84 |  0,00 | 0,912 | 44,35 | 44,35 |  0,00 | 1,400 | 279,92 | 279,92 |  0,00 | 24,750 | 276,14 | 276,14 |  0,00 | 546,899 | 121,07 | 121,07 | 1113,561 |   NaN | NaN | 0,00 | 0,00 | NaN
  57 |  0,00 | 39,329 | 725,59 | 725,59 | 734,95 |  0,00 | 0,910 | 44,35 | 44,35 |  0,00 | 1,250 | 279,04 | 279,04 |  0,00 | 31,783 | 281,13 | 281,13 |  0,00 | 539,311 | 121,07 | 121,07 | 1098,290 |   NaN | NaN | 0,00 | 0,00 | NaN
  58 |  0,00 | 38,818 | 727,07 | 727,07 | 736,48 |  0,00 | 0,938 | 44,35 | 44,35 |  0,00 | 1,457 | 281,68 | 281,68 |  0,00 | 29,434 | 279,97 | 279,97 |  0,00 | 540,934 | 121,07 | 121,07 | 1101,517 |   NaN | NaN | 0,00 | 0,00 | NaN
  59 |  0,00 | 41,302 | 732,00 | 732,00 | 741,79 |  0,00 | 0,957 | 44,35 | 44,35 |  0,00 | 1,105 | 280,00 | 280,00 |  0,00 | 22,977 | 286,58 | 286,58 |  0,00 | 614,988 | 121,07 | 121,07 | 1250,414 |   NaN | NaN | 0,00 | 0,00 | NaN
  60 |  0,00 | 39,117 | 727,04 | 727,04 | 736,42 |  0,00 | 0,892 | 44,35 | 44,35 |  0,00 | 1,354 | 281,39 | 281,39 |  0,00 | 29,036 | 280,24 | 280,24 |  0,00 | 548,585 | 121,07 | 121,07 | 1116,860 |   NaN | NaN | 0,00 | 0,00 | NaN
  61 |  0,00 | 40,438 | 731,81 | 731,81 | 741,19 |  0,00 | 0,914 | 44,35 | 44,35 |  0,00 | 1,352 | 283,64 | 283,64 |  0,00 | 30,146 | 282,75 | 282,75 |  0,00 | 568,448 | 121,07 | 121,07 | 1156,811 |   NaN | NaN | 0,00 | 0,00 | NaN
  62 |  0,00 | 39,409 | 728,82 | 728,82 | 740,07 |  0,00 | 0,976 | 44,35 | 44,35 |  0,00 | 1,457 | 280,94 | 280,94 |  0,00 | 30,672 | 282,46 | 282,46 |  0,00 | 545,502 | 121,07 | 121,07 | 1110,668 |   NaN | NaN | 0,00 | 0,00 | NaN
  63 |  0,00 | 40,132 | 729,47 | 729,47 | 738,86 |  0,00 | 0,931 | 44,35 | 44,35 |  0,00 | 1,150 | 283,83 | 283,83 |  0,00 | 25,390 | 280,22 | 280,22 |  0,00 | 584,256 | 121,07 | 121,07 | 1188,692 |   NaN | NaN | 0,00 | 0,00 | NaN
  64 |  0,00 | 38,022 | 720,36 | 720,36 | 731,55 |  0,00 | 0,975 | 44,35 | 44,35 |  0,00 | 1,205 | 278,12 | 278,12 |  0,00 | 22,489 | 276,81 | 276,81 |  0,00 | 555,203 | 121,07 | 121,07 | 1130,159 |   NaN | NaN | 0,00 | 0,00 | NaN

= = = = = = = = = = = = AVERAGE RESULTS system = = = = = = = = = = = =
meanPLR_system | 0,000000 
meanDelay_system | 39,756742 
meanLoad_system | 727,277897 
meanTHR_system | 727,277897 
meanGate_system | 736,999000 

meanPLR_EF_system | 0,000000 
meanPLR_AF_system | 0,000000 
meanPLR_BE_system | 0,000000 
meanPLR_FLA_system | 0,000000 
meanPLR_FLB_system | NaN 

meanTHR_EF_system | 44,352001 
meanTHR_AF_system | 281,029790 
meanTHR_BE_system | 280,827417 
meanTHR_FLA_system | 124,209969 
meanTHR_FLB_system | 0,000000 

meanLoad_EF_system | 44,352001 
meanLoad_AF_system | 281,029790 
meanLoad_BE_system | 280,827417 
meanLoad_FLA_system | 124,209969 
meanLoad_FLB_system | 0,000000 

meanDELAY_EF_system | 0,936311 
meanDELAY_AF_system | 3,340588 
meanDELAY_BE_system | 45,612908 
meanDELAY_FLA_system | 477,773479 
meanDELAY_FLB_system | NaN 
meanDELAY_CompleteFLA_system | 975,227814 
meanDELAY_CompleteFLB_system | NaN 

= = = = = = = = = = = = AVERAGE RESULTS = = = = = = = = = = = =
Packet Loss Ratio: 00,00 (%)
PROCESSED PACKAGES: 1347715182 
DISCARTED PACKAGES: 0 
TOTAL PACKAGES: 1347715182 
AVERAGE DELAY: 7057,97 (ms) 
AVERAGE THROUGHPUT: 727,28 (Mbps) 
GRANTED THROUGHPUT: 47167,94 (Mbps) By 64 ONUs
EFFECTIVE THROUGHPUT: 46545,79 (Mbps) By 64 ONUs
TOTAL LOAD: 46545,79 (Mbps) By 64 ONUs
ON Arrival THROUGHPUT: 0,00 (Mbps) By 64 ONUs
FINISHTIMEFL: 115,623570 
FINISHTIME: 118,623570 


fileName | IPACT_LEAKYBUCKET_1_68_75_0 
