
ONU ID 	|  PLR(%) | Delay(ms) | Throughput(Mbps) | Granted Throughput(Mbps) | Total Load (Mbps) 

  ID |  PLR(%) |  D  | Thr |  Gates  |  Load  | PLR-EF | D-EF | ThrEF | LoadEF | PLR-AF | D-AF | ThrAF | LoadAF | PLR-BE | D-BE | ThrBE | LoadBE | PLR-FA | D-FA | ThrFA | LoadFA | DTFA |  PLR-FB | D-FB | ThrFB | LoadFB | DTFB | 
   1 |  3,88 | 257,007 | 753,33 | 783,73 | 758,05 |  0,00 | 1,420 | 44,35 | 44,35 |  0,00 | 1,415 | 323,94 | 323,94 |  9,71 | 1002,594 | 282,62 | 313,02 |  0,00 | 274,781 | 102,42 | 102,42 | 558,788 |   NaN | NaN | 0,00 | 0,00 | NaN
   2 |  4,13 | 245,865 | 752,34 | 784,78 | 757,10 |  0,00 | 1,433 | 44,35 | 44,35 |  0,00 | 1,427 | 319,46 | 319,46 | 10,18 | 945,345 | 286,12 | 318,55 |  0,00 | 266,589 | 102,42 | 102,42 | 537,757 |   NaN | NaN | 0,00 | 0,00 | NaN
   3 |  4,05 | 237,982 | 751,25 | 782,96 | 755,95 |  0,00 | 1,369 | 44,35 | 44,35 |  0,00 | 1,364 | 318,35 | 318,35 |  9,98 | 912,459 | 286,13 | 317,84 |  0,00 | 268,715 | 102,42 | 102,42 | 547,078 |   NaN | NaN | 0,00 | 0,00 | NaN
   4 |  4,84 | 260,307 | 753,07 | 791,36 | 757,78 |  0,00 | 1,377 | 44,35 | 44,35 |  0,00 | 1,370 | 325,08 | 325,08 | 11,98 | 1023,688 | 281,22 | 319,50 |  0,00 | 259,539 | 102,42 | 102,42 | 543,583 |   NaN | NaN | 0,00 | 0,00 | NaN
   5 |  3,69 | 245,626 | 754,38 | 783,28 | 759,10 |  0,00 | 1,402 | 44,35 | 44,35 |  0,00 | 1,395 | 318,52 | 318,52 |  9,09 | 935,210 | 289,09 | 317,99 |  0,00 | 274,485 | 102,42 | 102,42 | 558,617 |   NaN | NaN | 0,00 | 0,00 | NaN
   6 |  4,66 | 251,655 | 751,34 | 788,10 | 756,02 |  0,00 | 1,348 | 44,35 | 44,35 |  0,00 | 1,342 | 321,65 | 321,65 | 11,50 | 979,820 | 282,92 | 319,68 |  0,00 | 264,283 | 102,42 | 102,42 | 544,399 |   NaN | NaN | 0,00 | 0,00 | NaN
   7 |  4,06 | 260,693 | 753,69 | 785,62 | 758,39 |  0,00 | 1,367 | 44,35 | 44,35 |  0,00 | 1,362 | 320,93 | 320,93 | 10,04 | 1006,802 | 285,99 | 317,92 |  0,00 | 270,061 | 102,42 | 102,42 | 556,332 |   NaN | NaN | 0,00 | 0,00 | NaN
   8 |  4,32 | 252,844 | 752,91 | 786,90 | 757,64 |  0,00 | 1,417 | 44,35 | 44,35 |  0,00 | 1,413 | 317,23 | 317,23 | 10,52 | 965,964 | 288,91 | 322,90 |  0,00 | 261,839 | 102,42 | 102,42 | 540,827 |   NaN | NaN | 0,00 | 0,00 | NaN
   9 |  4,42 | 249,187 | 753,45 | 788,32 | 758,12 |  0,00 | 1,357 | 44,35 | 44,35 |  0,00 | 1,351 | 323,10 | 323,10 | 10,95 | 970,173 | 283,58 | 318,45 |  0,00 | 258,942 | 102,42 | 102,42 | 528,837 |   NaN | NaN | 0,00 | 0,00 | NaN
  10 |  3,99 | 248,984 | 753,11 | 784,39 | 757,80 |  0,00 | 1,417 | 44,35 | 44,35 |  0,00 | 1,412 | 319,32 | 319,32 |  9,83 | 955,785 | 287,02 | 318,30 |  0,00 | 266,957 | 102,42 | 102,42 | 544,747 |   NaN | NaN | 0,00 | 0,00 | NaN
  11 |  3,50 | 251,579 | 752,19 | 779,50 | 756,86 |  0,00 | 1,357 | 44,35 | 44,35 |  0,00 | 1,352 | 312,89 | 312,89 |  8,54 | 949,881 | 292,52 | 319,83 |  0,00 | 253,548 | 102,42 | 102,42 | 524,916 |   NaN | NaN | 0,00 | 0,00 | NaN
  12 |  4,00 | 252,837 | 752,89 | 784,23 | 757,60 |  0,00 | 1,420 | 44,35 | 44,35 |  0,00 | 1,414 | 318,92 | 318,92 |  9,84 | 970,831 | 287,20 | 318,54 |  0,00 | 265,578 | 102,42 | 102,42 | 549,125 |   NaN | NaN | 0,00 | 0,00 | NaN
  13 |  2,99 | 233,362 | 752,39 | 775,54 | 757,08 |  0,00 | 1,384 | 44,35 | 44,35 |  0,00 | 1,381 | 314,96 | 314,96 |  7,38 | 879,711 | 290,67 | 313,82 |  0,00 | 271,762 | 102,42 | 102,42 | 558,178 |   NaN | NaN | 0,00 | 0,00 | NaN
  14 |  4,54 | 248,984 | 752,09 | 787,88 | 756,80 |  0,00 | 1,425 | 44,35 | 44,35 |  0,00 | 1,420 | 320,02 | 320,02 | 11,15 | 961,757 | 285,30 | 321,09 |  0,00 | 261,388 | 102,42 | 102,42 | 543,779 |   NaN | NaN | 0,00 | 0,00 | NaN
  15 |  3,79 | 257,097 | 752,36 | 781,96 | 757,07 |  0,00 | 1,419 | 44,35 | 44,35 |  0,00 | 1,414 | 315,75 | 315,75 |  9,27 | 976,786 | 289,84 | 319,44 |  0,00 | 275,981 | 102,42 | 102,42 | 568,003 |   NaN | NaN | 0,00 | 0,00 | NaN
  16 |  4,62 | 263,205 | 753,70 | 790,17 | 758,38 |  0,00 | 1,411 | 44,35 | 44,35 |  0,00 | 1,406 | 319,47 | 319,47 | 11,26 | 1012,666 | 287,46 | 323,93 |  0,00 | 265,445 | 102,42 | 102,42 | 545,231 |   NaN | NaN | 0,00 | 0,00 | NaN
  17 |  4,50 | 256,044 | 754,36 | 789,90 | 759,10 |  0,00 | 1,423 | 44,35 | 44,35 |  0,00 | 1,419 | 321,31 | 321,31 | 11,04 | 987,282 | 286,28 | 321,82 |  0,00 | 270,241 | 102,42 | 102,42 | 559,634 |   NaN | NaN | 0,00 | 0,00 | NaN
  18 |  3,98 | 244,594 | 752,43 | 783,60 | 757,12 |  0,00 | 1,400 | 44,35 | 44,35 |  0,00 | 1,396 | 317,36 | 317,36 |  9,76 | 934,031 | 288,29 | 319,47 |  0,00 | 264,685 | 102,42 | 102,42 | 536,260 |   NaN | NaN | 0,00 | 0,00 | NaN
  19 |  3,10 | 251,302 | 753,85 | 777,98 | 758,57 |  0,00 | 1,391 | 44,35 | 44,35 |  0,00 | 1,385 | 313,91 | 313,91 |  7,60 | 945,933 | 293,17 | 317,30 |  0,00 | 264,850 | 102,42 | 102,42 | 543,990 |   NaN | NaN | 0,00 | 0,00 | NaN
  20 |  3,46 | 242,415 | 752,99 | 780,00 | 757,68 |  0,00 | 1,387 | 44,35 | 44,35 |  0,00 | 1,382 | 320,19 | 320,19 |  8,63 | 932,802 | 286,03 | 313,04 |  0,00 | 263,466 | 102,42 | 102,42 | 538,270 |   NaN | NaN | 0,00 | 0,00 | NaN
  21 |  2,81 | 233,568 | 751,14 | 772,86 | 755,83 |  0,00 | 1,391 | 44,35 | 44,35 |  0,00 | 1,386 | 313,49 | 313,49 |  6,95 | 881,340 | 290,88 | 312,60 |  0,00 | 259,105 | 102,42 | 102,42 | 536,441 |   NaN | NaN | 0,00 | 0,00 | NaN
  22 |  4,79 | 263,327 | 753,34 | 791,27 | 758,09 |  0,00 | 1,445 | 44,35 | 44,35 |  0,00 | 1,426 | 327,13 | 327,13 | 11,95 | 1043,166 | 279,44 | 317,36 |  0,00 | 258,724 | 102,42 | 102,42 | 543,375 |   NaN | NaN | 0,00 | 0,00 | NaN
  23 |  4,34 | 261,084 | 753,13 | 787,31 | 757,84 |  0,00 | 1,412 | 44,35 | 44,35 |  0,00 | 1,408 | 322,32 | 322,32 | 10,74 | 1015,028 | 284,04 | 318,23 |  0,00 | 269,853 | 102,42 | 102,42 | 555,788 |   NaN | NaN | 0,00 | 0,00 | NaN
  24 |  4,03 | 243,705 | 753,57 | 785,22 | 758,31 |  0,00 | 1,373 | 44,35 | 44,35 |  0,00 | 1,368 | 318,54 | 318,54 |  9,89 | 930,191 | 288,26 | 319,91 |  0,00 | 271,519 | 102,42 | 102,42 | 558,127 |   NaN | NaN | 0,00 | 0,00 | NaN
  25 |  5,00 | 260,968 | 752,76 | 792,35 | 757,50 |  0,00 | 1,431 | 44,35 | 44,35 |  0,00 | 1,426 | 319,27 | 319,27 | 12,13 | 1004,234 | 286,72 | 326,30 |  0,00 | 271,548 | 102,42 | 102,42 | 562,249 |   NaN | NaN | 0,00 | 0,00 | NaN
  26 |  3,63 | 253,395 | 753,53 | 781,89 | 758,29 |  0,00 | 1,427 | 44,35 | 44,35 |  0,00 | 1,422 | 317,28 | 317,28 |  8,92 | 964,378 | 289,48 | 317,84 |  0,00 | 273,330 | 102,42 | 102,42 | 554,900 |   NaN | NaN | 0,00 | 0,00 | NaN
  27 |  3,75 | 247,995 | 752,37 | 781,64 | 757,09 |  0,00 | 1,355 | 44,35 | 44,35 |  0,00 | 1,349 | 318,78 | 318,78 |  9,26 | 951,474 | 286,81 | 316,09 |  0,00 | 270,195 | 102,42 | 102,42 | 556,967 |   NaN | NaN | 0,00 | 0,00 | NaN
  28 |  3,27 | 245,732 | 753,26 | 778,75 | 757,98 |  0,00 | 1,421 | 44,35 | 44,35 |  0,00 | 1,416 | 318,85 | 318,85 |  8,14 | 939,775 | 287,64 | 313,14 |  0,00 | 270,469 | 102,42 | 102,42 | 555,857 |   NaN | NaN | 0,00 | 0,00 | NaN
  29 |  4,56 | 258,153 | 753,47 | 789,48 | 758,18 |  0,00 | 1,400 | 44,35 | 44,35 |  0,00 | 1,395 | 320,97 | 320,97 | 11,19 | 996,785 | 285,73 | 321,75 |  0,00 | 272,297 | 102,42 | 102,42 | 552,485 |   NaN | NaN | 0,00 | 0,00 | NaN
  30 |  3,59 | 245,855 | 753,13 | 781,18 | 757,85 |  0,00 | 1,430 | 44,35 | 44,35 |  0,00 | 1,425 | 316,53 | 316,53 |  8,82 | 935,794 | 289,83 | 317,88 |  0,00 | 255,654 | 102,42 | 102,42 | 527,948 |   NaN | NaN | 0,00 | 0,00 | NaN
  31 |  3,74 | 243,435 | 753,63 | 782,91 | 758,34 |  0,00 | 1,397 | 44,35 | 44,35 |  0,00 | 1,392 | 318,18 | 318,18 |  9,21 | 928,063 | 288,68 | 317,95 |  0,00 | 267,151 | 102,42 | 102,42 | 550,291 |   NaN | NaN | 0,00 | 0,00 | NaN
  32 |  3,86 | 247,382 | 753,25 | 783,47 | 757,93 |  0,00 | 1,367 | 44,35 | 44,35 |  0,00 | 1,348 | 317,56 | 317,56 |  9,47 | 944,246 | 288,92 | 319,15 |  0,00 | 262,035 | 102,42 | 102,42 | 542,258 |   NaN | NaN | 0,00 | 0,00 | NaN
  33 |  3,37 | 233,060 | 752,68 | 778,93 | 757,38 |  0,00 | 1,418 | 44,35 | 44,35 |  0,00 | 1,412 | 315,21 | 315,21 |  8,28 | 879,591 | 290,70 | 316,95 |  0,00 | 266,394 | 102,42 | 102,42 | 550,581 |   NaN | NaN | 0,00 | 0,00 | NaN
  34 |  3,08 | 240,602 | 754,46 | 778,43 | 759,19 |  0,00 | 1,410 | 44,35 | 44,35 |  0,00 | 1,404 | 317,61 | 317,61 |  7,63 | 912,798 | 290,08 | 314,05 |  0,00 | 268,929 | 102,42 | 102,42 | 548,142 |   NaN | NaN | 0,00 | 0,00 | NaN
  35 |  4,43 | 260,021 | 754,53 | 789,48 | 759,18 |  0,00 | 1,359 | 44,35 | 44,35 |  0,00 | 1,353 | 320,65 | 320,65 | 10,85 | 1002,978 | 287,11 | 322,06 |  0,00 | 261,184 | 102,42 | 102,42 | 534,110 |   NaN | NaN | 0,00 | 0,00 | NaN
  36 |  3,32 | 251,992 | 753,84 | 779,72 | 758,55 |  0,00 | 1,412 | 44,35 | 44,35 |  0,00 | 1,408 | 313,34 | 313,34 |  8,10 | 949,207 | 293,73 | 319,61 |  0,00 | 252,713 | 102,42 | 102,42 | 523,166 |   NaN | NaN | 0,00 | 0,00 | NaN
  37 |  4,57 | 260,912 | 753,49 | 789,55 | 758,20 |  0,00 | 1,410 | 44,35 | 44,35 |  0,00 | 1,391 | 323,72 | 323,72 | 11,30 | 1019,127 | 283,00 | 319,06 |  0,00 | 266,575 | 102,42 | 102,42 | 546,379 |   NaN | NaN | 0,00 | 0,00 | NaN
  38 |  4,03 | 253,774 | 754,17 | 785,86 | 758,89 |  0,00 | 1,386 | 44,35 | 44,35 |  0,00 | 1,381 | 320,26 | 320,26 |  9,94 | 974,661 | 287,13 | 318,83 |  0,00 | 272,108 | 102,42 | 102,42 | 552,181 |   NaN | NaN | 0,00 | 0,00 | NaN
  39 |  2,81 | 243,955 | 752,36 | 774,15 | 757,10 |  0,00 | 1,431 | 44,35 | 44,35 |  0,00 | 1,426 | 313,72 | 313,72 |  6,95 | 919,395 | 291,87 | 313,66 |  0,00 | 265,300 | 102,42 | 102,42 | 547,053 |   NaN | NaN | 0,00 | 0,00 | NaN
  40 |  2,83 | 234,512 | 752,99 | 774,89 | 757,72 |  0,00 | 1,429 | 44,35 | 44,35 |  0,00 | 1,424 | 315,80 | 315,80 |  7,01 | 885,565 | 290,42 | 312,32 |  0,00 | 271,084 | 102,42 | 102,42 | 557,804 |   NaN | NaN | 0,00 | 0,00 | NaN
  41 |  4,30 | 235,813 | 753,54 | 787,42 | 758,24 |  0,00 | 1,412 | 44,35 | 44,35 |  0,00 | 1,409 | 316,65 | 316,65 | 10,45 | 894,502 | 290,13 | 324,00 |  0,00 | 260,059 | 102,42 | 102,42 | 528,173 |   NaN | NaN | 0,00 | 0,00 | NaN
  42 |  4,43 | 253,081 | 754,92 | 789,95 | 759,63 |  0,00 | 1,359 | 44,35 | 44,35 |  0,00 | 1,354 | 321,51 | 321,51 | 10,89 | 975,207 | 286,64 | 321,67 |  0,00 | 268,526 | 102,42 | 102,42 | 552,439 |   NaN | NaN | 0,00 | 0,00 | NaN
  43 |  4,60 | 253,664 | 752,79 | 789,06 | 757,54 |  0,00 | 1,437 | 44,35 | 44,35 |  0,00 | 1,433 | 320,73 | 320,73 | 11,28 | 978,643 | 285,29 | 321,56 |  0,00 | 277,094 | 102,42 | 102,42 | 568,008 |   NaN | NaN | 0,00 | 0,00 | NaN
  44 |  4,59 | 266,139 | 753,55 | 789,83 | 758,26 |  0,00 | 1,349 | 44,35 | 44,35 |  0,00 | 1,344 | 319,44 | 319,44 | 11,21 | 1024,236 | 287,34 | 323,62 |  0,00 | 269,799 | 102,42 | 102,42 | 548,617 |   NaN | NaN | 0,00 | 0,00 | NaN
  45 |  4,08 | 250,334 | 753,24 | 785,26 | 758,00 |  0,00 | 1,433 | 44,35 | 44,35 |  0,00 | 1,428 | 323,21 | 323,21 | 10,16 | 972,778 | 283,25 | 315,27 |  0,00 | 274,357 | 102,42 | 102,42 | 558,460 |   NaN | NaN | 0,00 | 0,00 | NaN
  46 |  3,91 | 252,402 | 753,01 | 783,65 | 757,73 |  0,00 | 1,377 | 44,35 | 44,35 |  0,00 | 1,368 | 315,91 | 315,91 |  9,55 | 958,743 | 290,33 | 320,98 |  0,00 | 265,345 | 102,42 | 102,42 | 551,596 |   NaN | NaN | 0,00 | 0,00 | NaN
  47 |  3,47 | 242,995 | 754,89 | 782,00 | 759,59 |  0,00 | 1,370 | 44,35 | 44,35 |  0,00 | 1,364 | 319,16 | 319,16 |  8,58 | 928,132 | 288,96 | 316,07 |  0,00 | 260,804 | 102,42 | 102,42 | 532,037 |   NaN | NaN | 0,00 | 0,00 | NaN
  48 |  3,46 | 242,207 | 752,25 | 779,20 | 756,92 |  0,00 | 1,417 | 44,35 | 44,35 |  0,00 | 1,395 | 316,69 | 316,69 |  8,53 | 924,136 | 288,79 | 315,74 |  0,00 | 254,657 | 102,42 | 102,42 | 524,831 |   NaN | NaN | 0,00 | 0,00 | NaN
  49 |  3,30 | 241,449 | 753,90 | 779,61 | 758,64 |  0,00 | 1,412 | 44,35 | 44,35 |  0,00 | 1,408 | 317,34 | 317,34 |  8,15 | 915,682 | 289,78 | 315,50 |  0,00 | 274,983 | 102,42 | 102,42 | 563,438 |   NaN | NaN | 0,00 | 0,00 | NaN
  50 |  3,80 | 249,827 | 753,26 | 783,00 | 757,95 |  0,00 | 1,366 | 44,35 | 44,35 |  0,00 | 1,362 | 319,35 | 319,35 |  9,39 | 959,772 | 287,14 | 316,88 |  0,00 | 262,892 | 102,42 | 102,42 | 543,029 |   NaN | NaN | 0,00 | 0,00 | NaN
  51 |  4,10 | 247,625 | 753,09 | 785,25 | 757,80 |  0,00 | 1,364 | 44,35 | 44,35 |  0,00 | 1,360 | 318,88 | 318,88 | 10,06 | 947,489 | 287,44 | 319,61 |  0,00 | 272,833 | 102,42 | 102,42 | 559,576 |   NaN | NaN | 0,00 | 0,00 | NaN
  52 |  3,78 | 250,220 | 754,69 | 784,31 | 759,39 |  0,00 | 1,391 | 44,35 | 44,35 |  0,00 | 1,387 | 314,32 | 314,32 |  9,17 | 941,320 | 293,60 | 323,23 |  0,00 | 262,713 | 102,42 | 102,42 | 548,022 |   NaN | NaN | 0,00 | 0,00 | NaN
  53 |  3,94 | 251,235 | 754,22 | 785,15 | 758,90 |  0,00 | 1,378 | 44,35 | 44,35 |  0,00 | 1,373 | 319,98 | 319,98 |  9,71 | 965,039 | 287,47 | 318,40 |  0,00 | 262,987 | 102,42 | 102,42 | 538,967 |   NaN | NaN | 0,00 | 0,00 | NaN
  54 |  3,25 | 244,397 | 753,91 | 779,23 | 758,59 |  0,00 | 1,381 | 44,35 | 44,35 |  0,00 | 1,376 | 318,51 | 318,51 |  8,07 | 933,294 | 288,63 | 313,95 |  0,00 | 263,748 | 102,42 | 102,42 | 542,058 |   NaN | NaN | 0,00 | 0,00 | NaN
  55 |  3,71 | 248,002 | 752,75 | 781,75 | 757,44 |  0,00 | 1,366 | 44,35 | 44,35 |  0,00 | 1,360 | 316,70 | 316,70 |  9,11 | 944,799 | 289,28 | 318,29 |  0,00 | 263,804 | 102,42 | 102,42 | 545,531 |   NaN | NaN | 0,00 | 0,00 | NaN
  56 |  3,13 | 244,653 | 753,56 | 777,88 | 758,27 |  0,00 | 1,371 | 44,35 | 44,35 |  0,00 | 1,367 | 316,13 | 316,13 |  7,72 | 927,752 | 290,66 | 314,99 |  0,00 | 263,350 | 102,42 | 102,42 | 543,096 |   NaN | NaN | 0,00 | 0,00 | NaN
  57 |  3,87 | 225,082 | 751,69 | 781,99 | 756,40 |  0,00 | 1,368 | 44,35 | 44,35 |  0,00 | 1,364 | 316,29 | 316,29 |  9,50 | 854,122 | 288,63 | 318,93 |  0,00 | 261,480 | 102,42 | 102,42 | 537,008 |   NaN | NaN | 0,00 | 0,00 | NaN
  58 |  4,09 | 258,176 | 753,08 | 785,18 | 757,79 |  0,00 | 1,397 | 44,35 | 44,35 |  0,00 | 1,393 | 321,09 | 321,09 | 10,11 | 998,570 | 285,22 | 317,31 |  0,00 | 271,536 | 102,42 | 102,42 | 550,573 |   NaN | NaN | 0,00 | 0,00 | NaN
  59 |  4,37 | 257,394 | 753,88 | 788,36 | 758,61 |  0,00 | 1,416 | 44,35 | 44,35 |  0,00 | 1,411 | 317,51 | 317,51 | 10,64 | 980,150 | 289,59 | 324,08 |  0,00 | 275,051 | 102,42 | 102,42 | 570,416 |   NaN | NaN | 0,00 | 0,00 | NaN
  60 |  4,17 | 246,597 | 751,93 | 784,68 | 756,64 |  0,00 | 1,353 | 44,35 | 44,35 |  0,00 | 1,346 | 320,12 | 320,12 | 10,31 | 951,013 | 285,04 | 317,79 |  0,00 | 271,956 | 102,42 | 102,42 | 552,341 |   NaN | NaN | 0,00 | 0,00 | NaN
  61 |  4,36 | 260,486 | 753,37 | 787,76 | 758,03 |  0,00 | 1,381 | 44,35 | 44,35 |  0,00 | 1,370 | 321,04 | 321,04 | 10,75 | 1007,289 | 285,56 | 319,94 |  0,00 | 269,494 | 102,42 | 102,42 | 549,669 |   NaN | NaN | 0,00 | 0,00 | NaN
  62 |  4,25 | 250,428 | 752,00 | 785,42 | 756,73 |  0,00 | 1,440 | 44,35 | 44,35 |  0,00 | 1,430 | 317,81 | 317,81 | 10,42 | 960,166 | 287,42 | 320,84 |  0,00 | 262,863 | 102,42 | 102,42 | 539,701 |   NaN | NaN | 0,00 | 0,00 | NaN
  63 |  4,03 | 245,546 | 752,72 | 784,29 | 757,43 |  0,00 | 1,390 | 44,35 | 44,35 |  0,00 | 1,386 | 320,83 | 320,83 |  9,97 | 948,545 | 285,12 | 316,69 |  0,00 | 263,705 | 102,42 | 102,42 | 538,915 |   NaN | NaN | 0,00 | 0,00 | NaN
  64 |  3,02 | 228,401 | 754,20 | 777,72 | 758,96 |  0,00 | 1,434 | 44,35 | 44,35 |  0,00 | 1,428 | 316,30 | 316,30 |  7,47 | 862,094 | 291,14 | 314,66 |  0,00 | 261,140 | 102,42 | 102,42 | 543,706 |   NaN | NaN | 0,00 | 0,00 | NaN

= = = = = = = = = = = = AVERAGE RESULTS system = = = = = = = = = = = =
meanPLR_system | 3,911540 
meanDelay_system | 249,080455 
meanLoad_system | 783,867086 
meanTHR_system | 753,181891 
meanGate_system | 757,892633 

meanPLR_EF_system | 0,000000 
meanPLR_AF_system | 0,000000 
meanPLR_BE_system | 9,628118 
meanPLR_FLA_system | 0,000000 
meanPLR_FLB_system | NaN 

meanTHR_EF_system | 44,352002 
meanTHR_AF_system | 318,704093 
meanTHR_BE_system | 287,707673 
meanTHR_FLA_system | 104,657175 
meanTHR_FLB_system | 0,000000 

meanLoad_EF_system | 44,352002 
meanLoad_AF_system | 318,704093 
meanLoad_BE_system | 318,392868 
meanLoad_FLA_system | 104,657175 
meanLoad_FLB_system | 0,000000 

meanDELAY_EF_system | 1,396747 
meanDELAY_AF_system | 1,390569 
meanDELAY_BE_system | 954,387369 
meanDELAY_FLA_system | 266,319984 
meanDELAY_FLB_system | NaN 
meanDELAY_CompleteFLA_system | 547,104095 
meanDELAY_CompleteFLB_system | NaN 

= = = = = = = = = = = = AVERAGE RESULTS = = = = = = = = = = = =
Packet Loss Ratio: 03,91 (%)
PROCESSED PACKAGES: 1642134332 
DISCARTED PACKAGES: 43100220 
TOTAL PACKAGES: 1685234552 
AVERAGE DELAY: 45576,95 (ms) 
AVERAGE THROUGHPUT: 753,18 (Mbps) 
GRANTED THROUGHPUT: 48505,13 (Mbps) By 64 ONUs
EFFECTIVE THROUGHPUT: 48203,64 (Mbps) By 64 ONUs
TOTAL LOAD: 50167,49 (Mbps) By 64 ONUs
ON Arrival THROUGHPUT: 0,00 (Mbps) By 64 ONUs
FINISHTIMEFL: 137,225183 
FINISHTIME: 140,225183 


fileName | IPACT_STRICTPRIORITYFIRSTAF_1_68_85_0 
