
ONU ID 	|  PLR(%) | Delay(ms) | Throughput(Mbps) | Granted Throughput(Mbps) | Total Load (Mbps) 

  ID |  PLR(%) |  D  | Thr |  Gates  |  Load  | PLR-EF | D-EF | ThrEF | LoadEF | PLR-AF | D-AF | ThrAF | LoadAF | PLR-BE | D-BE | ThrBE | LoadBE | PLR-FA | D-FA | ThrFA | LoadFA | DTFA |  PLR-FB | D-FB | ThrFB | LoadFB | DTFB | 
   1 |  1,41 | 206,058 | 756,16 | 767,00 | 760,68 |  0,00 | 1,399 | 44,35 | 44,35 |  0,00 | 13,362 | 350,11 | 350,11 |  3,14 | 719,834 | 334,06 | 344,90 |  0,00 | 138,321 | 27,64 | 27,64 | 296,672 |   NaN | NaN | 0,00 | 0,00 | NaN
   2 |  1,47 | 197,064 | 752,31 | 763,50 | 756,89 |  0,00 | 1,411 | 44,35 | 44,35 |  0,00 | 15,328 | 348,30 | 348,30 |  3,26 | 687,350 | 332,02 | 343,21 |  0,00 | 138,819 | 27,64 | 27,64 | 297,728 |   NaN | NaN | 0,00 | 0,00 | NaN
   3 |  0,96 | 175,398 | 751,39 | 758,63 | 755,92 |  0,00 | 1,347 | 44,35 | 44,35 |  0,00 | 13,648 | 342,73 | 342,73 |  2,11 | 602,397 | 336,66 | 343,91 |  0,00 | 138,563 | 27,64 | 27,64 | 297,393 |   NaN | NaN | 0,00 | 0,00 | NaN
   4 |  1,31 | 195,027 | 756,84 | 766,85 | 761,38 |  0,00 | 1,352 | 44,35 | 44,35 |  0,00 | 13,827 | 349,20 | 349,20 |  2,90 | 677,000 | 335,65 | 345,66 |  0,00 | 138,087 | 27,64 | 27,64 | 296,568 |   NaN | NaN | 0,00 | 0,00 | NaN
   5 |  0,71 | 176,587 | 751,77 | 757,18 | 756,31 |  0,00 | 1,378 | 44,35 | 44,35 |  0,00 | 15,120 | 343,46 | 343,46 |  1,58 | 605,802 | 336,33 | 341,74 |  0,00 | 138,679 | 27,64 | 27,64 | 297,600 |   NaN | NaN | 0,00 | 0,00 | NaN
   6 |  1,15 | 206,325 | 753,91 | 762,70 | 758,43 |  0,00 | 1,327 | 44,35 | 44,35 |  0,00 | 14,521 | 346,41 | 346,41 |  2,55 | 715,380 | 335,51 | 344,30 |  0,00 | 138,599 | 27,64 | 27,64 | 297,500 |   NaN | NaN | 0,00 | 0,00 | NaN
   7 |  1,04 | 194,806 | 754,34 | 762,29 | 758,88 |  0,00 | 1,345 | 44,35 | 44,35 |  0,00 | 14,341 | 344,83 | 344,83 |  2,30 | 670,669 | 337,53 | 345,47 |  0,00 | 138,408 | 27,64 | 27,64 | 297,092 |   NaN | NaN | 0,00 | 0,00 | NaN
   8 |  1,69 | 203,181 | 754,06 | 767,04 | 758,61 |  0,00 | 1,395 | 44,35 | 44,35 |  0,00 | 12,853 | 346,71 | 346,71 |  3,73 | 706,091 | 335,36 | 348,34 |  0,00 | 138,620 | 27,64 | 27,64 | 297,554 |   NaN | NaN | 0,00 | 0,00 | NaN
   9 |  1,36 | 190,106 | 752,37 | 762,75 | 756,91 |  0,00 | 1,335 | 44,35 | 44,35 |  0,00 | 14,266 | 344,68 | 344,68 |  3,00 | 656,356 | 335,70 | 346,08 |  0,00 | 138,487 | 27,64 | 27,64 | 297,227 |   NaN | NaN | 0,00 | 0,00 | NaN
  10 |  1,06 | 190,618 | 754,46 | 762,58 | 758,99 |  0,00 | 1,396 | 44,35 | 44,35 |  0,00 | 12,890 | 346,98 | 346,98 |  2,36 | 660,961 | 335,49 | 343,62 |  0,00 | 138,233 | 27,64 | 27,64 | 296,628 |   NaN | NaN | 0,00 | 0,00 | NaN
  11 |  1,11 | 188,058 | 753,48 | 761,94 | 758,01 |  0,00 | 1,335 | 44,35 | 44,35 |  0,00 | 12,600 | 344,23 | 344,23 |  2,45 | 648,389 | 337,27 | 345,72 |  0,00 | 137,819 | 27,64 | 27,64 | 296,279 |   NaN | NaN | 0,00 | 0,00 | NaN
  12 |  1,24 | 177,653 | 753,06 | 762,51 | 757,59 |  0,00 | 1,398 | 44,35 | 44,35 |  0,00 | 13,763 | 344,29 | 344,29 |  2,73 | 610,816 | 336,77 | 346,22 |  0,00 | 138,533 | 27,64 | 27,64 | 297,382 |   NaN | NaN | 0,00 | 0,00 | NaN
  13 |  0,69 | 158,768 | 748,25 | 753,45 | 752,80 |  0,00 | 1,362 | 44,35 | 44,35 |  0,00 | 13,517 | 342,66 | 342,66 |  1,54 | 546,770 | 333,60 | 338,81 |  0,00 | 138,711 | 27,64 | 27,64 | 297,570 |   NaN | NaN | 0,00 | 0,00 | NaN
  14 |  1,77 | 203,561 | 753,76 | 767,34 | 758,31 |  0,00 | 1,404 | 44,35 | 44,35 |  0,00 | 12,648 | 347,32 | 347,32 |  3,90 | 709,241 | 334,44 | 348,02 |  0,00 | 138,705 | 27,64 | 27,64 | 297,591 |   NaN | NaN | 0,00 | 0,00 | NaN
  15 |  0,83 | 183,780 | 755,21 | 761,55 | 759,77 |  0,00 | 1,398 | 44,35 | 44,35 |  0,00 | 15,044 | 340,49 | 340,49 |  1,81 | 621,761 | 342,73 | 349,06 |  0,00 | 138,445 | 27,64 | 27,64 | 297,170 |   NaN | NaN | 0,00 | 0,00 | NaN
  16 |  1,79 | 239,607 | 756,15 | 769,90 | 760,70 |  0,00 | 1,389 | 44,35 | 44,35 |  0,00 | 14,239 | 347,47 | 347,47 |  3,93 | 833,251 | 336,68 | 350,44 |  0,00 | 138,624 | 27,64 | 27,64 | 297,421 |   NaN | NaN | 0,00 | 0,00 | NaN
  17 |  1,21 | 197,295 | 753,86 | 763,10 | 758,42 |  0,00 | 1,402 | 44,35 | 44,35 |  0,00 | 13,987 | 346,97 | 346,97 |  2,68 | 684,817 | 334,91 | 344,14 |  0,00 | 138,485 | 27,64 | 27,64 | 297,265 |   NaN | NaN | 0,00 | 0,00 | NaN
  18 |  0,88 | 188,282 | 753,74 | 760,41 | 758,27 |  0,00 | 1,379 | 44,35 | 44,35 |  0,00 | 12,548 | 345,01 | 345,01 |  1,94 | 650,400 | 336,74 | 343,41 |  0,00 | 136,960 | 27,64 | 27,64 | 294,293 |   NaN | NaN | 0,00 | 0,00 | NaN
  19 |  0,53 | 153,726 | 751,67 | 755,71 | 756,21 |  0,00 | 1,370 | 44,35 | 44,35 |  0,00 | 12,533 | 340,24 | 340,24 |  1,18 | 522,210 | 339,44 | 343,49 |  0,00 | 138,465 | 27,64 | 27,64 | 297,200 |   NaN | NaN | 0,00 | 0,00 | NaN
  20 |  0,54 | 155,412 | 750,20 | 754,30 | 754,73 |  0,00 | 1,365 | 44,35 | 44,35 |  0,00 | 14,191 | 344,33 | 344,33 |  1,21 | 534,534 | 333,88 | 337,98 |  0,00 | 137,608 | 27,64 | 27,64 | 295,840 |   NaN | NaN | 0,00 | 0,00 | NaN
  21 |  0,45 | 142,965 | 749,15 | 752,57 | 753,68 |  0,00 | 1,370 | 44,35 | 44,35 |  0,00 | 12,202 | 341,65 | 341,65 |  1,01 | 489,070 | 335,51 | 338,93 |  0,00 | 138,577 | 27,64 | 27,64 | 297,246 |   NaN | NaN | 0,00 | 0,00 | NaN
  22 |  1,36 | 211,261 | 755,28 | 765,66 | 759,86 |  0,00 | 1,408 | 44,35 | 44,35 |  0,00 | 14,333 | 350,51 | 350,51 |  3,02 | 739,742 | 332,78 | 343,16 |  0,00 | 138,621 | 27,64 | 27,64 | 297,419 |   NaN | NaN | 0,00 | 0,00 | NaN
  23 |  1,25 | 192,484 | 755,22 | 764,76 | 759,77 |  0,00 | 1,390 | 44,35 | 44,35 |  0,00 | 11,694 | 346,68 | 346,68 |  2,76 | 667,490 | 336,55 | 346,09 |  0,00 | 138,396 | 27,64 | 27,64 | 297,051 |   NaN | NaN | 0,00 | 0,00 | NaN
  24 |  1,64 | 205,944 | 756,24 | 768,83 | 760,77 |  0,00 | 1,352 | 44,35 | 44,35 |  0,00 | 12,117 | 347,79 | 347,79 |  3,61 | 715,706 | 336,46 | 349,05 |  0,00 | 138,714 | 27,64 | 27,64 | 297,663 |   NaN | NaN | 0,00 | 0,00 | NaN
  25 |  1,22 | 185,036 | 755,70 | 765,03 | 760,29 |  0,00 | 1,409 | 44,35 | 44,35 |  0,00 | 12,187 | 342,63 | 342,63 |  2,66 | 632,125 | 341,09 | 350,41 |  0,00 | 138,491 | 27,64 | 27,64 | 297,158 |   NaN | NaN | 0,00 | 0,00 | NaN
  26 |  0,53 | 162,447 | 755,65 | 759,67 | 760,21 |  0,00 | 1,406 | 44,35 | 44,35 |  0,00 | 13,455 | 344,93 | 344,93 |  1,17 | 554,947 | 338,73 | 342,75 |  0,00 | 138,552 | 27,64 | 27,64 | 297,209 |   NaN | NaN | 0,00 | 0,00 | NaN
  27 |  0,84 | 169,609 | 752,22 | 758,57 | 756,74 |  0,00 | 1,332 | 44,35 | 44,35 |  0,00 | 14,158 | 345,66 | 345,66 |  1,86 | 585,240 | 334,57 | 340,92 |  0,00 | 136,597 | 27,64 | 27,64 | 293,612 |   NaN | NaN | 0,00 | 0,00 | NaN
  28 |  0,68 | 159,371 | 750,75 | 755,87 | 755,32 |  0,00 | 1,399 | 44,35 | 44,35 |  0,00 | 12,921 | 343,78 | 343,78 |  1,51 | 548,498 | 334,99 | 340,11 |  0,00 | 138,399 | 27,64 | 27,64 | 297,084 |   NaN | NaN | 0,00 | 0,00 | NaN
  29 |  1,35 | 193,753 | 752,21 | 762,51 | 756,73 |  0,00 | 1,378 | 44,35 | 44,35 |  0,00 | 14,219 | 343,59 | 343,59 |  2,97 | 667,655 | 336,62 | 346,92 |  0,00 | 138,232 | 27,64 | 27,64 | 296,786 |   NaN | NaN | 0,00 | 0,00 | NaN
  30 |  1,06 | 175,570 | 751,89 | 759,92 | 756,46 |  0,00 | 1,408 | 44,35 | 44,35 |  0,00 | 13,889 | 343,25 | 343,25 |  2,33 | 602,959 | 336,64 | 344,68 |  0,00 | 137,119 | 27,64 | 27,64 | 294,786 |   NaN | NaN | 0,00 | 0,00 | NaN
  31 |  0,72 | 194,657 | 754,81 | 760,25 | 759,34 |  0,00 | 1,375 | 44,35 | 44,35 |  0,00 | 13,011 | 345,20 | 345,20 |  1,59 | 671,592 | 337,62 | 343,07 |  0,00 | 138,286 | 27,64 | 27,64 | 296,948 |   NaN | NaN | 0,00 | 0,00 | NaN
  32 |  1,60 | 202,008 | 752,64 | 764,88 | 757,17 |  0,00 | 1,332 | 44,35 | 44,35 |  0,00 | 14,013 | 345,42 | 345,42 |  3,52 | 700,399 | 335,24 | 347,47 |  0,00 | 137,720 | 27,64 | 27,64 | 296,146 |   NaN | NaN | 0,00 | 0,00 | NaN
  33 |  0,69 | 188,032 | 753,51 | 758,72 | 758,06 |  0,00 | 1,397 | 44,35 | 44,35 |  0,00 | 15,137 | 342,49 | 342,49 |  1,51 | 642,459 | 339,02 | 344,24 |  0,00 | 137,622 | 27,64 | 27,64 | 295,740 |   NaN | NaN | 0,00 | 0,00 | NaN
  34 |  1,20 | 177,188 | 752,39 | 761,49 | 756,89 |  0,00 | 1,388 | 44,35 | 44,35 |  0,00 | 13,486 | 344,28 | 344,28 |  2,64 | 610,413 | 336,11 | 345,22 |  0,00 | 135,423 | 27,64 | 27,64 | 291,706 |   NaN | NaN | 0,00 | 0,00 | NaN
  35 |  1,15 | 203,879 | 756,78 | 765,61 | 761,30 |  0,00 | 1,337 | 44,35 | 44,35 |  0,00 | 12,450 | 347,02 | 347,02 |  2,55 | 705,883 | 337,77 | 346,61 |  0,00 | 135,633 | 27,64 | 27,64 | 290,691 |   NaN | NaN | 0,00 | 0,00 | NaN
  36 |  0,94 | 181,888 | 752,53 | 759,67 | 757,07 |  0,00 | 1,390 | 44,35 | 44,35 |  0,00 | 12,607 | 342,17 | 342,17 |  2,07 | 624,071 | 338,38 | 345,51 |  0,00 | 136,061 | 27,64 | 27,64 | 292,872 |   NaN | NaN | 0,00 | 0,00 | NaN
  37 |  1,53 | 209,183 | 755,28 | 767,04 | 759,81 |  0,00 | 1,373 | 44,35 | 44,35 |  0,00 | 13,224 | 349,25 | 349,25 |  3,40 | 730,949 | 334,04 | 345,80 |  0,00 | 137,841 | 27,64 | 27,64 | 296,251 |   NaN | NaN | 0,00 | 0,00 | NaN
  38 |  1,53 | 216,863 | 756,74 | 768,51 | 761,25 |  0,00 | 1,365 | 44,35 | 44,35 |  0,00 | 10,594 | 348,20 | 348,20 |  3,38 | 756,441 | 336,55 | 348,31 |  0,00 | 137,001 | 27,64 | 27,64 | 294,486 |   NaN | NaN | 0,00 | 0,00 | NaN
  39 |  0,73 | 156,128 | 749,61 | 755,09 | 754,21 |  0,00 | 1,408 | 44,35 | 44,35 |  0,00 | 15,682 | 343,60 | 343,60 |  1,61 | 534,979 | 334,02 | 339,50 |  0,00 | 137,468 | 27,64 | 27,64 | 295,538 |   NaN | NaN | 0,00 | 0,00 | NaN
  40 |  0,47 | 152,586 | 748,95 | 752,48 | 753,52 |  0,00 | 1,408 | 44,35 | 44,35 |  0,00 | 11,215 | 343,16 | 343,16 |  1,05 | 527,002 | 333,81 | 337,34 |  0,00 | 136,644 | 27,64 | 27,64 | 293,818 |   NaN | NaN | 0,00 | 0,00 | NaN
  41 |  1,88 | 210,638 | 752,41 | 766,84 | 756,95 |  0,00 | 1,391 | 44,35 | 44,35 |  0,00 | 13,635 | 344,86 | 344,86 |  4,12 | 730,565 | 335,56 | 349,99 |  0,00 | 138,338 | 27,64 | 27,64 | 296,902 |   NaN | NaN | 0,00 | 0,00 | NaN
  42 |  1,46 | 201,638 | 752,79 | 763,97 | 757,31 |  0,00 | 1,337 | 44,35 | 44,35 |  0,00 | 12,557 | 345,21 | 345,21 |  3,23 | 699,763 | 335,59 | 346,77 |  0,00 | 138,109 | 27,64 | 27,64 | 296,651 |   NaN | NaN | 0,00 | 0,00 | NaN
  43 |  2,09 | 206,395 | 752,57 | 768,63 | 757,13 |  0,00 | 1,415 | 44,35 | 44,35 |  0,00 | 12,146 | 349,55 | 349,55 |  4,63 | 726,673 | 331,03 | 347,09 |  0,00 | 137,582 | 27,64 | 27,64 | 295,643 |   NaN | NaN | 0,00 | 0,00 | NaN
  44 |  1,06 | 211,491 | 756,58 | 764,67 | 761,11 |  0,00 | 1,327 | 44,35 | 44,35 |  0,00 | 13,416 | 345,99 | 345,99 |  2,34 | 729,950 | 338,60 | 346,69 |  0,00 | 138,170 | 27,64 | 27,64 | 296,817 |   NaN | NaN | 0,00 | 0,00 | NaN
  45 |  1,35 | 191,739 | 753,51 | 763,79 | 758,10 |  0,00 | 1,412 | 44,35 | 44,35 |  0,00 | 13,549 | 348,38 | 348,38 |  2,99 | 668,515 | 333,14 | 343,42 |  0,00 | 138,308 | 27,64 | 27,64 | 296,890 |   NaN | NaN | 0,00 | 0,00 | NaN
  46 |  1,27 | 183,298 | 752,76 | 762,47 | 757,28 |  0,00 | 1,351 | 44,35 | 44,35 |  0,00 | 14,969 | 344,55 | 344,55 |  2,80 | 630,650 | 336,22 | 345,93 |  0,00 | 137,485 | 27,64 | 27,64 | 295,723 |   NaN | NaN | 0,00 | 0,00 | NaN
  47 |  1,29 | 192,326 | 753,22 | 763,03 | 757,76 |  0,00 | 1,349 | 44,35 | 44,35 |  0,00 | 14,098 | 348,05 | 348,05 |  2,86 | 669,808 | 333,18 | 342,99 |  0,00 | 138,327 | 27,64 | 27,64 | 296,947 |   NaN | NaN | 0,00 | 0,00 | NaN
  48 |  0,82 | 177,306 | 753,69 | 759,93 | 758,23 |  0,00 | 1,378 | 44,35 | 44,35 |  0,00 | 15,096 | 344,41 | 344,41 |  1,81 | 607,792 | 337,29 | 343,53 |  0,00 | 138,292 | 27,64 | 27,64 | 296,911 |   NaN | NaN | 0,00 | 0,00 | NaN
  49 |  1,09 | 182,631 | 752,18 | 760,51 | 756,72 |  0,00 | 1,391 | 44,35 | 44,35 |  0,00 | 14,901 | 345,26 | 345,26 |  2,43 | 630,433 | 334,93 | 343,26 |  0,00 | 138,459 | 27,64 | 27,64 | 297,169 |   NaN | NaN | 0,00 | 0,00 | NaN
  50 |  1,13 | 199,749 | 755,85 | 764,50 | 760,38 |  0,00 | 1,345 | 44,35 | 44,35 |  0,00 | 12,887 | 348,79 | 348,79 |  2,52 | 695,622 | 335,06 | 343,72 |  0,00 | 137,277 | 27,64 | 27,64 | 295,349 |   NaN | NaN | 0,00 | 0,00 | NaN
  51 |  1,22 | 193,218 | 754,17 | 763,49 | 758,71 |  0,00 | 1,343 | 44,35 | 44,35 |  0,00 | 12,453 | 344,81 | 344,81 |  2,69 | 666,900 | 337,37 | 346,69 |  0,00 | 138,249 | 27,64 | 27,64 | 296,846 |   NaN | NaN | 0,00 | 0,00 | NaN
  52 |  0,89 | 181,682 | 750,16 | 756,87 | 754,69 |  0,00 | 1,369 | 44,35 | 44,35 |  0,00 | 14,628 | 340,08 | 340,08 |  1,95 | 620,372 | 338,09 | 344,81 |  0,00 | 138,266 | 27,64 | 27,64 | 296,857 |   NaN | NaN | 0,00 | 0,00 | NaN
  53 |  1,16 | 189,818 | 756,13 | 764,96 | 760,65 |  0,00 | 1,357 | 44,35 | 44,35 |  0,00 | 14,643 | 346,97 | 346,97 |  2,55 | 654,223 | 337,17 | 346,00 |  0,00 | 137,831 | 27,64 | 27,64 | 296,264 |   NaN | NaN | 0,00 | 0,00 | NaN
  54 |  0,69 | 170,692 | 753,30 | 758,57 | 757,83 |  0,00 | 1,359 | 44,35 | 44,35 |  0,00 | 12,997 | 345,49 | 345,49 |  1,55 | 588,611 | 335,82 | 341,09 |  0,00 | 138,200 | 27,64 | 27,64 | 296,778 |   NaN | NaN | 0,00 | 0,00 | NaN
  55 |  1,33 | 191,844 | 751,52 | 761,65 | 756,06 |  0,00 | 1,344 | 44,35 | 44,35 |  0,00 | 13,777 | 344,17 | 344,17 |  2,93 | 663,441 | 335,36 | 345,49 |  0,00 | 136,962 | 27,64 | 27,64 | 294,445 |   NaN | NaN | 0,00 | 0,00 | NaN
  56 |  0,79 | 172,478 | 752,87 | 758,90 | 757,40 |  0,00 | 1,350 | 44,35 | 44,35 |  0,00 | 13,299 | 342,29 | 342,29 |  1,75 | 589,690 | 338,59 | 344,62 |  0,00 | 138,293 | 27,64 | 27,64 | 296,902 |   NaN | NaN | 0,00 | 0,00 | NaN
  57 |  1,33 | 195,505 | 753,38 | 763,54 | 757,91 |  0,00 | 1,347 | 44,35 | 44,35 |  0,00 | 13,829 | 345,06 | 345,06 |  2,93 | 675,553 | 336,32 | 346,48 |  0,00 | 138,322 | 27,64 | 27,64 | 296,964 |   NaN | NaN | 0,00 | 0,00 | NaN
  58 |  0,69 | 197,449 | 756,46 | 761,70 | 760,99 |  0,00 | 1,376 | 44,35 | 44,35 |  0,00 | 12,068 | 343,68 | 343,68 |  1,52 | 677,144 | 340,78 | 346,03 |  0,00 | 138,271 | 27,64 | 27,64 | 296,867 |   NaN | NaN | 0,00 | 0,00 | NaN
  59 |  1,51 | 209,109 | 755,07 | 766,65 | 759,59 |  0,00 | 1,395 | 44,35 | 44,35 |  0,00 | 11,946 | 345,87 | 345,87 |  3,32 | 725,193 | 337,21 | 348,79 |  0,00 | 135,254 | 27,64 | 27,64 | 291,412 |   NaN | NaN | 0,00 | 0,00 | NaN
  60 |  0,93 | 183,284 | 753,60 | 760,66 | 758,12 |  0,00 | 1,330 | 44,35 | 44,35 |  0,00 | 12,303 | 344,60 | 344,60 |  2,05 | 632,339 | 337,01 | 344,07 |  0,00 | 138,247 | 27,64 | 27,64 | 296,870 |   NaN | NaN | 0,00 | 0,00 | NaN
  61 |  1,17 | 197,514 | 755,94 | 764,86 | 760,47 |  0,00 | 1,352 | 44,35 | 44,35 |  0,00 | 11,471 | 345,52 | 345,52 |  2,57 | 682,489 | 338,43 | 347,35 |  0,00 | 137,649 | 27,64 | 27,64 | 295,980 |   NaN | NaN | 0,00 | 0,00 | NaN
  62 |  1,22 | 199,290 | 755,17 | 764,49 | 759,77 |  0,00 | 1,414 | 44,35 | 44,35 |  0,00 | 12,259 | 346,40 | 346,40 |  2,69 | 690,469 | 336,78 | 346,10 |  0,00 | 138,290 | 27,64 | 27,64 | 296,902 |   NaN | NaN | 0,00 | 0,00 | NaN
  63 |  1,35 | 189,744 | 752,72 | 763,02 | 757,23 |  0,00 | 1,369 | 44,35 | 44,35 |  0,00 | 12,966 | 345,71 | 345,71 |  2,98 | 657,844 | 335,02 | 345,32 |  0,00 | 137,115 | 27,64 | 27,64 | 294,740 |   NaN | NaN | 0,00 | 0,00 | NaN
  64 |  0,80 | 183,234 | 751,95 | 757,99 | 756,54 |  0,00 | 1,412 | 44,35 | 44,35 |  0,00 | 12,806 | 341,05 | 341,05 |  1,75 | 627,200 | 338,91 | 344,95 |  0,00 | 138,223 | 27,64 | 27,64 | 296,770 |   NaN | NaN | 0,00 | 0,00 | NaN

= = = = = = = = = = = = AVERAGE RESULTS system = = = = = = = = = = = =
meanPLR_system | 1,128052 
meanDelay_system | 188,659890 
meanLoad_system | 762,086331 
meanTHR_system | 753,476458 
meanGate_system | 758,018204 

meanPLR_EF_system | 0,000000 
meanPLR_AF_system | 0,000000 
meanPLR_BE_system | 2,491761 
meanPLR_FLA_system | 0,000000 
meanPLR_FLB_system | NaN 

meanTHR_EF_system | 44,352003 
meanTHR_AF_system | 345,225531 
meanTHR_BE_system | 336,261586 
meanTHR_FLA_system | 28,030338 
meanTHR_FLB_system | 0,000000 

meanLoad_EF_system | 44,352003 
meanLoad_AF_system | 345,225531 
meanLoad_BE_system | 344,871460 
meanLoad_FLA_system | 28,030338 
meanLoad_FLB_system | 0,000000 

meanDELAY_EF_system | 1,373774 
meanDELAY_AF_system | 13,383134 
meanDELAY_BE_system | 651,763819 
meanDELAY_FLA_system | 137,938867 
meanDELAY_FLB_system | NaN 
meanDELAY_CompleteFLA_system | 296,246530 
meanDELAY_CompleteFLB_system | NaN 

= = = = = = = = = = = = AVERAGE RESULTS = = = = = = = = = = = =
Packet Loss Ratio: 01,13 (%)
PROCESSED PACKAGES: 2581776011 
DISCARTED PACKAGES: 18372129 
TOTAL PACKAGES: 2600148140 
AVERAGE DELAY: 35572,30 (ms) 
AVERAGE THROUGHPUT: 753,48 (Mbps) 
GRANTED THROUGHPUT: 48513,17 (Mbps) By 64 ONUs
EFFECTIVE THROUGHPUT: 48222,49 (Mbps) By 64 ONUs
TOTAL LOAD: 48773,53 (Mbps) By 64 ONUs
ON Arrival THROUGHPUT: 0,00 (Mbps) By 64 ONUs
FINISHTIMEFL: 210,971412 
FINISHTIME: 213,971412 


fileName | IPACT_STRICTPRIORITY_5_28_92_0 
