
ONU ID 	|  PLR(%) | Delay(ms) | Throughput(Mbps) | Granted Throughput(Mbps) | Total Load (Mbps) 

  ID |  PLR(%) |  D  | Thr |  Gates  |  Load  | PLR-EF | D-EF | ThrEF | LoadEF | PLR-AF | D-AF | ThrAF | LoadAF | PLR-BE | D-BE | ThrBE | LoadBE | PLR-FA | D-FA | ThrFA | LoadFA | DTFA |  PLR-FB | D-FB | ThrFB | LoadFB | DTFB | 
   1 |  3,86 | 267,981 | 754,96 | 785,24 | 759,52 |  0,00 | 1,407 | 44,35 | 44,35 |  0,00 | 16,459 | 357,56 | 357,56 |  8,68 | 979,515 | 318,46 | 348,75 |  0,00 | 139,083 | 34,58 | 34,58 | 300,159 |   NaN | NaN | 0,00 | 0,00 | NaN
   2 |  4,18 | 254,821 | 754,44 | 787,35 | 758,77 |  0,00 | 1,419 | 44,35 | 44,35 |  0,00 | 4,499 | 357,62 | 357,62 |  9,38 | 928,587 | 317,88 | 350,79 |  0,00 | 417,369 | 34,58 | 34,58 | 1276,516 |   NaN | NaN | 0,00 | 0,00 | NaN
   3 |  3,49 | 246,744 | 752,80 | 780,05 | 757,14 |  0,00 | 1,355 | 44,35 | 44,35 |  0,00 | 7,650 | 350,23 | 350,23 |  7,77 | 882,788 | 323,63 | 350,89 |  0,00 | 331,449 | 34,58 | 34,58 | 1011,363 |   NaN | NaN | 0,00 | 0,00 | NaN
   4 |  4,37 | 271,271 | 754,55 | 789,01 | 759,11 |  0,00 | 1,361 | 44,35 | 44,35 |  0,00 | 15,987 | 356,61 | 356,61 |  9,75 | 990,485 | 319,00 | 353,46 |  0,00 | 139,152 | 34,58 | 34,58 | 298,473 |   NaN | NaN | 0,00 | 0,00 | NaN
   5 |  3,56 | 250,070 | 753,53 | 781,34 | 757,81 |  0,00 | 1,386 | 44,35 | 44,35 |  0,00 | 2,204 | 351,99 | 351,99 |  7,94 | 889,460 | 322,60 | 350,41 |  0,00 | 588,396 | 34,58 | 34,58 | 1789,485 |   NaN | NaN | 0,00 | 0,00 | NaN
   6 |  4,15 | 261,516 | 754,70 | 787,34 | 758,99 |  0,00 | 1,335 | 44,35 | 44,35 |  0,00 | 3,520 | 355,55 | 355,55 |  9,25 | 948,362 | 320,22 | 352,85 |  0,00 | 415,813 | 34,58 | 34,58 | 1271,611 |   NaN | NaN | 0,00 | 0,00 | NaN
   7 |  3,95 | 268,089 | 753,50 | 784,52 | 758,00 |  0,00 | 1,353 | 44,35 | 44,35 |  0,00 | 16,243 | 353,77 | 353,77 |  8,82 | 971,448 | 320,80 | 351,82 |  0,00 | 152,767 | 34,58 | 34,58 | 384,198 |   NaN | NaN | 0,00 | 0,00 | NaN
   8 |  3,97 | 260,123 | 755,21 | 786,45 | 759,51 |  0,00 | 1,403 | 44,35 | 44,35 |  0,00 | 4,631 | 352,68 | 352,68 |  8,80 | 932,977 | 323,59 | 354,83 |  0,00 | 409,750 | 34,58 | 34,58 | 1253,365 |   NaN | NaN | 0,00 | 0,00 | NaN
   9 |  4,14 | 261,215 | 755,17 | 787,75 | 759,57 |  0,00 | 1,343 | 44,35 | 44,35 |  0,00 | 11,263 | 354,08 | 354,08 |  9,18 | 945,168 | 322,15 | 354,73 |  0,00 | 210,628 | 34,58 | 34,58 | 598,615 |   NaN | NaN | 0,00 | 0,00 | NaN
  10 |  3,56 | 255,665 | 754,54 | 782,35 | 759,11 |  0,00 | 1,404 | 44,35 | 44,35 |  0,00 | 16,363 | 352,24 | 352,24 |  7,92 | 919,178 | 323,36 | 351,17 |  0,00 | 139,306 | 34,58 | 34,58 | 303,725 |   NaN | NaN | 0,00 | 0,00 | NaN
  11 |  3,61 | 249,429 | 753,92 | 782,14 | 758,21 |  0,00 | 1,344 | 44,35 | 44,35 |  0,00 | 1,947 | 349,54 | 349,54 |  7,98 | 859,825 | 325,45 | 353,67 |  0,00 | 951,493 | 34,58 | 34,58 | 2879,190 |   NaN | NaN | 0,00 | 0,00 | NaN
  12 |  3,87 | 251,108 | 755,69 | 786,11 | 760,00 |  0,00 | 1,406 | 44,35 | 44,35 |  0,00 | 3,126 | 352,91 | 352,91 |  8,59 | 897,094 | 323,84 | 354,26 |  0,00 | 477,313 | 34,58 | 34,58 | 1456,353 |   NaN | NaN | 0,00 | 0,00 | NaN
  13 |  3,11 | 248,892 | 752,31 | 776,46 | 756,60 |  0,00 | 1,371 | 44,35 | 44,35 |  0,00 | 6,586 | 350,81 | 350,81 |  6,96 | 894,700 | 322,57 | 346,71 |  0,00 | 326,137 | 34,58 | 34,58 | 1002,418 |   NaN | NaN | 0,00 | 0,00 | NaN
  14 |  4,33 | 259,103 | 752,54 | 786,64 | 756,86 |  0,00 | 1,412 | 44,35 | 44,35 |  0,00 | 2,308 | 353,96 | 353,96 |  9,64 | 931,138 | 319,65 | 353,74 |  0,00 | 579,236 | 34,58 | 34,58 | 1762,088 |   NaN | NaN | 0,00 | 0,00 | NaN
  15 |  3,54 | 260,641 | 753,51 | 781,19 | 758,01 |  0,00 | 1,406 | 44,35 | 44,35 |  0,00 | 16,829 | 347,15 | 347,15 |  7,80 | 924,086 | 327,42 | 355,11 |  0,00 | 155,487 | 34,58 | 34,58 | 395,711 |   NaN | NaN | 0,00 | 0,00 | NaN
  16 |  5,02 | 280,569 | 754,16 | 794,00 | 758,52 |  0,00 | 1,397 | 44,35 | 44,35 |  0,00 | 8,498 | 354,54 | 354,54 | 11,05 | 1019,332 | 320,69 | 360,53 |  0,00 | 286,834 | 34,58 | 34,58 | 863,329 |   NaN | NaN | 0,00 | 0,00 | NaN
  17 |  4,15 | 267,355 | 753,62 | 786,26 | 758,01 |  0,00 | 1,410 | 44,35 | 44,35 |  0,00 | 8,006 | 355,16 | 355,16 |  9,27 | 974,099 | 319,52 | 352,16 |  0,00 | 278,718 | 34,58 | 34,58 | 827,322 |   NaN | NaN | 0,00 | 0,00 | NaN
  18 |  3,47 | 244,457 | 754,05 | 781,19 | 758,34 |  0,00 | 1,387 | 44,35 | 44,35 |  0,00 | 2,247 | 350,93 | 350,93 |  7,72 | 840,304 | 324,18 | 351,32 |  0,00 | 1026,836 | 34,58 | 34,58 | 3105,015 |   NaN | NaN | 0,00 | 0,00 | NaN
  19 |  2,64 | 235,142 | 754,30 | 774,74 | 758,60 |  0,00 | 1,378 | 44,35 | 44,35 |  0,00 | 2,076 | 346,58 | 346,58 |  5,85 | 807,930 | 328,78 | 349,22 |  0,00 | 791,721 | 34,58 | 34,58 | 2399,572 |   NaN | NaN | 0,00 | 0,00 | NaN
  20 |  3,19 | 230,393 | 753,26 | 778,07 | 757,54 |  0,00 | 1,373 | 44,35 | 44,35 |  0,00 | 2,268 | 352,71 | 352,71 |  7,16 | 796,304 | 321,62 | 346,43 |  0,00 | 983,126 | 34,58 | 34,58 | 2974,404 |   NaN | NaN | 0,00 | 0,00 | NaN
  21 |  2,61 | 231,378 | 752,77 | 772,92 | 757,32 |  0,00 | 1,378 | 44,35 | 44,35 |  0,00 | 17,294 | 348,46 | 348,46 |  5,83 | 821,933 | 325,37 | 345,52 |  0,00 | 141,134 | 34,58 | 34,58 | 319,943 |   NaN | NaN | 0,00 | 0,00 | NaN
  22 |  4,38 | 266,133 | 754,71 | 789,27 | 759,03 |  0,00 | 1,416 | 44,35 | 44,35 |  0,00 | 2,195 | 358,85 | 358,85 |  9,83 | 961,669 | 316,92 | 351,48 |  0,00 | 682,108 | 34,58 | 34,58 | 2070,602 |   NaN | NaN | 0,00 | 0,00 | NaN
  23 |  3,83 | 257,955 | 754,62 | 784,69 | 758,93 |  0,00 | 1,398 | 44,35 | 44,35 |  0,00 | 2,088 | 353,12 | 353,12 |  8,53 | 903,333 | 322,56 | 352,63 |  0,00 | 885,156 | 34,58 | 34,58 | 2679,697 |   NaN | NaN | 0,00 | 0,00 | NaN
  24 |  4,32 | 265,279 | 754,27 | 788,33 | 758,59 |  0,00 | 1,360 | 44,35 | 44,35 |  0,00 | 8,050 | 353,42 | 353,42 |  9,57 | 956,232 | 321,92 | 355,97 |  0,00 | 340,706 | 34,58 | 34,58 | 1045,554 |   NaN | NaN | 0,00 | 0,00 | NaN
  25 |  4,33 | 276,292 | 754,47 | 788,61 | 758,98 |  0,00 | 1,417 | 44,35 | 44,35 |  0,00 | 12,588 | 351,37 | 351,37 |  9,53 | 994,867 | 324,16 | 358,30 |  0,00 | 175,743 | 34,58 | 34,58 | 469,861 |   NaN | NaN | 0,00 | 0,00 | NaN
  26 |  3,40 | 263,575 | 754,29 | 780,82 | 758,80 |  0,00 | 1,414 | 44,35 | 44,35 |  0,00 | 17,002 | 351,86 | 351,86 |  7,58 | 946,099 | 323,50 | 350,02 |  0,00 | 155,901 | 34,58 | 34,58 | 401,718 |   NaN | NaN | 0,00 | 0,00 | NaN
  27 |  3,41 | 238,485 | 754,63 | 781,24 | 758,90 |  0,00 | 1,340 | 44,35 | 44,35 |  0,00 | 1,815 | 354,22 | 354,22 |  7,64 | 826,718 | 321,47 | 348,08 |  0,00 | 1015,348 | 34,58 | 34,58 | 3070,766 |   NaN | NaN | 0,00 | 0,00 | NaN
  28 |  2,79 | 242,831 | 753,77 | 775,37 | 758,07 |  0,00 | 1,407 | 44,35 | 44,35 |  0,00 | 2,069 | 351,52 | 351,52 |  6,26 | 845,003 | 323,31 | 344,91 |  0,00 | 877,010 | 34,58 | 34,58 | 2655,443 |   NaN | NaN | 0,00 | 0,00 | NaN
  29 |  4,06 | 259,160 | 753,65 | 785,53 | 757,94 |  0,00 | 1,386 | 44,35 | 44,35 |  0,00 | 1,833 | 353,27 | 353,27 |  9,02 | 909,042 | 321,44 | 353,32 |  0,00 | 904,053 | 34,58 | 34,58 | 2736,920 |   NaN | NaN | 0,00 | 0,00 | NaN
  30 |  3,41 | 242,636 | 754,17 | 780,77 | 758,48 |  0,00 | 1,416 | 44,35 | 44,35 |  0,00 | 1,953 | 350,73 | 350,73 |  7,58 | 831,968 | 324,50 | 351,10 |  0,00 | 1049,224 | 34,58 | 34,58 | 3172,697 |   NaN | NaN | 0,00 | 0,00 | NaN
  31 |  3,38 | 245,928 | 754,22 | 780,61 | 758,51 |  0,00 | 1,383 | 44,35 | 44,35 |  0,00 | 1,983 | 353,11 | 353,11 |  7,57 | 859,002 | 322,17 | 348,56 |  0,00 | 895,786 | 34,58 | 34,58 | 2711,988 |   NaN | NaN | 0,00 | 0,00 | NaN
  32 |  3,84 | 237,313 | 755,77 | 785,96 | 760,05 |  0,00 | 1,340 | 44,35 | 44,35 |  0,00 | 2,359 | 353,09 | 353,09 |  8,53 | 819,500 | 323,74 | 353,93 |  0,00 | 963,694 | 34,58 | 34,58 | 2916,166 |   NaN | NaN | 0,00 | 0,00 | NaN
  33 |  3,34 | 240,200 | 753,65 | 779,70 | 757,93 |  0,00 | 1,405 | 44,35 | 44,35 |  0,00 | 2,270 | 349,38 | 349,38 |  7,41 | 825,338 | 325,34 | 351,39 |  0,00 | 953,153 | 34,58 | 34,58 | 2884,335 |   NaN | NaN | 0,00 | 0,00 | NaN
  34 |  3,48 | 242,351 | 754,60 | 781,77 | 758,86 |  0,00 | 1,396 | 44,35 | 44,35 |  0,00 | 1,853 | 351,98 | 351,98 |  7,75 | 831,305 | 323,68 | 350,86 |  0,00 | 1086,409 | 34,58 | 34,58 | 3284,246 |   NaN | NaN | 0,00 | 0,00 | NaN
  35 |  4,29 | 261,324 | 754,05 | 787,86 | 758,33 |  0,00 | 1,345 | 44,35 | 44,35 |  0,00 | 1,794 | 354,80 | 354,80 |  9,55 | 908,489 | 320,32 | 354,12 |  0,00 | 1120,273 | 34,58 | 34,58 | 3385,642 |   NaN | NaN | 0,00 | 0,00 | NaN
  36 |  3,40 | 234,952 | 754,48 | 781,01 | 758,77 |  0,00 | 1,399 | 44,35 | 44,35 |  0,00 | 1,863 | 348,64 | 348,64 |  7,50 | 799,432 | 326,91 | 353,43 |  0,00 | 1021,560 | 34,58 | 34,58 | 3089,289 |   NaN | NaN | 0,00 | 0,00 | NaN
  37 |  4,36 | 257,484 | 755,16 | 789,60 | 759,45 |  0,00 | 1,381 | 44,35 | 44,35 |  0,00 | 1,943 | 357,76 | 357,76 |  9,76 | 909,410 | 318,46 | 352,91 |  0,00 | 956,396 | 34,58 | 34,58 | 2894,039 |   NaN | NaN | 0,00 | 0,00 | NaN
  38 |  4,19 | 259,702 | 755,10 | 788,10 | 759,39 |  0,00 | 1,373 | 44,35 | 44,35 |  0,00 | 1,618 | 354,19 | 354,19 |  9,30 | 905,855 | 321,97 | 354,98 |  0,00 | 995,769 | 34,58 | 34,58 | 3012,138 |   NaN | NaN | 0,00 | 0,00 | NaN
  39 |  2,31 | 227,183 | 755,15 | 773,03 | 759,48 |  0,00 | 1,416 | 44,35 | 44,35 |  0,00 | 1,643 | 349,04 | 349,04 |  5,18 | 773,013 | 327,18 | 345,06 |  0,00 | 987,355 | 34,58 | 34,58 | 2986,844 |   NaN | NaN | 0,00 | 0,00 | NaN
  40 |  2,88 | 225,626 | 753,28 | 775,58 | 757,59 |  0,00 | 1,416 | 44,35 | 44,35 |  0,00 | 1,734 | 351,94 | 351,94 |  6,47 | 772,184 | 322,41 | 344,71 |  0,00 | 1077,920 | 34,58 | 34,58 | 3258,301 |   NaN | NaN | 0,00 | 0,00 | NaN
  41 |  4,29 | 251,783 | 752,58 | 786,33 | 756,87 |  0,00 | 1,399 | 44,35 | 44,35 |  0,00 | 1,834 | 349,30 | 349,30 |  9,43 | 872,777 | 324,34 | 358,10 |  0,00 | 905,135 | 34,58 | 34,58 | 2739,790 |   NaN | NaN | 0,00 | 0,00 | NaN
  42 |  4,31 | 256,559 | 754,81 | 788,85 | 759,09 |  0,00 | 1,345 | 44,35 | 44,35 |  0,00 | 1,751 | 354,52 | 354,52 |  9,58 | 898,759 | 321,36 | 355,39 |  0,00 | 938,667 | 34,58 | 34,58 | 2841,018 |   NaN | NaN | 0,00 | 0,00 | NaN
  43 |  5,06 | 264,929 | 754,11 | 794,29 | 758,42 |  0,00 | 1,423 | 44,35 | 44,35 |  0,00 | 1,951 | 357,68 | 357,68 | 11,23 | 939,067 | 317,49 | 357,67 |  0,00 | 960,517 | 34,58 | 34,58 | 2906,321 |   NaN | NaN | 0,00 | 0,00 | NaN
  44 |  4,10 | 265,652 | 754,96 | 787,22 | 759,26 |  0,00 | 1,335 | 44,35 | 44,35 |  0,00 | 2,546 | 352,46 | 352,46 |  9,07 | 926,990 | 323,56 | 355,83 |  0,00 | 915,389 | 34,58 | 34,58 | 2770,639 |   NaN | NaN | 0,00 | 0,00 | NaN
  45 |  3,39 | 244,205 | 755,03 | 781,51 | 759,37 |  0,00 | 1,420 | 44,35 | 44,35 |  0,00 | 1,839 | 355,72 | 355,72 |  7,63 | 856,645 | 320,38 | 346,86 |  0,00 | 912,948 | 34,58 | 34,58 | 2763,578 |   NaN | NaN | 0,00 | 0,00 | NaN
  46 |  3,77 | 247,656 | 754,74 | 784,29 | 759,02 |  0,00 | 1,359 | 44,35 | 44,35 |  0,00 | 2,005 | 350,96 | 350,96 |  8,34 | 855,647 | 324,84 | 354,39 |  0,00 | 950,212 | 34,58 | 34,58 | 2875,431 |   NaN | NaN | 0,00 | 0,00 | NaN
  47 |  3,52 | 241,981 | 754,03 | 781,52 | 758,33 |  0,00 | 1,357 | 44,35 | 44,35 |  0,00 | 2,064 | 353,17 | 353,17 |  7,87 | 844,409 | 321,92 | 349,42 |  0,00 | 899,014 | 34,58 | 34,58 | 2721,497 |   NaN | NaN | 0,00 | 0,00 | NaN
  48 |  3,51 | 260,856 | 753,62 | 781,00 | 757,92 |  0,00 | 1,386 | 44,35 | 44,35 |  0,00 | 1,530 | 351,18 | 351,18 |  7,80 | 911,087 | 323,50 | 350,88 |  0,00 | 883,454 | 34,58 | 34,58 | 2675,074 |   NaN | NaN | 0,00 | 0,00 | NaN
  49 |  3,34 | 236,797 | 754,55 | 780,64 | 758,85 |  0,00 | 1,399 | 44,35 | 44,35 |  0,00 | 1,821 | 353,01 | 353,01 |  7,48 | 824,754 | 322,60 | 348,69 |  0,00 | 883,899 | 34,58 | 34,58 | 2675,953 |   NaN | NaN | 0,00 | 0,00 | NaN
  50 |  3,99 | 254,780 | 754,32 | 785,70 | 758,59 |  0,00 | 1,353 | 44,35 | 44,35 |  0,00 | 1,753 | 355,62 | 355,62 |  8,94 | 895,090 | 319,76 | 351,14 |  0,00 | 954,593 | 34,58 | 34,58 | 2888,534 |   NaN | NaN | 0,00 | 0,00 | NaN
  51 |  3,85 | 254,646 | 754,17 | 784,39 | 758,46 |  0,00 | 1,351 | 44,35 | 44,35 |  0,00 | 2,109 | 351,97 | 351,97 |  8,55 | 888,198 | 323,26 | 353,48 |  0,00 | 891,930 | 34,58 | 34,58 | 2700,314 |   NaN | NaN | 0,00 | 0,00 | NaN
  52 |  3,67 | 243,418 | 753,00 | 781,69 | 757,28 |  0,00 | 1,377 | 44,35 | 44,35 |  0,00 | 2,301 | 347,61 | 347,61 |  8,08 | 838,324 | 326,45 | 355,14 |  0,00 | 873,200 | 34,58 | 34,58 | 2644,246 |   NaN | NaN | 0,00 | 0,00 | NaN
  53 |  3,87 | 251,528 | 754,55 | 784,91 | 758,84 |  0,00 | 1,365 | 44,35 | 44,35 |  0,00 | 2,123 | 354,34 | 354,34 |  8,63 | 880,474 | 321,27 | 351,63 |  0,00 | 926,379 | 34,58 | 34,58 | 2804,178 |   NaN | NaN | 0,00 | 0,00 | NaN
  54 |  3,00 | 239,089 | 754,56 | 777,91 | 758,84 |  0,00 | 1,367 | 44,35 | 44,35 |  0,00 | 1,800 | 352,11 | 352,11 |  6,73 | 826,778 | 323,52 | 346,86 |  0,00 | 958,813 | 34,58 | 34,58 | 2901,122 |   NaN | NaN | 0,00 | 0,00 | NaN
  55 |  3,24 | 232,882 | 755,49 | 780,80 | 759,77 |  0,00 | 1,352 | 44,35 | 44,35 |  0,00 | 1,557 | 349,44 | 349,44 |  7,18 | 791,646 | 327,11 | 352,42 |  0,00 | 1038,739 | 34,58 | 34,58 | 3141,012 |   NaN | NaN | 0,00 | 0,00 | NaN
  56 |  3,15 | 240,990 | 754,85 | 779,43 | 759,15 |  0,00 | 1,358 | 44,35 | 44,35 |  0,00 | 1,906 | 349,55 | 349,55 |  7,00 | 830,114 | 326,36 | 350,94 |  0,00 | 900,240 | 34,58 | 34,58 | 2725,029 |   NaN | NaN | 0,00 | 0,00 | NaN
  57 |  3,72 | 246,854 | 754,00 | 783,15 | 758,29 |  0,00 | 1,355 | 44,35 | 44,35 |  0,00 | 1,823 | 350,75 | 350,75 |  8,25 | 857,995 | 324,31 | 353,46 |  0,00 | 868,254 | 34,58 | 34,58 | 2629,410 |   NaN | NaN | 0,00 | 0,00 | NaN
  58 |  3,73 | 259,855 | 754,03 | 783,28 | 758,32 |  0,00 | 1,384 | 44,35 | 44,35 |  0,00 | 2,429 | 352,00 | 352,00 |  8,30 | 904,419 | 323,09 | 352,34 |  0,00 | 940,933 | 34,58 | 34,58 | 2847,264 |   NaN | NaN | 0,00 | 0,00 | NaN
  59 |  4,28 | 259,137 | 755,25 | 789,03 | 759,55 |  0,00 | 1,403 | 44,35 | 44,35 |  0,00 | 1,563 | 351,85 | 351,85 |  9,43 | 893,608 | 324,47 | 358,24 |  0,00 | 1055,080 | 34,58 | 34,58 | 3190,138 |   NaN | NaN | 0,00 | 0,00 | NaN
  60 |  3,82 | 252,063 | 754,08 | 784,00 | 758,37 |  0,00 | 1,338 | 44,35 | 44,35 |  0,00 | 2,216 | 352,34 | 352,34 |  8,48 | 879,790 | 322,80 | 352,72 |  0,00 | 891,343 | 34,58 | 34,58 | 2698,557 |   NaN | NaN | 0,00 | 0,00 | NaN
  61 |  4,19 | 259,600 | 754,94 | 787,99 | 759,22 |  0,00 | 1,360 | 44,35 | 44,35 |  0,00 | 2,110 | 354,28 | 354,28 |  9,32 | 906,258 | 321,72 | 354,78 |  0,00 | 980,137 | 34,58 | 34,58 | 2965,206 |   NaN | NaN | 0,00 | 0,00 | NaN
  62 |  4,20 | 260,107 | 753,93 | 786,99 | 758,27 |  0,00 | 1,422 | 44,35 | 44,35 |  0,00 | 1,725 | 354,75 | 354,75 |  9,36 | 913,269 | 320,25 | 353,31 |  0,00 | 954,039 | 34,58 | 34,58 | 2886,431 |   NaN | NaN | 0,00 | 0,00 | NaN
  63 |  3,84 | 246,415 | 754,49 | 784,60 | 758,77 |  0,00 | 1,377 | 44,35 | 44,35 |  0,00 | 2,089 | 354,59 | 354,59 |  8,58 | 858,914 | 320,96 | 351,07 |  0,00 | 984,821 | 34,58 | 34,58 | 2979,174 |   NaN | NaN | 0,00 | 0,00 | NaN
  64 |  3,15 | 232,843 | 753,90 | 778,40 | 758,22 |  0,00 | 1,420 | 44,35 | 44,35 |  0,00 | 2,108 | 351,02 | 351,02 |  7,03 | 804,031 | 323,95 | 348,45 |  0,00 | 918,355 | 34,58 | 34,58 | 2779,937 |   NaN | NaN | 0,00 | 0,00 | NaN

= = = = = = = = = = = = AVERAGE RESULTS system = = = = = = = = = = = =
meanPLR_system | 3,736607 
meanDelay_system | 251,640564 
meanLoad_system | 783,544796 
meanTHR_system | 754,242672 
meanGate_system | 758,573040 

meanPLR_EF_system | 0,000000 
meanPLR_AF_system | 0,000000 
meanPLR_BE_system | 8,315571 
meanPLR_FLA_system | 0,000000 
meanPLR_FLB_system | NaN 

meanTHR_EF_system | 44,352002 
meanTHR_AF_system | 352,618540 
meanTHR_BE_system | 322,687590 
meanTHR_FLA_system | 35,160299 
meanTHR_FLB_system | 0,000000 

meanLoad_EF_system | 44,352002 
meanLoad_AF_system | 352,618540 
meanLoad_BE_system | 351,989714 
meanLoad_FLA_system | 35,160299 
meanLoad_FLB_system | 0,000000 

meanDELAY_EF_system | 1,381821 
meanDELAY_AF_system | 4,462620 
meanDELAY_BE_system | 884,878394 
meanDELAY_FLA_system | 741,740646 
meanDELAY_FLB_system | NaN 
meanDELAY_CompleteFLA_system | 2233,577448 
meanDELAY_CompleteFLB_system | NaN 

= = = = = = = = = = = = AVERAGE RESULTS = = = = = = = = = = = =
Packet Loss Ratio: 03,74 (%)
PROCESSED PACKAGES: 2206181972 
DISCARTED PACKAGES: 53587448 
TOTAL PACKAGES: 2259769420 
AVERAGE DELAY: 47348,97 (ms) 
AVERAGE THROUGHPUT: 754,24 (Mbps) 
GRANTED THROUGHPUT: 48548,67 (Mbps) By 64 ONUs
EFFECTIVE THROUGHPUT: 48271,53 (Mbps) By 64 ONUs
TOTAL LOAD: 50146,87 (Mbps) By 64 ONUs
ON Arrival THROUGHPUT: 0,00 (Mbps) By 64 ONUs
FINISHTIMEFL: 180,203248 
FINISHTIME: 183,203248 


fileName | IPACT_LBVARIBLETOKENSBYCYCLE_4_30_94_0 
