
ONU ID 	|  PLR(%) | Delay(ms) | Throughput(Mbps) | Granted Throughput(Mbps) | Total Load (Mbps) 

  ID |  PLR(%) |  D  | Thr |  Gates  |  Load  | PLR-EF | D-EF | ThrEF | LoadEF | PLR-AF | D-AF | ThrAF | LoadAF | PLR-BE | D-BE | ThrBE | LoadBE | PLR-FA | D-FA | ThrFA | LoadFA | DTFA |  PLR-FB | D-FB | ThrFB | LoadFB | DTFB | 
   1 |  3,22 | 257,542 | 755,01 | 780,17 | 759,41 |  0,00 | 1,435 | 44,35 | 44,35 |  0,00 | 1,415 | 357,16 | 357,16 |  7,14 | 929,646 | 327,02 | 352,18 |  0,00 | 310,482 | 26,48 | 26,48 | 631,889 |   NaN | NaN | 0,00 | 0,00 | NaN
   2 |  3,05 | 244,616 | 753,79 | 777,48 | 758,21 |  0,00 | 1,581 | 44,35 | 44,35 |  0,00 | 1,432 | 355,61 | 355,61 |  6,75 | 879,520 | 327,35 | 351,03 |  0,00 | 322,024 | 26,48 | 26,48 | 628,458 |   NaN | NaN | 0,00 | 0,00 | NaN
   3 |  2,65 | 227,423 | 752,98 | 773,49 | 757,37 |  0,00 | 1,369 | 44,35 | 44,35 |  0,00 | 1,363 | 349,87 | 349,87 |  5,82 | 805,133 | 332,27 | 352,79 |  0,00 | 303,940 | 26,48 | 26,48 | 610,482 |   NaN | NaN | 0,00 | 0,00 | NaN
   4 |  3,38 | 250,857 | 755,21 | 781,59 | 759,61 |  0,00 | 1,414 | 44,35 | 44,35 |  0,00 | 1,370 | 356,97 | 356,97 |  7,46 | 904,670 | 327,40 | 353,78 |  0,00 | 298,489 | 26,48 | 26,48 | 615,293 |   NaN | NaN | 0,00 | 0,00 | NaN
   5 |  2,29 | 229,360 | 753,20 | 770,87 | 757,57 |  0,00 | 1,450 | 44,35 | 44,35 |  0,00 | 1,395 | 350,44 | 350,44 |  5,05 | 813,670 | 331,92 | 349,59 |  0,00 | 284,529 | 26,48 | 26,48 | 580,796 |   NaN | NaN | 0,00 | 0,00 | NaN
   6 |  2,86 | 254,783 | 754,33 | 776,56 | 758,69 |  0,00 | 1,384 | 44,35 | 44,35 |  0,00 | 1,342 | 353,46 | 353,46 |  6,31 | 911,419 | 330,03 | 352,27 |  0,00 | 297,495 | 26,48 | 26,48 | 598,716 |   NaN | NaN | 0,00 | 0,00 | NaN
   7 |  2,89 | 246,482 | 754,60 | 777,09 | 759,00 |  0,00 | 1,372 | 44,35 | 44,35 |  0,00 | 1,361 | 351,96 | 351,96 |  6,35 | 876,062 | 331,81 | 354,30 |  0,00 | 311,471 | 26,48 | 26,48 | 626,289 |   NaN | NaN | 0,00 | 0,00 | NaN
   8 |  3,31 | 256,775 | 755,46 | 781,32 | 759,87 |  0,00 | 1,419 | 44,35 | 44,35 |  0,00 | 1,412 | 354,14 | 354,14 |  7,26 | 917,981 | 330,49 | 356,35 |  0,00 | 297,582 | 26,48 | 26,48 | 608,909 |   NaN | NaN | 0,00 | 0,00 | NaN
   9 |  2,83 | 230,489 | 754,76 | 776,72 | 759,14 |  0,00 | 1,444 | 44,35 | 44,35 |  0,00 | 1,350 | 351,57 | 351,57 |  6,20 | 817,003 | 332,36 | 354,32 |  0,00 | 304,691 | 26,48 | 26,48 | 619,298 |   NaN | NaN | 0,00 | 0,00 | NaN
  10 |  2,76 | 250,470 | 754,86 | 776,29 | 759,26 |  0,00 | 1,435 | 44,35 | 44,35 |  0,00 | 1,412 | 354,86 | 354,86 |  6,11 | 897,816 | 329,17 | 350,60 |  0,00 | 306,293 | 26,48 | 26,48 | 600,436 |   NaN | NaN | 0,00 | 0,00 | NaN
  11 |  2,81 | 243,290 | 754,16 | 775,96 | 758,54 |  0,00 | 1,375 | 44,35 | 44,35 |  0,00 | 1,352 | 351,60 | 351,60 |  6,16 | 865,637 | 331,72 | 353,52 |  0,00 | 282,553 | 26,48 | 26,48 | 593,422 |   NaN | NaN | 0,00 | 0,00 | NaN
  12 |  2,78 | 236,733 | 754,56 | 776,13 | 758,96 |  0,00 | 1,433 | 44,35 | 44,35 |  0,00 | 1,414 | 351,16 | 351,16 |  6,09 | 839,744 | 332,57 | 354,14 |  0,00 | 285,869 | 26,48 | 26,48 | 590,515 |   NaN | NaN | 0,00 | 0,00 | NaN
  13 |  2,17 | 220,532 | 751,82 | 768,52 | 756,22 |  0,00 | 1,403 | 44,35 | 44,35 |  0,00 | 1,380 | 350,72 | 350,72 |  4,81 | 783,870 | 330,27 | 346,96 |  0,00 | 311,097 | 26,48 | 26,48 | 642,291 |   NaN | NaN | 0,00 | 0,00 | NaN
  14 |  3,61 | 245,978 | 753,15 | 781,36 | 757,58 |  0,00 | 1,433 | 44,35 | 44,35 |  0,00 | 1,420 | 354,79 | 354,79 |  7,93 | 883,957 | 327,53 | 355,74 |  0,00 | 316,694 | 26,48 | 26,48 | 637,377 |   NaN | NaN | 0,00 | 0,00 | NaN
  15 |  2,83 | 254,923 | 753,35 | 775,33 | 757,74 |  0,00 | 1,507 | 44,35 | 44,35 |  0,00 | 1,414 | 348,51 | 348,51 |  6,17 | 899,906 | 334,01 | 355,99 |  0,00 | 302,142 | 26,48 | 26,48 | 613,685 |   NaN | NaN | 0,00 | 0,00 | NaN
  16 |  3,87 | 270,485 | 754,26 | 784,60 | 758,66 |  0,00 | 1,516 | 44,35 | 44,35 |  0,00 | 1,408 | 356,04 | 356,04 |  8,48 | 974,928 | 327,39 | 357,72 |  0,00 | 316,877 | 26,48 | 26,48 | 637,031 |   NaN | NaN | 0,00 | 0,00 | NaN
  17 |  2,84 | 250,734 | 753,79 | 775,85 | 758,19 |  0,00 | 1,433 | 44,35 | 44,35 |  0,00 | 1,419 | 353,81 | 353,81 |  6,28 | 899,054 | 329,15 | 351,20 |  0,00 | 280,506 | 26,48 | 26,48 | 598,800 |   NaN | NaN | 0,00 | 0,00 | NaN
  18 |  2,57 | 249,654 | 753,98 | 773,84 | 758,36 |  0,00 | 1,436 | 44,35 | 44,35 |  0,00 | 1,395 | 352,36 | 352,36 |  5,66 | 891,172 | 330,79 | 350,64 |  0,00 | 278,470 | 26,48 | 26,48 | 550,260 |   NaN | NaN | 0,00 | 0,00 | NaN
  19 |  1,86 | 231,730 | 754,70 | 769,00 | 759,07 |  0,00 | 1,407 | 44,35 | 44,35 |  0,00 | 1,385 | 347,98 | 347,98 |  4,09 | 813,905 | 335,88 | 350,19 |  0,00 | 278,158 | 26,48 | 26,48 | 568,179 |   NaN | NaN | 0,00 | 0,00 | NaN
  20 |  2,01 | 220,537 | 752,82 | 768,28 | 757,20 |  0,00 | 1,395 | 44,35 | 44,35 |  0,00 | 1,381 | 352,06 | 352,06 |  4,48 | 785,299 | 329,92 | 345,38 |  0,00 | 310,303 | 26,48 | 26,48 | 621,344 |   NaN | NaN | 0,00 | 0,00 | NaN
  21 |  1,92 | 216,724 | 752,52 | 767,25 | 756,90 |  0,00 | 1,395 | 44,35 | 44,35 |  0,00 | 1,386 | 350,34 | 350,34 |  4,26 | 769,637 | 331,34 | 346,07 |  0,00 | 272,229 | 26,48 | 26,48 | 573,039 |   NaN | NaN | 0,00 | 0,00 | NaN
  22 |  3,17 | 254,399 | 754,45 | 779,14 | 758,87 |  0,00 | 1,488 | 44,35 | 44,35 |  0,00 | 1,430 | 356,85 | 356,85 |  7,03 | 918,722 | 326,77 | 351,46 |  0,00 | 300,310 | 26,48 | 26,48 | 604,340 |   NaN | NaN | 0,00 | 0,00 | NaN
  23 |  3,03 | 251,244 | 753,99 | 777,58 | 758,38 |  0,00 | 1,504 | 44,35 | 44,35 |  0,00 | 1,407 | 353,75 | 353,75 |  6,68 | 899,756 | 329,40 | 353,00 |  0,00 | 296,397 | 26,48 | 26,48 | 595,997 |   NaN | NaN | 0,00 | 0,00 | NaN
  24 |  3,62 | 264,675 | 754,37 | 782,73 | 758,75 |  0,00 | 1,385 | 44,35 | 44,35 |  0,00 | 1,368 | 356,16 | 356,16 |  7,97 | 954,506 | 327,38 | 355,74 |  0,00 | 306,107 | 26,48 | 26,48 | 604,460 |   NaN | NaN | 0,00 | 0,00 | NaN
  25 |  3,11 | 254,090 | 754,71 | 778,93 | 759,12 |  0,00 | 1,434 | 44,35 | 44,35 |  0,00 | 1,425 | 349,88 | 349,88 |  6,76 | 897,797 | 333,99 | 358,22 |  0,00 | 300,981 | 26,48 | 26,48 | 602,895 |   NaN | NaN | 0,00 | 0,00 | NaN
  26 |  2,47 | 244,147 | 755,01 | 774,09 | 759,41 |  0,00 | 1,445 | 44,35 | 44,35 |  0,00 | 1,421 | 352,76 | 352,76 |  5,44 | 869,823 | 331,42 | 350,50 |  0,00 | 282,756 | 26,48 | 26,48 | 585,375 |   NaN | NaN | 0,00 | 0,00 | NaN
  27 |  2,56 | 233,484 | 754,87 | 774,72 | 759,25 |  0,00 | 1,422 | 44,35 | 44,35 |  0,00 | 1,350 | 353,79 | 353,79 |  5,67 | 833,741 | 330,25 | 350,09 |  0,00 | 293,561 | 26,48 | 26,48 | 582,416 |   NaN | NaN | 0,00 | 0,00 | NaN
  28 |  2,03 | 234,663 | 753,86 | 769,51 | 758,26 |  0,00 | 1,431 | 44,35 | 44,35 |  0,00 | 1,415 | 351,52 | 351,52 |  4,51 | 833,967 | 331,51 | 347,16 |  0,00 | 298,936 | 26,48 | 26,48 | 598,350 |   NaN | NaN | 0,00 | 0,00 | NaN
  29 |  2,95 | 241,938 | 754,16 | 777,06 | 758,55 |  0,00 | 1,522 | 44,35 | 44,35 |  0,00 | 1,396 | 351,38 | 351,38 |  6,45 | 857,382 | 331,94 | 354,84 |  0,00 | 337,185 | 26,48 | 26,48 | 661,211 |   NaN | NaN | 0,00 | 0,00 | NaN
  30 |  2,75 | 248,874 | 753,70 | 775,02 | 758,12 |  0,00 | 1,441 | 44,35 | 44,35 |  0,00 | 1,425 | 350,79 | 350,79 |  6,03 | 884,019 | 332,08 | 353,39 |  0,00 | 292,865 | 26,48 | 26,48 | 581,229 |   NaN | NaN | 0,00 | 0,00 | NaN
  31 |  2,53 | 232,083 | 753,77 | 773,37 | 758,17 |  0,00 | 1,405 | 44,35 | 44,35 |  0,00 | 1,391 | 351,47 | 351,47 |  5,58 | 824,783 | 331,47 | 351,06 |  0,00 | 300,757 | 26,48 | 26,48 | 597,578 |   NaN | NaN | 0,00 | 0,00 | NaN
  32 |  3,02 | 244,920 | 754,41 | 777,90 | 758,77 |  0,00 | 1,709 | 44,35 | 44,35 |  0,00 | 1,376 | 352,84 | 352,84 |  6,63 | 873,933 | 330,73 | 354,22 |  0,00 | 271,910 | 26,48 | 26,48 | 558,168 |   NaN | NaN | 0,00 | 0,00 | NaN
  33 |  2,34 | 233,228 | 754,31 | 772,40 | 758,70 |  0,00 | 1,432 | 44,35 | 44,35 |  0,00 | 1,412 | 349,53 | 349,53 |  5,14 | 823,681 | 333,95 | 352,03 |  0,00 | 281,462 | 26,48 | 26,48 | 592,238 |   NaN | NaN | 0,00 | 0,00 | NaN
  34 |  2,81 | 239,991 | 754,07 | 775,90 | 758,46 |  0,00 | 1,422 | 44,35 | 44,35 |  0,00 | 1,404 | 352,43 | 352,43 |  6,19 | 855,158 | 330,81 | 352,63 |  0,00 | 299,895 | 26,48 | 26,48 | 611,598 |   NaN | NaN | 0,00 | 0,00 | NaN
  35 |  3,22 | 265,005 | 755,13 | 780,29 | 759,50 |  0,00 | 1,360 | 44,35 | 44,35 |  0,00 | 1,353 | 354,19 | 354,19 |  7,08 | 949,621 | 330,10 | 355,26 |  0,00 | 281,640 | 26,48 | 26,48 | 586,077 |   NaN | NaN | 0,00 | 0,00 | NaN
  36 |  2,45 | 240,463 | 755,01 | 773,96 | 759,40 |  0,00 | 1,413 | 44,35 | 44,35 |  0,00 | 1,407 | 350,88 | 350,88 |  5,38 | 851,692 | 333,29 | 352,25 |  0,00 | 285,082 | 26,48 | 26,48 | 579,898 |   NaN | NaN | 0,00 | 0,00 | NaN
  37 |  3,24 | 263,456 | 754,86 | 780,13 | 759,26 |  0,00 | 1,425 | 44,35 | 44,35 |  0,00 | 1,393 | 356,28 | 356,28 |  7,16 | 949,197 | 327,75 | 353,02 |  0,00 | 309,653 | 26,48 | 26,48 | 630,345 |   NaN | NaN | 0,00 | 0,00 | NaN
  38 |  3,51 | 257,480 | 754,00 | 781,39 | 758,39 |  0,00 | 1,420 | 44,35 | 44,35 |  0,00 | 1,382 | 355,95 | 355,95 |  7,72 | 928,981 | 327,21 | 354,60 |  0,00 | 289,970 | 26,48 | 26,48 | 613,874 |   NaN | NaN | 0,00 | 0,00 | NaN
  39 |  2,08 | 215,720 | 754,27 | 770,28 | 758,68 |  0,00 | 1,551 | 44,35 | 44,35 |  0,00 | 1,442 | 351,69 | 351,69 |  4,61 | 765,617 | 331,74 | 347,76 |  0,00 | 277,973 | 26,48 | 26,48 | 570,144 |   NaN | NaN | 0,00 | 0,00 | NaN
  40 |  1,83 | 207,141 | 752,59 | 766,62 | 757,01 |  0,00 | 1,460 | 44,35 | 44,35 |  0,00 | 1,424 | 350,51 | 350,51 |  4,06 | 734,218 | 331,25 | 345,28 |  0,00 | 294,226 | 26,48 | 26,48 | 594,063 |   NaN | NaN | 0,00 | 0,00 | NaN
  41 |  3,52 | 244,989 | 753,22 | 780,67 | 757,60 |  0,00 | 1,436 | 44,35 | 44,35 |  0,00 | 1,409 | 352,92 | 352,92 |  7,69 | 877,190 | 329,47 | 356,92 |  0,00 | 272,387 | 26,48 | 26,48 | 553,400 |   NaN | NaN | 0,00 | 0,00 | NaN
  42 |  2,99 | 249,660 | 754,58 | 777,82 | 758,96 |  0,00 | 1,556 | 44,35 | 44,35 |  0,00 | 1,368 | 352,40 | 352,40 |  6,56 | 888,922 | 331,34 | 354,58 |  0,00 | 300,482 | 26,48 | 26,48 | 597,144 |   NaN | NaN | 0,00 | 0,00 | NaN
  43 |  3,63 | 245,543 | 753,44 | 781,85 | 757,87 |  0,00 | 1,470 | 44,35 | 44,35 |  0,00 | 1,432 | 356,64 | 356,64 |  8,02 | 887,061 | 325,97 | 354,37 |  0,00 | 312,771 | 26,48 | 26,48 | 627,467 |   NaN | NaN | 0,00 | 0,00 | NaN
  44 |  3,00 | 261,628 | 755,21 | 778,57 | 759,59 |  0,00 | 1,351 | 44,35 | 44,35 |  0,00 | 1,343 | 353,67 | 353,67 |  6,60 | 935,160 | 330,71 | 354,07 |  0,00 | 294,811 | 26,48 | 26,48 | 603,381 |   NaN | NaN | 0,00 | 0,00 | NaN
  45 |  2,84 | 242,987 | 755,11 | 777,20 | 759,51 |  0,00 | 1,469 | 44,35 | 44,35 |  0,00 | 1,427 | 356,43 | 356,43 |  6,31 | 873,928 | 327,84 | 349,94 |  0,00 | 304,497 | 26,48 | 26,48 | 606,840 |   NaN | NaN | 0,00 | 0,00 | NaN
  46 |  2,91 | 236,810 | 753,34 | 775,95 | 757,72 |  0,00 | 1,518 | 44,35 | 44,35 |  0,00 | 1,371 | 351,93 | 351,93 |  6,40 | 843,975 | 330,58 | 353,19 |  0,00 | 292,080 | 26,48 | 26,48 | 582,035 |   NaN | NaN | 0,00 | 0,00 | NaN
  47 |  3,01 | 231,032 | 752,68 | 776,04 | 757,06 |  0,00 | 1,374 | 44,35 | 44,35 |  0,00 | 1,365 | 355,22 | 355,22 |  6,68 | 831,955 | 326,62 | 349,99 |  0,00 | 306,662 | 26,48 | 26,48 | 619,248 |   NaN | NaN | 0,00 | 0,00 | NaN
  48 |  2,61 | 247,348 | 753,44 | 773,66 | 757,82 |  0,00 | 1,454 | 44,35 | 44,35 |  0,00 | 1,400 | 352,06 | 352,06 |  5,77 | 882,518 | 330,54 | 350,77 |  0,00 | 287,332 | 26,48 | 26,48 | 594,593 |   NaN | NaN | 0,00 | 0,00 | NaN
  49 |  2,61 | 227,032 | 752,64 | 772,78 | 757,02 |  0,00 | 1,523 | 44,35 | 44,35 |  0,00 | 1,407 | 351,23 | 351,23 |  5,74 | 808,020 | 330,58 | 350,72 |  0,00 | 283,654 | 26,48 | 26,48 | 582,446 |   NaN | NaN | 0,00 | 0,00 | NaN
  50 |  3,07 | 253,720 | 754,46 | 778,36 | 758,84 |  0,00 | 1,386 | 44,35 | 44,35 |  0,00 | 1,362 | 356,03 | 356,03 |  6,80 | 914,459 | 327,59 | 351,49 |  0,00 | 285,924 | 26,48 | 26,48 | 599,082 |   NaN | NaN | 0,00 | 0,00 | NaN
  51 |  3,01 | 241,848 | 753,84 | 777,23 | 758,22 |  0,00 | 1,373 | 44,35 | 44,35 |  0,00 | 1,359 | 351,35 | 351,35 |  6,59 | 859,240 | 331,65 | 355,04 |  0,00 | 305,363 | 26,48 | 26,48 | 602,823 |   NaN | NaN | 0,00 | 0,00 | NaN
  52 |  2,31 | 225,947 | 753,72 | 771,55 | 758,08 |  0,00 | 1,472 | 44,35 | 44,35 |  0,00 | 1,386 | 348,52 | 348,52 |  5,06 | 795,976 | 334,36 | 352,19 |  0,00 | 282,587 | 26,48 | 26,48 | 590,673 |   NaN | NaN | 0,00 | 0,00 | NaN
  53 |  3,19 | 255,954 | 754,15 | 778,99 | 758,54 |  0,00 | 1,387 | 44,35 | 44,35 |  0,00 | 1,373 | 354,79 | 354,79 |  7,03 | 920,211 | 328,53 | 353,37 |  0,00 | 285,525 | 26,48 | 26,48 | 593,562 |   NaN | NaN | 0,00 | 0,00 | NaN
  54 |  2,38 | 233,352 | 754,36 | 772,76 | 758,73 |  0,00 | 1,583 | 44,35 | 44,35 |  0,00 | 1,383 | 352,07 | 352,07 |  5,26 | 830,187 | 331,46 | 349,86 |  0,00 | 279,527 | 26,48 | 26,48 | 575,245 |   NaN | NaN | 0,00 | 0,00 | NaN
  55 |  2,83 | 232,737 | 754,37 | 776,32 | 758,77 |  0,00 | 1,387 | 44,35 | 44,35 |  0,00 | 1,362 | 353,58 | 353,58 |  6,24 | 831,960 | 329,95 | 351,91 |  0,00 | 283,421 | 26,48 | 26,48 | 589,783 |   NaN | NaN | 0,00 | 0,00 | NaN
  56 |  2,41 | 244,233 | 755,00 | 773,65 | 759,38 |  0,00 | 1,470 | 44,35 | 44,35 |  0,00 | 1,367 | 350,61 | 350,61 |  5,30 | 864,443 | 333,55 | 352,21 |  0,00 | 287,827 | 26,48 | 26,48 | 576,796 |   NaN | NaN | 0,00 | 0,00 | NaN
  57 |  2,96 | 238,933 | 753,34 | 776,34 | 757,71 |  0,00 | 1,398 | 44,35 | 44,35 |  0,00 | 1,363 | 352,27 | 352,27 |  6,51 | 852,233 | 330,23 | 353,24 |  0,00 | 297,706 | 26,48 | 26,48 | 584,285 |   NaN | NaN | 0,00 | 0,00 | NaN
  58 |  2,96 | 256,000 | 754,87 | 777,93 | 759,25 |  0,00 | 1,399 | 44,35 | 44,35 |  0,00 | 1,392 | 353,07 | 353,07 |  6,51 | 914,962 | 330,96 | 354,03 |  0,00 | 258,169 | 26,48 | 26,48 | 543,799 |   NaN | NaN | 0,00 | 0,00 | NaN
  59 |  3,32 | 251,799 | 754,47 | 780,35 | 758,84 |  0,00 | 1,436 | 44,35 | 44,35 |  0,00 | 1,411 | 352,83 | 352,83 |  7,26 | 899,240 | 330,80 | 356,68 |  0,00 | 275,614 | 26,48 | 26,48 | 567,036 |   NaN | NaN | 0,00 | 0,00 | NaN
  60 |  2,73 | 256,425 | 753,96 | 775,13 | 758,35 |  0,00 | 1,365 | 44,35 | 44,35 |  0,00 | 1,346 | 351,68 | 351,68 |  6,00 | 913,417 | 331,44 | 352,61 |  0,00 | 292,808 | 26,48 | 26,48 | 591,951 |   NaN | NaN | 0,00 | 0,00 | NaN
  61 |  3,14 | 266,931 | 754,74 | 779,24 | 759,13 |  0,00 | 1,551 | 44,35 | 44,35 |  0,00 | 1,376 | 353,88 | 353,88 |  6,91 | 953,834 | 330,02 | 354,52 |  0,00 | 329,253 | 26,48 | 26,48 | 644,556 |   NaN | NaN | 0,00 | 0,00 | NaN
  62 |  3,23 | 260,759 | 754,65 | 779,87 | 759,05 |  0,00 | 1,464 | 44,35 | 44,35 |  0,00 | 1,433 | 354,64 | 354,64 |  7,12 | 935,584 | 329,18 | 354,40 |  0,00 | 295,020 | 26,48 | 26,48 | 581,867 |   NaN | NaN | 0,00 | 0,00 | NaN
  63 |  3,08 | 242,023 | 754,71 | 778,69 | 759,12 |  0,00 | 1,392 | 44,35 | 44,35 |  0,00 | 1,385 | 354,26 | 354,26 |  6,78 | 865,844 | 329,62 | 353,59 |  0,00 | 307,035 | 26,48 | 26,48 | 609,432 |   NaN | NaN | 0,00 | 0,00 | NaN
  64 |  2,46 | 236,180 | 753,08 | 772,04 | 757,52 |  0,00 | 1,452 | 44,35 | 44,35 |  0,00 | 1,428 | 348,97 | 348,97 |  5,38 | 834,927 | 333,27 | 352,24 |  0,00 | 287,253 | 26,48 | 26,48 | 590,071 |   NaN | NaN | 0,00 | 0,00 | NaN

= = = = = = = = = = = = AVERAGE RESULTS system = = = = = = = = = = = =
meanPLR_system | 2,835360 
meanDelay_system | 243,765372 
meanLoad_system | 776,121046 
meanTHR_system | 754,097652 
meanGate_system | 758,489229 

meanPLR_EF_system | 0,000000 
meanPLR_AF_system | 0,000000 
meanPLR_BE_system | 6,241758 
meanPLR_FLA_system | 0,000000 
meanPLR_FLB_system | NaN 

meanTHR_EF_system | 44,352003 
meanTHR_AF_system | 352,798924 
meanTHR_BE_system | 330,464250 
meanTHR_FLA_system | 26,843104 
meanTHR_FLB_system | 0,000000 

meanLoad_EF_system | 44,352003 
meanLoad_AF_system | 352,798924 
meanLoad_BE_system | 352,487644 
meanLoad_FLA_system | 26,843104 
meanLoad_FLB_system | 0,000000 

meanDELAY_EF_system | 1,443374 
meanDELAY_AF_system | 1,391823 
meanDELAY_BE_system | 870,029237 
meanDELAY_FLA_system | 295,019817 
meanDELAY_FLB_system | NaN 
meanDELAY_CompleteFLA_system | 598,504371 
meanDELAY_CompleteFLB_system | NaN 

= = = = = = = = = = = = AVERAGE RESULTS = = = = = = = = = = = =
Packet Loss Ratio: 02,84 (%)
PROCESSED PACKAGES: 2697194394 
DISCARTED PACKAGES: 49055519 
TOTAL PACKAGES: 2746249913 
AVERAGE DELAY: 46006,62 (ms) 
AVERAGE THROUGHPUT: 754,10 (Mbps) 
GRANTED THROUGHPUT: 48543,31 (Mbps) By 64 ONUs
EFFECTIVE THROUGHPUT: 48262,25 (Mbps) By 64 ONUs
TOTAL LOAD: 49671,75 (Mbps) By 64 ONUs
ON Arrival THROUGHPUT: 0,00 (Mbps) By 64 ONUs
FINISHTIMEFL: 220,302394 
FINISHTIME: 223,302394 


fileName | IPACT_STRICTPRIORITYFIRSTAF_5_28_94_0 
