
ONU ID 	|  PLR(%) | Delay(ms) | Throughput(Mbps) | Granted Throughput(Mbps) | Total Load (Mbps) 

  ID |  PLR(%) |  D  | Thr |  Gates  |  Load  | PLR-EF | D-EF | ThrEF | LoadEF | PLR-AF | D-AF | ThrAF | LoadAF | PLR-BE | D-BE | ThrBE | LoadBE | PLR-FA | D-FA | ThrFA | LoadFA | DTFA |  PLR-FB | D-FB | ThrFB | LoadFB | DTFB | 
   1 |  0,00 | 0,572 | 526,02 | 526,02 | 565,54 |  0,00 | 0,197 | 44,35 | 44,35 |  0,00 | 0,413 | 210,24 | 210,24 |  0,00 | 0,532 | 203,30 | 203,30 |  0,00 | 6,950 | 68,13 | 68,13 | 35,530 |   NaN | NaN | 0,00 | 0,00 | NaN
   2 |  0,00 | 0,783 | 526,29 | 526,29 | 570,61 |  0,00 | 0,209 | 44,35 | 44,35 |  0,00 | 0,530 | 205,81 | 205,81 |  0,00 | 0,624 | 208,00 | 208,00 |  0,00 | 11,141 | 68,13 | 68,13 | 43,439 |   NaN | NaN | 0,00 | 0,00 | NaN
   3 |  0,00 | 0,636 | 527,72 | 527,72 | 562,86 |  0,00 | 0,145 | 44,35 | 44,35 |  0,00 | 0,394 | 208,17 | 208,17 |  0,00 | 0,620 | 207,07 | 207,07 |  0,00 | 8,964 | 68,13 | 68,13 | 37,895 |   NaN | NaN | 0,00 | 0,00 | NaN
   4 |  0,00 | 0,526 | 527,55 | 527,55 | 562,54 |  0,00 | 0,151 | 44,35 | 44,35 |  0,00 | 0,354 | 209,90 | 209,90 |  0,00 | 0,540 | 205,17 | 205,17 |  0,00 | 6,686 | 68,13 | 68,13 | 34,314 |   NaN | NaN | 0,00 | 0,00 | NaN
   5 |  0,00 | 0,568 | 523,83 | 523,83 | 559,79 |  0,00 | 0,176 | 44,35 | 44,35 |  0,00 | 0,369 | 206,53 | 206,53 |  0,00 | 0,530 | 204,82 | 204,82 |  0,00 | 7,379 | 68,13 | 68,13 | 36,203 |   NaN | NaN | 0,00 | 0,00 | NaN
   6 |  0,00 | 0,595 | 528,68 | 528,68 | 562,94 |  0,00 | 0,128 | 44,35 | 44,35 |  0,00 | 0,374 | 208,96 | 208,96 |  0,00 | 0,616 | 207,24 | 207,24 |  0,00 | 8,267 | 68,13 | 68,13 | 37,650 |   NaN | NaN | 0,00 | 0,00 | NaN
   7 |  0,00 | 0,598 | 524,76 | 524,76 | 559,93 |  0,00 | 0,143 | 44,35 | 44,35 |  0,00 | 0,388 | 206,72 | 206,72 |  0,00 | 0,588 | 205,56 | 205,56 |  0,00 | 8,205 | 68,13 | 68,13 | 37,498 |   NaN | NaN | 0,00 | 0,00 | NaN
   8 |  0,00 | 0,669 | 527,63 | 527,63 | 566,47 |  0,00 | 0,193 | 44,35 | 44,35 |  0,00 | 0,471 | 206,39 | 206,39 |  0,00 | 0,552 | 208,76 | 208,76 |  0,00 | 9,119 | 68,13 | 68,13 | 39,512 |   NaN | NaN | 0,00 | 0,00 | NaN
   9 |  0,00 | 0,545 | 526,96 | 526,96 | 561,75 |  0,00 | 0,133 | 44,35 | 44,35 |  0,00 | 0,333 | 208,52 | 208,52 |  0,00 | 0,602 | 205,96 | 205,96 |  0,00 | 7,180 | 68,13 | 68,13 | 35,356 |   NaN | NaN | 0,00 | 0,00 | NaN
  10 |  0,00 | 0,596 | 524,80 | 524,80 | 563,70 |  0,00 | 0,194 | 44,35 | 44,35 |  0,00 | 0,413 | 206,96 | 206,96 |  0,00 | 0,500 | 205,36 | 205,36 |  0,00 | 7,804 | 68,13 | 68,13 | 36,084 |   NaN | NaN | 0,00 | 0,00 | NaN
  11 |  0,00 | 4,376 | 520,42 | 520,42 | 555,57 |  0,00 | 0,134 | 44,35 | 44,35 |  0,00 | 3,978 | 202,03 | 202,03 |  0,00 | 6,704 | 205,91 | 205,91 |  0,00 | 52,526 | 68,13 | 68,13 | 140,540 |   NaN | NaN | 0,00 | 0,00 | NaN
  12 |  0,00 | 0,552 | 526,35 | 526,35 | 565,56 |  0,00 | 0,196 | 44,35 | 44,35 |  0,00 | 0,403 | 206,89 | 206,89 |  0,00 | 0,487 | 206,98 | 206,98 |  0,00 | 6,733 | 68,13 | 68,13 | 34,453 |   NaN | NaN | 0,00 | 0,00 | NaN
  13 |  0,00 | 0,758 | 520,75 | 520,75 | 556,38 |  0,00 | 0,161 | 44,35 | 44,35 |  0,00 | 0,479 | 204,09 | 204,09 |  0,00 | 0,708 | 204,18 | 204,18 |  0,00 | 10,964 | 68,13 | 68,13 | 43,476 |   NaN | NaN | 0,00 | 0,00 | NaN
  14 |  0,00 | 0,601 | 527,11 | 527,11 | 568,31 |  0,00 | 0,202 | 44,35 | 44,35 |  0,00 | 0,415 | 207,75 | 207,75 |  0,00 | 0,490 | 206,88 | 206,88 |  0,00 | 7,862 | 68,13 | 68,13 | 36,205 |   NaN | NaN | 0,00 | 0,00 | NaN
  15 |  0,00 | 0,597 | 523,98 | 523,98 | 563,34 |  0,00 | 0,196 | 44,35 | 44,35 |  0,00 | 0,426 | 203,87 | 203,87 |  0,00 | 0,538 | 207,62 | 207,62 |  0,00 | 7,491 | 68,13 | 68,13 | 36,383 |   NaN | NaN | 0,00 | 0,00 | NaN
  16 |  0,00 | 0,553 | 528,66 | 528,66 | 565,85 |  0,00 | 0,187 | 44,35 | 44,35 |  0,00 | 0,379 | 206,72 | 206,72 |  0,00 | 0,511 | 209,46 | 209,46 |  0,00 | 6,910 | 68,13 | 68,13 | 34,966 |   NaN | NaN | 0,00 | 0,00 | NaN
  17 |  0,00 | 0,580 | 526,30 | 526,30 | 566,84 |  0,00 | 0,200 | 44,35 | 44,35 |  0,00 | 0,417 | 206,60 | 206,60 |  0,00 | 0,503 | 207,23 | 207,23 |  0,00 | 7,250 | 68,13 | 68,13 | 35,346 |   NaN | NaN | 0,00 | 0,00 | NaN
  18 |  0,00 | 0,855 | 524,75 | 524,75 | 561,11 |  0,00 | 0,177 | 44,35 | 44,35 |  0,00 | 0,550 | 205,58 | 205,58 |  0,00 | 0,703 | 206,69 | 206,69 |  0,00 | 12,927 | 68,13 | 68,13 | 46,302 |   NaN | NaN | 0,00 | 0,00 | NaN
  19 |  0,00 | 2,038 | 521,45 | 521,45 | 557,07 |  0,00 | 0,168 | 44,35 | 44,35 |  0,00 | 1,203 | 203,36 | 203,36 |  0,00 | 1,376 | 205,62 | 205,62 |  0,00 | 36,600 | 68,13 | 68,13 | 73,509 |   NaN | NaN | 0,00 | 0,00 | NaN
  20 |  0,00 | 3,083 | 522,28 | 522,28 | 557,80 |  0,00 | 0,163 | 44,35 | 44,35 |  0,00 | 2,880 | 207,02 | 207,02 |  0,00 | 4,104 | 202,78 | 202,78 |  0,00 | 39,254 | 68,13 | 68,13 | 111,646 |   NaN | NaN | 0,00 | 0,00 | NaN
  21 |  0,00 | 0,536 | 519,72 | 519,72 | 555,02 |  0,00 | 0,168 | 44,35 | 44,35 |  0,00 | 0,375 | 204,07 | 204,07 |  0,00 | 0,495 | 203,17 | 203,17 |  0,00 | 6,821 | 68,13 | 68,13 | 34,461 |   NaN | NaN | 0,00 | 0,00 | NaN
  22 |  0,00 | 0,563 | 529,53 | 529,53 | 572,24 |  0,00 | 0,206 | 44,35 | 44,35 |  0,00 | 0,404 | 212,09 | 212,09 |  0,00 | 0,488 | 204,96 | 204,96 |  0,00 | 6,910 | 68,13 | 68,13 | 34,893 |   NaN | NaN | 0,00 | 0,00 | NaN
  23 |  0,00 | 5,701 | 527,84 | 527,84 | 565,46 |  0,00 | 0,188 | 44,35 | 44,35 |  0,00 | 5,249 | 208,32 | 208,32 |  0,00 | 7,110 | 207,04 | 207,04 |  0,00 | 77,140 | 68,13 | 68,13 | 168,305 |   NaN | NaN | 0,00 | 0,00 | NaN
  24 |  0,00 | 0,783 | 526,33 | 526,33 | 561,84 |  0,00 | 0,150 | 44,35 | 44,35 |  0,00 | 0,515 | 206,03 | 206,03 |  0,00 | 0,700 | 207,82 | 207,82 |  0,00 | 11,615 | 68,13 | 68,13 | 44,390 |   NaN | NaN | 0,00 | 0,00 | NaN
  25 |  0,00 | 0,556 | 531,90 | 531,90 | 575,22 |  0,00 | 0,207 | 44,35 | 44,35 |  0,00 | 0,381 | 206,73 | 206,73 |  0,00 | 0,478 | 212,69 | 212,69 |  0,00 | 6,872 | 68,13 | 68,13 | 34,798 |   NaN | NaN | 0,00 | 0,00 | NaN
  26 |  0,00 | 0,640 | 524,43 | 524,43 | 566,49 |  0,00 | 0,204 | 44,35 | 44,35 |  0,00 | 0,424 | 205,53 | 205,53 |  0,00 | 0,533 | 206,42 | 206,42 |  0,00 | 8,567 | 68,13 | 68,13 | 37,554 |   NaN | NaN | 0,00 | 0,00 | NaN
  27 |  0,00 | 0,815 | 522,06 | 522,06 | 557,30 |  0,00 | 0,131 | 44,35 | 44,35 |  0,00 | 0,520 | 206,67 | 206,67 |  0,00 | 0,773 | 202,91 | 202,91 |  0,00 | 12,283 | 68,13 | 68,13 | 46,177 |   NaN | NaN | 0,00 | 0,00 | NaN
  28 |  0,00 | 5,978 | 520,73 | 520,73 | 560,42 |  0,00 | 0,196 | 44,35 | 44,35 |  0,00 | 5,865 | 205,90 | 205,90 |  0,00 | 7,728 | 202,35 | 202,35 |  0,00 | 77,471 | 68,13 | 68,13 | 170,125 |   NaN | NaN | 0,00 | 0,00 | NaN
  29 |  0,00 | 5,330 | 527,09 | 527,09 | 563,12 |  0,00 | 0,176 | 44,35 | 44,35 |  0,00 | 4,992 | 208,28 | 208,28 |  0,00 | 8,390 | 206,33 | 206,33 |  0,00 | 61,723 | 68,13 | 68,13 | 154,535 |   NaN | NaN | 0,00 | 0,00 | NaN
  30 |  0,00 | 1,378 | 522,26 | 522,26 | 565,73 |  0,00 | 0,206 | 44,35 | 44,35 |  0,00 | 0,991 | 204,90 | 204,90 |  0,00 | 1,361 | 204,88 | 204,88 |  0,00 | 20,013 | 68,13 | 68,13 | 66,837 |   NaN | NaN | 0,00 | 0,00 | NaN
  31 |  0,00 | 5,860 | 524,02 | 524,02 | 559,85 |  0,00 | 0,173 | 44,35 | 44,35 |  0,00 | 5,725 | 205,42 | 205,42 |  0,00 | 7,385 | 206,12 | 206,12 |  0,00 | 77,268 | 68,13 | 68,13 | 168,657 |   NaN | NaN | 0,00 | 0,00 | NaN
  32 |  0,00 | 3,996 | 522,77 | 522,77 | 557,74 |  0,00 | 0,131 | 44,35 | 44,35 |  0,00 | 3,465 | 204,11 | 204,11 |  0,00 | 5,895 | 206,17 | 206,17 |  0,00 | 50,096 | 68,13 | 68,13 | 135,747 |   NaN | NaN | 0,00 | 0,00 | NaN
  33 |  0,00 | 2,103 | 522,90 | 522,90 | 562,20 |  0,00 | 0,195 | 44,35 | 44,35 |  0,00 | 1,630 | 203,91 | 203,91 |  0,00 | 2,448 | 206,51 | 206,51 |  0,00 | 29,414 | 68,13 | 68,13 | 89,228 |   NaN | NaN | 0,00 | 0,00 | NaN
  34 |  0,00 | 0,605 | 519,01 | 519,01 | 556,31 |  0,00 | 0,186 | 44,35 | 44,35 |  0,00 | 0,410 | 205,46 | 205,46 |  0,00 | 0,530 | 201,06 | 201,06 |  0,00 | 7,975 | 68,13 | 68,13 | 37,655 |   NaN | NaN | 0,00 | 0,00 | NaN
  35 |  0,00 | 0,525 | 527,70 | 527,70 | 562,48 |  0,00 | 0,136 | 44,35 | 44,35 |  0,00 | 0,334 | 207,84 | 207,84 |  0,00 | 0,575 | 207,39 | 207,39 |  0,00 | 6,775 | 68,13 | 68,13 | 34,595 |   NaN | NaN | 0,00 | 0,00 | NaN
  36 |  0,00 | 0,665 | 521,40 | 521,40 | 559,35 |  0,00 | 0,189 | 44,35 | 44,35 |  0,00 | 0,443 | 202,47 | 202,47 |  0,00 | 0,553 | 206,45 | 206,45 |  0,00 | 9,203 | 68,13 | 68,13 | 40,549 |   NaN | NaN | 0,00 | 0,00 | NaN
  37 |  0,00 | 4,263 | 528,56 | 528,56 | 564,31 |  0,00 | 0,171 | 44,35 | 44,35 |  0,00 | 4,223 | 209,56 | 209,56 |  0,00 | 5,760 | 206,52 | 206,52 |  0,00 | 53,019 | 68,13 | 68,13 | 141,558 |   NaN | NaN | 0,00 | 0,00 | NaN
  38 |  0,00 | 1,012 | 524,26 | 524,26 | 559,98 |  0,00 | 0,163 | 44,35 | 44,35 |  0,00 | 0,670 | 206,84 | 206,84 |  0,00 | 0,917 | 204,94 | 204,94 |  0,00 | 15,354 | 68,13 | 68,13 | 54,564 |   NaN | NaN | 0,00 | 0,00 | NaN
  39 |  0,00 | 2,838 | 519,93 | 519,93 | 563,03 |  0,00 | 0,206 | 44,35 | 44,35 |  0,00 | 2,512 | 204,73 | 204,73 |  0,00 | 3,551 | 202,72 | 202,72 |  0,00 | 37,407 | 68,13 | 68,13 | 105,748 |   NaN | NaN | 0,00 | 0,00 | NaN
  40 |  0,00 | 0,861 | 520,36 | 520,36 | 563,84 |  0,00 | 0,206 | 44,35 | 44,35 |  0,00 | 0,560 | 204,10 | 204,10 |  0,00 | 0,699 | 203,79 | 203,79 |  0,00 | 12,609 | 68,13 | 68,13 | 46,803 |   NaN | NaN | 0,00 | 0,00 | NaN
  41 |  0,00 | 5,908 | 526,72 | 526,72 | 564,59 |  0,00 | 0,189 | 44,35 | 44,35 |  0,00 | 5,709 | 205,51 | 205,51 |  0,00 | 8,100 | 208,73 | 208,73 |  0,00 | 74,156 | 68,13 | 68,13 | 170,728 |   NaN | NaN | 0,00 | 0,00 | NaN
  42 |  0,00 | 5,553 | 528,09 | 528,09 | 563,27 |  0,00 | 0,135 | 44,35 | 44,35 |  0,00 | 5,635 | 207,54 | 207,54 |  0,00 | 7,822 | 208,06 | 208,06 |  0,00 | 67,621 | 68,13 | 68,13 | 164,686 |   NaN | NaN | 0,00 | 0,00 | NaN
  43 |  0,00 | 2,468 | 527,85 | 527,85 | 569,40 |  0,00 | 0,213 | 44,35 | 44,35 |  0,00 | 2,069 | 207,41 | 207,41 |  0,00 | 3,065 | 207,96 | 207,96 |  0,00 | 32,765 | 68,13 | 68,13 | 96,725 |   NaN | NaN | 0,00 | 0,00 | NaN
  44 |  0,00 | 6,158 | 529,04 | 529,04 | 563,40 |  0,00 | 0,128 | 44,35 | 44,35 |  0,00 | 6,237 | 206,63 | 206,63 |  0,00 | 8,391 | 209,92 | 209,92 |  0,00 | 76,863 | 68,13 | 68,13 | 172,992 |   NaN | NaN | 0,00 | 0,00 | NaN
  45 |  0,00 | 5,741 | 527,29 | 527,29 | 571,86 |  0,00 | 0,210 | 44,35 | 44,35 |  0,00 | 5,850 | 210,67 | 210,67 |  0,00 | 7,887 | 204,14 | 204,14 |  0,00 | 70,147 | 68,13 | 68,13 | 167,586 |   NaN | NaN | 0,00 | 0,00 | NaN
  46 |  0,00 | 2,977 | 522,01 | 522,01 | 557,35 |  0,00 | 0,149 | 44,35 | 44,35 |  0,00 | 2,510 | 202,84 | 202,84 |  0,00 | 4,086 | 206,69 | 206,69 |  0,00 | 38,696 | 68,13 | 68,13 | 109,837 |   NaN | NaN | 0,00 | 0,00 | NaN
  47 |  0,00 | 5,890 | 520,93 | 520,93 | 556,22 |  0,00 | 0,146 | 44,35 | 44,35 |  0,00 | 5,656 | 206,02 | 206,02 |  0,00 | 7,664 | 202,44 | 202,44 |  0,00 | 77,417 | 68,13 | 68,13 | 169,745 |   NaN | NaN | 0,00 | 0,00 | NaN
  48 |  0,00 | 6,032 | 520,76 | 520,76 | 556,85 |  0,00 | 0,176 | 44,35 | 44,35 |  0,00 | 6,223 | 203,41 | 203,41 |  0,00 | 7,722 | 204,87 | 204,87 |  0,00 | 77,076 | 68,13 | 68,13 | 173,081 |   NaN | NaN | 0,00 | 0,00 | NaN
  49 |  0,00 | 5,743 | 521,15 | 521,15 | 559,04 |  0,00 | 0,188 | 44,35 | 44,35 |  0,00 | 5,853 | 204,70 | 204,70 |  0,00 | 6,708 | 203,96 | 203,96 |  0,00 | 77,176 | 68,13 | 68,13 | 168,224 |   NaN | NaN | 0,00 | 0,00 | NaN
  50 |  0,00 | 2,511 | 523,56 | 523,56 | 558,90 |  0,00 | 0,143 | 44,35 | 44,35 |  0,00 | 2,246 | 206,66 | 206,66 |  0,00 | 3,339 | 204,41 | 204,41 |  0,00 | 32,366 | 68,13 | 68,13 | 95,930 |   NaN | NaN | 0,00 | 0,00 | NaN
  51 |  0,00 | 6,063 | 523,75 | 523,75 | 558,97 |  0,00 | 0,141 | 44,35 | 44,35 |  0,00 | 5,816 | 204,33 | 204,33 |  0,00 | 8,827 | 206,94 | 206,94 |  0,00 | 74,263 | 68,13 | 68,13 | 170,774 |   NaN | NaN | 0,00 | 0,00 | NaN
  52 |  0,00 | 5,839 | 523,76 | 523,76 | 559,37 |  0,00 | 0,167 | 44,35 | 44,35 |  0,00 | 5,789 | 203,44 | 203,44 |  0,00 | 8,483 | 207,84 | 207,84 |  0,00 | 70,045 | 68,13 | 68,13 | 166,952 |   NaN | NaN | 0,00 | 0,00 | NaN
  53 |  0,00 | 4,386 | 525,14 | 525,14 | 560,53 |  0,00 | 0,154 | 44,35 | 44,35 |  0,00 | 4,078 | 205,99 | 205,99 |  0,00 | 6,882 | 206,67 | 206,67 |  0,00 | 50,904 | 68,13 | 68,13 | 136,555 |   NaN | NaN | 0,00 | 0,00 | NaN
  54 |  0,00 | 5,590 | 520,62 | 520,62 | 555,98 |  0,00 | 0,157 | 44,35 | 44,35 |  0,00 | 5,765 | 205,96 | 205,96 |  0,00 | 7,557 | 202,19 | 202,19 |  0,00 | 69,382 | 68,13 | 68,13 | 166,363 |   NaN | NaN | 0,00 | 0,00 | NaN
  55 |  0,00 | 1,114 | 525,22 | 525,22 | 560,74 |  0,00 | 0,142 | 44,35 | 44,35 |  0,00 | 0,731 | 205,55 | 205,55 |  0,00 | 1,214 | 207,19 | 207,19 |  0,00 | 16,276 | 68,13 | 68,13 | 57,207 |   NaN | NaN | 0,00 | 0,00 | NaN
  56 |  0,00 | 6,225 | 520,83 | 520,83 | 556,07 |  0,00 | 0,148 | 44,35 | 44,35 |  0,00 | 6,143 | 204,96 | 204,96 |  0,00 | 8,925 | 203,39 | 203,39 |  0,00 | 76,284 | 68,13 | 68,13 | 172,596 |   NaN | NaN | 0,00 | 0,00 | NaN
  57 |  0,00 | 6,002 | 523,87 | 523,87 | 559,09 |  0,00 | 0,145 | 44,35 | 44,35 |  0,00 | 6,236 | 205,07 | 205,07 |  0,00 | 7,446 | 206,31 | 206,31 |  0,00 | 78,128 | 68,13 | 68,13 | 171,449 |   NaN | NaN | 0,00 | 0,00 | NaN
  58 |  0,00 | 6,051 | 524,33 | 524,33 | 560,18 |  0,00 | 0,173 | 44,35 | 44,35 |  0,00 | 5,859 | 206,97 | 206,97 |  0,00 | 8,106 | 204,88 | 204,88 |  0,00 | 77,501 | 68,13 | 68,13 | 169,215 |   NaN | NaN | 0,00 | 0,00 | NaN
  59 |  0,00 | 0,671 | 528,23 | 528,23 | 567,06 |  0,00 | 0,193 | 44,35 | 44,35 |  0,00 | 0,466 | 205,80 | 205,80 |  0,00 | 0,558 | 209,95 | 209,95 |  0,00 | 9,159 | 68,13 | 68,13 | 39,796 |   NaN | NaN | 0,00 | 0,00 | NaN
  60 |  0,00 | 5,871 | 525,47 | 525,47 | 560,08 |  0,00 | 0,129 | 44,35 | 44,35 |  0,00 | 5,927 | 206,69 | 206,69 |  0,00 | 7,993 | 206,29 | 206,29 |  0,00 | 73,537 | 68,13 | 68,13 | 169,725 |   NaN | NaN | 0,00 | 0,00 | NaN
  61 |  0,00 | 3,942 | 527,45 | 527,45 | 562,81 |  0,00 | 0,150 | 44,35 | 44,35 |  0,00 | 3,866 | 207,64 | 207,64 |  0,00 | 5,619 | 207,34 | 207,34 |  0,00 | 47,649 | 68,13 | 68,13 | 128,907 |   NaN | NaN | 0,00 | 0,00 | NaN
  62 |  0,00 | 6,146 | 526,10 | 526,10 | 571,30 |  0,00 | 0,212 | 44,35 | 44,35 |  0,00 | 5,994 | 205,79 | 205,79 |  0,00 | 8,573 | 207,83 | 207,83 |  0,00 | 75,854 | 68,13 | 68,13 | 171,013 |   NaN | NaN | 0,00 | 0,00 | NaN
  63 |  0,00 | 1,331 | 527,06 | 527,06 | 562,89 |  0,00 | 0,167 | 44,35 | 44,35 |  0,00 | 1,036 | 208,31 | 208,31 |  0,00 | 1,336 | 206,27 | 206,27 |  0,00 | 19,233 | 68,13 | 68,13 | 63,954 |   NaN | NaN | 0,00 | 0,00 | NaN
  64 |  0,00 | 5,550 | 519,57 | 519,57 | 564,51 |  0,00 | 0,210 | 44,35 | 44,35 |  0,00 | 5,429 | 204,40 | 204,40 |  0,00 | 7,745 | 202,69 | 202,69 |  0,00 | 68,423 | 68,13 | 68,13 | 164,531 |   NaN | NaN | 0,00 | 0,00 | NaN

= = = = = = = = = = = = AVERAGE RESULTS system = = = = = = = = = = = =
meanPLR_system | 0,000000 
meanDelay_system | 2,794551 
meanLoad_system | 524,654929 
meanTHR_system | 524,654929 
meanGate_system | 562,287064 

meanPLR_EF_system | 0,000000 
meanPLR_AF_system | 0,000000 
meanPLR_BE_system | 0,000000 
meanPLR_FLA_system | 0,000000 
meanPLR_FLB_system | NaN 

meanTHR_EF_system | 44,352001 
meanTHR_AF_system | 206,208585 
meanTHR_BE_system | 205,965675 
meanTHR_FLA_system | 69,817798 
meanTHR_FLB_system | 0,000000 

meanLoad_EF_system | 44,352001 
meanLoad_AF_system | 206,208585 
meanLoad_BE_system | 205,965675 
meanLoad_FLA_system | 69,817798 
meanLoad_FLB_system | 0,000000 

meanDELAY_EF_system | 0,171924 
meanDELAY_AF_system | 2,593504 
meanDELAY_BE_system | 3,628818 
meanDELAY_FLA_system | 35,776008 
meanDELAY_FLB_system | NaN 
meanDELAY_CompleteFLA_system | 94,563392 
meanDELAY_CompleteFLB_system | NaN 

= = = = = = = = = = = = AVERAGE RESULTS = = = = = = = = = = = =
Packet Loss Ratio: 00,00 (%)
PROCESSED PACKAGES: 1187255520 
DISCARTED PACKAGES: 0 
TOTAL PACKAGES: 1187255520 
AVERAGE DELAY: 417,86 (ms) 
AVERAGE THROUGHPUT: 524,65 (Mbps) 
GRANTED THROUGHPUT: 35986,37 (Mbps) By 64 ONUs
EFFECTIVE THROUGHPUT: 33577,92 (Mbps) By 64 ONUs
TOTAL LOAD: 33577,92 (Mbps) By 64 ONUs
ON Arrival THROUGHPUT: 0,00 (Mbps) By 64 ONUs
FINISHTIMEFL: 121,000666 
FINISHTIME: 124,000666 


fileName | IPACT_STRICTPRIORITY_2_40_55_0 
