
ONU ID 	|  PLR(%) | Delay(ms) | Throughput(Mbps) | Granted Throughput(Mbps) | Total Load (Mbps) 

  ID |  PLR(%) |  D  | Thr |  Gates  |  Load  | PLR-EF | D-EF | ThrEF | LoadEF | PLR-AF | D-AF | ThrAF | LoadAF | PLR-BE | D-BE | ThrBE | LoadBE | PLR-FA | D-FA | ThrFA | LoadFA | DTFA |  PLR-FB | D-FB | ThrFB | LoadFB | DTFB | 
   1 |  0,00 | 4,213 | 653,38 | 653,38 | 679,70 |  0,00 | 0,273 | 44,35 | 44,35 |  0,00 | 1,701 | 285,04 | 285,04 |  0,00 | 3,673 | 277,68 | 277,68 |  0,00 | 120,318 | 46,30 | 46,30 | 261,080 |   NaN | NaN | 0,00 | 0,00 | NaN
   2 |  0,00 | 15,340 | 655,58 | 655,58 | 685,11 |  0,00 | 0,285 | 44,35 | 44,35 |  0,00 | 0,317 | 283,83 | 283,83 |  0,00 | 0,391 | 281,09 | 281,09 |  0,00 | 668,843 | 46,30 | 46,30 | 1358,099 |   NaN | NaN | 0,00 | 0,00 | NaN
   3 |  0,00 | 14,655 | 650,78 | 650,78 | 675,34 |  0,00 | 0,221 | 44,35 | 44,35 |  0,00 | 0,245 | 281,69 | 281,69 |  0,00 | 0,460 | 278,44 | 278,44 |  0,00 | 636,957 | 46,30 | 46,30 | 1294,073 |   NaN | NaN | 0,00 | 0,00 | NaN
   4 |  0,00 | 3,651 | 656,75 | 656,75 | 681,41 |  0,00 | 0,227 | 44,35 | 44,35 |  0,00 | 3,177 | 285,50 | 285,50 |  0,00 | 4,175 | 280,59 | 280,59 |  0,00 | 73,458 | 46,30 | 46,30 | 150,884 |   NaN | NaN | 0,00 | 0,00 | NaN
   5 |  0,00 | 21,460 | 651,82 | 651,82 | 676,57 |  0,00 | 0,252 | 44,35 | 44,35 |  0,00 | 0,267 | 280,87 | 280,87 |  0,00 | 0,393 | 280,30 | 280,30 |  0,00 | 939,287 | 46,30 | 46,30 | 1899,194 |   NaN | NaN | 0,00 | 0,00 | NaN
   6 |  0,00 | 17,145 | 656,46 | 656,46 | 681,00 |  0,00 | 0,201 | 44,35 | 44,35 |  0,00 | 0,220 | 284,07 | 284,07 |  0,00 | 0,449 | 281,73 | 281,73 |  0,00 | 751,900 | 46,30 | 46,30 | 1524,358 |   NaN | NaN | 0,00 | 0,00 | NaN
   7 |  0,00 | 6,464 | 652,76 | 652,76 | 677,36 |  0,00 | 0,219 | 44,35 | 44,35 |  0,00 | 0,243 | 282,00 | 282,00 |  0,00 | 0,761 | 280,11 | 280,11 |  0,00 | 271,018 | 46,30 | 46,30 | 562,101 |   NaN | NaN | 0,00 | 0,00 | NaN
   8 |  0,00 | 16,054 | 653,46 | 653,46 | 679,29 |  0,00 | 0,270 | 44,35 | 44,35 |  0,00 | 0,284 | 279,86 | 279,86 |  0,00 | 0,399 | 282,94 | 282,94 |  0,00 | 699,879 | 46,30 | 46,30 | 1420,372 |   NaN | NaN | 0,00 | 0,00 | NaN
   9 |  0,00 | 10,256 | 655,70 | 655,70 | 680,27 |  0,00 | 0,209 | 44,35 | 44,35 |  0,00 | 0,224 | 283,78 | 283,78 |  0,00 | 0,572 | 281,26 | 281,26 |  0,00 | 443,193 | 46,30 | 46,30 | 906,842 |   NaN | NaN | 0,00 | 0,00 | NaN
  10 |  0,00 | 4,124 | 652,77 | 652,77 | 678,65 |  0,00 | 0,270 | 44,35 | 44,35 |  0,00 | 2,249 | 281,45 | 281,45 |  0,00 | 4,212 | 280,67 | 280,67 |  0,00 | 103,689 | 46,30 | 46,30 | 226,499 |   NaN | NaN | 0,00 | 0,00 | NaN
  11 |  0,00 | 30,629 | 650,83 | 650,83 | 675,37 |  0,00 | 0,210 | 44,35 | 44,35 |  0,00 | 0,453 | 278,74 | 278,74 |  0,00 | 0,857 | 281,44 | 281,44 |  0,00 | 1338,300 | 46,30 | 46,30 | 2697,549 |   NaN | NaN | 0,00 | 0,00 | NaN
  12 |  0,00 | 18,101 | 652,35 | 652,35 | 678,62 |  0,00 | 0,272 | 44,35 | 44,35 |  0,00 | 0,282 | 280,49 | 280,49 |  0,00 | 0,393 | 281,20 | 281,20 |  0,00 | 790,092 | 46,30 | 46,30 | 1600,795 |   NaN | NaN | 0,00 | 0,00 | NaN
  13 |  0,00 | 15,449 | 648,28 | 648,28 | 672,85 |  0,00 | 0,237 | 44,35 | 44,35 |  0,00 | 0,266 | 279,65 | 279,65 |  0,00 | 0,416 | 277,97 | 277,97 |  0,00 | 670,519 | 46,30 | 46,30 | 1361,484 |   NaN | NaN | 0,00 | 0,00 | NaN
  14 |  0,00 | 21,090 | 654,82 | 654,82 | 682,29 |  0,00 | 0,278 | 44,35 | 44,35 |  0,00 | 0,292 | 281,83 | 281,83 |  0,00 | 0,369 | 282,33 | 282,33 |  0,00 | 924,902 | 46,30 | 46,30 | 1870,368 |   NaN | NaN | 0,00 | 0,00 | NaN
  15 |  0,00 | 6,644 | 651,04 | 651,04 | 677,28 |  0,00 | 0,272 | 44,35 | 44,35 |  0,00 | 0,287 | 277,32 | 277,32 |  0,00 | 0,695 | 283,06 | 283,06 |  0,00 | 277,769 | 46,30 | 46,30 | 575,904 |   NaN | NaN | 0,00 | 0,00 | NaN
  16 |  0,00 | 12,269 | 660,51 | 660,51 | 685,66 |  0,00 | 0,263 | 44,35 | 44,35 |  0,00 | 0,278 | 282,30 | 282,30 |  0,00 | 0,395 | 287,55 | 287,55 |  0,00 | 535,357 | 46,30 | 46,30 | 1091,101 |   NaN | NaN | 0,00 | 0,00 | NaN
  17 |  0,00 | 11,701 | 655,20 | 655,20 | 682,22 |  0,00 | 0,276 | 44,35 | 44,35 |  0,00 | 0,286 | 282,87 | 282,87 |  0,00 | 0,379 | 281,67 | 281,67 |  0,00 | 507,377 | 46,30 | 46,30 | 1035,234 |   NaN | NaN | 0,00 | 0,00 | NaN
  18 |  0,00 | 32,969 | 650,28 | 650,28 | 674,95 |  0,00 | 0,253 | 44,35 | 44,35 |  0,00 | 0,362 | 278,63 | 278,63 |  0,00 | 0,478 | 280,99 | 280,99 |  0,00 | 1445,892 | 46,30 | 46,30 | 2912,437 |   NaN | NaN | 0,00 | 0,00 | NaN
  19 |  0,00 | 26,360 | 646,74 | 646,74 | 671,34 |  0,00 | 0,244 | 44,35 | 44,35 |  0,00 | 0,452 | 277,34 | 277,34 |  0,00 | 0,562 | 278,75 | 278,75 |  0,00 | 1147,482 | 46,30 | 46,30 | 2315,453 |   NaN | NaN | 0,00 | 0,00 | NaN
  20 |  0,00 | 31,250 | 649,96 | 649,96 | 674,54 |  0,00 | 0,239 | 44,35 | 44,35 |  0,00 | 0,332 | 282,26 | 282,26 |  0,00 | 1,182 | 277,04 | 277,04 |  0,00 | 1361,987 | 46,30 | 46,30 | 2744,965 |   NaN | NaN | 0,00 | 0,00 | NaN
  21 |  0,00 | 4,974 | 644,04 | 644,04 | 668,63 |  0,00 | 0,244 | 44,35 | 44,35 |  0,00 | 0,297 | 277,27 | 277,27 |  0,00 | 1,487 | 276,11 | 276,11 |  0,00 | 194,004 | 46,30 | 46,30 | 408,068 |   NaN | NaN | 0,00 | 0,00 | NaN
  22 |  0,00 | 22,212 | 658,44 | 658,44 | 687,14 |  0,00 | 0,282 | 44,35 | 44,35 |  0,00 | 0,298 | 287,83 | 287,83 |  0,00 | 0,367 | 279,95 | 279,95 |  0,00 | 977,971 | 46,30 | 46,30 | 1976,553 |   NaN | NaN | 0,00 | 0,00 | NaN
  23 |  0,00 | 28,852 | 653,87 | 653,87 | 679,09 |  0,00 | 0,265 | 44,35 | 44,35 |  0,00 | 0,634 | 281,90 | 281,90 |  0,00 | 0,753 | 281,32 | 281,32 |  0,00 | 1260,944 | 46,30 | 46,30 | 2542,401 |   NaN | NaN | 0,00 | 0,00 | NaN
  24 |  0,00 | 15,372 | 653,77 | 653,77 | 678,34 |  0,00 | 0,226 | 44,35 | 44,35 |  0,00 | 0,237 | 280,77 | 280,77 |  0,00 | 0,468 | 282,34 | 282,34 |  0,00 | 670,412 | 46,30 | 46,30 | 1361,315 |   NaN | NaN | 0,00 | 0,00 | NaN
  25 |  0,00 | 7,678 | 658,89 | 658,89 | 688,00 |  0,00 | 0,284 | 44,35 | 44,35 |  0,00 | 0,292 | 281,04 | 281,04 |  0,00 | 0,482 | 287,19 | 287,19 |  0,00 | 328,025 | 46,30 | 46,30 | 676,362 |   NaN | NaN | 0,00 | 0,00 | NaN
  26 |  0,00 | 6,177 | 651,89 | 651,89 | 679,92 |  0,00 | 0,280 | 44,35 | 44,35 |  0,00 | 0,292 | 281,88 | 281,88 |  0,00 | 0,644 | 279,35 | 279,35 |  0,00 | 257,620 | 46,30 | 46,30 | 535,333 |   NaN | NaN | 0,00 | 0,00 | NaN
  27 |  0,00 | 33,273 | 649,39 | 649,39 | 673,94 |  0,00 | 0,206 | 44,35 | 44,35 |  0,00 | 0,240 | 281,52 | 281,52 |  0,00 | 0,530 | 277,21 | 277,21 |  0,00 | 1459,896 | 46,30 | 46,30 | 2940,597 |   NaN | NaN | 0,00 | 0,00 | NaN
  28 |  0,00 | 29,259 | 648,24 | 648,24 | 674,63 |  0,00 | 0,273 | 44,35 | 44,35 |  0,00 | 0,704 | 280,64 | 280,64 |  0,00 | 1,110 | 276,94 | 276,94 |  0,00 | 1267,454 | 46,30 | 46,30 | 2555,477 |   NaN | NaN | 0,00 | 0,00 | NaN
  29 |  0,00 | 30,153 | 656,43 | 656,43 | 681,12 |  0,00 | 0,252 | 44,35 | 44,35 |  0,00 | 0,538 | 282,63 | 282,63 |  0,00 | 1,172 | 283,15 | 283,15 |  0,00 | 1318,468 | 46,30 | 46,30 | 2657,811 |   NaN | NaN | 0,00 | 0,00 | NaN
  30 |  0,00 | 32,109 | 649,60 | 649,60 | 678,40 |  0,00 | 0,283 | 44,35 | 44,35 |  0,00 | 0,433 | 278,78 | 278,78 |  0,00 | 1,092 | 280,16 | 280,16 |  0,00 | 1398,246 | 46,30 | 46,30 | 2817,421 |   NaN | NaN | 0,00 | 0,00 | NaN
  31 |  0,00 | 29,021 | 651,84 | 651,84 | 676,50 |  0,00 | 0,249 | 44,35 | 44,35 |  0,00 | 0,443 | 282,69 | 282,69 |  0,00 | 1,083 | 278,50 | 278,50 |  0,00 | 1265,074 | 46,30 | 46,30 | 2550,570 |   NaN | NaN | 0,00 | 0,00 | NaN
  32 |  0,00 | 30,731 | 655,17 | 655,17 | 679,71 |  0,00 | 0,206 | 44,35 | 44,35 |  0,00 | 0,432 | 282,00 | 282,00 |  0,00 | 1,398 | 282,51 | 282,51 |  0,00 | 1342,252 | 46,30 | 46,30 | 2705,493 |   NaN | NaN | 0,00 | 0,00 | NaN
  33 |  0,00 | 31,654 | 650,89 | 650,89 | 676,88 |  0,00 | 0,271 | 44,35 | 44,35 |  0,00 | 0,538 | 279,75 | 279,75 |  0,00 | 1,244 | 280,49 | 280,49 |  0,00 | 1377,184 | 46,30 | 46,30 | 2775,401 |   NaN | NaN | 0,00 | 0,00 | NaN
  34 |  0,00 | 34,307 | 649,99 | 649,99 | 675,03 |  0,00 | 0,263 | 44,35 | 44,35 |  0,00 | 0,280 | 280,70 | 280,70 |  0,00 | 0,410 | 278,64 | 278,64 |  0,00 | 1506,152 | 46,30 | 46,30 | 3033,103 |   NaN | NaN | 0,00 | 0,00 | NaN
  35 |  0,00 | 35,170 | 658,23 | 658,23 | 682,78 |  0,00 | 0,212 | 44,35 | 44,35 |  0,00 | 0,228 | 283,98 | 283,98 |  0,00 | 0,430 | 283,60 | 283,60 |  0,00 | 1557,565 | 46,30 | 46,30 | 3135,846 |   NaN | NaN | 0,00 | 0,00 | NaN
  36 |  0,00 | 33,689 | 651,06 | 651,06 | 676,38 |  0,00 | 0,265 | 44,35 | 44,35 |  0,00 | 0,332 | 277,89 | 277,89 |  0,00 | 0,460 | 282,52 | 282,52 |  0,00 | 1479,075 | 46,30 | 46,30 | 2979,110 |   NaN | NaN | 0,00 | 0,00 | NaN
  37 |  0,00 | 30,629 | 657,69 | 657,69 | 682,32 |  0,00 | 0,248 | 44,35 | 44,35 |  0,00 | 0,571 | 285,04 | 285,04 |  0,00 | 0,939 | 281,99 | 281,99 |  0,00 | 1343,569 | 46,30 | 46,30 | 2708,191 |   NaN | NaN | 0,00 | 0,00 | NaN
  38 |  0,00 | 32,114 | 655,97 | 655,97 | 680,55 |  0,00 | 0,239 | 44,35 | 44,35 |  0,00 | 0,287 | 283,72 | 283,72 |  0,00 | 0,492 | 281,60 | 281,60 |  0,00 | 1416,015 | 46,30 | 46,30 | 2852,651 |   NaN | NaN | 0,00 | 0,00 | NaN
  39 |  0,00 | 31,522 | 644,58 | 644,58 | 673,32 |  0,00 | 0,282 | 44,35 | 44,35 |  0,00 | 0,375 | 277,78 | 277,78 |  0,00 | 0,686 | 276,14 | 276,14 |  0,00 | 1371,280 | 46,30 | 46,30 | 2763,656 |   NaN | NaN | 0,00 | 0,00 | NaN
  40 |  0,00 | 33,247 | 647,03 | 647,03 | 675,75 |  0,00 | 0,282 | 44,35 | 44,35 |  0,00 | 0,382 | 280,33 | 280,33 |  0,00 | 0,477 | 276,04 | 276,04 |  0,00 | 1453,008 | 46,30 | 46,30 | 2926,774 |   NaN | NaN | 0,00 | 0,00 | NaN
  41 |  0,00 | 29,715 | 656,95 | 656,95 | 682,39 |  0,00 | 0,265 | 44,35 | 44,35 |  0,00 | 0,678 | 279,14 | 279,14 |  0,00 | 1,434 | 287,16 | 287,16 |  0,00 | 1294,473 | 46,30 | 46,30 | 2609,604 |   NaN | NaN | 0,00 | 0,00 | NaN
  42 |  0,00 | 29,939 | 658,85 | 658,85 | 683,40 |  0,00 | 0,211 | 44,35 | 44,35 |  0,00 | 0,404 | 283,61 | 283,61 |  0,00 | 0,773 | 284,58 | 284,58 |  0,00 | 1318,652 | 46,30 | 46,30 | 2658,336 |   NaN | NaN | 0,00 | 0,00 | NaN
  43 |  0,00 | 30,946 | 659,95 | 659,95 | 688,31 |  0,00 | 0,290 | 44,35 | 44,35 |  0,00 | 0,326 | 285,63 | 285,63 |  0,00 | 0,578 | 283,67 | 283,67 |  0,00 | 1366,720 | 46,30 | 46,30 | 2754,483 |   NaN | NaN | 0,00 | 0,00 | NaN
  44 |  0,00 | 29,360 | 655,81 | 655,81 | 680,34 |  0,00 | 0,202 | 44,35 | 44,35 |  0,00 | 0,420 | 280,86 | 280,86 |  0,00 | 1,154 | 284,29 | 284,29 |  0,00 | 1285,000 | 46,30 | 46,30 | 2590,545 |   NaN | NaN | 0,00 | 0,00 | NaN
  45 |  0,00 | 30,166 | 650,71 | 650,71 | 680,62 |  0,00 | 0,286 | 44,35 | 44,35 |  0,00 | 0,542 | 283,85 | 283,85 |  0,00 | 1,074 | 276,20 | 276,20 |  0,00 | 1312,630 | 46,30 | 46,30 | 2646,054 |   NaN | NaN | 0,00 | 0,00 | NaN
  46 |  0,00 | 31,102 | 652,50 | 652,50 | 677,07 |  0,00 | 0,225 | 44,35 | 44,35 |  0,00 | 0,352 | 278,95 | 278,95 |  0,00 | 0,695 | 282,89 | 282,89 |  0,00 | 1363,861 | 46,30 | 46,30 | 2748,754 |   NaN | NaN | 0,00 | 0,00 | NaN
  47 |  0,00 | 28,819 | 650,04 | 650,04 | 674,57 |  0,00 | 0,223 | 44,35 | 44,35 |  0,00 | 0,465 | 280,11 | 280,11 |  0,00 | 1,207 | 279,28 | 279,28 |  0,00 | 1252,829 | 46,30 | 46,30 | 2526,130 |   NaN | NaN | 0,00 | 0,00 | NaN
  48 |  0,00 | 29,524 | 649,94 | 649,94 | 674,67 |  0,00 | 0,253 | 44,35 | 44,35 |  0,00 | 0,612 | 280,01 | 280,01 |  0,00 | 0,869 | 279,27 | 279,27 |  0,00 | 1285,529 | 46,30 | 46,30 | 2591,665 |   NaN | NaN | 0,00 | 0,00 | NaN
  49 |  0,00 | 28,830 | 650,04 | 650,04 | 675,37 |  0,00 | 0,265 | 44,35 | 44,35 |  0,00 | 0,483 | 280,41 | 280,41 |  0,00 | 0,909 | 278,97 | 278,97 |  0,00 | 1255,710 | 46,30 | 46,30 | 2531,842 |   NaN | NaN | 0,00 | 0,00 | NaN
  50 |  0,00 | 31,300 | 654,23 | 654,23 | 678,78 |  0,00 | 0,219 | 44,35 | 44,35 |  0,00 | 0,359 | 283,20 | 283,20 |  0,00 | 0,890 | 280,38 | 280,38 |  0,00 | 1373,105 | 46,30 | 46,30 | 2767,333 |   NaN | NaN | 0,00 | 0,00 | NaN
  51 |  0,00 | 29,505 | 653,55 | 653,55 | 678,10 |  0,00 | 0,217 | 44,35 | 44,35 |  0,00 | 0,446 | 280,62 | 280,62 |  0,00 | 1,032 | 282,27 | 282,27 |  0,00 | 1289,703 | 46,30 | 46,30 | 2600,125 |   NaN | NaN | 0,00 | 0,00 | NaN
  52 |  0,00 | 29,890 | 653,88 | 653,88 | 678,51 |  0,00 | 0,244 | 44,35 | 44,35 |  0,00 | 0,483 | 278,71 | 278,71 |  0,00 | 1,321 | 284,52 | 284,52 |  0,00 | 1302,777 | 46,30 | 46,30 | 2626,453 |   NaN | NaN | 0,00 | 0,00 | NaN
  53 |  0,00 | 30,707 | 653,97 | 653,97 | 678,53 |  0,00 | 0,231 | 44,35 | 44,35 |  0,00 | 0,356 | 283,18 | 283,18 |  0,00 | 0,667 | 280,13 | 280,13 |  0,00 | 1348,442 | 46,30 | 46,30 | 2717,912 |   NaN | NaN | 0,00 | 0,00 | NaN
  54 |  0,00 | 30,165 | 648,31 | 648,31 | 672,89 |  0,00 | 0,233 | 44,35 | 44,35 |  0,00 | 0,595 | 280,55 | 280,55 |  0,00 | 1,039 | 277,11 | 277,11 |  0,00 | 1310,399 | 46,30 | 46,30 | 2641,755 |   NaN | NaN | 0,00 | 0,00 | NaN
  55 |  0,00 | 32,398 | 648,65 | 648,65 | 673,20 |  0,00 | 0,218 | 44,35 | 44,35 |  0,00 | 0,313 | 278,02 | 278,02 |  0,00 | 0,707 | 279,97 | 279,97 |  0,00 | 1416,820 | 46,30 | 46,30 | 2854,448 |   NaN | NaN | 0,00 | 0,00 | NaN
  56 |  0,00 | 29,620 | 648,12 | 648,12 | 672,67 |  0,00 | 0,224 | 44,35 | 44,35 |  0,00 | 0,444 | 279,20 | 279,20 |  0,00 | 1,118 | 278,26 | 278,26 |  0,00 | 1287,059 | 46,30 | 46,30 | 2594,754 |   NaN | NaN | 0,00 | 0,00 | NaN
  57 |  0,00 | 29,027 | 651,58 | 651,58 | 676,15 |  0,00 | 0,221 | 44,35 | 44,35 |  0,00 | 0,555 | 280,02 | 280,02 |  0,00 | 0,931 | 280,90 | 280,90 |  0,00 | 1265,825 | 46,30 | 46,30 | 2552,087 |   NaN | NaN | 0,00 | 0,00 | NaN
  58 |  0,00 | 29,046 | 653,87 | 653,87 | 678,55 |  0,00 | 0,250 | 44,35 | 44,35 |  0,00 | 0,510 | 282,48 | 282,48 |  0,00 | 0,869 | 280,73 | 280,73 |  0,00 | 1270,120 | 46,30 | 46,30 | 2560,805 |   NaN | NaN | 0,00 | 0,00 | NaN
  59 |  0,00 | 33,986 | 657,08 | 657,08 | 682,82 |  0,00 | 0,269 | 44,35 | 44,35 |  0,00 | 0,290 | 280,06 | 280,06 |  0,00 | 0,410 | 286,36 | 286,36 |  0,00 | 1501,477 | 46,30 | 46,30 | 3023,911 |   NaN | NaN | 0,00 | 0,00 | NaN
  60 |  0,00 | 29,548 | 652,03 | 652,03 | 676,59 |  0,00 | 0,204 | 44,35 | 44,35 |  0,00 | 0,339 | 281,14 | 281,14 |  0,00 | 0,625 | 280,24 | 280,24 |  0,00 | 1295,909 | 46,30 | 46,30 | 2612,493 |   NaN | NaN | 0,00 | 0,00 | NaN
  61 |  0,00 | 30,841 | 656,44 | 656,44 | 680,98 |  0,00 | 0,226 | 44,35 | 44,35 |  0,00 | 0,340 | 282,83 | 282,83 |  0,00 | 0,944 | 282,96 | 282,96 |  0,00 | 1354,441 | 46,30 | 46,30 | 2729,935 |   NaN | NaN | 0,00 | 0,00 | NaN
  62 |  0,00 | 29,342 | 655,73 | 655,73 | 686,21 |  0,00 | 0,288 | 44,35 | 44,35 |  0,00 | 0,519 | 281,98 | 281,98 |  0,00 | 0,778 | 283,09 | 283,09 |  0,00 | 1285,547 | 46,30 | 46,30 | 2591,690 |   NaN | NaN | 0,00 | 0,00 | NaN
  63 |  0,00 | 31,956 | 654,14 | 654,14 | 678,71 |  0,00 | 0,243 | 44,35 | 44,35 |  0,00 | 0,394 | 283,16 | 283,16 |  0,00 | 0,853 | 280,32 | 280,32 |  0,00 | 1401,207 | 46,30 | 46,30 | 2823,349 |   NaN | NaN | 0,00 | 0,00 | NaN
  64 |  0,00 | 30,175 | 648,51 | 648,51 | 678,69 |  0,00 | 0,287 | 44,35 | 44,35 |  0,00 | 0,516 | 279,29 | 279,29 |  0,00 | 1,027 | 278,56 | 278,56 |  0,00 | 1311,183 | 46,30 | 46,30 | 2643,218 |   NaN | NaN | 0,00 | 0,00 | NaN

= = = = = = = = = = = = AVERAGE RESULTS system = = = = = = = = = = = =
meanPLR_system | 0,000000 
meanDelay_system | 24,654260 
meanLoad_system | 652,833751 
meanTHR_system | 652,833751 
meanGate_system | 678,536779 

meanPLR_EF_system | 0,000000 
meanPLR_AF_system | 0,000000 
meanPLR_BE_system | 0,000000 
meanPLR_FLA_system | 0,000000 
meanPLR_FLB_system | NaN 

meanTHR_EF_system | 44,352003 
meanTHR_AF_system | 281,322524 
meanTHR_BE_system | 280,854544 
meanTHR_FLA_system | 47,166433 
meanTHR_FLB_system | 0,000000 

meanLoad_EF_system | 44,352003 
meanLoad_AF_system | 281,322524 
meanLoad_BE_system | 280,854544 
meanLoad_FLA_system | 47,166433 
meanLoad_FLB_system | 0,000000 

meanDELAY_EF_system | 0,248086 
meanDELAY_AF_system | 0,481119 
meanDELAY_BE_system | 0,919342 
meanDELAY_FLA_system | 1073,466479 
meanDELAY_FLB_system | NaN 
meanDELAY_CompleteFLA_system | 2167,321956 
meanDELAY_CompleteFLB_system | NaN 

= = = = = = = = = = = = AVERAGE RESULTS = = = = = = = = = = = =
Packet Loss Ratio: 00,00 (%)
PROCESSED PACKAGES: 1800578771 
DISCARTED PACKAGES: 0 
TOTAL PACKAGES: 1800578771 
AVERAGE DELAY: 4223,65 (ms) 
AVERAGE THROUGHPUT: 652,83 (Mbps) 
GRANTED THROUGHPUT: 43426,35 (Mbps) By 64 ONUs
EFFECTIVE THROUGHPUT: 41781,36 (Mbps) By 64 ONUs
TOTAL LOAD: 41781,36 (Mbps) By 64 ONUs
ON Arrival THROUGHPUT: 0,00 (Mbps) By 64 ONUs
FINISHTIMEFL: 161,199384 
FINISHTIME: 164,199384 


fileName | IPACT_LEAKYBUCKET_3_36_75_0 
