
ONU ID 	|  PLR(%) | Delay(ms) | Throughput(Mbps) | Granted Throughput(Mbps) | Total Load (Mbps) 

  ID |  PLR(%) |  D  | Thr |  Gates  |  Load  | PLR-EF | D-EF | ThrEF | LoadEF | PLR-AF | D-AF | ThrAF | LoadAF | PLR-BE | D-BE | ThrBE | LoadBE | PLR-FA | D-FA | ThrFA | LoadFA | DTFA |  PLR-FB | D-FB | ThrFB | LoadFB | DTFB | 
   1 |  4,72 | 277,129 | 754,62 | 792,02 | 759,10 |  0,00 | 1,440 | 44,35 | 44,35 |  0,00 | 1,416 | 357,48 | 357,48 | 10,73 | 1037,794 | 311,30 | 348,71 |  0,00 | 305,109 | 41,48 | 41,48 | 617,429 |   NaN | NaN | 0,00 | 0,00 | NaN
   2 |  5,06 | 267,950 | 754,09 | 794,27 | 758,59 |  0,00 | 1,615 | 44,35 | 44,35 |  0,00 | 1,434 | 357,64 | 357,64 | 11,45 | 1003,807 | 310,61 | 350,80 |  0,00 | 307,033 | 41,48 | 41,48 | 620,946 |   NaN | NaN | 0,00 | 0,00 | NaN
   3 |  4,17 | 254,465 | 754,10 | 786,92 | 758,56 |  0,00 | 1,370 | 44,35 | 44,35 |  0,00 | 1,364 | 350,25 | 350,25 |  9,36 | 930,844 | 318,02 | 350,84 |  0,00 | 303,326 | 41,48 | 41,48 | 613,049 |   NaN | NaN | 0,00 | 0,00 | NaN
   4 |  5,21 | 272,815 | 754,32 | 795,82 | 758,78 |  0,00 | 1,424 | 44,35 | 44,35 |  0,00 | 1,371 | 356,51 | 356,51 | 11,74 | 1018,735 | 311,97 | 353,47 |  0,00 | 307,785 | 41,48 | 41,48 | 628,799 |   NaN | NaN | 0,00 | 0,00 | NaN
   5 |  4,45 | 256,542 | 753,17 | 788,23 | 757,63 |  0,00 | 1,459 | 44,35 | 44,35 |  0,00 | 1,396 | 352,01 | 352,01 | 10,01 | 946,318 | 315,33 | 350,39 |  0,00 | 290,590 | 41,48 | 41,48 | 582,791 |   NaN | NaN | 0,00 | 0,00 | NaN
   6 |  5,00 | 268,794 | 754,71 | 794,39 | 759,17 |  0,00 | 1,392 | 44,35 | 44,35 |  0,00 | 1,342 | 355,64 | 355,64 | 11,25 | 1000,298 | 313,23 | 352,92 |  0,00 | 299,552 | 41,48 | 41,48 | 605,692 |   NaN | NaN | 0,00 | 0,00 | NaN
   7 |  4,76 | 270,377 | 753,72 | 791,42 | 758,19 |  0,00 | 1,376 | 44,35 | 44,35 |  0,00 | 1,362 | 353,75 | 353,75 | 10,72 | 1002,779 | 314,13 | 351,83 |  0,00 | 300,868 | 41,48 | 41,48 | 623,743 |   NaN | NaN | 0,00 | 0,00 | NaN
   8 |  4,83 | 273,211 | 755,07 | 793,35 | 759,56 |  0,00 | 1,419 | 44,35 | 44,35 |  0,00 | 1,413 | 352,67 | 352,67 | 10,79 | 1006,618 | 316,57 | 354,85 |  0,00 | 300,064 | 41,48 | 41,48 | 603,046 |   NaN | NaN | 0,00 | 0,00 | NaN
   9 |  5,00 | 267,002 | 754,95 | 794,69 | 759,42 |  0,00 | 1,465 | 44,35 | 44,35 |  0,00 | 1,351 | 354,09 | 354,09 | 11,20 | 986,760 | 315,03 | 354,77 |  0,00 | 313,973 | 41,48 | 41,48 | 638,493 |   NaN | NaN | 0,00 | 0,00 | NaN
  10 |  4,39 | 260,923 | 754,60 | 789,24 | 759,07 |  0,00 | 1,430 | 44,35 | 44,35 |  0,00 | 1,412 | 352,27 | 352,27 |  9,87 | 959,084 | 316,50 | 351,14 |  0,00 | 313,977 | 41,48 | 41,48 | 622,956 |   NaN | NaN | 0,00 | 0,00 | NaN
  11 |  4,46 | 266,904 | 753,70 | 788,92 | 758,16 |  0,00 | 1,364 | 44,35 | 44,35 |  0,00 | 1,353 | 349,51 | 349,51 |  9,96 | 976,928 | 318,36 | 353,57 |  0,00 | 293,370 | 41,48 | 41,48 | 581,032 |   NaN | NaN | 0,00 | 0,00 | NaN
  12 |  4,77 | 269,379 | 755,16 | 792,98 | 759,62 |  0,00 | 1,437 | 44,35 | 44,35 |  0,00 | 1,415 | 352,89 | 352,89 | 10,68 | 993,446 | 316,44 | 354,26 |  0,00 | 289,347 | 41,48 | 41,48 | 584,464 |   NaN | NaN | 0,00 | 0,00 | NaN
  13 |  3,81 | 249,499 | 753,53 | 783,34 | 758,00 |  0,00 | 1,408 | 44,35 | 44,35 |  0,00 | 1,380 | 350,75 | 350,75 |  8,60 | 915,012 | 316,95 | 346,76 |  0,00 | 299,753 | 41,48 | 41,48 | 625,912 |   NaN | NaN | 0,00 | 0,00 | NaN
  14 |  5,08 | 269,770 | 753,14 | 793,48 | 757,62 |  0,00 | 1,436 | 44,35 | 44,35 |  0,00 | 1,421 | 353,97 | 353,97 | 11,41 | 1001,420 | 313,33 | 353,68 |  0,00 | 310,887 | 41,48 | 41,48 | 617,261 |   NaN | NaN | 0,00 | 0,00 | NaN
  15 |  4,39 | 278,119 | 753,63 | 788,23 | 758,12 |  0,00 | 1,469 | 44,35 | 44,35 |  0,00 | 1,415 | 347,22 | 347,22 |  9,74 | 1010,863 | 320,57 | 355,17 |  0,00 | 304,484 | 41,48 | 41,48 | 616,641 |   NaN | NaN | 0,00 | 0,00 | NaN
  16 |  5,87 | 283,162 | 753,82 | 800,83 | 758,28 |  0,00 | 1,531 | 44,35 | 44,35 |  0,00 | 1,409 | 354,53 | 354,53 | 13,04 | 1052,878 | 313,45 | 360,46 |  0,00 | 300,640 | 41,48 | 41,48 | 606,648 |   NaN | NaN | 0,00 | 0,00 | NaN
  17 |  5,02 | 269,777 | 753,22 | 793,04 | 757,71 |  0,00 | 1,436 | 44,35 | 44,35 |  0,00 | 1,420 | 355,06 | 355,06 | 11,31 | 1005,326 | 312,32 | 352,14 |  0,00 | 302,010 | 41,48 | 41,48 | 619,042 |   NaN | NaN | 0,00 | 0,00 | NaN
  18 |  4,33 | 264,409 | 753,79 | 787,95 | 758,25 |  0,00 | 1,442 | 44,35 | 44,35 |  0,00 | 1,396 | 350,88 | 350,88 |  9,72 | 970,798 | 317,08 | 351,24 |  0,00 | 301,368 | 41,48 | 41,48 | 618,979 |   NaN | NaN | 0,00 | 0,00 | NaN
  19 |  3,54 | 256,984 | 753,93 | 781,63 | 758,40 |  0,00 | 1,408 | 44,35 | 44,35 |  0,00 | 1,386 | 346,60 | 346,60 |  7,93 | 929,567 | 321,49 | 349,19 |  0,00 | 305,965 | 41,48 | 41,48 | 610,739 |   NaN | NaN | 0,00 | 0,00 | NaN
  20 |  3,98 | 263,206 | 753,60 | 784,87 | 758,06 |  0,00 | 1,397 | 44,35 | 44,35 |  0,00 | 1,382 | 352,66 | 352,66 |  9,03 | 972,355 | 315,11 | 346,38 |  0,00 | 296,268 | 41,48 | 41,48 | 605,538 |   NaN | NaN | 0,00 | 0,00 | NaN
  21 |  3,39 | 249,502 | 753,29 | 779,75 | 757,75 |  0,00 | 1,396 | 44,35 | 44,35 |  0,00 | 1,386 | 348,39 | 348,39 |  7,66 | 909,242 | 319,06 | 345,52 |  0,00 | 292,150 | 41,48 | 41,48 | 589,611 |   NaN | NaN | 0,00 | 0,00 | NaN
  22 |  5,24 | 275,100 | 754,41 | 796,15 | 758,91 |  0,00 | 1,501 | 44,35 | 44,35 |  0,00 | 1,432 | 358,85 | 358,85 | 11,88 | 1034,853 | 309,72 | 351,47 |  0,00 | 307,952 | 41,48 | 41,48 | 611,357 |   NaN | NaN | 0,00 | 0,00 | NaN
  23 |  4,71 | 273,112 | 754,37 | 791,64 | 758,83 |  0,00 | 1,484 | 44,35 | 44,35 |  0,00 | 1,408 | 353,14 | 353,14 | 10,57 | 1010,099 | 315,40 | 352,66 |  0,00 | 290,613 | 41,48 | 41,48 | 594,285 |   NaN | NaN | 0,00 | 0,00 | NaN
  24 |  5,10 | 266,770 | 754,49 | 795,07 | 758,93 |  0,00 | 1,388 | 44,35 | 44,35 |  0,00 | 1,369 | 353,35 | 353,35 | 11,40 | 987,354 | 315,31 | 355,89 |  0,00 | 277,979 | 41,48 | 41,48 | 563,332 |   NaN | NaN | 0,00 | 0,00 | NaN
  25 |  5,20 | 280,644 | 754,04 | 795,42 | 758,54 |  0,00 | 1,436 | 44,35 | 44,35 |  0,00 | 1,426 | 351,34 | 351,34 | 11,55 | 1032,685 | 316,87 | 358,25 |  0,00 | 296,849 | 41,48 | 41,48 | 600,379 |   NaN | NaN | 0,00 | 0,00 | NaN
  26 |  4,22 | 262,414 | 754,40 | 787,66 | 758,89 |  0,00 | 1,450 | 44,35 | 44,35 |  0,00 | 1,422 | 351,81 | 351,81 |  9,50 | 964,928 | 316,76 | 350,02 |  0,00 | 296,145 | 41,48 | 41,48 | 593,117 |   NaN | NaN | 0,00 | 0,00 | NaN
  27 |  4,28 | 273,488 | 754,40 | 788,16 | 758,85 |  0,00 | 1,439 | 44,35 | 44,35 |  0,00 | 1,351 | 354,29 | 354,29 |  9,70 | 1015,323 | 314,28 | 348,03 |  0,00 | 289,917 | 41,48 | 41,48 | 596,313 |   NaN | NaN | 0,00 | 0,00 | NaN
  28 |  3,70 | 257,068 | 753,38 | 782,35 | 757,86 |  0,00 | 1,434 | 44,35 | 44,35 |  0,00 | 1,416 | 351,58 | 351,58 |  8,40 | 945,484 | 315,97 | 344,94 |  0,00 | 312,344 | 41,48 | 41,48 | 608,118 |   NaN | NaN | 0,00 | 0,00 | NaN
  29 |  4,91 | 263,694 | 753,51 | 792,41 | 758,01 |  0,00 | 1,408 | 44,35 | 44,35 |  0,00 | 1,395 | 353,18 | 353,18 | 11,01 | 975,485 | 314,49 | 353,40 |  0,00 | 303,014 | 41,48 | 41,48 | 610,717 |   NaN | NaN | 0,00 | 0,00 | NaN
  30 |  4,24 | 266,040 | 754,20 | 787,63 | 758,70 |  0,00 | 1,444 | 44,35 | 44,35 |  0,00 | 1,426 | 350,73 | 350,73 |  9,52 | 975,659 | 317,64 | 351,07 |  0,00 | 302,382 | 41,48 | 41,48 | 614,926 |   NaN | NaN | 0,00 | 0,00 | NaN
  31 |  4,17 | 259,526 | 754,73 | 787,58 | 759,20 |  0,00 | 1,408 | 44,35 | 44,35 |  0,00 | 1,392 | 353,12 | 353,12 |  9,42 | 957,941 | 315,78 | 348,63 |  0,00 | 291,821 | 41,48 | 41,48 | 594,088 |   NaN | NaN | 0,00 | 0,00 | NaN
  32 |  4,74 | 270,082 | 755,14 | 792,73 | 759,58 |  0,00 | 1,778 | 44,35 | 44,35 |  0,00 | 1,383 | 353,07 | 353,07 | 10,63 | 995,488 | 316,23 | 353,83 |  0,00 | 293,656 | 41,48 | 41,48 | 604,886 |   NaN | NaN | 0,00 | 0,00 | NaN
  33 |  4,23 | 263,262 | 753,38 | 786,61 | 757,84 |  0,00 | 1,435 | 44,35 | 44,35 |  0,00 | 1,413 | 349,40 | 349,40 |  9,46 | 961,744 | 318,14 | 351,38 |  0,00 | 314,887 | 41,48 | 41,48 | 625,208 |   NaN | NaN | 0,00 | 0,00 | NaN
  34 |  4,35 | 267,292 | 754,40 | 788,70 | 758,88 |  0,00 | 1,425 | 44,35 | 44,35 |  0,00 | 1,405 | 351,88 | 351,88 |  9,77 | 982,772 | 316,69 | 350,99 |  0,00 | 310,811 | 41,48 | 41,48 | 615,284 |   NaN | NaN | 0,00 | 0,00 | NaN
  35 |  5,18 | 273,692 | 753,60 | 794,79 | 758,08 |  0,00 | 1,361 | 44,35 | 44,35 |  0,00 | 1,354 | 354,83 | 354,83 | 11,63 | 1018,186 | 312,93 | 354,12 |  0,00 | 310,321 | 41,48 | 41,48 | 621,765 |   NaN | NaN | 0,00 | 0,00 | NaN
  36 |  4,28 | 269,457 | 754,14 | 787,87 | 758,60 |  0,00 | 1,413 | 44,35 | 44,35 |  0,00 | 1,407 | 348,62 | 348,62 |  9,54 | 983,239 | 319,69 | 353,41 |  0,00 | 281,284 | 41,48 | 41,48 | 588,319 |   NaN | NaN | 0,00 | 0,00 | NaN
  37 |  5,24 | 273,180 | 754,80 | 796,50 | 759,27 |  0,00 | 1,433 | 44,35 | 44,35 |  0,00 | 1,395 | 357,81 | 357,81 | 11,82 | 1024,035 | 311,16 | 352,86 |  0,00 | 295,895 | 41,48 | 41,48 | 604,078 |   NaN | NaN | 0,00 | 0,00 | NaN
  38 |  5,07 | 271,575 | 754,75 | 795,08 | 759,22 |  0,00 | 1,389 | 44,35 | 44,35 |  0,00 | 1,381 | 354,24 | 354,24 | 11,36 | 1006,560 | 314,67 | 355,00 |  0,00 | 294,282 | 41,48 | 41,48 | 601,343 |   NaN | NaN | 0,00 | 0,00 | NaN
  39 |  3,23 | 254,449 | 754,83 | 780,01 | 759,33 |  0,00 | 1,443 | 44,35 | 44,35 |  0,00 | 1,427 | 349,04 | 349,04 |  7,30 | 925,788 | 319,96 | 345,14 |  0,00 | 298,627 | 41,48 | 41,48 | 604,012 |   NaN | NaN | 0,00 | 0,00 | NaN
  40 |  3,75 | 246,936 | 753,15 | 782,51 | 757,63 |  0,00 | 1,467 | 44,35 | 44,35 |  0,00 | 1,425 | 351,97 | 351,97 |  8,52 | 910,088 | 315,34 | 344,70 |  0,00 | 294,934 | 41,48 | 41,48 | 597,462 |   NaN | NaN | 0,00 | 0,00 | NaN
  41 |  5,13 | 267,481 | 752,46 | 793,18 | 756,94 |  0,00 | 1,442 | 44,35 | 44,35 |  0,00 | 1,410 | 349,29 | 349,29 | 11,37 | 979,063 | 317,33 | 358,06 |  0,00 | 315,816 | 41,48 | 41,48 | 619,455 |   NaN | NaN | 0,00 | 0,00 | NaN
  42 |  5,13 | 274,900 | 755,10 | 795,91 | 759,57 |  0,00 | 1,599 | 44,35 | 44,35 |  0,00 | 1,371 | 354,66 | 354,66 | 11,48 | 1018,992 | 314,60 | 355,41 |  0,00 | 300,103 | 41,48 | 41,48 | 604,866 |   NaN | NaN | 0,00 | 0,00 | NaN
  43 |  5,84 | 275,381 | 754,43 | 801,25 | 758,90 |  0,00 | 1,472 | 44,35 | 44,35 |  0,00 | 1,433 | 357,72 | 357,72 | 13,09 | 1032,565 | 310,87 | 357,70 |  0,00 | 300,420 | 41,48 | 41,48 | 595,022 |   NaN | NaN | 0,00 | 0,00 | NaN
  44 |  4,97 | 279,497 | 754,60 | 794,04 | 759,05 |  0,00 | 1,352 | 44,35 | 44,35 |  0,00 | 1,344 | 352,39 | 352,39 | 11,09 | 1031,311 | 316,37 | 355,81 |  0,00 | 293,088 | 41,48 | 41,48 | 590,328 |   NaN | NaN | 0,00 | 0,00 | NaN
  45 |  4,28 | 265,478 | 754,71 | 788,46 | 759,20 |  0,00 | 1,476 | 44,35 | 44,35 |  0,00 | 1,428 | 355,70 | 355,70 |  9,73 | 987,191 | 313,17 | 346,92 |  0,00 | 302,930 | 41,48 | 41,48 | 612,635 |   NaN | NaN | 0,00 | 0,00 | NaN
  46 |  4,61 | 265,234 | 754,61 | 791,12 | 759,07 |  0,00 | 1,527 | 44,35 | 44,35 |  0,00 | 1,372 | 350,91 | 350,91 | 10,30 | 972,374 | 317,87 | 354,37 |  0,00 | 297,582 | 41,48 | 41,48 | 607,184 |   NaN | NaN | 0,00 | 0,00 | NaN
  47 |  4,38 | 263,084 | 753,97 | 788,49 | 758,42 |  0,00 | 1,375 | 44,35 | 44,35 |  0,00 | 1,365 | 353,10 | 353,10 |  9,88 | 972,627 | 315,03 | 349,55 |  0,00 | 296,532 | 41,48 | 41,48 | 597,657 |   NaN | NaN | 0,00 | 0,00 | NaN
  48 |  4,39 | 267,676 | 753,30 | 787,89 | 757,76 |  0,00 | 1,465 | 44,35 | 44,35 |  0,00 | 1,402 | 351,16 | 351,16 |  9,86 | 986,409 | 316,30 | 350,90 |  0,00 | 280,324 | 41,48 | 41,48 | 564,594 |   NaN | NaN | 0,00 | 0,00 | NaN
  49 |  4,21 | 257,622 | 754,39 | 787,56 | 758,86 |  0,00 | 1,546 | 44,35 | 44,35 |  0,00 | 1,408 | 353,00 | 353,00 |  9,51 | 949,589 | 315,56 | 348,72 |  0,00 | 305,436 | 41,48 | 41,48 | 621,700 |   NaN | NaN | 0,00 | 0,00 | NaN
  50 |  4,87 | 266,934 | 754,02 | 792,61 | 758,47 |  0,00 | 1,389 | 44,35 | 44,35 |  0,00 | 1,363 | 355,59 | 355,59 | 10,99 | 994,250 | 312,59 | 351,18 |  0,00 | 302,533 | 41,48 | 41,48 | 590,716 |   NaN | NaN | 0,00 | 0,00 | NaN
  51 |  4,73 | 266,304 | 753,96 | 791,38 | 758,42 |  0,00 | 1,369 | 44,35 | 44,35 |  0,00 | 1,360 | 352,04 | 352,04 | 10,58 | 981,904 | 316,09 | 353,50 |  0,00 | 290,104 | 41,48 | 41,48 | 594,082 |   NaN | NaN | 0,00 | 0,00 | NaN
  52 |  4,55 | 261,966 | 752,78 | 788,64 | 757,25 |  0,00 | 1,490 | 44,35 | 44,35 |  0,00 | 1,387 | 347,66 | 347,66 | 10,10 | 953,588 | 319,29 | 355,14 |  0,00 | 304,029 | 41,48 | 41,48 | 615,068 |   NaN | NaN | 0,00 | 0,00 | NaN
  53 |  4,74 | 275,640 | 754,10 | 791,66 | 758,56 |  0,00 | 1,389 | 44,35 | 44,35 |  0,00 | 1,374 | 354,23 | 354,23 | 10,68 | 1024,698 | 314,03 | 351,59 |  0,00 | 280,129 | 41,48 | 41,48 | 579,962 |   NaN | NaN | 0,00 | 0,00 | NaN
  54 |  3,83 | 264,890 | 754,79 | 784,85 | 759,24 |  0,00 | 1,581 | 44,35 | 44,35 |  0,00 | 1,384 | 352,15 | 352,15 |  8,66 | 974,368 | 316,80 | 346,86 |  0,00 | 296,220 | 41,48 | 41,48 | 595,152 |   NaN | NaN | 0,00 | 0,00 | NaN
  55 |  4,16 | 268,521 | 755,02 | 787,76 | 759,49 |  0,00 | 1,367 | 44,35 | 44,35 |  0,00 | 1,361 | 349,47 | 349,47 |  9,29 | 980,396 | 319,72 | 352,46 |  0,00 | 287,862 | 41,48 | 41,48 | 586,120 |   NaN | NaN | 0,00 | 0,00 | NaN
  56 |  4,02 | 263,385 | 754,58 | 786,19 | 759,03 |  0,00 | 1,420 | 44,35 | 44,35 |  0,00 | 1,367 | 349,44 | 349,44 |  9,01 | 962,933 | 319,30 | 350,91 |  0,00 | 272,951 | 41,48 | 41,48 | 567,549 |   NaN | NaN | 0,00 | 0,00 | NaN
  57 |  4,52 | 252,393 | 754,46 | 790,19 | 758,94 |  0,00 | 1,394 | 44,35 | 44,35 |  0,00 | 1,364 | 350,79 | 350,79 | 10,10 | 924,042 | 317,84 | 353,56 |  0,00 | 297,923 | 41,48 | 41,48 | 600,118 |   NaN | NaN | 0,00 | 0,00 | NaN
  58 |  4,60 | 266,335 | 753,81 | 790,16 | 758,28 |  0,00 | 1,399 | 44,35 | 44,35 |  0,00 | 1,393 | 352,02 | 352,02 | 10,32 | 981,104 | 315,95 | 352,31 |  0,00 | 302,248 | 41,48 | 41,48 | 622,989 |   NaN | NaN | 0,00 | 0,00 | NaN
  59 |  5,13 | 270,495 | 755,23 | 796,04 | 759,67 |  0,00 | 1,442 | 44,35 | 44,35 |  0,00 | 1,412 | 351,98 | 351,98 | 11,39 | 994,326 | 317,42 | 358,23 |  0,00 | 292,138 | 41,48 | 41,48 | 592,316 |   NaN | NaN | 0,00 | 0,00 | NaN
  60 |  4,60 | 261,623 | 754,51 | 790,91 | 758,95 |  0,00 | 1,359 | 44,35 | 44,35 |  0,00 | 1,347 | 352,30 | 352,30 | 10,32 | 963,251 | 316,38 | 352,78 |  0,00 | 300,660 | 41,48 | 41,48 | 607,012 |   NaN | NaN | 0,00 | 0,00 | NaN
  61 |  5,09 | 274,671 | 754,36 | 794,78 | 758,82 |  0,00 | 1,595 | 44,35 | 44,35 |  0,00 | 1,381 | 354,23 | 354,23 | 11,40 | 1018,838 | 314,29 | 354,71 |  0,00 | 291,117 | 41,48 | 41,48 | 595,871 |   NaN | NaN | 0,00 | 0,00 | NaN
  62 |  5,06 | 277,031 | 753,79 | 793,94 | 758,31 |  0,00 | 1,455 | 44,35 | 44,35 |  0,00 | 1,432 | 354,77 | 354,77 | 11,36 | 1029,719 | 313,19 | 353,34 |  0,00 | 312,082 | 41,48 | 41,48 | 620,007 |   NaN | NaN | 0,00 | 0,00 | NaN
  63 |  4,74 | 263,654 | 753,95 | 791,48 | 758,42 |  0,00 | 1,392 | 44,35 | 44,35 |  0,00 | 1,386 | 354,55 | 354,55 | 10,69 | 979,683 | 313,56 | 351,10 |  0,00 | 291,690 | 41,48 | 41,48 | 597,385 |   NaN | NaN | 0,00 | 0,00 | NaN
  64 |  3,94 | 255,180 | 754,22 | 785,12 | 758,69 |  0,00 | 1,457 | 44,35 | 44,35 |  0,00 | 1,429 | 350,91 | 350,91 |  8,87 | 935,423 | 317,47 | 348,37 |  0,00 | 296,429 | 41,48 | 41,48 | 598,362 |   NaN | NaN | 0,00 | 0,00 | NaN

= = = = = = = = = = = = AVERAGE RESULTS system = = = = = = = = = = = =
meanPLR_system | 4,587819 
meanDelay_system | 266,610524 
meanLoad_system | 790,434550 
meanTHR_system | 754,146623 
meanGate_system | 758,617363 

meanPLR_EF_system | 0,000000 
meanPLR_AF_system | 0,000000 
meanPLR_BE_system | 10,300244 
meanPLR_FLA_system | 0,000000 
meanPLR_FLB_system | NaN 

meanTHR_EF_system | 44,352003 
meanTHR_AF_system | 352,610702 
meanTHR_BE_system | 315,701890 
meanTHR_FLA_system | 42,172287 
meanTHR_FLB_system | 0,000000 

meanLoad_EF_system | 44,352003 
meanLoad_AF_system | 352,610702 
meanLoad_BE_system | 351,989817 
meanLoad_FLA_system | 42,172287 
meanLoad_FLB_system | 0,000000 

meanDELAY_EF_system | 1,443780 
meanDELAY_AF_system | 1,392583 
meanDELAY_BE_system | 983,862896 
meanDELAY_FLA_system | 298,634045 
meanDELAY_FLB_system | NaN 
meanDELAY_CompleteFLA_system | 604,030484 
meanDELAY_CompleteFLB_system | NaN 

= = = = = = = = = = = = AVERAGE RESULTS = = = = = = = = = = = =
Packet Loss Ratio: 04,59 (%)
PROCESSED PACKAGES: 2201127525 
DISCARTED PACKAGES: 66427918 
TOTAL PACKAGES: 2267555443 
AVERAGE DELAY: 50027,40 (ms) 
AVERAGE THROUGHPUT: 754,15 (Mbps) 
GRANTED THROUGHPUT: 48551,51 (Mbps) By 64 ONUs
EFFECTIVE THROUGHPUT: 48265,38 (Mbps) By 64 ONUs
TOTAL LOAD: 50587,81 (Mbps) By 64 ONUs
ON Arrival THROUGHPUT: 0,00 (Mbps) By 64 ONUs
FINISHTIMEFL: 180,289014 
FINISHTIME: 183,289014 


fileName | IPACT_STRICTPRIORITYFIRSTAF_3_36_94_0 
